statistic,pvalue
0.03368314930090166,0.22650090967332773
0.01970114697081382,0.8545667904701315
0.021956333611224177,0.7495259698950945
0.032076028798513234,0.27718038376454884
0.02369450654015204,0.6603573576929072
0.026498632532982458,0.5171579011041985
0.025938016855135915,0.5450157660534165
0.027841890131159452,0.4501610155603864
0.017608739830256348,0.9299225087710334
0.021659978040198036,0.7642608020073196
0.02272373983553,0.7105813549238522
0.03332551488230151,0.23711195968509674
0.027709978236146182,0.45651335415315203
0.02857076607927944,0.4161250744551139
0.04275022003562523,0.060303271234554326
0.03827460644509506,0.12050916440675256
0.023192179411986646,0.6864253636451417
0.02779902326650996,0.45221883611160324
0.02865939294580011,0.4121092367063912
0.02678516422439492,0.5027032414543124
0.035597198985241385,0.1758171577041336
0.03961069881621687,0.09879322440567023
0.025000887279594153,0.5926621777845089
0.02365249101434652,0.6625410949175109
0.018575200606051584,0.8984394747845971
0.020982289306984148,0.7970779380263853
0.02363583942252312,0.6634064572936753
0.024568109338951843,0.6149926947022155
0.039664639199568086,0.09798991515788297
0.02657788165490227,0.5134518994515566
0.04517866021199379,0.04011712566028379
0.03970907282395242,0.09733228466361782
0.01880141424254289,0.8902095090769059
0.022074956313133665,0.7435739306881567
0.024455819413538582,0.620808819398598
0.026435926821598787,0.5202453863405214
0.0411916208009932,0.07741216598428763
0.02559630902666865,0.5622521193114968
0.02675215695532185,0.5044051676954362
0.029653367308496326,0.36888422576840274
0.02864422254324095,0.4127947493065528
0.026358350884877257,0.5240753795311125
0.05054880852213872,0.015039965619168526
0.023068441868241696,0.6928253269354212
0.0284006684522764,0.4239069704808028
0.024698709229558302,0.6082383797965124
0.024408555845759294,0.6232589774679462
0.04153065258253108,0.07337645391825996
0.020012790473469044,0.841236660762525
0.036137302369181556,0.1632765730015151
0.03907488344603227,0.10707493562177228
0.022899523682963552,0.7015414857317179
0.023728335919345978,0.6585988780949246
0.0328747349604942,0.2510235852102035
0.022818553340904824,0.705709702052894
0.02745711882602786,0.4688549651916636
0.024733847828288857,0.6064231895895356
0.01909006091298121,0.8792655806490953
0.017016063548421355,0.9461068488784581
0.02652183650632134,0.5160173115298303
0.0427452919113068,0.06035179182189115
0.04292976188567099,0.05855821957461042
0.03491361731263909,0.19277231803747877
0.027055701900501106,0.4888920703562868
0.026481211062093002,0.5180149369037371
0.028714770377146093,0.40961347406447673
0.021029641268145605,0.794830508533509
0.020646436375349575,0.8127935384138366
0.029602110198159226,0.371032160108707
0.021446818832011078,0.7747254373275793
0.014897266802697873,0.9843031063300937
0.01621511749796828,0.9640835525831101
0.026115200270372174,0.536151321515497
0.032703112197629336,0.25647994506515925
0.027664805098949752,0.45870227185184304
0.028241215590194213,0.43129087467302113
0.021333119812366963,0.7802566239654545
0.04187647829828223,0.06944522973648816
0.019071641520090776,0.8799783566360891
0.018413498786388094,0.9041289514106624
0.02726757557110837,0.4782482679238053
0.026645566514794716,0.509926221007987
0.028819008717791916,0.4049437528781812
0.022646126628912078,0.7145612111639924
0.027318089287995728,0.4757330439608622
0.030387254376943673,0.3390879443948831
0.03716364364781821,0.1414248036395156
0.024699193981515405,0.6082133321312857
0.02424473669583771,0.6317594881696044
0.024144574877370206,0.6369618060268158
0.02013345421640278,0.8359531543311153
0.03597367161028231,0.16699796787179205
0.042038420367565554,0.06766684339197435
0.03175372064786691,0.28829392208936105
0.020846100735143425,0.8034991831026996
0.021458628086925946,0.7741488617115255
0.02007758097646163,0.8384078814597815
0.023130569375406917,0.6896133997125873
0.01941452300063684,0.8663997934491097
0.04244133883590584,0.06340977299403511
0.026547019925411364,0.515064578019275
0.026187762743136056,0.5325364961120845
0.018994662019195807,0.882936215990983
0.03627357169328316,0.16022835475275948
0.033685464406234544,0.22643343165450014
0.028223396147241342,0.432121406381159
0.023139010993997178,0.6891767475081167
0.023271342273531698,0.6823252739746917
0.03941803096347085,0.10170748804735888
0.025270798303958397,0.5788244653196959
0.0503810730768825,0.015533797552376232
0.058061622889040154,0.0031697830559955916
0.02452282218138263,0.6173374709226438
0.023294017391928157,0.681150144462701
0.02489660573193353,0.5980284538232167
0.016720451674266834,0.9532629060834363
0.03799593490010034,0.12550077171495053
0.0412516315596399,0.07668443561453579
0.02508178733342803,0.5885064264454387
0.03752777827060666,0.1342668781817427
0.02586404830068756,0.5487316534612077
0.019253332949191404,0.8728638879913831
0.031605604552783384,0.2935105991279052
0.02832150848683057,0.4275619209609254
0.022760108686646463,0.7087138992619122
0.02091028856752375,0.8004807381776523
0.040358585929504476,0.08813240683983788
0.031668519412556106,0.29128626149202413
0.02926571697879371,0.3853469334289116
0.026100615272122096,0.5368790025622048
0.03696594951354165,0.14543875582892085
0.03447742489927019,0.2042464032328878
0.03250274976898315,0.2629629695343178
0.02350083216661336,0.6704199324080279
0.015657059876152596,0.9740061478331224
0.018218414802799038,0.9107724861051064
0.051484910256264005,0.01253395284842621
0.030052022675474965,0.3524772150313927
0.028616921623178415,0.41403037058711223
0.019898589340775708,0.8461754048581898
0.03805118367567417,0.12449790570368867
0.036436044027588266,0.15665381390617594
0.019646022246374628,0.856875270176312
0.021317828469499478,0.7809976792780396
0.02499944038222998,0.5927365632066731
0.047489572553481296,0.026657871793392404
0.019935800791929248,0.8445728743347041
0.026433404962259655,0.5203697141536876
0.0370396837210652,0.14393101974928202
0.02318261868953364,0.6869202635849149
0.024731626081181957,0.6065379326995757
0.03025767026300691,0.34421963831092506
0.01395325367589939,0.992608269000504
0.030735287256374533,0.3255779551824808
0.026362429283459332,0.5238737443283139
0.023689901264373175,0.6605967301716444
0.040060328728564465,0.09226215431195695
0.02149655082662448,0.77229473483349
0.03374640214406899,0.22466285171005354
0.026536051730288612,0.5153190803307132
0.017327297683118914,0.937911994108916
0.026197051335725252,0.5320744360928273
0.02881188800361284,0.4052615821031052
0.025131853556439432,0.5859379775702682
0.016060036936009103,0.9670510859251924
0.019021392725576985,0.8819129762676379
0.03593527807151031,0.1678808749974937
0.037469802172214406,0.1353863721227577
0.018856996033651097,0.8881401271877245
0.03045186864747479,0.33654976193107206
0.025827115705569836,0.5505902465570292
0.021711629364188523,0.7617075422723074
0.024540691520242297,0.6164121215138583
0.0254028433224206,0.5720853342656682
0.019318262644396234,0.8702770063943905
0.028193148185285177,0.4335336732736155
0.03763029861130823,0.13230572027347176
0.012947140379374722,0.9972864546045695
0.013966851928680551,0.9925189754066631
0.01711878945283174,0.9434768303607659
0.03957793292996514,0.099283866393917
0.02879773927566176,0.4058936110943522
0.024158478287808594,0.6362394948420804
0.03465811612810493,0.19943020569251566
0.019660436200958836,0.8562731269006773
0.024041598156043453,0.6423130967160136
0.03473607206293183,0.1973799988058904
0.024628738842667697,0.6118556169784795
0.026703582321159436,0.5069164461073543
0.02241660850644961,0.7262827426631121
0.023863679875291033,0.6515624750574642
0.03078741894575243,0.3235883457661762
0.03554563583169307,0.1770533580573963
0.028416202150997272,0.423192244898893
0.026859445950114802,0.49888652890167934
0.015981381293587338,0.9684937752656508
0.03289610992246561,0.2503502315401866
0.028986134289052223,0.3975333374251211
0.04011672785391085,0.09146904455669255
0.02821719159873884,0.4324108417251967
0.028835278504033723,0.40421820232257993
0.017885012744021656,0.9215527116362944
0.0179001516599695,0.9210791819795686
0.042886919211414354,0.05897064231717101
0.0241504475637615,0.6366567013048954
0.019769884523203107,0.8516670180308321
0.03492260216163057,0.192541408686874
0.026768454368924388,0.5035643795979421
0.033466586501002094,0.23288177348004457
0.020076159708910635,0.8384701397602639
0.021825950887938983,0.7560335199536646
0.022411424822348813,0.7265465765772242
0.020851378694939582,0.8032515323640803
0.021768628524410083,0.7588824051581129
0.026097977556321483,0.5370106436935842
0.03414595347443922,0.21331704832446202
0.02913016318781625,0.39122257933939214
0.018434168806934825,0.9034108252195316
0.022618493475160095,0.7159763315658123
0.026259051524311683,0.5289941824009418
0.020961260185252018,0.7980736138895903
0.020710018203203506,0.8098497711924622
0.021256684589247732,0.7839539579194384
0.053012770433100154,0.009242130259640165
0.032983169191561135,0.24762185392963273
0.0199412584668075,0.8443372873371578
0.04350850297241149,0.05322509699931711
0.024439510726103342,0.6216541346588049
0.037669236660094474,0.13156700635151955
0.021801829634939207,0.7572332603290404
0.014088321808984006,0.9916854091657747
0.023314541647524,0.6800862273521338
0.03503791601662215,0.18959712724121186
0.03157911036202721,0.29445104228767305
0.028807054546063915,0.40547741843287816
0.02678513074616029,0.5027049658071587
0.025928708983103954,0.5454828735645524
0.02709995890222716,0.4866562161092341
0.03780285003478112,0.1290577122675619
0.022874544164887184,0.7028281201531033
0.024991000935647767,0.5931704785831435
0.027453267362411715,0.469044623479519
0.018777865043001607,0.8910807159715861
0.023562919217094414,0.6671952415604852
0.04681150053007965,0.03011793254736343
0.022459747019098253,0.7240855075841608
0.033068455624323506,0.24497102040254315
0.025268785403409044,0.5789273607659183
0.03484868998420476,0.19444741724076037
0.03083790474174769,0.32166997187418866
0.017182724833090468,0.9418026949195235
0.02167441996277726,0.7635475632633694
0.03778807175902571,0.12933331369741455
0.015460636588517596,0.9770107972728459
0.042924570626548864,0.05860806079285111
0.022062542576703814,0.7441981442720655
0.015748659659636566,0.9725196545616376
0.02402755479817842,0.6430430369975044
0.028971515900352074,0.39817776249793735
0.01967756668127585,0.8555561393692982
0.023139297402788778,0.6891619317613855
0.0356102621722848,0.17550506522972795
0.015471946644359691,0.9768444747691498
0.02579583918659023,0.5521658631468851
0.025909692568949927,0.5464376307358423
0.024283111230489596,0.6297672464087174
0.03019907546766165,0.34655822610537
0.031962666063063305,0.2810522070619912
0.026684015047255816,0.5079303034994579
0.025140743005704513,0.5854822205952541
0.023559663999972114,0.6673643421961015
0.04686238530509679,0.02984518607213399
0.025304384699728788,0.5771083079449464
0.014308919089481065,0.9899992561032963
0.027114708150422828,0.48591255715202963
0.02389169489598053,0.6501059257553639
0.0321741987406301,0.2738597633972011
0.018417701897301963,0.9039831439731938
0.02339197846209984,0.6760701076065938
0.029156240072248096,0.39008746397260813
0.0434913104543142,0.053377278486739184
0.019882850480682224,0.8468512310036348
0.03753579255831052,0.13411272068563831
0.023565967786466357,0.6670368729307836
0.028019856013263844,0.4416844269722755
0.03949606142506401,0.1005187058215888
0.03405209995607178,0.215941343652969
0.031416949780255776,0.30025567851376156
0.024070788699086743,0.6407959524801565
0.021097508125605013,0.7915965047781616
0.02269569529657156,0.712020290894953
0.02892461588437034,0.4002501288309068
0.020538455056788807,0.8177575504979093
0.022177954966767333,0.738383201918428
0.019824342684115703,0.8493531545452363
0.02915895979341765,0.38996920744454944
0.027450735141041238,0.4691693454727195
0.035983748663788895,0.1667668488020614
0.013935890229597958,0.9927211315961528
0.019263313523100623,0.8724677519493403
0.023472732297299514,0.6718789490473545
0.05957138172445797,0.0022586722710027677
0.021762074679624432,0.7592076378006332
0.0554853850128838,0.005539197972649014
0.024448304290176193,0.6211983271472442
0.030782667337184766,0.3237693251412888
0.023651544978170472,0.6625902608037962
0.02316642475323616,0.6877583790559059
0.023339672917029597,0.6787831796830126
0.019668895046013213,0.8559192707069325
0.050236612940272096,0.015970707789563835
0.04245336142618794,0.06328634747601743
0.04200005298366505,0.0680846332491778
0.04076925477983229,0.08270110161659046
0.02838126913958766,0.42480070582254004
0.016896567900967607,0.9490732628609382
0.026012893483521426,0.5412633014028371
0.03421518515443467,0.2113971398251988
0.02137735428174503,0.7781090951107971
0.038727827160940254,0.11274028101640651
0.016894517040228707,0.9491233012535113
0.032612180550537384,0.2594070351992954
0.025052184493623675,0.5900263209900887
0.025744408690541176,0.5547600321377678
0.025546835260942813,0.5647618864509786
0.028215420713853412,0.4324934754929952
0.014642506170760516,0.9869951700050913
0.022812172509722173,0.7060378785726393
0.024747306256700408,0.6057282050995498
0.02062080357559226,0.8139759787935757
0.030471768379929154,0.3357708184863813
0.020838207792316377,0.8038693489570845
0.022550847646953837,0.7194362138008145
0.02229573731612053,0.7324234354735579
0.02454924733028685,0.6159691348747511
0.04020402491103292,0.09025270138054303
0.037585356315104845,0.13316254634567637
0.018357425655158743,0.9060634313064141
0.02589025069212425,0.5474143491781811
0.025791342979212872,0.552392492399868
0.027146934790171662,0.4842902435499611
0.04000739285582011,0.0930117927899155
0.03230036903128819,0.26963585901672493
0.022758292997599017,0.7088071676142008
0.019219641824267303,0.8741970542561296
0.018618405969918816,0.8968917470625137
0.032965191757451606,0.2481833938618386
0.03031094301150461,0.3421032809429983
0.032309073879754235,0.26934625226327263
0.02644960626091203,0.519571200107086
0.028610763967296893,0.4143094104152623
0.020587069383686596,0.815528291576872
0.019479755404867072,0.8637442179106801
0.016794657543780067,0.9515240980153229
0.030392685108344253,0.3388740863298445
0.016751629987364625,0.9525370247128625
0.041776817095753926,0.07055932342781146
0.022431690962379625,0.7255148526051994
0.04542719617105462,0.03842938935525217
0.0339621470576601,0.21847999372911475
0.04240361500039677,0.06379838773889035
0.04017792023785216,0.09061499824772097
0.02756610211298463,0.46350911455011445
0.018469947663843578,0.9021614134720736
0.030145674186228044,0.3486994036117857
0.03452717756456458,0.20291130973649843
0.03458484424911512,0.20137238925820608
0.02122495002382241,0.7854838888277086
0.032813536672607835,0.25295905318926765
0.014118191312194328,0.9914703371947017
0.046337120463417814,0.03276811510713477
0.045165664542701434,0.0402071267176398
0.02186852828188468,0.7539125737305818
0.036433336812046246,0.156712845820106
0.047056176707203856,0.028826269387629798
0.03643316668992097,0.15671655599765028
0.03204012479028784,0.2784023256544003
0.02547546860840766,0.5683881675467382
0.0268061036872711,0.5016254582673199
0.02756423371248884,0.46360042427169956
0.027104111184527047,0.4864467831820689
0.03937583166738806,0.10235524638457036
0.023886413221322123,0.650380528051028
0.03279975235131849,0.25339655546358814
0.02262729645884866,0.7155256310918674
0.033170064769156515,0.24184113356009546
0.02611668073232276,0.5360774781661382
0.02866471419691774,0.41186896704073533
0.02968251446110559,0.3676667232005925
0.021403589818858176,0.7768327440366368
0.028856767041650633,0.4032612914814599
0.03328593194564233,0.23830940041331833
0.02206325019757449,0.7441625704239522
0.03820510555790002,0.12173854560745802
0.03580971185257642,0.1707944631543647
0.03214252238847248,0.27492795437592704
0.030494837491568894,0.3348694395524852
0.04319707198203315,0.056040476441560454
0.02406255650808653,0.6412237948882249
0.029965208130489196,0.35600516825358314
0.02829079322337852,0.42898581509329686
0.0166462285745394,0.9549635766410463
0.0341137721074245,0.21421408732029057
0.04131334899004846,0.07594205792139647
0.023839757777183612,0.652806228225788
0.022569919947413863,0.7184613580282477
0.0262530032458691,0.5292943654766389
0.04010782850891367,0.09159381030691703
0.023459919087622495,0.6725441430970097
0.043813250665729,0.05058901082973112
0.01526774941804293,0.9797240072289485
0.023849983899057348,0.6522745543610873
0.02989980505064943,0.3586795178071316
0.038707502767686475,0.1130795899074197
0.02576170209722639,0.553887299906409
0.04498452241954087,0.0414800681041231
0.03896835035573176,0.1087883222606081
0.02328746636142809,0.6814896800786183
0.0308308924299886,0.32193593272700427
0.028230537298481795,0.4317884411010654
0.017137147008851716,0.9429990633191628
0.031266032552310086,0.30573313110208694
0.047789826723885126,0.02524142395297977
0.03250826582176425,0.2627828518435581
0.02201056467700413,0.7468084440680438
0.03681201971539594,0.14862753620426952
0.031951539801806816,0.2814343775141596
0.026889201522661416,0.49736285421347304
0.019934556842446716,0.8446265512814375
0.015507906508067854,0.9763102700098351
0.0260525458853636,0.5392798784635046
0.033814197635011145,0.22270558304233257
0.029318406592025004,0.3830797401793598
0.036020201304327926,0.16593293333259085
0.028707358774835545,0.4099469008931508
0.022157284049544562,0.739426553491245
0.025761861768094807,0.553879244031156
0.025875990462027043,0.5481311358741667
0.027918738755312367,0.4464875052603101
0.028509672224305338,0.4189088193410282
0.018262949187095534,0.9092774001058066
0.03202046105819234,0.27907325430103697
0.03350974204518675,0.23159934182276104
0.02909908164214081,0.3925785346618478
0.01679633909348177,0.9514842488436274
0.029775457885345608,0.36380331427461754
0.027248341756884398,0.4792082446507858
0.017428214377719492,0.9351100915726248
0.0243755880801918,0.6249687048185508
0.025898361481188487,0.5470068069521928
0.03017307899460192,0.34759940418401625
0.03219281302347976,0.27323350246395783
0.02397643741802763,0.6457002396572427
0.05892867395923962,0.002611971152757425
0.031147221074033338,0.3100966294965547
0.027739629708948388,0.45508031865919385
0.027840319012314874,0.4502363269732763
0.018260433015152122,0.9093622132179252
0.03883494958246059,0.11096577786472914
0.022289771830136584,0.7327258745914026
0.019996702336400163,0.8419360893292656
0.013095226352252576,0.9968065343170518
0.02648137475157425,0.5180068816030288
0.021694543444542413,0.7625528702008145
0.036216000672324,0.16151055291636623
0.03325336126022432,0.23929817442924006
0.028320329416807177,0.4276165211211543
0.0246924275903051,0.6085629747932864
0.023430606986638014,0.6740656209674087
0.028731012584711224,0.4088834328218047
0.031029202456856253,0.3144759432663907
0.0415660673845335,0.07296537685965226
0.03493986542853966,0.19209835552178645
0.023847300790239445,0.6524140540126893
0.027598505273104146,0.46192743696661065
0.024583964719864904,0.6141720754799367
0.020756933065577576,0.807668003599852
0.026348805744744852,0.5245474102467665
0.02837556897996185,0.4250635571756045
0.02526180972030123,0.5792839807380397
0.02957633662445852,0.37211552027606265
0.03461123681156408,0.20067111640094845
0.0294706960016215,0.37657920429938735
0.02538486267990514,0.5730017324329901
0.023111106906531037,0.6906199129076411
0.020418390355105287,0.8232230084396321
0.015690747161148266,0.9734658372930174
0.03273974463588791,0.25530783130895135
0.033531420584940186,0.23095718121193343
0.027691167393617433,0.4574240150039341
0.03600302409661915,0.1663254748447755
0.03834752628097349,0.11923029349017916
0.03523977327686545,0.18452864592655888
0.03708558650416474,0.1429987978389419
0.02029725745104838,0.8286772419819695
0.026951862998410014,0.4941639478382344
0.03466821126522687,0.1991637719632076
0.036607887798647265,0.15294311081452566
0.02523882358535262,0.580459511875659
0.023001332116813822,0.6962912743289975
0.0284530305851467,0.42150098693672133
0.02721693412626755,0.48077851744261857
0.026724166441043695,0.5058512911261059
0.03317638910642251,0.2416473372092004
0.02582892429942596,0.5504991813874633
0.03922787664837335,0.10465351078839108
0.02134014873861112,0.7799157564134813
0.04219946491428145,0.06593694855237901
0.019523492773241058,0.8619511588711344
0.019358365955751106,0.8686677723110784
0.017610907559440614,0.9298588567847784
0.03235398495731934,0.267855787157199
0.01889032703576332,0.8868903827698095
0.02367177980560875,0.6615386096357574
0.020715312912017947,0.8096039491295547
0.029249157211387544,0.38606141298275987
0.023516910601735996,0.6695849701330892
0.034207666222137,0.21160499978651306
0.019525415261293144,0.8618721154837858
0.016680558261394418,0.9541817701821438
0.02260384579563801,0.716726044046543
0.03643496788187539,0.15667727755244518
0.04002970809902662,0.09269516170667857
0.02386512161700094,0.6514875161992442
0.02555216758920975,0.5644912182705886
0.02880106184506004,0.4057451299262731
0.038136669252140765,0.12295914080696972
0.019197310488394348,0.8750772449887251
0.030420808427775448,0.33776816109676555
0.014116053873114764,0.9914858623328965
0.04488187251339909,0.0422168868253837
0.030099428888695767,0.3505612681944257
0.02256688598125911,0.7186164691202575
0.03013437398408758,0.3491537040844085
0.018909461265009087,0.8861699867193236
0.025256123605510883,0.5795747160946928
0.02971341562811375,0.366379049038535
0.02763546152189622,0.46012785641973375
0.03769318402088484,0.13111436257967057
0.021041738405011945,0.7942551571793814
0.03505425124074418,0.18918292646549262
0.029780289958098505,0.3636032451178656
0.027683353337158267,0.45780265782067014
0.017724388025729176,0.9264818865549305
0.03278311366411302,0.25392541634516935
0.03292147141698498,0.24955307404479551
0.03312547392739157,0.2432108962513145
0.015482171715612392,0.9766934105176396
0.02804645279116119,0.4404268383223276
0.028932884498401035,0.39988422574725047
0.035367725234006,0.1813717016158605
0.030941046475959633,0.31777646388352576
0.027194156492785004,0.4819194072830863
0.030719567076122334,0.32617965240533453
0.01242796866924517,0.9985400513962474
0.02922894164012657,0.38693487292616874
0.019804104168301362,0.8502147525475762
0.01869190518918712,0.8942324788276614
0.03377989595403985,0.22369422746606657
0.019620753427565196,0.8579283382030679
0.022885746889748537,0.7022511736780364
0.021623924214350665,0.7660391006248282
0.02641972199621523,0.5210444956322742
0.018113730453792776,0.914236164251993
0.021101346963331824,0.79141312905194
0.022481995200831578,0.7229512028479033
0.024583400942942146,0.6142012518227917
0.025007502246415902,0.592322126651611
0.03954332499798818,0.09980429479068262
0.023676676665167595,0.6612840966473372
0.02548882507845357,0.5677089776827126
0.02699168816961639,0.4921377312811348
0.025346037808505584,0.5749818620918155
0.0380584535356111,0.1243664349177669
0.02765903336115888,0.45898244671637123
0.021447840551489517,0.7746755680709243
0.019746447564162495,0.8526583582099694
0.027874299930238933,0.4486093230238331
0.022677914782201047,0.712932087975699
0.01622931598652405,0.9638036466603069
0.03102654751374434,0.3145749765254465
0.029272572814527498,0.38505140454446035
0.03191536430548625,0.28267962695682436
0.02772963090338615,0.45556322094531126
0.02050459466442578,0.8193047571995712
0.017228740162444522,0.940580137370122
0.02693109253672976,0.4952228256480456
0.04300444207856691,0.05784523185990086
0.016673132123555645,0.9543515874734105
0.022884843660816556,0.7022976952342528
0.059680245804074494,0.0022034070618022882
0.024863817921856657,0.5997177697426421
0.02595114172371249,0.5443573448051389
0.017498022618914144,0.933130681891817
0.025647310350331742,0.5596684660243718
0.015869076087064227,0.9704815601382214
0.026780030903012064,0.5029676858697977
0.04210629576086511,0.06693308567391137
0.0331267804980212,0.2431706764365204
0.019030144591304587,0.8815770638912489
0.02338274881795599,0.6765489444109771
0.03153678833073159,0.2959579293819946
0.01721931054722973,0.9408318707121367
0.03268880618778469,0.25693879240205153
0.027060282405684977,0.48866035732203567
0.02458153654054107,0.6142977390514007
0.023239934771993265,0.6839524445099177
0.020992107374428637,0.7966125666213711
0.019871819195655477,0.8473242099342911
0.029215185260324184,0.38753003399030117
0.017596140184139797,0.9302918408683225
0.01949845867660338,0.8629786816174606
0.027417152747986756,0.4708254661846029
0.025360178618351492,0.5742604405017173
0.014114688770352823,0.9914957667581042
0.023346456787005754,0.6784313806367708
0.07204476724526987,9.84559606000541e-05
0.01867237166549257,0.8949424403359525
0.031825538875962844,0.28578936418421585
0.03118832801605098,0.30858179978080963
0.026998774922076363,0.4917777338487818
0.028215757218419457,0.4324777725586365
0.038478121965187406,0.11696780781018642
0.03767915425691454,0.1313793932904192
0.02465049230082783,0.6107306612884035
0.05993184321239209,0.0020804413107441354
0.02731497179935327,0.4758880227179387
0.022515289144667383,0.7212523686554937
0.03417498894984705,0.21251020478970958
0.025774392377136968,0.5532471577031166
0.022390615764179528,0.7276052686162948
0.031067586719365048,0.31304669507817723
0.029541213914799802,0.37359543444082705
0.02666080688191874,0.5091344779153819
0.020489101905446838,0.8200111579276892
0.028053710228374218,0.4400840979687172
0.021183717150886183,0.7874671359770695
0.02524216991039202,0.5802883395337097
0.0483036428572069,0.022971571971531445
0.04323435320658969,0.0556968371442419
0.03247245856041381,0.26395373758347557
0.020398309742803655,0.8241313927091478
0.0511272152524786,0.013443328077757895
0.01663492561319213,0.9552191821883518
0.021431558747390778,0.7754699244416606
0.020897719416238858,0.801072938382995
0.022105072252895236,0.7420583158836573
0.022935765158519694,0.6996736641939625
0.02109438184087764,0.7917458078433748
0.02206665233313848,0.743991522751861
0.04698306763940863,0.029207001719110507
0.028047212407524003,0.44039095624451274
0.026342059514791766,0.5248811299467058
0.02199259782137697,0.7477094453812951
0.02580577156660291,0.5516653362051795
0.018769399111121854,0.8913931020862859
0.03976976805559662,0.09643993233060821
0.01527499277827149,0.979626285936178
0.05390629236660549,0.007701930852520608
0.030193801746484228,0.3467692621725291
0.029521241691115363,0.3744388146850792
0.02593888918824938,0.5449719959661279
0.018469702799593535,0.9021699915947226
0.02390477906355204,0.6494256637525967
0.0223932994304602,0.7274687716391747
0.031295316529900474,0.30466459309412386
0.03224821765329711,0.2713758085622421
0.04162653230959534,0.07226804850494427
0.021376879180075692,0.7781321906077313
0.01864415823188592,0.8959637693038999
0.029418421559747165,0.37880179769570205
0.01842197439528348,0.9038348149683026
0.028623195277086788,0.4137462061175307
0.02312653280086774,0.6898221772047868
0.033424475226854156,0.23413841889776324
0.017851358905946024,0.9225998629052624
0.023494516274387867,0.6707478951108597
0.0311103332588899,0.3114606055402052
0.019122127582427983,0.8780200980037748
0.038697481827644126,0.11324719626147815
0.02490764462737166,0.5974599174926932
0.03560565863707077,0.1756149979925099
0.024397476447297173,0.6238335022571071
0.021455293209179493,0.7743117229275632
0.019868356572683488,0.8474725538756749
0.02082161773223254,0.8046466724853709
0.03540708537229614,0.18040921843157048
0.01885335267635263,0.8882763363835727
0.03932000397873592,0.1032174684744661
0.02325994791566599,0.6829156667894707
0.023484326414505596,0.6712769888488549
0.031638100997601115,0.2923601331842696
0.021377928841628036,0.778081163920122
0.024923528958993302,0.596642021912526
0.024191015008895755,0.634549358947264
0.020373340277088037,0.825258613755986
0.03156272083316103,0.29503392186508554
0.02669827085428178,0.5071915268319763
0.0197443625897821,0.8527464176718633
0.039301605469845347,0.10350294060234277
0.02445466224648085,0.6208687932142765
0.019490454477334995,0.8633065227520758
0.034874194174355944,0.19378806113073746
0.045451406820993606,0.03826834467897865
0.021929201820922284,0.7508832152631936
0.01833999130504621,0.9066608257681303
0.015075333290832882,0.9822035426445039
0.025145227538699966,0.5852523337762925
0.02266606965742557,0.713539293855403
0.037695801855248456,0.1310649584571033
0.035500539786145535,0.1781401582454802
0.020033734152360816,0.8403243516195196
0.036626243849192885,0.15255095946887326
0.01646454779314993,0.958964159825933
0.0296206331442731,0.37025494175235923
0.025772755921896096,0.5533296925065021
0.015845149666748548,0.9708941705534062
0.0292500977215166,0.38602080952169326
0.022689061134155253,0.7123605414329659
0.020758259515386457,0.8076061995561962
0.01891322518616434,0.8860280233673165
0.027587338293042607,0.46247212269775645
0.024805209116828403,0.602739785224677
0.016789904772994357,0.9516366215477666
0.01997521603327873,0.8428683322861217
0.03479431467062305,0.19585905556519084
0.021456528683366116,0.7742513912067581
0.02144938156674922,0.7746003469675635
0.026059374061501384,0.5389385985885641
0.026516802136278217,0.5162646868431573
0.03966110152914082,0.09804243260079037
0.029000505821843492,0.3969004967794268
0.028278667200531182,0.4295488320115652
0.022838778336030263,0.7046692039352912
0.026030979304191904,0.5403583169015341
0.02519454231296636,0.582725815643758
0.024820688869923724,0.6019413266700702
0.02173206555570234,0.7606955278210669
0.03204125276191416,0.27836387567770643
0.024903279108307308,0.5976847416330056
0.036199296610722076,0.1618841135323302
0.02613570183989522,0.5351290696129583
0.014769086523201469,0.9857023899420514
0.024405686223799558,0.623407776528557
0.03950989783623554,0.10030912252518283
0.024444223382301067,0.6214098526999341
0.025386003414131497,0.5729435817978406
0.042560485844911455,0.0621956351732347
0.02863624827474387,0.4131553986874784
0.022502187651361305,0.7219210704391152
0.02553985581738516,0.5651162209808814
0.05341453898371129,0.008517970216451504
0.022188464416676934,0.7378524399895862
0.040500830350400197,0.08621818714500688
0.019116913199636265,0.8782230232823287
0.023259757254352365,0.6829255451370845
0.023910800588126224,0.6491125995155435
0.024558282148293642,0.6155013964535248
0.02142952430728362,0.7755691288493499
0.03278510772915544,0.2538619908959849
0.02942835910850833,0.3783785704146202
0.023127964871820672,0.6897481098212457
0.03583509737104379,0.17020220147960674
0.018532261535158467,0.8999662174652925
0.014262827870460681,0.9903705501912168
0.027597153858654022,0.4619933316943957
0.018537930897891908,0.8997652937889907
0.024892344178102377,0.5982479661799488
0.032358890730909806,0.2676933551626271
0.0201593161100726,0.8348122156912471
0.01762186583674563,0.9295365920051221
0.025397488280193614,0.5723582154141804
0.032834846914037596,0.25228381199585637
0.028404755930158454,0.42371882108958014
0.027683849877211508,0.45777859100465434
0.02211897962390108,0.7413578174214612
0.018590218133468617,0.8979028143776624
0.033964270662692364,0.2184197962678188
0.035167246805452676,0.1863372680996015
0.02602122402790974,0.5408463868234834
0.02117655734618573,0.7878109775451004
0.0377532123591614,0.12998531554119622
0.0190059908687481,0.8825030560905501
0.03067484357019523,0.32789586841469737
0.017903388987449267,0.9209777225438551
0.01752249312179993,0.932428868785983
0.05073256813246724,0.014515171873514436
0.03649996612814829,0.15526515146658007
0.04091221917796678,0.08087775933850719
0.02478144993569842,0.603965690057767
0.03572931970092991,0.17268090536063524
0.02144969311483158,0.774585138669003
0.01887468510775714,0.8874776933144123
0.024190026504301076,0.6346007026566893
0.02280484347095152,0.7064147674547508
0.02112913527143301,0.7900843143076454
0.017930790940929198,0.9201161247028583
0.03132097817401103,0.30373048584437656
0.04564658231511032,0.03699146545538157
0.025966131562001005,0.543605709197663
0.02805492140066468,0.4400269164356043
0.0263068352977483,0.5266249520311228
0.015262669738182133,0.9797923461957381
0.04476508425023773,0.04306901734524618
0.041744575225466374,0.07092298757074485
0.035505598067037125,0.17801799248648845
0.015698494769938065,0.9733405271416465
0.0399478815272416,0.09386062747837293
0.016938293259717963,0.9480488187301361
0.02453453960546248,0.6167306716029213
0.028497358270646533,0.4194714352773316
0.04590357269131368,0.03536710274222267
0.03314408604561603,0.24263844274405355
0.023336160568207254,0.6789653141420611
0.026697268054265533,0.5072434724598957
0.026803919571612045,0.5017378087807571
0.018761722434955108,0.8916759929927782
0.025772302109005663,0.553352581331805
0.021893070973005857,0.7526881605955816
0.03430460260144674,0.20893735663275884
0.03119639977941624,0.30828498522895553
0.025642657788852663,0.5599040040628942
0.025648446213708875,0.5596109671575085
0.028383117376608813,0.42471550173688205
0.036054506301526235,0.1651511950737668
0.04168227582535289,0.0716301931876952
0.0240296647432518,0.6429333650333959
0.02946672577624254,0.37674768830920263
0.034937515881776016,0.1921586082955833
0.02964234489433404,0.3693453807117717
0.03362075183140098,0.22832543944475722
0.04095848461918128,0.08029501271879103
0.02625198645672755,0.5293448363828044
0.03259434040691345,0.25998425776177503
0.016235285043886827,0.9636855610063735
0.03242548561303493,0.2654956885011531
0.023990576834042848,0.6449652053010044
0.03226878232540131,0.27068869797597034
0.040591621799149435,0.08501475408767954
0.052491220592329024,0.010265355430522956
0.020858521970373745,0.8029162009876137
0.03409425166817348,0.21475963414765067
0.02098216383275253,0.7970838833430135
0.024351259492967348,0.6262307303630026
0.02857410919709813,0.4159731096513557
0.04831002652119537,0.022944549624472566
0.021701362779748157,0.7622155682649252
0.023077462920446545,0.692359137756176
0.02399984700550095,0.6444833106856297
0.022272011706887418,0.7336259174808838
0.02790646638547667,0.44707280384301823
0.02236258714875128,0.7290301727191528
0.030404801090122557,0.33839731736861667
0.03659409837609673,0.15323823622425536
0.019142435428115445,0.8772283258018514
0.023571457385571426,0.6667516896070995
0.03975034825851975,0.09672469964850473
0.02539680879181916,0.5723928432552867
0.026016405962132505,0.541087500022349
0.0449870506012254,0.04146206306554075
0.028994257941095003,0.39717553240573866
0.03626033089019465,0.16052252350228502
0.022259453166885268,0.7342620255106183
0.02576179936489209,0.5538823924557116
0.022021835757222052,0.7462428829041674
0.0195923708052248,0.8591072988790347
0.032858882391916366,0.2515238595619162
0.0314727652511938,0.2982482951578195
0.036390316199071626,0.1576533283219972
0.025604037771208205,0.5618603548638503
0.035413786562792815,0.1802457562699311
0.02140492461525817,0.7767677544433677
0.025227465714307118,0.5810405902467288
0.027473146224716832,0.468066264887079
0.029512154163978344,0.3748230014064469
0.020637973316185443,0.81318421646854
0.039230123896060454,0.10461828524263102
0.021903416354354804,0.7521716400643155
0.020241960330719344,0.8311464957350769
0.024289671243897137,0.6294267347656117
0.02269612716876096,0.711998139297583
0.0358014548564235,0.17098745804019608
0.016047957208673358,0.9672753686239367
0.026794536168364413,0.5022206720424718
0.02400576990689529,0.6441754242697793
0.04127543474198814,0.0763973907439484
0.025830978808851657,0.5503957402070342
0.025313239640767232,0.5766560745437322
0.025036441274577603,0.5908349892599816
0.019275391043577006,0.8719876545320051
0.014867775048250653,0.9846332352456526
0.02380971774285401,0.6543680451512435
0.012118244229418873,0.9990311438288859
0.03255736900831829,0.26118356254738745
0.018462798060091767,0.9024117244377421
0.036812919775851716,0.14860872794535324
0.034098618316489304,0.21463750389950054
0.03305292941010307,0.2454519829966355
0.025940904471266346,0.5448708820767388
0.01800853920852946,0.9176442468970978
0.037111703013821495,0.1424705951504244
0.021866439646249847,0.7540167120550554
0.01751438615405715,0.9326618329221598
0.023872355006745283,0.6511114388474446
0.02519805732182856,0.5825458367532752
0.03683971179779838,0.14804974366912535
0.05144752149493903,0.012626342011615315
0.041468127849380254,0.07410700719493934
0.04200998356107655,0.06797628703871758
0.032878795641220204,0.2508955600755986
0.0232342540129098,0.6842466895342472
0.022843938531292185,0.7044036610382816
0.02966107406616325,0.3685620319170166
0.027369898906145274,0.4731622646394834
0.028492205089677425,0.4197070328880275
0.029103908931662925,0.3923677273071049
0.027734492296505597,0.45532839276955545
0.030380421022191406,0.33935717436926643
0.03079741974883382,0.32320767471631134
0.03626192414619528,0.1604871034985991
0.040985708705139734,0.07995376541325595
0.03561545259134369,0.17538118320606944
0.03375876746838191,0.2243048767679092
0.023841001972485065,0.6527415404457291
0.02454070256588728,0.6164115495841304
0.04531211054759354,0.03920303669865452
0.026977309495778923,0.4928686691802421
0.030798515825126827,0.32316597337905223
0.017940677097012414,0.91980404389478
0.03761350301308128,0.13262540102859052
0.015025370159071127,0.9828112700089175
0.024157861810099268,0.6362715210230858
0.015393955986508945,0.9779749903408678
0.02190168153954486,0.7522582716772634
0.03173216274037502,0.2890488908752753
0.02661345494320777,0.5115969831470171
0.02304289201847276,0.6941453258709869
0.024928978728002454,0.5963614629957426
0.025141406091415505,0.5854482280125557
0.0179795945238842,0.9185691917612842
0.03844157210379173,0.11759741809723967
0.03259981482105356,0.259807028638787
0.028776048504345175,0.40686385890557203
0.03646451651686533,0.1560340414838715
0.027003465241294072,0.49153956518593844
0.02406023144720848,0.6413446350195673
0.02304230467259183,0.6941756638869625
0.030904741523296697,0.31914301197441053
0.022747574953072003,0.7093576538256787
0.0262878315411883,0.5275667044403491
0.024506522113177942,0.6181817238633189
0.022275492721872986,0.7334495504813062
0.01992543172300898,0.8450200812184703
0.020422092693711758,0.8230553455245812
0.03622800679500471,0.16124248127663407
0.02303528387601006,0.6945382844864221
0.016691751014276335,0.9539250911874537
0.025380942633971726,0.5732015751733792
0.01878253121923612,0.890908353908498
0.03750438209360607,0.13471773749851793
0.02397487128369824,0.6457816561925666
0.029565912285025142,0.37255432500270924
0.0337026100527727,0.2259341720596484
0.03846127630927765,0.11725764637305876
0.023706529825638645,0.659732396666783
0.026169102186237525,0.5334652238902111
0.030943833908992247,0.317671718985621
0.028724010315282378,0.4091980556639361
0.02025485841190311,0.830571714839698
0.029812918736247362,0.36225430432265665
0.041751706684390155,0.07084241310966327
0.029935188525389955,0.35723091486729874
0.0527305764562791,0.009783669015187017
0.02919783855734781,0.3882814348979059
0.02784530290857362,0.4499974532868344
0.026372221825635367,0.5233897296024912
0.035347791729216316,0.18186068856320242
0.0284505926146007,0.4216128029339553
0.02286990222910809,0.7030671444668302
0.03476277550227047,0.1966815216151584
0.023902866649227472,0.6495250921403932
0.03321209280841669,0.24055549323313896
0.017986732095187474,0.9183416229293713
0.029841859400352333,0.3610608027082151
0.024101817989649832,0.6391834268158125
0.029366135240251667,0.3810340567712332
0.026931553443231615,0.49519931285804447
0.019356255755907714,0.8687526654694187
0.022099546540959247,0.7423365357006694
0.019671393548044702,0.8558146827818114
0.025329384959989043,0.5758317572750258
0.02979027837062176,0.36318992718256676
0.019520594011023573,0.8620703055723319
0.035635668493879336,0.17489934337792234
0.05356673205866841,0.008257391516507095
0.03633850827144813,0.15879192180465168
0.036198597312859015,0.16189976733161832
0.019628209209897662,0.8576179583498216
0.028148986519025587,0.4356011369869369
0.0192745261778422,0.8720220606996449
0.020694707433231097,0.8105600300895516
0.016756173927419238,0.9524306664005795
0.024024327820976438,0.6432107720669906
0.0355027167712485,0.1780875723460887
0.03163329564505668,0.29253004574201447
0.018163290055111136,0.9126052976211276
0.023197531087183254,0.686148312908759
0.024513184323639026,0.6178366393906367
0.022245434806238418,0.7349717489483203
0.026782690364701267,0.5028306719228038
0.0281189558555337,0.4370108240250563
0.027695822977921836,0.4571985195164258
0.026680631347089645,0.5081057568142938
0.025335960135939195,0.5754961456695142
0.027159263985225002,0.48367051073907774
0.02442633973605504,0.6223369187905677
0.026652941932428897,0.5095429677218923
0.04577046789511807,0.036200449096613796
0.02243523719794227,0.725334252598444
0.023851976209433245,0.6521709705086722
0.027867816274131707,0.44891945767182895
0.018168969983736072,0.9124173625375888
0.051289417068501264,0.013023845767043424
0.020160623998402682,0.8347544372882674
0.027830049927522915,0.45072878064461364
0.038536606753003244,0.11596612318167274
0.03554453254891035,0.1770798838839288
0.023066431346694505,0.692929217453263
0.02659264613757273,0.5126815118939309
0.03093192817625262,0.31811928287907126
0.020973907667830194,0.7974749666602908
0.024078955992868356,0.6403714961471726
0.023883227566147747,0.65054615543634
0.04239759871929305,0.06386055271120004
0.01727687977311554,0.9392853479729053
0.03479002218743943,0.1959708343519438
0.048842331526516736,0.02078822429491569
0.021299403659344962,0.7818896783613313
0.019613941161533338,0.8582116816526999
0.04119616521782604,0.0773568536184069
0.029503723189073683,0.3751796786561453
0.039227858916713654,0.10465378877082565
0.03265743549134614,0.25794714076244707
0.060967441754265606,0.0016383174118151415
0.02520407183778839,0.5822379081036317
0.020387007600852824,0.8246419359533325
0.027924833792480563,0.4461970082630971
0.03353885758885783,0.23073719804512666
0.029388077496378062,0.3800961602240233
0.024687840505494663,0.60880002450424
0.016375284909204257,0.960845618313756
0.018848003760746412,0.8884761663874269
0.02956940957540788,0.3724070687039414
0.035772477462713836,0.17166613592132224
0.034408549079505746,0.20610596542974988
0.0251207832502634,0.5865056653441604
0.05133638081115022,0.012904609565792025
0.02004306227255004,0.8399173697419207
0.051149536448996,0.013384889127009197
0.033930484403750016,0.21937905325523954
0.05346403307963393,0.008432420285216288
0.02774595965848313,0.4547747826901256
0.026378193076136203,0.5230946772558633
0.026852168436172663,0.49925963796540956
0.028741718296747543,0.40840272890668766
0.02935990785456538,0.3813005333780735
0.025392532550236768,0.572610781004574
0.02659757295563081,0.5124246010282563
0.02774414679787307,0.45486227252372524
0.03600187206394351,0.16635182814954394
0.021139142969135882,0.7896051518295364
0.04215709294404413,0.06638839787753863
0.028324274275376538,0.4274338618154226
0.03946484593914423,0.10099287334891847
0.025921281150307673,0.5458557334402038
0.028008508889272088,0.44222168881969853
0.025544178375342064,0.5648967641549845
0.0221029683200612,0.7421642559826739
0.013285093892743016,0.9960974727376926
0.039165283205111256,0.10563862555887266
0.02724627000827473,0.47931172212176126
0.048682709185632,0.02141507994198825
0.010698484064524116,0.9999101716671711
0.03256615041233418,0.2608983278970008
0.019568485451297135,0.8600962564384063
0.02695437108941945,0.49403618385270137
0.027304252986820265,0.47642113472777614
0.03305611086111987,0.24535337121162798
0.033135335052166454,0.2429074691821234
0.023884674679501616,0.6504709176353867
0.03184313396552452,0.2851782328433661
0.019588693060508477,0.8592597641762441
0.024325164786970083,0.6275846682714339
0.029441739492208963,0.37780923997106924
0.02015207101937755,0.8351321438505916
0.038858061211812345,0.11058597399397957
0.03537158610960217,0.18127711125055945
0.03410940721811373,0.21433598147515004
0.03761979624834544,0.1325055443635334
0.02733520054544225,0.47488298304755905
0.025695101815892185,0.5572508181109208
0.03862506713433678,0.11446448248656757
0.03281842635618393,0.252803996574707
0.027681510453299252,0.45789198792762276
0.024127591268925663,0.6378442093868033
0.03488801809422093,0.19343140811152426
0.024803523516336135,0.6028267419813704
0.021845295596590486,0.7550703925694117
0.027998116370306025,0.4427141353254547
0.03625820274915015,0.1605698444209119
0.03357702127288231,0.22961086567618738
0.015996805171091394,0.9682141645217913
0.016724388239271873,0.953171631751845
0.024555101495700116,0.6156660550885317
0.02407828407814966,0.6404064152155589
0.03854994244555232,0.11573871187226918
0.02701766190746685,0.49081912834137614
0.03536302277057579,0.1814869634109815
0.05433656681241161,0.007046970964708728
0.02702098615676718,0.4906505312773774
0.03350772107061173,0.23165927682900722
0.03879193918788043,0.11167545859818091
0.032767663438041425,0.2544172503126642
0.03663895248741911,0.15227993199285694
0.03278735961840268,0.25379037923459463
0.017582190772839734,0.9306994701131381
0.020245882480543043,0.8309717877926683
0.051169429809429956,0.01333299925831663
0.031274963630596925,0.3054069555340646
0.024659447430030346,0.6102676533940954
0.019110358248175585,0.8784779005491663
0.020928748013878895,0.7996100241154733
0.027776705626985976,0.4532926596616551
0.015276403426719876,0.979607217228822
0.02369267468685593,0.660452573967695
0.018985864167597177,0.8832720908429279
0.03369745199816543,0.2260842788173
0.03129803601042941,0.30456550172968344
0.02691154028695819,0.4962209282928793
0.022698854083611386,0.7118582650005518
0.027653080729798385,0.45927152092766205
0.022213015055252305,0.7366117627622446
0.024832777951663054,0.6013179022028027
0.032570606830132465,0.2607536659252177
0.021452896245711603,0.7744287614712724
0.027113509884576115,0.485972946437279
0.01797118570142145,0.9188368578180336
0.023694701421486886,0.6603472280967314
0.03149870563207102,0.29731873277984144
0.016055458503259984,0.967136209406634
0.018056189405337708,0.9161094706315033
0.024957320830930496,0.5949028340557708
0.02908027971642696,0.3934003611393997
0.03184653802108889,0.285060111768761
0.023109971562717657,0.6906786189456096
0.04008054988368043,0.09197713575216927
0.02122539610152785,0.7854624045273219
0.030684961765439445,0.32750702308167484
0.037265585358140174,0.13939037671603102
0.030696373808209443,0.32706885526179613
0.021381283787261784,0.7779180504799466
0.0377118932536577,0.13076161312805779
0.033014963451000245,0.24663110037725744
0.01789386227115697,0.9212760939648944
0.023471790463867104,0.6719278462521459
0.019706402084092578,0.8543459250560268
0.0330732773694874,0.24482180119042993
0.021755239650429192,0.7595467158209235
0.02668874350816483,0.507685185433015
0.023595284652636217,0.665513770793806
0.03388351058548583,0.22071814181636343
0.022274762131345882,0.7334865678821723
0.02308254383589925,0.69209653762067
0.025980645760956406,0.5428782745171709
0.024465319682042935,0.6203164657114422
0.028494334823889522,0.4196096529457804
0.023288598653628312,0.6814309958932527
0.023137270842596203,0.6892667631380439
0.03933826337950619,0.10293480206485718
0.023434831908927256,0.6738463438461563
0.022138599092054623,0.7403689752446743
0.03111289393603478,0.3113657796743889
0.017910657473418468,0.9207496691493233
0.03438692793608705,0.20669242447754615
0.020899474949102048,0.8009902587502017
0.02222978805726883,0.7357635038026772
0.036200025073843844,0.16186780815720994
0.025049223888751526,0.5901783765461119
0.0337995281879781,0.2231279728102343
0.042684363442542894,0.060954441369842814
0.031306533086569444,0.30425604107105453
0.026065818145229236,0.5386165885226286
0.04993415876890123,0.01692130724585615
0.027182079604093135,0.48252502812121595
0.0247812224404923,0.6039774303840689
0.037712601099585075,0.1307482824180913
0.030353111282195422,0.3404346935952896
0.04502019230931231,0.04122666526143729
0.01862214747366403,0.8967571755678977
0.03451758488823864,0.20316819352253188
0.03582930815864588,0.1703371235382947
0.026447837202297236,0.5196583674435631
0.017317357700836533,0.9381841514864456
0.035898145115700775,0.16873833319998097
0.04490987083749509,0.04201479433908268
0.045929874069255194,0.035204437155675596
0.025228461809650382,0.5809896231977838
0.04038411544966336,0.08778624514388095
0.024543744217701557,0.616254059500377
0.02949363194281962,0.3756069074024891
0.04332674484518351,0.054853021133805115
0.01718121247226201,0.9418426253661959
0.03861353328558448,0.11465935877960595
0.0356027061007404,0.17568553356326108
0.022283603216830317,0.7330385476621095
0.027048082770760207,0.4892776545734887
0.020431400965064683,0.8226335665160964
0.02379672128264143,0.6550437339442969
0.01602024089843679,0.9677862414146203
0.024093903572394604,0.6395947024809032
0.03002926484266008,0.3533996280148814
0.023810295636353007,0.6543380001290688
0.028682173885519746,0.41108128479682304
0.027305216979917307,0.47637317355142017
0.029450979814559214,0.3774164177439963
0.03345197294085828,0.233317270095133
0.016673696256971515,0.954338700678528
0.0357017638696186,0.17333131909945682
0.04062317327677706,0.08459986519687694
0.044785624083864495,0.04291807596519349
0.02326604115196451,0.6825999586441401
0.021573789322468562,0.768506421169044
0.038084146975536304,0.12390269712383074
0.022630395076848553,0.7153669618599778
0.025783696457626182,0.5527779828885361
0.026657553996500716,0.5093034011038765
0.03864964090348999,0.11405019453036729
0.015537315654765904,0.9758672621217911
0.04607579060525302,0.03431384217234965
0.0344067969090297,0.2061534435122668
0.03504262450789819,0.1894776641421584
0.026724933113393246,0.5058116460789454
0.0211717338340503,0.7880425312673527
0.024449807923848932,0.6211203916015211
0.028853787250394558,0.40339389213081095
0.01897962308874407,0.8835100841530921
0.027921714905745798,0.44634564251375125
0.027197045382323592,0.48177461096672536
0.017305391354682786,0.9385108802311591
0.016250390348366395,0.9633856404645718
0.01742465152449746,0.9352102134406337
0.028543435886345447,0.41736881454857144
0.02547692923778666,0.5683138815316077
0.024609648790379635,0.612843106067881
0.038012428217183314,0.1252006973460879
0.025485748053666324,0.5678654264144665
0.026370677301335244,0.5234660587211475
0.02249528479610763,0.7222732921606279
0.03401257786318934,0.21705390550788595
0.02936453215296242,0.3811026421878671
0.03174404968682065,0.2886324229413307
0.03807661902132087,0.12403842115683983
0.02145244000264951,0.7744510370376468
0.034314667930617326,0.20866187056906102
0.018660429178757987,0.8953753533972643
0.03762480229451126,0.13241026572522224
0.03199960133276569,0.27978630797144205
0.031341738007066744,0.3029763496680369
0.023194319783802708,0.6863145611322429
0.02159516571807396,0.7674552025009419
0.031161294909437087,0.30957738404745255
0.04066126227190503,0.08410128254368371
0.04790978035103516,0.024694440039542256
0.03015941290223234,0.348147636263558
0.02653656969797824,0.5152936459512301
0.02465130140628302,0.6106888256973937
0.020216182168180774,0.8322930983349112
0.02100254720371933,0.7961173692970913
0.037871222144756134,0.12778887607582132
0.02967025640867721,0.3681784075653164
0.03550098117444281,0.17812949534887543
0.026977008114088763,0.49288399734071686
0.03393873393317204,0.21914453301555664
0.032337944882741665,0.2683873967658826
0.03268469367005644,0.257070811055282
0.04461166991451493,0.0442110863019068
0.018409155338682398,0.9042795097356778
0.021700993887815878,0.7622338175239091
0.015642330276361,0.9742400772221085
0.0220011823482672,0.7472790320870731
0.021146006097019665,0.7892763661710646
0.026591906143604876,0.5127201062068703
0.020973288374598442,0.7975042924637811
0.018705896447380854,0.893722528510314
0.029400846500775957,0.379551106853095
0.02378760252159176,0.6555178140829918
0.02901282687092499,0.39635850202929584
0.03362430452640608,0.22822125436672225
0.022357452611112216,0.7292910617767501
0.02596552437695432,0.5436361481397378
0.025285633193885382,0.5780662837100876
0.01944917393202117,0.8649919750399446
0.044778933842627155,0.042967190042283034
0.027326442993009237,0.4753179209522208
0.021869146233485126,0.7538817611055669
0.030572520610704812,0.33184694454796004
0.01705835321407001,0.9450330766706675
0.02291455782782209,0.7007668097673914
0.022813056827941436,0.7059923993261599
0.033281420777132864,0.23844616280662567
0.03370840670232689,0.22576557293339572
0.026486185824071917,0.5177701476176461
0.023093793897126624,0.6915150201162219
0.023708252962379467,0.6596428275218222
0.02557197869399641,0.5634859535104398
0.025037158185942876,0.5907981588285318
0.036619085529219886,0.1527037905138633
0.020517882867822274,0.8186981120140322
0.04201432460572008,0.06792897082475581
0.02164239069074525,0.7651286795553283
0.039817907460852786,0.09573704451155118
0.02907756647611004,0.39351905432774265
0.017488113502594965,0.9334137018339526
0.033812775391984684,0.2227465078422543
0.022767607197006545,0.7083286750712132
0.037502526113683085,0.1347535561477615
0.02337204455731995,0.6771042333423629
0.028678809655849458,0.41123297960964017
0.027073534547525258,0.4879903730907851
0.06540737934344187,0.0005615615681877136
0.030435964439878394,0.3371732407629532
0.018718789296254923,0.8932515608796681
0.03730558023016395,0.1385987277222025
0.03359965753442895,0.2289447972047347
0.028985948268333728,0.39754153328472325
0.03429229895784902,0.20927448941216112
0.026100574296090806,0.536881047471711
0.026129373307725773,0.5354445459857007
0.01577189106976669,0.9721339118206882
0.033552510583958806,0.2303337678029963
0.025456541382637643,0.5693510406777674
0.016838462075710568,0.9504795612620879
0.04080748948163587,0.0822101009851228
0.023291809688972098,0.6812645710312518
0.03955914288814277,0.09956614666311497
0.025643763674439102,0.5598480152814364
0.03230970099745656,0.26932539733105815
0.029393503110316133,0.37986449753065255
0.022006134813450373,0.7470306546789776
0.02141595131960794,0.7762306857685597
0.021086164381396877,0.7921381016226061
0.03695154238672593,0.1457348436562638
0.021579454047564117,0.7682279646347834
0.03217237766569586,0.2739210894783254
0.02537732959653416,0.5733857838773507
0.03340071717184684,0.23484967509528146
0.02416106490855366,0.6361051203623266
0.03673372472370823,0.1502710099834064
0.029871322559696684,0.35984861517288574
0.022362132955612513,0.7290532522890449
0.024044944056507367,0.6421391896492435
0.025989334174064016,0.5424429873854004
0.023568601272964784,0.6669000650454451
0.033983888261465145,0.21786430656817085
0.027315345552054393,0.47586944072913206
0.02217064672418456,0.7387521718394099
0.021618974037614175,0.7662830037236362
0.030501207441723494,0.3346208538733176
0.017223575095189125,0.9407181009507837
0.05586515839658607,0.005109781079594269
0.018048188818041266,0.9163682114542974
0.03433419903453011,0.20812811505131962
0.03000296979467587,0.3544675469406809
0.015829233576219404,0.9711665366175531
0.02486080345436112,0.5998731309793863
0.01979582536936908,0.8505666252661727
0.027052635037382533,0.4890472527020551
0.03001739275258064,0.35388150464678614
0.03158731454856001,0.29415958715318336
0.026732832195245637,0.5054032953266974
0.0157807153753744,0.971986458555342
0.013408823857953112,0.9955739012732437
0.024325380994855816,0.6275734489893431
0.04767392051143027,0.025780115503543234
0.043252741893281765,0.055528008178778857
0.0330330177910389,0.24606984625430436
0.030008581794261247,0.35423943485628234
0.02879683063554711,0.4059342234947681
0.014211719318001137,0.9907703733480301
0.03768570903158808,0.13125551526775422
0.02636602438677499,0.5236960288394265
0.030663353742517163,0.32833783077902445
0.014028743266576327,0.9921024059003113
0.02872990350044108,0.40893325465550445
0.042437059564505164,0.06345375420006549
0.016726595986802817,0.9531203948203326
0.021926587591610702,0.7510139064156169
0.025471570323889803,0.5685864438859566
0.021842694108331395,0.7551999640057641
0.02233073739662228,0.7306477793152513
0.025661118719552567,0.5589695948989313
0.029081891858395936,0.39332984824920214
0.029078783545281484,0.3934658094537762
0.02188220588414469,0.7532303750407677
0.02651834243625978,0.5161889954405513
0.03637535836838024,0.15798138446761567
0.022677045094163906,0.7129766760310889
0.034059413410207046,0.21573595271082588
0.04118520909364279,0.07749026298314106
0.030276748560441963,0.3434606436082019
0.015717673001219512,0.973028650491272
0.04604787583497455,0.03448267453615632
0.02115986209055931,0.788612127121767
0.024490787257632318,0.6189968494700622
0.01606191688723227,0.9670160922148657
0.029814861534936177,0.3621740968104151
0.028078521433026138,0.43891371114091887
0.02654631538051988,0.5151014312820735
0.015677442851793566,0.9736801081912858
0.013463681491031165,0.9953252571026666
0.022705335093467102,0.7115257914840281
0.028204709228413782,0.43299352593644025
0.015792346536882662,0.9717913183904034
0.01839353425752932,0.9048200005625924
0.03406418096380459,0.2156021423735599
0.029975065673104262,0.35560332178197895
0.022137693195300123,0.7404146495821023
0.034613496705582836,0.20061115800772528
0.021489905741900572,0.7726199107645169
0.03628830897596716,0.1599014473762839
0.047267965179281834,0.0277479255827543
0.014977984437221648,0.9833741529544595
0.04743136419071309,0.026940461473839637
0.032434230231358774,0.2652081223630693
0.02785634153342914,0.44946868182186
0.028531136218955533,0.41792937164277927
0.016905564621570446,0.9488534061495367
0.025114400966140704,0.5868330101851205
0.01913397712313014,0.8775583849096152
0.02656527116804991,0.514110473990526
0.04972866301924184,0.017595749460868743
0.031960306961921814,0.28113320634582206
0.04847588212815418,0.022252297011374253
0.02076747089654335,0.8071768309678722
0.026594159055574246,0.5126026115228892
0.03838413222993159,0.11859251759274865
0.04491255702271074,0.04199544973864371
0.021490814260176738,0.7725754596595636
0.03159128001957889,0.2940187895631088
0.03308234045909175,0.2445415119100669
0.03716424309962535,0.14141277050182743
0.023589161547779458,0.6658319046144474
0.04969217350565969,0.01771799107939396
0.03332090325602577,0.23725123055694475
0.028864291907771067,0.40292656851135217
0.037397780398065406,0.13678765359155604
0.02827885829122212,0.42953995571622766
0.038569032539143344,0.11541381165885374
0.016907744848427456,0.948800041649848
0.040643666355836716,0.08433130369600901
0.02767769573057055,0.45807693556684953
0.03282301959981293,0.2526584060012952
0.0392354982271268,0.10453408267677868
0.05215130571596327,0.010986316555630144
0.03642184828313544,0.15696355666217565
0.026802672901925506,0.5018019444428172
0.02745024423581721,0.4691935270248061
0.0272708717069243,0.4780838804802783
0.05507038391045066,0.00604601172709802
0.015611267414911367,0.9747287955154825
0.016816387165650412,0.9510076263688715
0.02147873342029427,0.7731663559666473
0.023593795653105487,0.6655911346039323
0.028073085382667617,0.43916996030215893
0.03408116550880902,0.2151259621966515
0.019753390144537142,0.8523649817993931
0.028289501512002713,0.4290457661402207
0.02662762716218181,0.5108591770397347
0.035443052031028266,0.17953325806312126
0.027084812353866144,0.4874206718590884
0.017503620084121208,0.9329705104839274
0.020865136901604048,0.8026055114586639
0.02813279507236721,0.43636080927971027
0.023633017499985587,0.663553103094592
0.020324125452840458,0.8274727644122168
0.025595763566393592,0.5622797714752961
0.0364259922313403,0.15687308735384714
0.041304518781427046,0.07604789886608519
0.026484641410980503,0.5178461372617941
0.03353343869842362,0.23089747041795328
0.04459034524741651,0.04437189884258045
0.03215006040065005,0.274673475183828
0.018915283305238395,0.8859503623865964
0.0192425920945703,0.8732895871614457
0.024038252066108767,0.6424870155412099
0.025222110115616814,0.5813146388762221
0.03364103395573442,0.2277311446775742
0.03187994900677232,0.28390267650775397
0.026133445648825637,0.5352415324203044
0.05553813937613489,0.005477635508048439
0.02439953151178126,0.6237269318169858
0.02176887913492953,0.7588699666704242
0.033123974229795364,0.24325706729430838
0.021000660921820402,0.7962068691896868
0.01804137992482263,0.9165880798350164
0.018138604066509773,0.9134196513404229
0.017702724563686878,0.927133325837562
0.021023263161509265,0.7951336627139891
0.0192517904423527,0.8729250622583725
0.027856553921840055,0.4494585120589457
0.014919014327357483,0.9840564974203535
0.026214680504889176,0.5311978959478363
0.038764884422942736,0.11212378707873424
0.022423745528165923,0.7259194210067135
0.028505390980369638,0.41910436816945845
0.02951372150537912,0.3747567203447046
0.04945717876155087,0.01852358608352625
0.014895913109031156,0.9843183676118962
0.027543613820282586,0.4646089151193899
0.01591717786587976,0.9696405024823698
0.034634810091735746,0.20004637100602995
0.030103775889501527,0.35038595410066903
0.02889650039517433,0.4014960222420697
0.034798875971740695,0.19574033143133668
0.018516319448858468,0.9005301359611677
0.031127834239758345,0.3108129376998653
0.01966878584187015,0.8559238413039041
0.023427366047880094,0.6742338232732985
0.01516671646421841,0.981053733271116
0.0370168475167606,0.1443966213209617
0.025237437295353493,0.5805304276552716
0.028019451411642693,0.441703576478207
0.020243806198273373,0.8310642818283958
0.02248740956712114,0.7226750441273744
0.034399757902412786,0.2063442634974045
0.022974709682023392,0.697665120861122
0.026659242800427974,0.5092156966384507
0.03153611688097657,0.29598188231570793
0.024817347094431674,0.6021136812237282
0.031507589704557526,0.2970008675746765
0.015366746208207216,0.9783604309475812
0.02296336094155138,0.6982505734374074
0.04953228753230221,0.018262615579925787
0.034738287908676946,0.19732196543230782
0.02160389131581808,0.7670257678605725
0.030239994403470694,0.3449239102060503
0.022113425796267183,0.7416376022092369
0.023218902479597014,0.6850417458518707
0.01943649344342896,0.8655079043763638
0.0262024870400282,0.5318041084849364
0.01860498581789044,0.897373724106307
0.033215787887631576,0.24044271063932077
0.03317003423128631,0.24184206961818913
0.018580587895236866,0.8982471171355462
0.019542624745095716,0.8611636900823006
0.040993427531279436,0.07985723495423816
0.032036011753604265,0.2785425632571879
0.046725067618787364,0.030586253149416716
0.027326334270360186,0.4753233222203035
0.02879821534418814,0.4058723339421461
0.018097947367919087,0.9147521644266033
0.024937794340553543,0.5959076859306476
0.02097626294790278,0.7973634236877218
0.038370026208979446,0.11883794988284806
0.025541820616439614,0.5650164647036622
0.034918178776223274,0.19265506187710515
0.023683402427236877,0.6609345198642677
0.031039187447274685,0.3141036921648125
0.019039985833368744,0.8811988134860875
0.024046278349289935,0.6420698387711222
0.04322001514021567,0.05582878302047948
0.01665349214398748,0.9547988469135589
0.03962492955691965,0.09858076127714524
0.021758224894984357,0.7593986348635537
0.04067103839351088,0.08397371345904346
0.03243418288430647,0.26520967873623136
0.016550121225655134,0.9571085033944904
0.03243535792977781,0.26517105514743144
0.03460928309077316,0.20072296285602093
0.019329372556630142,0.8698320689423232
0.019028464722358307,0.881641574450093
0.025355232048397736,0.5745127713778557
0.030846475603220846,0.321345115562795
0.0266181671588306,0.5113515902419203
0.020680782086789196,0.8112052586156894
0.028845367653435816,0.403768726027337
0.02924813867962006,0.3861053881257922
0.053296369881044914,0.00872542076186972
0.04272616182485489,0.060540457098878286
0.02246522016344249,0.7238065329017958
0.02525442296169289,0.5796616786742023
0.03263278337984021,0.258741629809412
0.029542372487640522,0.3735465515656184
0.01736901300926555,0.9367623466717464
0.014483950203440288,0.988493971724457
0.020989620871099235,0.7967304562424283
0.024001447218073513,0.6444001273902249
0.02586106887330275,0.5488815105685436
0.030941751887843094,0.3177499538586543
0.032500389656958395,0.26304006354185266
0.0326877463547115,0.2569728099003487
0.026057662728601327,0.5390241255097366
0.026922171705871523,0.49567805606217596
0.0381692718239072,0.1223764111290328
0.03330741267044326,0.23765900496791725
0.031225503418659595,0.3072165236782634
0.0470007689671523,0.02911441350431881
0.027833622597037366,0.45055741280719175
0.022744392811361536,0.7095210648478965
0.02485852398385835,0.5999906168312187
0.03875718479388268,0.11225165027396128
0.02092324802369934,0.799869576140311
0.030528063378608028,0.33357426910435295
0.016047302456321022,0.9672874970893384
0.030335384982147023,0.3411354059203912
0.031119102974391688,0.3111359369380955
0.026037212061645942,0.5400465669988426
0.02468457139685093,0.6089689737817636
0.03696673448031407,0.145422637588866
0.02873666379060158,0.40862963620165427
0.026214237126000295,0.5312199344172761
0.03522353773453174,0.18493230874448927
0.01280666545032172,0.9976876156267204
0.029920158621179915,0.35784573268848835
0.025129518502711168,0.5860577086428355
0.03133240599548459,0.30331518040648503
0.018546934373458113,0.8994457973970276
0.029133863824969075,0.3910613529154323
0.03583253902979899,0.1702618150893182
0.03872166776155361,0.11284302118931755
0.025450552677126925,0.5696557986089734
0.02887824764228747,0.40230629198360396
0.033037281635459825,0.24593743841926421
0.03211394757308261,0.2758942257596873
0.03064186001589453,0.32916575476091964
0.02033413770578571,0.8270231407680286
0.041537330798674055,0.07329878656486001
0.03632525259043062,0.15908430233313
0.018641422486491588,0.8960625445149296
0.02690732189281364,0.4964364377811073
0.021762185827338798,0.7592021229741486
0.04288039920748565,0.059033624765472754
0.023732624197274038,0.6583759583637496
0.028975426815114586,0.398005286345978
0.05017376367202131,0.016164205958718026
0.031756533621053795,0.2881955183189392
0.03137616368961904,0.30172881281217606
0.020169871554269303,0.8343456935025712
0.035313093056096534,0.1827143662964391
0.01976067172719742,0.8520570247794951
0.026064332401072865,0.5386908247261035
0.02578555365530477,0.552684346206125
0.020260140718252106,0.8303361110232272
0.02091634271213283,0.8001952996530138
0.027632814520953425,0.4602565979084206
0.01885255086489116,0.8883063020464802
0.043441335008662874,0.05382177282373431
0.022424300457706214,0.7258911680933221
0.02965615353867801,0.3687677198917054
0.05409125274676996,0.007413880755719053
0.025201348382034527,0.5823773373636916
0.02119052598546267,0.7871400016107251
0.020939082646808743,0.7991220376654848
0.02639461848445862,0.5222834069768215
0.024601595515100605,0.6132597591942689
0.030905318498660517,0.31912126077413644
0.04229044017054495,0.06497650247803297
0.026586214738179126,0.5130170023155786
0.022387964905261404,0.7277400856626066
0.0192011294497601,0.8749269169631312
0.02154348676761797,0.7699945549180908
0.028645797905517356,0.41272352640339516
0.02947897785965664,0.3762279178942863
0.028434775846755578,0.42233871804879014
0.0344035544055275,0.2062413272338035
0.01848459519610554,0.9016475942938614
0.040539313949548905,0.08570635251841807
0.02473888998098764,0.6061627995753669
0.04857850191384794,0.021833333150090957
0.026286554998842804,0.5276299885583466
0.03299455032727494,0.2472668545962698
0.033656934206509725,0.2272660780967784
0.03255133294138446,0.2613797604227053
0.02082229789234219,0.804614823044314
0.020326571506066884,0.8273629576437482
0.025786845876733244,0.5526191977556844
0.02125448255957163,0.7840602167160412
0.049133906275755534,0.01968522889670433
0.025674923708113084,0.5582711711205572
0.015058591138956912,0.9824088220951633
0.05145590883880852,0.012605563313920942
0.030103329678477453,0.3504039468665481
0.03365366623073485,0.22736160340194728
0.018210311468556978,0.9110431469365969
0.015233238583069464,0.9801851911307481
0.05018559702460068,0.01612761410173992
0.03353210564414022,0.23093691074017758
0.03610268859944421,0.1640581967976829
0.026160289133102754,0.5339040586169217
0.01609843036899472,0.9663316688261209
0.023455179513918734,0.6727901801057097
0.02142647878610754,0.7757176145229835
0.025047156057337205,0.5902845848993399
0.03762753629695337,0.13235825384033206
0.03242688985345232,0.26544949435537096
0.02205167657826971,0.7447442792665848
0.045267600967149935,0.03950587126745807
0.024481824522318174,0.6194612168907269
0.028836495064619605,0.4041639857609544
0.03951013292089017,0.10030556479024205
0.01675800669333727,0.9523877266240122
0.01673519867035622,0.9529204201833557
0.036431245119655675,0.1567584682450506
0.01808575961653111,0.9151495022536309
0.01698902531490082,0.9467868126400881
0.0180476550739761,0.916385457829529
0.03324838556933979,0.23944950111877145
0.02256729041663086,0.7185957931556601
0.02855838311179057,0.41668828427820703
0.04734449612089786,0.02736711183974905
0.020582133916231704,0.815755033053337
0.021924662086693913,0.7511101572555375
0.026049443321570998,0.5394349741169759
0.01981658066421471,0.849683835762068
0.025207902466692245,0.5820418105787083
0.020720527390314047,0.8093617502430546
0.018982615946957937,0.8833959845877046
0.016028128599646252,0.9676413824161652
0.05049681910648873,0.015191499891877618
0.05913879850223325,0.002491202759349281
0.03216278294444175,0.2742443687203935
0.028446858298334626,0.42178411404866656
0.033160835205121225,0.24212416745451962
0.02753404530010406,0.46507738788788866
0.024427422839599755,0.6222807672943004
0.019616722677426035,0.858096018246676
0.03839230152322637,0.11845056993609382
0.02734590276459073,0.4743518170706105
0.03815878290155894,0.1225636394854323
0.027489440887966565,0.4672653047713018
0.0488147676768782,0.020895289762204245
0.05256433903213936,0.010115980961925675
0.021032495618837244,0.7946947964216737
0.03045859757724445,0.33628622333753766
0.05178058455665674,0.01182452435760326
0.03430617632456351,0.2088942654786832
0.019369752509513005,0.8682092782912089
0.022255385905108338,0.7344679789994781
0.04737300361724234,0.027226444610636974
0.03215096231119591,0.27464303897950787
0.03217588471171351,0.2738029962010654
0.025234083370191784,0.5807020071869919
0.04317507223879863,0.056244113035424544
0.02294890045634801,0.6989963784190301
0.03023925492905366,0.3449533960607477
0.025992981020700454,0.542260318517533
0.027710754260427573,0.45647581143470456
0.027241517027249418,0.4795491737684666
0.03172086762876386,0.28944503605285055
0.022935666715220293,0.6996787395284716
0.03649038328883725,0.1554726988741348
0.0214275165886062,0.7756670189319191
0.013716390602156459,0.9940396703102276
0.022133902089496837,0.7406057761153408
0.03759046110654696,0.13306499618863965
0.019722026073950905,0.8536884572105308
0.01820226962666338,0.911311332735307
0.01911682081762356,0.8782266170765488
0.02946921812356129,0.3766419146782339
0.0400493453024095,0.09241727613310498
0.02802988043773147,0.44121015540968983
0.021165121189749447,0.7883598545761393
0.027023924634001162,0.4905015306037295
0.046969292397454177,0.029279233719077438
0.02822824786486977,0.4318951700334541
0.028098785733418286,0.43795935844855854
0.023854010318908436,0.6520652134063025
0.022047747770690074,0.7449416864952372
0.041120277566470076,0.07828491558597976
0.02471675171260279,0.6073062237753307
0.021803811758609126,0.7571347242687638
0.02521794684773271,0.5815276981093267
0.02412560681234066,0.6379473189590575
0.024733927367472736,0.6064190818240568
0.04090534395772605,0.08096466158631058
0.0351790672327868,0.18604154673286635
0.03634727115209785,0.1585988758277358
0.028017101677790923,0.4418147986797029
0.03175931367697782,0.2880982905444477
0.01881075820814193,0.88986290799296
0.025972101672131154,0.5433064523495508
0.03970495564519938,0.09739306489016422
0.027044427056518217,0.4894627302904938
0.02501422815901283,0.5919764165757408
0.04295151771349043,0.0583497376009601
0.043066527915855135,0.0572581723786377
0.028574693529747675,0.4159465521024322
0.03962741845787798,0.0985436414727066
0.0291264295547099,0.39138529000727756
0.03546906394168181,0.17890184616078283
0.034632971665224555,0.2000950386839148
0.029194845065100394,0.3884112052765083
0.04009615279318923,0.09175771599678144
0.018205790847147796,0.9111939559020213
0.021304331027864,0.7816512280105226
0.024260341722806,0.6309492756933461
0.04259134028721012,0.06188448300749658
0.026695556581552427,0.5073321355558659
0.021083936781325696,0.7922444075723349
0.028812740053826835,0.4052235422837859
0.02227966944219667,0.7332379075815896
0.020757364570081815,0.8076478989672503
0.03842575020803374,0.1178708312050895
0.055565347028051715,0.005446130459886102
0.029966817822254077,0.3559395265359029
0.032420493943326634,0.26565994431993745
0.03457848590990864,0.20154162189227742
0.02374049537837536,0.6579667807847605
0.025582246777542894,0.5629651398652101
0.033218110156453484,0.24037185014971132
0.03182990530294172,0.2856376141215993
0.020944332630378704,0.7988740008724248
0.03386831966878995,0.22115254055080297
0.018111371296824608,0.9143133966116026
0.03966977949604322,0.09791364821869006
0.031436585544720286,0.2995483542435621
0.03416038782920405,0.2129156468080883
0.01907691716015214,0.879774402452872
0.023956577258520073,0.6467327019265737
0.02222296232320431,0.7361087618515952
0.03455600135117309,0.20214095974645785
0.033376878983627956,0.23556499339104675
0.027047345005936863,0.4893150013294453
0.023086906845507293,0.691871024917067
0.017804836801066592,0.9240348740861448
0.034410331996679866,0.20605766296534903
0.0275298698678742,0.465281913424542
0.024515216869441137,0.6177313642283659
0.02232496420450547,0.7309408121868877
0.03156817347082719,0.2948399089461533
0.014383868056088711,0.9893733855456666
0.022537967907651835,0.7200942561302002
0.020419970247206543,0.8231514688187727
0.02056224127002826,0.816667964613453
0.023898736639180518,0.6497398160951029
0.025358989878569382,0.5743210768611575
0.023751583433914425,0.6573903640342874
0.0346676233325075,0.19917928120292477
0.019239499084434203,0.8734120563858387
0.016661888115409862,0.9546079761594602
0.045111681447412344,0.04058287176835742
0.021917965629686342,0.7514448327131136
0.04891306200167278,0.020515719438636663
0.03790087688645216,0.12724173108223258
0.017277579183405556,0.9392664173517236
0.030147127950317903,0.3486409887707745
0.034971618620404765,0.19128551965206958
0.028709096654142674,0.40986870199906733
0.01758699002454328,0.9305593770029243
0.025409413758241017,0.5717505693515874
0.034517623489316085,0.20316715930935217
0.03078334592819132,0.32374347445928764
0.02036043491696332,0.8258401990526695
0.020453323939953943,0.8216387916566215
0.03866639165010821,0.11376850437243514
0.02779943025584186,0.4521992693151363
0.020398582365092094,0.8241190712340289
0.022380142202866382,0.7281378661071036
0.030285871591614555,0.34309812454490635
0.0174453657182983,0.9346268836054524
0.02120912201804659,0.7862458139927438
0.02041849952762087,0.8232180652913814
0.02571721936307797,0.556133081186089
0.02834565470330891,0.42644479849806244
0.024849225647927464,0.600469907910261
0.022993947376590995,0.6966724269464637
0.029076403627407488,0.3935699318004824
0.016455058337866646,0.959166801751737
0.016236535235682276,0.9636607975307472
0.04157677548832256,0.07284146815758354
0.01924700599522483,0.873114725204067
0.026939432516784045,0.4947974787867618
0.021662680291479885,0.7641273862405553
0.025996163688845664,0.5421009181230574
0.030028376850393057,0.35343565460174303
0.024729116583883992,0.6066675413788212
0.036822631900329694,0.14840589920070657
0.01583734200624831,0.971027990165403
0.03810462047297991,0.12353418943501657
0.021258469953144288,0.7838677945793538
0.02518927828171913,0.5829953757352662
0.02214237872216518,0.7401783935606316
0.019061564285753452,0.8803674972036539
0.02513987363304393,0.5855267890462243
0.026053011236672474,0.539256617180762
0.019113160257095238,0.8783689793282379
0.03961094338569571,0.09878956979372626
0.035617795071092584,0.17532529696164173
0.031237687357331123,0.30677003011051096
0.0600481747045708,0.0020257636766060068
0.022398298295977392,0.7272144881516961
0.028575615577262403,0.4159046479768005
0.029290954830810845,0.38425980507259544
0.021017209513903734,0.7954212705039345
0.021840036091792497,0.7553323350883745
0.023615244387750645,0.6644766697086255
0.02345086560893994,0.6730141122047927
0.029936416190520343,0.3571807287563861
0.018399380075423966,0.9046179158284524
0.02854808182765689,0.417157209104314
0.020531580495399687,0.818072041955171
0.025051870544315458,0.5900424448842304
0.01739355121593733,0.9360804528434694
0.020692045784571733,0.8106834132965264
0.02191542621724496,0.7515717219923218
0.017867633476322475,0.9220944230823661
0.02667759049544094,0.5082634654021597
0.028613328336129285,0.41419318810162165
0.031239936398594126,0.3066876636085556
0.016876966079479416,0.9495503171979981
0.019550378306638888,0.8608440145450045
0.03526916432650873,0.1837996698902808
0.037217345314837,0.1403501102316445
0.02463895382330833,0.611327319654865
0.023248189248450957,0.6835248528840152
0.031476006513364685,0.2981320289492181
0.033867879058017636,0.22116515008792792
0.017534216916299916,0.9320911708003247
0.02258196788239894,0.7178452836840971
0.034452744191492135,0.20491124037944117
0.03252603664721282,0.2622032067186868
0.01923850174118591,0.8734515354076178
0.02326915566549842,0.6824385780292345
0.029589306914191815,0.3715700527874247
0.01728862327430658,0.9389670408179398
0.024744922630852484,0.6058512836849519
0.031732912971656424,0.28902259280508413
0.034349204623551954,0.20771875783510774
0.03212582191637814,0.27549238122406117
0.0228947788815983,0.7017859277584366
0.02736124561532219,0.47359100649411173
0.03169948190068367,0.29019618396284785
0.020540401403073213,0.8176684768812479
0.025562662904668187,0.5639585921642652
0.023111194118252465,0.6906154033473677
0.02607904408113193,0.5379559111588508
0.014700091457382714,0.986417838468824
0.0271992449354711,0.48166438434682124
0.018827688032222095,0.8892335933261297
0.020555172184145182,0.8169920133508097
0.023629715026106668,0.6637247192507729
0.03081058630515321,0.3227069978712746
0.022254153649423403,0.7345303708605087
0.02537248242074608,0.5736329402384976
0.036579515785937544,0.1535508359390789
0.02471357735893942,0.6074702073962898
0.028276914802531472,0.4296302378879266
0.023194314932563465,0.6863148122741518
0.02317728808909092,0.6871961685728849
0.03291796033228411,0.2496633186428497
0.023723059030450355,0.6588731859987873
0.03671579546772752,0.15064941467053075
0.02771789272434011,0.45613056063328233
0.02474813911043866,0.6056852017248571
0.030699791031833207,0.3269377328059483
0.032037727247672954,0.2784840655717811
0.04928429084992636,0.01913699261726899
0.018772073983923,0.8912944479322207
0.02795541305830984,0.4447414646409355
0.03151294676097305,0.296809317455085
0.014819323537350354,0.9851649415825318
0.03683721025269471,0.14810186349879637
0.03093572087929164,0.31797665665356317
0.02727860237484314,0.4776984748180204
0.022457883251669863,0.7241804963746633
0.019603699168817657,0.8586372330912012
0.0265277461905713,0.5157269885706937
0.024999291067506646,0.5927442396379998
0.03247449429040772,0.26388706473623286
0.0257788314311167,0.5530232940453308
0.02799282577603157,0.44296496931769497
0.01797655301296014,0.91866606210219
0.022591179078799734,0.7173741325387746
0.019297547543914717,0.8711048261654336
0.022364356766855886,0.7289402473630139
0.031161973244459684,0.30955237337941494
0.021874230498354852,0.7536282144998387
0.05187279150824986,0.011610818076019568
0.04617371710704504,0.03372728712017011
0.027107285334448394,0.4862867246048769
0.03632152926840837,0.15916650529378218
0.03223380576498741,0.27185811973220114
0.02323010009759524,0.6844618359342387
0.03740022978989754,0.13673980429823798
0.01921339279108525,0.8744436393620525
0.020769247215990383,0.8070939960696779
0.03877738670589115,0.11191642541799346
0.024823855911558945,0.6017779928397147
0.03974204100681622,0.09684672939947014
0.018771958610576026,0.8912987039972083
0.03137213111739445,0.30187475173261813
0.031245852906478966,0.3064710611335619
0.023242378267619546,0.6838258730157798
0.021331806592535446,0.780320292571504
0.030124783074055916,0.34953961725144556
0.03887769817340636,0.11026411639596223
0.030785993615757956,0.3236426260617437
0.03424263796022342,0.21063955783401028
0.043795582724233395,0.050738700633033144
0.04610454172098977,0.034140709623994916
0.02152860038288784,0.7707247259434461
0.028982902649320574,0.39767573635650866
0.02930266137914439,0.38375626798131995
0.016840322882952674,0.9504348919452901
0.030667600015659546,0.32817444545710633
0.030270061965353978,0.34372652088989203
0.017690121856877405,0.9275108322003014
0.026900082101437683,0.49680644435246085
0.02067614434995438,0.8114199857437221
0.028640610936630395,0.41295806349721215
0.02917075791306256,0.38945650003800486
0.03973723808789531,0.09691734070217424
0.03420886416479785,0.21157187217433857
0.028336958952806413,0.4268468789455264
0.03440962755803789,0.2060767464325642
0.028573154836687542,0.41601648721234147
0.02971931452708393,0.36613359956778846
0.014486249493506187,0.9884731708981622
0.04117432929895143,0.07762293547530416
0.020927053541445306,0.7996899996680962
0.029180960614259344,0.389013501741377
0.038200840302096584,0.1218143267018027
0.015445559482959115,0.9772312595518798
0.027251388957393874,0.479056072740555
0.032763190223784155,0.25455978274141666
0.028224839165263693,0.4320541098885124
0.02389079371349989,0.6501527795496936
0.021564410075011836,0.76896728568311
0.03891116815794374,0.10971731639141885
0.02026581913387926,0.8300827059965289
0.04222581062665509,0.065657572722095
0.0263462762635277,0.5246725276855604
0.0291937967133169,0.3884566593215123
0.018749683049193444,0.8921189386018195
0.0182567807398821,0.9094852485422705
0.015051698235685751,0.9824928575375991
0.01585882102531011,0.9706588745732443
0.04161133434461073,0.07244278855867045
0.03426535724330759,0.2100141992512799
0.022969380635105507,0.6979400476831202
0.028712926664854144,0.4096964000664949
0.02383653580087436,0.652973743967751
0.04279684483038776,0.05984587189467171
0.043209513977965464,0.055925590314256535
0.013893902243250766,0.9929887474210763
0.026847186648441462,0.4995151508790936
0.021032622733380912,0.794688752045247
0.022417969984068198,0.7262134405752237
0.015647122343241837,0.9741641261526721
0.029814599656548188,0.362184907601646
0.026839365028937134,0.4999164857296114
0.03557368028661978,0.1763801536516064
0.02465889166410229,0.6102963865539834
0.037723100429975565,0.1305506810574092
0.030675024105599524,0.32788892745923354
0.02396846481114967,0.6461147036503888
0.019780382759224335,0.8512220867769049
0.06274125440767031,0.001077820764543962
0.033475330123546934,0.23262150443401008
0.04601230689899305,0.03469885521408286
0.02998210082171282,0.3553167283716323
0.028476964139523386,0.4204043581179168
0.023068648658433832,0.6928146411918876
0.03797341911824703,0.12591136789354068
0.016108917125739766,0.9661334266430437
0.021038578624206883,0.7944054859192861
0.029417831041750553,0.37882695750613127
0.03313479119074547,0.24292419628656242
0.018359349399291534,0.9059973947526802
0.03219607876470232,0.2731237401538754
0.020369645210461806,0.8254252042449826
0.04022173625566933,0.09000758451907594
0.02958247811061554,0.3718571690688208
0.02752851844981896,0.46534812270069054
0.03252762138669135,0.26215156285154656
0.030872708021979944,0.3203523246508272
0.02940504835924551,0.37937186727838046
0.015166844698608961,0.981052084699329
0.018362009671274215,0.9059060364851971
0.06835446606929785,0.00026465703424167694
0.018509455363836302,0.9007724505929757
0.033305549964674,0.23771535031910515
0.012780103507273766,0.997757910916296
0.02540191639061734,0.5721325660509378
0.02356015979848536,0.6673385868694313
0.01645711919232873,0.9591228465409346
0.02257538009452653,0.7181821767183866
0.03378924226494656,0.22342451267327426
0.022872915911029357,0.7029119653589704
0.03807077231514111,0.12414391749086252
0.0245287551632285,0.6170302147560596
0.03928371106289302,0.10378122013390234
0.0385736246200763,0.1153357699188634
0.026683443546861696,0.5079599345234077
0.03018219924563026,0.3472338772719525
0.0469912698821105,0.029164067008469317
0.031995256418063334,0.2799350021717107
0.026527351270638155,0.5157463875411288
0.017362284265657668,0.9369486030855069
0.03190276230198197,0.2831143806043792
0.01883278265036281,0.8890438822427896
0.024366241929179466,0.6254534963660421
0.0288931991598117,0.4016424862307135
0.036351393861213,0.15850811785459407
0.028803935590956287,0.4056167361498639
0.05982119518068574,0.0021337141630951525
0.027649501857174186,0.45944537748638664
0.018887150095594718,0.8870097847218409
0.02358313974950682,0.6661447650754017
0.03573529150526922,0.17254020630457684
0.036490968327224094,0.15546002158322653
0.03983650481973311,0.09546665111880626
0.031242953294014164,0.3065772014948389
0.038164239693261326,0.12246620586598758
0.021706100632055636,0.7619811549218078
0.023652764083757383,0.6625269033544938
0.05276059182653969,0.00972473253652349
0.026804062984408072,0.501730431159901
0.024368447086940526,0.6253391095721199
0.028512670997557832,0.4187718852173503
0.02557444335321002,0.5633609286446352
0.0265429910110348,0.5152753445200199
0.02903980590388988,0.39517349877503477
0.04070946385391616,0.08347387566610491
0.017813796252258096,0.9237596464709228
0.024226999233322832,0.6326805218597849
0.044702204026132925,0.04353397939456359
0.03540371226939715,0.1804915429520565
0.05108745590670133,0.013547990688769738
0.048950786909075505,0.02037168073477078
0.018957297465861722,0.8843595839523807
0.026874142870447593,0.4981335801656333
0.01584612476250946,0.9708774294399695
0.03294078141827039,0.24894741986478347
0.0276871416655326,0.4576190623510958
0.024449452059099153,0.6211388364856216
0.03618387691138536,0.1622295653227195
0.04352709596809623,0.05306094008872742
0.023936758719416196,0.6477630361517852
0.028632928047236494,0.4133056248456239
0.0369615199172334,0.14552973874299313
0.03084746509237729,0.32130762688767234
0.025321975613616488,0.5762100102472881
0.03263177104017234,0.25877429499169535
0.04279960584217524,0.05981887930547434
0.029861308801190756,0.36026028228409795
0.018446026312901098,0.9029976495350223
0.024112098312513625,0.6386492272281925
0.016552841719733036,0.957048673424963
0.030495899034891027,0.33482800386421946
0.019101505746610736,0.8788217275877502
0.03148711060398679,0.297733971197346
0.01873856544347441,0.892527194757858
0.033784597487724444,0.22355851974830357
0.026571937375130555,0.5137622691609116
0.030127957202757738,0.34941186493882453
0.030088583484584652,0.3509989347545943
0.049211903903647713,0.019399159871905856
0.020538915783059775,0.8177364669269369
0.018318943431288925,0.9073794518240239
0.027048285312396336,0.4892674019352422
0.01964832957251461,0.8567789521099299
0.02765485251324662,0.45918546627023565
0.022321812943340347,0.7311007388446091
0.028872540177445116,0.4025598864992765
0.02513198205091427,0.5859313891216578
0.0373374796407161,0.13796994050552364
0.05224673943201641,0.010779415661770724
0.020402546309190805,0.8239398816638842
0.04870241798146746,0.02133678181018022
0.02258745015321703,0.7175648803926471
0.027049523699410383,0.4892047179156056
0.016710277460926126,0.9534983060731905
0.02487504021587772,0.5991394594462855
0.02161628003461047,0.7664157153184712
0.017449009351151568,0.9345239690802383
0.0261348278725011,0.5351726326162805
0.0294400877377482,0.37787948906887814
0.025367424194141674,0.5738908894750693
0.01849298947696565,0.9013525259021978
0.033213148898477596,0.2405232547332335
0.024971783241218348,0.5941588178921191
0.02789839032225072,0.44745824925806227
0.01840656654434103,0.904369189140478
0.018157041510428046,0.9128118037994541
0.031305436803326314,0.30429595436069223
0.02553377026906721,0.5654252284145305
0.020444380249420524,0.8220448556567138
0.017619535880987747,0.9296051809004793
0.03738277511331084,0.13708108179785378
0.022350595226615255,0.7296394225120946
0.028555173280439217,0.41683436051429645
0.024196662421460124,0.6342560336768528
0.028463195670053287,0.42103498859161237
0.048772493595386546,0.021060447616799805
0.019372235933886033,0.8681091873871551
0.019697489697972137,0.8547204194486739
0.024244131961121074,0.6317908877451134
0.019671085434115665,0.8558275822051322
0.02472275438986371,0.6069961530231155
0.03649135838014761,0.1554515699255212
0.027683550161158532,0.4577931178517783
0.01512161006244872,0.9816274985628416
0.029509066871658884,0.3749535834833777
0.0323586940224635,0.2676998668283716
0.029133598910736302,0.391072892957217
0.016124463787611232,0.965838154730709
0.019489462875601826,0.8633471140565673
0.036922202452107755,0.14633933042907865
0.04539182449811885,0.03866573899721931
0.053781600001986285,0.00790182937815648
0.023982355002034356,0.6453926125691066
0.020800101920918523,0.8056533241913403
0.02265264970767722,0.7142270128815131
0.020695964996845673,0.8105017253358889
0.027208547828633578,0.4811983676320106
0.04527522736701717,0.039453838282764685
0.03840476187657055,0.11823433115362562
0.030002704459718643,0.3544783346490902
0.032132521635542866,0.27526584644660124
0.02887186538201328,0.402589876329515
0.028212203753294973,0.4326436138456402
0.01233731645016628,0.9987008509669653
0.02829221554974226,0.4289198084713982
0.030081737489665195,0.3512754054163985
0.020530071801239336,0.818141035412382
0.01903837611465764,0.8812607214322563
0.048006815582297246,0.024259674388690592
0.022130272752834856,0.7407887214901224
0.04454918503272576,0.04468373134884469
0.025673349551599278,0.5583507970455373
0.026189596931766673,0.5324452425033377
0.02309483427044312,0.6914612379714073
0.03954434297492104,0.0997889542446472
0.04822876321614106,0.023290657008190472
0.026934995295554764,0.49502375206234234
0.023857089604434,0.6519051156178403
0.016727810042336477,0.9530922047445692
0.01638138276761808,0.9607188464443674
0.019752849688439933,0.8523878286788217
0.03201956779481174,0.2791037611584593
0.021420066079539613,0.7760301839722777
0.019175797383364168,0.8759225587367254
0.04157994809925569,0.07280479064497428
0.027916886660769413,0.4465758033352669
0.05807586181878893,0.0031597966159810976
0.028214733373695844,0.43252555130975556
0.028767683046658055,0.40723847809118263
0.026160987191077845,0.5338692947443691
0.04260013928560075,0.06179599389343535
0.023885190747955143,0.6504440863995946
0.021544220368356015,0.7699585569203387
0.02190832699848011,0.7519263810472252
0.03257552809444114,0.26059398466105543
0.017130920577704822,0.9431613740299593
0.024413915903555572,0.622981052425347
0.024358925062574144,0.6258330558111831
0.032705061775376965,0.25641746281924177
0.03840306892248013,0.11826369183834284
0.01311420922170492,0.9967405260152691
0.021334970407468512,0.780166893359129
0.033264213464150094,0.23896837775282564
0.023749271211121248,0.6575105669415353
0.02345586928198279,0.6727543739753028
0.038613234604068625,0.11466440894581663
0.021182381575828968,0.7875312875641073
0.022594675865280855,0.7171952422641006
0.03647450013331466,0.15581719126806723
0.02304737598749773,0.6939137070400996
0.047602482196913765,0.02611718086499413
0.026307989647089414,0.5265677682470222
0.024984526871191903,0.5935033907109191
0.025296429972114343,0.5775146470022835
0.02629109822329767,0.5274047734022185
0.026651754848353693,0.5096046405519151
0.04886958431839983,0.020682847531378314
0.026162116580021266,0.5338130520362394
0.03718586628861503,0.14097927086164375
0.024234060839235183,0.6323138285053737
0.025859002918153018,0.5489854307150218
0.019881578649634468,0.8469057918482906
0.03598477339451889,0.1667433607297479
0.02395623129052371,0.646750687966682
0.02381010132100736,0.6543481026997977
0.03381592380842868,0.22265592049603367
0.028248225464777788,0.4309644522322887
0.031247092198780635,0.3064257050390515
0.026968863723582426,0.49329833404003076
0.029767170751697547,0.3641466192538831
0.023099999486011685,0.6911942092956977
0.03231658958684819,0.26909639558744175
0.023598860552264067,0.6653279757333692
0.015536254749342754,0.9758833391911137
0.02613687132358805,0.5350707786431388
0.022718813844500252,0.7108341717160439
0.023575106001068602,0.666562140130871
0.03439401738323761,0.20649998479749168
0.040414879688720706,0.08737062233083744
0.035595249313820965,0.17586377506265946
0.02695075598438265,0.49422034668937626
0.030387302745421008,0.33908603925345276
0.04495613190140779,0.04168272582876113
0.017185964355326933,0.9417171089960819
0.023005865281407634,0.6960572775074756
0.023346047594478447,0.6784526012912571
0.03134377973312963,0.3029022548901344
0.02244354927394951,0.7249108655626906
0.02153965733649929,0.7701824430829324
0.033804860581531426,0.22297436122642642
0.03786841195790147,0.12784082513113687
0.023824946118617463,0.6535763079079833
0.017955737241238445,0.9193273808129853
0.024919978393822872,0.5968248229183506
0.02522378546223414,0.581228907017183
0.03688577675039173,0.14709262365285838
0.02958827666457331,0.37161335953519814
0.02726677786676357,0.47828805717834444
0.03489014415165137,0.19337660225407907
0.028976926733577213,0.3979391517777424
0.01852500142072888,0.9002232255243637
0.03760463532053471,0.13279443910868832
0.030138255899300526,0.3489975923945792
0.031229106522141503,0.30708443449448386
0.04921718556447208,0.019379923242713204
0.029170790457661577,0.3894550864044748
0.024857034792929444,0.6000673734524453
0.023377131484601965,0.6768403533801601
0.05113711298552459,0.013417386625947882
0.034502196269773855,0.20358081834168576
0.03333701648993348,0.23676488437518778
0.04085784973976836,0.08156713970714363
0.019565240538879647,0.8602303836656688
0.014179338366860084,0.9910173104684156
0.019967201730846984,0.8432155052633605
0.034219537286986124,0.2112768981966107
0.02578869490549185,0.5525259818287425
0.0296337000901008,0.36970734519301984
0.0236005350003321,0.6652409743348425
0.02409247110478885,0.6396691426787913
0.010177461098434759,0.9999713141357082
0.021027402035894815,0.7949369555533599
0.04746341683801736,0.02678452662644411
0.03305861419565931,0.2452757994364532
0.02864455050769696,0.4127799211804032
0.03466223778168531,0.19932139214936012
0.02135342730464629,0.7792714214928224
0.02311821788511037,0.6902521978700236
0.019818802097073845,0.8495892270672804
0.024762547137688662,0.6049413476719606
0.03354389002122571,0.2305884323498317
0.021539843749624477,0.7701732977617374
0.03659145261769986,0.1532949139461016
0.03054278095074725,0.3330017220445844
0.02880540127490855,0.4055512627788444
0.037913391617878434,0.1270114038948946
0.021417573234562504,0.7761516596444299
0.023025064683376506,0.6950660252322263
0.035556462611812,0.17679322099634331
0.023406605837961614,0.6753111527868012
0.025431415773873978,0.5706299663201949
0.03382953791384952,0.22226453804416785
0.026030821614977245,0.5403662050424347
0.023746387181566075,0.6576604948969486
0.025632592681916866,0.5604136610476187
0.04564034666798222,0.03703167694132554
0.025070290987874944,0.5890965740391135
0.03221344845902269,0.27254049544536363
0.023734825624352474,0.6582615195563719
0.02230996422443851,0.7317019125243482
0.032462872315564884,0.26426787026530635
0.0264313694782754,0.5204700724472806
0.031106760929494492,0.3115929297296954
0.02559586137121944,0.5622748132189639
0.024357174608878596,0.6259238635223764
0.03250336839236939,0.26294276476893824
0.02424922092222248,0.6315266582473817
0.030733744177739664,0.3256369816240218
0.026298910240918905,0.5270176068327667
0.028921267493481673,0.4003983675837215
0.025500883499133986,0.5670959994723879
0.02458490699982696,0.6141233114709224
0.02334671318401793,0.6784180838872234
0.05150632128553817,0.012481320094444168
0.04391178039970994,0.0497612050709269
0.028110869990629006,0.43739090994364127
0.024451185323094704,0.6210490000367734
0.01528644846674343,0.9794710782839502
0.024320586962268242,0.6278222216755667
0.026350179094048576,0.5244794843143296
0.03051966095213232,0.3339014605782722
0.021118292313959064,0.7906031093136261
0.028042745486843046,0.44060198872815043
0.028641962690151845,0.4128969330326919
0.03389063309580098,0.22051469410011112
0.02426627706322776,0.6306411365166726
0.04920283901783318,0.01943221529732888
0.023092208079169563,0.6915969973993785
0.03274201278357594,0.25523539178673127
0.016944690476973,0.9478906754317651
0.022751610131612476,0.7091504200586849
0.023193693622430234,0.6863469765030592
0.01643394214035035,0.959615482522173
0.03374196693962511,0.22479135774293718
0.02812136050220472,0.4368978334552199
0.023343414352348324,0.678589158691385
0.021846485134238813,0.7550111405713891
0.023028670674987928,0.694879814455081
0.027831430013061542,0.4506625778775792
0.029533143995280287,0.37393604760316884
0.020884963510445442,0.8016733759339021
0.02936817603019931,0.38094675744673695
0.027728338184294488,0.4556256788528262
0.031148521561711273,0.3100486221067526
0.02657801972897078,0.5134446915750619
0.019638174657785612,0.8572026618876916
0.022793432984789586,0.7070014217925678
0.04859551989192923,0.021764536297906804
0.022893206754011297,0.7018669153979361
0.03576850025331313,0.17175945307616486
0.0218603253603622,0.7543215111612309
0.02143175058703073,0.7754605692637457
0.021601630142377176,0.7671370714354968
0.04335362187143532,0.054609627978268106
0.017134012692613054,0.9430808025827973
0.025970877687553573,0.5433678008503626
0.034522344223085644,0.20304071081000483
0.02487801665432446,0.5989860955019716
0.017360723231334085,0.9369917687608407
0.023438590994639574,0.6736512376309638
0.0202775482627989,0.8295588439521453
0.03036133847913053,0.34010982744808654
0.02707934547173496,0.48769677914016785
0.022470693715715695,0.7235274922927678
0.03994695211388105,0.09387393529910916
0.031530179530433994,0.29619375040570506
0.013569229859509035,0.9948170053743838
0.029561837137306535,0.37272596404311287
0.018710617407217904,0.8935501917942335
0.04618498548905969,0.03366035997603908
0.026250265632288272,0.5294302581120751
0.021052435653945212,0.7937459845867285
0.021416094996979107,0.7762236855357045
0.05377795399102836,0.007907744787491304
0.032255142797919856,0.271144278524064
0.02249262141813657,0.7224091736658712
0.02295326069624526,0.6987715181752796
0.01680490651070543,0.951280911690368
0.030278032660016607,0.343409601162147
0.039502124649826276,0.10042681992666411
0.02464092190626055,0.6112255428626747
0.03558584019966449,0.17608888844570875
0.02777781076955166,0.4532394454629698
0.020455859294857492,0.8215236217473368
0.021126917858438454,0.7901904396738002
0.020192202949165045,0.8333570874200833
0.02315744239195261,0.6882231800493721
0.017651410094567166,0.928663654593352
0.020685793026982036,0.8109731613261617
0.028937603704126236,0.39967549461248625
0.06043417214849267,0.0018537399859980181
0.04245981487830974,0.06322018024035858
0.026627592622396223,0.5108609743621612
0.018060676678762322,0.9159641663693656
0.022186017277314507,0.7379760468000033
0.01844511416781991,0.9030294647681015
0.014805394636391078,0.9853153625793996
0.020474327211853938,0.8206839224760099
0.04010559741181019,0.09162511185989325
0.015405821678572351,0.9778054572407179
0.019125477111313516,0.8778896651732164
0.0357686384617083,0.1717562096191991
0.03209444884806295,0.2765550402328399
0.027309645209684486,0.4761528979502531
0.022026319445061004,0.7460178277987899
0.03475862610782188,0.19678992922044886
0.02284933381626847,0.7041259900427095
0.033714268598398656,0.22559517468667115
0.019368197145305383,0.868271948154555
0.02078776648682315,0.8062297056440029
0.016770860896188733,0.9520859053198949
0.02793129503994471,0.4458891948209507
0.030829926686325004,0.3219725736678946
0.03604238751782718,0.1654270195229544
0.022725397279143023,0.7104962833111992
0.02911095357115434,0.3920602292169009
0.02812867850108633,0.4365540928230103
0.03371560328239831,0.2255563908899196
0.01671313011483605,0.9534323775028827
0.028391653433471442,0.42432213800980273
0.02876130920220976,0.4075240682083253
0.03995087082351223,0.09381783588817594
0.015095694428791773,0.981951657244933
0.031791448379557385,0.28697619905160643
0.026707621378771057,0.5067073269047454
0.03410326882442771,0.21450749367453753
0.021413249403137935,0.7763623174448051
0.02824929727968195,0.4309145566864128
0.0166653754396745,0.9545285518626928
0.020775572587996838,0.8067989324169225
0.035435978926182554,0.17970525530146597
0.017770544305352742,0.9250833061795645
0.02475986220441717,0.6050799522669834
0.02534060271928884,0.5752592098954877
0.027579617548567192,0.4628489604145301
0.018111523561092358,0.914308412996811
0.01599378074576918,0.9682691189374829
0.01734245903329701,0.9374955539572801
0.02472524182780378,0.6068676714652309
0.029152994990948145,0.39022859630557993
0.020389295355187242,0.8245386355257146
0.0185540584608212,0.8991926357835194
0.02206682658230258,0.743982761483549
0.024266493515720966,0.6306298994165167
0.028657351848194235,0.4122014234942845
0.02546610978244583,0.5688642142631386
0.0634746746910475,0.0009032984514585299
0.022374583684149296,0.728420454206197
0.03173837072528407,0.2888313340035661
0.02749676057115069,0.4669058003786375
0.023200621554863743,0.6859883137102601
0.02368902639663789,0.6606422035427202
0.015471994934058264,0.9768437628985719
0.022394394627664238,0.7274130642835576
0.025250701716913987,0.5798519766860422
0.014832198816562225,0.9850249345509663
0.022453961393640365,0.7243803606328272
0.03858992920355575,0.11505902737872215
0.029749500221700198,0.3648794072241408
0.025442190133439957,0.5700814367973362
0.035809152054187415,0.1708075421151437
0.02593992869448944,0.5449198394316088
0.021555684930574526,0.7693958030684455
0.0261017534210769,0.5368222043730246
0.023816589882890038,0.6540107575199119
0.02329943754892072,0.6808692026109358
0.032859154507118515,0.2515152657916741
0.03455791914439854,0.20208978566379798
0.030150937077883966,0.3484879643336804
0.02900092246795949,0.3968821604358402
0.01579762903954003,0.9717023970175014
0.020547625357358434,0.8173377456127748
0.029993643041855367,0.3548468842914626
0.023298108154821084,0.6809381103687295
0.039675939048886,0.09782232371855118
0.022924463272839812,0.7002562818980396
0.02138470498599218,0.7777516828363823
0.02901390000181718,0.3963113199360424
0.03766203002185564,0.13170347281365768
0.023095714132027267,0.6914157528208114
0.031844941103766344,0.28511552043385857
0.02112304380983887,0.7903758140735513
0.027971102188706465,0.44399590822742363
0.026242429324177308,0.5298193199044856
0.0373738714166863,0.1372554353674276
0.012792382240917055,0.9977256284700956
0.01808753440762645,0.915091702299542
0.023300233475930354,0.6808279460821725
0.031507970929203766,0.29698723326470444
0.035364869599439186,0.1814416889896232
0.03611573808262125,0.16376317179129582
0.033524628295340975,0.2311582347630467
0.02637692751320353,0.5231572058778613
0.044892576478324675,0.042139525718954
0.03539831883661726,0.18062323779847672
0.03721280509312863,0.14044071321734902
0.03450703627927443,0.20345096959287476
0.043329892174461815,0.05482447134085577
0.032252490175921134,0.2712329467754978
0.03520392435034514,0.18542088436422846
0.018515677892872007,0.9005527965100368
0.013205768269833218,0.9964071313421287
0.027492622640191422,0.46710901150949563
0.04683333841137427,0.030000612014002063
0.030478972817059025,0.33548913235304273
0.032956627699030266,0.24845123946562542
0.020257384742014106,0.8304590492979008
0.037386885290755345,0.13700065645442971
0.027615856715521025,0.46108193376209106
0.027233562676436285,0.4799467318937476
0.025922029856008832,0.5458181461257223
0.019144884809064178,0.8771326710918638
0.019551759292937954,0.860787044535567
0.015505977804121551,0.9763391305901946
0.028451930988478313,0.42155141675949864
0.02456363792169569,0.6152241487718111
0.020022678130645233,0.8408062045081973
0.022749581163901023,0.7092546236948363
0.03181739014979057,0.2860727237890026
0.02704049500178826,0.48966184650399647
0.026410820308329863,0.521483676654188
0.013651794973029152,0.9943910069686643
0.026218570404071495,0.5310045607133707
0.02909043855210658,0.39295617369901226
0.034013305139851124,0.21703339236553942
0.02505905817920845,0.5896733256796505
0.028843617669057686,0.40384666400933245
0.028198356022777316,0.4332903000787265
0.015582065699991876,0.9751825483139992
0.034027280915814306,0.2166394914260221
0.022461087291879622,0.7240171959782781
0.028916163719068133,0.40062439280461337
0.02567174757510815,0.558431833902193
0.03191370204128713,0.2827369445656713
0.03296868436938455,0.24807422355456607
0.017099186554710655,0.9439844078641582
0.02304305003764473,0.6941371637001106
0.04181883500854955,0.07008777354720079
0.025069007889529593,0.5891624484795814
0.032431518085408784,0.26529728600573216
0.026269148880961213,0.5284931862252003
0.03238603473284429,0.2667959442971059
0.05416007543320811,0.00730922745120504
0.033033515425258786,0.2460543901103865
0.0233148536443612,0.6800700525311236
0.031280807289223195,0.30519367512136014
0.02098875146750856,0.7967716713417188
0.01761010450757239,0.9298824409002335
0.021009290215536963,0.7957973311925386
0.03542531867687715,0.1799647280455251
0.012314365185690734,0.9987392096610306
0.03841810951251745,0.11800305487554202
0.027392225886843202,0.4720572078011568
0.029997342954802608,0.35469636705707186
0.017855312177316285,0.9224772496569222
0.022006313753502593,0.7470216794800355
0.022496710098081185,0.7222005711276096
0.03310333736386373,0.243893091397339
0.028899025382602805,0.40138402241413973
0.016013319690562966,0.9679130044317916
0.01990082799276116,0.8460791814976301
0.015673878999651447,0.973737309484371
0.028652026872749592,0.4124419939387776
0.044567061368855576,0.044548066056708385
0.022646089070645692,0.7145631352354451
0.024686151271929718,0.6088873240144326
0.033387008156126274,0.23526084118555532
0.0387555463090935,0.11227887516420497
0.03100424021860626,0.31540797001555304
0.03604257358245205,0.1654227818965544
0.025791027989924165,0.552408370450983
0.016229297860135217,0.9638040048816278
0.017843789018201495,0.9228343546232428
0.03612924085566682,0.1634583457040071
0.03433662292948564,0.20806194791198335
0.02336196111182287,0.6776272655502305
0.02174611713226282,0.7599991005751786
0.026320128970969303,0.5259665624570796
0.03406631333864507,0.21554231410450098
0.025445930537022154,0.5698910458009938
0.028964486459977082,0.3984878991120068
0.036727092109559656,0.1504109047164494
0.030536292348574245,0.33325405606070035
0.025597917524203262,0.5621705788040868
0.027639221166908423,0.45994504038362416
0.03532525714904933,0.1824147378648518
0.027083685482586523,0.4874775767280809
0.021631593240754726,0.7656611125282051
0.023369946103543093,0.6772130851135502
0.03021079252907921,0.3460896783742805
0.040321656677068635,0.08863516816899984
0.029608984340436573,0.37074358901091264
0.01758997766834136,0.9304720861181435
0.02938178295717997,0.38036504793433473
0.029487030265338388,0.37588658420442506
0.026057817784150727,0.5390163761271299
0.024414768323171687,0.6229368548423839
0.026109650877645052,0.5364281510370619
0.036916285593869724,0.14646147999978565
0.0177429307720669,0.9259217587198163
0.019610932424033667,0.8583367492047955
0.032535737061864745,0.2618872074654114
0.029518661799900925,0.37454785476783636
0.019548763112701484,0.8609106338438407
0.03825575825981953,0.12084155194164185
0.02425594949283394,0.6311773111498777
0.028261839231957686,0.43033098822341775
0.019177830457091316,0.8758427838122872
0.020981235284393662,0.7971278788879461
0.041151374141006225,0.07790349019490875
0.023488644658978597,0.6710527749559538
0.041110616750665296,0.07840373455069899
0.024467634725635512,0.6201964955183222
0.015044830546908305,0.9825763076742036
0.028235436430502747,0.4315601128115166
0.04714521336149369,0.028368506589367976
0.020786349611820465,0.8062958748605948
0.02563269775522503,0.5604083398033464
0.03970166132693553,0.09744172036817886
0.020804367111362243,0.8054539025923101
0.023350637649039774,0.6782145568732905
0.02441781693649525,0.6227787885950066
0.028609265532589245,0.4143773327646325
0.024942468643664895,0.595667109132534
0.027706103689145167,0.45670082861568945
0.013857187858462516,0.9932166732929348
0.030530273146598508,0.3334882588653962
0.0328988313208885,0.2502646005982726
0.01942499756127536,0.8659748991235579
0.019894163357728367,0.8463655755799324
0.024197139430583325,0.6342312583912066
0.027795868636304233,0.45237052009125744
0.02816368458707391,0.43491230098440803
0.021623894123575904,0.7660405834335833
0.02658281782920191,0.5131942562232237
0.027828541781136806,0.4508011338833025
0.027410970985418864,0.4711307370013477
0.03261657953303693,0.25926485378109426
0.05254289822986202,0.010159577415063147
0.02092528314803216,0.7997735479836996
0.025382820244969684,0.5731058527194546
0.018622012229944085,0.8967620414079494
0.061761717514290826,0.0013602349717773757
0.044274996760384044,0.04680996106071728
0.04048279984852221,0.08645887683188738
0.019422510069148913,0.8660758556080517
0.026746945431970648,0.5046742201915941
0.021649768310738338,0.7647647128508178
0.015436491310270362,0.9773631665121939
0.021925176159899362,0.751084460895722
0.02145261247698782,0.7744426162350727
0.04040384421037513,0.08751952036386472
0.029906260513229033,0.35841492043441503
0.017168716404382556,0.9421719447579286
0.033537827589344926,0.23076765535113258
0.0264997881872703,0.5171010703135528
0.02850537726753899,0.4191049946123412
0.0150456568758357,0.9825662815163521
0.018953775098687786,0.8844933468022871
0.037021885434061874,0.14429379980969154
0.027167954991977772,0.4832339619333632
0.01838364026982775,0.9051615328684982
0.0369306644970418,0.14616478035079006
0.04266942631884452,0.06110297029977031
0.03437260862296976,0.20708154175800958
0.021865366429751315,0.7540702182977036
0.02566723242887864,0.558660255144233
0.015589792413483905,0.9750630209144036
0.015763248569737653,0.9722778298543434
0.02263349234477241,0.7152083491628491
0.03309451241944017,0.2441654610256611
0.03088454063853774,0.31990523829642153
0.030785808966362738,0.3236496584770087
0.01607036728537059,0.9668584992513749
0.024238278875098496,0.632094803597548
0.027722331251067378,0.45591597903661096
0.01555172260571077,0.9756482248698287
0.013334700155771095,0.9958936277944918
0.024293879587858114,0.6292083005680837
0.04612334151977926,0.03402791627146458
0.0210823607843168,0.7923196079005888
0.020809684349224436,0.8052052002113398
0.02659126417892932,0.5127535893002565
0.031211435768716905,0.3077326401094744
0.021302634576995383,0.7817333325233662
0.024461767496739922,0.6205005527927365
0.047709103843474876,0.025615530201708127
0.019592729477542092,0.8590924259826113
0.03226875809320129,0.27068950685830473
0.022123732783709604,0.7411183206942579
0.021300721823044932,0.7818258954385988
0.03927124778832605,0.10397540605130699
0.020817018458380854,0.804861996431187
0.02101025638785131,0.7957514621187922
0.043970976383541416,0.049269517001374476
0.05270971962534787,0.00982481263066396
0.03196467527428504,0.28098323489253074
0.023127283462703263,0.6897833528142898
0.015693701342937072,0.973418102452006
0.03376905786185325,0.22400730641001773
0.018417794879043048,0.9039799171396276
0.03941910807137172,0.10169099920261603
0.0310402079283969,0.31406566565752064
0.036712761434448904,0.1507135252127434
0.032812465634137644,0.2529930264819389
0.01674615234247112,0.9526650457711296
0.031010005583367584,0.3151925272291676
0.016947784318731562,0.9478140908379391
0.02525022792198303,0.5798762069005508
0.025723790754330872,0.555801127710823
0.03903201188377825,0.10776173596754401
0.027101631985519625,0.4865718220822966
0.02629623186844099,0.5271503354343241
0.033071925150687465,0.2448636415040808
0.04360124913764635,0.05241057860090503
0.04629419127914225,0.03301775925005445
0.022525601165662268,0.7207258670009007
0.03501818067554746,0.1900984947343459
0.03040540013934412,0.3383737570389296
0.025745109399347932,0.5547246612808443
0.01929035590019612,0.8713916723819719
0.01885578578674091,0.8881853817506906
0.029540190474217964,0.37363861950698574
0.03586593906244162,0.1694848469223415
0.03454937928147256,0.20231773985466966
0.017009145702704065,0.9462813077454196
0.026258019405767996,0.5290454029675562
0.025198972513124418,0.5824989785328292
0.021125834454005732,0.7902422857149165
0.015139661715080854,0.981399338970141
0.02001496121526003,0.8411421967239997
0.03647561157667323,0.15579306503756124
0.0282984918143675,0.4286286245543496
0.02642010586614657,0.521025560079653
0.03597473630570305,0.1669735368104422
0.037287464868108744,0.13895684514290668
0.02656196299832181,0.5142833293468353
0.019573413095915426,0.8598924704594328
0.03411910876719182,0.2140651285470169
0.02336098642341103,0.6776778203186691
0.03700948287153066,0.14454703697941812
0.04416702073447143,0.0476710334165218
0.023399860618375512,0.6756611470325546
0.043584053271987055,0.052560779703846594
0.020360437619809435,0.8258400773204404
0.02089079432807006,0.8013989819228657
0.028777902640909805,0.40678085957748755
0.021025443471609395,0.7950300467779667
0.01886455839637824,0.8878571525870442
0.028765526935198626,0.40733507069066255
0.02899336277149822,0.39721494910874616
0.025777222608538125,0.5531044242850791
0.017614593776163145,0.9297505429493057
0.02915126475021762,0.39030386095280856
0.04684895123519234,0.029916981550820287
0.016828012142612425,0.9507299648908256
0.03226796410277477,0.270716011638087
0.035933407316147914,0.16792399033713287
0.02544106390000947,0.570138766993604
0.05530391850377958,0.005755828178054159
0.03631338802116091,0.15934636528314633
0.03256630072321576,0.26089344759512845
0.020630933606986535,0.813508980706374
0.03298493758939347,0.24756666880843128
0.027052292250425103,0.4890645995916716
0.030651233223482732,0.3288045197327441
0.0229724331667851,0.6977825700463434
0.02506906335074055,0.589159601058339
0.024835704939520253,0.6011669784312339
0.026179832574885986,0.5329311021432539
0.02527289499636462,0.5787172916998484
0.02412292209285305,0.6380868147620344
0.031354220166805724,0.30252357694907933
0.020093036290219246,0.8377302750903242
0.045880099688289544,0.03551283131225222
0.019223813051460703,0.8740323382749919
0.027046472708816716,0.48935916068199165
0.020940625655437417,0.7990491476179189
0.0261112524002719,0.5363482541876448
0.03303883599496715,0.24588918341087712
0.029694648537139517,0.36716070765235514
0.02872746880368915,0.4090426396958352
0.03075314750992164,0.32489532180817043
0.042368149854270176,0.0641655890725199
0.0292653337465707,0.38536345776491104
0.027114237897691185,0.48593625601101464
0.031715768874740535,0.28962399268251193
0.04135319517973146,0.07546600263330704
0.020724882042335302,0.8091594107973443
0.03820318511762438,0.12177266140971907
0.03272579832979716,0.25575358693286554
0.047947569305786475,0.024524312805450508
0.02624817967062998,0.5295338124084763
0.02446403014924578,0.6203832931613882
0.032746620141090255,0.25508829108051406
0.025891372630350018,0.5473579689758606
0.02182111097073168,0.7562743545224744
0.026503997933155887,0.516894072480863
0.04357829811363506,0.05261113225685056
0.02972454091071136,0.365916229960324
0.034520181212756906,0.20309864107806283
0.03256190051854707,0.2610363421807365
0.02501798776427333,0.5917831934686888
0.01738823243402432,0.9362286109360576
0.022465171969385245,0.7238089896251013
0.02288001562297093,0.7025463531707312
0.03810883786866226,0.12345839123446646
0.01764422938603366,0.9288763697835483
0.0239947122911211,0.644750229018355
0.026331335071497486,0.525411815675964
0.036471873941781696,0.15587421024714831
0.0279960683328363,0.4428112241975994
0.03317917428408301,0.24156202875225266
0.02671969021849885,0.506082798504042
0.03869753144824545,0.11324636582149415
0.030240961917662956,0.34488533420013673
0.021770381404424013,0.7587954018088936
0.0377612639574445,0.12983448240030865
0.0208563289358783,0.8030191691898392
0.019460905301523557,0.8645139052736056
0.02624286554868699,0.5297976590605225
0.02344370709175836,0.6733856894312782
0.047044115063012204,0.02888878010114381
0.028068519604234232,0.4393852632832454
0.03643896025904547,0.15659024430811241
0.028802146038305276,0.4056966868536498
0.02264016084802778,0.7148668090625612
0.027469805109186507,0.4682306077215427
0.034396580751891004,0.2064304377656673
0.030301180790691024,0.3424904035863447
0.03387390338458485,0.2209927921498513
0.0368756141813249,0.14730334654909472
0.029940675485395363,0.3570066504841332
0.03605423033541305,0.16515747199085956
0.03849174128161714,0.11673391179466334
0.022875746478150827,0.7027662065471938
0.039020494547712725,0.10794686395192567
0.02183819161351902,0.7554241819752194
0.03043130000655553,0.3373562538866312
0.045095360542950685,0.040697072979196496
0.030891340922290067,0.3196485001426532
0.028170091827934174,0.43461225009233123
0.025449067172790663,0.5697314013890356
0.03252517426936252,0.2622313133149644
0.018098771367022495,0.9147252656785578
0.019111978286851905,0.8784149309412973
0.0276337373084653,0.4602117138378627
0.02765877786060056,0.4589948519753552
0.030792756739947857,0.3233851272650941
0.016383040321279102,0.9606843421288103
0.026993987906801353,0.49202088917020603
0.024266717723038456,0.6306182597443429
0.02406625212350344,0.6410317251978959
0.04716975688364011,0.02824345437996913
0.026895643996482477,0.49703335149795846
0.0364664991862399,0.15599095740710384
0.022096964204553815,0.7424665360675978
0.02391139530742359,0.6490816796375056
0.023497823246489413,0.6705761771522728
0.027461797902090468,0.4686246202480165
0.042441985727198095,0.06340312668672976
0.02383668955002194,0.65296575030722
0.0241991643459179,0.6341260874963984
0.03207405847920597,0.2772473367421061
0.03147118204966165,0.29830509778700876
0.03882164636684243,0.11118488433387123
0.02355609716867557,0.6675496267911959
0.03286819549948705,0.25122986552707016
0.028381271441657696,0.4248005996894658
0.04544366216502266,0.038319796428529555
0.02423120685479363,0.6324620274501959
0.019773837396421023,0.8514995526538929
0.01962560166854177,0.8577265408922498
0.02169191546520355,0.7626828264271852
0.03228552480346525,0.2701302592373199
0.022906069798912188,0.7012042066870292
0.041955557825135714,0.06857189969822275
0.015502390300053515,0.9763927500122118
0.019672965308915935,0.8557488723956461
0.013273967770064482,0.9961421027139135
0.021171910241266967,0.7880340640803865
0.024879873522844376,0.5988904224965663
0.025626826251451795,0.5607057155042585
0.024296270037792,0.6290842273586021
0.02210871593714439,0.7418748238047365
0.02398126386103125,0.6454493355105343
0.022774221603262923,0.7079888164170192
0.025315549511748303,0.576538122045112
0.023792976739143823,0.6552384116928436
0.031013958676940345,0.31504486825013306
0.03518180570303919,0.18597308904488186
0.020333723975917872,0.827041728632674
0.02520512121131696,0.5821841869237697
0.021742438425299104,0.7601814711262145
0.029160934272848577,0.38988337045258503
0.03129074182464259,0.30483133779979854
0.024355763266444508,0.6259970802882775
0.04458771333220091,0.04439178169120812
0.02242857559367506,0.7256734937065088
0.039200007526088376,0.10509117748320083
0.0208934200780147,0.8012753773309623
0.036054809566095636,0.16514429746649706
0.024099023887695914,0.639328621776565
0.03807004944530179,0.12415696586121172
0.020564516027522073,0.8165636475459541
0.02725624826265105,0.47881347244582806
0.03742488384582954,0.13625894090257917
0.038041226171192766,0.12467816570257706
0.02685782903227929,0.4989694108453416
0.018658959661513763,0.8954285629462935
0.019403685375060875,0.866838800107401
0.0331771885162776,0.24162284937340006
0.030327256640423794,0.3414570611003929
0.02999403322228336,0.35483100910723775
0.02209011720110149,0.7428111659200067
0.02350650960136924,0.670125110381642
0.02645569323869279,0.5192713203441468
0.03337622634742887,0.23558460065134737
0.028690202899736006,0.4107194071415931
0.02672084492567428,0.5060230713362417
0.022238419755588323,0.7353267775261882
0.03002327612950162,0.35364264570590653
0.0242788476171827,0.6299885674852433
0.02835919772228901,0.4258190967944717
0.03551565603824469,0.1777752734585808
0.027452838866671048,0.4690657270754865
0.021004096662678662,0.7960438420118771
0.026356591764929216,0.5241623596217648
0.031172541918141006,0.30916289026756066
0.03130434500055135,0.3043357083472386
0.03218279919346756,0.27357027546171575
0.052265562370545915,0.010739025771750281
0.0187514114170082,0.8920554032383894
0.0343480872944395,0.20774921729688556
0.02291988000208872,0.7004925162337734
0.019410839712318995,0.8665490650303305
0.03731485360057896,0.13841569550958902
0.03453263109842897,0.20276538188249793
0.03604889161214109,0.16527894009746788
0.03162545026959329,0.2928076074978418
0.033936113261066936,0.2192190132818268
0.03360506585500267,0.22878587837626185
0.023269000603263867,0.6824466128215432
0.031131035273879365,0.310694581994676
0.029597745396156172,0.37121547301626595
0.030497861267118842,0.3347514209088796
0.022904641213336685,0.7012778161283743
0.02061150573924364,0.8144042659660501
0.02224333830783698,0.7350778609381473
0.021512605686705988,0.7715086013416403
0.0450379609980405,0.041100938431466
0.02874615887707055,0.4082034532634451
0.023665432861179725,0.6618684837391522
0.04575698715078036,0.036285800559418865
0.039529954002961776,0.10000597330526761
0.03381885669968898,0.22257155990806216
0.020539197606454063,0.8177235698252763
0.03294972851504063,0.24866717496642468
0.025968309381667387,0.5434965373591407
0.03106109957171732,0.3132879120922252
0.039162334284635225,0.10568522573637115
0.023902504705353267,0.6495439099911715
0.024110515222157958,0.6387314882411848
0.04880346300008109,0.020939341949642837
0.032085676982059996,0.2768527053357288
0.028000577082640532,0.4425975020830956
0.022739496536609227,0.7097724775559712
0.022615887707479243,0.7161097235471573
0.029241459616264787,0.3863938432781759
0.029274131438273954,0.3849842402541941
0.022948350433772413,0.6990247421388079
0.02980567042885507,0.36255365807239365
0.021556978925102332,0.7693322638271951
0.035603129826311974,0.17567540945159768
0.028061253416253762,0.43972805205308996
0.023414692841638107,0.6748915090267917
0.04678710261448121,0.030249484152468066
0.02020970314216075,0.8325808287169073
0.022764545583340623,0.7084859685358349
0.022373645870217396,0.728468126574922
0.02149008478703751,0.772611150794061
0.03351731082517406,0.23137498419790897
0.02250793328685663,0.7216278432745349
0.01657244486605447,0.956616029599708
0.04045785292281007,0.08679282527074893
0.02666546106168516,0.5088928469627617
0.032156209932597324,0.2744660008594869
0.025681617342571794,0.5579326258340892
0.016604480475348682,0.955903231020394
0.02074886707375323,0.8080436882839017
0.027362515423388634,0.4735280758455907
0.021482942141117234,0.7729605446767969
0.019325283584227693,0.8699959048645433
0.033252761831470634,0.2393164011031602
0.0457477981248835,0.03634408048801078
0.046266038399827014,0.033182380630484884
0.02916603399242479,0.38966172986253145
0.030127315781036113,0.34943767819109867
0.02067741166136483,0.8113613172834233
0.02916989917877144,0.3894938020024527
0.020931169122039156,0.7994957357553458
0.03292343019846278,0.24949158630862575
0.026794961742979684,0.5021987658588034
0.032895856633957,0.2503582025937466
0.02932347989951778,0.38286193158782655
0.041405862194336174,0.07484065446209415
0.036033839401165085,0.16562179665852866
0.027690117660568503,0.45747486948797045
0.029329419169635162,0.3826070550125114
0.02666333083056105,0.5090034330953294
0.037289499517223934,0.13891658531170684
0.025008422862920127,0.5922748045660382
0.029944813728964126,0.3568375772781862
0.03650888913556338,0.15507209523882853
0.01716249822516247,0.9423354115204867
0.029634568929519323,0.3696709549516235
0.028700780439206597,0.4102429969836928
0.035877986719353994,0.16920528301454746
0.024756424392719856,0.605257431149465
0.03004357362009641,0.35281946914965157
0.03042779060970402,0.33749399521284523
0.04105565507690734,0.07908261639076261
0.03614863773038668,0.1630212545780838
0.024449653442911834,0.6211283985199136
0.030560817514015404,0.332301025255011
0.01423107312263966,0.9906204266735232
0.030541205386894532,0.33306298118141947
0.027930200311248543,0.44594133766704114
0.01381727917887221,0.9934580955871892
0.02532911763762702,0.5758454031246631
0.0286573296013517,0.4122024283572431
0.0321349856649944,0.2751825662999415
0.02096039276569303,0.798114651860566
0.024383366047870614,0.6245652874907163
0.03519425681080901,0.18566208054367722
0.028935617373578193,0.3997633411379519
0.022620062668975316,0.7158959985407962
0.034308864497193614,0.20882067484806352
0.022218065392328956,0.7363564059742975
0.02786848266576225,0.44888757538877017
0.043695965510512136,0.051589876276792075
0.026452042039611434,0.5194511910538939
0.02359647922051264,0.6654517043199144
0.03390762182495577,0.22003001255621532
0.03190590571438984,0.2830058901907017
0.035288911017750335,0.183311179182608
0.021281937512021537,0.7827343389637912
0.03500471531118876,0.1904411749731234
0.026750691368472634,0.5044808215205483
0.03784004855559392,0.1283661180785081
0.032555865191308264,0.261232432610826
0.023298137642268013,0.680936581928575
0.01990742190914674,0.8457956187861498
0.03839107086274052,0.11847194464478969
0.025266144087249254,0.5790623868239744
0.044513577129460025,0.044955032543260505
0.02074260991785426,0.8083349595103602
0.02075792383947639,0.807621840506569
0.022438952831760395,0.725145004801757
0.024209366712741986,0.6335962125544101
0.025411260375668987,0.5716564937993975
0.020883048699214424,0.8017634596531173
0.023169631571285376,0.6875924251979633
0.04109610391159446,0.07858251539081798
0.02625038149254355,0.5294245066411459
0.03591779779109272,0.1682840879528977
0.0333089427442993,0.23761272910907996
0.03913076197628895,0.10618521542076242
0.03261338768848354,0.25936801291127803
0.02337088201376758,0.6771645375006043
0.01796018160599433,0.9191864250993584
0.030832210894650935,0.321885914211109
0.029543428376387182,0.37350200508047354
0.036103774748743045,0.16403362473468283
0.028636050139185132,0.4131643624317276
0.027452253480758304,0.46909455858385096
0.04660309968141729,0.03125801478186503
0.018969109529814787,0.8839104905361735
0.027055929610930174,0.48888054954410043
0.021686000729302934,0.7629752540024968
0.04063676449372089,0.0844216722258531
0.037721267396086944,0.13058516186466687
0.03302183599466213,0.24641733932800644
0.024351018533524428,0.6262432312928576
0.026306437656620663,0.5266446508142559
0.04152347517657384,0.07346000467351209
0.031834538008077784,0.28547667533122895
0.03967840206850343,0.09778582569352788
0.02029849051390209,0.8286220314633336
0.01938397815988968,0.8676354849756319
0.04165498542325963,0.07194186841177685
0.022125411405744533,0.7410337298664149
0.04096740599034465,0.08018305028771479
0.03535313128856532,0.1817296021507881
0.0281531739478198,0.43540481536980985
0.0237643828142744,0.6567249671033129
0.024473918057024036,0.6198708956510579
0.04730143189161862,0.027580825151435548
0.019372314816287095,0.868106007600367
0.01725113693237551,0.9399797490072859
0.02936103246922439,0.3812524002695334
0.021104900123338544,0.7912433575379362
0.016553818865500447,0.9570271711346617
0.03525878431807106,0.18405686123775275
0.03078852415198441,0.3235462611664372
0.0427558996379111,0.060247393329082695
0.03363626992284616,0.22787063044391287
0.023332623018727294,0.6791487487777124
0.02255807974568058,0.719066614249038
0.03429701509533756,0.20914521227509644
0.038353764016015424,0.11912141608258416
0.013983775088969752,0.992406731983502
0.022233257371549166,0.7355879876087501
0.024598916244851055,0.6133983864599659
0.045005574915765956,0.04133034532072396
0.03009580253480676,0.35070756649501156
0.033130376983592946,0.2430599929761577
0.028481742295928425,0.4201856565971731
0.019219475940061737,0.8742036027994114
0.025262752835207514,0.5792357622340483
0.02981617690755553,0.36211979941346145
0.02058588328915678,0.8155827908580568
0.02897807061956248,0.3978887205301563
0.028473080139172602,0.42058219008508696
0.025270529626713834,0.5788381992853877
0.024479188445481415,0.6195978030678266
0.030939892407393935,0.317819838309596
0.02304655963818969,0.6939558767188833
0.02734717391685007,0.47428875378212704
0.025698555702331594,0.5570762241972679
0.04474204064561782,0.04323890746807071
0.02864456303185403,0.41277935493789575
0.029604263963884603,0.37094172973179074
0.017530514644655604,0.9321979149854808
0.023937874970034245,0.6477050032438713
0.02130235380639023,0.7817469203872247
0.037521690395084795,0.13438407695639318
0.026836961569205398,0.5000398509574736
0.027821068428966755,0.45115978136430046
0.030757678667104577,0.32472230237991834
0.028402259364209814,0.4238337329933986
0.03665583284621032,0.15192053740981126
0.032916397910723094,0.24971238903096626
0.02382544540563447,0.6535503493589032
0.017458037937414628,0.9342685613017726
0.021093104064829227,0.7918068219735689
0.016377639967899704,0.9607966881494706
0.018682828549003716,0.8945626656277128
0.027746406340314556,0.4547532272454337
0.02662432619043298,0.5110309654771198
0.025750380893701547,0.5544585868712798
0.03555810893718192,0.17675369101601157
0.02002048211438473,0.8409018463022427
0.026275725212347306,0.528166990569777
0.04675436555315576,0.03042679454991769
0.027296025574310767,0.4768305979628434
0.024773953498322676,0.60435258015807
0.04189613338231285,0.06922728573283175
0.029590745687364084,0.3715095796061997
0.028608874809363027,0.4143950450548481
0.029675461864124397,0.36796105648748734
0.035888467826829085,0.1689623698347545
0.021887452488927428,0.7529685795721733
0.03297768421419328,0.24779307918637714
0.03870667013429807,0.11309350840290569
0.052500198262009634,0.010246907967002039
0.016345634760049854,0.9614583667148708
0.03084159694517835,0.3215299992345414
0.022558494617203162,0.7190454098387751
0.025363227943083932,0.5741049057289549
0.017671656462190488,0.9280619990833117
0.0135344827311559,0.9949887469855219
0.02136026543305497,0.7789394063624999
0.03435479325198634,0.207566458689534
0.016758959069189894,0.9523654041754241
0.018901289533461874,0.886477912519557
0.02941183861667729,0.3790823389064671
0.026917343709450536,0.49592454085058796
0.03441561141586358,0.20591468568192006
0.028385401547156186,0.424610217020456
0.013489224408435252,0.9952059072080732
0.01613950023945049,0.9655510068230988
0.029292794756603124,0.38418063334594443
0.021050588505202694,0.7938339328515369
0.016734317537387522,0.9529409264649749
0.019066646029923806,0.8801713340029346
0.04026738083131609,0.08937845668906881
0.016951040419947327,0.9477334172751944
0.0363764071117153,0.15795836550635137
0.04611821453435283,0.034058644241284526
0.024883552267319198,0.59870088850775
0.027096606501274767,0.48682534709579117
0.021506207999879567,0.7718219501716826
0.04012628421263387,0.09133522626352149
0.02718127557810901,0.4825653651932105
0.031122476069655347,0.3110111255794405
0.05472402058502662,0.006501058912334734
0.030514936903724726,0.3340855170962308
0.021094372301702802,0.7917462633608859
0.025299449379007216,0.5773604023336103
0.019547732754798486,0.8609531243061065
0.021468561860558344,0.7736635573163568
0.021899026026094504,0.7523908675252227
0.01956864629582622,0.860089606580182
0.02570000052219218,0.5570031937854226
0.03143329795252103,0.29966669507917476
0.03138294504142025,0.30148351248121724
0.026182734208302305,0.5327867036740757
0.03337168269789048,0.23572114093916477
0.03448170220085267,0.20413135472168345
0.030426362729281564,0.337550050071133
0.031830795487154506,0.28560668415787027
0.031727870967687255,0.28919936570292587
0.024492195233089598,0.6189239051477816
0.033661592344741975,0.22712997075090893
0.03882195408653777,0.11117981209408491
0.04065371064923595,0.0841999357113511
0.020768735406262367,0.8071178644126412
0.031237239412598428,0.3067864370998799
0.034338244823677755,0.20801768282559943
0.021140409555956308,0.789544485803259
0.02086448182952813,0.802636285704786
0.020409230515389676,0.8236375765381189
0.02032645777636144,0.8273680636891632
0.027313893571343395,0.4759416319920241
0.020584889647103255,0.8156284430310939
0.028201843277460115,0.4331273847387141
0.022678978944115413,0.71287752814047
0.023500504610927897,0.6704369416101347
0.04717057580603745,0.028239290270854582
0.026064797419885544,0.5386675893463522
0.02307280554577723,0.6925998294391489
0.02744573745378509,0.46941556522291694
0.061969201922617956,0.0012952058346323624
0.02383972724169081,0.6528078158163659
0.0291559371930189,0.39010063504114245
0.028761350208477587,0.40752223041934543
0.02742634493871926,0.47037177224464727
0.04199466512286443,0.06814347830736862
0.035599594741553886,0.1757598877318692
0.03305731050703459,0.24531619499846463
0.03527906270828518,0.18355467674241518
0.03607312082965852,0.16472824311026935
0.022071063991485063,0.743769685492751
0.03579068467669033,0.17123945583147662
0.035180249003869346,0.18601200177220614
0.020154441340205387,0.8350275010064627
0.023386707401308438,0.6763435768537395
0.03316108864593159,0.24211639206288604
0.031837734470638646,0.285365670465088
0.0214599313277275,0.7740852086630325
0.02104756172315836,0.7939780227885569
0.02199434615750151,0.7476217992391113
0.02945289023913178,0.3773352379394893
0.020310689320026,0.8280754808514021
0.02612875020475025,0.535475611333512
0.04637867268716139,0.03252805864860144
0.04571456106070415,0.03655556576613157
0.027019903814332502,0.49070542070549433
0.03473018415443352,0.19753426913403518
0.020964696035342123,0.7979110373403879
0.019886196244720156,0.846707662743404
0.028615032513255367,0.4141159636975134
0.02267120794850841,0.7132759161017699
0.03431485109151139,0.20865686011301132
0.031108724169595203,0.31152020342392367
0.020495445431859716,0.819722037380447
0.02551478352735248,0.5663896473408285
0.020003513250725802,0.8416401321511495
0.01828535552989595,0.9085203462672691
0.032931594782575346,0.24923541735538476
0.030403167459746583,0.3384615732871718
0.02241290597421597,0.7264711947052342
0.0388751327634389,0.11030612042483126
0.03555004751447821,0.17694732108666136
0.030250637050989404,0.3444997442252095
0.024078396564914506,0.6404005693287841
0.04227631645210472,0.06512482177142358
0.019728613073327184,0.8534109083846029
0.03310254737338525,0.2439174639125915
0.022519069874717274,0.7210593534315007
0.01904555102880512,0.88098466789969
0.01845924371006291,0.9025360443263593
0.02612706573389148,0.5355595954819018
0.041408889158369155,0.07480484731073224
0.021501828172770243,0.7720364038342008
0.0380509681322353,0.12450180540783812
0.03740595294845572,0.1366280544788929
0.036205616803381746,0.16174269085249363
0.026494347509175342,0.5173686452149039
0.027670689401877113,0.4584167490628897
0.021089492008186966,0.7919792701140039
0.027296077045221745,0.4768280356379318
0.03497384722163177,0.19122857246137084
0.026447951574092854,0.5196527317884707
0.024419524789841218,0.622690240904096
0.03617950459032904,0.16232762699211647
0.038616622384852584,0.1146071384390407
0.021811089574973686,0.75677284886784
0.020620089182673107,0.8140088977207
0.026414959955111006,0.5212794209877347
0.026027792894680157,0.5405177198332038
0.01909816061374009,0.878951535307243
0.023097284623851466,0.6913345634692052
0.020223901339584183,0.8319500551174355
0.03351507415896593,0.23144126721285763
0.023461750933406633,0.6724490473428544
0.017269451244097456,0.9394862025321364
0.017339967132598222,0.937564109128032
0.031789136629223,0.28705681315922443
0.025955042258779204,0.5441617248999682
0.022423302025723957,0.7259420005308452
0.020247504300873964,0.8308995261409694
0.022495742377487832,0.7222499460015002
0.016472869497003134,0.9587859397296732
0.01596008921890424,0.968877136595446
0.029482494726227215,0.3760788146216686
0.02242366143649621,0.7259237022916261
0.03781083818745429,0.12890894045332565
0.022832424079999747,0.7049961537156779
0.019168326378349754,0.8762155117383781
0.016952357122568762,0.9477007734014904
0.028107507902143808,0.43754901426601156
0.01965230146910385,0.8566130844453128
0.030293330044165664,0.3428019539950894
0.03260563797158539,0.25961860960906497
0.025974821306068208,0.5431701477884336
0.02709845211934442,0.48673222966842544
0.025330530724037403,0.5757732711137089
0.01961576677077992,0.8581357720297156
0.021819920080597743,0.7563336050581051
0.02317755817850281,0.6871821895709995
0.019478853599620483,0.8637810829834554
0.023007906417131407,0.6959519104346814
0.03542286736734779,0.1800244353935038
0.028210831390530544,0.4327076738882307
0.03020656252041931,0.34625877782833875
0.03459880564555057,0.20100118467523206
0.04306677319716856,0.05725586328266756
0.026023511125836507,0.5407319458636818
0.021318760089335226,0.7809525503122307
0.018335152853774184,0.9068262731076777
0.037597294349877686,0.1329345073365949
0.021362507382682083,0.7788305225172137
0.028131247830908035,0.4364334494804674
0.03375784123484776,0.2243316758870348
0.016019359438767616,0.9678024034637024
0.02475454293451075,0.6053545664102931
0.02317282468173132,0.687427173476972
0.021562813119820473,0.7690457317508133
0.03270450074575548,0.2564354421433458
0.025078373460603237,0.5886816581015206
0.035422567681080874,0.18003173602631461
0.03058007456530834,0.33155408858174046
0.02479467278541625,0.6032833720908257
0.02098144537584906,0.7971179248000144
0.02361186799872428,0.6646521127615475
0.035939433392759235,0.16778513882209709
0.025534892106391482,0.5653682607893982
0.019055042962537072,0.8806190141636803
0.028317413712297013,0.4277515612658697
0.029512729752188105,0.3747986594892882
0.025941169440027667,0.5448575881456699
0.024022128593385816,0.6433250866563517
0.029999010850728258,0.3546285297390366
0.03259478271135463,0.2599699351747049
0.023222176482227685,0.6848721979895889
0.034002723724348705,0.21733199368087622
0.02299229159899463,0.6967578807738715
0.021299967325450725,0.7818624044779928
0.020496506481430532,0.8196736619365349
0.037181589512578106,0.14106492562297548
0.016875394666222454,0.9495884445138647
0.03302262579197823,0.2463927828008624
0.02580132588887729,0.5518893505027979
0.02990927883218586,0.3582912526610346
0.027024433452547347,0.490475733021899
0.0272185888094455,0.4806957057570789
0.020470508445039823,0.8208576670123887
0.03103126532631395,0.31439901092418865
0.03946424536020321,0.10100201444945288
0.02436335794410205,0.6256030989573609
0.016501280173278288,0.9581738610693376
0.021342652730321765,0.7797942907232926
0.04140642920065574,0.07483394601508409
0.03150255598716517,0.2971809392758418
0.0375230226871518,0.13435842164382877
0.020042486135534998,0.8399425178898036
0.02607751814504622,0.5380321212977501
0.02575661472586277,0.5541439932720327
0.024126844057857033,0.6378830333074172
0.035753900740579825,0.17210234730575197
0.02489614779414645,0.598052041382668
0.037660378359239244,0.13173476531907763
0.031657307959319314,0.2916817229653019
0.034125550324442755,0.2138854365668109
0.02761183929568023,0.46127760429117426
0.033708814184581104,0.22575372470909216
0.01623388911861738,0.9637131984548384
0.03785902378030781,0.12801450005685086
0.01829624923503448,0.908151108597948
0.023479324601004103,0.6715366865555354
0.022223097861705732,0.7361019068809604
0.05094446371356384,0.013930490371263428
0.02787358262095091,0.4486436272773267
0.03118210216923073,0.30881087928100387
0.027642373756121108,0.45979177990738723
0.02902200190710874,0.3959552306228074
0.01662429817238842,0.9554586974790852
0.03757999919403876,0.13326498109311138
0.027969363464588226,0.44407849225186147
0.017897473614176707,0.921163060232855
0.027976897912085297,0.4437207033272804
0.022864757447784267,0.7033320353327519
0.022891602840497405,0.701949537899534
0.03805519749018316,0.12442530434563634
0.026925886233297586,0.49548847095073734
0.023754442139298393,0.6572417509640429
0.029508447571379076,0.3749797816420063
0.02442950794700005,0.6221726704748719
0.02942599484431163,0.37847923135345174
0.023836858080490686,0.6529569881418454
0.03676406975960855,0.14963231219956188
0.029632895246709978,0.369741057290597
0.026627061614510006,0.5108886065486589
0.036714862620155,0.15066912383407155
0.025778766425243016,0.5530265721066598
0.024431068817559187,0.622091752790112
0.021812998940204914,0.7566778891185052
0.020758767031034464,0.8075825508833107
0.029903098905850578,0.35854449152828916
0.026711321594125426,0.5065157991452375
0.023612126162373348,0.6646386982274846
0.015567586733895022,0.9754054948920217
0.022052412534568244,0.7447072968923802
0.03191006435969007,0.28286240799760476
0.022484501512248345,0.7228233743184167
0.03567569747823335,0.1739483688465953
0.03537464934246126,0.18120209069287752
0.018962598110390028,0.8841581543944033
0.018796978197114345,0.8903738751921139
0.024564912247669685,0.6151581845146205
0.018144455765958967,0.9132269724839586
0.026424966471826516,0.520785820052651
0.023042144156664418,0.6941839549213842
0.012318261492706428,0.9987327628871266
0.01854159319641946,0.8996353946614527
0.02322031111075884,0.6849687991812621
0.029261341592556334,0.3855356221416694
0.04324600853077942,0.055589776910018006
0.022797739985724985,0.7067800004330145
0.04152471282886516,0.07344559165228753
0.03752372808041793,0.1343448398379794
0.015027154291270994,0.9827898209890866
0.017441912143388305,0.9347243452778233
0.01654819202883634,0.9571508996478476
0.018373365399399155,0.905515554737994
0.0268224283174886,0.5007862308930705
0.024166151928238233,0.6358408561061428
0.023042691247029623,0.6941556962962239
0.015553457247204527,0.97562176246726
0.02245337791763244,0.7244100935223875
0.01824175655254401,0.9099904673603021
0.023830231071300056,0.6533015362599491
0.02087084145999235,0.8023374565602445
0.01596723429236746,0.9687488302132625
0.021617370595031105,0.7663619945148097
0.0357118392618303,0.17309327907901165
0.03907926066382228,0.10700501742486576
0.02238036855098746,0.7281263577994506
0.02218817759031111,0.737866928370462
0.033069716212175526,0.2449320021298878
0.02668556497778074,0.507849948575213
0.0200553154925478,0.8393821626558842
0.030312524777723948,0.3420405852494604
0.03760930047496393,0.13270548892842401
0.019754032531310306,0.8523378240985036
0.04722890312954309,0.027944093751297742
0.02363331550029668,0.663537617107308
0.035665383077235435,0.17419301554028704
0.0141667315181917,0.9911121260503446
0.0488782179925189,0.020649563565208192
0.045037952001011905,0.041101002007594464
0.030367900442690332,0.33985087565795646
0.03606757186523879,0.16485423378781577
0.028028163553390884,0.4412913597672696
0.01848082612769697,0.9017799376348834
0.02394923388488357,0.6471144684443505
0.023353924918763452,0.6780440693887252
0.03553818660436636,0.17723251836419038
0.051718552813608376,0.011970284587760543
0.04834312309706573,0.022804902282450357
0.023488179977312784,0.6710769027073162
0.02560000129014406,0.5620649506540858
0.018217369992258092,0.910807407903854
0.016946887887641204,0.9478362878867058
0.02676449583243068,0.5037685194269466
0.043853370347927856,0.050250517026262036
0.02243202938188915,0.7254976186704558
0.016241499264193382,0.9635623654435969
0.024922606792681185,0.5966894985672428
0.03785550494763895,0.12807964577973152
0.037487392903828076,0.13504590227079716
0.02996707161695389,0.35592917781100397
0.036665813919306345,0.15170835518307593
0.021982746105291828,0.7482032044757698
0.02649612113119104,0.5172814114314268
0.04655554324571326,0.031523436863510786
0.02949111121341441,0.37571367964043223
0.03154812699532522,0.29555365609613343
0.03712994837788147,0.14210252443703197
0.03504718956778313,0.18936189677716103
0.020409679447739082,0.823617266191095
0.05343333561368924,0.00848538806557199
0.02474705582413428,0.6057411359824492
0.03844991166992562,0.11745351501897888
0.044309712884616825,0.04653599047759496
0.029860165645848313,0.36030729877161927
0.023448459033206692,0.6731390327240572
0.029457857783655728,0.3771242089410978
0.02667340243606764,0.5084807228310096
0.022817278871273786,0.7057752536766719
0.02594169978951122,0.5448309799573041
0.026684442769380645,0.5079081277770563
0.025297097307019012,0.577480555637833
0.029815537992702118,0.36214617252401937
0.029393968581461538,0.37984462745495456
0.024319549495896542,0.6278760593282817
0.021145924620194934,0.7892802702801819
0.024743057657863388,0.6059475847182523
0.029065900241923293,0.3940296869055113
0.01960881489342986,0.858424743295016
0.05761590355036472,0.003497497472753408
0.019753952630346155,0.8523412021220058
0.026020513294403247,0.540881952025001
0.028303615841583363,0.42839099706336475
0.01710532858786254,0.9438256612818997
0.033030566370996994,0.24614599630139536
0.021433865922603323,0.7753574068255537
0.027361152420424584,0.47359562537198896
0.023496814562144946,0.670628554555454
0.019895696181177147,0.8462997254666774
0.030357738583388694,0.34025194863113606
0.03145644825365146,0.29883410423809637
0.024609834372717965,0.6128335050875445
0.019697756750508888,0.8547092037853581
0.026825106173148594,0.5006486515910468
0.02283051256593016,0.705094499597072
0.03531583316106751,0.18264683752635144
0.0250923247643986,0.5879656245806799
0.0225628221153229,0.7188242136847194
0.018392951384205714,0.9048401380926004
0.03668248590073864,0.15135446729038968
0.02763761417824917,0.4600231757526826
0.026990465503978878,0.4921998581822644
0.023588675648823054,0.6658571496929433
0.019116303658053613,0.8782467344420456
0.02545458618236729,0.5694505332676942
0.021916723241408254,0.7515069140817902
0.028012589636802143,0.4420284239394059
0.024692404538637747,0.6085641660101453
0.02630489965673366,0.5267208446704514
0.03146557900665947,0.29850618966528186
0.023320572322459432,0.6797735701687307
0.054646627323930885,0.006606916860542065
0.016439436990065226,0.9594990248543563
0.04030030578682409,0.08892693967662649
0.02244212325189876,0.724983509501024
0.01883825350417756,0.888839989182859
0.021898424867849875,0.752420882580274
0.023419490012370425,0.6746425645278784
0.033963908919344754,0.21843004963606974
0.022827608836148983,0.7052438866120412
0.030798678981695193,0.3231597662552812
0.02095654377423256,0.7982967183712525
0.017342202978890497,0.9375026003072362
0.02031679038662426,0.8278018944945212
0.03751108628645261,0.13458841753829817
0.018630841311802038,0.896444150191163
0.030338464382069996,0.3410136045103556
0.020069318400740888,0.8387696935855358
0.02968460441756038,0.3675795327707679
0.029190097484739774,0.3886170786174127
0.027356401885092252,0.47383110792677413
0.03254182951232876,0.26168888754939096
0.024208058008507005,0.6336641801663963
0.021382777600927327,0.7778454127165676
0.019491734970101482,0.863254098046074
0.013173301616437039,0.9965282398197618
0.024995025330702136,0.592963555022274
0.03485168333612898,0.1943699394154523
0.01824623437446815,0.9098400440024456
0.02810875687878206,0.43749027588013595
0.027789115323347935,0.4526953528804288
0.019871370930816035,0.847343417502941
0.029203404894946994,0.3880402096291658
0.030806565244141604,0.3228598446420118
0.023579698641711166,0.6663235421798457
0.03375687291452567,0.2243596953619224
0.018121447602095553,0.9139832710245203
0.035079691952051906,0.1885392643098736
0.031958425770810706,0.28119780914313103
0.024413244791009536,0.6230158495748718
0.05393247570845272,0.007660544505967298
0.029978202158198464,0.35547552936864246
0.0351265299757757,0.1873587549668669
0.02296050478870848,0.6983978961882956
0.023471899454262757,0.6719221878109661
0.0387386606308015,0.11255976375106758
0.04146321866590108,0.07416462749895551
0.027421752729233,0.470598391649368
0.02737008097029353,0.47315324668801223
0.039442321530854696,0.10133617741186995
0.022449210582896284,0.7246224383506785
0.03398901656741504,0.21771927454443782
0.03156097131512492,0.2950961922825888
0.020227360114155046,0.8317962617044475
0.03137760667875092,0.30167660359646853
0.028061960791757046,0.43969467312783
0.02884805217850306,0.40364918707474967
0.04057834376076769,0.08518986599824831
0.036607298687020284,0.15295570979355047
0.022451019682032086,0.724530259696996
0.02150399960246585,0.7719300885067124
0.033798586070321046,0.22315512111583946
0.0214615795069506,0.7740047013986675
0.03530204166692219,0.18298692371846897
0.020451297436561933,0.8217308279751103
0.028453278062070653,0.42148963768744346
0.02219436802824512,0.737554198933763
0.02247889877991907,0.7231091156287013
0.02745423193940344,0.46899711993172755
0.04394928959930999,0.04944915986098405
0.03200189933733444,0.2797076881356108
0.028186436605199927,0.433847455138917
0.02865734169897477,0.41220188192203955
0.019578174929046455,0.8596954230835663
0.029794735535742967,0.36300559802439697
0.027830990605284267,0.4506836555879889
0.03068722540352309,0.3274200764650618
0.04032010803780722,0.0886563041033081
0.0282536884390453,0.4307101783808032
0.01719645136628123,0.9414395472861933
0.013223295757788078,0.9963404050497786
0.03848715678616288,0.11681260214529235
0.023585133919441503,0.666041159756356
0.026482581569706676,0.5179474946328211
0.033465536991738376,0.2329130289521813
0.029996338596189,0.3547372211739455
0.024418842808353824,0.6227255996668779
0.03082365114106589,0.32221074569284514
0.02028206255283546,0.8293570637899979
0.024558798735222542,0.6154746539572247
0.023883774002371405,0.6505177453139988
0.044365448935206026,0.046099043290464596
0.026143877308063,0.5347216268213644
0.042465929743521924,0.06315753912456211
0.02962705427050516,0.36998578033205903
0.02583605059673355,0.5501404121521634
0.017995950053104948,0.9180472240963979
0.024763724393347952,0.6048805758895165
0.024875613778556738,0.5991099054485646
0.020147151445434164,0.8353492493328977
0.021618159478298482,0.7663231323810391
0.039596489593489714,0.09900574697961037
0.01639876193974532,0.9603561286402751
0.015775604948573912,0.9720719158279999
0.02612608031971264,0.5356087284251523
0.0388239995250213,0.11114610135534096
0.03863672990495509,0.11426770587118969
0.033637333052559615,0.2278394974495453
0.017030233909422265,0.9457484452424537
0.029447996805460952,0.37754319940399417
0.02750545864122883,0.46647883289254394
0.03911321621401875,0.10646392318191528
0.03557928247348763,0.1762459175366742
0.02717456535136331,0.4829020948941484
0.0320321438872313,0.2786744896488702
0.03321018528652597,0.24061373114235574
0.021329840240195908,0.7804156174841927
0.02003878512344398,0.8401040293685399
0.04930498832833202,0.01906261504430134
0.04118138634092816,0.07753685725417589
0.029467652472351724,0.3767083574880569
0.02109228037185118,0.7918461507319888
0.02662998084798418,0.5107367093914089
0.027155422656771955,0.4838635418256274
0.026546774392907868,0.515077421119629
0.023724845909749437,0.658780299274218
0.023442851218536787,0.6734301138249511
0.03564467816560202,0.1746849397734415
0.0324858366096262,0.26351582092847137
0.03433646787968525,0.20806617994878537
0.025223669100297275,0.581234861456967
0.025017900722062725,0.5917876668021151
0.019153192708405653,0.876807974666574
0.017043198710471885,0.9454193019833071
0.023612871193336216,0.6645999853142135
0.019334849007010935,0.8696124978694718
0.02530786911050742,0.5769303432133538
0.045165984320524655,0.0402049099966143
0.02898884025880144,0.39741412869015996
0.03565971835356874,0.1743274931206312
0.024745037215638185,0.6058453669945617
0.02163443096272638,0.7655212101739121
0.026538293607789254,0.5152089985454997
0.030252390160258935,0.3444299093374957
0.026553088843428385,0.5147471945956082
0.021291636502612635,0.7822654088463761
0.02204251761558096,0.7452044331710272
0.03869855440887976,0.11322924688700797
0.02330358434705937,0.680654251198328
0.02494449879678612,0.5955626276998518
0.03852142537806236,0.11622545675517842
0.015206333109951398,0.9805397078261787
0.03396797707876753,0.21831476189706722
0.023340827370460393,0.6787233135496131
0.019722928149169927,0.8536504602286525
0.04876622472471437,0.021085037727729784
0.025227630765181308,0.5810321450363665
0.021330236533939728,0.7803964068466664
0.04981629236183871,0.017305261791789886
0.01735834457849858,0.9370575107038527
0.019566660841359274,0.8601716826735134
0.023099976885264828,0.6911953777432197
0.03308852339908719,0.24435043579932075
0.031664589392322584,0.2914248398482503
0.015788262682181697,0.9718599363923912
0.030919384651101778,0.31859131917977423
0.0254953691843115,0.5673762901931041
0.02358454798358317,0.6660716016440273
0.02098512191011359,0.7969437073409641
0.034690151247426915,0.19858568693929277
0.03966886379985568,0.09792723084169865
0.025112596996725134,0.5869255429709568
0.024846774321014148,0.6005962762590791
0.04171644270016517,0.07124160187587347
0.04647793022178015,0.031960868548374766
0.025139287482643713,0.5855568385522167
0.027005409242773837,0.4914408729354778
0.017165277855587857,0.9422623724986563
0.025269358011726806,0.5788980896874516
0.05753073705551903,0.0035635613054400906
0.01564380992665626,0.974216641647184
0.030168376100090488,0.3477879969605788
0.021766596491989865,0.7589832550300635
0.028179072822936108,0.4341919046753634
0.02016783252411848,0.8344358515017226
0.018106467635657597,0.9144738123065298
0.018272845179461608,0.9089434380577435
0.03074260287399727,0.32529822081890364
0.023991197611346604,0.6449329348759031
0.03502120110266449,0.1900216945501936
0.03327752877738702,0.2385642024535305
0.035446618655778805,0.1794465776594286
0.036136717997924894,0.16328974408716493
0.029358028103052797,0.3813809955476576
0.025790485526015372,0.5524357154503605
0.02029063353037927,0.8289737180364952
0.021396454576524615,0.7771800648121312
0.03558786884027848,0.17604033381020917
0.022859491224288597,0.7036031502858278
0.02362452642913404,0.6639943445193447
0.021894995871354572,0.7525920727650474
0.024435039971894335,0.6218858883924001
0.018613799334138648,0.8970573166941183
0.03063050702689829,0.3296036727763194
0.02760011130811607,0.46184913503588787
0.01469632293659806,0.9864561680439402
0.02506581387362017,0.5893264370833173
0.048797282781586515,0.020963460028018605
0.02025312442513083,0.8306490287216532
0.04039767511583736,0.08760285075023876
0.039003135510426556,0.10822638842015582
0.022902112613729875,0.7014080999965393
0.017041708846562142,0.9454571856569238
0.01750498850581239,0.9329313202849063
0.028756791926157016,0.4077265549763353
0.026309458676853414,0.5264949994592257
0.03330699752340538,0.2376715619468914
0.035974277717642944,0.16698405946346695
0.014162590488257215,0.991143109518404
0.01986522446356187,0.8476066886599694
0.04005105689425442,0.0923930885182067
0.036120198302884265,0.16366243173211006
0.03305209411782606,0.24547787859399203
0.018140156984009503,0.9133685402588461
0.018579710118949377,0.8982784711120555
0.02371067641152169,0.6595168551834047
0.016830644051271992,0.950666970578785
0.02989848533957118,0.35873362734643544
0.04094105983692381,0.08051407292082807
0.022807246021398497,0.706291225134362
0.035730001312421544,0.17266484159804532
0.026881007599503792,0.49778213755295636
0.031182055459207325,0.30881259844279074
0.029533362373659333,0.37392682747520756
0.01699100261060449,0.9467372606369543
0.024108651506297818,0.638828331953263
0.021437380015448815,0.7751860010981104
0.022561410601381615,0.7188963648124134
0.02601552186996596,0.541131747356824
0.04280753009973792,0.05974146703335362
0.03598721027414309,0.16668751510165458
0.025375201239369538,0.5734943046752607
0.03666886491682786,0.15164354336321711
0.030661599306959775,0.3284053539726289
0.02038584263197729,0.8246945302157662
0.021856551392747003,0.7545096028043984
0.030720489362652703,0.32614432923883535
0.015338090019371559,0.9787613743725095
0.019685083282579674,0.8552410705647367
0.01736758424699525,0.9368019220801967
0.04336360505203907,0.054519459349323465
0.019280264268513203,0.8717937108076692
0.032882291444568224,0.25078538409442835
0.03625348638624171,0.16067475637436893
0.03328896989133645,0.23821733464201467
0.047116972921622424,0.028512999285162557
0.032387530099414474,0.26674657161206095
0.027134017027445556,0.4849401121232456
0.036742431346064586,0.1500875297238062
0.03400479145852342,0.21727361843829424
0.03833190206196549,0.1195033678929385
0.033592118554654715,0.22916646526166237
0.017137453413863635,0.9429910689559072
0.02264481923111561,0.7146281867365916
0.024569364259572346,0.6149277385051509
0.027374576427408925,0.472930614536269
0.03340765971975601,0.23464166170114284
0.04231447668048882,0.06472474781357637
0.021446424750452997,0.7747446713403779
0.03128857165307086,0.3049104624103819
0.036965449774961745,0.14544901804352048
0.020905345213865334,0.800713711487145
0.03507430754557056,0.1886753481856405
0.03331996536460721,0.2372795624876727
0.04102346525736489,0.07948252405553481
0.036010772551670234,0.1661483118209783
0.03208606648628742,0.2768394827970863
0.022152840998728385,0.739650709354616
0.01230531542883126,0.9987540812547946
0.022420662168537664,0.7260763941730277
0.017898991615028836,0.9211155212867513
0.019275706157876105,0.8719751176067098
0.023116012755100945,0.6903662312576886
0.026774096519190882,0.5032735077497809
0.0146357373712932,0.9870618617637601
0.02996393236383199,0.3560571989253788
0.025387462573373987,0.5728692013696102
0.038846960108946615,0.1107682690373317
0.03169459847974998,0.2903679105854818
0.04517556495789937,0.04013854578383724
0.026995524299009976,0.4919428400605679
0.021568561447134704,0.7687633296323608
0.02909294995567402,0.3928464180369089
0.02977860649424824,0.3636729391319027
0.030220502578371,0.34570173130139703
0.015393770213396801,0.977977637597079
0.03292545596975893,0.24942800781387828
0.021292247621780724,0.7822358528872533
0.0342485701576547,0.21047613187738276
0.027368036517840588,0.47325451839205074
0.019487174831419374,0.8634407556829247
0.014744169570238386,0.985963776993665
0.027296695299388052,0.47679725840936066
0.0177519352578715,0.9256489156300773
0.032460631897472725,0.26434132732190146
0.018641624139310364,0.8960552653228359
0.021189693021195333,0.7871800295754057
0.01969373949428599,0.8548778827359308
0.038801401159944515,0.11151901300359614
0.01597150654231766,0.9686719481063447
0.021900603315397116,0.7523121117354713
0.03763328591394427,0.13224892703396973
0.03126655638951037,0.3057139927767233
0.022958326950815955,0.6985102257493958
0.022761715363623147,0.7086313642468307
0.02844149612997368,0.4220301851951685
0.025520318664322694,0.5661084431742691
0.013709843737472444,0.9940760151831132
0.0179224580867412,0.9203786650267327
0.020698285248455184,0.8103941353818115
0.03171196658750064,0.28975749914178595
0.02524528741476212,0.5801288836188849
0.02933600571916606,0.3823245396551857
0.049025091148225064,0.020090609404426984
0.06096448962181056,0.0016394431092286868
0.024966363564699834,0.5944376087609041
0.02534521740088891,0.5750237244298754
0.029248206056724624,0.3861024790093995
0.017290912800084768,0.9389048715693968
0.02003473270704781,0.8402808041520906
0.020627766182750307,0.8136550423185998
0.036305932900322135,0.1595112100416765
0.029588195098786185,0.3716167883208192
0.029623619062070783,0.37012976061955305
0.01778406131628385,0.924670996459082
0.022426736089231458,0.7257671580652931
0.025065735627176483,0.5893304545798358
0.01793305197064385,0.9200448072671629
0.025519204242514526,0.5661650563319272
0.04640724501774929,0.03236388757836354
0.015606689371818971,0.9748002952459872
0.04622883948199641,0.03340100262153538
0.03513033921760711,0.187263003426783
0.017044074958047828,0.9453970138497343
0.01615644168057362,0.9652256324303737
0.028910216915115305,0.40088786319422304
0.020709095619923734,0.8098925941058019
0.02604584860490644,0.5396146925742176
0.02187930805102714,0.7533749451851945
0.027793065177654175,0.45250534702548556
0.01911148724145545,0.8784340190526404
0.03140206286704672,0.3007927574113393
0.03967925796920979,0.09777314526907405
0.036783468342698855,0.14922516280945516
0.01618365059651966,0.9646989605713012
0.047365457893146834,0.02726361589042197
0.028053721421933187,0.4400835694787116
0.01885175149016083,0.8883361728490358
0.0267610046481834,0.5039486018797528
0.03364932324815395,0.2274885997700276
0.030618699457694742,0.33005957167805755
0.04173831026868269,0.070993836166295
0.030509471465762994,0.33429855052880114
0.024349371115191643,0.6263286997418027
0.02653985059317035,0.5151325524525834
0.04532363964667496,0.03912492603653883
0.021422865255196544,0.7758937601341844
0.021421321985215513,0.7759689774254273
0.02670756320138501,0.5067103386063253
0.02623788713169936,0.5300448839969023
0.03227096401696561,0.27061587950340804
0.030746831212226988,0.3251366171833204
0.03778903083900864,0.12931541314339232
0.024433232807231087,0.6219795706766051
0.01812737807046816,0.913788662709016
0.027555322005699212,0.4640361069030521
0.03633915194437709,0.1587777352973169
0.050491500002186496,0.015207080559058733
0.013323565974618423,0.9959400778668104
0.028290824688048444,0.4289843548222163
0.02274970407361515,0.7092483114406487
0.027587566944953235,0.46246096562860767
0.022219826181418767,0.7362673655646477
0.03784819084761537,0.12821514173926446
0.03563321932818997,0.17495766242906932
0.01862999615081179,0.8964746009452886
0.02211359792433054,0.7416289318187924
0.030675788847589258,0.32785952698047094
0.03548969123762602,0.17840239265420996
0.026421019928626,0.5209804722891533
0.03029547526409382,0.3427168025581991
0.018003039089425688,0.9178204342468658
0.030930828155764534,0.3181606583315807
0.027042688323485997,0.48955077194996044
0.04056731964330962,0.08533548349877824
0.02342021688770135,0.6746048431483656
0.017982381466077196,0.9184803753141872
0.03877015266606054,0.1120363698356735
0.031383232693377394,0.30147311055508913
0.015187680364526113,0.9807829074739456
0.04232357769090089,0.06462964292414596
0.02310226587480413,0.6910770360764
0.027716387764156192,0.4562033334457886
0.026107995691501462,0.5365107296990452
0.030239799915582566,0.34493166505497924
0.01761047126667914,0.9298716704260235
0.03261656139144725,0.25926544002240687
0.02442005027154731,0.6226629963631867
0.02344216222104545,0.673465876253523
0.019411398221767517,0.8665264351266826
0.026070245069351683,0.5383954165164282
0.0350054883158647,0.19042148961894295
0.03038672660942532,0.33910873264335173
0.043056052673466017,0.05735686176174428
0.018175453317827883,0.9122025877578097
0.025524048716842274,0.5659189669936016
0.030276558394061737,0.3434682031077792
0.04210541973677684,0.06694251242505506
0.04045946457137628,0.08677121846102558
0.02456047254390481,0.6153880059535848
0.03932794768821812,0.10309441593146705
0.056387613151069105,0.004568786859079977
0.04487411855476797,0.04227300442255954
0.03598021798182638,0.16684779655388887
0.042878294382580284,0.059053969437185175
0.023634109015359894,0.6634963809316743
0.02697991263449262,0.4927362872698716
0.02688872071703785,0.4973874508051778
0.046249793642388126,0.03327769781721799
0.028669989569913068,0.4116308634216724
0.036256220782909465,0.16061392508155428
0.020051081119366765,0.8395671928678476
0.02867721064912576,0.4113050930465008
0.016382652730409453,0.9606924120825284
0.026856871445371078,0.49901850015409505
0.024876791908410523,0.5990492007980953
0.038797294512822655,0.11158689062702278
0.04374555323468224,0.05116464746151151
0.01819325649522252,0.9116114108268916
0.02689069121184473,0.49728665107349435
0.03283725468372867,0.25220760487676414
0.01797233034633655,0.9188004496090985
0.040497729030976704,0.08625954658461508
0.031244828016741777,0.30650857415970273
0.01610672931491086,0.9661748468762122
0.024967734781442597,0.5943670700238087
0.024023265867040455,0.6432659717310905
0.02619091430625975,0.5323797048363559
0.03315707547281932,0.24223953586274374
0.028163735113828525,0.4349099342735143
0.036118577113866235,0.16369904272419156
0.014050387311863269,0.9919527496653321
0.023721908827967653,0.6589329763456964
0.02273673683545896,0.7099141694776502
0.044238679036148976,0.04709806607511865
0.03632918473732616,0.15899752595197905
0.026109594673387138,0.5364309550384749
0.030897141023123575,0.3194296413496466
0.026614632292161655,0.5115356646460045
0.060406275897295414,0.001865702545194665
0.035198073468481084,0.18556682888609788
0.037181938322025654,0.14105793812798184
0.040164137325257254,0.09080677731514232
0.03127601945235092,0.30536841231894896
0.015524401071246113,0.9760624819785
0.027082150320258513,0.4875551064248068
0.020830605580093642,0.8042256706878523
0.056167136841019816,0.004790334968178482
0.03006255510797251,0.35205089852909116
0.03079572068562894,0.32327232502001935
0.038968732054520616,0.10878214305425117
0.030623596451507806,0.3298704399081087
0.025511916148264258,0.566535336451695
0.04682557062406045,0.03004229700712067
0.037301915454145296,0.1386711150622777
0.03030372722009117,0.3423893942196564
0.04058405711116908,0.08511448067898049
0.036767963198622966,0.14955052247965375
0.024841352071579226,0.600875817061925
0.03024446604639447,0.3447456460183959
0.01861405897862528,0.8970479881409028
0.02695392827507556,0.4940587395960619
0.02457605768943172,0.6145812955651851
0.027293267281301492,0.47696792441974717
0.030922647569164297,0.3184684804555783
0.028668854123572007,0.4116821037711108
0.029216462849973035,0.38747473309056285
0.021314828650862816,0.7811429773780438
0.016795839119507994,0.9514960992380994
0.01502341386371131,0.9828347673903192
0.024817315377398064,0.6021153170983383
0.025532217437330584,0.5655040850501172
0.0328924801850331,0.25046447870233995
0.03158765073652703,0.29414764856651104
0.01906699622781971,0.8801578103896199
0.02645144401436461,0.5194806542756584
0.03669670029190597,0.1510532712704978
0.025547433075163217,0.5647315395445411
0.03941477637850627,0.10175732419070993
0.02307682581724546,0.6923920640903978
0.015268473914189507,0.9797142474139073
0.039638520602321536,0.09837820449182191
0.036429581380978404,0.15679476408383913
0.02759401369494674,0.4621464694221251
0.02196630192180865,0.7490269193043936
0.019037430765928842,0.8812970715357609
0.0347587732227253,0.1967860848767891
0.024486313518731206,0.6192286322240053
0.03977313762788237,0.0963905930529039
0.05380814141539242,0.007858888843556611
0.021813778706230996,0.7566391060734328
0.028090702387776223,0.43833987883000675
0.04415703840597063,0.047751327482240584
0.04382775822209434,0.050466382445687546
0.03491348292008001,0.19277577355896708
0.02110012723650398,0.7914713987744366
0.03207683348621937,0.27715304332552476
0.016083582000422897,0.9666110845969794
0.030775926091680006,0.3240262117879014
0.020279775806663625,0.8294592878706626
0.032984389058207886,0.24758378542647885
0.035294462938114,0.1831740216230959
0.029090673073491002,0.39294592353148294
0.018721321835280247,0.8931589304525291
0.025058221370527323,0.5897162970553438
0.023096126704349573,0.6913944243533068
0.021536298667621023,0.7703472016759236
0.025723842107030936,0.5557985338850143
0.03437508864980757,0.20701410792306849
0.032256785267197496,0.2710893871814597
0.029704720118534034,0.36674107528415006
0.018960036778486414,0.8842555078718842
0.02933201548224429,0.38249567458962064
0.02667406569010511,0.50844631230715
0.02160504476496361,0.7669689856406972
0.029607177722532407,0.3708194141204139
0.02877476523858641,0.40692131034007983
0.02370525218014158,0.6597988087577216
0.02225753297848687,0.734359261497984
0.023704750022057186,0.6598249108973372
0.02167413806176649,0.7635614903787911
0.03379361003196241,0.2232985542182868
0.02859518745108225,0.41501584721242785
0.039675795789715806,0.09782444694075965
0.019022368783547017,0.8818755352365346
0.022598072314716333,0.7170214692234926
0.023812230464839712,0.6542374071404431
0.03394662988675373,0.21892024606788896
0.03125390745647366,0.3061763655894975
0.029367009400650235,0.38099666090768425
0.029070021763451415,0.3938492350165239
0.034230266086030275,0.21098070778047087
0.056602948376914264,0.004361518297135676
0.025285812747056574,0.5780571087106352
0.025002724606448257,0.5925677232355316
0.02262120060398931,0.7158377412600105
0.05362696630816788,0.0081562774368184
0.017701313386692563,0.9271756504992122
0.033787870597999314,0.22346408036404727
0.03882677696533493,0.11110034007157135
0.019948148060620396,0.844039690042772
0.020793990071262536,0.805938973168286
0.03057830437500053,0.3316226995799085
0.04265748213632192,0.061221961528564545
0.022375074898647984,0.7283954834851212
0.04006147928119941,0.09224591737591951
0.02737926053496814,0.4726987124889387
0.03946406604697994,0.10100474381651381
0.016877302692070557,0.949542147691951
0.017212916351088126,0.9410022177506386
0.027259773545594834,0.47863752306903545
0.02825654343764694,0.43057733287089967
0.04290449592429618,0.0588011405142166
0.019766316468724204,0.8518181145234843
0.03404993820320246,0.21600208330609544
0.03128502634037689,0.3050397571929869
0.03473478401302291,0.1974137391989346
0.03927808163499086,0.10386889293494247
0.02793102864045549,0.44590188327785024
0.024995620247245887,0.5929329673596211
0.02095003347391422,0.7986045564405033
0.04344791558452532,0.05376306179646341
0.028407929042139735,0.4235727996058131
0.035492672553863736,0.17833029688989008
0.03411076448502759,0.2142980725951897
0.026892009436338765,0.4972192252274483
0.028403289025383804,0.42378633720445796
0.02442625574634738,0.6223412731066551
0.0373001564752497,0.13870586964991866
0.02429648965284459,0.6290728286387541
0.02118139600426977,0.7875786239013614
0.03328919508208805,0.23821051125810988
0.027461735433418788,0.46862769501252893
0.030102295913557675,0.3504456343601341
0.03236585352864507,0.26746294138595517
0.013716399738988305,0.9940396194700448
0.031546823824860404,0.29560009910938656
0.027454545196181457,0.4689816933203904
0.04983076415526955,0.01725770332112289
0.042489009940687605,0.06292158194460973
0.015158029826681602,0.9811651778624421
0.022034392185439455,0.7456125198962094
0.01951021648493212,0.862496490293896
0.03742125760441861,0.13632958225810626
0.02294930912155657,0.6989753040697524
0.02047258530748347,0.8207631821427115
0.02573265818838033,0.5553532917566737
0.025960761308843783,0.5438749476204301
0.014516821460724583,0.9881940156708716
0.02037552293492942,0.8251601829146518
0.03065983874503464,0.32847312304549736
0.01918290674178308,0.8756434967574368
0.022393720442776655,0.7274473570159454
0.032386470419016544,0.2667815584890694
0.016676052478469372,0.9542848522239761
0.04037791365577681,0.08787023177117066
0.02420688343068278,0.6337251823891779
0.024575652745972787,0.6146022540773821
0.035143710903498715,0.1869271896834142
0.021295280894125995,0.7820891363466932
0.01804420765886172,0.916496805642224
0.029091076307767416,0.392928299904665
0.024850233359950735,0.6004179608588385
0.04239905644425901,0.06384548559429579
0.03347053520251053,0.23276420589513105
0.02411103265391351,0.6387046012332186
0.029223893979062332,0.38715318291552114
0.026135008881597144,0.5351636100884958
0.01822512475789062,0.9105480436606802
0.03368560980721824,0.22642919419128282
0.03442531947016708,0.20565197402065447
0.018372446210696836,0.9055471927829668
0.029426412071364094,0.378461466128804
0.02140010161207867,0.7770025567732687
0.02925355123140122,0.38587174097314103
0.026620578867892153,0.5112260271436309
0.02189541188586286,0.7525713049179127
0.021602694580151405,0.767084677387402
0.026601011132012187,0.5122453642296723
0.01894204182050646,0.8849383995286189
0.024795507337786377,0.6032403128019916
0.030541286778900223,0.33305981639852467
0.019842657245493445,0.8485717538000848
0.02642284846277776,0.5208902812728493
0.03542780500520626,0.17990418375974998
0.02606594567518611,0.5386102165774073
0.02119041048057896,0.7871455523078191
0.035530303504637484,0.17742227031294724
0.0505293746587121,0.015096450256374513
0.021159574974525586,0.7886258972298049
0.020057131520531957,0.8393027822952125
0.030621868482793912,0.32993716860134753
0.05088050708963843,0.014104693781482195
0.020009231457718823,0.8413914912263993
0.028203443847676812,0.4330526241250685
0.01888843193825629,0.8869616151713016
0.027327434587421928,0.4752686610552019
0.03407680741873925,0.21524806812279842
0.05015934161991886,0.01620890333316144
0.024006950103622082,0.6441140754224433
0.027154924803322156,0.48388856317385576
0.028303188019758785,0.4284108339566543
0.024755461936647072,0.6053071201421127
0.0247037232300944,0.6079793093711212
0.024998368162818196,0.5927916876517686
0.020910997230273343,0.8004473329635517
0.017073086991826747,0.9446560333533969
0.05512244249437892,0.0059801911621948055
0.04980328992415706,0.01734809149151409
0.020309753632577476,0.828117425372747
0.025495574509879382,0.5673658528344678
0.025108129557258718,0.5871547107103461
0.03177465694408327,0.2875621232966591
0.029921044277178177,0.35780948297883824
0.023100284842565988,0.6911794564674346
0.04654559959235735,0.03157918426079944
0.022786402111301646,0.7073628315520495
0.02866557750261689,0.4118299953536762
0.031529181746695834,0.296229366248524
0.02054498193448595,0.8174587921539556
0.052366521367999574,0.010524716001811527
0.023364921850126286,0.6774736961716972
0.036185812969610376,0.16218615889543575
0.016114040207799052,0.9660363076276094
0.024185602115048055,0.6348305125948279
0.028388216247305365,0.42448050281113214
0.024268990846630367,0.6305002521167107
0.023841204545529876,0.6527310083337157
0.022790933453280537,0.7071299122343424
0.034152165032747095,0.21314424062507314
0.01576128231076135,0.9723105040452334
0.02064328227579887,0.8129391721926985
0.016812804519920954,0.9510930067049045
0.017375662316565177,0.9365779807646688
0.025896496143899994,0.5471005251205052
0.01882339952506991,0.889393167057619
0.02598213999957122,0.5428034047018215
0.02316393429226682,0.6878872561595146
0.01947779857813614,0.863824205990486
0.03045450159175478,0.3364466249595184
0.031023519902946967,0.31468793859764876
0.01902395007492988,0.8818148661572283
0.02197117559427486,0.7487828487346121
0.0212043365039932,0.7864760266720316
0.04906730440302187,0.019932472935379107
0.03060734943807586,0.3304982334329427
0.024458974489148855,0.6206453013900424
0.02730309450541213,0.4764787763666041
0.029025125933452578,0.3958179846745878
0.019726884713300752,0.8534837551367301
0.028419247718400875,0.4230522102381325
0.022439807881737245,0.7251014516679651
0.028672624970450256,0.41151195003777175
0.03104537837707022,0.3138730492427424
0.028657915408034085,0.4121759687364605
0.022310580362111643,0.7316706571121925
0.019744450759284438,0.8527426942435674
0.02226821845658522,0.7338180800331631
0.01666945156678354,0.9544356097484861
0.021197040088904995,0.7868268933393439
0.03980428695317373,0.09593548333735707
0.017454193986709443,0.9343773708228061
0.045910945418961846,0.03532143851067741
0.026024104692624672,0.5407022466184692
0.04937151914721227,0.018825276981505722
0.01917581964817594,0.8759216852223195
0.028861602836378175,0.4030461625075348
0.04519528468883993,0.04000224953823357
0.0237623229976473,0.6568320511744977
0.022131953956853412,0.740703979513742
0.03496164466893775,0.19154054638809237
0.04457692350113163,0.044473374563312504
0.027847611592345084,0.44988682869233176
0.0342124814162339,0.211471866053774
0.017812985972928352,0.9237845599118322
0.022581606377117036,0.7178637722550523
0.028228305336517434,0.43189249059983137
0.02200865977047628,0.7469040028543988
0.016045265705647335,0.9673252067828955
0.037468490251523934,0.13541179241880005
0.01715106711761072,0.9426352141561879
0.01648794678015089,0.9584618141655992
0.02000221511721001,0.841696556974671
0.03368061014383217,0.2265749359028737
0.019736869378184974,0.853062718191788
0.03506268441591154,0.18896937156368238
0.04041403121740511,0.08738206291430424
0.01568593476569502,0.9735434759570673
0.04008000286588681,0.0919848362903254
0.039800564271557204,0.09598977927508494
0.034601776648017835,0.20092226099164273
0.03835652806434203,0.11907319677502673
0.036474430855588214,0.15581869518718738
0.031373892120833524,0.301811014577137
0.02317816493882212,0.687150785326587
0.017111528469198722,0.9436651520958874
0.02498305763980463,0.5935789478354732
0.026196037847914577,0.5321248445078578
0.015160235884336737,0.9811369183620813
0.0216420580258756,0.76514508798196
0.019875216126480577,0.8471786246055844
0.04658136524969925,0.03137907416202705
0.020225238760859354,0.8318905932266272
0.020072155015588067,0.8386455152005737
0.02105458083843599,0.7936438319200827
0.02179802869245795,0.7574221887036416
0.030897121544098516,0.3194303761813219
0.02135102348484058,0.7793881033238863
0.030470437056341282,0.33582289050571823
0.04251257649231732,0.06268143095357556
0.04424653029395886,0.047035652962510055
0.024672557041649945,0.6095899492190945
0.028893904271129145,0.4016111998786107
0.0184325209423645,0.903468174995941
0.03498641525308821,0.19090767269808231
0.01997100679435615,0.8430507103782243
0.03270415302449853,0.2564465860499696
0.014845220164650286,0.9848823939830785
0.023456965484899173,0.6726974692556378
0.029520175082272226,0.3744838926131521
0.02887835875313105,0.4023013561890741
0.0610662160402527,0.0016010646993741635
0.034755396158819146,0.19687434770667614
0.02438878717709525,0.6242841286570835
0.01911218613626131,0.8784068509254526
0.041905365995706545,0.06912511168755897
0.024516877347738344,0.6176453620190279
0.03710678224732927,0.14256999585889407
0.019766722401334702,0.85180092763684
0.04475493815056536,0.04314374831829135
0.028236847055425618,0.43149438450263294
0.015028780057909086,0.982770259636271
0.0400123629222614,0.0929411942602201
0.024139758056454824,0.6372120620321577
0.020353744967795073,0.8261414111282799
0.04389874979592767,0.049870006490653304
0.0368303483500681,0.14824490770611196
0.038850354279807875,0.11071250582738812
0.031012744193024966,0.31509022721395225
0.015151339375895745,0.9812507035644329
0.02257975111948396,0.7179586534239975
0.02013359765444181,0.8359468345375896
0.023867294469201106,0.6513745455478139
0.031021941004739317,0.3147468600255391
0.02621484934568885,0.5311895036854757
0.03195391929646496,0.28135261290525493
0.0437027315740946,0.05153167623944285
0.0314586616222276,0.2987545907252613
0.02791127599937826,0.446843361014758
0.014835253992327324,0.9849915759611703
0.0358100007159865,0.1707877145487998
0.026352767744450223,0.5243514590427353
0.02380541258793889,0.6545918721395247
0.020021389042521043,0.8408623500872263
0.019287235575484285,0.8715160418637816
0.0383409741752625,0.11934474625414682
0.03053320301849083,0.3333742448512787
0.02950387662752274,0.37517318522904686
0.043759776257995986,0.05104324087216022
0.04262292381212801,0.061567359381073425
0.024505699745698273,0.6182243220794938
0.028146811656492354,0.43570312577020226
0.024158741273215212,0.6362258327124343
0.025763840482364353,0.5537794151519486
0.021340378113597624,0.7799046304603822
0.04908013032964631,0.019884645558409787
0.022260003476726076,0.734234157302893
0.02989958756700728,0.35868843446653687
0.03461452270269455,0.20058394138523433
0.028553620419951464,0.416905042167626
0.018969465507228223,0.8838969437198108
0.02304038014657689,0.6942750688538575
0.053344040961139205,0.008641186515695879
0.03307548611350253,0.24475347001291725
0.017885342232554613,0.9215424219208296
0.012680304536820342,0.998007078983944
0.014702518079364069,0.9863931165303158
0.02353179594623961,0.6688118866438029
0.04458425317798259,0.04441793325903026
0.019804173511044798,0.8502118038723644
0.03127248047796366,0.30549761813042625
0.018132086757999044,0.9136339831421658
0.050821136143717194,0.014268156870362146
0.03676598317867841,0.14959211237429443
0.020498472278834834,0.8195840252801747
0.0428109593298025,0.05970799343626836
0.015515481896164363,0.9761966847890181
0.01945897447996764,0.8645926389061775
0.026342725686304802,0.5248481722979575
0.022384543088391995,0.7279140953811098
0.05135148552294444,0.012866469723902638
0.03699727505910466,0.14479664894467506
0.017671643572953644,0.9280623829982022
0.035966000171556156,0.16717408512428203
0.0195162666539187,0.8622480898771743
0.029206854706371188,0.38789075935890155
0.023460041571769508,0.6725377846766711
0.022762312450602562,0.7086006911171604
0.025496878242621812,0.567299581226459
0.029912386407439984,0.35816395945732477
0.02402768870168248,0.6430360768616019
0.026852625279392695,0.499236210934696
0.04053720439908304,0.08573434333450249
0.026692316865337795,0.5074999964896786
0.027349275210882096,0.47418451822451924
0.05073797728611451,0.014499976380766335
0.044852324544127464,0.04243108161752043
0.026575711799006085,0.5135651807751243
0.018278688222479467,0.9087459555477616
0.026570349252817982,0.5138452101319172
0.025712768940475306,0.5563579304864841
0.026288140548397565,0.5275513859678804
0.03801261829226377,0.12519724260778067
0.04102810436670762,0.07942478529510874
0.014675117396423493,0.9866704154064607
0.032912967082242894,0.24982016547671315
0.01897579747878622,0.8836558558538561
0.03553029382123457,0.17742250349858646
0.026409596266132596,0.5215440787214661
0.024607574020206607,0.6129504445140774
0.019979307426417958,0.8426909811507821
0.03016763231255204,0.3478178305913712
0.03241453385950199,0.2658561668624378
0.024437192478021674,0.621774306056504
0.039798496269632055,0.0960199525179666
0.02469722857241774,0.6083148880589329
0.038831903870499174,0.11101590977453861
0.01621690570203771,0.9640483764129344
0.021210930591691324,0.7861587921326518
0.023314879000222777,0.6800687380073476
0.015074676407718424,0.9822116280259408
0.031208384351395946,0.3078446748464502
0.024563286372016213,0.6152423465836451
0.04251696022259965,0.06263684588256312
0.027087385600300218,0.4872907438599263
0.028626182187565186,0.41361096111760376
0.040150782039716115,0.09099293066730968
0.024772592948993144,0.6044228027896406
0.022819523183175927,0.7056598175708653
0.03130364187248369,0.3043613121910612
0.03649981992184914,0.1552683163626637
0.05721389307164054,0.003819555524757425
0.022767498347375792,0.708334267515677
0.028083034368703408,0.4387010526801147
0.032044146606173884,0.27826524926160273
0.019415756877671025,0.8663497723025366
0.02995980730306569,0.3562254717286709
0.018910830428436,0.8861183557729276
0.02063009944660403,0.8135474506397065
0.022179952412747617,0.7382823399967167
0.018572388409441365,0.8985398152645419
0.03473129614550763,0.1975051263850648
0.024055429132514627,0.6415942283930649
0.025675696171163498,0.5582320987639822
0.029262936612723056,0.3854668293826938
0.02072332881560024,0.8092315897282099
0.024575227360851937,0.614624270694949
0.02709873514195668,0.4867179512758003
0.016485940050316894,0.9585050452344526
0.03544929045746381,0.179381666051679
0.0181494897387533,0.9130610398588963
0.022219642536303486,0.7362766524779639
0.03238623843284383,0.2667892183074
0.04495311739125313,0.041704294603460354
0.023049248443459736,0.6938169805603884
0.029446478657650044,0.37760773405093984
0.01930349477289789,0.8708674014394964
0.028990226265961316,0.39735307911874335
0.022084428396288103,0.7430974303895659
0.0373959042170986,0.1368243143226031
0.03570714158353927,0.17320423349025663
0.02970932350395583,0.3665493879052824
0.025395238449100077,0.5724728727405395
0.02097472244120835,0.797436382181985
0.025307661712662965,0.5769409355552583
0.020588930685468743,0.8154427565240673
0.04853602311033278,0.02200590228231088
0.01861610605060468,0.8969744260472886
0.04110440783490865,0.07848017884230991
0.06092168590938907,0.001655845868310203
0.029711358486417705,0.36646467269316246
0.032741848546167185,0.2552406366366359
0.02117365629526191,0.7879502518077007
0.026869091054008032,0.4983923114028214
0.038235164426292045,0.12120558475758617
0.030207818845811696,0.34620854861429023
0.025509398832419428,0.5666632483000074
0.027883601867649377,0.44816462971082877
0.01951331248898358,0.8623694021961645
0.03915813386958267,0.10575163204943179
0.024058530709073822,0.6414330279383903
0.020754938767936437,0.8077609129445928
0.020865795144823854,0.8025745867159707
0.02004734848582429,0.8397302306372822
0.03229090042497573,0.2699511409017995
0.019692608481411078,0.8549253578261758
0.02856867769046359,0.4162200234749547
0.01967733283846218,0.8555659366705815
0.022268016057736817,0.7338283326678123
0.020574481065870565,0.8161064272278686
0.029085209237179832,0.3931847781588563
0.03489519253784412,0.19324651301469858
0.023431881436521557,0.6739994767242037
0.024372868180127627,0.6251097837581208
0.0389814175749883,0.10857694628181917
0.020963733775030635,0.797956573329428
0.060554116833825555,0.0018031116439958573
0.02533694011038201,0.5754461301412385
0.02827639209993449,0.4296545215237217
0.028475322902736466,0.4204794971844903
0.02788931912057821,0.447891453335573
0.02867735912721625,0.4112983964845245
0.028558080551323972,0.4167020520159848
0.02796239380146348,0.4444096326529594
0.02281246137713966,0.7060230226211897
0.031232991292925227,0.306942066075694
0.034514245323921555,0.20325768383431386
0.02696033174550283,0.49373262881728985
0.026210284574692877,0.5314164143252694
0.029188578201713278,0.38868297657864903
0.028505276120094125,0.41910961534807717
0.01989749939651564,0.8462222450139427
0.03143116469651597,0.2997435026115143
0.01602466820369497,0.9677049849457585
0.031462147883548064,0.2986293811662122
0.02024877302258546,0.8308429892015202
0.036697960038926,0.1510266011741198
0.016099795223607383,0.9663059098771506
0.026502108162788973,0.51698699032411
0.03418655482200589,0.2121894710506174
0.01542879553833254,0.977474703976501
0.02174604538308439,0.7600026578235398
0.04964558356305332,0.017875172928054597
0.04137779004671471,0.075173423657328
0.039768561344954156,0.09645760683121724
0.0171216850261105,0.94340162765627
0.016631607084533928,0.9552940580269188
0.025770676901318512,0.5534345540148994
0.02583502200664023,0.5501921910265962
0.03138972387605099,0.3012384498478666
0.02361593872574408,0.6644405903528532
0.014489221085395632,0.9884462478691233
0.05553521674248041,0.0054810296670282175
0.02753028358494014,0.46526164565086686
0.04385657705492385,0.05022354637724543
0.025538881580182138,0.5651656866650374
0.03794544655778631,0.1264230052977415
0.018138975986537464,0.9134074117945327
0.015146257464760837,0.9813154874728193
0.018187314714018854,0.911808944392049
0.01867923741497779,0.894693164127445
0.04027185885926393,0.08931693438787182
0.014873959566480743,0.984564414587631
0.030060214755194437,0.3521455961898814
0.017265975677123402,0.9395800439728668
0.027279406004401707,0.477658422174601
0.029978898964938938,0.35544714322331167
0.023415526146889243,0.6748482662001867
0.019402211897583066,0.8668984388122407
0.035740590329487065,0.17241543943685653
0.043935477823395463,0.049563864932926416
0.020552561445193185,0.8171116407878993
0.01568896875806136,0.9734945459752299
0.022085272518989507,0.7430549575841099
0.015934990359445844,0.9693251279861085
0.046190703487424156,0.03362644322965425
0.03865409544924392,0.1139752282123086
0.02775641425056863,0.45427045473400507
0.016568737853563165,0.9566980492340011
0.023209349064189255,0.6855364397997683
0.01648334450042349,0.9585609197517835
0.030329209701061732,0.341379754638546
0.023955859233006582,0.6467700303499984
0.042454299581226373,0.06327672489696777
0.03646456185301755,0.15603305620708724
0.0273216193212783,0.4755575962094673
0.03217415047310246,0.2738613887102744
0.021255744005098942,0.7839993475333192
0.027845753758642455,0.4499758486019148
0.021504493828906845,0.7719058889199674
0.016107273762483887,0.966164542289245
0.028313847211725696,0.4279167820461794
0.029502952580513386,0.37521229155964414
0.043232238911576404,0.055716277040377786
0.01682039338343544,0.9509120451362411
0.030653364224227042,0.3287224328696197
0.0370724636253732,0.1432648045554333
0.03160513724778402,0.293527167420952
0.0186857738350715,0.8944555780166829
0.031439993486441886,0.2994257176175874
0.020079476618718894,0.8383248290460954
0.032725767120031835,0.25575458512789356
0.03289450327796861,0.250400796315006
0.04386622747791358,0.05014245502325705
0.02362776978735548,0.6638258042456238
0.027368763618097036,0.47321849994761905
0.02452703613255036,0.6171192374186618
0.046128134382955155,0.033999212816095734
0.021323590307310125,0.780718527026447
0.01927484947639238,0.8720091996872793
0.0232320556252541,0.6843605534137429
0.03621792941220103,0.1614674641277581
0.026952967790571852,0.4941076663050263
0.04000509025889076,0.09304451580281338
0.015422938644182815,0.9775593402278365
0.01626127846471248,0.9631684812660376
0.025561691753242743,0.5640078706749275
0.0343318290356559,0.208192826788371
0.03276236014004491,0.2545862387959257
0.029781581932504908,0.36354976484425294
0.021524776834094594,0.7709121743400247
0.044211269492782534,0.04731651949601493
0.03386761164920171,0.2211728031481121
0.023452640757740395,0.6729219662658279
0.03776357534028407,0.1297912089597765
0.033463017669711936,0.2329880701063495
0.038769191745280485,0.1120523104278186
0.020124077538872687,0.8363660859068348
0.02304887708911385,0.6938361640487118
0.02797130265062009,0.443986387565042
0.026679780493306327,0.5081498817646538
0.027648289080957872,0.4595043022868297
0.024633695767790842,0.6115992462134852
0.026404866464282417,0.5217775039535602
0.03345765854263172,0.2331477601006864
0.04645656709213053,0.0320822049805264
0.02812304513500173,0.43681868688701486
0.03843917000885144,0.11763889427711229
0.024108308175862236,0.6388461724187939
0.025812749622979747,0.5513137787391549
0.030266992170931734,0.3438486336393876
0.02666084337923913,0.509132582801669
0.04021772786407207,0.09006300988476242
0.015422281550812156,0.9775688222341604
0.026834005546529927,0.5001916049181615
0.02783892948129696,0.4503029409698516
0.03719084381168419,0.1408796347605134
0.03258069369753591,0.26042645466207526
0.025302224933984763,0.5772186243806221
0.039327996087937356,0.10309366656640073
0.03673251035926811,0.15029661543932554
0.02586601781171116,0.548632600090758
0.020746691888894553,0.8081449596645953
0.031760541998830605,0.28805533980709735
0.018293391470903142,0.908248045118816
0.02560536359913229,0.5617931580766864
0.03608772539238392,0.16439701067234863
0.04193561984502214,0.0687912021571664
0.025100381758196733,0.5875522024992987
0.027071881124654973,0.48807393227064994
0.03934447891548959,0.10283872879036847
0.028283089552208138,0.42934344241640476
0.0344421130880076,0.20519813585961583
0.020967524851795316,0.7977771541876255
0.03760958210902077,0.13270012058672734
0.035394577719001896,0.1807146317123336
0.03207983345141119,0.2770511328814369
0.029062961266497322,0.3941583985180753
0.033017743310065684,0.24654461968365216
0.026035612713405043,0.5401265569348943
0.02859369754787261,0.41508346133441937
0.022872802666396103,0.7029177966692204
0.031058703575693403,0.3133770387166628
0.04349262095657469,0.05336566524166298
0.023170520978441633,0.6875463968021458
0.028400827582126698,0.4238996445665791
0.02044652442975614,0.8219475345517232
0.018738637647833567,0.8925245457054805
0.03271990375462919,0.25594216791369584
0.020337620774568577,0.8268666265370392
0.01625607347941893,0.9632723943116835
0.017663233467685835,0.9283126423924537
0.019555688498380408,0.8606248986025573
0.021850355393564058,0.7548183371565838
0.026547968777409947,0.5150149481954492
0.04143390784149781,0.07450944711732699
0.023504485996156954,0.6702301949644509
0.018488244886295496,0.9015193578264429
0.027432977965696603,0.47004456731410643
0.04024151961508016,0.0897344522164986
0.027615117703167352,0.46111792363772464
0.0301730450641928,0.3476007645802172
0.03335968086519059,0.23608209710148917
0.04363152265021186,0.05214704741652303
0.022665472561196054,0.7135698975500088
0.04274811171707704,0.0603240249077525
0.028807417453028394,0.4054612102116303
0.027524433413960464,0.46554829622833416
0.03437297925487326,0.2070714629039159
0.02258843288483814,0.717514611999019
0.018429047170066132,0.9035890147397235
0.0298955535872929,0.35885385297117645
0.027949856888750457,0.44500569717459715
0.017522928706672047,0.932416338893324
0.023070225691794788,0.6927331479079751
0.019844528616635937,0.8484918195715311
0.020857095605921694,0.8029831741319154
0.027569249099034576,0.4633553464229168
0.017132033590551973,0.9431323798741545
0.020873287439985955,0.8022224859239664
0.03253224754219142,0.2620008484553745
0.018982777583101962,0.883389820901984
0.03270007990325219,0.25657715030795114
0.02784264602433484,0.45012478488527563
0.018568095007095775,0.8986929114067111
0.043835246287638574,0.05040318843137227
0.03868175876493979,0.11351058747709383
0.028706644961363603,0.40997902312651147
0.020845083923206054,0.8035468822901204
0.022950639266951567,0.6989067090515049
0.026013844480297643,0.541215701488536
0.03453645464122396,0.2026631188964499
0.0344586584020935,0.20475177253719157
0.021279504230082735,0.7828519401741568
0.03309305342438651,0.24421051319853565
0.019348431370181773,0.8690672301518594
0.022043669035364144,0.7451465941646298
0.037095930640072605,0.1427893996901953
0.03442399302556376,0.20568785378367538
0.027196743884537578,0.4817897212567523
0.020994389900622856,0.7965043296655552
0.014825229108728466,0.9851008390165887
0.027607929040915136,0.46146810783191833
0.020768564181154803,0.8071258493146413
0.01651902979459774,0.9577886141785814
0.026736997962571785,0.5051880264291199
0.027278579655781954,0.47769960716061677
0.03345112221737423,0.23334264161396728
0.0143928828820995,0.9892962365750698
0.026915052165217446,0.4960415590769059
0.018292610928255182,0.9082745123219711
0.022186032450234205,0.7379752804386228
0.023229705281196167,0.6844822843369169
0.023206268791195805,0.6856959292691152
0.022103681312357792,0.7421283553839444
0.018296565473857496,0.9081403784253447
0.049568151758275,0.018139165469517975
0.04285384730107744,0.05929070933847506
0.025013251109917367,0.5920266338467792
0.02903300438986489,0.3954720112786954
0.03217439409007283,0.27385318546665505
0.01820523834690535,0.9112123783422953
0.03524708418476727,0.18434710293063997
0.034125911462210556,0.21387536582986189
0.0240964963760516,0.6394599649305677
0.02540552696027598,0.5719485957556723
0.02632089992618747,0.5259283896806541
0.026977636606086763,0.49285203281866685
0.03821278265060679,0.1216022437249574
0.020040117078881425,0.8400459102998352
0.03156292141274064,0.2950267832766685
0.01670382111748331,0.9536473104004178
0.025176758998258664,0.583636587179792
0.015345258642901427,0.9786615529920684
0.018500816093534156,0.9010770141272487
0.02794614260460271,0.4451823942964753
0.03558781530761845,0.17604161495468135
0.023177439618963236,0.6871883258564364
0.019725087705474653,0.8535594795384505
0.0236363357870083,0.6633806627210641
0.03197882962006826,0.2804977020695437
0.02463109343398838,0.6117338360679345
0.03531460886152493,0.1826770074496238
0.0351701254987119,0.18626521531159534
0.01852429517041071,0.9002482092576684
0.035728950383581926,0.17268960968095795
0.049363920533814165,0.018852249739959383
0.03186345870804441,0.2844735017543597
0.03565670099772256,0.1743991572507064
0.024548731203430818,0.6159958566362752
0.043746662171614104,0.051155172710679465
0.0263964364024295,0.5221936489954339
0.02992255138612776,0.35774780332077843
0.019891172275888325,0.8464940403053407
0.03518984066445874,0.18577234170103768
0.03209425559516482,0.2765615955130735
0.04540271046699096,0.03859286531409282
0.026957643842376866,0.493869499336827
0.03431373486553868,0.2086873964758787
0.022971789638629003,0.6978157698601277
0.03679106427776713,0.14906597848783973
0.020650438277817762,0.8126087047079636
0.02864196215818071,0.4128969570888522
0.030150923048061773,0.3484885278670719
0.01717386497649437,0.9420363921220908
0.016898122787513487,0.9490353059675707
0.03228088867400486,0.2702848089186151
0.028897760881291812,0.4014401086891274
0.05404416914677035,0.00748626112895274
0.044113254288643045,0.04810489520444365
0.023734470746115233,0.6582799675588158
0.02404271884083109,0.6422548476066992
0.025768677610334023,0.5535354003212052
0.03058415533722164,0.33139596052713105
0.02217730575248844,0.73841598269148
0.03112076332929048,0.3110744958673113
0.03079632870212823,0.32324918857485907
0.0244163649700323,0.6228540703940714
0.01845168926205165,0.9028000109998459
0.02759667444849978,0.46201670913570914
0.02214423141735511,0.7400849645363119
0.031264787018647655,0.30577864004521843
0.027448451962332143,0.46928181974374444
0.02911172073497681,0.3920267526483666
0.03088962070362733,0.31971343117818096
0.03402547492644081,0.21669036123289287
0.019368697506367064,0.8682517886631913
0.03055211506061284,0.33263897126366354
0.023391337489859998,0.67610336275394
0.036198378984578394,0.1619046548637073
0.03390481357151076,0.22011007400589716
0.03115793817533763,0.3097011708552094
0.034476783161647706,0.20426366870564225
0.025729069836726626,0.555534501734072
0.020257242096176187,0.8304654115380479
0.02206734362886048,0.7439567639670708
0.02413812268067539,0.6372970287111575
0.019305733504815792,0.8707779770201172
0.027089989573187423,0.48715928719389345
0.03817533710205434,0.1222682524564593
0.026739791349168485,0.5050437089425512
0.037286024542203505,0.13898535076306154
0.02303116242208525,0.6947511359002965
0.022950242895751205,0.6989271499171891
0.03199355822068517,0.27999313488213706
0.027134467154057873,0.4849174576091463
0.030694283238522774,0.32714909137535203
0.025247429272770266,0.5800193371886914
0.022104387908887024,0.742092775850838
0.023867467574362256,0.6513655454875538
0.028779567924449634,0.40670632404334806
0.030386105054305168,0.33913321626762927
0.01968152081295682,0.8553904317558021
0.04053346440214178,0.08578398681858011
0.035454514270999715,0.1792548068963865
0.03494695277768001,0.1919166945358427
0.015261726996786407,0.9798050118921331
0.04406006805190266,0.048537434055245875
0.029974053125583877,0.3556445838124658
0.017866122466885792,0.9221414254594031
0.046432599870869895,0.03221881359452563
0.024521238549938262,0.6174194873079362
0.039639682754956884,0.09836090024201988
0.042474868367969876,0.06306606671972474
0.02901235173455008,0.39637939347795254
0.032900682034869955,0.250206379132527
0.02439395361466551,0.6240161922608412
0.03041297378540031,0.3380759906594909
0.023631853017470783,0.6636136168039926
0.03745575125443623,0.13565883039395318
0.03999993201036686,0.09311785644900496
0.044904006401824126,0.042057054106136596
0.020742972997022213,0.8083180620719398
0.03676839646321045,0.14954142309430793
0.02168351909293742,0.7630979217297548
0.021229850614102874,0.7852478299357208
0.02081913008358588,0.8047631459926514
0.034269340391376135,0.20990471025611374
0.03387762966838409,0.22088623393595688
0.021688601005913466,0.7628467055926293
0.026260427994562408,0.52892587581443
0.03614863973853866,0.1630212093746631
0.03486108852087377,0.19412665995462727
0.03457034912772716,0.2017583515038898
0.022656254904631523,0.7140422835386973
0.028907359422695622,0.40101450550942525
0.028909100672265375,0.40093733111532204
0.030859892403791334,0.32083706508319926
0.03548498936995331,0.1785161426685131
0.013711208761866045,0.9940684510804338
0.023618964980920365,0.6642833380029912
0.013564619215124404,0.9948400476222777
0.026205307145155565,0.5316638801160147
0.018881485914967855,0.887222519399572
0.019982026597532898,0.8425730691571047
0.026090546820031424,0.5373815554496381
0.022451972987793722,0.7244816840996554
0.01665557062377454,0.9547516414452991
0.04227228615650258,0.06516719863085502
0.021292023647644986,0.7822466852246341
0.03537926497462289,0.18108909728862976
0.029906328386834324,0.3584121391572866
0.03467974464255097,0.19885972100956953
0.02783847219245894,0.4503248647893203
0.025482595480270487,0.5680257294417628
0.025524963898159836,0.565872481242979
0.03303065312692216,0.24614330103981535
0.022393604738790485,0.7274532422810768
0.03199175882611105,0.28005474159609034
0.017708872525482366,0.9269487753700169
0.013052602582807792,0.9969509585473187
0.03124530488011723,0.30649111958204495
0.026482620525229705,0.51794557769601
0.04512060776923876,0.040520530421096
0.0330338853760791,0.24604290019557082
0.03922608498874047,0.10468160205939243
0.031147285980531514,0.3100942333498769
0.02830541608790349,0.42830753150794737
0.020506903360725914,0.8191994089216824
0.021218965364085463,0.7857720673131545
0.02542692803080332,0.5708584846166491
0.0222101386629161,0.7367571792364349
0.02482673103196642,0.6016297216111492
0.02645160473062169,0.5194727361168815
0.02219580599116988,0.7374815456591552
0.016268951395706832,0.9630149580932454
0.029566903429257718,0.37251258790467023
0.02263196883595303,0.7152863704116348
0.022156931790272394,0.7394443266382884
0.03184028632896768,0.2852770740596428
0.032587589477621,0.26020293851705295
0.02241824183924329,0.7261996022253087
0.02786658987762397,0.4489781362959291
0.014521807993438385,0.9881480260218106
0.02812377197871574,0.43678454165425573
0.03362545817918794,0.2281874306221865
0.026528079856163234,0.5157105987284321
0.017598963836604642,0.9302091659482735
0.01567247271880079,0.9737598581132751
0.03333837531963624,0.2367239056999711
0.0346484837607034,0.19968468596186076
0.0487461619137835,0.02116390743456529
0.029490462485053437,0.3757411617069348
0.01865833496212177,0.8954511786027539
0.02190556733260024,0.7520642173065525
0.018161078086114335,0.9126784294073425
0.03490973752817106,0.19287209522242968
0.024044122320461825,0.6421819001567524
0.029585475845146925,0.3717311104661766
0.016520899824904012,0.95774789839965
0.021429170127051145,0.7755863983868894
0.025496001453886308,0.5673441500790144
0.04300351663173091,0.057854021475886114
0.02484987725571941,0.6004363177535279
0.04423822677715128,0.047101663466210426
0.02777192479973889,0.4535229110635938
0.01688128745688955,0.9494453780933344
0.02369179963686885,0.6604980572178063
0.03185145116781696,0.2848896891962571
0.02421199996775225,0.6334594560268096
0.038902987791163746,0.10985075161718567
0.016568788826997916,0.9566969220692421
0.02955407237197638,0.3730531578649391
0.021115298596593113,0.7907462814787041
0.024167756683396435,0.6357574926269067
0.031041359261459678,0.31402276720684946
0.030416651144841045,0.3379314790780053
0.032790454876766295,0.25369197281965516
0.024802989504863593,0.6028542910568075
0.025873993875109358,0.5482315195459021
0.044480291479255585,0.04520993212763292
0.021490520240650124,0.7725898454080542
0.02734957756297593,0.4741695211542505
0.016464136155026815,0.958972963102306
0.02902347545885442,0.3958904898732283
0.037062827535549014,0.1434603876269943
0.04100313351375784,0.07973599314201564
0.04619244434967945,0.03361612312778626
0.03866227450960308,0.11383768728444761
0.04481248877166044,0.04272134953851033
0.037192902483871304,0.1408384426019156
0.023808472424569738,0.6544327899222553
0.027192032863731952,0.4820258653698025
0.028118832967764462,0.4370165988549518
0.020036718651430488,0.8401941825490394
0.023082720312095684,0.6920874163176138
0.03618456046129914,0.16221423907070695
0.026412791393936708,0.5213864166360871
0.036167487476197024,0.1625973892793787
0.03511518255068169,0.18764421995442815
0.03501202995591446,0.1902549641988932
0.018174373176969127,0.9122383888216061
0.04064397633802569,0.08432724690096018
0.021701403458762203,0.7622135558344336
0.030349153210320834,0.34059106470615735
0.03256923380918175,0.26079822978286377
0.047402238763974536,0.02708285067631861
0.04239169704162227,0.06392158380245762
0.032839229035376505,0.2521451286837714
0.018834793786297807,0.8889689499702053
0.018023894987483136,0.917151288761086
0.021056529391653478,0.7935510296835456
0.040722499974898296,0.08330487239347965
0.03071644176206023,0.32629937115152724
0.019377959449957127,0.8678783829681962
0.0401773882746842,0.090622393819073
0.044378487378492704,0.04599734238293156
0.017201973447955266,0.9412930849571907
0.030620263905763057,0.32999914102825356
0.02274209557888146,0.7096390261099069
0.017846384445162733,0.9227539997293024
0.015973353475296964,0.9686386732635137
0.026161921498108143,0.5338227668070192
0.019060811662611088,0.8803965370801011
0.03245195617993671,0.26462592488882297
0.03287055579876841,0.25115539757602423
0.02599958800365143,0.5419294338689222
0.03485529352214689,0.19427652814390314
0.03471857666122391,0.19783867631157706
0.026848058764043947,0.4994704145547032
0.03085883300090042,0.32087715998063515
0.026944825426740704,0.4945225601620538
0.026007647676661527,0.5415258950466719
0.032310831469999246,0.2692878062880103
0.02920724546797504,0.3878738335859253
0.025468397849106317,0.5687478186023813
0.02559124031904425,0.5625090940719193
0.017942016393295845,0.9197617155693587
0.028314523438409678,0.42788545203236766
0.024560960023250256,0.6153627709571537
0.024660817772390042,0.6101968074842287
0.020732839926283053,0.8087894654802938
0.0333373961593631,0.2367534340124282
0.03410933543283523,0.21433798660480596
0.03298629670087899,0.24752426234927707
0.030902238255682946,0.31923739430763964
0.014449812337068157,0.988799628829881
0.020832053475537293,0.8041578225401579
0.02041407426123998,0.8234183947859697
0.034806423971947664,0.19554399185228283
0.016141088598030318,0.965520584270693
0.026103422397933507,0.5367389197724544
0.03396950334269622,0.21827152119298876
0.018444105909901642,0.903064626275612
0.019546641992215896,0.8609980997856671
0.04422036433439097,0.04724393671406905
0.02487244419600204,0.5992732283595983
0.02520568326718048,0.5821554137905445
0.017630505056700163,0.9292819479460682
0.03620180238203874,0.16182803173613539
0.03509032939682227,0.18827064409639394
0.024698005978626647,0.6082747178547258
0.02455653671872815,0.6155917544982428
0.031953397661672045,0.281370535896114
0.019818769896284283,0.8495905986389612
0.020289665108679245,0.8290170473855887
0.03329370060627446,0.23807402320495796
0.021977072829304445,0.7484874519071006
0.02879588982701442,0.4059762766270543
0.05215595733157952,0.010976149206222596
0.027756563079772645,0.45426327791138543
0.026627423481577428,0.5108697758813201
0.01923015076338197,0.873781886343484
0.025497272487689293,0.5672795413296283
0.03262979195435328,0.2588381631863134
0.03677692457093973,0.14936240744993837
0.023409405740564937,0.6751658660287423
0.028639549628246996,0.4130060634675515
0.04388626125986028,0.04997447473034947
0.024642384294405295,0.6111499191551629
0.02812746037834335,0.43661129781738356
0.02697891966213173,0.49278678191167985
0.021670821250739603,0.7637253402294935
0.025167509177145886,0.5841104559914018
0.018154359301296497,0.9129003691336687
0.031427631319089766,0.29987075317596007
0.026693853268942802,0.5074203856918832
0.022419002142999023,0.7261608995740341
0.02827165476086746,0.4298746503153852
0.024649340955770593,0.6107901935101439
0.025325469516025934,0.5760316354147752
0.02472922690113971,0.6066618436919502
0.026748502581869338,0.5045938204851982
0.01676715957754793,0.9521729322068087
0.042510392783806195,0.06270365065961211
0.03723712099797605,0.13995602719852188
0.04069624638437386,0.08364552477811416
0.023784797432775284,0.6556636481745827
0.020842443706688307,0.803670719127757
0.029375653806986035,0.3806269982851511
0.01758262122952242,0.9306869112631571
0.0382011865017422,0.12180817430467575
0.018843152189252144,0.8886572693359405
0.025590351716142323,0.5625541484286669
0.02429981752880872,0.6289001036723516
0.031964615114092404,0.2809852998874576
0.043784890322160486,0.050829476599443583
0.04463662054234907,0.04402357277020129
0.03656854693362255,0.15378630789551695
0.022569153853503554,0.7185005256744705
0.045120214787999435,0.040523273240886525
0.02519187579631904,0.5828623585143076
0.020252118731328372,0.8306938640134611
0.04093672338157783,0.0805686681373783
0.015722161385422484,0.9729553128320493
0.03481288725045195,0.19537599106230058
0.019827279308833545,0.8492279709863588
0.016346092538611634,0.9614489524748026
0.03322555706641661,0.24014472664528208
0.03316071445076263,0.24212787218310142
0.02766715821323318,0.45858807809757873
0.03618935713520893,0.162106722795729
0.025336873505836688,0.5754495294389232
0.03774903245252076,0.130063675484136
0.030074737785124483,0.35155824389035206
0.020948148964598623,0.7986936380822253
0.045025244897982486,0.04119088035848469
0.0342156576253021,0.21138408372786174
0.01720808178898159,0.9411308255150346
0.021659007341233827,0.7643087229859253
0.03255997258380061,0.2610989695546462
0.048845541734372055,0.020775786786033555
0.03478393206541297,0.1961295105856536
0.03718178632250868,0.1410609830105964
0.018740686169795406,0.8924493758820191
0.03214003149452005,0.2750120843489807
0.018714082157883893,0.8934236264734441
0.03090619111842008,0.31908836622393283
0.024680639706006535,0.6091721760461652
0.028442634460788874,0.42197793878863865
0.03805151190688649,0.12449196739645191
0.023542622972008778,0.66824952972859
0.03079421438764615,0.32332964834440225
0.03852324839330745,0.11619429014119846
0.0252275860132245,0.5810344348708146
0.04032325362229683,0.08861337738122887
0.02614339680986183,0.5347455703083117
0.018426368643930463,0.9036821387697868
0.036730266091932084,0.15034394615353666
0.022837949121434775,0.7047118725344725
0.032660847964280926,0.2578373088913578
0.034596397715839,0.2010651683098724
0.023063522326355584,0.6930795306002658
0.018053668309994775,0.9161910490031226
0.021911685291203936,0.7517586229081452
0.025565620876121464,0.5638085057751876
0.027891944715953798,0.4477660367682021
0.03675602652279136,0.14980139129587378
0.0290872374180578,0.39309610337904277
0.0340234064874132,0.21674863490270133
0.01901636806648635,0.8821056325388006
0.017415245608738528,0.9354741129023529
0.02087720574881402,0.8020382663244989
0.015533259370468344,0.9759286926366512
0.03208420592951766,0.27690264755755967
0.02489787802214416,0.5979629214160942
0.02652617263484952,0.515804285439974
0.022933589844932878,0.6997858122973044
0.01554481041565725,0.9757534806972569
0.025723081070310627,0.5558369742657439
0.039201604448788396,0.1050660578642001
0.022741838338332543,0.709652234841234
0.022603563835994933,0.7167404727760434
0.026443183626390032,0.5198876929359473
0.0432222876065006,0.05580785276622089
0.015576446856961523,0.9752692270447824
0.01648471742857438,0.9585313705020181
0.028980972257392046,0.39776081391771184
0.040650224008382585,0.08424551748792762
0.03392181775369596,0.21962564061038573
0.025021549676367327,0.5916001437059214
0.02904156251598944,0.39509642792922733
0.017752509910160308,0.9256314845547987
0.03790677125632083,0.12713320569368158
0.04715784742248952,0.028304073640272487
0.03946344818551961,0.10101414889553699
0.013069840494879081,0.996893176823791
0.027271399053966028,0.47805758363025
0.03265658576269648,0.2579744951323407
0.029340891391495316,0.3821150736700519
0.020119809836007696,0.8365538975674208
0.03715014964367824,0.14169589630569088
0.02171360935825667,0.7616095358268195
0.0263361727194506,0.5251724043601842
0.02553137125049265,0.5655470578953237
0.011242224867122397,0.9997505392341425
0.029949894219669093,0.3566300850896135
0.027503310463494968,0.4665842579694864
0.022213676163369223,0.7365783382194879
0.023838192063661334,0.6528876322251864
0.02123667786886574,0.7849188426618627
0.01768761725386858,0.9275857273055748
0.02460065038358894,0.6133086603973714
0.04316725261569665,0.05631664704830534
0.027381317052421417,0.4725969213422304
0.025745982941610568,0.554680567052468
0.04171078756757868,0.07130579559104967
0.019455214040678445,0.86474592289348
0.027018451819780714,0.49077906271562466
0.03435092519369165,0.20767186024904633
0.03602704882915142,0.165776657016249
0.031152480150405504,0.3099025246155362
0.03711505144308602,0.1424029881687956
0.03157447965794008,0.29461564301676646
0.053963733575703776,0.007611402234153057
0.021433539996360496,0.7753733026789278
0.029570509491759434,0.37236076426966674
0.03597663163475451,0.16693005265482969
0.03548572423983665,0.17849836052562887
0.030697275484264708,0.32703425330986163
0.0328041347101754,0.253257401105749
0.02726349973893072,0.47845159181766034
0.025447341887024855,0.5698192111510545
0.03444474609852577,0.20512705113585347
0.018689365321706133,0.8943249237478217
0.028520765550380522,0.4184024125671484
0.018990037235529278,0.8831128318359878
0.03307672063611122,0.24471528432860837
0.02980356142336954,0.3626407924480329
0.023077491263584493,0.6923576729377767
0.024341342502763208,0.6267452434180654
0.03508660377259326,0.1883646904243638
0.024299217065124057,0.6289312688866298
0.02146198569123492,0.7739848596995401
0.03476548052363035,0.1966108751060898
0.018617616739460663,0.8969201224954907
0.021895406119785576,0.7525715927686769
0.05757858175046959,0.0035263079769637207
0.024440000299324915,0.6216287569356244
0.025963674477874732,0.5437288896067565
0.01881758415184534,0.8896093798858143
0.037593975414149716,0.13299787329654816
0.01869747714822334,0.8940295358079533
0.023552967198335772,0.6677122147930252
0.02204845682184242,0.7449060617389718
0.03467509844779909,0.19898216348607672
0.03227506357828369,0.2704790878926769
0.03535950594844095,0.1815732019098298
0.015697237559402777,0.9733608879550146
0.013991993860057117,0.9923517718387388
0.01849553750686528,0.9012628724910056
0.035439066547098885,0.17963015733450405
0.03507660364763354,0.18861730772713867
0.018971308167572865,0.8838268090153965
0.02846596464249651,0.42090811113204213
0.029426026241799796,0.37847789445092983
0.031358756072728866,0.3023591666423879
0.01978187783109231,0.8511586794287032
0.024010720824091003,0.6439180675725084
0.030515964138034923,0.3340454881790251
0.03835822163055502,0.11904366014911297
0.04179720542904952,0.07033017762765856
0.024081685286741122,0.6402296570799717
0.03698409688365889,0.14506649329421598
0.029242154371363516,0.38636383123478846
0.02259229999157142,0.7173167901539171
0.024236641467389825,0.6321798265737041
0.022311614477446395,0.7316181970998437
0.018880117679275665,0.8872738790720941
0.0366364934568989,0.15233234357782852
0.04117168418856132,0.0776552200127544
0.027784688516108547,0.4529083652099911
0.019426739768730994,0.8659041709185195
0.029445188856645932,0.37766256801415643
0.019869203912029842,0.8474362578956004
0.06602717675216885,0.00048071063720475876
0.020769293385578036,0.8070918428953328
0.05485506899075143,0.006325335443389096
0.03426093852984857,0.2101357130709108
0.028710630946086724,0.4097996723570909
0.016407951634078266,0.9601634865128689
0.02087606669039166,0.802091824795879
0.020130571615233905,0.8360801405491669
0.028196707728766673,0.4333673183769117
0.021069871601748003,0.7929152573755767
0.022263442975439363,0.7340599658411195
0.02557054492766503,0.5635586881198857
0.02179050754135725,0.7577959335954763
0.02209946029167853,0.7423408778846456
0.03114958574767135,0.3100093418198324
0.03522456889660136,0.18490665033106243
0.030053623875525348,0.35241238030636884
0.021613353636448784,0.7665598541464556
0.04989985347088602,0.01703226378943727
0.03350862526373183,0.23163246016534453
0.033465388547440494,0.23291745003682865
0.03469677654698977,0.1984113790418327
0.024869668507117804,0.5994162619345982
0.01944864270209934,0.865013606198078
0.016044083259583952,0.9673470864557343
0.02676150321956894,0.503922882033812
0.02238459978167706,0.7279112125091245
0.020800890243327597,0.8056164706287445
0.01897304371415276,0.8837607332027856
0.033180906781784536,0.24150897490043896
0.029149932310275684,0.3903618283196403
0.019157804556170444,0.8766275631080545
0.019228828577244284,0.8738341544825641
0.031956187982518425,0.28127467240028275
0.02512735590213222,0.586168602347471
0.018444212795501347,0.9030608991015721
0.018904190359661302,0.8863686489990202
0.025206065179254944,0.5821358629014232
0.028934278364815214,0.39982256702223606
0.02332946924618351,0.6793122775667051
0.016141011013661388,0.9655220706789995
0.02031411392792687,0.8279219326635096
0.02250959867373148,0.7215428416488332
0.06025355587018988,0.0019324720615188245
0.022523350405490472,0.7208407973033699
0.03353937095985027,0.23072201870836745
0.01903158790519799,0.8815216245978655
0.01705483398509522,0.9451229104519955
0.02211896768503313,0.741358418928691
0.02957090686879571,0.3723440364294061
0.02564888552194211,0.5595887293075836
0.034434608996800176,0.20540083307390514
0.029509486771645,0.37493582125291064
0.02814599647357796,0.43574135738260783
0.014726207796910473,0.9861500871672108
0.037429224250074,0.13617442639136382
0.016867195568865484,0.9497870991912328
0.030134935440649546,0.3491311219599232
0.015441965962666226,0.9772835934291673
0.033436917655343124,0.2337665835661735
0.02576743233835277,0.5535982161957154
0.02865088830812773,0.4124934441782329
0.03213729258305664,0.2751046133380107
0.021388689870904365,0.7775578619837181
0.025016696592131682,0.5918495510542128
0.024749704205943024,0.6056043914248861
0.023639776555581027,0.6632018548093566
0.029429250768216342,0.37834061196478275
0.028372087262201973,0.425224163716329
0.016310773955466318,0.9621710304195006
0.030009092058016273,0.35421869923942007
0.05442939916272238,0.00691249569122279
0.01947744216195657,0.8638387728438278
0.035377914549187484,0.18112215072761803
0.026482011707607,0.5179755369375646
0.029212178235772712,0.3876602157178215
0.03349216900428864,0.23212089502394417
0.026569044723233626,0.5139133465729613
0.026470944609746194,0.5185202608575901
0.020415403506629848,0.8233582289781276
0.01678527640069727,0.9517460478668373
0.021728777745573136,0.7608584105483351
0.029003352978948183,0.39677520677886957
0.020178138736060502,0.8339799629271833
0.028033235067947748,0.44105151859830355
0.03705562823124908,0.14360665254454466
0.040899756488723904,0.08103534479027573
0.03066925393698433,0.32811082286697385
0.03766351697039039,0.13167530618055395
0.02236947303867054,0.72868022898731
0.027458792666285037,0.4687725556515518
0.030391704554592502,0.3389126926218423
0.025655213967687662,0.5592684133108999
0.024370877068793817,0.6252130632415721
0.028134453336556675,0.43628296577436887
0.02939262787197472,0.37990186175365087
0.03164927539304435,0.29196529983356284
0.027319430767815955,0.47566636550833946
0.027457964609608254,0.46881332285382366
0.03707312262500195,0.1432514367797904
0.03258076880751937,0.260424019306875
0.014705938973264998,0.9863582108170962
0.011744597761289,0.9994355753508374
0.039733028563817885,0.09697926339347177
0.028300327225618926,0.42854349686793364
0.026747381073173593,0.5046517260794771
0.03592559086997971,0.16810423174007885
0.027402400043258557,0.4715542055603049
0.02760394040597769,0.46166248337344684
0.022777860788040893,0.7078018079187767
0.016635202602288568,0.9552129290153786
0.014724293263422616,0.9861698417417245
0.02276774479957691,0.7083216053470517
0.02313684717934289,0.6892886783128889
0.03593581902604642,0.167868409253241
0.03055682943879512,0.33245586509510605
0.03328340272330477,0.23838606994141623
0.02464926008764398,0.6107943749670122
0.020015570974750263,0.841115657951265
0.027006766436961316,0.49137197903153657
0.03656479809567437,0.15386685204448577
0.041798447621603785,0.0703162370230604
0.02987609346169201,0.3596525999126935
0.03843342599669031,0.11773812307543897
0.024475514855381242,0.6197881536598868
0.026988917490537,0.49227852410921685
0.030520511022410768,0.33386834823191586
0.01862407057480331,0.8966879734808693
0.02062892604289429,0.813601561343412
0.023957345208042824,0.6466927781254606
0.03271778713693435,0.2560099090352111
0.03384058633010634,0.22194730551229358
0.032005372296379564,0.2795889017619045
0.03122935632430579,0.3070752783313578
0.03995700946185432,0.09373001282046335
0.031027997275522634,0.31452089547242057
0.031309879325930434,0.3041342355459457
0.015158266691603584,0.9811621450341066
0.03268261895609326,0.25713743228244307
0.028156401585251567,0.43525353277697376
0.02881500021765815,0.40512264904773926
0.026209369833938845,0.5314618897237808
0.028534284262290655,0.41778585087272313
0.01859085791615822,0.8978799204055211
0.024299896777677743,0.6288959905153205
0.022979693344601315,0.6974079888117347
0.04553612241498839,0.03770946347081373
0.030765892519514254,0.3244088317916725
0.024649385596910656,0.6107878852479166
0.046766927262460456,0.03035864994923876
0.0530825668181486,0.009112451601851597
0.019410661950046537,0.8665562673225617
0.032259298630099575,0.27100540669108575
0.019403457928802825,0.8668480067056461
0.02458250151202246,0.6142477992158624
0.026967880945999223,0.49334834687396345
0.01605998287375479,0.9670520918942473
0.026572883377972145,0.5137128674192089
0.019478263623566194,0.8638051984183049
0.04529824873798505,0.03929713182643018
0.03125611233238301,0.30609573101970494
0.0272039056331822,0.4814308759848283
0.03488229017485306,0.19357912409612857
0.030205869668857577,0.34628648099261183
0.027730290136859848,0.4555313721677176
0.027324967621505603,0.47539121982859733
0.03467218027614233,0.19905909706666336
0.036192510705264636,0.16203606739183257
0.024443962631543137,0.621423368486403
0.030219207428254125,0.345753458653165
0.031639019791083245,0.29232765386336074
0.027594938441252603,0.4621013684450229
0.020677374289021944,0.8113630474717642
0.022982194289382835,0.697278943992985
0.014790073315095853,0.9854795725372963
0.028582192296985665,0.4156058404341557
0.028600261759939793,0.4147856235431686
0.02362866064704161,0.6637795105260753
0.02292602976984104,0.7001755356344516
0.0403365152891656,0.08843259170485254
0.018458371478143498,0.902566540091688
0.020402851480908923,0.8239260837338516
0.050347063697727845,0.015635680608737653
0.0248579919180677,0.6000180406091365
0.041854073684022275,0.06969437361412695
0.02588641375723233,0.5476071799075746
0.02590310532373641,0.546768492153795
0.024674170705238863,0.6095065390980388
0.02049076668065688,0.819935297623652
0.023506947496119368,0.670102370583932
0.0277979454635551,0.4522706562795344
0.03825678471086169,0.12082343111451205
0.01819217875450524,0.9116472571845671
0.033293781253486254,0.23807158066449122
0.03326730778604137,0.2388744055162421
0.02760481289134148,0.4616199605058594
0.026869469998422324,0.49837290059694994
0.02965034923961335,0.3690104551884832
0.028748238816881988,0.40811013672477936
0.018209571273683667,0.9110678490848346
0.022930183277561134,0.6999614283796829
0.018559959711645035,0.8989826903111136
0.03536883746931441,0.18134444815857761
0.03276427781679897,0.25452512261841215
0.031927868574083806,0.2822487363660049
0.02796439308884885,0.4443146262986161
0.033298003188742376,0.23794373881006586
0.044870635664751024,0.04229823220452552
0.019240622914977412,0.8733675638843728
0.030998637003478602,0.3156174563861855
0.03128752808477553,0.30494851635208275
0.02018826104936558,0.833531753804625
0.01950166384149221,0.86284730842892
0.031188410499222136,0.30857876565507497
0.03812369906591134,0.12319159866482637
0.025007615859446775,0.5923162866006298
0.04158819921464918,0.07270947561129784
0.03390463849387004,0.2201150660995885
0.0295956652679934,0.3713028566127006
0.02540171257802254,0.5721429514632722
0.01715189198734013,0.9426136109183045
0.024999189955634105,0.5927494379211049
0.01617773079240631,0.9648139785453081
0.02891021428772722,0.40088797962580147
0.02642757890730396,0.520656985198962
0.02304419894759996,0.6940778183712961
0.024682014510527872,0.6091011204973404
0.03089540010820624,0.31949532092008665
0.03071003082701612,0.32654504894666114
0.04536231657382661,0.038863877731968186
0.02255443172814299,0.7192530569344953
0.023999831729529297,0.6444841047727976
0.021731588364129417,0.7607191701750085
0.015148617605761583,0.981285419786817
0.015291920772287415,0.9793966520315507
0.018477875396949228,0.9018834845064444
0.020217438476822197,0.8322372851132732
0.03043609722108165,0.3371680320213773
0.050173398713571626,0.016165335688434743
0.02452051955021403,0.6174567248498737
0.023281910557688523,0.681777614183215
0.02487926953872882,0.5989215417437552
0.035548865775301475,0.1769757198270109
0.022569494180446625,0.7184831260733016
0.031390294231349425,0.30121783753671744
0.025227251103878356,0.581051571333459
0.024764194692687203,0.6048562986095707
0.027523682078162193,0.4655851190845635
0.02315008668530802,0.6886037649121476
0.029475409879523795,0.37637923052508077
0.021665466900147035,0.7639897865113079
0.022400297634192157,0.7271127742330744
0.02519999478791385,0.5824466387082619
0.01554053541101702,0.9758184255408167
0.04252644584018056,0.06254046452503961
0.01698238240505734,0.9469530867248599
0.024051748382786342,0.6417855329172044
0.03453433421992669,0.20271982587947765
0.021147155795964934,0.7892212740380776
0.01952984771766697,0.861689801163358
0.03933574176116228,0.1029737998811745
0.029666973651137407,0.368315523884517
0.030645726267634205,0.3290167181408717
0.02292389931881375,0.7002853507444324
0.01605941841682229,0.9670625939026465
0.029173466570532602,0.3893388567905911
0.04628257674916347,0.033085587058849224
0.027831803859408533,0.45064464556301376
0.023083747517050585,0.6920343239719111
0.03109716912059096,0.31194842731767003
0.029291518707943776,0.38423554031746116
0.022290580698401508,0.7326848700379861
0.024899518321476966,0.5978784359632406
0.023341488316411363,0.6786890387650746
0.03612146311896114,0.1636338731893706
0.02855619438649626,0.41678788721011484
0.023289362959485305,0.6813913832002494
0.0177151596419447,0.926759782019286
0.028410405738875544,0.4234588497261057
0.030003186637660773,0.35445873094095687
0.022384667506045897,0.7279077686961911
0.041087990539002694,0.07868261254711359
0.015569277840533122,0.9753795247735916
0.03185196524367062,0.28487186179806756
0.03438354316639669,0.2067843517377012
0.026863925329092098,0.4986569654391017
0.03131162780949087,0.30407060372993056
0.027970435656448522,0.4440275652386704
0.014320164133389268,0.9899071092236748
0.031659792716028035,0.291594043910853
0.02494295561668458,0.5956420468083736
0.02417295193518676,0.6354876158807601
0.02622805013900531,0.5305335133837346
0.03129596560987122,0.3046409400227706
0.021751602751235,0.7597270930366365
0.035550085454646,0.17694640939465775
0.027576258958341635,0.4630129511249332
0.023100569791736913,0.6911647246370822
0.023246247887119764,0.6836254215377832
0.018639533924314583,0.8961307050659996
0.02520157681786933,0.5823656421050181
0.01646600779276053,0.9589329268409501
0.054589863677458994,0.006685554839030353
0.02526065724686316,0.5793429045075683
0.029244171273441255,0.3862767142503619
0.015298212651908005,0.9793108514298642
0.034950226872349055,0.19183281947986475
0.015184939787290741,0.9808184626741592
0.01678434194040579,0.9517681226484185
0.023120893802952347,0.6901138137503208
0.024964212345366832,0.5945482763626354
0.03143547645120984,0.29958827355081824
0.02516034461126368,0.5844775622845007
0.025697268582715926,0.557141286023485
0.02851377158979196,0.4187216360925198
0.03949071866300424,0.1005997313827802
0.027324776557826835,0.4754007127244034
0.019776325456565713,0.8513941054940576
0.03106303024936352,0.31321610791746757
0.020801168720103846,0.8056034514844327
0.022224754289578957,0.7360181290200625
0.030385794538978772,0.33914544822559867
0.0233277086705187,0.6794035642639251
0.018761892470773756,0.8916697308914857
0.04032350089339709,0.08861000369635591
0.02561979977444423,0.5610616521110168
0.030727098250290297,0.3258912928033132
0.03235090973888999,0.26795764652986886
0.035551865716792974,0.17690363436663673
0.035987191342542024,0.16668794889691999
0.019111127969536956,0.8784479839482965
0.018903020358780886,0.8864127246074034
0.026335571352108955,0.5252021631937354
0.026340577010487642,0.5249544771552566
0.0290645140771002,0.3940903899843595
0.02084211048092577,0.803686347006641
0.02761452520067348,0.4611467798255556
0.022658844893127195,0.7139095629140316
0.025237853794629506,0.5805091213661047
0.022889298264600955,0.7020682490977894
0.02076238703817168,0.8074138423378064
0.022357070018987457,0.7293104997977087
0.0281336753948499,0.4363194833475496
0.026471678199014803,0.5184841462196932
0.01544150912828779,0.9772902406578882
0.018888964903622796,0.8869415843548732
0.036575516375844774,0.15363665894571923
0.024414259665318294,0.6229632284845841
0.02629191067913611,0.527364502589319
0.021689821275062304,0.7627863740987755
0.028812546781939785,0.40523217070069467
0.04063783266260623,0.08440768098170803
0.03923199796107246,0.10458891685429332
0.01988903198254266,0.8465859381639323
0.034042815486302835,0.21620230690018194
0.026225064988182833,0.5306818279804559
0.02398378621587055,0.6453182111566913
0.026427509949912498,0.520660385734969
0.02798246925547776,0.4434562603180291
0.03324357028670827,0.23959601890740884
0.033449266998176075,0.23339797801185658
0.028474207997665313,0.4205305449465722
0.021662004631633425,0.7641607466801967
0.021096120024204912,0.7916628007034445
0.019607722378515102,0.8584701338632863
0.024814326907030226,0.6022694577130172
0.019764858340985403,0.8518798438973243
0.039801183098998605,0.09598075179460591
0.02509461880823316,0.5878479051662945
0.026984136914531165,0.49252151131320454
0.019336489192325335,0.8695467051737337
0.029766466189221685,0.364175817194615
0.03359590737714968,0.22905504217548295
0.026862587636795943,0.498725513683149
0.03207025023150489,0.2773767781811715
0.043928132826703825,0.04962495785862518
0.023602052721320432,0.6651621155771961
0.031881821225359486,0.283837922008727
0.04681427269303007,0.030103017188909408
0.022733896037862467,0.7100600156825582
0.02335557951055267,0.6779582552931857
0.02520841831550724,0.5820154045251096
0.022379386975775406,0.7281762638228597
0.02075814525163633,0.8076115237666183
0.028821449070139782,0.4048348684685513
0.02560151497878277,0.5619882241216915
0.044263969136597914,0.04689728023102494
0.02654005529831971,0.5151225020305823
0.024790940260976058,0.6034759611981673
0.035881689694226004,0.1691194300044281
0.03337582937663841,0.23559652752379232
0.01776488079540761,0.9252556929383551
0.027543319189581417,0.4646233355476466
0.034697929351628076,0.1983810616478466
0.029002280410362846,0.39682240227293614
0.029660695598959896,0.36857784974092755
0.03430926422938019,0.208809733620205
0.026927575290281558,0.49540227885574956
0.033569389153420226,0.2298357751324496
0.02062539851115558,0.8137641993128996
0.035894515800786064,0.16882232683133627
0.023362532042899287,0.6775976524917976
0.030676156786089148,0.32784538227729626
0.023030528971440423,0.694783849001653
0.04381906775815825,0.05053980966784584
0.018542291847737813,0.8996106045209455
0.018306761129016524,0.907794089767782
0.025284067725905968,0.5781462792929813
0.03418652120561938,0.21219040272290976
0.02544140487611471,0.5701214096474606
0.024682810630595298,0.609059974372001
0.04150913121170824,0.07362722179703907
0.013051505527470586,0.9969546073353379
0.021277671166002377,0.7829405210211124
0.03159792979862863,0.29378279501754073
0.060064647316399766,0.0020181298951874958
0.03714075165859171,0.14188494935251422
0.01768913227412444,0.9275404287809703
0.028649183641069054,0.41257048403898483
0.03409194503887819,0.2148241697341452
0.033366501149126204,0.23587692457842802
0.02019308711514778,0.833317900487428
0.031368625090398616,0.3020016771440723
0.028682100983868974,0.41108457156338385
0.02802705550681006,0.44134377292187404
0.029321386321123022,0.3829518031858193
0.03164995188703135,0.2919414094338374
0.03794772079308634,0.12638134449479385
0.026656120965548813,0.5093778300543207
0.018008719654579286,0.9176384632051467
0.033213838140315866,0.24050221652417592
0.038502380376250755,0.11655146582856243
0.04010882645636854,0.0915798123345187
0.03790416213406356,0.12718123473037377
0.03656604025680288,0.15384016033103248
0.03484744033053555,0.19447976957648003
0.05107563472723964,0.013579249875209809
0.022928428673974544,0.7000518776799748
0.03502963614932253,0.18980734660226994
0.027031259877011396,0.49012971135766814
0.020711671046593827,0.8097730443799175
0.022553177030050997,0.7193171776697668
0.040610451404675785,0.08476694704846328
0.03228583688512998,0.27011985808688116
0.027697854551566092,0.45710014229292334
0.02973789628411705,0.36536118257228956
0.016118191180114816,0.9659574860308107
0.026940735028645357,0.49473107062833904
0.027155067090261276,0.48388141196576206
0.02143956059588059,0.7750796223944603
0.026005054308034348,0.541655730338157
0.033199455403260414,0.24094152225661425
0.0401832697333292,0.09054065547572436
0.025342441530003312,0.5751653729263339
0.014199790902475695,0.9908619111710292
0.025285295405413133,0.5780835444900465
0.03018867076790921,0.3469746742838127
0.03490644792300768,0.19295672644717882
0.030330812572130994,0.3413163188312797
0.03585200259566257,0.1698086995945579
0.0173256475415563,0.9379572226016046
0.033655685525869394,0.2273025742902801
0.024158823365231785,0.6362215680243292
0.025845293612413583,0.5496751960342736
0.036845322746359044,0.14793289313321198
0.028424423909944707,0.4228142819255133
0.02596811165608659,0.5435064488161625
0.02003572086884392,0.8402377054256668
0.02662172854479611,0.5111661772968549
0.02671486029134429,0.5063326748279542
0.036364521839594155,0.15821939412673333
0.025368498046723087,0.573836124626627
0.02202650283195795,0.7460086219682828
0.019657538001442765,0.8563942834630986
0.026712726482132243,0.5064430924471327
0.017684598987344757,0.9276759257405669
0.02426975291638192,0.6304606902333677
0.039905131141889094,0.09447438473061945
0.025874428107544922,0.5482096868279622
0.043852990007498316,0.050253716785417034
0.020150473046331274,0.8352026757008715
0.028416494210337206,0.4231788146991053
0.020814890036034095,0.804961617023162
0.04149471811989058,0.07379556993772851
0.02388170423195879,0.6506253561305044
0.03568092553957253,0.1738244691268182
0.026485338325445418,0.5178118464613506
0.03963584237882323,0.09841809243770387
0.02661427133586014,0.5115544634200779
0.02594308406160628,0.544761531731246
0.02120705975590731,0.7863450301338311
0.0220711025316902,0.743767747354422
0.018107545286575766,0.9144385721460149
0.023918075068605382,0.6487343953220212
0.05775673530290598,0.003390724274598058
0.016235059490082415,0.9636900275752757
0.017679579699881598,0.9278257856956738
0.024739302813202524,0.6061414807097117
0.043891285550846426,0.04993242315934343
0.035545304009111156,0.1770613356154069
0.02009119495906836,0.8378110610714488
0.023381222032411164,0.6766281505867526
0.02389198264600012,0.6500909652161686
0.022180515782753707,0.738253891043841
0.03234901206902785,0.268020516891786
0.026292084216275435,0.5273559010696998
0.03612303070531481,0.16359848386738063
0.03032955936984849,0.3413659152988383
0.022124766412476793,0.7410662336616739
0.03210305394477331,0.27626326668677337
0.0478360697130249,0.025029299696290485
0.02351810454837966,0.6695229642184379
0.01933078667803312,0.8697753871746912
0.01897638669052576,0.8836334099604581
0.03821758884024962,0.1215169767042621
0.04028042020124917,0.08919941153843226
0.01490944316496079,0.9841653632774842
0.036318639800043795,0.1592303220366789
0.028937599804516934,0.39967566706174534
0.025936376887821688,0.5450980562088992
0.0327923128072396,0.2536329182034763
0.02060286375835574,0.8148020441396947
0.03941970477219592,0.10168186559950974
0.037298953336462326,0.13872964580849234
0.018942680902785725,0.8849141793031217
0.019469578485965422,0.8641599941022858
0.028799971541143665,0.4057938500349895
0.04766147954666422,0.02583853707534543
0.02371956121570129,0.6590550104286332
0.0330528655006983,0.24545396423227062
0.034713559410731634,0.19797036773923052
0.02263470661439959,0.715146162355973
0.03518913018968722,0.18579008547076759
0.01526691606539396,0.9797352294921813
0.040494835907367466,0.08629814454630584
0.03515300063330745,0.18669416913445036
0.01603395345905989,0.9675341379424253
0.03707821532373329,0.14314816570868796
0.023318208156497322,0.6798961414980205
0.019969567025571067,0.843113073791695
0.04035578260293865,0.08817048764956385
0.020891383863556046,0.801371232212266
0.03337214512015596,0.23570724201164736
0.027529469115031513,0.46530154664103324
0.029453480281316113,0.37731016770663917
0.019810879095478184,0.849926550495184
0.03317441536811577,0.2417078056459551
0.03810328630865334,0.12355817598403647
0.037943950820687244,0.12645041123375148
0.019662280789806252,0.8561959935159659
0.02343257066545479,0.6739637052920423
0.027318424177299405,0.47571639766811763
0.026032260887530967,0.5402942093721533
0.036625857172880416,0.1525592119082209
0.03776475178082783,0.12976918830237538
0.03495113128441568,0.19180965552816576
0.03356251514217634,0.230038488965502
0.03946424589570752,0.10100200629851284
0.03908595650362823,0.10689813664294157
0.020060628969677308,0.8391498630568653
0.01440250206732524,0.9892134685614441
0.039281738472386474,0.10381193429026118
0.022625754671178666,0.7156045758597649
0.015776285149762925,0.9720605513415989
0.01929476261030244,0.8712159396680915
0.026902000220392477,0.49670839716621557
0.025184273197120993,0.5832517046069642
0.016822853852272834,0.9508532869987549
0.024907235241797387,0.5974810001036115
0.02705055825129915,0.4891523554845575
0.0263408231909823,0.5249422970423692
0.019104378409070644,0.8787102033996358
0.013978333362256956,0.9924429599100607
0.04300186207017237,0.05786973886260662
0.038389132969164796,0.11850560935532485
0.027824654709625363,0.4509876514865477
0.02179488678053948,0.7575783342039828
0.025502637938648487,0.5670068304769484
0.023177752783358402,0.6871721173872429
0.029519956989435547,0.3744931103063912
0.025245936521455348,0.5800956841582083
0.036015385253879595,0.16604291720463024
0.015802032469257044,0.9716281323428462
0.02200335001695808,0.7471703248000385
0.024207467888583634,0.6336948282519248
0.037395560345507506,0.13683103446847386
0.032221368390636246,0.27227486749494917
0.035421578236515594,0.180055841470479
0.03352757368130033,0.2310710340647353
0.03719197176111522,0.14085706430748376
0.016974422541624623,0.9471519175502348
0.023724324355111515,0.6588074111117467
0.0222161993278136,0.7364507639004277
0.028286925835822818,0.4291653255803385
0.020307332540905776,0.8282259396261964
0.03505168995605312,0.189247823993542
0.017947220802920105,0.9195971171833304
0.017709780879550663,0.9269214864696145
0.026390273648539464,0.5224979543051302
0.03333863857597813,0.23671596721958277
0.03245207718761678,0.26462195377705156
0.039561692913469615,0.09952779880407041
0.023538752834550813,0.6684505494241506
0.0245674334385175,0.6150276805356412
0.04673483981893434,0.030532984850729354
0.02417421741967196,0.6354218791888793
0.032002703682602385,0.2796801735914718
0.04652307966874414,0.03170575895223523
0.04612972191011089,0.0339897101310965
0.032315777948723756,0.26912336979040447
0.03704008442768325,0.14392286071058893
0.016759554465739013,0.9523514456306453
0.028360267650246018,0.42576969148726385
0.016608560900672364,0.9558119265808878
0.02875329721342046,0.40788325267796866
0.029396971620866574,0.3797164508882289
0.018615622701309786,0.8969917976621209
0.05044986284914124,0.015329539982470022
0.022527279988429294,0.7206401367357314
0.03389899551487108,0.22027601463179713
0.04200614024868232,0.06801820153770068
0.03495152404651036,0.19179959672551442
0.0405705422306043,0.08529289471828055
0.03751421913466313,0.13452802140364226
0.028345781915501744,0.4264389182696538
0.03945850315989918,0.10108944827688607
0.033068092705803465,0.24498225449476183
0.01608025538806901,0.9666734792675694
0.04171269780223086,0.07128410624299517
0.0447342716299679,0.043296316105669294
0.03075078826165517,0.32498543468571567
0.023497686872278434,0.6705832586033071
0.016439691436843207,0.9594936270418306
0.03629159168762941,0.15982870204615165
0.019117330261665677,0.8782067983639277
0.02171637897638179,0.7614724283218294
0.03257393069230552,0.26064580780384994
0.02135106279507515,0.7793861953325718
0.03389816668925927,0.2202996619821819
0.01936484120329862,0.868407123868043
0.02139412612708136,0.7772933750989476
0.030890064637340953,0.31969667362540927
0.03125113233922683,0.306277876611005
0.02720570198689809,0.4813408954200647
0.022697377359688825,0.7119340131781292
0.027793208729657737,0.45249844252137017
0.01965491504026129,0.8565038974250041
0.027181076300360263,0.48257536306989435
0.028840199885640072,0.4039989095508769
0.032026368417399365,0.278871567947906
0.03768334252508082,0.131300228632761
0.03042000441779541,0.33779974203350743
0.025309188749063065,0.5768629470938162
0.028817140414314713,0.4050271270232696
0.03101179897643558,0.3151255327845211
0.013470724749589325,0.9952925763855403
0.02196637271697155,0.7490233742841272
0.0351732931136578,0.18618595631534995
0.038278780317501315,0.12043565992391236
0.01791882862222166,0.9204928722953998
0.028390686480965877,0.4243666853014111
0.03594762266058216,0.1675965904244848
0.021199748205783103,0.7866966858223505
0.024231929832795263,0.6324244850814132
0.025174004927414673,0.5837776684205305
0.037338031505510405,0.1379590828262217
0.029295593545072274,0.3840602236997265
0.02405127718127864,0.6418100234799685
0.02903257120215777,0.39549102878773534
0.02659685706770354,0.5124619262273696
0.03591490563007682,0.16835087509044042
0.035592891396874604,0.17592016683545808
0.032618758170096046,0.2591944589014623
0.05431350806393809,0.007080741015417905
0.04410282786721881,0.04818942450882998
0.021810522326655604,0.756801058592129
0.024666908527463227,0.609881935219554
0.02993634311827087,0.3571837157599346
0.020191575619966873,0.8333848890654522
0.022613863151854097,0.7162133564416957
0.02647776856793921,0.5181843569583355
0.024140851526209567,0.6371552507123903
0.017076418004023153,0.944570580935251
0.030307925404440716,0.34222291120019904
0.01934821700590883,0.8690758436117755
0.02904986247043645,0.3947324104305827
0.030627085068277604,0.3297357502601591
0.027063119135235014,0.4885168918181273
0.019963106855392376,0.8433927762403565
0.0345582763264034,0.2020802557960521
0.02477684232866806,0.6042034826371271
0.02151550810458669,0.7713664091520743
0.04373749039255714,0.05123358190847186
0.023952026368443735,0.6469692925574166
0.029117528655076996,0.39177337791056965
0.023780235216082968,0.655900832528354
0.027115478738901633,0.48587372418659297
0.024530067192382432,0.6169622704979209
0.022581681131532305,0.7178599490826849
0.03093895101595623,0.31785522268619815
0.017232583327589368,0.9404773623474747
0.039286835010768684,0.10373259425134804
0.024179926877747476,0.6351253022821051
0.0386262301849194,0.11444484672121193
0.01940788173561736,0.8666688897538923
0.028127216578768266,0.43662274764010295
0.017777473584427994,0.9248720965573043
0.01732162077843119,0.938067512189159
0.023793988378480013,0.6551858169423456
0.034497821868304634,0.20369823134003753
0.031516870345758896,0.2966690812393333
0.018781422492982647,0.8909493205440319
0.045050113833328354,0.041015140448845085
0.037014448134244926,0.14444561243309179
0.025354422023661727,0.5745540946789032
0.01833354265815257,0.9068812994046768
0.016683989111002162,0.9541031849683659
0.022179435202537512,0.7383084574641586
0.0247099650647985,0.6076568238249094
0.034914231564712184,0.19275652491657866
0.03174785600708163,0.28849915980135077
0.03582584876482586,0.17041778804954844
0.02485573958277959,0.600134133392862
0.02218873349424999,0.7378388480110485
0.03680762905781343,0.14871931385094267
0.02401940983305728,0.6434664072776345
0.0421062172682003,0.06693393027440177
0.027775410354313523,0.45335503416982453
0.03207469578174027,0.27722567938657783
0.024082341756426817,0.6401955411424534
0.020150314008521686,0.8352096947431815
0.03019131391481522,0.34686884845232197
0.03798869782938308,0.12563262662564337
0.03249215229181934,0.2633092738119146
0.022012842596459636,0.7466941634556947
0.031113038772476342,0.3113604167858877
0.03590930728552877,0.16848021476840624
0.01992335225140429,0.8451097055884568
0.02142093833657155,0.7759876750058238
0.023386889272303202,0.6763341413784251
0.02649046707701347,0.5175595214857951
0.02137506527879443,0.7782203614880474
0.02350338321780565,0.6702874609584457
0.020929722858926803,0.7995640089971862
0.028307143521741518,0.428227452113806
0.0534364508208276,0.008479999101811634
0.026024808910618646,0.5406670116804716
0.03659314113739309,0.15325874034671771
0.02537893886168774,0.5733037343575194
0.023325905252913115,0.679497070602952
0.039018806233600434,0.10797402379962898
0.0248647214685912,0.599671203820851
0.03364354019710203,0.22765779100777891
0.018528573546807814,0.9000968132928222
0.040079195631605447,0.09199620096246626
0.01665963020728417,0.9546593549969097
0.02515760075735074,0.5846181700496991
0.026006894100324057,0.5415636211965733
0.016074377163594764,0.9667835488927863
0.02890560185840385,0.40109241336661516
0.022400485021150107,0.7271032408231487
0.026291086855186663,0.5274053368913232
0.05218241742128582,0.010918475206928758
0.046995146222510636,0.029143795639013332
0.02513248474965829,0.5859056138283738
0.01994983716426635,0.8439666948993085
0.021110203688603724,0.7909898755670058
0.016186662694096854,0.9646403454402683
0.035014580524050654,0.19019006745278383
0.02794088405328804,0.44543263581447323
0.022190748226530888,0.7377370731390571
0.023813483708004957,0.6541722501187623
0.015054683929001722,0.9824564915200455
0.01905551594563515,0.8806007801457707
0.029609289742053013,0.37073077215319067
0.022993143972631552,0.696713890518875
0.02391860413926039,0.6487068887583063
0.039927852427522975,0.09414776410403383
0.026965675097813446,0.49346061274208014
0.030095239243738303,0.3507302952976101
0.02902307585620245,0.3959080457614913
0.018855451436906062,0.8881978825090824
0.0212899476829011,0.7823470805835228
0.02233644734827933,0.7303579017268008
0.017892758637624184,0.9213106198715835
0.036564411532359786,0.15387515932572174
0.022547143215023435,0.7196255019587896
0.0313271983754142,0.3035043819339727
0.018139542082449722,0.9133887803629779
0.03895940651483687,0.1089331946165231
0.026057487858275885,0.5390328652461505
0.02215915441837718,0.7393321806340795
0.02068223629840138,0.8111379119916463
0.0217803130321631,0.7583023137419913
0.02912016595250036,0.3916583613740437
0.021955023073040647,0.7495915646235525
0.027130747362738905,0.4851046922958829
0.031189382353507766,0.3085430178490589
0.03538121865953148,0.18104128673228587
0.026307389348558058,0.5265975053365373
0.0238822119154245,0.6505989608122618
0.020672600423034315,0.8115840149255814
0.027930365483068376,0.4459334701343233
0.03756974894563658,0.13346115749978255
0.0313636716979282,0.3021810670535048
0.02147435272853271,0.7733805255273065
0.03891723371539468,0.10961846380915839
0.02403606419244103,0.642600735084315
0.03163760848891872,0.2923775444498678
0.026806548439901712,0.501602582240763
0.04293182804854029,0.058538392491609886
0.029586716549506287,0.3716789460350455
0.04890169400043182,0.020559301469242904
0.039286370774889334,0.10373981912788235
0.016271487343755636,0.9629641287610883
0.020530372630148064,0.8181272790503035
0.03807973279805865,0.12398226704580274
0.048780874999188595,0.021027610813885305
0.02060600652009048,0.8146574205602994
0.02750339061219581,0.4665803242697511
0.03162393751872089,0.2928611495455753
0.022778084203902593,0.7077903266490458
0.01756565197465698,0.9311810378470907
0.02246107568140543,0.7240177877576373
0.026621456110928338,0.5111803592500116
0.018326092562183538,0.9071356807447891
0.019480346669777826,0.8637200451587568
0.029960213414382486,0.3562089028030633
0.03138024342111101,0.3015812200067871
0.03298127114185012,0.24768109541225317
0.049310750593242636,0.019041953973585924
0.029680581027995978,0.3677473966434307
0.03362203204102998,0.22828789225290325
0.02339886667084129,0.6757127189546819
0.026353184987950362,0.524330824855348
0.03642252645657612,0.15694874813585805
0.04306187910691961,0.05730195173109988
0.02779397351775309,0.4524616592420504
0.02704718966581493,0.48932286511237055
0.030871128558547956,0.3204120378068755
0.025373309527868704,0.5735907641505643
0.02740687312510892,0.4713331708697618
0.02691234505895379,0.49617982088309054
0.025932251079217414,0.5453050999982538
0.028525194241060037,0.4182003606142286
0.03560957394019704,0.17552149678698226
0.04125842457210893,0.0766024250767226
0.039762840305817226,0.09654143879888068
0.022258382586408776,0.734316239191616
0.026288282965128473,0.5275443259751026
0.023716200754780203,0.6592296932920072
0.035335976717520756,0.18215101355695484
0.03538557022937905,0.1809348310797433
0.035504873363529865,0.1780354911826586
0.017244570544589832,0.940156135678945
0.04262217594065648,0.06157485248976984
0.015504890241438085,0.9763553941304546
0.029356177979140086,0.381460201090907
0.02633115068478109,0.525420941681779
0.03219586097961574,0.27313105893297707
0.01244186338051273,0.998514052412519
0.017671309771982613,0.9280723250980896
0.022990972515141567,0.6968259562409718
0.04434290657175366,0.046275335592074175
0.014366594976184768,0.9895200806141378
0.01749192670748484,0.9333048707981101
0.037618705334924035,0.1325263148241048
0.021685171792966473,0.7630162301613467
0.03459789243742406,0.2010254486145099
0.04210041301879697,0.06699641061956702
0.02533790300560057,0.575396987446106
0.04226243279934927,0.06527090167916359
0.04138949353750632,0.07503453756200724
0.03074397836498466,0.3252456442909483
0.04935767481108955,0.018874445974474137
0.026855219078565806,0.4991032136143853
0.025086790133415082,0.5882496583023075
0.030076768732688164,0.3514761622836958
0.030840277903323,0.3215799994629821
0.032938888065232486,0.249006755055986
0.04740616378104556,0.027063623254991457
0.03289509270857707,0.25038224468601183
0.01747652754156459,0.9337437567815162
0.018974137962056936,0.8837190639537477
0.023352043680170742,0.6781416366391848
0.023006469791057693,0.6960260720241285
0.018511663692981073,0.9006945246728649
0.02526946844655173,0.5788924444308358
0.01948372802190168,0.8635817696865742
0.03127701847704445,0.3053319457909036
0.027453431246064364,0.4690365523049292
0.04782802237147721,0.025066100324696645
0.02221282177935502,0.736621534325471
0.02546818673578022,0.5687585578054812
0.040361072995118985,0.08809863372846047
0.028460179510328948,0.421173221997549
0.024263269196008463,0.6307972913304185
0.019390896184739326,0.8673560532916509
0.04178829824520103,0.07043020807756102
0.027311857432819803,0.4760428791099573
0.03818275435861063,0.1221360913925374
0.03438423064749174,0.20676567779899188
0.02632956903102851,0.5254992263704072
0.02488327037224325,0.5987154117036655
0.03305226509174031,0.24547257791876742
0.026549548661037897,0.5149323188809395
0.027367148064424418,0.47329853223532165
0.020187073017448057,0.8335843823684638
0.02684365671872213,0.49969624946813646
0.030004315375123325,0.35441284334491746
0.028872606132355094,0.40255695535774244
0.039523213356410736,0.10010777301806806
0.034620975849008806,0.20041282501497398
0.025094415260001224,0.5878583500688099
0.01980214730141472,0.8502979551360537
0.04198885201299085,0.06820701642876932
0.02304848438645457,0.6938564502259906
0.030949402611710086,0.3174625360714454
0.012510716078104833,0.9983796881126925
0.021100611731378283,0.7914482536873595
0.03255491579836445,0.2612632889139762
0.03558727006001394,0.1760546642507776
0.03081862455465363,0.3224016089607867
0.032774763893700765,0.2541911288045706
0.020842295767332653,0.8036776573504316
0.01897582543663856,0.8836547908510691
0.0346337566339531,0.20007425749477575
0.028993085428613563,0.3972271618031475
0.025008527731399388,0.5922694141063345
0.02246432184253877,0.7238523248167144
0.03943634009510888,0.10142750602564757
0.04019283969144849,0.09040778782531922
0.034057913620565344,0.21577806043194236
0.020704004790984526,0.8101288346153066
0.024963745304769913,0.5945723034433563
0.033686553174887834,0.22640170283635874
0.01721502820585534,0.940945987597112
0.027488495906322297,0.46731173053696135
0.021667318760013876,0.7638983329768849
0.022627197150941414,0.7155307160885216
0.020902585847341615,0.8008437197143663
0.026694890863837473,0.5073666258198423
0.029054085836786814,0.3945472720799042
0.023165489602912703,0.6878067720071237
0.02401045452866568,0.6439319099527695
0.02483640509403473,0.6011308775700185
0.03286010861221822,0.2514851356075957
0.018332766600553246,0.9069078142237703
0.02584496539552006,0.5496917134402156
0.01964237744512115,0.8570273655519279
0.03820128595527761,0.12180640693916993
0.02398758786321953,0.6451205843190392
0.039764323472813556,0.09651969970451386
0.03345365495680275,0.23326711278623313
0.027147819058373268,0.4842457782882269
0.02630057864488089,0.5269349345501361
0.014630456848279572,0.9871137199286959
0.025561643378648025,0.5640103253499351
0.015584187783710512,0.9751497592889271
0.028284618530356465,0.4292724467045858
0.022514583982517267,0.7212883665660211
0.032426644088718204,0.26545757863983277
0.03023872757411883,0.34497442494976516
0.027627574495404206,0.4605115257077403
0.02038342299373408,0.8248037504547546
0.023970438311435527,0.646012108629654
0.037201083307456084,0.1406748483288251
0.01876400300370129,0.8915919894327046
0.02133111798649101,0.7803536761278838
0.028045844924380114,0.440455553598859
0.04066742698365783,0.08402081992883488
0.025003158547429516,0.5925454153877244
0.031234439017377436,0.3068890224936541
0.03408099504806361,0.21513073719353593
0.016628646312163986,0.955360796894973
0.030556237411188958,0.33247885542028893
0.03220263049959815,0.2729036344001404
0.027574511859026485,0.46309827228986883
0.021376277987072034,0.7781614146934817
0.0233249072725763,0.6795488146491282
0.02927235694019753,0.3850607076548632
0.02494539048427663,0.5955167384028264
0.02669339303273499,0.5074442326111986
0.04167431135116989,0.07172103420582958
0.016683037627204717,0.9541249873973153
0.023006668739965153,0.6960158019818601
0.024951769819032688,0.595188457817724
0.02572419077753707,0.5557809226353359
0.028816442435547984,0.4050582777620761
0.023650076997974057,0.6626665519676697
0.039523815074398616,0.1000986821457492
0.028074772853261487,0.4390904041528309
0.03396991988557574,0.21825972123541318
0.025697862578807462,0.5571112601732741
0.017181075491260633,0.9418462412495653
0.021799926690250937,0.757327851649486
0.02568118270460773,0.5579546066178565
0.041851603337116905,0.06972189087040027
0.016988094903729545,0.9468101197292763
0.023218843781569187,0.6850447855304648
0.021890477069035907,0.752817631198923
0.024918543444364394,0.5968987046537964
0.02162740779614969,0.765867421647967
0.025918188000607523,0.5460110285852182
0.02677316273070729,0.5033216402935824
0.021277384353508122,0.782954380018575
0.05429017544304676,0.007115062199169055
0.023555204894165405,0.6675959767767758
0.03135827226871468,0.30237669967093384
0.045916936973428246,0.035284366855690114
0.02055222231357834,0.8171271782750338
0.03408670222971,0.21497091062273258
0.02068352496496237,0.8110782253570991
0.025178870649964158,0.583528420512611
0.021627841494465505,0.7658460458342528
0.024714066485679198,0.6074449391484456
0.02504546989684331,0.5903711930231006
0.022692613487279356,0.7121783564163726
0.023737853319511337,0.6581041271181517
0.02273321813020679,0.7100948179570703
0.032115583950862614,0.27583882241370244
0.03313087837028089,0.2430445656272567
0.027584468843241394,0.4626121525569022
0.032141331293302544,0.2749681812278921
0.0296989301649645,0.36698227232007485
0.024569980111784018,0.6148958616233482
0.028699554057690646,0.4102982135645307
0.023498705727534652,0.670530352736755
0.01983716962890214,0.8488060559207173
0.0457687361986992,0.03621140324742528
0.03171368433001753,0.28969717987187893
0.027261541520826715,0.4785492979987464
0.04590780609603651,0.035340876119086546
0.021357624859262403,0.7790676314638999
0.01878299540439221,0.8908912004126204
0.026618162930657663,0.5113518103944491
0.019368618585678288,0.8682549684583932
0.036366313813816276,0.1581800159908925
0.02871166145222806,0.4097533131121662
0.02289862066427295,0.7015880090729905
0.02121275147224924,0.786071167960167
0.022325932431111528,0.7308916712997859
0.04353064885293145,0.05302962151092554
0.030311066592308145,0.3420983823345885
0.027007337844638546,0.4913429750893557
0.03199684189789809,0.27988073613230824
0.02875809977670929,0.4076679235218934
0.025930396961769353,0.5453981534032564
0.019911758826027803,0.8456090029930761
0.026753181452681574,0.5043522872706196
0.022987324553740807,0.6970142125568765
0.020363131610594942,0.8257187287767332
0.038135849168257185,0.12297382807410398
0.03167765460967831,0.29096432936293437
0.022951718571208576,0.6988510485679889
0.040083162817531326,0.09194036012468032
0.03952349457550591,0.10010352421973234
0.026476141459166935,0.5182644419649625
0.016573347489214907,0.9565960440722057
0.04390220590836191,0.04984112902691489
0.01997605929044366,0.84283178567944
0.03657280638850818,0.1536948342813868
0.028978087630058658,0.397887970610603
0.025994932986285746,0.5421625545028321
0.02298119855572181,0.6973303229698786
0.02296120826367254,0.6983616110705289
0.03723989548605533,0.13990081007709282
0.022469028072490016,0.7236124112200726
0.022250921491270392,0.7346940095587529
0.038788415871156445,0.1117337599498536
0.023748438353616175,0.6575538636184145
0.021797340092119477,0.7574564124544987
0.0348289061116171,0.1949600991617785
0.04013490784852056,0.09121460977696115
0.019339056246029607,0.8694437037985128
0.021236135583284355,0.7849449791466189
0.024684424390738036,0.6089765713205286
0.021595198407948102,0.7674535940183238
0.017875214810452178,0.9218583621780355
0.016727865718295695,0.9530909117149157
0.02677421703671945,0.5032672958338178
0.06412332756984163,0.0007713278708973382
0.04474926849441985,0.04318555718596412
0.027124900408228236,0.4853990916760395
0.020055733551393784,0.8393638902258314
0.021314223474978022,0.781172286249061
0.01227710678310101,0.9987995313637831
0.046873113021470236,0.029787963152025865
0.024145774096518968,0.6368995020300138
0.025453975850865507,0.5694815917077765
0.03401074454625613,0.21710562164371155
0.014873552320127659,0.9845689530366698
0.03772344744005374,0.13054415436232775
0.01659329583506952,0.9561529050251381
0.039220041371630376,0.1047764055746305
0.023649982920890267,0.662671441153402
0.035264419964598726,0.18391718836654924
0.02108807823154213,0.7920467556931854
0.019545284240213068,0.8610540754556156
0.0286358579005207,0.4131730595246692
0.026604777038879313,0.5120490879246679
0.020698557735870926,0.8103814988336825
0.04052849009217885,0.08585005162553601
0.029191059428042232,0.3885753589346089
0.03665272162557964,0.15198672603292193
0.03082574674989258,0.3221311980812826
0.02220254398746757,0.7371410571265047
0.03107732316846945,0.31268491115656655
0.03062178946282257,0.32994022033615394
0.024404559841075868,0.62346618419225
0.028192318725423104,0.4335724441661092
0.027201090517750715,0.481571908957498
0.02944248674974015,0.3777774621197689
0.017516996165991117,0.9325868802399014
0.023982142047333732,0.6454036830038883
0.036589233398310106,0.15334246731873005
0.0173632034813469,0.936923177055034
0.03928590697965495,0.1037470375641742
0.026424949642134266,0.520786650067616
0.025640796117848863,0.5599982607224955
0.027416376663119135,0.47086378408231544
0.02911491022520371,0.39188759476330626
0.045014690839713434,0.04126566014977071
0.0226064842014172,0.7165910236527728
0.027781901910548676,0.4530424872084691
0.014511201642824656,0.9882456919127266
0.03275215829589603,0.25491155743502136
0.029651642368705877,0.36895636690307626
0.021957293099576836,0.749477943511283
0.026629072016023714,0.5107839957895348
0.03171949600902202,0.28949316925360496
0.03773666040966095,0.13029583806474393
0.019220927542211608,0.8741462933181241
0.025583012132573912,0.5629263257246676
0.021619277227065137,0.7662680668895685
0.04233279779799182,0.06453341522478516
0.013462114491025301,0.9953325043615662
0.03100355429052748,0.3154336092350962
0.02814596353869242,0.43574290205726024
0.01803867720646868,0.9166752693803202
0.017021071444838554,0.9459803473375155
0.01819546315565257,0.911537992313397
0.0271618829221138,0.4835389348015618
0.02288607614074467,0.7022342151248295
0.024762345692538767,0.6049517466970904
0.03570519030132735,0.17325033743017135
0.031810031306749365,0.2863287956644079
0.027132952820693057,0.48499367552502903
0.021110981690480313,0.7909526836714249
0.02486589889954649,0.5996105238546631
0.02704324218198073,0.489522725926592
0.02330519853622426,0.6805705762427314
0.01981380204716854,0.849802140694172
0.04014214170640451,0.09111353470358442
0.026415225820987986,0.5212663039192869
0.03487302783849683,0.19381817586636735
0.027859480309871676,0.44931840383019916
0.028925863995587386,0.4001948825779829
0.02365407579656509,0.6624587327268024
0.039569853401601573,0.0994051622274358
0.03528148295952227,0.18349481281217117
0.02752941613706908,0.46530414211639176
0.01685862752052114,0.9499941898765061
0.024591563616567003,0.6137788408562485
0.025535441564179084,0.5653403595946884
0.02711549780896766,0.4858727631968672
0.032225178532681864,0.2721471475962331
0.02484536704788698,0.6006688249406396
0.03152106995754156,0.2965190334786382
0.02332421758783504,0.6795845736344
0.02454937165557647,0.6159626981277867
0.018517310487611516,0.900495126201471
0.02925990468090167,0.3855976030433987
0.03323226247607497,0.23994035848396894
0.029588217480451262,0.37161584745928117
0.017045101458092238,0.9453708970771505
0.05210964459141276,0.011077758277216205
0.023903474952643666,0.6494934658041032
0.029397345387324636,0.37970049979944337
0.02501343480353313,0.592017192496415
0.020143785263617486,0.8354977402106389
0.052196709594457324,0.010887437192074047
0.02770120716203628,0.45693782559044616
0.026520218591763622,0.5160968060963609
0.03300219866370424,0.24702850597170986
0.044610300665749225,0.04422139678304379
0.018463499889318058,0.9023871672875239
0.027265096079644113,0.4783719512717267
0.02709449934278202,0.48693167415566346
0.04889862572345116,0.020571078586043897
0.03756690891630443,0.13351555358986897
0.041454983937146084,0.07426136587124615
0.021283751809104773,0.7826466419853029
0.02955444531108231,0.37303743824547325
0.026980095398437043,0.492726993718188
0.017585745420328813,0.930595722927936
0.020260569115029603,0.8303169982158157
0.03960981739555347,0.09880639644649353
0.04589933193471918,0.035393392002080304
0.01702010805600762,0.9460046965775623
0.02659629550109635,0.5124912065747655
0.023946131207043142,0.6472757715042359
0.021110913335802645,0.7909559514018951
0.02080011070253951,0.8056529136685748
0.025524285549621606,0.5659069371922636
0.01982723902716331,0.8492296884110854
0.031778417183389335,0.28743083555895843
0.03881875721974132,0.11123251637893516
0.02908678073202764,0.39311606909469854
0.03469404800510967,0.19848315091831012
0.0515547605490978,0.01236298076187116
0.03354473656031631,0.230563414720768
0.021566573603861272,0.7688609975827708
0.019291755302786817,0.8713358778917801
0.0264491934892096,0.5195915381923375
0.03302463996466387,0.24633016619491493
0.017963052013724945,0.9190953184903637
0.034227828929297044,0.21104796211562094
0.03635021214721401,0.15853412803154793
0.03766846825448533,0.13158155154815704
0.03649250065022194,0.15542682136930164
0.021802191257274006,0.7572152839052828
0.043514606123702615,0.053171164292635575
0.024941562931844796,0.5957137226628513
0.02920162983369559,0.3881171231563084
0.02026587289770021,0.8300803060701436
0.016241058459062763,0.9635711130464524
0.020708931534133168,0.8099002100312714
0.025887932507908995,0.5475308500862849
0.019955490269549125,0.8437222969277405
0.01541827827768849,0.9776265317523128
0.032346286855519324,0.2681108233971307
0.02427395786219727,0.6302423997790227
0.025350762282703054,0.5747408060206287
0.029519029004003244,0.3745323333876855
0.030511747898767094,0.3342098071726791
0.03736432692382807,0.13744253733380682
0.024543038178457488,0.6162906161617899
0.023471554963654606,0.6719400726723894
0.021513981910991936,0.7714411816322453
0.028187080078324156,0.4338173646651565
0.01240243425793236,0.9985868776546929
0.021466664995123508,0.7737562476695052
0.029483177364596214,0.37604987785747807
0.02828322906486963,0.4293369640353901
0.027550578516077118,0.4642681201723635
0.040696276030658174,0.08364513944322095
0.020614453002661626,0.8142685418356306
0.028516676734215096,0.41858901723446545
0.030013144091129956,0.3540540671780699
0.024576939035248324,0.6145356804334937
0.03519424554744266,0.18566236169865352
0.02002342394608403,0.8407737174063751
0.05505312623512226,0.006067977217637923
0.02791034148814936,0.44688793576970237
0.03852556185588929,0.11615474866331171
0.015816087920722033,0.9713902266263804
0.03665443637996324,0.15195024319041725
0.023779475798722416,0.6559403135985549
0.029861289163717664,0.36026108991106476
0.029600579514884484,0.37109643848142015
0.03639544643650455,0.15754093767797703
0.028890452709373793,0.40176436442362007
0.027823071777034247,0.45106362175580234
0.028753356457622004,0.4078805959125511
0.021738502016565686,0.7603765812970595
0.027313155855655247,0.47597831333074925
0.02253960960975565,0.7200103925274708
0.022759969589479012,0.7087210445438273
0.015936925956112846,0.9692907297525872
0.04199250084331119,0.06816712829805521
0.042065759061209684,0.06737048177930872
0.020243633433163544,0.8310719773139721
0.028392696219655844,0.424274100627023
0.015707499725263308,0.9731943879474949
0.043608937952583804,0.05234353880833811
0.019375603752379136,0.8679733992755174
0.01898732356939442,0.8832164063854051
0.02096766619574597,0.797770463903644
0.04361428426729691,0.05229696719405589
0.017789760792896736,0.9244967749696682
0.042481313526634645,0.06300018123396955
0.026526149451918335,0.5158054242777764
0.025204736784856463,0.582203866942512
0.026841945875673567,0.4997840372119989
0.03196929569074666,0.28082467316043086
0.03241923719980083,0.2657013107479264
0.03594315506181178,0.1676994307319467
0.024841209534526842,0.6008831658154177
0.030596131306820623,0.33093221141622137
0.035298870246678216,0.1830651989388508
0.03774825945437743,0.13007817096554686
0.02044509329138089,0.8220124938322856
0.035691580517490884,0.17357217426920274
0.025681113027296254,0.5579581304082548
0.030345918747263,0.3407188865353457
0.03088198170216422,0.3200018872830676
0.018066136832261992,0.9157871798484554
0.01797225049528267,0.918802989748329
0.03091237073344455,0.318855488081972
0.024789102117630635,0.6035708090873542
0.03992632535450319,0.09416968628515567
0.02362470640722747,0.6639849920682095
0.025064360482978554,0.5894010612108358
0.020977828489928574,0.7972892713120305
0.025274993445081495,0.5786100335205349
0.03269047267471281,0.2568853100011797
0.01873589104986334,0.892625291428299
0.02450207668337645,0.6184119995615792
0.037403134890501955,0.13668307030725266
0.02174534403811501,0.7600374291178694
0.02472038404892296,0.60711859067172
0.021926641801086166,0.7510111965129455
0.02436061569201875,0.6257453529145401
0.0279075499745558,0.4470211043343061
0.04731635466415984,0.02750660215048225
0.025654787159569814,0.5592900145007867
0.047665619026982964,0.0258190854830366
0.018875541481725044,0.8874455762287847
0.02551959342208643,0.5661452856332903
0.016887098339410822,0.949304062016637
0.030135684037272847,0.3491010145690643
0.019855594129434384,0.8480188198670436
0.018950119498945983,0.8846320927543073
0.03507106701539331,0.18875728567710065
0.014698047949045612,0.9864386325281299
0.02950491835269553,0.3751291021009114
0.014061448339237836,0.9918754640249711
0.015858094514157428,0.9706714097227438
0.024883037461184476,0.5987274113032273
0.019357225808566303,0.8687136433159574
0.024450703292022813,0.6210739839278672
0.04456294722900289,0.044579256945459625
0.017562515152794222,0.9312721624078829
0.0333942555095561,0.23504340709807664
0.04007523752637371,0.09205194228541283
0.021291027928645928,0.7822948406089696
0.024552839548830363,0.6157831572683554
0.022391081079400854,0.7275816025167203
0.03127712009361516,0.30532823674880755
0.025257767440908685,0.5794906616430172
0.024536541818464985,0.6166269931912329
0.02545623508307998,0.569366626747702
0.018291096420696706,0.9083258561710438
0.041469798976979166,0.07408740141964625
0.023451062682854018,0.6730038823876274
0.022983582802482028,0.6972072964325067
0.027130433584448554,0.4851204883794929
0.0468385774971124,0.02997252580003164
0.026989234182305866,0.49226243001769815
0.022782766314206282,0.7075497013898373
0.03198970355210906,0.28012512133624107
0.041226483264082514,0.07698869261556773
0.02732796208790733,0.47524245752429467
0.029444294433327634,0.3777005963576974
0.03041418501458326,0.338028387296345
0.039600444390194556,0.09894655817917379
0.019367077379043418,0.8683170585326029
0.029876202369937488,0.35964812623782655
0.016398376106231183,0.9603642040099354
0.01708471147590243,0.9443574864598926
0.036916461858301775,0.14645783994778647
0.04568168954654345,0.03676578325502972
0.03375923489529231,0.22429135343862716
0.021920230561564558,0.7513316468526154
0.028988025491489156,0.397450019835224
0.02424468689946077,0.6317620737365937
0.023174048507550338,0.6873638354201896
0.03725567156414189,0.13958717489283662
0.04365088103512538,0.05197913239827538
0.027587093293041876,0.4624840776685758
0.057833800035757055,0.003333576268978828
0.02077727700649612,0.8067194004302436
0.02505431245246137,0.5899170353587333
0.02844092656156716,0.4220563285423326
0.027004440366546534,0.4914900588425118
0.035731361969085385,0.17263277811018407
0.029830917263781953,0.36151172452301
0.026414813412400484,0.5212866510466462
0.025219097282650704,0.581468821510215
0.03544390163791039,0.1795126068851966
0.029399078857172967,0.3796265272895785
0.020795517377187156,0.8058676042395108
0.03337173406276872,0.2357195970449692
0.01818039901299262,0.9120385666032931
0.036400119176246415,0.15743862566360145
0.023711197374703508,0.6594897750913555
0.02119478646184439,0.7869352315031487
0.04360490858792376,0.052378662140441554
0.028549286012076514,0.41710237487919116
0.019859033500459644,0.8478716826935485
0.021503229270054436,0.771967806191926
0.017624752868965143,0.9294515524775371
0.014849293607680503,0.9848376076584695
0.05338715804125849,0.008565635787267566
0.030056279410881848,0.35230487285397294
0.022012577701842728,0.7467074534634521
0.034861831944307586,0.19410744037675726
0.03304941584529175,0.2455609239994083
0.025202120033882336,0.5823378312428398
0.02662967223788426,0.510752766020183
0.03265803175965126,0.25792794706845645
0.015889341303087445,0.9701291060389261
0.027738891971111013,0.4551159368591632
0.026571779869320716,0.513770494651143
0.01795545803910037,0.9193362314862935
0.020163512520468274,0.8346268046341865
0.02030828523876463,0.8281832423079903
0.03569111432640942,0.1735832069213637
0.025182391730086073,0.5833480687503045
0.022412398069401762,0.7264970444449266
0.013789079325623732,0.9936247632302244
0.036914577671673054,0.14649675423693467
0.026451768579832002,0.5194646636547333
0.03624215873660841,0.16092695589390868
0.022301781202039073,0.7321169596071968
0.030630118429860187,0.3296186695486935
0.03409955004430776,0.21461145149557737
0.033648120496035494,0.22752377998885887
0.013433555768996464,0.9954630889056537
0.026518018045822433,0.5162049358268925
0.02578663364749112,0.5526298972995107
0.03164573448630381,0.2920903706354263
0.018008332931551685,0.9176508582626718
0.020898564622668203,0.8010331333693512
0.03176354283670846,0.2879504294689602
0.02266083235858246,0.713807711983228
0.015841024023823702,0.9709649325482433
0.03499788582098029,0.1906151645288809
0.027661781455416534,0.45884903312995323
0.017855145007075524,0.9224824366760147
0.037168683906834754,0.14132365350931864
0.017417807326340018,0.9354023000587526
0.03219244843724689,0.2732457583395864
0.02435018717051529,0.6262863624477957
0.03798247951073713,0.12574601113195386
0.01721626104503743,0.9409131477003718
0.02949855907096957,0.375398267120948
0.026242640513844603,0.5298088331827064
0.02773306601766068,0.45539728044556654
0.04061336015348327,0.0847287207209084
0.03393205524994025,0.21933438178248862
0.021460592369760556,0.7740529201800055
0.02895549654668428,0.3988847739469199
0.030435086698599734,0.33720767425665216
0.021350258895384278,0.7794252131282344
0.019521337151186202,0.8620397647373085
0.048252468699044704,0.023189217730433424
0.027712994187089196,0.4563674590937287
0.03238784177442455,0.26673628186837156
0.019851754689387935,0.8481830049680046
0.021620893369802108,0.766188442570208
0.03445060444274628,0.2049689593742453
0.027294654613104985,0.4768988504537153
0.04369261167263433,0.05161874620162108
0.02704871954649382,0.48924542151358025
0.02298194502469686,0.6972918059155058
0.021361566040902336,0.7788762420376398
0.0303668652921687,0.3398917159299214
0.04558668489795886,0.037379305540288905
0.04178856415673193,0.07042722005706357
0.02792815493515366,0.44603877153863786
0.016453178747686925,0.9592068651263359
0.031101562265460014,0.3117855690805324
0.027914780536727052,0.44667622633174037
0.03086595858577268,0.32060755024722465
0.03803076229929503,0.12486782290207991
0.02964774102892853,0.36911956695970083
0.0349637353705555,0.191487066511764
0.030022441763824237,0.35367651309884635
0.029427830226407103,0.37840108647858745
0.025701064624537806,0.5569494092333055
0.016741789126007184,0.9527668706321347
0.021765031305949895,0.7590609286452834
0.03467574650352634,0.19896508154878978
0.03543778364018568,0.17966135752994195
0.01645820348402388,0.9590997082381421
0.02799953586173154,0.442646851534102
0.016298216566798418,0.9624256887911955
0.027954685091762577,0.4447760782940903
0.03406822173999274,0.21548878080024442
0.029501529346815603,0.37527252941815414
0.046096335932769184,0.03419004468382496
0.03534729339639198,0.18187292647192407
0.02826923594334327,0.429987074261772
0.02043102982848144,0.8226503903344121
0.0286191344249766,0.41393012677219004
0.042784964798493696,0.0599621342859645
0.03494306937360092,0.192016216141077
0.014515827763197292,0.9882031649503819
0.025073090380876906,0.5889528587530537
0.027121630728324964,0.48556377334160467
0.024943398326270586,0.5956192627185806
0.02960997102720897,0.3707021816299399
0.03571618830239298,0.17299060954890713
0.03575791548538387,0.1720079999667209
0.03495320192587087,0.19175663020070569
0.029697259156443168,0.3670519037371852
0.017697338094432524,0.927294806449957
0.019433133752064013,0.8656444569328241
0.017331743890416446,0.9377900345364848
0.030927394063673952,0.31828985122983033
0.01837287531430698,0.9055324239063529
0.02290395966012826,0.7013129331874255
0.022520376738968007,0.7209926301156957
0.036418741508154606,0.15703141023478984
0.028444266673181118,0.42190303216752423
0.024871233788095082,0.5993356008567643
0.02243477141924477,0.7253579745316403
0.039477412097975395,0.1008017682501811
0.036110563578733545,0.16388010706003342
0.02349110130867882,0.6709252165513975
0.02129111446041876,0.7822906558394268
0.015164024335487039,0.9810883202452974
0.0228019180899518,0.7065651857415184
0.03055762088926514,0.33242513233326093
0.024947405652585686,0.5954130336869425
0.02402962404864556,0.6429354802748504
0.02775173044605017,0.4544963549306279
0.025487357612652695,0.5677835881688613
0.030274774479068012,0.3435391231502281
0.021034950486664872,0.7945780564814678
0.033561824250336464,0.23005887088758648
0.024680613579572297,0.6091735263810578
0.026286026551534558,0.5276561870085819
0.019181452376124564,0.8757006076105661
0.040198040541864266,0.09033564869676405
0.029633428644159854,0.36971871488008773
0.03379718550700328,0.22319548482214754
0.02702548897379431,0.49042221988265705
0.035736756741669984,0.17250569845550862
0.04891116607717472,0.020522982209761172
0.01869303288735724,0.8941914208131119
0.021464067142189236,0.7738831757727659
0.03121129100069231,0.3077379546848872
0.03212194965143178,0.2756233760270795
0.024703562915125987,0.6079875924591338
0.02452218768813083,0.6173703311931417
0.03113764116955009,0.31045043842653436
0.015668497124082692,0.973823534069355
0.05048081900844947,0.015238410533336962
0.017129928060606203,0.9431872219523093
0.03164087451604081,0.2922620975275204
0.02071425996852444,0.8096528433546635
0.04678802206701893,0.03024451737855243
0.02387438281904508,0.6510060092045271
0.03740158743838107,0.13671328826570686
0.03406966092734098,0.21544841641891718
0.036003680532476934,0.16631046004849956
0.02335327645521529,0.6780777010562701
0.03310714730280484,0.2437755745305694
0.0225067898239264,0.7216862034764009
0.032128064997335115,0.27541652135884265
0.026418912592228616,0.5210844228613878
0.02186916824137758,0.7538806637208294
0.02930314838810877,0.3837353300947459
0.0215694458346625,0.7687198740366343
0.01714663514041026,0.9427512057426314
0.03207917068363303,0.27707364505325205
0.01926259361374505,0.8724963439972543
0.026042957122005717,0.5397592685557231
0.035931150656892175,0.16797601137009693
0.03118023260807823,0.3088796939270779
0.01593021495102037,0.9694098862226427
0.023745450740239843,0.6577091761445584
0.021054497754649848,0.7936477886110496
0.021075229373067272,0.7926597899659478
0.031631833720108804,0.29258175246511137
0.028806445513602896,0.40550462015840544
0.015638224654780042,0.9743050301323934
0.030498830301253,0.3347136056256757
0.04044536632050172,0.08696038207219459
0.04621322728066868,0.03349313315475662
0.023692187633472805,0.6604778899895121
0.0381814650237316,0.12215905640342922
0.029129716934313987,0.3912420244716218
0.03177417803756022,0.28757884738230394
0.016496722006046516,0.9582724401107978
0.023014495438434257,0.6956117482701135
0.02366692796764902,0.6617907782326721
0.029608962360493152,0.3707445114601173
0.023439458608105507,0.673606205409064
0.022852533278019616,0.7039613135543271
0.038647821088342416,0.11408083221861375
0.038466985009057986,0.11715935893837094
0.029553702647221847,0.3730687424565212
0.03548350252646454,0.17855212512045812
0.03792412212846108,0.12681418620287618
0.01790241511900495,0.9210082514363375
0.035414734271568604,0.18022264827803622
0.0185284556738754,0.9001009859091701
0.023398191823038483,0.6757477338192349
0.026679194177504528,0.508180289292748
0.019485539433913956,0.8635076699487108
0.034960347092015454,0.19157374414643652
0.028423398727038474,0.42286139817517815
0.03271638574177327,0.2560547673379128
0.02921753266178595,0.38742843014517653
0.0239653575148413,0.6462762413577672
0.02978230628383627,0.3635197833171466
0.029940117144846456,0.35702946654955653
0.03429112943677015,0.20930655754334207
0.027705188718158413,0.456745107980926
0.022094916212680005,0.7425696271344795
0.025879125225194644,0.5479735401373678
0.01872427616482364,0.8930508234963092
0.03418139353541283,0.21233255242968557
0.012073035473150862,0.9990899481261861
0.017789527102857333,0.9245039227175917
0.022133740204599017,0.7406139368450918
0.048465790395537,0.022293881719329754
0.04586076249755755,0.03563327810935964
0.019435725482236765,0.8655391229567703
0.03625197101903488,0.16070847624076884
0.0433821271646897,0.054352506145183076
0.03582937427512434,0.17033558216181946
0.01695207728386916,0.9477077122175152
0.019383910351510714,0.8676382226109012
0.027926297504579978,0.4461272647006766
0.03006602743946213,0.3519104310397367
0.030872466714600644,0.32036144698822605
0.04250012621999166,0.06280820548984117
0.029490649532983637,0.3757332376547013
0.0362526331402665,0.16069374205846504
0.034220801404176715,0.21124198286853138
0.03176149167662912,0.28802213567402196
0.017983996297144977,0.9184288890064694
0.035128852947690525,0.1873003586657291
0.029230790137936724,0.3868549473112166
0.02876987289153099,0.4071403903305846
0.04163580308897907,0.07216163270601396
0.02851309247919362,0.41875264138124796
0.026417263336643848,0.5211657831120823
0.022670591872240076,0.7133074966129143
0.03826098984052939,0.12074921763590421
0.024951287425770075,0.5952132804330336
0.019065173302649896,0.88022819873685
0.02956598464684157,0.37255127773443747
0.026794606022789824,0.5022170762883633
0.02737993765264035,0.47266519571225035
0.033559360771153735,0.2301315570070071
0.017288963708715827,0.9389577990487927
0.03500861505312658,0.1903418804019728
0.04192593597057581,0.06889793261658989
0.023789740856566155,0.6554066435536194
0.022984444658089964,0.6971628236220393
0.023132476011232472,0.6895147814847691
0.027284652700039297,0.4773969822259901
0.018304397788704463,0.9078744184407105
0.01783737810162167,0.9230326435687887
0.032492723855854944,0.26329058748695694
0.023147573285647538,0.6887337993924334
0.025359977667715472,0.574270690657507
0.03986817811787802,0.09500761089160777
0.026268209450536706,0.5285397897503188
0.022362666459629366,0.7290261425468562
0.018106822024199998,0.914462224321229
0.030466590350982814,0.3359733792286003
0.016863429085413717,0.9498781988684625
0.037974461951108096,0.12589232659981536
0.014554017718906742,0.9878478542764907
0.028674471759208897,0.4114286340428014
0.023594815291784976,0.6655381573950094
0.02806050142329808,0.43976353820289943
0.027641952658464586,0.4598122492664267
0.0348422227951527,0.19461489223653558
0.04111186328722494,0.07838839475895001
0.018263048812541566,0.909274041170758
0.035953208222498145,0.16746808637464197
0.03714480431230294,0.14180339973213563
0.032672067365526525,0.25747645688037935
0.026406585244018288,0.5216926738361265
0.019067388652338174,0.880142655276423
0.020631023837975326,0.8135048192606891
0.020003726268817523,0.8416308723379275
0.04349326006327886,0.05336000247576949
0.03261115444284568,0.25944020893663566
0.024079413276553996,0.6403477313981181
0.03563599856263078,0.17489148502712556
0.020180677026243266,0.8338676114939392
0.026734556169192403,0.5053142007059007
0.03112363889257147,0.31096810726210283
0.017720254226107346,0.9266064396953576
0.017450035964545307,0.9344949557943383
0.03074646759907107,0.32515051189473915
0.020884246575085974,0.8017071061920898
0.020082490721682333,0.8381927408267618
0.048810789362402796,0.020910783084218097
0.021341575167828586,0.779846564242492
0.02274165673379419,0.7096615597840716
0.021847289731700026,0.7549710609949446
0.02721059590051611,0.481095811357523
0.020357640206572325,0.8259660524060384
0.026260703620728965,0.5289121984275553
0.032525030522588594,0.2622359985268519
0.035775973444388987,0.17158414313906867
0.028502489074159643,0.419236950062343
0.026849257074218924,0.4994089498265536
0.02966388791319602,0.36844444375210395
0.035381072691066384,0.18104485852555113
0.02251657305324567,0.7211868243984205
0.021955602837818944,0.7495625468324414
0.032161084746595014,0.2743016165822174
0.02868612434097717,0.4109032056188623
0.02218550728846108,0.7380018053242066
0.02503227417917711,0.5910490788918783
0.030344948218892998,0.3407572472818651
0.039403398635137976,0.10193170665335606
0.025019679438441134,0.591696255281586
0.03482640988608493,0.19502486201108674
0.028857915544033663,0.40321019115193285
0.01788219597042595,0.9216406479655881
0.05056416340234293,0.014995470800698487
0.02336555459411238,0.6774408760513948
0.036673772388109316,0.15153934160621924
0.03449921239884307,0.20366090247689767
0.017946385869821002,0.9196235355360818
0.04483068621845143,0.04258853815246861
0.021786186799114926,0.7580105825232248
0.03589220538840321,0.16887581432607815
0.016899782554724962,0.9489947701037944
0.034169151233739536,0.21267223371568628
0.04179952171826751,0.07030418478259552
0.023394671437500847,0.6759303875936286
0.04809268525442112,0.023880609517887605
0.03871963148993268,0.11287700366293361
0.030666499342981268,0.3282167907746896
0.02418593058647578,0.6348134510523835
0.02701380495839545,0.49101478926255643
0.03421072158057287,0.21152051562522242
0.055344005381405825,0.005707317464464536
0.03593559897584875,0.1678734799959552
0.02112926954550176,0.7900778874501282
0.022013784337220232,0.7466469142843855
0.035780833326641004,0.17147021400852022
0.018126402682630355,0.9138206858844914
0.027251739811915754,0.47903855369057363
0.023734949757308166,0.6582550666208677
0.029051146599581412,0.39467611211796877
0.015676368644299665,0.9736973583726785
0.0333028791483056,0.23779615819813732
0.025899380766060354,0.5469555984499892
0.019839536231543886,0.8487050280408245
0.029357438936228886,0.3814062170870139
0.014284906825364652,0.9901939688984062
0.030688934979979682,0.3273544224940409
0.02757102587131255,0.4632685445480549
0.01682471658937168,0.9508087750105867
0.025926846506753337,0.5455763571627533
0.03866332862568422,0.11381997099997933
0.022727942473281915,0.7103656396913502
0.01584806369987829,0.97084412166643
0.017770009934898745,0.9250995807010252
0.03139276240515865,0.30112865112142756
0.042245411446003356,0.06545037722689029
0.038985420386373315,0.10851226470637644
0.03897581592113564,0.10866751721888311
0.022055039051383646,0.7445753035357094
0.01418511104806433,0.9909736473794664
0.022178057337087748,0.7383780328631586
0.04180269516269919,0.07026858641132869
0.020718342527730665,0.8094632436781589
0.032273053494164206,0.2705461526479552
0.05168799883042097,0.01204267351897085
0.019986154308670817,0.8423940126706609
0.030763018197398573,0.3245185014538845
0.029844931585213397,0.3609342705927856
0.029938767419562806,0.357084626087791
0.03355901385955695,0.23014179421553846
0.02570225455487707,0.5568892667427146
0.014272202895668329,0.9902958575121995
0.031519650281984446,0.29656975074290376
0.022068205396347573,0.7439134324248395
0.0368281205691231,0.14829137233514605
0.02643239731605007,0.5204193945503535
0.025736810754815737,0.5551436132470465
0.030985857650840665,0.31609561513195084
0.019310825823625644,0.8705744665713855
0.014479484490984795,0.9885342940281165
0.04043951628978412,0.08703897666869095
0.022845151414985526,0.7043412420855141
0.025198237903893583,0.5825365907924429
0.036482946916712056,0.15563391126420417
0.025013609186364416,0.5920082297259721
0.023964013032958087,0.6463461366703688
0.019726486746230343,0.8535005265161465
0.021093223646745374,0.7918011121299743
0.024662302934423286,0.6101200269782444
0.031899776168407,0.2832174714222286
0.02607628247536331,0.5380938375106373
0.03337963586197357,0.23548218181998593
0.031921888082153904,0.2824547599608264
0.027599202040269333,0.46189346514256036
0.0361005492133718,0.16410660495143134
0.029531859097108593,0.3739903003688405
0.02052321305898608,0.8184545761679906
0.031241892417655626,0.3066160416250231
0.029654767044260955,0.36882569274850086
0.026281290404464197,0.5278910102495458
0.020134565251064274,0.8359042004173565
0.021170080012098524,0.7881219066252179
0.025490636730117422,0.5676168716921093
0.03658068792680669,0.1535256903807256
0.03910910503541826,0.10652931535035098
0.035598998947669935,0.17577412865551845
0.03610789231683281,0.16394049931754423
0.02561424806968471,0.5613429316190639
0.0325665947718099,0.2608839006085227
0.05632048546394397,0.0046352245572235
0.027450512887143425,0.46918029339972994
0.0274218702236132,0.4705925925683006
0.021887935928169233,0.7529444538219638
0.018897379792614688,0.8866250998858208
0.023536803170053466,0.6685518155796923
0.021811378978662588,0.7567584562991319
0.029685498431947788,0.3675422400325771
0.035144505529096426,0.1869072485851613
0.02988818992188802,0.3591559489253872
0.029133209276136163,0.39108986642516425
0.03651807476824542,0.15487355862940305
0.020122665215719926,0.836428247977548
0.022247714500967297,0.7348563558485668
0.03638248211099615,0.15782507777703225
0.014514960018714884,0.9882111503676031
0.02768116957937422,0.4579085123709516
0.05186692282822025,0.011624315197380232
0.019227878728429015,0.8738716975578988
0.03301471199416617,0.24663892427236958
0.03295985652836686,0.2483502302730143
0.018292125205168208,0.9082909805950936
0.03904328711141225,0.10758075452936453
0.014351369457590635,0.9896481621843476
0.033541820672164935,0.23064959625996911
0.018224921560421437,0.9105548447300411
0.02260726870765062,0.7165508747517129
0.02152077632780447,0.771108256270383
0.03393687869109896,0.21919725751245367
0.02397814777511631,0.6456113259126768
0.028111094874393894,0.43738033601114323
0.04421375006991829,0.04729671329440199
0.02105945710357554,0.7934115704649837
0.021060335393516705,0.7933697283625384
0.028028898546823403,0.4412565951827713
0.030294834111581237,0.34274225060243424
0.04168335628153441,0.07161787727894148
0.024305331542454178,0.6286139226753416
0.04403636364445351,0.04873129266266047
0.025153079290594238,0.5848498890000966
0.037267404590946906,0.139354287705883
0.026437728836871677,0.5201565542895255
0.047554870035450114,0.02634398728296921
0.022253765110256896,0.7345500429136329
0.021271168384568107,0.7832546799629004
0.019799855463165317,0.8503953764200054
0.05331702430266416,0.00868883353889431
0.02674196566396747,0.504931393337886
0.035174939057735,0.18614478256612565
0.028562258331211066,0.41651197335245943
0.03397586295061428,0.2180914180021245
0.027962796032037024,0.4443905175228528
0.024909786565374903,0.5973496140828142
0.021583906251764706,0.7680090525265301
0.022716389518243535,0.7109585847088286
0.025896255744388585,0.5471126036632146
0.04192185240277524,0.06894298174857343
0.024406394965796274,0.6233710256106029
0.029061722960007974,0.3942126385176107
0.02770281545944997,0.45685997336645817
0.025184660001778214,0.5832318939092824
0.026479788816381744,0.5180849290139107
0.02422797529682852,0.6326298360528106
0.01882916043476135,0.8891787805345528
0.023398594644150617,0.6757268332407255
0.024540520879426875,0.6164209570920828
0.025212861869247483,0.5817879536931486
0.027086624727856612,0.4873291593959948
0.026888848466443127,0.49738091544795343
0.04171845018720732,0.07121882588766701
0.026515336039035164,0.5163367361544287
0.024109678365994647,0.6387749734483101
0.03193256793173904,0.2820869254252939
0.044961562841411284,0.04164389204459396
0.036013320762612766,0.16609008170567566
0.01892766330127693,0.8854826922390238
0.019598389098461677,0.8588576539830961
0.04281340945803841,0.05968408695497733
0.03191031883208029,0.2828536299116999
0.04845695295617114,0.022330354599234336
0.03203379293714592,0.27861823764027255
0.029386123356233973,0.38017962221351165
0.02511690496669372,0.5867045757790693
0.016649116206035153,0.9548981324984223
0.029700674373650288,0.36690960056391925
0.042358705705526356,0.06426367645312711
0.023233761441823764,0.6842722021618299
0.05723764297324796,0.003799795508944843
0.030643859311357713,0.3290886796488027
0.041391815360474316,0.07500701020310126
0.019695107147026825,0.8548204659719538
0.025863721352890057,0.5487480973639911
0.029386267969104818,0.38017344530997427
0.020197291427194175,0.8331315151916883
0.03819378368532955,0.12193978715383563
0.023787847426815167,0.6555050816494095
0.026971308335147826,0.4931739436745156
0.01661934516098984,0.9555700561973085
0.018741998134916782,0.892401220456506
0.019019867701482118,0.8819714643496329
0.025273165652200405,0.5787034573529641
0.031925684295375234,0.282323970205513
0.035632267275881147,0.1749803366815028
0.03213518783751046,0.2751757340375236
0.017229309161671313,0.9405649275210977
0.026265232299113928,0.5286874916656318
0.03334509249427453,0.23652141340641963
0.02567178188345831,0.5584300983563726
0.03415581112930233,0.21304285560126976
0.05500871766180215,0.0061248358430987405
0.031557873934714764,0.2952064608321061
0.03762225190782481,0.13245879951721246
0.02856724057470822,0.4162853708062403
0.020229410440576356,0.831705070016503
0.04813122905223638,0.023712175859643185
0.02089486668043236,0.8012072696870259
0.021285199903316898,0.7825766389802418
0.025072635474851723,0.5889762121730155
0.027303728327660814,0.4764472392139573
0.03337865965934636,0.2355115026063085
0.0192223879495185,0.8740886244205898
0.026155775861294472,0.534128843931821
0.01717857152235197,0.9419123153671516
0.01765949527690691,0.9284237248600093
0.04187528580637623,0.06945847136593063
0.01738272774491556,0.9363817412443387
0.024341090706357815,0.6267583076832349
0.02503720251812558,0.5907958813347423
0.041567192193362135,0.07295235274295633
0.025536319345623504,0.565295787143126
0.020171559503233294,0.8342710450697957
0.035159973949840106,0.1865194033747228
0.027293905196499657,0.4769361624037731
0.038669372288597625,0.11371844048130268
0.020375215108183298,0.8251740661080752
0.028532493239862067,0.41786750031061454
0.026509552002732972,0.5166210252909256
0.023703234501467496,0.6599036873088424
0.025457329293965048,0.5693109483324226
0.03980471965924581,0.09592917391085956
0.04045601424698886,0.08681748127770395
0.014676350430263052,0.9866580241572898
0.026907622601246683,0.4964210731909679
0.02717673437076562,0.4827932334491183
0.025165844081574518,0.5841957690137325
0.020563633128398817,0.8166041384170055
0.026799922130368303,0.5019434780272952
0.019205874840823478,0.8747400082615722
0.024370087176046717,0.6252540357067012
0.02109760367190061,0.79159194124501
0.036465254568061656,0.15601800226404275
0.023219094348996522,0.6850318098752731
0.03841561204486843,0.11804630048956609
0.02688032476888258,0.49781708823361936
0.03200813992139517,0.2794942670187902
0.027938264833000437,0.44555731305640167
0.033582950508033504,0.22943625501046755
0.028337439486495253,0.42682465299009287
0.02588056038127262,0.5479013949189337
0.040642683125174495,0.08434417250725736
0.01996325700547559,0.8433862774861803
0.026040610906835182,0.5398765911552068
0.030074179152828562,0.3515808236453212
0.030211300607438152,0.3460693713299875
0.03394933064966499,0.21884357086353362
0.032420145660330246,0.26567140776763903
0.028150768339599397,0.4355175916073964
0.02345557845967794,0.6727694706986174
0.018714268996330607,0.8934167993058543
0.0190501051932275,0.8808092941428254
0.02317839353888329,0.687138953549745
0.025381486693760502,0.5731738380129833
0.02894615840213266,0.3992973106112224
0.05362909037987218,0.008152732429703175
0.034455279107171555,0.20484287830566236
0.030476366576406066,0.33559101405828834
0.02886524292549958,0.4028842787083714
0.025226655225608074,0.5810820612341727
0.028665124645627815,0.4118504380885727
0.03072550701533594,0.32595220388731144
0.017874743589124303,0.9218730458932564
0.026129242402148554,0.5354510723427148
0.030629571827282515,0.32963976491970975
0.020682705904095045,0.8111161621818288
0.02297999912517157,0.697392211322198
0.03657865830386364,0.15356923332410044
0.017480940519056992,0.9336181512587711
0.022835437921226887,0.70484108595479
0.042194655705973694,0.06598805580408477
0.018001735257337836,0.9178621709772694
0.042868984167276025,0.05914403163557079
0.03102630242139992,0.31458411997514496
0.029276027078329214,0.3849025642365666
0.030714076488698283,0.32638999681384145
0.036838090019187364,0.14808353182624187
0.04203569606426871,0.06769643663181797
0.05157372366825996,0.01231692917741243
0.0192474037639202,0.8730989618422793
0.03408157541170487,0.21511448021182725
0.02133395459352594,0.7802161488047585
0.02296623855640613,0.6981021359500191
0.024847086207305913,0.6005801979208716
0.027038919655359872,0.4897416354761782
0.01680143343351806,0.9513634028818788
0.03442313639336941,0.20571102791538834
0.028987089097524343,0.3974912714944096
0.0316588751377449,0.2916264200184853
0.028234280828653924,0.43161396330342683
0.020971942970838375,0.7975679977945438
0.031242938378685525,0.3065777475403559
0.024374875431667928,0.6250056689638086
0.03197121680292572,0.2807587647756993
0.027014855597514376,0.4909614859376273
0.03176478013900108,0.2879071812035265
0.03653866372490133,0.15442929536699823
0.022887968291094407,0.7021367550148336
0.015139422828502558,0.9814023710381281
0.013913980181919028,0.9928617101819763
0.0281623136282092,0.43497652102475726
0.04161107436039119,0.07244578087048707
0.04304841179793806,0.057428940133586
0.04262704813479756,0.061526050797981395
0.03525679687282182,0.18410613771885495
0.01857372861831319,0.8984920020958793
0.020468485194658714,0.8209496961385826
0.02080226064863694,0.8055523997383853
0.041881963958255386,0.06938434372044232
0.014114169402089538,0.9914995327742009
0.0204348406246464,0.8224776181909843
0.030665777631966207,0.3282445587419055
0.02361465650313377,0.6645072174171985
0.018337471130433797,0.9067470199795067
0.03382062859541046,0.22252060572166893
0.036829554161404654,0.14826147067947842
0.01431918807366428,0.9899151318993727
0.02081244195826837,0.8050761789732582
0.033441967500754455,0.23361580089340667
0.035916304346181316,0.16831857264268132
0.04379581156785928,0.050736759336248945
0.016597649025851646,0.956055832796877
0.03174102013094193,0.2887385233909724
0.031118959281174474,0.3111412546913678
0.04206312395092349,0.06739899909366462
0.05034565453402606,0.01563991498804847
0.02796898431578443,0.44409650201059747
0.025376672830683233,0.5734192704845671
0.01591415583944078,0.9696937974600254
0.027575981054925813,0.4630265220960113
0.04464872498303055,0.043932852442138466
0.021305450838654982,0.7815970269630784
0.026113743401897094,0.5362239917492548
0.02074874167144225,0.8080495271860351
0.036620421861344676,0.15267525029384557
0.0245725431578121,0.6147631994203616
0.024356096823283768,0.6259797761472089
0.030579121026390266,0.33159104562722796
0.02519849766098689,0.5825232910650886
0.030998117603817044,0.31563688022147257
0.026851133725403598,0.49931270078316725
0.030670329014544362,0.32806947186345087
0.0306052743287043,0.33057847889226977
0.02431463054657268,0.6281313264926719
0.014242867976880902,0.9905281741651982
0.02181231443351117,0.7567119331176981
0.045183119044723274,0.04008628666779947
0.0312027121063716,0.3080530143460845
0.028950130515675188,0.39912179629184336
0.02831672904395055,0.42778327569068036
0.01587865269126154,0.9703153442691718
0.024888254099596663,0.5984586612282674
0.036723819376564215,0.1504799717154635
0.015353368205034478,0.9785482446606845
0.024376175927013355,0.6249382141546302
0.016108840736121177,0.9661348734208599
0.04079720461067826,0.08234193450178773
0.02773117447246798,0.4554886506078551
0.03199158738942817,0.28006061168123597
0.03323114010980044,0.23997455681539337
0.03897122295074018,0.10874182582477654
0.03198013650048703,0.28045290404352136
0.02846635617594695,0.42089017272025964
0.027864129175196428,0.44909588736744877
0.02707121173871746,0.4881077637134237
0.021344138643504484,0.7797222022214182
0.0185709756444465,0.8985902048988933
0.03186779245561999,0.2843234029266885
0.023593101223280843,0.6656272148293557
0.02217626664349548,0.7384684487912486
0.02354352295890383,0.6682027826216943
0.0258712405418981,0.5483699609860715
0.03177509561072045,0.28754680507739866
0.022403919266382716,0.7269285119540472
0.023617317522168613,0.6643689446595669
0.021263997863390505,0.7836009516220319
0.026100569153085174,0.5368813041336943
0.026700068942771216,0.5070983932600968
0.026229252763094846,0.5304737665683206
0.015671452497238336,0.9737762085208566
0.04256844283363059,0.06211526494076739
0.03143733298967799,0.29952145386604845
0.02117830481146421,0.787727072207232
0.03577934787218501,0.17150503079062748
0.018973088098166113,0.8837590431831172
0.019537562867928737,0.8613722208574554
0.048012949878249,0.024232419164747013
0.02610161184405818,0.5368292695118129
0.02704712578566626,0.48932609894075063
0.027591883347790502,0.4622503800172376
0.025002306076577885,0.5925892390114814
0.024290944981713247,0.6293606206283837
0.018079644317103072,0.9153485016986473
0.021905004862384447,0.7520923088062352
0.026793599822783953,0.5022688719842051
0.03122423835168997,0.30726291070212886
0.038887346534364986,0.11010626008494676
0.036256762575821,0.16060187417062077
0.031656435767229985,0.29171250443886715
0.04750769607743133,0.02657042236450553
0.01779627440075149,0.9242973984151039
0.04497421191519568,0.04155356730090063
0.018732278710745398,0.8927577233117115
0.022370748991121348,0.7286153761146028
0.02646400497969964,0.5188619502881244
0.0627314114248787,0.0010803638605544278
0.024646278094438423,0.6109485684235841
0.028603653859795797,0.4146317710338037
0.021062264000558883,0.7932778398715199
0.016875372990575566,0.9495889703107204
0.02558883841911555,0.5626308788665226
0.031318003435573394,0.3038386611150757
0.024681415512217114,0.6091320790223356
0.025859552995475044,0.5489577604762357
0.030008268474070343,0.3542521676941174
0.02973627343038243,0.3654285964085734
0.02948298845496733,0.37605788550407115
0.025407587322375247,0.5718436210544668
0.022302411920861354,0.7320849732700867
0.037053958380307506,0.1436405953813378
0.02113220672110111,0.7899372889504939
0.03323158937258841,0.23996086739891373
0.027392240513092525,0.4720564844393706
0.04187057395486937,0.06951081357325965
0.02014571787229491,0.8354124940611526
0.016389606431665954,0.9605474723901041
0.01738675229136366,0.9362698064108664
0.024832084726108677,0.6013536479442498
0.03596597227151621,0.1671747259106911
0.018805040589914973,0.8900750568214836
0.02619373148125803,0.5322395643504346
0.02145180207150732,0.7744821823614696
0.02098507794746457,0.7969457908382048
0.02898812995897565,0.3974454178346819
0.021891968535644568,0.7527431888205887
0.01635956596431115,0.9611712222148798
0.03565997038762192,0.17432150821022
0.02649282785174356,0.517443392844072
0.024141624448869414,0.6371150936350307
0.024154894156758547,0.6364256928778351
0.017185742092529543,0.9417229833642722
0.022680546629772702,0.7127971499307002
0.01801921267212203,0.9173017680082478
0.04335287008898481,0.054616423313567856
0.026989002906014026,0.49227418331101963
0.02861415523142015,0.41415571630000675
0.030949556222862995,0.31745676723943134
0.031152238154014023,0.3099114543996645
0.020321390969748276,0.8275954893320392
0.028103613624457763,0.4377321930351882
0.029101148588701387,0.39248826166438233
0.022515755077630484,0.7212285827906313
0.04769650434673367,0.025674362618114312
0.024574638224991785,0.6146547627363007
0.026960005113443097,0.49374925992384044
0.029532802043762296,0.37395048541860776
0.03763751967174117,0.13216847082235503
0.03161615248441141,0.2931368062486314
0.031140141318696635,0.31035807343957966
0.02305343811349625,0.6936005418400744
0.03584323818686591,0.17001261758816455
0.02196249902664399,0.749217331161357
0.03151346096048968,0.29679093622409847
0.02335038616103058,0.6782275995529488
0.03407509383826318,0.2152960943169134
0.03272713181758796,0.2557109401868952
0.0324528328883098,0.2645971549449844
0.020039868770309277,0.840056745709679
0.0343221905814769,0.20845616184262494
0.0161485040551399,0.965378324938455
0.032899579519205746,0.2502410618476519
0.020438560323644994,0.8223089190897919
0.036308503866364694,0.15945434638621303
0.020317364437020813,0.8277761446054547
0.019736184586375605,0.8530916105087221
0.022045038621127278,0.7450777925961107
0.034876298909313985,0.19373372627795726
0.02616389144834573,0.5337246694653717
0.04993952154021564,0.016904020574569502
0.021765266391084448,0.7590492627259195
0.02116083849539807,0.7885652967320868
0.050731474319905434,0.014518246369918341
0.020324261505564267,0.8274666574766639
0.040822694287296485,0.08201552883208
0.042612816887719285,0.06166868919263242
0.03777945948402339,0.129494146513172
0.032094530405419486,0.27655227378224206
0.021808680384232226,0.7568926547819825
0.027938894447231633,0.4455273407281294
0.034685216140158404,0.1987156047691252
0.03723581209845145,0.13998208270910367
0.03312415874157515,0.24325138638768853
0.04694918958621441,0.029384927587326196
0.022254586693744582,0.7345084451623907
0.027342077799132974,0.47454161088740593
0.022990819188436484,0.696833869045417
0.026703797564607834,0.5069053006545076
0.025912055450151295,0.5463189658840459
0.03836440961982984,0.11893578981757268
0.030868613565258385,0.3205071362772492
0.02287504069627777,0.7028025512501186
0.022982629853561753,0.6972564689815135
0.021925202044627,0.7510831670118179
0.018926461646925352,0.8855281256052459
0.021248164629257493,0.7843650068257865
0.01646818211674661,0.9588863852489145
0.04868361655554898,0.02141146958211969
0.030474126082088326,0.33567861601006516
0.025338892206245855,0.5753465034054892
0.025263900909710424,0.579177066203087
0.02188381745970361,0.7531499670096401
0.029543703688849843,0.3734903906414818
0.034044226639814434,0.21616262715541754
0.016631021157943793,0.9553072702770237
0.024422453820070578,0.6225383818827375
0.022000895267642623,0.7472934282799147
0.02223155246506403,0.7356742432762807
0.0270520469293839,0.48907701441792667
0.045540798054900855,0.03767882636329765
0.044959034937471,0.04166196383024654
0.02018501464905964,0.8336755512494626
0.032580051425076195,0.2604472803128314
0.01551473407216166,0.9762079139124639
0.025295579993120154,0.5775580696683856
0.03110528731814388,0.31164752637074006
0.03702256840683693,0.14427986522213332
0.05532765516048088,0.005727058184147509
0.022893890349576673,0.7018317005028263
0.037038525748393114,0.1439546000622198
0.04540647486550109,0.038567693311199
0.01845778175943502,0.9025871556618438
0.022312378136052913,0.7315794560250732
0.02363452631122942,0.6634746954823451
0.0208223061757703,0.8046144351511026
0.025602962633963777,0.5619148477461804
0.03696682035953769,0.14542087426188272
0.027238146649613104,0.4797175989745499
0.04011361197172858,0.09151271194352704
0.04653228006889143,0.0316539937164671
0.022483733373326653,0.7228625524320607
0.04013990208704299,0.09114481774814252
0.045552109961355725,0.03760479511358283
0.02288831288686677,0.7021190053232707
0.03132265737261253,0.3036694348972236
0.020576897790008375,0.8159954836815431
0.04626920211943464,0.033163845205017015
0.03920566068760328,0.10500227557248555
0.018568339498527875,0.8986841962829204
0.04587317601938301,0.035555916171735674
0.02821738749367067,0.43240170144743484
0.0310376498835363,0.3141609932280312
0.022298224063649466,0.732297343994518
0.046212714471366656,0.03349616311798794
0.02590090492627689,0.5468790282930288
0.019093818025388676,0.8791199544888492
0.03307743462682733,0.24469320156852542
0.02325580743601774,0.6831301840458708
0.021246908183492452,0.7844256060088073
0.03527382341258878,0.18368432147468727
0.04142269407970106,0.07464172753880526
0.029486402651856924,0.3759131803330996
0.023650305279997674,0.6626546881440092
0.026688238132634684,0.5077113799425523
0.038809344759409115,0.11138781232827849
0.026975057537405145,0.4929832103540672
0.02244720053552659,0.7247248500224484
0.03956638539180457,0.0994572644086154
0.022961150160414057,0.6983646080441855
0.027309953825949695,0.47613754877399306
0.032326430996855615,0.26876948494059333
0.06448916652972375,0.0007050911544373707
0.021112070953121065,0.7909006088937642
0.018879541788517362,0.8872954930685915
0.03938411042008694,0.10222789788522649
0.03142776310214912,0.2998660064451221
0.019762119750421914,0.8519957530146092
0.028155046739930467,0.4353170314295961
0.04404848753066304,0.04863205795918652
0.040744668007670515,0.08301814285930073
0.025717001997961786,0.556144062470197
0.05570590660168334,0.005285995228290542
0.024039244341466648,0.6424354401120544
0.0212544931780905,0.7840597043551847
0.026834021193299473,0.5001908015791722
0.02089113653669661,0.8013828741505401
0.03563737701994141,0.17485866943917658
0.04404119763720826,0.04869170517315549
0.0319963792195056,0.2798965713629346
0.02758062993158189,0.4627995360396824
0.030581181220617537,0.3315112008125014
0.025251549805911655,0.5798086054582839
0.032053393218655524,0.2779502860763126
0.024320031471780745,0.6278510479064134
0.02196520920730427,0.7490816349070855
0.03403189678998386,0.21650951685985542
0.024123535003787167,0.6380549682602977
0.025800216137380816,0.5519452747759758
0.016621418669163224,0.9555234582914791
0.029281169744780122,0.38468104681334275
0.03034905130266896,0.3405950914408576
0.056634752832909085,0.004331647765937331
0.028131036524599806,0.4364433705612365
0.039535063800455905,0.09992886074059375
0.024857576789580338,0.6000394373668042
0.025537613443716967,0.5652300766654379
0.029631376488902766,0.36980467867833283
0.030057003333794463,0.3522755694021358
0.017972233271996596,0.9188035376321528
0.01956929036166502,0.8600629773801101
0.024521580211500305,0.617401792504368
0.028373862919953807,0.4251422500930969
0.031100437514143486,0.31182725880843365
0.028200334720004522,0.4331978555035305
0.025509016619846836,0.5666826703360544
0.03813027351459408,0.12307372324132923
0.03313747878220816,0.24284154477178388
0.023029283483705587,0.6948481683440895
0.042861097494988454,0.05922041536939978
0.03046450896090086,0.3360548264717829
0.03804678954266355,0.124577426028137
0.02577448105304081,0.5532426854403372
0.02019603470562925,0.8331872362060293
0.021943721230062718,0.7501570898304117
0.017476533428407603,0.9337435893151721
0.03372985990396116,0.2251424366670736
0.01536131857386952,0.9784367637547916
0.01586629870615963,0.9705296513603647
0.03752439368970034,0.13433202506787068
0.02434822251230695,0.626388290250331
0.019585190272040198,0.8594049120075977
0.025275279956326363,0.5785953894532423
0.023675088646539583,0.6613666339804245
0.044102016637697694,0.04819600671375253
0.022406314010961603,0.7268066601792609
0.04284682114363547,0.05935889944217894
0.037180366145890265,0.14108943482956762
0.035689640873123485,0.17361808061950124
0.025571382866220183,0.5635161793582548
0.027754888336384176,0.4543440415036346
0.030638179304174173,0.3293076844969248
0.022831095055565437,0.7050645313867636
0.028733080408769207,0.40879055396945596
0.03141794411057652,0.3002198309764825
0.021181763966346745,0.7875609512842596
0.019130341281904162,0.877700138419415
0.022836513343586606,0.7047857510938482
0.0251845952183381,0.5832352118647413
0.018691514374649887,0.8942467060687695
0.015362000503869655,0.9784271833476491
0.014947130079793869,0.9837336653164406
0.03948368011411446,0.1007065573687847
0.02362674140029386,0.6638792443781141
0.027908232821439227,0.4469885268264259
0.034664488618769196,0.19926198864741823
0.036529639938996494,0.15462388194028573
0.027395398449278074,0.4719003212150295
0.025890938182504986,0.5473798008288169
0.014773747615464156,0.9856531135219011
0.03503708402816186,0.1896182424872918
0.016589322368955356,0.9562413943033767
0.037946820663871866,0.12639783225605866
0.018049509012660114,0.9163255451566245
0.031049827610282077,0.3137073695320541
0.027466808905916573,0.4683780171704893
0.0331321035351817,0.24300687122565637
0.03667876011206528,0.1514334949660139
0.02149415627145701,0.7724119257071107
0.028381042893853015,0.4248111365899031
0.015015604749585437,0.9829283410672994
0.05319682121457786,0.0089037303265329
0.025405681631896382,0.5719407151043012
0.029545322633849777,0.37342209832389167
0.044031849761749786,0.04876828378313311
0.022522036763669262,0.7209078722757776
0.027676459546439172,0.4581368795610524
0.03016547139376946,0.34790451631770913
0.027103087947419002,0.4864983878347389
0.018770496198173336,0.8913526447282156
0.027947415839135625,0.44512181830215447
0.03100512333177341,0.3153749624769263
0.021014113413994173,0.7955683186559551
0.015998657888971257,0.9681804698127452
0.03360523098780982,0.22878102742666442
0.02593748268630064,0.5450425690577102
0.040672802299844046,0.08395071352171835
0.024375090054183868,0.6249945367498679
0.02155620097487354,0.7693704641818204
0.03202588424682115,0.27888809418593763
0.03745568657432197,0.13566008562314266
0.02151580810258108,0.7713517106794975
0.034464909380361175,0.20458332956089034
0.03979054729683029,0.09613600598866474
0.024682012247114415,0.6091012374787154
0.0129524520860885,0.9972702811660726
0.020318882865736687,0.8277080265019656
0.016091170752363076,0.9664684670393362
0.04025358743667318,0.08956818351180332
0.022303315718424366,0.732039136811184
0.014550143318946496,0.9878842466776486
0.0176567249834704,0.9285059842140819
0.0302883248876626,0.3430006854523314
0.01958918844547189,0.8592392314394146
0.02592827590396024,0.5455046106808037
0.03410576024519074,0.21443786831981293
0.026276112465435597,0.5281477846973004
0.01722410626486659,0.9407039215095327
0.024581027611250694,0.6143240777363436
0.02826326603996454,0.43026463360290323
0.022579011755485046,0.7179964644959804
0.014293419869552904,0.9901252568408796
0.0316315084901988,0.29259325641871
0.03340580480627087,0.23469722499551732
0.0353328845503319,0.18222705650703372
0.03465941023530672,0.19939603566149247
0.0164614257664093,0.9590308979729831
0.025956869224927848,0.5440701073060232
0.021204665839503284,0.7864601858654863
0.01607919613600417,0.9666933310619551
0.034083731481339696,0.21505409334564227
0.020885503226300395,0.8016479822853138
0.02346752552027087,0.6721492651698496
0.029590830941206514,0.37150599651275423
0.031299835329328785,0.304499951861689
0.015624125197229166,0.974527258821036
0.020003030826653168,0.8416611021618609
0.025301658999469345,0.5772475320933702
0.017644004609957742,0.9288830226763205
0.021483782658494932,0.772919436631913
0.038481180994500486,0.11691523892992488
0.033260414433399665,0.23908379011559322
0.043705887083335226,0.051504552698887165
0.036356376984633454,0.15839847423028464
0.042572657179168916,0.062072733605464066
0.027395202459852497,0.47191001211280215
0.015615933383074349,0.9746557832801727
0.026084491992542966,0.5376838574139551
0.03092630693659809,0.3183307576509395
0.016546429638140042,0.9571896074825026
0.02717528418079171,0.48286601562617004
0.026532092877740804,0.5155134938455028
0.035285470378420614,0.18339621928829505
0.015012009541702953,0.9829713013798898
0.016986412915111992,0.9468522386818342
0.0260035555874481,0.5417307678945753
0.030727318090330635,0.3258828781668019
0.03611440255534121,0.163793346116163
0.03426199462950083,0.21010666554904342
0.023833225287334947,0.6531458626393993
0.024123992608523326,0.6380311914401806
0.03654071555049676,0.15438507783831132
0.02119788447137194,0.7867862974679625
0.03962952360853855,0.09851225406928482
0.020906257696596042,0.8006707138305922
0.04131161346274598,0.0759628505007885
0.05014899040471643,0.016241052447130547
0.02818205396861484,0.4340524359464061
0.022885638652025198,0.702256748595811
0.04832586889838805,0.02287761000485902
0.03433645020935305,0.2080666622593453
0.03515025906087699,0.18676291399186928
0.02202049590938049,0.7463101275235391
0.03707351231014833,0.14324353251088665
0.037502448022013524,0.1347550634128239
0.02765605328895071,0.4591271512311292
0.05444802445033625,0.0068857988353818594
0.022799758002510218,0.7066762477628878
0.039315265702625946,0.10329092515172734
0.021116380055129724,0.7906945648816234
0.02054823410182338,0.8173098663432812
0.0326387012342918,0.25855074060964034
0.03126511829544948,0.3057665354656646
0.037103851583119574,0.14262922270827588
0.023030507083247498,0.6947849793608588
0.042016647361442394,0.06790366494105365
0.027456295779509005,0.4688954903917805
0.027148805630538675,0.4841961718098293
0.035783404785243667,0.17140995625371805
0.03252537186967408,0.26222487293024666
0.03681582486304885,0.1485480344331782
0.03637059844778562,0.15808589424370545
0.03449134574581958,0.20387215357266847
0.023256465519240987,0.6830960896155829
0.03841692306219602,0.11802359756841155
0.031854202065681125,0.2847943017377089
0.02759946258327156,0.461880762439389
0.022698295346932892,0.7118869255728131
0.026354828641892314,0.5242495434205585
0.033774546217679724,0.22384872257314212
0.02461594773180606,0.6125172474451872
0.05377811645814323,0.007907481109736443
0.04491440614871184,0.041982137737438745
0.04711920869595276,0.028501536287197725
0.027770331127672576,0.45359968179072785
0.032770249582810385,0.2543348741697881
0.01887063570120945,0.8876295018647175
0.050763143811397904,0.014429465868849902
0.01931341571640255,0.8704709094122922
0.029618692809864067,0.3703363039790006
0.026646759769858586,0.5098642027846008
0.020623212914857053,0.8138649430151305
0.04156026038262278,0.07303264730440809
0.015719406959145976,0.9730003342366943
0.016481672343793885,0.9585968915345056
0.039609599880490676,0.09880964723911308
0.022027580803120728,0.7459545075580555
0.025210091877124974,0.5819297377941632
0.03543769117071072,0.17966360654620664
0.026560596395885816,0.5143547464791991
0.02506581122813839,0.5893265729132063
0.02310023399620978,0.6911820852099068
0.03306405008810176,0.24510741969510172
0.02547591658302724,0.5683653837459111
0.02800118392864137,0.44256874185486506
0.038544701826545125,0.11582803537532357
0.03783843395714526,0.1283960736172924
0.016781050847062884,0.951845819546433
0.03849288812140278,0.11671423374877414
0.030523467006242866,0.3337532237464062
0.027786113037200688,0.4528398118158931
0.026506823335261415,0.5167551635983585
0.036179105669671974,0.16233657627868214
0.03874944441368042,0.11238031160734634
0.03380386977194583,0.22300289754736569
0.02736398540762608,0.4734552314475114
0.024319836383615234,0.627861171704842
0.01717438389007664,0.9420227197975704
0.027198248893965493,0.48171429713513936
0.02369808708482779,0.6601712461622133
0.018301888465822758,0.9079596697624059
0.026610888346080053,0.5117306723794222
0.018003960252104045,0.9177909402822122
0.027721480998327275,0.45595707952818654
0.03161913061448629,0.2930313323584281
0.020166165180835027,0.8345095613074339
0.030434511438351353,0.33723024289319203
0.020506812237864047,0.819203567357703
0.026640509715484706,0.5101890961059211
0.034504685248703426,0.20351403543247282
0.020023486391987477,0.8407709971986155
0.016063393681605254,0.9669885861294657
0.02125492646193597,0.7840387974129188
0.030838974966695853,0.32162939474269003
0.027357987867563827,0.47375248277453164
0.05379653849491739,0.00787763467172578
0.056889955334744,0.004098679588130899
0.022433342569936454,0.7254307431988508
0.03257171544513382,0.26071768802893036
0.0348263236702297,0.1950270991236619
0.01943504595634407,0.8655667439241966
0.026726401483420537,0.5057357213785968
0.030630756904349854,0.3295940297433186
0.022043867023405106,0.7451366484073183
0.022961654793714703,0.6983385788871467
0.02262508963900478,0.7156386267997914
0.028478356413303763,0.4203406242208925
0.03438056572749271,0.20686524260951805
0.016785322162079286,0.9517449666873719
0.022789564278895003,0.707200292765283
0.02655101674331628,0.5148555443788944
0.03899311470454936,0.10838802157110917
0.019941730031644456,0.844316925111234
0.022582158056627333,0.7178355574757673
0.03409142772588836,0.21483864534173547
0.01635966887840179,0.9611690959985135
0.022542500794639042,0.7198626918949746
0.023336277789349047,0.6789592356912995
0.026716877107099024,0.506228325308823
0.034023262158861645,0.2167527014918313
0.03181929078533563,0.2860066134159876
0.020318747047913588,0.8277141198106011
0.027271288767654667,0.4780630831236145
0.027327995611718725,0.4752407922643338
0.02655775920642578,0.5145030348652716
0.0183207514134498,0.9073178341538626
0.0349091243173385,0.1928878690011977
0.023992627210020573,0.6448586189430302
0.0252020298809853,0.5823424467496687
0.01766347663962964,0.9283054130982862
0.04026578171112433,0.08940043514139052
0.04548222664366103,0.03806419006965173
0.018396690722856768,0.9047109112752763
0.017398032240175887,0.935955478976111
0.023114377130141472,0.6904508115536216
0.017853391459663137,0.9225368350665206
0.017222332258262085,0.9407512704869052
0.024067432771806785,0.6409703647268148
0.01570666277140842,0.9732079930050734
0.023571240713044617,0.6667629458567562
0.019546920407161217,0.8609866204704186
0.02219833159397544,0.7373539300735575
0.022736797261890596,0.7099110670875337
0.02008107185645458,0.8382549254361102
0.015856072960139522,0.9707062709373304
0.03471714029745365,0.19787637058172702
0.020457291239043662,0.8214585633838261
0.022929353394762153,0.700004208967651
0.029284529683879124,0.3845363673225353
0.0476838698311397,0.02573347860759558
0.01726997889073395,0.9394719485504714
0.023879542869592485,0.6507377290532617
0.03200139867591634,0.2797248154700695
0.028319345564714882,0.42766208477073486
0.016631843770986296,0.9552887202268128
0.026509627594028418,0.5166173095110586
0.038510360003523814,0.11641478034511539
0.036570427326030774,0.15374592026370346
0.03395802645902635,0.21859683625176624
0.0434242133192298,0.05397478915677384
0.03294295662431507,0.24887926503390215
0.03597632605964296,0.16693706279206919
0.016918805255621283,0.9485288076937247
0.04267118711856277,0.06108544549287905
0.030220881677224698,0.3456865914163439
0.027845066898539855,0.45000876313619076
0.020060395987263946,0.8391600514957881
0.033281606072239955,0.23844054414407753
0.0480614744328145,0.024017775210552064
0.03373679474420532,0.22494128900080973
0.029587466328240386,0.3716474246763405
0.03497988893111004,0.1910742564546873
0.016651921576530948,0.9548344968875131
0.03242921879544969,0.26537289438926837
0.043874005948042694,0.0500771758444199
0.022818156976736725,0.7057300890104459
0.020931577382738653,0.7994764618338029
0.02555172395667471,0.5645137354986962
0.02337658131469819,0.6768688935798663
0.05444811770700991,0.0068856654012557856
0.03665688109198073,0.1518982420877918
0.03688108778853694,0.14718981991871924
0.0180008607625059,0.9178901579555232
0.03408478905599882,0.21502447776426473
0.021581751398023763,0.7681150117677308
0.03770738670937901,0.13084650993236363
0.038106299110236,0.12350401513454662
0.02395770195913427,0.6466742315346545
0.02999832274106584,0.35465651568786477
0.032035360298519056,0.27856478002603496
0.020862781162385047,0.8027161732944321
0.03071823851907529,0.32623054042241145
0.02932201779387511,0.38292469423728054
0.026151852660512342,0.5343242694740589
0.03511778397312448,0.1875787461892014
0.026824049874448863,0.5007029178150213
0.02187306385272897,0.7536863989069535
0.04860228949634671,0.021737223141019425
0.03070194861401576,0.3268549637106301
0.030202770848059612,0.3464104044684064
0.01655367620810927,0.9570303107542596
0.025474951146081337,0.5684144857943603
0.021049828619352562,0.7938701100374341
0.016711352920391193,0.9534734574813576
0.03296488907021733,0.2481928568267107
0.016930681534679914,0.9482366119407349
0.039581941357347605,0.09922373471747449
0.026975246115846174,0.4929736180479203
0.03614373148901212,0.1631317238323846
0.02740282285632703,0.4715333096032404
0.04045921130793517,0.0867746135761446
0.015538420008349707,0.9758505189902953
0.040564500204602505,0.08537275905670424
0.02598034987024067,0.5428931007538969
0.022076222498986442,0.7435102445032451
0.032269120271941065,0.27067741734901757
0.041803938338905944,0.07025464516078078
0.02895138217475307,0.3990665007178563
0.03250734929156912,0.2628127731982485
0.026964010930846383,0.49354532079793134
0.017718453776099263,0.9266606517384329
0.02560827487874129,0.5616456147373465
0.022100851045810388,0.7422708591832878
0.01671021116752816,0.9534998375236048
0.03207037095783605,0.27737267402920257
0.06473434922484078,0.0006637241864337094
0.02980022678450822,0.36277859455006123
0.022658433078348805,0.7139306664065364
0.027775989102668763,0.4533271635479829
0.03429537746438893,0.20919009540413153
0.040402912135344526,0.08753210629827479
0.04320369983697803,0.05597925133134358
0.02339061930113051,0.6761406238437022
0.018703055464364238,0.8938261722508042
0.02406745582980263,0.6409691663629162
0.02618203227234167,0.5328216338366263
0.0376463721831779,0.1320003711643563
0.03017693845874403,0.34744468873405987
0.02223230738959664,0.7356360503146462
0.033470533565610916,0.23276425462230535
0.04729770039958647,0.027599412495814844
0.04346010743743223,0.05365443350385198
0.027477658515482978,0.4678443742967981
0.027607552384666,0.46148646086901335
0.024425938466986014,0.6223577219957687
0.043507632581312294,0.053232792366025794
0.017624527093333564,0.9294582049088023
0.02882878233908459,0.4045077913790576
0.02805556826970451,0.4399963786705521
0.028824647934520553,0.40469217098822147
0.030062886826111468,0.35203747769005156
0.03858603134311478,0.11512513706114333
0.0269427929501197,0.49462615980892255
0.021363961413419674,0.7787598974755231
0.02223354931110344,0.7355732171047018
0.02993527450600647,0.35722739987556756
0.02020395891040294,0.83283577410186
0.021901332846145594,0.7522756836167646
0.032350722012944255,0.2679638654520621
0.02976752095457713,0.3641321070284314
0.028493518317039168,0.4196469850802467
0.023494565198237616,0.6707453547182417
0.03434817638287696,0.2077467885331
0.021117208794627418,0.7906549310730133
0.03298605819377887,0.24753170375381
0.036447746133321024,0.15639885033576373
0.02405013320063959,0.6418694817102657
0.04336254101172876,0.05452906371181604
0.017752395087876738,0.925634967667452
0.029213906035021497,0.3875854111868311
0.031955818907940636,0.28128735082858375
0.018826561749147097,0.8892755124970567
0.03494626757300412,0.1919342516117493
0.031777383472729404,0.287466922852861
0.04664864529109214,0.031005660365828774
0.027056768687575672,0.4888380986983295
0.023136833487057917,0.6892893865826613
0.024126290348446072,0.6379118032738769
0.01933216917713143,0.8697199624328573
0.0315629538625376,0.29502562840666385
0.021386405536808983,0.777668975256161
0.020705039260683678,0.8100808377453255
0.024601544423367816,0.61326240267067
0.03578780487165434,0.1713068868336932
0.02988097885366381,0.35945195916251016
0.033785176489394386,0.22354181151235997
0.022479698768023665,0.7230683188135525
0.02944007089763967,0.3778802053255627
0.025279288575845604,0.5783905124504229
0.0321193340978978,0.27571188389907036
0.01643610930124806,0.9595695768044712
0.04104228064500004,0.07924856564274611
0.024489189268960376,0.6190796393607845
0.024419549456937972,0.6226889619910974
0.03617091124899374,0.16252049529066998
0.03675516610541518,0.14981948749055518
0.030970945910189063,0.31665422757951933
0.029045462518011406,0.3949253536321425
0.02228439198547766,0.7329985704124276
0.01799973452455339,0.917926194146994
0.028842527807811436,0.40389520771654625
0.015088590973852845,0.9820398121885537
0.0347426883648595,0.197206756403036
0.02597687463976539,0.5430672453967327
0.03025010380329768,0.3445209880895449
0.03282302364796985,0.25265827771620347
0.02650791670502861,0.5167014130036865
0.023376932431029895,0.6768506793504416
0.024423780575847626,0.6224695961144707
0.03849109943008672,0.11674492619446523
0.04222250718759468,0.06569254764031734
0.03609377364436883,0.16425999198371238
0.01564888654725327,0.9741361271693169
0.0289448235431648,0.3993563054787077
0.04283816989878886,0.05944295369602971
0.045039416554595924,0.04109065409133671
0.04224835998581161,0.06541925727492656
0.026006127094965525,0.5416020206109784
0.026171570923936127,0.5333423206984413
0.027698062214063124,0.4570900872017431
0.02621992080308444,0.5309374496797648
0.032081292429718467,0.2770015807140214
0.032193697922754616,0.2732037575354819
0.02030883248799703,0.8281587143516325
0.021209792310560416,0.7862135631737179
0.028350496100277844,0.42622104949827366
0.0393755438054646,0.10235967681334168
0.056262763798299864,0.004693060413306185
0.031382863066132916,0.3014864768788743
0.026225028268437534,0.5306836524679887
0.02763174767157195,0.46030849269736135
0.040234270577148346,0.08983445281845402
0.028965714762501538,0.39843369479293994
0.02026501357670929,0.8301186632259675
0.027639380530862567,0.4599372922302686
0.03324382452623209,0.2395882812804998
0.017727655624496963,0.9263833503075692
0.03957732388987445,0.09929300545232496
0.031223692193682262,0.30728293861531036
0.031299640489348746,0.30450704945573137
0.03532523854595615,0.18241519580312485
0.019699059291655274,0.8546544946011705
0.024558689531256783,0.6154803071769558
0.02231567209205404,0.7314123394519036
0.016578645334066888,0.9564786267266194
0.016057220123452343,0.9671034736908246
0.02263232402983406,0.7152681806541623
0.021451753878084068,0.7744845352339841
0.01604626890379153,0.9673066364458078
0.0209487059164698,0.7986673119662477
0.04269702848005291,0.06082874756399356
0.04037042278753317,0.08797176541425393
0.02932273596680879,0.382893864900735
0.017784160959985806,0.9246679524377913
0.03222249960589635,0.2722369433048875
0.035419775425318045,0.18009976921545742
0.03340266474306863,0.23479130749197857
0.02568965328487427,0.5575262769529412
0.023502471520043033,0.6703348040328239
0.022322429285341228,0.7310694607672981
0.025984240901101685,0.5426981438659773
0.04431001749838004,0.046533592710296695
0.04722264270327603,0.027975646947472527
0.05524154699858924,0.005832056467703256
0.01925219593572114,0.8729089820698658
0.022481952967734364,0.7229533567679144
0.025895014826350482,0.5471749533504191
0.024359646658014433,0.6257956222496628
0.022098144699946087,0.7424071090040556
0.02933743312417103,0.382263333492231
0.020262792269570534,0.8302178001060482
0.016386713626976884,0.9606078093197477
0.03007475462475978,0.3515575632532267
0.022694642866110115,0.712074271213496
0.017759980851120516,0.9254046629893733
0.04213057818825772,0.06667223661696182
0.02323966648129014,0.6839663415650932
0.04427818451772947,0.04678474595837304
0.02406770555574872,0.6409561876804966
0.017744272329517086,0.9258811433041924
0.017979802685236357,0.9185625596963922
0.012466491038696459,0.9984670592601695
0.02131199103560416,0.7812803947277884
0.029451622655064513,0.3773891001129574
0.023443694223152012,0.6733863573829824
0.03540603406434173,0.1804348736409519
0.0288458840693534,0.40374572870375025
0.021143760775822,0.789383947121129
0.025220697788375213,0.5813869138513001
0.0434699911434816,0.05356650943959034
0.026888669213978034,0.497390085595381
0.021535778549028883,0.7703727132774086
0.02878051507798693,0.406663935084955
0.023329387176360517,0.6793165329636723
0.03534986706915255,0.18180972999191788
0.040101011406334874,0.09168948013586256
0.02271653808779417,0.7109509605347346
0.03955084193024977,0.09969106361978716
0.05090868640590207,0.014027699778472095
0.02916137630790147,0.3898641555590776
0.03134290552585217,0.30293397847259673
0.02723375479668705,0.4799371272094734
0.026124454308239287,0.5356898053524835
0.025287739585660107,0.577958651480552
0.021637993971245828,0.7653455216837546
0.022032673020126736,0.745698845087404
0.03412617564528142,0.2138679990178844
0.024755895945800743,0.6052847133376378
0.029924747648660266,0.3576579329962821
0.025004564954019648,0.5924731167299533
0.027837608562822247,0.4503662717587094
0.018245336073327345,0.9098702309980188
0.024895852714284558,0.5980672405209145
0.01672271640374068,0.953210408659459
0.029957445520231718,0.3563218408934305
0.027347327481024197,0.47428113566163016
0.0314051687841318,0.3006806461384354
0.02493655550489038,0.5959714496920285
0.013128014400520582,0.9966918595425063
0.04402513730255175,0.04882333709018326
0.05242581620740033,0.010400659058157567
0.018807521730063226,0.8899830195673271
0.018390563974210017,0.904922597566157
0.020876642194426975,0.8020647651925652
0.024150835735332388,0.6366365348855918
0.02172431701360289,0.7610793598267713
0.020809638763645888,0.8052073328106762
0.021515926119843487,0.7713459283297596
0.019538053041026737,0.8613520333302014
0.031241224521161293,0.3066404960771147
0.04080022069276035,0.08230325530541674
0.029417007865887967,0.37886203196661006
0.02042966463166951,0.8227122705939347
0.03995021261090903,0.09382725675949424
0.034589958221078576,0.20123635717365176
0.014794381904384313,0.9854335260728436
0.022983540505232936,0.6972094790052049
0.0205892201161193,0.8154294546980623
0.026052225965051634,0.539295870372162
0.027091576245613758,0.48707919825549995
0.023929272033540228,0.6481522647495347
0.019889412408533258,0.8465696053924026
0.024065605693608272,0.64106532146688
0.03550408599748078,0.17805450447526822
0.03794896135836662,0.12635862381634147
0.02987790131158652,0.3595783431223416
0.03073977189413496,0.32540645107876237
0.014261825081651192,0.9903785146664977
0.016076359713484256,0.9667464518971708
0.03551014543934777,0.17790822273415408
0.018365989309131026,0.9057692847956043
0.025644513403601854,0.5598100589895969
0.032211199867143825,0.2726159467195114
0.01943781538004319,0.8654541586809645
0.04244791076072951,0.0633422792588654
0.036445727647443915,0.15644280496122112
0.020810243250872468,0.8051790528863385
0.03720505454170181,0.14059549003305144
0.03383918824254148,0.22198742938109284
0.017734987069201902,0.9261620028233459
0.03705686153593102,0.14358158749656572
0.012827851330523221,0.9976303113342933
0.04462561867200254,0.044106170708034735
0.03918872027327369,0.10526886833097814
0.03206857864116086,0.2774336093912865
0.03063309252605617,0.3295039055084116
0.029164439107978946,0.38973103625905314
0.049357229750699116,0.018876028533255037
0.01512168635619629,0.981626538360118
0.017452090165200856,0.9344368798462651
0.023934274742085093,0.647892176312538
0.017597600166780525,0.9302491002342439
0.04375176006461434,0.05111163582956498
0.03307129664525965,0.24488309055436963
0.024264223413133612,0.6307477523416087
0.018941984334447104,0.884940578044071
0.025086961957720533,0.5882408399049984
0.022601619011748286,0.7168399924151994
0.0333124748129775,0.23750593084635985
0.02019653640554986,0.8331649924672848
0.04383887601669051,0.050372580677771395
0.017767996318925672,0.9251608890313661
0.03497135634468401,0.19129222243084462
0.03448384572599156,0.2040737183927246
0.03544196508360642,0.179559680961827
0.035633658492964626,0.17494720398712726
0.03222092439827484,0.2722897534981804
0.021124304126212246,0.7903155127955517
0.0375622123199113,0.13360554881997078
0.0165737068110689,0.9565880865277482
0.038375636973255745,0.11874027754041705
0.03327729294675624,0.23857135634697907
0.01798852020011843,0.9182845593658409
0.024458354687213413,0.6206774234192287
0.02341649058640216,0.6747982180170797
0.025269102835516977,0.5789111339538623
0.018918843550885134,0.8858159615671193
0.025649799629104852,0.5595424579549519
0.04695176402277723,0.02937137331161075
0.020726888390764864,0.809066161943837
0.022816828470996364,0.7057984193333322
0.014980139793314973,0.9833488333211093
0.024145644943696642,0.636906211992039
0.02435922385399203,0.6258175556469943
0.016454407683486605,0.9591806731949819
0.027542021538781533,0.4646868513718567
0.03871355182692726,0.11297851487315885
0.01804200297786862,0.9165679733341054
0.03316244436381133,0.24207480279610874
0.026066044930369042,0.5386052573806261
0.024905965179062406,0.5975464069917513
0.028373021056649406,0.4251810851156427
0.024698297945815573,0.6082596314158875
0.023316648143791308,0.6799770194314457
0.02089189147662529,0.8013473376574951
0.03175799994302486,0.28814423314450544
0.028380093886981844,0.4248548912152345
0.01709826418748034,0.9440082245285311
0.02735366389985705,0.47396686370779273
0.030279628829956884,0.3433461616159906
0.031176039023947055,0.30903409184617425
0.01925309782402218,0.8728732136653218
0.021222173786301757,0.7856175862212043
0.020432524815101993,0.8225826183702674
0.020975438242809508,0.7974024827695629
0.027431673708476434,0.4701088941024139
0.02429649846129356,0.6290723714526372
0.03304088169714692,0.2458256856814049
0.06132682987541427,0.0015065204439572032
0.027375796462826563,0.47287020554226483
0.024959765685119706,0.5947770449325042
0.014463207487827368,0.9886804016530242
0.017746348116825073,0.9258182751625735
0.024700207420694897,0.6081609671837853
0.03360619577468865,0.22875268738052307
0.03684658605632107,0.14790659441135806
0.02378279953112758,0.6557675169605761
0.03422497784694073,0.21112666005122055
0.022783885494516987,0.7074921802406293
0.02512981779400969,0.5860423619992503
0.03540441419640328,0.18047440915181062
0.01499140156263775,0.9832160998007147
0.042507338829430696,0.06273473660569835
0.034014633990547105,0.21699591545508412
0.02267015534420791,0.7133298730618346
0.022133173943849505,0.7406424820485493
0.022625599572121208,0.7156125172851422
0.024440194528481007,0.6216186888265703
0.030183348160976786,0.34718784982951406
0.02375917396815913,0.6569957595616533
0.02888052539933106,0.40220511720102764
0.02470476848396408,0.6079253040954158
0.02470197720898143,0.6080695231104526
0.024564521312303578,0.6151784207979764
0.02079188557298467,0.8060372997072909
0.022670100252512704,0.713332697047752
0.044758810684240535,0.04311521192523608
0.019437085160569606,0.8654838482037935
0.03676729992330019,0.14956445339616342
0.025884883250202828,0.5476841042957163
0.0323598649136268,0.2676611084169316
0.03461343397944494,0.20061282203752603
0.043686739623963744,0.05166932653137453
0.06337952149808368,0.0009243460704237592
0.025777359445681047,0.5530975236626899
0.0393114838518977,0.10334958570421433
0.038721622480777484,0.11284377676912076
0.02384072320889885,0.6527560338303027
0.04385021061338201,0.05027710484480492
0.023916521983784134,0.648815140818212
0.027326373769436835,0.47532135992811353
0.03671388936820319,0.15068968887608866
0.03423120119240619,0.21095490756207894
0.02585292249198773,0.5492913227790834
0.04282899771980986,0.059532180732250584
0.03675228284374343,0.14988014076227174
0.017388924878457113,0.9362093335447343
0.023398394038000814,0.6757372418023879
0.019295509470114713,0.871186145551805
0.02514926707831258,0.5850452770782006
0.03012600587948372,0.3494903978419379
0.014336340921082713,0.9897734672328147
0.029658657529971377,0.3686630379067321
0.02186618247875355,0.7540295336230811
0.023667400515497705,0.661766218307495
0.01622488103474029,0.9638912248419693
0.01849097354159146,0.9014234285626592
0.02110172959421136,0.7913948487318971
0.02730038623125297,0.4766135475316774
0.027293823059345745,0.4769402519635304
0.04108958595117573,0.07866292095129389
0.02513804424456406,0.5856205754618617
0.021391605796429014,0.7774160056537167
0.0369784424797478,0.14518240101655913
0.02086528287811676,0.8025986535080643
0.02793686356994879,0.4456240239927043
0.03146998856249264,0.2983479233859905
0.02437463879124728,0.6250179432453952
0.030911937775703335,0.3188718000196984
0.02400432187291074,0.6442506960626486
0.029127717083536064,0.3913291745683386
0.028104757965789928,0.43767836024944506
0.04616760453006008,0.03376364082672807
0.03967692984209026,0.09780764037653968
0.0209509480400506,0.7985613201046428
0.03676596790762576,0.14959243317575086
0.037569232568790745,0.13347104650495167
0.031361622055070315,0.30225531894142577
0.0199687537335064,0.8431482971681835
0.019913056699995324,0.8455531386787433
0.016270540955744095,0.9629831028852105
0.02282847956380929,0.705199091597874
0.03917649121920752,0.10546166696993031
0.0406961678800582,0.08364654516454353
0.025872902928269714,0.5482863724418807
0.020883296375689586,0.8017518082506689
0.02708702292407905,0.4873090547029469
0.021319923071407842,0.7808962102651077
0.03702998665857793,0.14412858195911202
0.026308086538458064,0.5265629685848922
0.03787383431342983,0.12774060306812202
0.04221916360363187,0.0657279637799354
0.02631542997595529,0.5261992503059192
0.022874151807666027,0.7028483244229846
0.024150630633987147,0.6366471903741975
0.019681807728689327,0.8553784047946209
0.01786208718381377,0.9222668742913308
0.023946462259513135,0.6472585605994419
0.021752075751814925,0.7597036356763662
0.02051899404429014,0.8186473517801443
0.031238909983859753,0.30672525192163363
0.026497263185322528,0.5172252438853489
0.03132957618700816,0.3034179813171246
0.031221441422053242,0.307365485739406
0.05705575396163487,0.003953556829989769
0.026245145020151184,0.5296844768653263
0.018213714918380697,0.9109295195946276
0.018846235773235076,0.8885421792732076
0.023375596019003186,0.6769200056682263
0.021966186108738794,0.7490327185433164
0.03502792242679026,0.189850879597112
0.016139528631656797,0.965550463165318
0.018214847522831284,0.9108916898819682
0.02362067023365433,0.6641947275224747
0.01903284887020662,0.8814731797311071
0.019219683902505003,0.8741953931264016
0.044167835300664815,0.04766448651776207
0.030256582197729975,0.3442629611255485
0.0289215773303515,0.4003846490097009
0.01968471304220698,0.8552565963375145
0.04752859769230289,0.02646988312689231
0.02198270526914639,0.7482052507248051
0.021376770716475035,0.7781374631166572
0.017518442345855534,0.9325453295706548
0.021737320005038807,0.7604351610736234
0.018616270327436582,0.8969685215966942
0.026065588220938074,0.5386280765990132
0.014794228975872015,0.9854351622049041
0.022410219922582852,0.7266078963097284
0.025252192785513494,0.5797757240751112
0.03221650750084715,0.27243787471830094
0.06218334035356132,0.0012311372927877227
0.018767553523983738,0.8914611456180151
0.024910450927541794,0.5973154022668794
0.04553064687112662,0.037745369618778606
0.05067822438339298,0.014668630981064017
0.01699044614952805,0.9467512085936106
0.028418158953612105,0.42310226784588884
0.021857508337380316,0.7544619124479743
0.04557466587617903,0.03745755637587026
0.029988981715719287,0.35503657766691643
0.04070207477943044,0.08356979751917916
0.02515025312085456,0.5849947377151083
0.020143124776660803,0.8355268700669156
0.03562318726461999,0.17519670524164396
0.020605181440681047,0.8146953927442453
0.020525568034309327,0.8183469417423648
0.026119983561792237,0.5359127513464879
0.03385637522211565,0.22149456712125748
0.027297933407541608,0.4767356282006259
0.05021077517304251,0.016050003495293435
0.03844175990181653,0.11759417595830876
0.030650670705887673,0.32882619057090584
0.014169098983685596,0.9910943767731669
0.04353383912085715,0.053001512971394195
0.023289289658726786,0.6813951822705422
0.03069416580209039,0.32715359901089575
0.02258780360945717,0.7175468006563985
0.031210996078853137,0.3077487817613636
0.02009376246200023,0.8376984110547094
0.029240995222048705,0.3864139050923307
0.038278614945519984,0.12043857152589872
0.020001427067832256,0.8417308066213391
0.0386211059134518,0.11453138057471378
0.04065485472215996,0.08418498346941185
0.01794711603351984,0.9196004324763111
0.027012320857992433,0.4910900902432108
0.019052271988163727,0.880725812550721
0.048031223485197894,0.024151388711701773
0.043545180658625726,0.05290168989544023
0.025588581427497092,0.5626439097268207
0.031063685151835108,0.3131917540530016
0.031036621867407077,0.314199309011363
0.03568055957306454,0.17383313987491927
0.027765488068158872,0.453833035597201
0.03306253445132784,0.24515435851918999
0.022544635122359824,0.7197536488832796
0.03459142311681723,0.2011974040687161
0.01636653760260326,0.9610270218480745
0.010533431071745453,0.9999362421374598
0.015820913084682475,0.9713082533332186
0.017308301088755695,0.9384315245065593
0.02478373072691198,0.6038479877792804
0.03905312958287521,0.10742297659861202
0.03519240953795377,0.18570819646934325
0.031554549312213465,0.29532485318892193
0.03274077911325313,0.25527479050475554
0.020439204359753882,0.8222797044687246
0.02953272120324779,0.37395389870942214
0.017589943150733478,0.9304730949787043
0.041654623139633806,0.07194601367647843
0.029405701548934238,0.3793440093412391
0.02831089727023195,0.4280534728443226
0.02237366119537093,0.7284673475550769
0.01985334724732818,0.8481149113744408
0.038180818925786175,0.12217056572160671
0.029440626888973753,0.3778565579688181
0.027129698516975553,0.48515749411368436
0.029523647245973506,0.37433716305616827
0.024310127714363472,0.6283650082898511
0.02044653613167302,0.8219470033681708
0.03071535905678835,0.3263408528402823
0.03513933423547955,0.18703705207684898
0.0318313991919664,0.28558570950209083
0.02025948246191911,0.8303654774156936
0.015898906739963414,0.9699617916965162
0.030419506522818218,0.3378193000559232
0.018279354312043056,0.9087234291742294
0.015451567763172913,0.9771435765843326
0.03269595103158915,0.256709552958099
0.027407766171427483,0.47128904962925755
0.018271844311876395,0.9089772432162463
0.02749619978265999,0.46693333694270983
0.02677343932423093,0.5033073828512133
0.017466158073252913,0.9340383718150169
0.027093856749904596,0.48696410232867365
0.019435925720148628,0.8655309833372488
0.022348793743844797,0.7297309265101601
0.020527028036262218,0.8182802011543632
0.03411088397559786,0.21429473543621752
0.028751746779856813,0.4079527850199512
0.02771329095228825,0.45635310489828806
0.015833436764997266,0.971094772359934
0.029411813738394355,0.3790833994043279
0.021831257595813724,0.755769396290658
0.015907667446065712,0.969808017241704
0.024402470199458848,0.6235745425366547
0.020937116313775483,0.7992149132841173
0.028449905455569857,0.42164432269031815
0.032283662048829265,0.2701923479251567
0.01798350584208369,0.918444528213853
0.030441129486244112,0.33697066894666605
0.03236847947526306,0.267376081936084
0.020586592200203535,0.8155502181051564
0.02900797060057858,0.3965720650437048
0.025639262398798546,0.5600759168690497
0.029559936620189187,0.3728060299256103
0.028435489358282995,0.4223059529827251
0.02226396141306742,0.7340337080670263
0.019994237183203728,0.8420431556282413
0.033481803975148106,0.23242894291616087
0.04535339952996276,0.038923927705780986
0.025463958484298943,0.5689736587095606
0.019525984985195977,0.8618486875081033
0.022090186658124122,0.7428076704038876
0.02496289339211974,0.5946161309496476
0.02137843095874148,0.7780567536317338
0.031065967049644594,0.3131069078992158
0.038615707144373235,0.11462260827206082
0.02685610171713282,0.499057961399252
0.030967755121048324,0.3167738518882843
0.022069910548843885,0.7438276893059517
0.03356269621101282,0.2300331475037694
0.03359485719994926,0.2290859219983833
0.030771588473941236,0.32419158222766326
0.01828140287819957,0.9086541311605582
0.021541721903110655,0.7700811514927761
0.035162516898305185,0.1864557039482581
0.027126524270148167,0.48531731719180843
0.02699948771424432,0.49174153435192813
0.034091371640163376,0.21484021479481452
0.03949444508309541,0.10054321269166674
0.029601568052034177,0.3710549256937837
0.025936004040755856,0.5451167655091489
0.016544135601534227,0.9572399595713178
0.031640308783947024,0.29228209250550724
0.02872783356834341,0.4090262504256218
0.04589136664758253,0.0354428166074346
0.024703832590803776,0.6079736589779099
0.026018610620527377,0.5409771662397835
0.022962378669069375,0.6983012407342459
0.021944761945248414,0.7501050255917905
0.02350124597879588,0.6703984440522816
0.016251548970202687,0.9633625709458109
0.031171831837802477,0.3091890473281883
0.0366797718323848,0.15141203208488146
0.02725391760488527,0.4789298203168474
0.02970625335909549,0.36667722249602763
0.048532077145951924,0.02202199405312168
0.026233800940925256,0.5302478348130275
0.024352476290585345,0.6261676035353839
0.01517481841043089,0.9809493808527595
0.014037646599260434,0.9920410961185162
0.02250840695381129,0.7216036676443816
0.036095662638475856,0.16421721693769614
0.0349787901051859,0.19110231513060186
0.015098324791971929,0.9819189381069917
0.03485308205894044,0.19433374416581828
0.018656425390175646,0.8955202950163788
0.028650697547988324,0.41250206480712576
0.03953210614171193,0.09997348908279287
0.030793478589441092,0.3233576523897398
0.04085853451973942,0.08155842627511921
0.03492650121023455,0.19244127137232606
0.033788096262114986,0.22345757038894815
0.022551463191401888,0.7194047589903525
0.04605393366012672,0.034445974231667016
0.022912894918903748,0.7008525068187619
0.022504229274968257,0.7218168821753022
0.0198974772983741,0.8462231946191561
0.029672814465235564,0.368071585949193
0.04900975309690303,0.020148344112766767
0.0305115708871182,0.33421670710008594
0.014350706515825928,0.9896537130751011
0.034321004396226734,0.20848858787690022
0.04117711156506143,0.07758898915553798
0.03430482467795845,0.20893127538951534
0.024271547077186706,0.6303675495232863
0.01702115949839844,0.9459781214974472
0.021032332354602223,0.7947025596603576
0.04616640002556083,0.03377080850389103
0.031211319479381494,0.30773690919911123
0.028738450381019243,0.40854942257596644
0.02998613024091662,0.3551526543843306
0.019221810385167404,0.8741114328267661
0.024865581973423895,0.599626856808364
0.03289465548696796,0.2503960056174176
0.04081743520657771,0.0820827840167122
0.04035601289572194,0.088167358796977
0.016361157077836835,0.9611383414496664
0.023463431875300422,0.6723617842122569
0.02588251995599583,0.547802892483976
0.0165862073419486,0.9563106890726484
0.021352377807620115,0.779322366314146
0.026623166168167067,0.5110913437854063
0.03401495869654925,0.2169867586966157
0.0485382001779987,0.021997028604804257
0.016974846020750334,0.9471413505667221
0.02563185997330919,0.5604507681653802
0.03337409634900773,0.2356486012547122
0.02825881361088911,0.4304717195019094
0.0292065862256069,0.3879023888554305
0.036984173663556774,0.14506491992441697
0.021537263394924122,0.7702998803010165
0.026005186114680265,0.5416491312555369
0.027142270667285362,0.4845248218312837
0.027024662408928868,0.49046412500177666
0.03735494905622211,0.13762657485411445
0.038495747178590056,0.11666518852590385
0.026006250255584007,0.5415958546225033
0.02111947679217613,0.7905464546810356
0.01971979171090088,0.8537825550778557
0.020728673739715167,0.8089831719413354
0.032694047660523085,0.25677060673452434
0.019802856020044446,0.8502678238012877
0.02133540044392976,0.7801460405669224
0.021882943238814012,0.7531935861442695
0.03084945785855764,0.32123213679961604
0.03439730452379519,0.2064108043383606
0.019550243277607238,0.8608495843863341
0.02257299041210048,0.7183043679892964
0.014947726150052215,0.9837267719565904
0.03211888866842372,0.2757269589304827
0.02374680919567368,0.6576385563057046
0.024911650557724485,0.5972536274551159
0.020922899761240066,0.7998860076148326
0.026245517590556156,0.5296659785813423
0.02691002355292338,0.4962984083547376
0.02503019218868005,0.5911560502639543
0.0327894798003831,0.2537229699461216
0.02911736644535562,0.3917804528864667
0.024119168531825608,0.638281849654563
0.023366566414490197,0.6773883930089801
0.03408739582449638,0.21495149314984896
0.028445905571888308,0.4218278277717516
0.040873063151683486,0.08137374274664237
0.027695524258837423,0.4572129859138642
0.01785946554205231,0.9223483172580598
0.03760698309180688,0.1327496682391598
0.01755251153011972,0.9315623160965125
0.021596429454300625,0.7673930192298897
0.02768149532989317,0.4578927210521049
0.0310404369259778,0.314057132910571
0.033217294813902565,0.2403967272662363
0.03476772318399285,0.19655231907909237
0.03890806519870016,0.10976791495707758
0.03832589387978036,0.11960851353723614
0.015530376299115245,0.9759722914696188
0.023774659052508307,0.6561907285571911
0.028006453806886045,0.4423190392468802
0.02937940798072325,0.3804665357869097
0.018451372510845568,0.9028110710390801
0.03882810746680654,0.11107842416390888
0.03132618434691403,0.30354123336461697
0.018710618668892565,0.8935501457192427
0.0159176112809115,0.969632853977586
0.015978870393920486,0.9685391423225892
0.035672966026073505,0.17401312939683297
0.02408963226673899,0.639816668217057
0.03779035632408967,0.12929067722858664
0.0201690039920549,0.83438405597948
0.05329882157593613,0.008721070528292805
0.013009399008140354,0.9970920993537179
0.03147270392459914,0.29825049530526465
0.027530676112154415,0.46524241649271
0.03801872384554633,0.12508631174884213
0.02313374192747425,0.6894493021305195
0.023095544070609986,0.6914245443298448
0.019086297755891546,0.879411360666556
0.020486576371680637,0.8201262199904213
0.01709385305791848,0.9441220431086554
0.020736183545139564,0.808633957884608
0.024684891970316314,0.6089524060268829
0.022407916233858627,0.7267251292318688
0.03923824928701225,0.10449100210828714
0.034375310403347736,0.2070080791076222
0.06281195159232167,0.0010597185225708133
0.014679399687718475,0.9866273457191677
0.03159940420182994,0.2937304887717602
0.03379357511085468,0.22329956106212906
0.026624487888615822,0.5110225495640663
0.029432576956177514,0.37819903779607883
0.02068584027328324,0.8109709725181153
0.024543789209238054,0.6162517299797097
0.03102791139424521,0.3145240989476136
0.018527298405115467,0.900141947787293
0.03492247011038119,0.1925448008101268
0.039021815993273146,0.10792560985459682
0.026150041926903372,0.5344144762231202
0.03687134874132586,0.14739186395393866
0.03876385608807881,0.1121408570625477
0.022576753300362018,0.7181119572329204
0.02118043958736858,0.7876245570722187
0.02650946898079609,0.5166251063455636
0.031217480998243397,0.30751077386769404
0.0202146973722388,0.832359053554719
0.03507841896500119,0.1885714304188319
0.024008860649654795,0.6440147620521903
0.03398051248338127,0.2179598167183248
0.02903125112449856,0.39554898582891646
0.031974129455884626,0.28065886118092326
0.018999022960726586,0.8827695626775598
0.02181912270991304,0.7563732749428649
0.025810240746984348,0.5514401683310002
0.024547099715933607,0.6160803257557051
0.015337854415504282,0.9787646496899414
0.019888455478641043,0.8466106878049742
0.049255390084399886,0.01924128238513489
0.01793549679338574,0.9199676542368093
0.01961903074941146,0.8580000120894264
0.03283451237603957,0.2522944016728686
0.021830170570176888,0.7558235045973256
0.03027353616074832,0.3435883590082219
0.04127884377449553,0.07635635546086965
0.028841428084107168,0.40394419477413523
0.03528017515174864,0.18352715898874042
0.020973974984365817,0.797471778897614
0.01834103955363431,0.9066249619561341
0.033975283107711585,0.21810783430228906
0.020957663153501116,0.7982437742444584
0.026759865727039478,0.5040073586423947
0.048018431129856376,0.024208088443746254
0.030747384038433967,0.32511549291774383
0.015048082955343323,0.9825368218091621
0.027004558795827832,0.4914840464994256
0.02406403471967533,0.6411469684949247
0.02876694304728261,0.4072716278831603
0.02700279098613123,0.4915737984677416
0.025998204705537487,0.5419987049037841
0.03359905159812637,0.22896260740741434
0.023301568729157757,0.6807587330060547
0.020212202805833246,0.8324698415520662
0.03526693368479389,0.18385491578820645
0.02407925305708536,0.6403560578994738
0.02180724481398555,0.7569640374487326
0.03193021833341603,0.28216781948800335
0.033220506150886675,0.24029875675576506
0.02384046976091131,0.6527692110132388
0.02892452735059542,0.40025404787944413
0.02754259472662246,0.46465879497083734
0.030890196792815794,0.31969168516089325
0.024728612765977487,0.6066935627822223
0.03407831437814268,0.2152058397246241
0.01864756872429918,0.8958405678661264
0.0352716867521056,0.18373721324212677
0.01707179077477755,0.9446892649955553
0.03239903919828724,0.2663668042220273
0.039790400852913244,0.0961381451400157
0.03517888696341809,0.18604605389694148
0.02649410130792318,0.5173807548518565
0.01818845488433296,0.9117710574106257
0.03351763878088759,0.231365266542266
0.022582326858816726,0.7178269242705058
0.03343512955965211,0.23381999197004794
0.038624793760200005,0.1144690982614013
0.031503989357221096,0.2971296549796953
0.021150776750889055,0.7890477351830392
0.03385285676147687,0.22159539534281122
0.029674326543820184,0.3680084534855433
0.024859094483864863,0.5999612123485945
0.023314808702583456,0.680072382446558
0.03183436221453473,0.28548278111628395
0.023218598437342197,0.6850574906619313
0.03733967946858596,0.13792666406429244
0.03007718385795921,0.3514593865002426
0.037796583174981024,0.1291745248378826
0.03997140600545224,0.09352431689214089
0.05115939110206291,0.013359161563321493
0.0406718980357102,0.08396250374487611
0.05142747491209382,0.012676130252554181
0.03213283942569406,0.27525510460328906
0.024525228941990496,0.6172128274972482
0.03318164968673215,0.2414862278294376
0.028798560933860406,0.4058568888216447
0.02376834004307138,0.6565192407916689
0.03057001679459792,0.3319440550701065
0.02309455103508723,0.6914758799204077
0.025687320785735657,0.5576442133496486
0.03616496744120978,0.1626540049658807
0.03734117707411955,0.13789720850979278
0.0349998453594037,0.190565230113271
0.03154525033716743,0.2956561829978759
0.016647439829238872,0.9549361323356773
0.018888233066471694,0.8869690890822465
0.03159082631833876,0.29403489610717787
0.01870558795331373,0.8937337852532787
0.04372602163051287,0.0513317739089976
0.02880293852102661,0.4056612802735598
0.023899767478583855,0.649686221513887
0.017658513328065853,0.9284528882221194
0.03754526868691674,0.13393063029659494
0.02039299098340308,0.8243717187749176
0.022696292940007523,0.7119896364940601
0.022984176492619135,0.6971766613630388
0.02389988444471347,0.6496801403064716
0.03811926980958319,0.12327106444767852
0.030752609884053594,0.32491585515170723
0.026369831138250532,0.5235078772925017
0.027965586863960556,0.4442579044397768
0.02846827784417466,0.4208021375113608
0.0317831551413148,0.28726547437999617
0.021997430885404734,0.7474671427295105
0.03060706590410689,0.33050919699569525
0.0440837998788951,0.04834402008542268
0.02084399269470605,0.803598068319986
0.029255895915417662,0.3857705570211876
0.017980197263973485,0.9185499875438352
0.038297352970889986,0.12010903062730506
0.025494097884966704,0.5674409156825446
0.03278701266994255,0.25380141144210894
0.03728671060007027,0.13897177233743743
0.02308254786983066,0.6920963291242134
0.026634243068448582,0.5105149836694114
0.019381055106175715,0.8677534753718901
0.04248708056734751,0.06294127770361703
0.01813334478988521,0.9135926324521918
0.022736229347799397,0.7099402245381685
0.024779787126022246,0.6040515035080842
0.020643257991221964,0.812940293334062
0.03200935466427052,0.27945273827116845
0.02868042523786485,0.4111601274255559
0.03504990757493298,0.1892929961029829
0.031175664199604936,0.309047894748435
0.03181044463791627,0.2863144081203793
0.04638878171447097,0.032469890702335344
0.024875201107285305,0.5991311691558749
0.018057394382209768,0.9160704648157759
0.03032371201659656,0.3415973972153015
0.02615146907311866,0.534343378472683
0.020172097880681972,0.8342472330375595
0.032924021197952014,0.24947303661638248
0.01421396572475564,0.9907530596720612
0.02628195642739417,0.5278579856529139
0.02954710087751622,0.3733470963764562
0.02605009986782464,0.5394021523331969
0.025743738947399952,0.5547938405783504
0.016691934257926977,0.9539208816440393
0.02855651758214861,0.4167731784352258
0.046389418750026834,0.03246622822425124
0.020338479266529597,0.8268280417469126
0.05411185900408777,0.007382404220418621
0.023060820883551436,0.6932191116844971
0.03426103836348959,0.2101329670600996
0.022307597018064285,0.7318219901172951
0.0518961811130878,0.011557165781115179
0.03683934715095338,0.1480573401835984
0.028223872686343854,0.43209918175452566
0.02467862720803632,0.6092761927034026
0.026644487817516715,0.5099822893221637
0.0230204042418658,0.6953066703446471
0.023859807568952618,0.6517638035451639
0.022289664312127422,0.7327313249963334
0.017015442904711464,0.9461225143682819
0.03470190679141916,0.19827648756356242
0.022903945344302512,0.7013136708059939
0.037774678706160636,0.12958349727245932
0.027547199422198132,0.4644334447122357
0.017103108890140772,0.9438830618764376
0.019629424725117306,0.8575673303891691
0.03068346232487329,0.3275646259745287
0.018881603259562646,0.8872181141033371
0.023667980457194204,0.6617360766991771
0.024910685045350878,0.5973033462951276
0.0270537913334285,0.4889887407421675
0.03115710700560448,0.3097318276253171
0.021004874577863486,0.7960069241731728
0.021020640472842245,0.7952582811449025
0.017064931029980634,0.9448649353668688
0.02957061137506395,0.3723564753765425
0.04259554722615552,0.061842161453455384
0.0377134983401205,0.13073138647501545
0.05143125318167985,0.012666732932423532
0.024672609537377488,0.6095872356901266
0.018579670716918815,0.8982798784321973
0.0321270921926865,0.27544941920274607
0.020727535093771343,0.8090361020199637
0.02718099314124811,0.4825795352490042
0.029625773327683902,0.3700394640285872
0.020672822896585674,0.8115737192218038
0.03351160556297858,0.23154408698427958
0.0249255056812121,0.5965402553289266
0.03841181611635419,0.11811205495524443
0.026728528516621552,0.5056257521787493
0.036102141884946426,0.16407056628776895
0.02731329492674528,0.47597139817661227
0.015937547769185767,0.9692796739433286
0.01945173456952287,0.864887687482072
0.02431214401033921,0.6282603682879455
0.03835929523135578,0.1190249391458233
0.03288953439159492,0.2505572275980837
0.030447099061939986,0.33673665273440023
0.0241307345857239,0.6376808890875898
0.02522652111354473,0.5810889235369181
0.03598269839081736,0.16679092507523663
0.025867358214815006,0.5485651901867288
0.02793897255938238,0.44552362234967
0.027630489711332307,0.46036968865525263
0.022168769680365852,0.7388469217919389
0.020005266118321097,0.8415639294458617
0.029102469033067346,0.3924305993561885
0.030258507497129078,0.3441863053398623
0.02306896722269064,0.6927981795305922
0.05068907411003065,0.014637876966769546
0.017987651030429735,0.9183122997184938
0.030813654966591497,0.32259038862155226
0.015801161852908086,0.9716428256165228
0.02407188713709557,0.6407388655987134
0.03424655898798068,0.21053152648689238
0.027237441201921286,0.4797528566148585
0.039911769562378685,0.0943788589973474
0.02960815573106329,0.370778365014685
0.02044028373660539,0.8222307382336175
0.024634818157655003,0.61154119888439
0.024471385400321233,0.6200021343324339
0.036993133404049416,0.14488141218471826
0.03139194270208545,0.30115826858978284
0.03680282765343734,0.14881972968809215
0.026582808343358022,0.5131947512576963
0.022144228409181177,0.7400851162399038
0.016870738603739666,0.9497013133287261
0.02510295113934219,0.5874203763363648
0.025173695891494985,0.5837934997572891
0.026956843926945168,0.49391023647775745
0.027276261540890856,0.47781515369555233
0.03783617396917638,0.12843801262548293
0.02665058754270988,0.5096652904447206
0.05396558240256821,0.007608504594545166
0.029677936195191768,0.36785777378563006
0.026714730232879902,0.5063394044882605
0.03274865070342414,0.25502348098997396
0.025423216151649775,0.5710475151823715
0.03988857594664347,0.09471296335613871
0.019472940492401558,0.8640227001724329
0.023222903545760898,0.6848345452479527
0.02740979888582884,0.4711886327910564
0.013864381102631107,0.9931724596194696
0.02385655546915985,0.6519328863091989
0.032680904387682896,0.25719249871157507
0.033082530043984315,0.2445356513321837
0.02340366342303246,0.6754638306413501
0.023501957964542797,0.6703614720559139
0.021910720933545735,0.7518067983698999
0.019472742998086767,0.8640307668725498
0.03959320086109108,0.09905498971145567
0.023682638593958083,0.6609742211042993
0.021985212471394067,0.7480796114398751
0.017842427549861373,0.9228764878150105
0.0366104091709859,0.15288919717106197
0.029503444966826553,0.37519145306291674
0.025656333782410834,0.5592117396087264
0.023850625161514982,0.6522412139601537
0.01806195831844723,0.9159226406894281
0.022231566451394347,0.7356735356924529
0.016191563346585225,0.9645448465379646
0.040644651256120934,0.08431841468956086
0.03444530522148648,0.20511195868257442
0.033134470298404106,0.24293406612400134
0.03125190472717165,0.30624962095173547
0.03748642982409667,0.1350645246883439
0.019109892253603933,0.8784960106333258
0.03209665606036727,0.27648017820474813
0.02878433060843405,0.4064932053325296
0.038073160713653575,0.12410081300998002
0.03095976452265481,0.3170735679345564
0.03499365103574237,0.19072311365505432
0.019756663861584534,0.8522265601149629
0.026842517263577753,0.49975471673695476
0.024397623809465863,0.6238258603590345
0.02955207859374423,0.37313720476903856
0.020609154106020544,0.8145125368172605
0.0379817218753743,0.12575983154327366
0.029641167309872707,0.3693946723831186
0.035704451096423395,0.17326780555063734
0.03479966177626709,0.1957198837688246
0.029485545750917774,0.37594949501499997
0.05301172368999996,0.009244087736435648
0.018262585633400885,0.9092896570061759
0.017244366927856525,0.940161600442375
0.045680353280290076,0.036774351167806335
0.027242918925473036,0.4794791291364572
0.02258043990593106,0.7179234282130391
0.029102168757348557,0.39244371154073593
0.03236196689160087,0.2675915400869397
0.018078104489565816,0.9153985708281375
0.0254122626174203,0.5716054366257324
0.01886214626199345,0.8879474485491856
0.030340471952562842,0.34093421462952356
0.038076980584565545,0.12403189962490226
0.024800108198883897,0.6030029386006811
0.030510890251632894,0.33424323927846883
0.02436712806167063,0.6254075302878669
0.033061052154159,0.24520027144718112
0.02820111937590486,0.43316120011874
0.028962361412461113,0.39858168831139845
0.026637238617593484,0.5103591881835046
0.03221669864439719,0.27243146344577596
0.03570844710545418,0.17317339270761994
0.029316938790400315,0.38314277234242805
0.01472756206105097,0.9861361014804592
0.02393102484029186,0.6480611369699885
0.04034573543788614,0.08830708336063313
0.02094774232368668,0.79871285860034
0.023604279827299957,0.6650463970542656
0.020112131633126418,0.8368915920497773
0.03307858623497961,0.24465758709642688
0.03335530951817556,0.2362136708556754
0.03250583240793406,0.26286229953414286
0.01737524210831365,0.9365896409859658
0.023402391768267417,0.6755298138238277
0.028857231233883618,0.40324063763503537
0.01683603660505742,0.950537749103087
0.03254845752093738,0.26147326290495393
0.02628398375600216,0.5277574659895705
0.02213175511955684,0.7407140022939387
0.01858914226936048,0.8979413073800054
0.020125776111175234,0.8362913130388461
0.016622066509679678,0.9555088932296856
0.04232568031509487,0.06460768763767237
0.03418326969149599,0.21228053289217513
0.021956077923264594,0.7495387678112608
0.029851090260716973,0.3606807116912507
0.03458863777892679,0.20127147416138194
0.022012258533705586,0.746723466232387
0.03069747513658938,0.32702659198065087
0.02805600461430091,0.4399757802658207
0.02322156518706009,0.6849038551201825
0.03094560928668133,0.3176050177510858
0.02395806566096803,0.6466553236042815
0.021228422402541025,0.7853166337081834
0.023744423280271043,0.6577625889155098
0.02305754220085343,0.6933885101211876
0.022391113177663624,0.7275799699747959
0.03154788342408754,0.29556233619517236
0.01908166966666558,0.8795905366142363
0.04076314678216264,0.08277976753519824
0.027895755072895934,0.4475840693961023
0.039543365851570866,0.09980367910405728
0.022152008328967132,0.7396927141533896
0.027231835349655786,0.4800330918976157
0.05385564612285554,0.007782562000924912
0.023967550516186487,0.6461622346174909
0.050844543371968476,0.0142035086975335
0.027574259808811535,0.463110582242546
0.02457139029690772,0.6148228705040282
0.014093986869435637,0.9916449294549066
0.021062536294873868,0.7932648654294643
0.027778905519348918,0.45318673577483415
0.03555970280405796,0.17671542730273618
0.035243623331621815,0.1844330245432079
0.018154636425873505,0.912891220780381
0.025792569861188608,0.552330648905978
0.025548787197053002,0.5646628019288007
0.04928105018871731,0.019148661535132824
0.025634430185786816,0.5603206063246334
0.028809245077337287,0.40537959126075745
0.02442273284570351,0.6225239156995401
0.021199112469779235,0.786727254338394
0.02983763283843266,0.36123493071513424
0.024661811187597027,0.610145449329415
0.0259715934476491,0.5433319252558259
0.02005448599905041,0.8394184156292139
0.0447657164855485,0.04306436435153098
0.033639280337737554,0.22778248108392393
0.029181897889830277,0.3889728230676157
0.019691686684979115,0.854964046171947
0.04685807882642418,0.029868184568814078
0.02902929720470282,0.3956347820208625
0.026821444443303366,0.5008367851365791
0.04985877378085213,0.017165987684065808
0.03268828940506785,0.2569553791691302
0.031569047710181763,0.29480881098411016
0.033426507481977286,0.23407765507212638
0.0392172808570489,0.10481973224162967
0.029936164710994473,0.35719100865994813
0.041485319679143096,0.0739055216226777
0.028280192085324313,0.4294780035005692
0.023492006256151887,0.6708782277448175
0.017004596721809984,0.9463958443911239
0.016367700301482047,0.961002940048309
0.02483900154045726,0.6009970051415561
0.015033185437809793,0.9827171759768661
0.024314941122414946,0.6281152089665664
0.057712412225601306,0.0034239999736970276
0.04490781186182613,0.04202962733161284
0.02819460834887899,0.4334654274822972
0.01966801633022397,0.8559560465096079
0.02377101363621148,0.6563802466409101
0.023472615319560797,0.6718850222041388
0.0404829629794245,0.08645669666326807
0.020726385456180996,0.8090895381824785
0.017665270658477894,0.9282520659893942
0.016003874044425492,0.9680854811785743
0.03496768433437625,0.19138608457900777
0.02645068486899016,0.5195180564704878
0.03950913619699964,0.10032064977777506
0.018727537095361346,0.8929314358476094
0.026062643594405743,0.5387752116328599
0.048845751206357535,0.020774975445941896
0.023021753931719013,0.6952369801193563
0.02777359623147288,0.4534424037344773
0.02937963060944493,0.38045702157937283
0.022457249593316297,0.724212790214478
0.021162600580841906,0.7884807759142519
0.028931675454609507,0.3999377140126002
0.05708840551507388,0.003925539989688184
0.027362992670584785,0.473504425276554
0.02975671734647639,0.3645799910314259
0.02972334924998754,0.36596578409897046
0.02250134285705163,0.7219641802522434
0.030107029879010705,0.35025476194424154
0.029521350788029824,0.37443420415326256
0.033424038704547965,0.2341514723630381
0.036764185728825505,0.14962987550540538
0.029481904592576602,0.3761038314055406
0.04459863482954379,0.04430932558943026
0.02573043744453951,0.5554654359495897
0.016878450007532186,0.9495142966595291
0.027842652115836253,0.45012449292172074
0.030004825745111985,0.35439209619365986
0.021596615373065342,0.767383870583517
0.020577805260984405,0.8159538189179429
0.015472052463467778,0.97684291479999
0.023352255124067467,0.678130670550498
0.025852468631741787,0.549314157760395
0.036004366769058604,0.1662947647715335
0.033046407368580305,0.24565423358035043
0.030478279570612665,0.3355162301827297
0.026623435907388804,0.5110773036535694
0.019794504921115674,0.850622717218266
0.025161913784647383,0.5843971543152133
0.03328696566884537,0.2382780700962955
0.021342199849740368,0.7798162607754173
0.03362515491570239,0.22819632157763756
0.027862619727583415,0.4491681285617146
0.036665077849226346,0.15172399473648313
0.031122352544279863,0.3110156956227415
0.020042522459546908,0.8399409324061923
0.022127046424441077,0.7409513311527728
0.025839113797230584,0.5499862214637646
0.028618996090462367,0.41393639308369623
0.016294993892205234,0.9624908679841093
0.040251984057299905,0.08959025974357904
0.016723959890032725,0.9531815688384548
0.025541181708460536,0.5650489025964827
0.025829318626951647,0.550479327133812
0.02720989107791382,0.48113110343019044
0.022122810220955302,0.7411648091136236
0.03891016921739704,0.10973360355997211
0.031422895141730356,0.3000413835985718
0.02924462566630537,0.3862570893357044
0.03137792384097271,0.30166512914726445
0.02512027229216457,0.5865318705753656
0.03669943470333903,0.15099538588667094
0.0254844653778461,0.5679306467138963
0.026603003816629944,0.5121415010383848
0.036634482485096986,0.15237521607548316
0.016799721470821538,0.9514040336753996
0.03519453287588559,0.1856551895411066
0.022655432548916055,0.714084422299035
0.02622771791126277,0.5305500190388472
0.053044020454166785,0.009183863562049826
0.029855252510741948,0.3605094190730482
0.02418483819071271,0.634870192664091
0.022634124003079015,0.7151760000701475
0.0309747558464612,0.3165114342444
0.025832509631988965,0.5503186700448303
0.019764901131727575,0.8518780325136632
0.019768189763731403,0.8517387938472752
0.0215288261251525,0.7707136577749378
0.022102758979052117,0.7421747965367005
0.018920297604139047,0.8857610490535511
0.02741292771540571,0.4710340948066887
0.03450470917722537,0.2035133934786245
0.030316429976185333,0.3418858320733358
0.0392440081526817,0.10440086816166136
0.019725885587172726,0.8535258594507622
0.030797514904406575,0.32320405427102994
0.014660929789109267,0.9868124029441959
0.02592571952208561,0.5456329268211849
0.03101140306205663,0.31514032176883666
0.04255957084385992,0.06220488292070423
0.05163553685374889,0.012167888757937806
0.04156854394146503,0.07293670351614853
0.026890908353862653,0.4972755440765693
0.025835721178918802,0.550156994752961
0.029889535482722995,0.35910073355023897
0.022858906156136727,0.7036332688839717
0.02851555704721831,0.41864012718239957
0.014260837257060288,0.9903863555840896
0.02135477386636231,0.7792060518602771
0.029609345357000105,0.3707284381818429
0.03195953995626388,0.28115954508354457
0.033241370141250615,0.23966298698748276
0.022242982075755813,0.7350958904641831
0.03639660847132167,0.15751548934755397
0.029698784354347196,0.36698834792058027
0.042284702645024375,0.06503671989817725
0.03688213730485845,0.14716806026129758
0.02004129276695099,0.8399946031178538
0.019290477414971807,0.871386827985442
0.02060463713625904,0.814720441535565
0.04860856310773948,0.021711938371723923
0.016214459307854007,0.9640964944714303
0.03156660335283071,0.29489576640465875
0.026041322640202536,0.5398409999154941
0.02852676810065735,0.41812857176875506
0.033031625189948066,0.24611310332281902
0.019549830265575774,0.8608666202226272
0.017091278984063596,0.9441883980259651
0.022602064714858927,0.7168171855530239
0.037246710314243814,0.13976525825547773
0.03920757238977246,0.10497222617499061
0.030232523016136992,0.3452219077535407
0.01838665844326759,0.9050574138819925
0.032274181601427976,0.27050851276878035
0.04178043711017865,0.07051859155926703
0.03269879247059354,0.2566184295300495
0.02444367056197183,0.6214385076989728
0.02060828947705262,0.8145523395907384
0.017901119814169364,0.9210488469025802
0.014452599034906144,0.9887749001455539
0.0317042298817769,0.29002929226102114
0.03223506851786351,0.27181583453305097
0.036139182226452404,0.16323420885187467
0.015596769977192504,0.9749547520141871
0.02619086954719929,0.532381931490999
0.026900131762269464,0.49680390571700384
0.03755833730478603,0.1336798382954459
0.023169800728060297,0.6875836710783356
0.02989746589096265,0.35877542977043414
0.023892990379885654,0.6500385716948539
0.024848466965986304,0.6005090181658319
0.04099510698709796,0.07983624497983206
0.025169424777040428,0.5840123119037537
0.017063672531935636,0.9448971283534381
0.04182580664306773,0.0700097935980848
0.026578394748978995,0.5134251147395099
0.036395131389830526,0.1575478377061237
0.029266939064530373,0.38529424241953136
0.02551827276259827,0.5662123772463028
0.028762579969514257,0.4074671185269361
0.025638196800571555,0.5601298728400657
0.015003931956780514,0.9830675481575013
0.03039948810702281,0.3386063261227055
0.033972181479726804,0.21819566270474522
0.028729603087433858,0.40894675040230527
0.032373833810105834,0.26719904020400415
0.030379949235768478,0.33937576812643844
0.030846029151854693,0.32136203126044616
0.02996201922367206,0.3561352342606659
0.04300627749340824,0.05782780303350281
0.03337102670402009,0.2357408590841501
0.02812428404323608,0.43676048726669514
0.024907118320367627,0.5974870213721954
0.03543793576839738,0.1796576575593914
0.03537337780172867,0.18123322856530055
0.03348794243313902,0.2322464705381533
0.026863312050512123,0.4986883913273637
0.03249491689377648,0.2632188990690694
0.023499523280206547,0.6704878995926157
0.032478141876695066,0.26376763318303814
0.03028437111321658,0.34315772975308284
0.02810690478197131,0.4375773804259445
0.04336378583724698,0.054517827669947366
0.028448977134871906,0.4216869069916777
0.021614794217889144,0.7664889014900163
0.039801757309034624,0.0959723758289295
0.040220046667151566,0.09003094353394425
0.020087595082651677,0.8379689567164028
0.026214351371717903,0.5312142557174641
0.021896506613203304,0.7525166532499236
0.04141122299367206,0.07477724936821183
0.0293957854189425,0.37976707707764623
0.027932144298232653,0.44584874673621055
0.025059264925914926,0.5896627090383404
0.02488890175299313,0.5984252972088389
0.030043699072085484,0.3528143856145955
0.03207004587252393,0.2773837255702207
0.02184772825306558,0.754949216225189
0.04400662002878292,0.04897548830797387
0.0156845564340522,0.973565684837909
0.02397966604784607,0.6455323980390023
0.030718198134240593,0.32623208738177173
0.0306697766017186,0.3280907189989264
0.017062050371632997,0.9449386076498114
0.020733863601535063,0.8087418599854433
0.030042756073611288,0.35285259884660514
0.017114697083598307,0.9435830158525376
0.01981519095006512,0.8497430101821679
0.027795476631965244,0.4523893711805229
0.02678874826134625,0.5025186614150038
0.023294237803911377,0.6811387202233323
0.029295787787042393,0.38405186798596047
0.03847784761126266,0.11697252348533169
0.016519899396181426,0.9577696835533265
0.03887032916252142,0.11038480645099634
0.024885655372416382,0.5985925390610071
0.01833185216937952,0.9069390517793698
0.024866778839313874,0.599565176161077
0.021653266912255886,0.764592065455177
0.03851229509595444,0.11638165346028147
0.030532598736829453,0.3333977577698352
0.018438847965600136,0.9032478854874909
0.034195242172309626,0.21194880917540787
0.02725375585718559,0.478937895543526
0.017411242977599883,0.9355862281073801
0.026907146173434593,0.4964454162412182
0.0334571497764809,0.23316292455663443
0.015494973827423153,0.9765033382844173
0.02025601959622947,0.8305199334659409
0.02468295457196923,0.6090525350539688
0.032317047212807204,0.26908118761605804
0.037722425127340364,0.13056338316531405
0.019239787732048597,0.8734006294795398
0.029820088394757915,0.3619583707608313
0.021825422709647102,0.7560598047435172
0.05617615071742699,0.004781087483146133
0.02106396627528978,0.7931967248975988
0.025520293505399583,0.5661097212409412
0.015941025488621197,0.9692177924512584
0.02825989874843593,0.43042124272741156
0.039641506860918496,0.09833374474094626
0.033228803927495276,0.2400457518814076
0.029579556212456948,0.37198006755754087
0.03606633069505494,0.16488242541977272
0.02319636614303,0.6862086225321367
0.04504992021133125,0.041016506179550105
0.026596029366630414,0.512505083320805
0.027442876817130618,0.4695565375336253
0.03292950075301937,0.2493010997864544
0.0366244006122749,0.15259030102879198
0.020890961944446396,0.8013910922650277
0.029581837027362112,0.37188413134444703
0.028723217790742495,0.4092336754622746
0.0302734218292144,0.34359290511445817
0.03968195093998744,0.09773325705011286
0.02078383088591762,0.806413483459085
0.023007199184768123,0.69598841945072
0.02960113524745167,0.3710731005570529
0.0423698456854773,0.06414798964278474
0.03272183883509694,0.25588024865403036
0.027735170288480215,0.45529564893308266
0.03090193320109802,0.3192488973674584
0.026132006838137933,0.5353132564457435
0.024750699848868907,0.605552984572208
0.036420161951012886,0.1570003841047328
0.04212939362922197,0.06668494135845036
0.0214430615956287,0.7749087999724611
0.03289136460345715,0.2504995999446686
0.027118317814546503,0.48573066938093373
0.024569525431402492,0.614919396130647
0.017737440770028257,0.9260878404004349
0.01978603880912655,0.8509821510200125
0.03080608752771319,0.32287800687576285
0.05516941299007122,0.005921366368410913
0.048145862496806635,0.023648505268943836
0.04557167747367147,0.037477034831324293
0.039915298917651,0.09432810506895908
0.02691992173151614,0.49579291473120923
0.025754162836325145,0.5542677221648677
0.018009110443635845,0.9176259368185263
0.02337073551641633,0.6771721366519703
0.023542714484751426,0.6682447763866695
0.016476281953524463,0.9587127184147093
0.03100185316061499,0.3154972021140955
0.032462271747189964,0.2642875597185788
0.02425395599301272,0.631280811857336
0.040674924421312236,0.08392304977431006
0.03415545655770724,0.21305271333661632
0.04165065764980985,0.07199140024635642
0.03398663770099741,0.21778654122554172
0.025328118189188398,0.5758964221649105
0.017520285063159252,0.9324923650019209
0.06124109912341269,0.0015370325404851705
0.02406786354124435,0.640947976911695
0.025950954738724663,0.5443667231124711
0.03775682905087263,0.12991754521062743
0.034111825454874845,0.21426844300611203
0.027451130370566568,0.4691498774131232
0.01996179117745578,0.8434497165421091
0.01746022961918081,0.934206476382969
0.028533268475260165,0.41783215741345425
0.034117462619198125,0.21411106784756423
0.03877379374076095,0.11197598551415071
0.02212684707715873,0.740961377770337
0.02368072521306608,0.6610736711441249
0.031248028104147618,0.30639145567820164
0.038457407412112454,0.11732429628225667
0.030981636476572816,0.3162536726702104
0.02405935766860584,0.6413900480813997
0.027171544069912068,0.483053757233909
0.017503604542132623,0.9329709555165342
0.02814171525723108,0.4359421809737682
0.030016831268763977,0.3539043062973622
0.0501285522325588,0.016304697745804973
0.029910165702348668,0.35825492121325087
0.046056976686180695,0.034427551500457815
0.02141892350329022,0.776085863571508
0.02295650542878136,0.6986041736581049
0.024290494642962734,0.6293839956618943
0.013896166714718716,0.9929745046814177
0.03271420415756321,0.25612461112780655
0.018469654163894123,0.9021716953633144
0.030192817534091976,0.34680865711047293
0.038442979854476866,0.1175731165275455
0.02559925195189794,0.562102934644227
0.024105893917667154,0.6389716251914472
0.031884527873557666,0.28374432648013925
0.02712830191087312,0.4852278089264143
0.025791724652318937,0.5523732531395626
0.04249572103920213,0.06285311361227384
0.015760307716961575,0.9723266898690218
0.027308774508997102,0.4761962043992974
0.04064508937416961,0.08431268174227918
0.03991633890540819,0.0943131538684833
0.03498646503367153,0.19090640249272847
0.023185508367051688,0.6867706893573897
0.0369371393027913,0.14603133560764817
0.034926100952396955,0.19245154910773704
0.030533146431321823,0.33337644663718524
0.017743427839061576,0.9259067115271049
0.01977434469481759,0.8514780551642527
0.03553217009956211,0.17737732545593715
0.02960438269334842,0.37093674507662094
0.04159595686247869,0.07261995764974562
0.02998453963942549,0.3552174156806637
0.02950293013524885,0.3752132414948471
0.0252903676857974,0.5778243684791644
0.0397456468202515,0.0967937458646908
0.020568331542472285,0.8163886281787984
0.029291312425187233,0.38424441695113337
0.02198084511802112,0.7482984569112786
0.018150548049483406,0.9130261341715777
0.021407109786530265,0.7766613502946185
0.018504002013888687,0.9009647539440256
0.02609855001691755,0.5369820727468003
0.02712395811098489,0.4854465479925814
0.03726482754582683,0.13940541204838408
0.02389298756822872,0.6500387178768643
0.02188202190037969,0.7532395543698831
0.03496310027581945,0.1915033109103993
0.021538775826127288,0.7702256882300332
0.03689481975667863,0.14690532003628257
0.031676999534599015,0.2909874059945444
0.02347268858274454,0.6718812185853175
0.0203471804787988,0.8264367925986928
0.018555639924004386,0.8991363941557592
0.03385038629537884,0.22166621246289925
0.025247695633399125,0.5800057144112557
0.021927022038948585,0.7509921884471781
0.034776426506770486,0.19632520421373012
0.034172490279182344,0.21257954498543238
0.04128083773324687,0.07633236238695557
0.02970397512705253,0.36677210376293234
0.018289459418342258,0.9083813361836939
0.035990151185219865,0.1666201385473279
0.03407777572671439,0.21522093321350322
0.02390669649638713,0.6493259745991262
0.03591056772840995,0.16845108759114016
0.028204024192126698,0.43302551911425563
0.02876700718385622,0.4072687546803816
0.02662319190961948,0.5110900039126678
0.028434936081179724,0.4223313597953999
0.026246914683884737,0.5295966145096478
0.022460251659337183,0.7240597871799024
0.014380205684117575,0.9894046126537884
0.040821178358292465,0.08203491035748549
0.019624516305654427,0.8577717271029927
0.030860814951309323,0.3208021526746302
0.018654679513950362,0.8955834669965732
0.017063613143201817,0.9448986472720915
0.025134927535398477,0.5857803667284482
0.01737856689663486,0.9364973490587427
0.015406869453813976,0.9777904445860038
0.031496164327645904,0.2974097048098284
0.02405203845395887,0.641770456571366
0.036631561106437116,0.15243751512132536
0.026729139612842345,0.5055941608627578
0.018106814385257963,0.9144624741121136
0.02199628392054634,0.7475246494854161
0.016927917555382144,0.9483047031981586
0.028126731564067642,0.4366455265085997
0.020263651362922214,0.8301794613045124
0.03281181410964962,0.2530136945015149
0.01798432149918383,0.9184185183637708
0.02687161215998435,0.49826318098429917
0.02566375506492688,0.5588361951808885
0.022464565948916396,0.7238398816125975
0.03383342949340279,0.22215275942415147
0.03511810443799779,0.18757068183220327
0.042541809236358585,0.062384629473475346
0.026083793546829576,0.5377187330441282
0.033958736439720805,0.21857670079331523
0.027918148820301747,0.44651562897958735
0.03544424844041605,0.17950417778610492
0.035535294042705556,0.17730212571689122
0.024497313328843084,0.6186587566859465
0.019858294017037093,0.8479033227767839
0.027147059339812235,0.48428398043459214
0.024969493752514116,0.5942765868964759
0.033564421574696884,0.22998225471411016
0.0298936989942844,0.35892992107404775
0.020950713804803567,0.7985723939043429
0.037513558054331736,0.13454076410147392
0.0301078916258396,0.35022002448149014
0.02530038663127887,0.5773125255702158
0.01876174712508072,0.891675083712409
0.0480964249003244,0.02386422117569358
0.0210777715594459,0.792538541691391
0.02369653724944698,0.6602518046171411
0.04554976932968835,0.03762010303684984
0.0256709139513972,0.5584740046918788
0.025672792635190844,0.5583789685426095
0.028143116582228095,0.43587644068191916
0.0334149746563156,0.2344226435751202
0.03711074172737472,0.14249000895976704
0.032377003469862276,0.2670942765354837
0.0316086758703249,0.29340172280625393
0.025854490742070024,0.5492124222115946
0.021777137555835102,0.758459995830963
0.050487663654114834,0.015218326850597657
0.01721632778784582,0.9409113695287192
0.023691115078165126,0.6605336390445675
0.02474383830172744,0.605907274521509
0.024530435743772616,0.616943185018829
0.04303436857692722,0.05756161642404857
0.03894771887184789,0.10912275182190834
0.03433091451364079,0.20821780158403114
0.023177964568478093,0.6871611559726731
0.03505212050284279,0.18923691362390851
0.02322975239708902,0.6844798441073036
0.029519592906654735,0.37450849861885654
0.02625078258612712,0.5294045959613969
0.03485774493602173,0.19421311946723266
0.026243511923420337,0.5297655637804533
0.03762863814006345,0.13233729699945113
0.013579076548725144,0.9947675337847071
0.03399541155857344,0.21753852454826766
0.02211912508767111,0.7413504886049775
0.027212860243473025,0.48098244191745293
0.04361679700837112,0.05227509111936888
0.02785056885980719,0.4497451524928593
0.031485261138863074,0.29780024332932015
0.02441890147616793,0.6227225579014893
0.020991997540124485,0.7966177745024423
0.022333063131624642,0.7305297150807128
0.029325000836869064,0.38279665112958877
0.03840006100286786,0.11831587260279611
0.028462972104539228,0.4210452337499678
0.025732839435827173,0.5553441393611276
0.036182610798580206,0.16225795660370695
0.029274345454140482,0.3849750185091353
0.023988622459307662,0.6450668016292234
0.03537385734221807,0.1812214849359228
0.016727026572623316,0.9531103979021138
0.029238482621948503,0.3865224618970423
0.04035397701438567,0.08819502235036879
0.029647823147295194,0.36911613127732396
0.028048313347627196,0.44033895449497046
0.02267549723066198,0.7130560311235472
0.0372620186613489,0.1394611530506452
0.03240245224502747,0.26625426161135723
0.033731010476935386,0.2251090542712075
0.02233230000206854,0.7305684557867556
0.02937075538993761,0.38083643958654934
0.0151129782595123,0.981735910989651
0.01593346516998595,0.969352215026727
0.028079241944603567,0.43887975457590245
0.018870262796898962,0.8876434768343844
0.03584072795711202,0.17007105803983882
0.023011181756044774,0.6957828238873838
0.01990293830512213,0.8459884527340663
0.0258926115605157,0.5472957119672066
0.016737537723968965,0.9528659578962545
0.027258189066267424,0.4787166003565367
0.028436679302083878,0.42225131357059803
0.02433785029979274,0.626926436212254
0.028648613714960317,0.41259624318340316
0.02936120386163571,0.3812450651076445
0.022347924166661093,0.7297750936535442
0.03821622776913569,0.12154111859756228
0.017661182057709807,0.9283736130080877
0.03444192963699594,0.2052030892959852
0.019987252581217585,0.842346357243765
0.027299736358750493,0.4766458906660938
0.041162754225640474,0.07776429738463315
0.026608535537514966,0.5118532451932712
0.027478801216905158,0.46778819323183757
0.02455739011089858,0.6155475755368958
0.02593994795221255,0.5449188732047031
0.019492224858279283,0.8632340392429129
0.026736049695417097,0.5052370236571102
0.018337990739220794,0.9067292518053133
0.0292271824715169,0.3870109467764438
0.016846332333863845,0.9502904673469567
0.015730735290548192,0.972814853225514
0.0195722178907361,0.8599419104304051
0.024738243487887723,0.6061961850744313
0.05501082070412666,0.006122132267771572
0.030268654369588033,0.34378250951078243
0.03603966853299728,0.1654889543670571
0.036191872996060415,0.16205035320940647
0.03156619551648493,0.2949102765940912
0.0316111962250456,0.29331240008585596
0.04119994913960451,0.07731082313444365
0.03061168048669538,0.33033079505491775
0.017555067998933804,0.9314882314327191
0.029669631004524022,0.3682045270736281
0.030386988738541842,0.33909840751839576
0.04613538761281777,0.03395581512655511
0.016936429929479746,0.9480948275314103
0.035549641255851944,0.1769570836056161
0.04307738008385531,0.05715608578992495
0.024008725544389153,0.6440217850325876
0.0359980573451843,0.16643911549441112
0.011913151025801594,0.9992750645599776
0.02474809574608905,0.6056874407760775
0.029517883339185813,0.37458076107925725
0.01503938963653323,0.9826422241717466
0.022750278398391277,0.7092188157012721
0.020001878286407537,0.8417111964289665
0.022979574269094888,0.6974141327778782
0.02845606972323772,0.4213616269516061
0.016762510372369976,0.9522821102721271
0.015705304942459586,0.9732300553776524
0.025575652525695658,0.5632995939963534
0.023170567240935913,0.6875440026208057
0.025076628522720412,0.5887712292119887
0.025332821488469437,0.5756563425986365
0.020557405878379176,0.8168896413770517
0.016707671509726615,0.9535584832623968
0.025219387903689494,0.5814539484373746
0.027145413547079666,0.48436674515928085
0.03792356977738942,0.12682433182457387
0.02300412255861428,0.696147237046859
0.026012610946292147,0.5412774434320116
0.02160759167084493,0.7668435939723628
0.020813964257794693,0.8050049429126317
0.03319279582048412,0.2411451397015189
0.033543835148415524,0.2305900540688529
0.037187835262099345,0.14093985068269216
0.02231663563541364,0.7313634512899633
0.029783229910553446,0.3634815561439436
0.034040786970041204,0.21625935594801
0.03353567136657609,0.23083142532106127
0.024201967129093727,0.6339805175138695
0.040724242049304415,0.08328230959121172
0.016373719939574927,0.9608781118720641
0.04761245829904592,0.02606987792901423
0.03794145073382166,0.12649623042495803
0.035835386696878246,0.17019546075307398
0.030274336867639168,0.34355652211708626
0.027856152051593308,0.4494777548817594
0.04664333044531599,0.031035015641029787
0.017736717061153096,0.9261097185459611
0.024965545102501818,0.5944797133127913
0.033536915834359804,0.2307946187183461
0.033108496165238976,0.24373397946376593
0.023080854501222492,0.6921838508698117
0.024952034662444555,0.5951748298061532
0.0201008680803606,0.8373864948824641
0.0353899489885115,0.18082776030833211
0.016566237850623167,0.9567533090354299
0.04795951314437619,0.024470757669097516
0.03095095181734031,0.3174043595024203
0.01982515501343113,0.8493185304376867
0.036171362633644455,0.1625103598845158
0.02649851028499034,0.5171639129580065
0.04882494301276119,0.02085570897345074
0.025665585115258682,0.5587436001178894
0.0226646019884168,0.7136145172558134
0.036937272013091826,0.14602860149976174
0.015494346717613426,0.9765126731918057
0.0299582219614688,0.35629015727905305
0.01688848078746763,0.9492704071349318
0.031149816451979673,0.3100008267475596
0.02789140628272868,0.4477917541515539
0.01910149886096557,0.878821994850084
0.036005015107873684,0.16627993736127528
0.022805170394590568,0.7063979569861324
0.021610908431211162,0.7666802751871308
0.019106143415609067,0.878641658075229
0.02662203679396058,0.5111501312252515
0.024177121102927024,0.6352710466129199
0.028575910946567418,0.41589122499014924
0.02173606625636182,0.7604972924378985
0.03631439823116478,0.15932403842623516
0.01658524399944361,0.9563321052290371
0.025759184473021668,0.5540143267147133
0.026486384653558126,0.5177603649590118
0.03194233169159688,0.2817509549700975
0.038891596472582335,0.11003678642013974
0.05346966134838582,0.008422741480657515
0.015302154470725804,0.9792569737399852
0.03493041871659519,0.19234070126016603
0.027576754346490318,0.4629887602822305
0.03264528184149301,0.2583385982817222
0.021632404969219032,0.7656210956345424
0.02211392212488411,0.741612601116779
0.03428165324419635,0.20956653469330985
0.031434420138648334,0.29962629676995906
0.017914732751312723,0.9206216501064615
0.039262546803290777,0.1041111518926369
0.021863973910764223,0.7541396398320306
0.017653572417367536,0.9285995308370727
0.05894713198264345,0.002601149492807603
0.03530593929119907,0.1828907609890551
0.02684331904212356,0.499713575739383
0.019119395151864227,0.8781264536764037
0.030278155257489503,0.34340472824554785
0.02745233813271747,0.4690903892219948
0.037626325021609563,0.1323812951845417
0.028908770363389513,0.4009519700383314
0.017871493900206592,0.9219742687998936
0.021810269083277323,0.7568136523535357
0.022519191285916285,0.7210531547600547
0.024356602683542228,0.6259535334083537
0.03515355795044828,0.18668019686367857
0.04958073962875886,0.018096013212117616
0.026632338150386348,0.5106140722081677
0.02883867388043304,0.40406689835781007
0.03576129947396223,0.1719285075116258
0.02232041755208125,0.731171549699883
0.029342975409649086,0.38202574883725793
0.024458634017301417,0.6206629467537499
0.012801921165910224,0.9977002970663886
0.032057997809503636,0.27779354126807526
0.028959830348828097,0.3986934169444938
0.02577909578323012,0.5530099635864507
0.026783419018270083,0.5027931362615167
0.024790906769119547,0.6034776893475979
0.022880794743596028,0.7025062278188059
0.022526712824004758,0.7206690998380504
0.024087435793180734,0.6399308132723494
0.019613295473666664,0.8582385255693148
0.03862112948191243,0.11453098244929372
0.013327667247833408,0.9959230152502991
0.02871890464151261,0.4094275659892722
0.0258770812668514,0.5480762954535257
0.025685088645320264,0.5577570828537344
0.04197823634368575,0.06832317744167571
0.053561287105685584,0.008266587764843916
0.020936330710006168,0.7992520159282576
0.025894074090977937,0.5472222220556793
0.02885465019634037,0.40335548797073834
0.029186441069423114,0.3887756865071955
0.037141820469975495,0.14186343847892202
0.01971740691516244,0.8538829608942783
0.035922807844202875,0.16816844348631874
0.025984241835387722,0.5426980970573453
0.02928619615161443,0.38446462303132817
0.02303034397972259,0.6947934024082751
0.02081858360402966,0.8047887295937918
0.046852714535844275,0.029896854081631768
0.025650585539326753,0.5595026767892872
0.022835307168343477,0.7048478136382712
0.025085743142049255,0.5883033928468837
0.027404555467687386,0.4714476880799797
0.02447193829845662,0.6199734836301822
0.028789128575356482,0.40627858527428445
0.03647918170366993,0.15571558819097067
0.01921413118120685,0.8744145139835195
0.029273162677012965,0.3850259852019586
0.06788464733867494,0.00029904291704109667
0.01882230799524731,0.8894337649831494
0.0235399803337063,0.6683867921264999
0.03567928064446624,0.1738634438944166
0.03439893401239197,0.2063666072798633
0.01754808641130201,0.9316904468280331
0.029962892246302886,0.3560996229150146
0.02161989004550413,0.7662378752582197
0.03431460894114785,0.208663484274861
0.021561915348627614,0.7690898293785668
0.023079369725706678,0.6922605895843612
0.033314703460972206,0.23743856268516556
0.031694844087699015,0.290359271928015
0.027787309193331333,0.45278225353139967
0.028251460203895906,0.43081387925260195
0.02399987034850415,0.6444820972519568
0.036113629506631106,0.16381081407619769
0.017866949124964837,0.9221157128301418
0.01738938689768965,0.9361964692566368
0.021965321788084857,0.7490759977549559
0.01974718278946097,0.8526273006504672
0.017040259590800466,0.945494021857483
0.02591441425784613,0.5462005145522828
0.024742910556901865,0.6059551806408072
0.041861411624158906,0.0696126905999769
0.026136447735273682,0.5350918914236281
0.019725009689152695,0.8535627667178951
0.01998194595534611,0.8425765665559715
0.03196659507507271,0.28091734378562855
0.02710929251685601,0.48618552869260173
0.03272248152312601,0.25585968624581923
0.018163136567639793,0.9126103732310856
0.03327701914626224,0.2385796622573865
0.03612980323880377,0.16344565971883812
0.03461393822951664,0.200599445349442
0.03430925587760497,0.20880996221538417
0.018119097749544788,0.9140603177113442
0.03589661992777082,0.1687736267294959
0.02396494813165778,0.6462975238611675
0.035398372906626285,0.18062191715950296
0.024021130907666943,0.6433769460317585
0.03705113112011349,0.14369807953617064
0.027020094373188308,0.4906957565024579
0.01783306249264205,0.9231659691207326
0.02829284689507111,0.4288905115053518
0.01870478956053434,0.8937629153918624
0.015247406712570633,0.9799967360689488
0.0257877935603541,0.5525714210972361
0.028420806845271485,0.42298053401430596
0.035900406174414146,0.16868602212461786
0.022099724056302783,0.7423275987193297
0.032980237998361084,0.24771334617429341
0.02066361007133566,0.8119999171201582
0.025955432909315013,0.5441421343349425
0.028003490562747868,0.44245943503385776
0.022614330596399057,0.7161894293883635
0.02457700125343476,0.6145324602740037
0.02722665480788994,0.4802921605054544
0.03435189033241026,0.20764555707141263
0.023808004696998508,0.6544571073110359
0.022508064683927964,0.7216211368926315
0.022797840743430692,0.7067748202666239
0.037938619869545276,0.12654812819528752
0.02533078508588671,0.5757602872902712
0.03289112818675077,0.250507043402139
0.01816777665140712,0.9124568644651225
0.01916828534412418,0.8762171199093818
0.02824610867434718,0.4310630053271108
0.02801675900290529,0.4418310204026939
0.03174411072115718,0.2886302857071492
0.016776359667383584,0.9519564389005348
0.016491085841299824,0.9583941330728669
0.03318959469531624,0.24124306118111735
0.02779038455159183,0.45263429149243106
0.03366597399889937,0.22700199935952192
0.03566193463332301,0.17427486997282457
0.04705418848355969,0.028836565343360855
0.026609774364104555,0.5117887044937535
0.030240810571122934,0.3448913683731166
0.029333726105437885,0.38242230213069184
0.015500341618417623,0.97642333321195
0.030855247300906607,0.3210128938867304
0.046414243492701956,0.03232378686124519
0.020762786258668564,0.8073952339430571
0.023745976349777376,0.6576818521511397
0.046622573875686135,0.031149893922011857
0.02709441916194366,0.48693572037099775
0.04224617838215905,0.06544228149052628
0.01692185555724357,0.948453854486668
0.05917157341299184,0.0024728380184908683
0.03337906394150658,0.23549935942853728
0.017036413162483388,0.9455917164856653
0.03584789804501276,0.16990417424800794
0.0254501495051494,0.5696763172284345
0.024798883465557475,0.6030661250857692
0.02381647124051417,0.6540169258429969
0.045996078877715396,0.034797879786209775
0.03561402233333122,0.1754153128701066
0.038382142790068574,0.11862710680252966
0.04182630630213402,0.07000420758801348
0.02594894936085923,0.5444673072290231
0.0460193147055995,0.03465616948182122
0.02269240975168879,0.712188805568293
0.03210516866622837,0.27619159791881737
0.029966774207394686,0.3559413049955884
0.030239690411580145,0.344936031381734
0.026979565671517935,0.49275393065689355
0.03300043780679052,0.24708336487145607
0.030482886643247165,0.3353361770655623
0.0372361331084603,0.13997569218291755
0.02762090604831524,0.4608360809727569
0.029051488105196976,0.39466114089074195
0.026623810841052004,0.5110577884767468
0.023534169100202895,0.668688628005407
0.03668652615637158,0.15126880703548828
0.05150433098862195,0.012486204245562696
0.025169222689096604,0.5840226655109766
0.03333832013442245,0.23672556983287066
0.026559942135857884,0.5143889396022288
0.022080018515423627,0.7433192947849554
0.03964582558538643,0.09826947672639447
0.04312196556151282,0.056738308619512484
0.020471666456199245,0.8208049865458233
0.021998642938314883,0.7474063696118161
0.020436328714753288,0.8224101357666419
0.032146522084773865,0.27479290485431285
0.02117035295849512,0.7881088071229347
0.02348617542141579,0.6711809847082459
0.01706293331370068,0.9449160327464583
0.03426336388722945,0.21006900941269063
0.026903595708004935,0.4966268511558596
0.03527508945602187,0.18365298699640012
0.026929588976325414,0.49529953360332646
0.02359122482162651,0.6657247056732984
0.021794502865584597,0.7575974122847459
0.021171399046847228,0.7880586001037946
0.04331455286571717,0.054963736849266455
0.03446788746269336,0.20450311824210318
0.03756722631026199,0.1335094735339057
0.027272755023313833,0.4779899707651517
0.036836456970991194,0.14811756106757584
0.029076504554965243,0.39356551579271054
0.03473891880221722,0.1973054446708088
0.029523934790502637,0.37432501357072756
0.03409623691830743,0.21470410224992875
0.03306175113443299,0.24517862029582005
0.021931130242174413,0.750786799731921
0.020501203454075356,0.8194594632231916
0.02434371802741231,0.6266219925089769
0.0330489581642035,0.24557511749252622
0.022191584022324462,0.7376948504486319
0.01651220008431628,0.9579371092317325
0.018964466316215844,0.8840871218246579
0.028874924663571333,0.4024539254574045
0.0332220792065121,0.2402507775744067
0.03766325950490612,0.1316801828877012
0.024413897723415956,0.6229819950616109
0.017669561031700226,0.9281243980674607
0.02571174467028725,0.5564096839859816
0.03534942903213567,0.18182048475433013
0.04399986835922176,0.04903106682491204
0.021776849845881574,0.7584742812448368
0.04892853988879042,0.02045651343722733
0.024396000755687874,0.6239100291678195
0.03846747760187602,0.11715088108409852
0.021848420883426423,0.7549147122304307
0.023939228821185488,0.6476346178110117
0.02384891406280032,0.652330177082457
0.04352547565820347,0.053075228367166855
0.023579669746631282,0.6663250433623469
0.03164307376818182,0.29218437777340983
0.020985088333524415,0.7969452986180651
0.05340818241497164,0.008529014401235836
0.03584234727133728,0.17003335708661962
0.02145559067545655,0.7742971971871808
0.022542853036514376,0.7198446962671317
0.028363995912552564,0.4255975644596603
0.029113464941639217,0.3919506484360507
0.029506800327651295,0.3750494709713378
0.016644635806266447,0.9549996495825858
0.01810945469693581,0.914376113990505
0.027547779114931614,0.464405080088481
0.02089921936554151,0.8010022965337144
0.025843255595313197,0.5497777612938888
0.022596868170663642,0.7170830788072278
0.03755852432333301,0.13367625211452322
0.023360242655443175,0.6777163974709222
0.017879887548182816,0.9217126745097168
0.01976918602094191,0.8516966024442739
0.02448557894144665,0.6192666914894315
0.0236553155771575,0.6623943001437376
0.032215611696711,0.27246792298457884
0.028667586453265503,0.41173931626581595
0.026355720590005904,0.5242054371972074
0.016243327127402396,0.963526077984589
0.03139251419038269,0.30113761937844025
0.015740725818461643,0.9726505781206557
0.0410590405356992,0.07904065640012226
0.0293006415964739,0.38384311262401266
0.03562287348869503,0.17520418603971183
0.019162466000890402,0.8764450900637792
0.020671360601880545,0.8116413883575233
0.013864704559950147,0.9931704664232015
0.03230296153957968,0.2695495829050515
0.028182357244276757,0.4340382493076271
0.03157031095084012,0.29476387996135966
0.026585217503866776,0.5130690349257824
0.0445201538767277,0.04490481606175013
0.020036169889600608,0.8402181198845229
0.03243974339650785,0.2650269428087259
0.030082637343562646,0.35123905660059357
0.016507121235409317,0.958047325687963
0.01665067323522762,0.9548628204238021
0.02847562880725918,0.42046549157874596
0.02777329709197701,0.45345681159683593
0.01757553903516218,0.9308933773309476
0.020593820965783903,0.8152179625211413
0.01992665225363377,0.8449674673487807
0.020160524895062815,0.8347588156279441
0.03796419105811277,0.12607996769748414
0.022745749424532558,0.7094514007925261
0.02777685885990644,0.4532852810295419
0.02688523999119108,0.49756553766674055
0.027015893718302042,0.49090882137954167
0.026120281580665816,0.5358978887450008
0.015360528876888213,0.9784478545591201
0.019703325927662774,0.8544752285316767
0.02508519875863685,0.5883313325902678
0.022325758947330798,0.730900476323836
0.02856457834465609,0.4164064439812044
0.023800912108481898,0.6548258530578688
0.03019130757224009,0.3468691023675791
0.02768179516793079,0.45787818620353615
0.02984456806937874,0.36094924084988245
0.03589356197183535,0.16884440693152356
0.01883476998220296,0.8889698370200305
0.03638505819799187,0.15776858474939257
0.04914401671624291,0.019647936247107187
0.024027962220455168,0.6430218597082378
0.02244151599628376,0.7250144431666812
0.0172016734362902,0.941301047638767
0.048372472742691186,0.02268169669600964
0.02814459312079476,0.4358071791041065
0.02967005456422711,0.368186837296007
0.04072238214559232,0.08330639866768887
0.042672373605116665,0.06107363911170697
0.03472859162423447,0.19757601158724206
0.02123520950551161,0.784989611159524
0.029212094369670094,0.3876638469300068
0.04003596659204944,0.09260652209528071
0.03299322597949972,0.24730814361633166
0.02016738887642977,0.8344554654492884
0.041859590333164554,0.0696329568786367
0.02476999378253808,0.6045569588542119
0.04608077527701698,0.034283770583203275
0.021756534906790276,0.7594824681379948
0.032803148768408175,0.2532887029607719
0.036577786184435856,0.15358794657551572
0.04785054776347003,0.024963211804028693
0.03285543842297434,0.2516326440637417
0.03592720940959282,0.16806689675967448
0.021751835118943408,0.7597155693687818
0.03570139356857094,0.17334007274623497
0.03328696202972031,0.2382781803861964
0.019308010646347018,0.8706869903385941
0.022319728091174662,0.73120653603967
0.04995278372208667,0.016861338343078746
0.022141964570844608,0.7401992777873192
0.020677279556913897,0.8113674331617227
0.026477641705807048,0.5181906008291397
0.024984693594089502,0.5934948169026875
0.02110601028692545,0.7911903051357109
0.013631155953348295,0.9944998922541117
0.024450451133816442,0.6210870534528825
0.0339891395079408,0.21771579861956708
0.028190186737295536,0.43367210897739333
0.0431086351705251,0.05686294182621514
0.01786743414536418,0.9221006244697836
0.03205565958150147,0.2778731286039595
0.03263093354192492,0.258801320917004
0.02075153398739349,0.8079194994963294
0.039125767884357066,0.1062644829864076
0.03829400753725476,0.12016781150542209
0.017351283565433584,0.9372524340033632
0.027347252201853967,0.4742848701541391
0.02389791740317765,0.6497824091878663
0.037209793686154735,0.1405008339210235
0.045428085428210696,0.03842346373041509
0.02153229790515576,0.7705434189294956
0.03416614371393001,0.21275574647693202
0.02656868520358391,0.5139321255249586
0.03058323896754589,0.33143146469552853
0.019080824674831076,0.8796232372149235
0.02704916114146383,0.4892230691461186
0.01712707404935232,0.9432615100375575
0.05501736678042912,0.006113723906487183
0.03236609193903023,0.26745505451873103
0.01450110872832383,0.9883380908078739
0.02209071286161224,0.7427811882135222
0.021020477975516372,0.79526600154022
0.030095558628486452,0.3507174079896397
0.036473601293909697,0.15583670467644004
0.025831415857503592,0.550373736371646
0.02806199379387797,0.4396931158983061
0.026164526265927912,0.5336930589912494
0.03026399419514858,0.3439679195002226
0.015869374882988452,0.9704763833332792
0.03912032234012053,0.10635097205611686
0.03969529934936861,0.09753574108438305
0.026329034696611853,0.525525674544306
0.022763757409255958,0.7085264600115944
0.02624078227824722,0.529901107491768
0.028921931933544698,0.4003689487251491
0.03585171126265496,0.16981547478919423
0.020553229004908302,0.8170810548821101
0.047221157595041585,0.027983136660259852
0.025047661481776617,0.5902586247898505
0.02151359025184635,0.7714603690989082
0.0398648332741221,0.09505600034008764
0.0247460210776006,0.6057945648039802
0.021580119220406035,0.7681952617703228
0.033434978369159096,0.23382450828877258
0.02234155498144432,0.7300985562265627
0.019008972829534065,0.8823889172353769
0.026320293413675033,0.5259584202132168
0.02073142514732229,0.8088552526863881
0.017456290959422083,0.9343180251127006
0.02006103274273524,0.8391322052716444
0.02803240656470718,0.4410906940655092
0.019384118984365983,0.8676297993745355
0.04062629821449498,0.08455886647363203
0.02403166084610664,0.6428296110804408
0.03004235551910539,0.35286883145259396
0.058967797279037115,0.0025890829365743467
0.028153282894573084,0.43539970835051633
0.024328294502987013,0.6274222655737196
0.028835093503503995,0.404226447390907
0.02653780608311529,0.5152329363893371
0.03923291143759333,0.10457460428681098
0.0328985774588324,0.2502725876269414
0.017430169864443457,0.9350551019664979
0.025661312199072583,0.5589598044454398
0.032270127506998314,0.2706437980188372
0.020086752182240694,0.8380059190601337
0.027160053255127492,0.48363085521328153
0.02922884797893932,0.38693892296775045
0.03644069849587883,0.15655236313793786
0.01857896160653358,0.8983052040471021
0.024253618054298598,0.6312983574735777
0.02276346642057747,0.7085414090156269
0.02223984166413412,0.7352548224272488
0.01860938886448371,0.8972157134386979
0.03289323558197821,0.25044069907776123
0.03544305538645798,0.17953317649984393
0.02106173609701778,0.7933029930451617
0.022324467315402274,0.7309660304378189
0.030248397262118643,0.34458898067413113
0.0394810321324528,0.10074677095284225
0.027565721731933113,0.46352770301432283
0.03464060231676053,0.1998930971179619
0.025088366555979513,0.588168754027048
0.019948020994868254,0.8440451806879878
0.04895268354600518,0.02036446296580635
0.01919303668018213,0.8752453811049379
0.03470291137787862,0.19825008200207903
0.023387620957676825,0.6762961813491871
0.01871764396919562,0.893293439732258
0.025289414105105934,0.5778730908109269
0.01610742257392231,0.9661617254313242
0.027436718453261677,0.46986011606619305
0.028602064898865742,0.41470383529963045
0.022019089089284627,0.7463807294127071
0.02465793991199275,0.6103455927544594
0.02122273499021643,0.7855905617942157
0.036800474423952456,0.14886896475557077
0.029059603189484973,0.3943055001776296
0.03223009394828913,0.27198244409329236
0.03547359081491208,0.1787921410998654
0.02799119149807794,0.44304247176505596
0.024253721597501665,0.6312929815556236
0.032042113031248265,0.2783345537246582
0.03307630423780472,0.24472816366180597
0.035090735018331376,0.18826040718412565
0.01243614801430385,0.9985247912538079
0.040782347166482436,0.08253269485519701
0.029149467035531562,0.39038207135321285
0.030439651090854003,0.3370286422993827
0.031008688974659582,0.31524171740778134
0.017954976323444227,0.9193515005924675
0.015565916624258214,0.9754311245401932
0.018499635176762674,0.9011186091921197
0.025677136085660468,0.5581592680213292
0.02615483357472971,0.5341757793907566
0.018026415315111732,0.9170702309509885
0.027288124613436382,0.47722402990982365
0.02481959495076136,0.6019977453277547
0.030936954730889588,0.31793026717093353
0.03221629488058009,0.2724450064883995
0.020881357251812616,0.8018430243918395
0.03838922263222083,0.11850405157247774
0.020981791773015318,0.79710151225217
0.024581871318053006,0.6142804133580886
0.02019481593239969,0.8332412680450906
0.05692925520326053,0.004063844595486773
0.03784072078109013,0.1283536480082594
0.03701487996992092,0.14443679412582452
0.024765658297459914,0.604780747129475
0.034510809384302676,0.20334978884937632
0.027985116858788905,0.44333062911314364
0.022601599727144928,0.7168409792124422
0.03407947188130267,0.21517340824096265
0.03220039405095365,0.27297875303139196
0.023220358641414585,0.6849663377597999
0.029366731974177468,0.3810085287066074
0.01994908829422115,0.8439990592037876
0.02172513536423626,0.7610388288232339
0.01803668412098014,0.9167395352911093
0.0353734724908078,0.181230909644657
0.03524365671531082,0.18443219558479448
0.012128620122998104,0.9990172210127357
0.033524068460278666,0.23117481202259227
0.02697336919269694,0.49306909571447693
0.016024073559311458,0.9677159064398
0.01945748219796095,0.864653476618575
0.04734416693526783,0.02736873991382618
0.019506421826171655,0.8626521893175478
0.03315480821252026,0.24230912763120452
0.04102954758105848,0.07940683015140242
0.02105908413925328,0.7934293378798905
0.029397196779194446,0.3797068418359346
0.027436696132230876,0.4698612166222499
0.01661046775415903,0.9557692185857576
0.05223650800580529,0.010801427623060347
0.03469125156602215,0.1985567298732818
0.018163058581352032,0.9126129520666156
0.03392388778062705,0.21956672381082906
0.05028336588567728,0.015828115817755457
0.035206609956129065,0.18535392491120023
0.024428833329168023,0.6222076439863881
0.02492973729500375,0.5963224134810896
0.02647447306412254,0.5183465643339278
0.017490236358959993,0.9333531266717564
0.026088940443083852,0.5374617516072667
0.03553647926560444,0.1772736015834702
0.02378001213775055,0.6559124300705899
0.056552077980196735,0.004409688859051093
0.02429650248807401,0.6290721624501177
0.0228868775248382,0.7021929382048453
0.03177364067290345,0.28759761376697784
0.017721976702229775,0.9265545548601887
0.027527457888602114,0.4654000865231877
0.023506488627504374,0.6701261995490725
0.02441877123631553,0.6227293104833049
0.02209459291167698,0.7425859005938948
0.03160226947631484,0.2936288593646014
0.02830724782443028,0.42822261723291205
0.04165240562494027,0.07197139099610823
0.03555392641184685,0.1768541315200359
0.028967613940516113,0.398349895118779
0.02383024615521423,0.6533007520261063
0.025074015294794583,0.5889053772943523
0.03553736132893637,0.17725237579462516
0.01902067065047297,0.8819406711305307
0.036519695150437737,0.1548385572050621
0.030809558829059613,0.32274604883668295
0.04143074090409579,0.07454678497108572
0.02522600570879574,0.5811152961777016
0.03174704333340991,0.2885276085006335
0.04316798631641672,0.05630983789920725
0.025509502793007455,0.5666579656028834
0.03588793341281826,0.16897474883618246
0.02583313819967259,0.5502870255041763
0.028990959507303182,0.39732078459605513
0.023470519380648897,0.6719938365840965
0.03455382558266623,0.20219902986381708
0.022672680714404536,0.7132004191198587
0.015567428177156173,0.9754079288869268
0.03251213168761652,0.262656673725015
0.023857933417335775,0.6518612442051986
0.027432740698438707,0.47005626905610315
0.04240716863569538,0.0637616930730812
0.024352160173784637,0.6261840034463058
0.02291097699957123,0.7009513422824987
0.03148440063855218,0.2978310814595558
0.017898792619553683,0.9211217540690896
0.02028434419055375,0.8292550458142034
0.02941229654255542,0.37906281906266553
0.020186162089974258,0.8336247312992016
0.029760804176001132,0.36441051806464037
0.03328462082714401,0.23834914262185805
0.04180056264904802,0.0702925063667977
0.021800668328388284,0.7572909873983781
0.015789949686766724,0.9718316042446812
0.026274436334865037,0.5282309145948774
0.011473466650721867,0.9996316837386942
0.024791249766538542,0.6034599910352805
0.03516468192953692,0.1864014846658916
0.04619165537525621,0.0336207999463225
0.02924541707056616,0.3862229107873919
0.017369905086241477,0.9367376297785812
0.025679255922468558,0.5580520523788395
0.047952963980798846,0.02450011070123306
0.0212122406007324,0.7860957530788152
0.042676456145953556,0.061033029871616226
0.03566675625407001,0.17416042946126833
0.02634184367405501,0.5248918084588993
0.03523540064866204,0.18463729363341969
0.02716603073989049,0.48333059500557696
0.022005527621016707,0.7470611094862258
0.018396066854346804,0.9047324775463621
0.020595792806036406,0.815127295740857
0.03011146222756622,0.3500761178395862
0.0396097347258928,0.09880763194547355
0.02083398942960135,0.8040670923760833
0.012696738729955803,0.9979676338600517
0.027565550525977034,0.463536069668362
0.028147462796197453,0.4356725893092852
0.02401529342510622,0.6436803794470347
0.018863654645852046,0.8878909876636808
0.05013138457052779,0.01629586441420269
0.019918361500903425,0.8453247215739432
0.02568126725649411,0.557950330585175
0.029936449897274398,0.357179350917902
0.044484886401991885,0.04517467001468501
0.017186027937038162,0.9417154284787874
0.022012317729015865,0.7467204964002857
0.02358488187427865,0.666054254598006
0.01839033898725395,0.9049303665935404
0.01659605564540298,0.9560913790869082
0.0333809534220858,0.23544261260715604
0.03761402236661637,0.1326155064293446
0.016908286770478953,0.9487867720831327
0.013450856251506937,0.9953843208925812
0.023377401983806223,0.6768263211129821
0.027723086241820127,0.4558794854830602
0.03648253607382185,0.15564282180373973
0.016003785642155266,0.9680870925538235
0.029372822468331616,0.3807480478355861
0.033681018402515916,0.22656303232930894
0.029019450965885207,0.3960673239612448
0.03600952741405791,0.16617677085423374
0.02298729231556379,0.6970158761831122
0.035465937198276065,0.17897765137525437
0.0325824760502294,0.2603686685514379
0.049408819844448726,0.018693369870825382
0.02706973184964878,0.4881825641757977
0.018519564836578684,0.9004154655071633
0.03566936855334857,0.17409845185066536
0.024011286398190168,0.6438886683334812
0.0254934641981171,0.5674731294568569
0.022050248645472892,0.7448160308959846
0.018625359859960222,0.8966415663034937
0.017689796860202334,0.9275205529818388
0.03241506153027268,0.2658387900758401
0.023323418140317437,0.6796260233103647
0.029061418427389518,0.3942259783724805
0.03632734951027894,0.15903802183800422
0.04249414732826445,0.06286916328901887
0.027470957601406394,0.46817391464650454
0.03287070059962999,0.2511508296230135
0.0323247373317781,0.2688257236323069
0.025559382125642793,0.56412507186187
0.03205718152578668,0.27782132355660477
0.02397707599407406,0.6456670429333758
0.015526833751549063,0.9760257904415045
0.029354309580258753,0.38154020065552996
0.029545593174978624,0.37341068688194906
0.020311702551142785,0.828030056061254
0.035218516316892656,0.1850572969093851
0.02398094927287714,0.6454656893941841
0.016265779007874848,0.963078481635702
0.03776002506918985,0.12985768157374655
0.03908737864545375,0.10687544743562079
0.027597233391260773,0.4619894535272154
0.05031882039081881,0.015720745067631717
0.022858173124834513,0.7036710039375154
0.02191570302610213,0.7515578910970038
0.021398112884095877,0.7770993565491312
0.01757651384766068,0.930864979191939
0.03260096483570424,0.25976980956604556
0.026001509163237402,0.5418332337610776
0.035339713886852836,0.18205914214520205
0.027681409924513845,0.4578968611905285
0.02270075084658109,0.7117609670802
0.018826843291197562,0.8892650344810991
0.032725415708689976,0.2557658246678616
0.028184376500675623,0.4339438004167469
0.029371926021146466,0.38078637966624956
0.027050710300696168,0.489144660016571
0.02457789560071011,0.6144861727837096
0.03753916953534231,0.1340478066075256
0.03452468462890018,0.20297804403435168
0.02226829088489593,0.7338144111164515
0.044208285448996604,0.04734035515405024
0.028901759222688006,0.4012627828503107
0.0178675968711981,0.9220955619247457
0.027269408040432874,0.478156873054251
0.033187053614935236,0.24132081369488367
0.027433943444200526,0.46999695301682837
0.03152351306175413,0.29643176967446183
0.02545658196148537,0.5693489758300982
0.0173219147704321,0.9380594638116528
0.02240802247060575,0.7267197231103572
0.03203451403114521,0.2785936425114631
0.026299204216717498,0.5270030394573906
0.03555189026633332,0.17690304456297093
0.02159532228819877,0.7674474985513773
0.03844331858247896,0.11756726978681968
0.034020121407432824,0.21684120968103107
0.022636112175361045,0.7150741764724027
0.02326078401525239,0.6828723473965543
0.049140959378005,0.019659206676826302
0.022970924283312155,0.6978604132008454
0.01833839476182883,0.9067154349421934
0.028911129070110397,0.4008474428436292
0.024666626935382532,0.6098964920290457
0.020248406555894827,0.8308593204502912
0.043038007198449746,0.057527214535282055
0.020635172229919507,0.8133134621768022
0.0200152189849091,0.8411309779355913
0.025549809972458426,0.5646108857169144
0.022926674633811595,0.7001422949409938
0.03420382916955439,0.2117111358341048
0.020754992299191644,0.8077584192473484
0.03278946297474328,0.25372350484887474
0.0390271009303953,0.10784064171912888
0.029766083656654896,0.3641916705100446
0.024425866574022903,0.6223614491895713
0.026263322000159295,0.5287822735348388
0.017836594717767315,0.9230568545837622
0.02335040574939551,0.6782265836616731
0.02102794856075685,0.794910976775735
0.03212664398719389,0.2754645773910169
0.046308469192398394,0.0329345448360086
0.022247245588951192,0.7348800918871974
0.027828808012157147,0.4507883609042556
0.023176860186325254,0.6872183154067579
0.02911269292313623,0.3919843323212152
0.02248004480087229,0.7230506719581016
0.026318230733741593,0.5260605556971694
0.020002051007039334,0.841703689651954
0.04076285762709639,0.08278349317436778
0.037702409894552646,0.13094031824334268
0.01718828749035467,0.9416556882999172
0.02593576616467605,0.5451287021429899
0.030167158366519953,0.34783684171901424
0.03101347619867556,0.31506288744447913
0.022474129573759882,0.7233523099593955
0.018649006828120096,0.8957885961117126
0.023707329527926757,0.6596908279668376
0.02742236433338613,0.47056820567850566
0.023442803687313107,0.6734325809404591
0.0383796195913616,0.11867098810058549
0.04028041338367783,0.08919950507263116
0.025670071503116954,0.5585166229205871
0.03535647192205538,0.18164762748650035
0.01961899121578259,0.8580016567515458
0.024173267344620053,0.635471231619738
0.02419746254362798,0.6342144763250923
0.033145638897818686,0.24259072811088994
0.021714949882098322,0.7615431766994456
0.04374840690762946,0.05114026876291857
0.031004072188568266,0.31541425064872
0.035407635727014,0.1803957892034852
0.028195750091374983,0.4334120692374173
0.0213354145146048,0.7801453582601864
0.014492607255694012,0.9884155134898358
0.01868884995838265,0.8943436769135182
0.023811702610234076,0.6542648506620423
0.029785068927392966,0.3634054511532303
0.015203909371402036,0.9805714282229725
0.04778586360372683,0.025259677288534364
0.03336059838030944,0.23605448782000021
0.03325354405919356,0.2392926163197394
0.015690109606317504,0.9734761316851674
0.056460452476926326,0.004497685565527056
0.03220695939806528,0.2727582777994391
0.03973707841118218,0.09691968896678411
0.020723208723385206,0.8092371700788697
0.03042292995116186,0.3376848393631496
0.029854431999804865,0.3605431816993548
0.03331810992789197,0.23733561935875402
0.02367063852083591,0.6615979269741943
0.018710413585075858,0.8935576350311352
0.020309914998716483,0.8281101919980659
0.02020934187169332,0.8325968671748246
0.028557205705921157,0.41674186280027914
0.035939986259665935,0.1677724043762043
0.022261035440229282,0.7341818962706614
0.048101717722986215,0.023841043358456538
0.019665666405504767,0.8560543759101463
0.028517087203639435,0.4185702817480286
0.02561501100273489,0.5613042746938405
0.017878678876664278,0.9217503727826633
0.018052022217954725,0.9162442911251973
0.03644485586578983,0.15646179198115973
0.02842510841068957,0.4227828250255674
0.03360207262916548,0.22887382124336772
0.017973022062683697,0.9187784436688162
0.05223035036672785,0.01081469479030248
0.028159895618107833,0.43508980378272794
0.02617993214502956,0.5329261468342733
0.01920394355932542,0.8748160915683593
0.022524515867254458,0.7207812863747018
0.03200417745355688,0.2796297649853633
0.015950246069969642,0.9690533315424684
0.022216546689180383,0.736433199979192
0.01803824724653663,0.9166891354148001
0.02433716348621734,0.6269620721353202
0.04112985416066722,0.07816728277111472
0.026056813500643428,0.539066569036131
0.02436921749864944,0.6252991470125951
0.02620824626318008,0.5315177489293921
0.028025723478236314,0.44140678645237325
0.023932773225358805,0.6479702392754606
0.03181532531260223,0.2861445584989424
0.021836465842707153,0.7555101107560529
0.031080899814949547,0.31255208797304124
0.01673366647780375,0.9529560748431241
0.023970654878839537,0.6460008501114058
0.022278827431833598,0.7332805763855668
0.02627986377639735,0.527961751995347
0.013644028716174816,0.9944321689860065
0.030948581823744825,0.31749336187101496
0.02201062359105077,0.746805488552134
0.01973426993914673,0.8531723798164303
0.03279534904788939,0.25353643323093866
0.033860723866681264,0.22136999737280466
0.02046057434357884,0.8213093688472032
0.020530615845648192,0.8181161569837243
0.01806478052750432,0.9158311617263735
0.030555621404006084,0.33250277816626245
0.02428157497406047,0.6298469915513796
0.022115705899340754,0.7415227448081974
0.03014515285066044,0.34872035350851294
0.034325019301955306,0.20837885065794093
0.025438464728187116,0.5702710824865972
0.042748157658021424,0.060323572613257846
0.02321767876116898,0.6851051156688435
0.020668688316959782,0.811765030155839
0.018170380930922325,0.9123706451057751
0.023433955461133527,0.6738918328744141
0.02739062972395434,0.4721361526408666
0.0130125586873642,0.997081953371627
0.031114180711876327,0.3113181363273796
0.02319537030800467,0.6862601765777011
0.01858877958972366,0.8979542819691269
0.02194034464815031,0.7503259953613455
0.04314720993652971,0.056502928208505866
0.031204449741440987,0.3079891806699278
0.014993494075298264,0.9831913559192453
0.02467683603563825,0.6093687725549739
0.02249273563999521,0.7224033464543109
0.01636383692400739,0.9610829221779587
0.05423468893297256,0.007197289897747157
0.021133224148752627,0.7898885797222189
0.024250644636014562,0.6314527377177097
0.020544860417752164,0.8174643559379599
0.02211933467778926,0.7413399288764454
0.030178274851612508,0.3473911278331106
0.017939729234232593,0.9198339937741483
0.03307266286591626,0.24484081446637074
0.02536433072961987,0.5740486595256797
0.027297897019951306,0.4767374394181467
0.028596021518597525,0.41497799921214323
0.01766891139136506,0.9281437373687328
0.02330042508736907,0.6808180139331708
0.020443886968994407,0.8220672422670989
0.03225193867225257,0.27125138442118013
0.027352917237201124,0.4740038894116735
0.01863927717823588,0.8961399696621253
0.03584884280347378,0.16988219473067329
0.023607804018005996,0.6648632805479734
0.023216407480683432,0.6851709474287093
0.038273879807539934,0.12052196471218649
0.028929469302939548,0.4000353271761873
0.037781212963324984,0.1294613873325055
0.015772901992420166,0.972117045433481
0.02536260277047203,0.5741367925253036
0.013170282227522728,0.996539340001275
0.015938632389363105,0.9692603832400807
0.020223845212131594,0.8319525503800054
0.03045417320811039,0.3364594870725107
0.0347217552071335,0.19775528223281286
0.032814168441680946,0.25293901512395206
0.02365804681228767,0.6622523541451959
0.020716519195885644,0.8095479293682335
0.036652045862790694,0.15200110539371545
0.036122217961029324,0.16361683135472752
0.028484637033609206,0.42005319884522047
0.038309854863060544,0.11988957554231996
0.019223700358700246,0.874036789623247
0.02563121771957033,0.5604832949401551
0.01742182838319173,0.9352894858884543
0.031493963042052875,0.29748852164808137
0.0395974999924239,0.09899062220779868
0.02389150811394747,0.6501156368243624
0.0317555846602211,0.28822871219725377
0.02962880592357464,0.36991237826549456
0.02421109213168182,0.6335066036960799
0.02703612262616828,0.4898833215222158
0.028706482247302323,0.4099863456432873
0.02279880438344417,0.7067252769244092
0.028048610217878342,0.4403249328441382
0.029654000155586058,0.368857761069868
0.0389938392777765,0.10837632767957442
0.01779002992865797,0.9244885426059277
0.025492281728394295,0.5675332423081119
0.04192681968359879,0.06888818696432471
0.030486172503931153,0.3352078019131124
0.04598121901700958,0.034888772885121634
0.023189813547283333,0.6865478358012462
0.05245677522909353,0.01033641353708218
0.028661308320981127,0.41202274102343994
0.03752283926503158,0.13436195347919602
0.03529216759629328,0.1832307171123476
0.01856768861683611,0.8987073967449812
0.03855834271178965,0.1155956523661065
0.02417071408891791,0.6356038638930672
0.04151354001632479,0.0735757910930807
0.027762647324202583,0.45396994856909495
0.03446200826381632,0.20466149150245386
0.017639366981558546,0.9290202095957626
0.033655094569579935,0.22731984821812304
0.016018485771403967,0.9678184174582758
0.03377392789821321,0.22386658433515774
0.022232358953682696,0.7356334415595892
0.024822052536614153,0.6018709972524252
0.034242138365479624,0.21065332566107448
0.034443436334699484,0.2051624090937609
0.01890141444917731,0.8864732084202978
0.038186144272995715,0.12207572878253399
0.04589788987510046,0.03540233550394463
0.025370103972169544,0.5737542275664409
0.02528868134797102,0.5779105311047524
0.01779840119999959,0.9242322366663847
0.032867249133206045,0.25125972829238913
0.02985345558199526,0.36058336254474127
0.019549317682259593,0.8608877619285218
0.03509618280331406,0.18812296069492482
0.025602296714138634,0.5619486004327006
0.016963408426718507,0.9474263092332171
0.02360890561281026,0.664806041180164
0.023259203232872117,0.6829542494012585
0.02617686865709601,0.5330786154899938
0.030896558514138667,0.3194516165974679
0.017358894496572602,0.9370423153853594
0.032919723563693715,0.24960795029197008
0.021163166306032877,0.7884536380744098
0.024395521734199788,0.6239348706545246
0.02389810771680688,0.6497725145448612
0.052735277252079826,0.009774417482506159
0.03165444124455541,0.2917829043289942
0.02212579576241086,0.7410143602148934
0.015888496245087896,0.970143858057979
0.021440090446973592,0.7750537718360017
0.0245474090106213,0.6160643121136515
0.03166595840310715,0.2913765609545451
0.017519652631685867,0.9325105453884546
0.032748532179620315,0.2550272636085273
0.023808000691553866,0.6544573155560436
0.02865656319260279,0.4122370471351214
0.023274285577901982,0.6821727554623414
0.016750681887116703,0.9525591983169615
0.040085304300759184,0.0919102290918986
0.031245739714015466,0.3064752040400502
0.03608780513113674,0.1643952036553061
0.033576983561606044,0.22961197656638313
0.016553116988864414,0.9570426167453007
0.020528600906391026,0.8182082916228662
0.019683513362753702,0.855306899343018
0.029680227143833227,0.3677621639835708
0.03657353406918862,0.15367921140897786
0.03132700355712065,0.30351146168978527
0.03269781125401905,0.2566498938546832
0.025183211529034577,0.5833060801642533
0.023625376589531788,0.6639501663897414
0.023724214090904472,0.6588131429423444
0.01567355353937789,0.9737425291340079
0.024574386633993917,0.6146677844579175
0.029233068357179648,0.38675645713623485
0.014236171715877988,0.9905806294984882
0.030633956759813896,0.3294705619822142
0.03669391477378969,0.15111225693878885
0.024988561383321617,0.5932959214985907
0.028126503609388842,0.4366562327476065
0.022023979563891016,0.7461352813698139
0.032944510827615736,0.2488305765104735
0.04152245256102549,0.07347191530513347
0.031034212014748985,0.31428914138810266
0.025252660975641383,0.5797517815685883
0.027536590659446247,0.4649527373302292
0.01740699408838109,0.935705119796039
0.026009551886864046,0.5414305691415453
0.03508890449063573,0.18830660878280417
0.03258769223748992,0.26019960880846776
0.018357912144559396,0.906046733764913
0.018261623094147028,0.9093221040748806
0.018842068476083496,0.8886977038696476
0.033560824813374524,0.23008835762070226
0.021352741859469726,0.7793046948222436
0.019003629350670126,0.8825934101850076
0.03200548933639019,0.27958489927229974
0.015257219176357695,0.9798654991245901
0.019373189418272416,0.8680707497409593
0.03987344921620295,0.094931396337135
0.04492481685396921,0.04190725879458788
0.024120922651376497,0.6381907052392326
0.022116916778274764,0.7414617441892273
0.03057153827789827,0.33188504188794193
0.017781494930453334,0.9247493740059256
0.030154559757995802,0.3483424745454655
0.04515608287553796,0.040273596917133336
0.029820658040335624,0.36193486550528936
0.03295724503024894,0.2484319247493504
0.02883031462218172,0.40443947171066863
0.03659625045809306,0.1531921465369093
0.029011495833888234,0.3964170288133081
0.02156363085453117,0.7690055635979856
0.029293195090785984,0.3841634085326678
0.04134527037379243,0.07556048090418131
0.03305061279155186,0.24552380754985748
0.022522900168880367,0.7208637868086143
0.018276918154499944,0.9088058033104096
0.02837473760386522,0.4251019036045709
0.032449392843881375,0.26471005648454243
0.03893431764881383,0.10934043689602281
0.03206003928457346,0.2777240685634616
0.015516350597792772,0.9761836361244974
0.020797401941938826,0.8057795294868945
0.024565845003291398,0.6151099019709877
0.023487045500538623,0.6711358080150616
0.01984459337906319,0.8484890529904794
0.017088288535468343,0.9442654281416325
0.018973754032776458,0.883733684873771
0.031043449752932384,0.31394488682387817
0.040927080691349316,0.08069017993823864
0.026502269114751953,0.5169790762311905
0.02922370945739554,0.3871611650505488
0.021419239166828863,0.776070481139614
0.014557141612110747,0.9878184543279692
0.019190138919669475,0.8753593241440856
0.022002543989593226,0.7472107477241611
0.0238058057944866,0.6545714291906901
0.03690223077927235,0.1467519627299445
0.02558873635046588,0.562636054286149
0.03944158799678932,0.1013473738240632
0.02379044470304481,0.6553700510005274
0.022217355423441,0.7363923064336555
0.01374928012861698,0.9938545365411735
0.022553045541581995,0.719323897196154
0.03001223946061987,0.3540908171410597
0.0219503445738628,0.7498257018894259
0.04689627836715771,0.029664726039011227
0.02708754983809747,0.48728245194736053
0.02671418851870533,0.5063674352047691
0.029804999159525253,0.36258139021771235
0.02170944454507473,0.7618156761607078
0.01982017572617467,0.8495307135482786
0.01957532924834576,0.8598131929904502
0.03171385216065803,0.2896912869255205
0.03500190890862198,0.19051265634883308
0.026564089229215077,0.5141722273261029
0.02014005113059858,0.835662403417273
0.03017564676125095,0.34749646390687766
0.02677166312994894,0.5033989440232
0.031137799648708886,0.3104445830088708
0.03013547285396523,0.34910950784539013
0.042781894503819695,0.05999221279422812
0.03512797429045045,0.18732244520529473
0.02214536552111407,0.7400277699431932
0.035279085324676385,0.18355411726372475
0.01867674211011927,0.8947837949307953
0.02745410972491391,0.46900313858415493
0.030628881913230932,0.3296663925915573
0.020770403716800973,0.8070400589218522
0.030914776794944476,0.31876484935985555
0.023226763937681222,0.6846346197727216
0.023531671518099317,0.6688183492344657
0.027270776287612097,0.47808863878961994
0.020023635804957418,0.8407644885432731
0.024653289748810453,0.6105860184629464
0.01752785702159021,0.9322744816676672
0.02735685877498617,0.47380845671653643
0.021400088359077474,0.7770032018897426
0.01882916813249813,0.8891784939387677
0.027706924658681187,0.45666110079959094
0.04360033975230532,0.05241851254724784
0.022436833174681925,0.7252529675693328
0.02187420984882782,0.7536292443851793
0.022819238422666865,0.705674464523919
0.03917506744222943,0.10548413273227798
0.04266050915969344,0.06119178673153242
0.03624095439636332,0.16095378804996985
0.04454932770968034,0.04468264714066278
0.01743200045822685,0.9350036004771431
0.03501169508689539,0.19026348591266198
0.025379944239156016,0.5732524761330948
0.032469254172500295,0.2640587112158687
0.02725904887304975,0.4786736885577479
0.0236777407138406,0.6612287924178428
0.024822187317302208,0.601864046190931
0.0319421684893883,0.28175656829944196
0.0342495642915,0.2104487541597726
0.02438839788061775,0.6243043184697086
0.042352886074171425,0.06432418319467668
0.025893424496016726,0.5472548627844864
0.027113863502266022,0.48595512457894197
0.02360279781043706,0.6651234015245386
0.019617982761954256,0.8580436073526458
0.025923367699302563,0.5457509845545032
0.02148967728965598,0.7726310879030853
0.01994450599183839,0.8441970376471977
0.019954632766792824,0.843759378560487
0.04718581314616754,0.028161909229138284
0.028613470366721794,0.41418675164189434
0.02453709608759419,0.6165982925099525
0.021132471246660844,0.7899246251366047
0.024337519348787473,0.6269436078687722
0.040222955217336875,0.08999073520297485
0.024480237818742978,0.619543430177147
0.02048443958924795,0.8202235507670066
0.031750005017726735,0.28842394091115253
0.022230514874661766,0.7357267351406935
0.02483846259282735,0.6010247927335515
0.0421793351873293,0.06615109170781655
0.030364792210816782,0.3399735167572438
0.05252464307659599,0.010196830324972988
0.02275235963203015,0.7091119260264538
0.043935683114678215,0.04956215833165819
0.021474204261286323,0.7733877830894977
0.030762127800755518,0.32455247995895264
0.03850271553238105,0.11654572217728472
0.02592489848345836,0.5456741406295873
0.03314517410426028,0.24260500911490582
0.029257106428486335,0.38571832501631087
0.03768046966326577,0.13135452590846403
0.025946036081544832,0.5446134407990648
0.019352020352105703,0.868922982919725
0.02070168760635499,0.8102363318482974
0.024494759787910714,0.6187910437401863
0.028850685952198696,0.40353193166926876
0.05715898359650695,0.0038656028960414295
0.0263760018128798,0.5232029445488793
0.018769513521575742,0.8913888833015194
0.0214957351816476,0.7723346546985048
0.02204990750953839,0.7448331718946359
0.030292767451863323,0.3428242878001671
0.022177241405016423,0.7384192317455143
0.022391379749620632,0.7275664118599467
0.024820125401248005,0.6019703873260822
0.05389810078774637,0.0077149204799481855
0.015556208234096425,0.9755797559138758
0.029265956196376286,0.3853366190147309
0.027230230570036568,0.4801133340359542
0.032507783440820615,0.26279859949499773
0.025328032785149945,0.5759007818583086
0.01869048411681662,0.894284207197684
0.021077849396550996,0.7925348289597457
0.0301086614614412,0.35018899408516274
0.028631309460332433,0.4133788725311154
0.023652558541579938,0.6625375854925774
0.025575393388001966,0.5633127384502238
0.03695379066935789,0.14568860602981704
0.03202980015862744,0.2787544529557365
0.036345027778768024,0.15864827932317843
0.022556716796854587,0.7191362739436966
0.038271998471668955,0.12055511114966985
0.026659115446847848,0.5092223101436613
0.039179554076586465,0.10541335163374844
0.022386804906716573,0.7277990771898779
0.02836057872335518,0.4257553280119158
0.024594037857798456,0.6136508097373645
0.01945080176320127,0.8649256820707439
0.03602275822730494,0.16587456468604939
0.02284713995532711,0.7042389019154264
0.027664209172209242,0.45873119442599886
0.02450954005506767,0.6180253994071431
0.021798487616015966,0.7573993793821063
0.018957727330932317,0.88434325476254
0.019109155836319558,0.8785246277274907
0.03280808025951121,0.25313216644255715
0.04357271787181227,0.05265999416101419
0.01655691231967671,0.9569590551676328
0.01730952827457022,0.9383980384389378
0.029802399291506965,0.3626888127010177
0.04582961732846891,0.03582802615451817
0.020184171175160914,0.8337129048665788
0.020806769961097316,0.8053415270441
0.028815361285547597,0.405106532651551
0.03364666432558261,0.22756637823937115
0.026628587075305132,0.5108092283211874
0.01681333933846646,0.9510802668086944
0.028229590472339583,0.4318325781354574
0.024193673604584465,0.6344112708832454
0.04086918472675927,0.08142300954399942
0.030045671852513722,0.3527344519394877
0.034636765246218115,0.1999946234172055
0.026249525336389246,0.529467008044086
0.04007028302386456,0.09212175555796018
0.016965254867915447,0.9473803686209332
0.01954355940687108,0.8611251709279513
0.0414972828215161,0.07376558978800961
0.0292928011805782,0.38418035694318753
0.03168005256405393,0.2908798670786632
0.03187420582222994,0.28410138480612396
0.02742542904614853,0.47041696461769555
0.019818360828116055,0.8496080221937992
0.024487727026097028,0.6191553976992417
0.03559453974679744,0.17588074350654184
0.030495654098223413,0.3348375642574295
0.02681173769780487,0.5013357199339933
0.049507613381786664,0.018347983023758545
0.023260024424809234,0.6829117027702922
0.021376698996800142,0.7781409494532807
0.018383324365395914,0.9051724273895471
0.03564206468298481,0.17474711143028537
0.026173931140930695,0.5332248301014785
0.020759196124466528,0.8075625557102561
0.022178950314696966,0.7383329423055425
0.01998451740482654,0.8424650295927176
0.015081011293222701,0.9821335474648484
0.03473312713750726,0.19745714760584349
0.03795821136645949,0.12618931738589675
0.026289938784161082,0.527462245142477
0.020965340987082248,0.797880515239508
0.024144882736082507,0.6369458115590387
0.025995711553200407,0.5421235618116257
0.02526039769044164,0.5793561753480791
0.019689380951060653,0.8550608005839866
0.01289361922905552,0.9974452638667471
0.01607122636699987,0.9668424509684381
0.03287737047659123,0.25094048701808075
0.030177079939264995,0.34743901809830596
0.016958493274080055,0.9475484849145756
0.031001430844229794,0.3155129909014139
0.035733521069026775,0.1725819092573157
0.034751321925710316,0.19698087304174325
0.03298016045703095,0.24771576684490612
0.03871413948131497,0.11296869960679994
0.02796498490516014,0.4442865057236586
0.017873976076675402,0.9218969591390671
0.027189441983153706,0.4821557675491269
0.0185894204442405,0.8979313553339832
0.02342546099027737,0.6743326922125259
0.06982166698255182,0.00017974360813286902
0.022386745850148326,0.7278020804439704
0.01883158832884757,0.8890883697034766
0.02846895046244874,0.4207713265670847
0.027332617864629205,0.4750112231488205
0.028059329377698228,0.43981885023885015
0.026948018229667747,0.4943598443538154
0.0177717349516352,0.9250470374986937
0.02073804535809927,0.8085473493886937
0.04015507216675057,0.09093309767127687
0.030039297023922162,0.35299279551833873
0.019976638944353087,0.8428066616682577
0.03294319947751101,0.24887165669517036
0.03263458960095278,0.25868335617626786
0.023112092034795917,0.6905689733668987
0.03025412955684581,0.3443606307049703
0.034435723375161154,0.20537072210302232
0.031188698968682593,0.30856815453973935
0.021508671415222558,0.7717013089148625
0.02924807839681287,0.38610799094725173
0.025185841502712664,0.5831713828591969
0.015957814341372556,0.9689179153102805
0.02277648440461566,0.7078725385639302
0.01750150789588978,0.9330309760808875
0.014595140316973731,0.9874567392096927
0.02666491121115372,0.5089213897501956
0.04919785658129816,0.01945040531458561
0.01925302678478824,0.8728760312056607
0.026117364480071847,0.5360433750726903
0.023040570823982753,0.6942652201892041
0.023956326592767696,0.6467457334322315
0.031247804298379256,0.3063996455719335
0.0325060273096755,0.2628559355876509
0.03946934202313601,0.1009244626587302
0.021216462947499126,0.7858925333398629
0.02638407057468506,0.5228043225499917
0.02619512814833158,0.5321700922993395
0.022091946372488458,0.7427191073099293
0.02719129166418713,0.48206302548904156
0.029113250385482237,0.3919600095194005
0.052317139042939886,0.01062905377795433
0.01747028871039799,0.9339211019636021
0.02315458185225186,0.6883711892686052
0.03971767080097935,0.09720545830376955
0.022878077356622173,0.7026461727719182
0.02086979131956951,0.8023868108255913
0.01971473423535597,0.8539954537439202
0.03254217624298117,0.26167760426681846
0.021511169767182675,0.7715789400364815
0.03282441535106351,0.25261417791602375
0.03094262881768073,0.3177170002769045
0.036239332924547396,0.1609899193717917
0.023482379643183893,0.6713780677233041
0.0331362967250938,0.24287789393810238
0.023678612729119863,0.6611834690257716
0.03620223978924764,0.16181824369848977
0.02162872573991126,0.7658024622963656
0.024407016059244557,0.6233388198031854
0.04206813633937212,0.0673447635640112
0.038164916281354766,0.12245412949413712
0.02829291288747604,0.42888744926996053
0.020295236749678924,0.828767705120596
0.024337056653282785,0.6269676152741726
0.02025283453523581,0.8306619528815866
0.030497769608072822,0.3347549979419155
0.020332020267190276,0.8271182644869437
0.026967500876553863,0.49336768920434176
0.029698033241646105,0.36701964622105815
0.016236278369291535,0.9636658863495552
0.0378562270216074,0.128066275490729
0.03184537935055243,0.2851003136717489
0.026311013970785835,0.5264179618666764
0.021384053877062437,0.7777833478338659
0.04972077428624133,0.017622113014704066
0.039087284051989135,0.1068769564795046
0.031442597171812525,0.2993320475136453
0.015282459562398487,0.979525213498666
0.02385368114144104,0.6520823279521164
0.020707040440435143,0.8099879765684096
0.020358817780398164,0.8259130270507025
0.02064772262014497,0.8127341379584402
0.019841364471680417,0.8486269638164283
0.05668919104903514,0.004280955398082072
0.037164832938172854,0.14140093114715202
0.05150366096056491,0.012487848869325652
0.02075327122052184,0.8078385886312969
0.04538265440446171,0.03872721933980837
0.03348060014221799,0.23246474106916176
0.021586631169625004,0.7678750446518059
0.02702464581602476,0.4904649662511089
0.022106543450683414,0.7419842310194467
0.044441435241076466,0.045509076930358355
0.0328815749004,0.25080796416751017
0.02502618551040825,0.5913619231599239
0.03280248465049562,0.2533097891472644
0.03652964871079367,0.15462369269179616
0.023318682688109216,0.6798715394226642
0.02714076510562291,0.48460055853177797
0.03909647949141948,0.10673034477538439
0.018509900419361236,0.9007567482464872
0.0337289566865977,0.22516864503159445
0.012815648428019744,0.9976634531505462
0.03000914062166804,0.35421672580055186
0.022939241611539596,0.6994944264836316
0.020174388981925362,0.8341458850496624
0.025016272286566346,0.5918713578761351
0.021371312816211352,0.7784027328985879
0.03105715655567698,0.3134345948363035
0.02216575990157199,0.7389988365610138
0.01122578391288298,0.9997575861963547
0.04438790589068653,0.04592399833346049
0.013889393136318262,0.9930170439549755
0.023128557254225024,0.6897174710726637
0.022059946674386044,0.7443286381418901
0.027079111249429078,0.4877086108956262
0.025683036309098517,0.5578608668925052
0.03554690496236823,0.1770228487104095
0.03843129348644275,0.11777498009324637
0.02201156813651023,0.7467581029673671
0.04079374901993921,0.08238626893386686
0.04320819716856528,0.0559377397946945
0.04595058933528606,0.03507678165213124
0.027493442242522814,0.46706875675812953
0.026062654705371113,0.5387746564202845
0.0327873915137839,0.25378936504897914
0.020495662046478347,0.819712161837643
0.03557199815860612,0.17642047559754193
0.021789035115914457,0.7578690866950615
0.02947119999121435,0.37655782032479024
0.03184375105180848,0.2851568171876969
0.0302959146153452,0.34269936500826215
0.02068382151207393,0.8110644894248883
0.02182973678972494,0.7558450959075589
0.029776997041805586,0.36373957795911716
0.035682052381976415,0.17379777330612672
0.028607402863579767,0.41446177603281276
0.026340261393044906,0.5249700929191651
0.0344612168039542,0.2046828190763687
0.018641401608233465,0.8960632981566654
0.03634160227094424,0.1587237395724714
0.03450117311426454,0.20360827604916615
0.011430714387213659,0.9996566519815745
0.03798631419442916,0.12567607980172635
0.028194206831791135,0.43348419305029406
0.03277863357415001,0.2540679588488735
0.02731200741869899,0.47603542057383086
0.037249832598769045,0.13970318940663895
0.019086884412577332,0.8793886396162655
0.02613141069435701,0.5353429749814371
0.03992761357870911,0.09415119266109569
0.02693967186291446,0.4947852753703511
0.0219262136447399,0.7510325996465756
0.021084534984599335,0.7922158615795365
0.027227903991744795,0.480229682996098
0.018965912866979934,0.8840321074016109
0.02056047533729416,0.8167489337633416
0.03223434152741789,0.2718401783110385
0.01674832291291517,0.9526143412963051
0.03816676398673674,0.1224211549142444
0.027537106353926144,0.4649274855729815
0.01634672151628258,0.9614360151548
0.0476545744254529,0.025871013388174494
0.021187153986588048,0.7873020292084618
0.04058280548015247,0.08513099063451328
0.03138201256869877,0.3015172339081966
0.020480411585607983,0.8204069771482635
0.033501561850405925,0.23184201112453542
0.023307384895022376,0.680457239308693
0.024290575588236413,0.6293797941554526
0.021426235549790673,0.7757294724955283
0.04939121254139972,0.01875553171086038
0.042014940564810754,0.06792225931088967
0.04022051498756274,0.0900244683693296
0.01889821304747291,0.8865937384433042
0.020797662244298243,0.8057673633015533
0.017191148978443316,0.9415799824875816
0.028318033692184164,0.4277228446365473
0.030976225325300033,0.31645637190346126
0.035720940819049085,0.17287847040250823
0.026041355176518288,0.5398393729111134
0.032323098817129026,0.26888013944292877
0.028562197292250513,0.41651475004916205
0.03369477778872709,0.22616213237151456
0.02505177742132292,0.5900472275396457
0.03339298136186247,0.2350816227385789
0.02217528058327689,0.7385182345317602
0.02436207319479708,0.6256697447232391
0.025166801130714123,0.5841467331619148
0.028787378814811693,0.40635684560691254
0.027861123244253605,0.4492397569223913
0.021812751864463187,0.7566901775762156
0.02390916204610921,0.6491977885626351
0.029235044771550395,0.38667102848006235
0.011701396950111964,0.9994716038855117
0.025016797679809605,0.5918443557658408
0.037903010759163025,0.12720243409978696
0.028580957693671083,0.4156619224035026
0.03368098815668108,0.22656391418875055
0.030084193274498183,0.3511762124454169
0.02491653759962531,0.5970019834467104
0.03797881511025675,0.12581286686575044
0.035555962530333995,0.17680522986086394
0.022631953760396395,0.7152871424390654
0.03994613469371097,0.09388564084774707
0.02142529395471804,0.7757753744788344
0.036861451909769,0.14759741088183514
0.03559869654491565,0.17578135716782695
0.026118929467226437,0.5359653216902404
0.02376588153560355,0.6566470525450114
0.03482159633502213,0.1951497939546648
0.0287580826243517,0.4076686924314254
0.03482500228298668,0.19506138874844212
0.018326295385227787,0.9071287601124682
0.017954090385745358,0.9193795784279946
0.030274667321737947,0.34354338355383135
0.021513704374960363,0.7714547782252266
0.022063534229976423,0.7441482911333416
0.03409509448323661,0.2147360573596176
0.016530172155516554,0.9575456542159202
0.02605776634132151,0.5390189471377638
0.03373713962051372,0.22493128935073126
0.015377038227189888,0.9782151826344847
0.01653616675495037,0.9574145838653385
0.03488632569077743,0.19347504388973694
0.029315296305560457,0.3832133145426883
0.030769736423998273,0.32426220974247966
0.018368409235283684,0.905686079941653
0.018404466171499156,0.9044419177632576
0.043355932711940603,0.05458874492907107
0.029307036157618815,0.3835682124857927
0.02553744542484504,0.5652386080379467
0.01987253494041802,0.8472935392040561
0.03168037126095491,0.2908686430993237
0.03408125782695404,0.21512337618774632
0.03310734052809011,0.24376961568236163
0.02082140355847062,0.8046567011265494
0.029518204427180117,0.3745671881235812
0.032410858827154665,0.2659772134664683
0.04580057627697964,0.03601045625129879
0.033092380717034284,0.2442312878001139
0.024756867248690195,0.6052345679451534
0.023390674179577298,0.6761377766470478
0.01964897325022741,0.8567520773355899
0.04606061917261267,0.03440551094576551
0.04547962240970638,0.0380814039841146
0.033596906301972596,0.22902567236849464
0.02544136579315176,0.5701233991531334
0.021938337425446874,0.7504263903521559
0.029584255771200885,0.37178241252470773
0.031700382685491246,0.2901645158781758
0.03653745874155756,0.15445526791050804
0.035295194335054125,0.18315595885892733
0.033516117290575353,0.2314103524675238
0.021037592970079066,0.7944523723619259
0.017349913686055984,0.9372902102454578
0.012041126222705922,0.9991296766390145
0.025449977782071476,0.5696850567905408
0.029606758072299955,0.37083702871615626
0.03638675574815842,0.15773136671937366
0.01602308314262929,0.96773409155423
0.044454390998040605,0.045409143386909094
0.02134166674012461,0.7798421221196365
0.017873065685107298,0.921925318919366
0.030126662216453104,0.3494639815173103
0.03461809863853749,0.2004891051263223
0.032954850738837305,0.24850684238042323
0.03331901765561174,0.23730819361877106
0.018953058756222885,0.8845205412579825
0.029697593203653394,0.36703798314681857
0.03100357374704943,0.31543288195126473
0.022641013294018686,0.7148231452372614
0.014900315910133799,0.9842686930816246
0.019386551369753757,0.8675315782711033
0.02170495095508429,0.7620380421887797
0.027034231513729134,0.4899791325007055
0.015584537302932522,0.9751443559710983
0.03248333791789915,0.26359757144528445
0.028907627483584275,0.40100262404393905
0.029676340888511787,0.3679243622053988
0.03661662023482393,0.1527564534050504
0.024092791122578117,0.6396525124644983
0.012921247711994766,0.9973642222438954
0.027138791588332156,0.4846998471623607
0.03245382987125772,0.26456444094770515
0.027389262131369496,0.4722037994529912
0.03745394813415251,0.13569382659548213
0.025267768646091593,0.5789793371852028
0.03792236176642316,0.12684652296689297
0.028881793598237004,0.40214879316757524
0.019006482029759075,0.8824842597239198
0.037279362559720086,0.1391172604634818
0.019722240795860893,0.8536794131155269
0.020368250084292994,0.8254880881441283
0.028158632607446665,0.43514898318415196
0.027961007857261105,0.44447550082926524
0.04917685073911415,0.01952726111575938
0.02926573351547923,0.3853462204056412
0.01829599619375616,0.9081596939774971
0.015555999310569626,0.97558294780104
0.02629091997480143,0.5274136087658009
0.0491616809737625,0.01958293228036841
0.04188648236330747,0.06933422751346298
0.02319421418405071,0.6863200278809178
0.019167573229348145,0.8762450268745001
0.0288074332589362,0.405460504295218
0.023032350406033686,0.6946897842727002
0.03854635121634167,0.11579991629660956
0.01806521045551457,0.9158172214511846
0.03952006031570754,0.10015542101279984
0.028606142775944282,0.4145189081995833
0.02346081360470964,0.6724977066173541
0.022102990390981514,0.7421631446821798
0.02286469461190177,0.7033352704116519
0.023249791911934492,0.683441828077558
0.033773548635941286,0.22387754085394596
0.03480029240633742,0.19570347516117856
0.026269238352691793,0.5284887477701856
0.035400188063213434,0.18057758710158137
0.017239659005033492,0.9402878733951119
0.033312634875468206,0.23750109194760727
0.014401814939434376,0.9892193962651649
0.03592543086308575,0.16810792299109031
0.030155275063265624,0.3483137524283017
0.022138385538272576,0.7403797425365268
0.017025950452172256,0.945856932745814
0.026034581874068485,0.5401781156971897
0.02936280720534412,0.3811764508226596
0.019472223832908586,0.8640519713135717
0.03651888429380157,0.15485607149790964
0.017095361335004722,0.9440831409559198
0.016553618086838973,0.9570315898529207
0.018391359329620438,0.9048951305634346
0.035459495094330884,0.1791339149331925
0.029386040116492707,0.38018317769545057
0.029426374827698054,0.37846305191332463
0.030931967707998276,0.31811779603070345
0.03763232741502698,0.1322671474124175
0.02570475942950501,0.5567626700289462
0.023392590681268977,0.6760383440551355
0.019857283575769435,0.8479465520180194
0.01771913052446694,0.9266402772423248
0.0248537306686529,0.6002376831776943
0.029279199300899637,0.3847659120634736
0.047746935971199056,0.025439592306666203
0.02340457322746825,0.6754166225672072
0.04117230690171392,0.07764761854942583
0.03345263905784163,0.23329740565835932
0.049978897853183435,0.016777576042973395
0.03533840476837702,0.18209132023438135
0.023949061265310267,0.6471234426279182
0.03324479722162543,0.2395586796444492
0.025034112622565274,0.5909546244498153
0.03775481478348708,0.1299552854146168
0.02448859531334202,0.6191104118658243
0.047170414261096805,0.02824011166202855
0.036072380859708875,0.16474503986995467
0.018367475081188578,0.9057182035850647
0.022048181245096277,0.7449199076223484
0.036160450088362994,0.16275553235583473
0.04291274854172078,0.058721700363835325
0.024152243614606106,0.6365633926142421
0.016624537608534606,0.9554533098873703
0.019585199458948682,0.8594045314046469
0.02657011401706383,0.5138574962286876
0.034570269168911705,0.20176048217378087
0.032756974679263584,0.2547579323497533
0.026573783999481793,0.5136658383510028
0.012403382628797088,0.9985851603340025
0.046273285611608705,0.03313993450418743
0.02005047293061768,0.8395937622916965
0.022904791992836404,0.7012700471452604
0.025205856609678612,0.5821465399998628
0.04370005690463463,0.05155467632018911
0.027316262638781175,0.4758238476230406
0.02975277303594337,0.3647436067756602
0.024979393779081094,0.5937673757314559
0.038940967960955086,0.10923236651553411
0.046217070612750044,0.03347043226171987
0.028256968263820015,0.4305575677098315
0.026485740474592845,0.5177920596437846
0.03689397350221957,0.14692283993363395
0.02569830535708212,0.5570888785557653
0.035414791393246825,0.18022125555460752
0.013574680406030604,0.994789664914644
0.0369204807208523,0.1463748659155966
0.01906372386941524,0.880284151950729
0.02707836326337032,0.4877463967021547
0.013284198318685214,0.9961010797902411
0.021060513641478318,0.7933612362470293
0.02645970589600688,0.5190736723471892
0.015389377524807624,0.9780401702516482
0.024532070207243684,0.6168585451186528
0.038908893326611405,0.10975440915759947
0.04431561611197887,0.04648954229154179
0.033215377818036296,0.24045522494460703
0.03535413879781968,0.1817048761426721
0.0190960689520034,0.8790326698694928
0.02149113958358928,0.7725595420055194
0.026915999203850904,0.4959931961877515
0.019473573652047438,0.8639968372399037
0.021084124727892117,0.7922354389709412
0.029532626656419814,0.3739578907431621
0.038272526998101325,0.12054579851599363
0.015683607049505888,0.9735809749447936
0.02753022447562309,0.46526454134859213
0.024200888655243946,0.6340365306208396
0.049316160344400006,0.019022575059639536
0.01916949122737502,0.8761698562447412
0.029350410690979323,0.38170717780130453
0.02938778079420512,0.3801088316502316
0.022370136216106673,0.7286465219773698
0.02184521296553682,0.7550745083816348
0.03009097007573458,0.35090259041330474
0.017957303491146437,0.9192777212593412
0.0364505916603175,0.15633690288925398
0.02230599074383305,0.7319034636829782
0.01629872697653656,0.9624153590947803
0.02712399860266934,0.4854445086739455
0.019233435992602188,0.8736519740905939
0.026056020275428804,0.5391062147064822
0.022068797665220963,0.7438836510034834
0.023865592902898414,0.651463013161977
0.019602029175168012,0.8587065700176729
0.03355393315532218,0.2302917636641286
0.021583094275862913,0.7680489807110917
0.02695034179004685,0.4942414496387417
0.03526599054945906,0.18387827819684532
0.018670993964894633,0.8949924261688924
0.029464022447380583,0.3768624393790343
0.021087340860770687,0.7920819509780624
0.025933185594495867,0.5452582011794798
0.03238104005985476,0.266960903758636
0.01818517165366762,0.9118801337554263
0.0327663105804743,0.25446035076309825
0.014636676426997342,0.9870526240415033
0.015009241848448901,0.9830043220828265
0.0387319598027599,0.1126713909370017
0.025899316115671756,0.5469588464127256
0.03289976519551957,0.2502352206240721
0.027477504635082917,0.46785194018478
0.033624831760072804,0.22820579601623903
0.019646414087215625,0.8568589148922567
0.025599341659759967,0.5620983873068857
0.05541159920390348,0.005626365542896078
0.023978677899576195,0.6455837672007176
0.037593388973394204,0.1330090723315692
0.04590304613725804,0.035370366021071374
0.032781884933654304,0.253964504689131
0.019136919691206677,0.8774436060383279
0.032362358027418936,0.26757859631930353
0.030238627341242608,0.344978421955543
0.02114273595440297,0.7894330444980053
0.019812097561565045,0.8498746938796914
0.05380563941692229,0.007862927669950148
0.018421368980988673,0.9038558402522127
0.020083957371433092,0.8381284523948141
0.035888923443120446,0.16895181665056236
0.02607076576321038,0.538369404502117
0.0169730949596979,0.9471850362757533
0.03716141173529319,0.1414696133940413
0.034046807664857015,0.2160900667955162
0.03382209064771602,0.2224785684467158
0.02772825949148683,0.45562948109005
0.028532956689666933,0.4178463714400535
0.020389708784556704,0.8245199653775772
0.021520764647095958,0.7711088287292851
0.025677501776675882,0.5581407718852838
0.044674140555144626,0.04374289634504825
0.03026291224094002,0.34401097643380657
0.030907393128419502,0.3190430589139929
0.020668806344498414,0.8117595698034346
0.0343695573451549,0.2071645318329558
0.02053826779098175,0.8177661198415439
0.03868132330383517,0.11351788947031984
0.0433787279215041,0.05438311295735341
0.028202010085463136,0.4331195929421043
0.03302422120390741,0.24634318363312235
0.02071648024791284,0.809549738194504
0.020427847289345213,0.8227946334421825
0.022320308939812183,0.7311770612267012
0.02366200100942875,0.6620468465118581
0.04214059430563555,0.06656489333071361
0.029652416153944428,0.36892400411323634
0.04811592131442466,0.023778943018150894
0.03586935276003822,0.16940559526475218
0.03058827149235807,0.3312365165324275
0.02883054270492441,0.4044293028987293
0.025503552286337494,0.5669603606006158
0.02928143053517207,0.38466981578217274
0.030424039524436175,0.3376412673309263
0.02764171134685056,0.459823979581458
0.01714025129098551,0.9429180396620294
0.03056531295305953,0.3321265490248318
0.023660274442695473,0.6621365800622633
0.026706305045459233,0.5067754730581582
0.017579687672690136,0.9307724744955044
0.0336855587339871,0.2264306826263736
0.024632994885952164,0.6116354945941677
0.022603092567048733,0.7167645887977643
0.034826477974629566,0.1950230952767481
0.02422657246725718,0.6327026834116256
0.023560773741575683,0.6673066941653105
0.01734199581036147,0.937508301035856
0.01388838118226482,0.9930233826612425
0.023000662111231418,0.6963258577055371
0.029584857463476166,0.37175711175422543
0.024427453873148375,0.6222791584264178
0.024481185671140937,0.6194943180854942
0.029640501633028893,0.3694225385254579
0.020474380815204543,0.8206814832369738
0.015220721844113494,0.9803506634599246
0.01862840603854643,0.8965318800570616
0.028568928029298335,0.41620864099064125
0.01908598171836029,0.8794235999008453
0.02407700306817273,0.6404729889125874
0.02462131701631931,0.6122395033038704
0.03494552922670635,0.19195317175534524
0.045832539243605974,0.03580971614424267
0.029471501782336873,0.3765450159165192
0.02845225644626903,0.42153649015204264
0.02110356090089205,0.7913073509225339
0.029104351326549316,0.39234841188101766
0.024580582648861565,0.6143471060713264
0.024058872107850626,0.641415284284877
0.021817340552976794,0.7564619335226637
0.0196201196002731,0.8579547110281662
0.032601496140480246,0.25975261577826364
0.03562309738028113,0.17519884816720627
0.027873404708463112,0.4486521359484603
0.025192512439058096,0.5828297575668165
0.03374910070774917,0.22458469099522255
0.019769275908399386,0.8516927954789055
0.022402533909278266,0.726998998937518
0.02417067583768201,0.6356058509189337
0.03137588202652586,0.30173900452281155
0.03964716505670318,0.09824955083800418
0.015973461063222394,0.9686367342232445
0.02430759387542314,0.6284965096835597
0.023437879142647056,0.673688185040885
0.03135001776597962,0.302675957532397
0.017274983884306788,0.9393366460178455
0.02716327586629841,0.48346896243907145
0.021583820795753494,0.7680132548295071
0.03288142341444489,0.2508127380609751
0.03144454887082204,0.29926184740561934
0.01914298136418935,0.8772070084992044
0.03127573616065232,0.3053787536506113
0.024225938421133075,0.6327356089321741
0.046299874430673515,0.03298461466406012
0.020507381848127504,0.8191775723741725
0.031945071829414085,0.2816567205456753
0.033947613761711626,0.21889231125245617
0.04416319287377901,0.04770180944445647
0.017517671325433914,0.9325674838030751
0.021832410869602387,0.7557119874387639
0.020009134402838247,0.8413957126574161
0.03058051243479476,0.3315371187311962
0.027028077514045346,0.4902910011977947
0.024617327445361714,0.6124458752928263
0.023210456233806798,0.685479111552809
0.028562318102992035,0.41650925431268887
0.023539960509500024,0.668387821815613
0.03411897819112819,0.21406877227358873
0.03971406321819948,0.09725865594845107
0.02768131300016774,0.45790155975602237
0.02483519015728125,0.6011935215286714
0.037028488988033126,0.14415911417844682
0.02105916368244895,0.7934255486092998
0.01209447229081917,0.9990624380598283
0.024276285978840906,0.6301215436624826
0.04356528508822499,0.05272513812851999
0.016514634627509017,0.957884213388386
0.02387913789780116,0.6507587842379128
0.025698369992751657,0.5570856113671547
0.03548881528802322,0.1784235797226241
0.046158393779754336,0.03381848542063614
0.036321499375563504,0.15916716540152157
0.02175222157435608,0.7596964038402587
0.020971737862814144,0.7975777091925023
0.017987709560549098,0.9183104318332456
0.018041324664479497,0.9165898630138604
0.03183783680304797,0.2853621172554378
0.022129309177292056,0.7408372885911365
0.04091320245800134,0.08086533719220791
0.026426851369981352,0.5206928631251526
0.017080021335176943,0.9444780551724878
0.035967423407100185,0.1671413999589965
0.042240476289451045,0.0655024929241718
0.03291187623047864,0.24985444102221324
0.019570411895191042,0.8600166019613995
0.024560219736199818,0.6154010929292149
0.03933656260161267,0.1029611039137277
0.023197759988999755,0.6861364624622102
0.03327265081709663,0.23871220818168223
0.018096822418391112,0.9147888802454731
0.01346136000654441,0.9953359907345292
0.022134091003947143,0.7405962527440071
0.02556713585915793,0.5637316407876358
0.02939049900163393,0.3799927546743156
0.031806278428665236,0.28645945325296374
0.024278029042122035,0.6300310599304708
0.02884680655139718,0.4037046504560803
0.025105207897730297,0.5873045955550711
0.023585994319351045,0.6659964581108628
0.022282546626524125,0.733092097266588
0.015969047377476953,0.9687162174763214
0.01949576166969591,0.8630891848188047
0.02107249026738356,0.7927904067190493
0.02671221867383089,0.5064693721141376
0.030746293705964933,0.325157157005862
0.027772721161381936,0.4534845517799325
0.025713263121547786,0.5563329614592957
0.02469247837429231,0.6085603504837825
0.03566348508409933,0.17423806371608577
0.045715264821589996,0.03655107664792289
0.03076019311979744,0.32462631837943534
0.018975069597231053,0.8836835815617836
0.029949947743867056,0.3566278995652243
0.02065475514740356,0.8124092556000168
0.02317780102150946,0.6871696207161435
0.022375488259846588,0.7283744701082321
0.03300043566066435,0.2470834317389429
0.02173334055311993,0.7606323556619917
0.030140086367702823,0.3489239971658641
0.02597138752816619,0.5433422463427664
0.02218581986390633,0.7379860178160405
0.02331943168150563,0.6798327076339064
0.02547874499911007,0.568221537841394
0.020175189396211435,0.8341104728773674
0.028612935352241714,0.41421099747235646
0.02697318971313961,0.49307822632693193
0.043379217968846584,0.054378699651876014
0.018039116062517846,0.9166611151900678
0.018861528225812663,0.8879705786058976
0.01708705384730591,0.9442972138827976
0.029048840516144536,0.39477721854002545
0.021236164502441313,0.7849435853554153
0.024799146182801407,0.6030525708639638
0.021740143317589444,0.7602952338578586
0.037287533329033784,0.1389554903447959
0.035271129426789005,0.18375101148024484
0.022771843092452393,0.7081110338615294
0.024046554027933653,0.6420555102035472
0.029118744213998682,0.39172036263601806
0.03204615158389068,0.27819693200408874
0.02981117784872722,0.36232618669969774
0.03625304463605794,0.160684585589099
0.04947220044113643,0.01847112737011103
0.04396959070186979,0.04928097841748815
0.032532923272554526,0.2619788394683485
0.050848043482398686,0.014193864439250902
0.023254073000315734,0.683220041610836
0.018758685054654334,0.8917878247200492
0.02762584975492055,0.46059545487722275
0.04728566733600453,0.027659427082796353
0.03260124899665484,0.2597606136015457
0.018740464756618613,0.892457501785114
0.018789847460546016,0.8906378393259317
0.038329529528291606,0.11954487911689061
0.021980995678279547,0.7482909130906241
0.03196359500985024,0.2810203166244898
0.028031378390595718,0.4411393141328051
0.027253234210609212,0.47896393926402503
0.03396936509360454,0.21827543766584878
0.03861036142285132,0.11471299863579142
0.04006924705845938,0.0921363588195032
0.027854537027572457,0.4495550928814785
0.03672779595854658,0.15039605419182348
0.03297200543809731,0.24797044912640345
0.029207205347524884,0.3878755713728125
0.03246603754967281,0.2641641172643545
0.02127525982972922,0.7830570309706804
0.04392420374357914,0.04965766521768041
0.03847267586211206,0.11706144631931792
0.014925200461905708,0.9839858554888206
0.025949182338030563,0.5444556214126224
0.032615417890116905,0.2593023940258141
0.017516022921209795,0.9326148347535006
0.016873327545792405,0.9496385728619547
0.04329728400883176,0.05512088496448353
0.02128674554748533,0.7825019133823998
0.018169652667656244,0.9123947600233574
0.014882452844594107,0.9844695494326071
0.031645976084622274,0.2920818357151042
0.028325437255975444,0.4273800222371327
0.037857510762332514,0.1280425079131707
0.02012773449850558,0.8362050868504978
0.021280118732589837,0.7828222427588668
0.034233398595670594,0.2108942893729215
0.01717784984770332,0.9419313506179374
0.043249970631182855,0.05555342329272288
0.036492206066114585,0.1554332035596185
0.03710830628351519,0.1425392039415974
0.026671628395652958,0.5085727697311602
0.027142899270810483,0.4844932024396292
0.020094171967019236,0.8376804411415352
0.02601336055259368,0.5412399231669225
0.03199508511129037,0.2799408659388413
0.01934635935313922,0.8691504763320866
0.019717081589015084,0.853896655740878
0.025240813027730846,0.5803577456832161
0.028950873945528727,0.3990889525417987
0.03184108003130781,0.28524952216221233
0.04611714403236589,0.03406506323640082
0.030199905410814437,0.3465250230128643
0.02690862340728417,0.4963699395589375
0.03554098862837385,0.17716511041176894
0.025549835180320724,0.5646096061807379
0.02728799875256438,0.47723029891859364
0.032910731249555236,0.2498904211961884
0.01849970986919014,0.9011159785823298
0.02192163357316046,0.7512615283120503
0.018270838284635604,0.9090112161448441
0.02605461041725529,0.5391766825329007
0.0377921034603762,0.1292580784584868
0.031881197330420274,0.28385949946741545
0.028937339693010045,0.39968716987774394
0.02330982496148415,0.6803307474574085
0.028457664351760337,0.4212885176110422
0.02934762939892055,0.3818263229432227
0.016177166853533653,0.964824923010378
0.03456122307789522,0.2020016477919722
0.03413750569535634,0.2135522430086452
0.023481094267908953,0.6714448052779514
0.047187778193029106,0.02815194360450194
0.02990064668151393,0.35864501307987795
0.02894415334126471,0.3993859277070181
0.03721328976782573,0.14043103896566947
0.021270757338498925,0.7832745339532916
0.022239952744403713,0.7352492011044619
0.03154916805319441,0.29551655824835965
0.023600364510031446,0.6652498327463677
0.041474652732422124,0.07403048179420678
0.03818833011717404,0.12203681947413364
0.04808739064465278,0.023903829286395423
0.03037708689306462,0.3394885927021527
0.01627792005072748,0.9628349961745157
0.023756883590424938,0.6571148286570043
0.02377083945491687,0.6563893019577534
0.0340264833109305,0.2166619566443925
0.040324679252085494,0.08859392804233975
0.01804099961874084,0.9166003514055467
0.026307651725886116,0.5265845078253415
0.03298126677766122,0.2476812316387123
0.01965799611376834,0.8563751353170055
0.02424039946361356,0.6319846926846266
0.0303664302537896,0.3399088807513616
0.022152019301598824,0.7396921606372899
0.01925515931329394,0.872791439287588
0.039965620133770696,0.09360693923639524
0.018040632485448294,0.9166121970152677
0.01745177463368297,0.9344458023842485
0.017702576962464023,0.9271377533946996
0.026510262375376403,0.5165861065176143
0.022918484146761564,0.7005644583464518
0.0433548590268068,0.054598446958678215
0.022006932912811417,0.7469906234415957
0.020799393619627293,0.805686434908331
0.021055605157145774,0.7935950490344557
0.02562555255917942,0.5607702310526056
0.019401850976354384,0.8669130452586032
0.03549879005860157,0.17818243250258126
0.026690817936013467,0.5075776731539039
0.027126729658402904,0.4853069748790788
0.02356811299741718,0.6669254307903387
0.0324620402108462,0.2642951508627999
0.028934923705798143,0.3997940220998088
0.03937766931204739,0.10232696729926037
0.03204315072799113,0.2782991872931422
0.01707869186442701,0.9445122036824879
0.03485225017287924,0.1943552705404839
0.033667999577156604,0.22694285872068265
0.018783544732296376,0.8908708988829728
0.03942325442997113,0.10162754566727006
0.027835714780966303,0.45045707852588507
0.02563833468662008,0.5601228909652546
0.03123677075438608,0.306803603455927
0.037117668902624024,0.14235015805647014
0.025489924223633664,0.5676530956358059
0.026993199326936224,0.4920609523186374
0.0416406836617883,0.07210566393521693
0.04427256793746903,0.04682918091039259
0.02722370533918894,0.480439698130013
0.04055608377961761,0.0854841133791373
0.022038418564702345,0.7454103181318761
0.02868274984373448,0.4110553183869852
0.04668794557476774,0.030789351857000574
0.02883929750612324,0.40403911272761345
0.025119928779125722,0.586549488300079
0.01882454699288927,0.8893504809447494
0.02283971287926051,0.7046211145929959
0.025946295592475965,0.5446004228603012
0.020097004486685333,0.8375561237226006
0.02956240187962933,0.3727021746392207
0.032546081567345786,0.2615505428299461
0.02623222911285339,0.5303259115340995
0.01640312690244103,0.960264699565857
0.021575789781661525,0.7684080956731564
0.04304217814178579,0.057487801456401276
0.02644410098896316,0.5198424825793642
0.031142855160803506,0.3102578365781133
0.03725969835782794,0.1395072120414966
0.01998946292236048,0.8422504307915148
0.02719602044654784,0.48182597935315885
0.02254714535993163,0.7196253923643875
0.020379799062465787,0.8249672860139192
0.02573202540311098,0.5553852457012796
0.027240919449578516,0.4795790332406703
0.020380702038947623,0.8249265428805821
0.0244640779739993,0.6203808147231801
0.020528094566713895,0.8182314418679522
0.04480368245142041,0.042785750422979246
0.03061114743113144,0.3303513996811773
0.03453190695331432,0.2027847541261416
0.037022156825498365,0.14428826252186325
0.025128213897439022,0.5861246055105638
0.02510620696849991,0.5872533409342369
0.023403051595387914,0.6754955770354205
0.023436719953664503,0.6737483502204346
0.037732856433340345,0.13036728804286
0.03521562904939224,0.18512919412142848
0.016787399264518124,0.9516958766703465
0.014597549339387172,0.9874335511308524
0.0194081817121039,0.8666567401279219
0.023279539796162263,0.6819004753388496
0.022497581559565716,0.7221561063918864
0.03993397422113576,0.0940599243964621
0.027216750022729275,0.4807877318177412
0.029489804757770383,0.3757690264327502
0.022879428715099293,0.702576578996136
0.02428776236604735,0.6295258174374344
0.023653394661598992,0.662494131829074
0.02732177106094391,0.47555005547442
0.042400507713250046,0.06383048822486793
0.02782677193494243,0.45088605199417703
0.013789292542199072,0.9936235151510714
0.03660697264611479,0.15296268299523996
0.02915898117581378,0.3899682778125549
0.03088163921173226,0.3200148244841558
0.034598646413708356,0.2010054153002623
0.026346530133403268,0.5246599698126143
0.02752139101144052,0.46569741573548235
0.029794551784834145,0.36301319586371406
0.032550093039571126,0.2614200762675234
0.027566791759189968,0.46347541416450205
0.0427199856211149,0.0606014760488084
0.012439263282861601,0.9985189455899562
0.016097909934639,0.9663414876668024
0.023929093686143654,0.6481615369764444
0.019869554959763447,0.8474212196764104
0.03441466066398935,0.20594042823999234
0.022676276899386116,0.7130160598343221
0.03740907152326134,0.13656719277927598
0.022129427899310272,0.7408313047407049
0.02290276685701409,0.7013743913015197
0.021826666964516073,0.7559978833879231
0.039420514424658215,0.10166947347145876
0.028496535414708757,0.4195090492888449
0.019427156527888956,0.8658872494023322
0.03938810160945694,0.10216655022663787
0.05331037627393986,0.008700594621417954
0.02973222277320331,0.36559690023279795
0.03193982224862442,0.28183727630322525
0.03601186253592245,0.16612340218999394
0.02467649434396374,0.60938643374696
0.0431804246721611,0.056194510739312524
0.027364221590912174,0.4734435281746947
0.019711878079856637,0.8541156297904239
0.026093181300003487,0.5372500422291797
0.013927427857371388,0.9927756697611541
0.018342454720645884,0.9065765336031819
0.04308098130332366,0.057122243612743116
0.022857150827823844,0.7037236288939468
0.032106887920749894,0.27613334192579214
0.0218844770132276,0.7531170575544501
0.0188715636163527,0.8875947237308478
0.05684783489909062,0.004136319225156434
0.028045858014906916,0.4404549351967113
0.015484539135302955,0.9766583399724906
0.031035261949816317,0.31425000052473134
0.04023055727416103,0.08988571408696515
0.023005495402159126,0.6960763709398017
0.025932252682652757,0.5453050195283495
0.025972437677459492,0.5432896115358326
0.03703124653998208,0.14410290147686872
0.03840845208095134,0.11817035320483665
0.025524039581991176,0.5659194309952733
0.034699763071599055,0.19833284446676208
0.027438146867287516,0.46978969049374025
0.01909844939623706,0.878940331620657
0.03400486646155476,0.21727150121830643
0.016749076444968147,0.9525967310934307
0.032841225089643045,0.25208197766733403
0.030129408443421934,0.3493534665086843
0.020432754223578986,0.8225722178295403
0.020211646254569948,0.8324945552531242
0.024505015295135713,0.6182597765711316
0.014973541601845608,0.9834262594377187
0.03387965971802198,0.2208281985852257
0.015824750332310733,0.9712429533673199
0.015197201156770812,0.9806590357297758
0.021677859161874452,0.7633776362744678
0.037366690746791664,0.13739617968744847
0.022009397142159215,0.7468670138187801
0.028345817364020864,0.4264372797148757
0.037969731482149105,0.12597872009743313
0.026510427201069553,0.5165780045563659
0.04228288604644198,0.06505579569154266
0.03193260360664807,0.28208569731086014
0.03532831970725803,0.18233936158296649
0.026885790934409293,0.4975373466455407
0.02710321390665249,0.4864920351743508
0.04398222518810574,0.049176559829033975
0.029567999187848804,0.372466449316754
0.02486354295563553,0.5997319407684261
0.01911348419893527,0.8783563840179835
0.024158964219877177,0.6362142506164199
0.03638405472074435,0.15779058885635197
0.018951206609763016,0.8845908402951131
0.023539495979523872,0.6684119499315271
0.01840872798630655,0.9042943167355596
0.02895776488207108,0.3987846087616389
0.026344217585094976,0.5247743662453642
0.019699336113579324,0.8546428664667305
0.03642771428469338,0.15683550437757843
0.031178136084132113,0.3089568759538749
0.015953737074510255,0.9689909160962391
0.04685657318152403,0.029876229059529514
0.03001548249303454,0.35395908385115576
0.042275053121672734,0.06513810262597979
0.019317865164166947,0.870292912535709
0.02934267614071956,0.3820385751553528
0.03304995443363684,0.24554422223041877
0.018566953976147826,0.898733579615637
0.03268208492160507,0.2571545827986296
0.046940944403265905,0.02942837515939147
0.02997796459033808,0.35548520765089825
0.015831061815308467,0.9711353360904865
0.01831728750652442,0.907435868874067
0.030860031760497897,0.3208317911634508
0.03388624037195187,0.22064015092784972
0.02831136635125442,0.42803173516693166
0.019247418070233113,0.8730983948744548
0.024015187455680376,0.643685887803799
0.05180980707081856,0.011756414792585473
0.031129733527362813,0.31074270906566626
0.02106777097050272,0.7930153934724613
0.025308982163538718,0.5768734976184302
0.02866056807285955,0.4120561681296289
0.020315598056129702,0.8278553738110849
0.025199497303230484,0.582472109462576
0.03607248138252761,0.1647427579974202
0.02437186725103857,0.6251617019882357
0.025577193276129895,0.5632214431802092
0.026771072180278743,0.5034294092855995
0.023261111118284272,0.6828553996524038
0.020584512683997636,0.8156457613283381
0.029869822435234783,0.3599102642862241
0.026506682471076237,0.5167620887193639
0.01878645726119732,0.8907632302344654
0.026681432290181634,0.5080642224362015
0.018857631892616245,0.8881163471415603
0.02154973569548599,0.7696878727272741
0.028654917011060044,0.4123114120744268
0.039447701831683446,0.101254085806891
0.021257245884968134,0.7839268702947982
0.03517186333056349,0.1862217285709116
0.022907063386003124,0.7011530098190397
0.020327926663175955,0.8273021118809538
0.03566562873587337,0.17418718559880436
0.026531621834543828,0.5155366281307108
0.018695875458027977,0.8940878922221543
0.015003959295014524,0.9830672230556572
0.019683971062508562,0.8552877086730722
0.018998427001853058,0.8827923437229538
0.024323895761882597,0.6276505198824804
0.03815892990490599,0.12256101383686858
0.03466642445941859,0.19921090953797413
0.020315546241260862,0.8278576977148308
0.02687157675731955,0.49826499415169007
0.02104705122597722,0.7940023220400064
0.040989452291724515,0.0799069363922483
0.022175128763449445,0.7385258996869328
0.026203434330222874,0.5317570033606851
0.031929252626912596,0.28220107269890565
0.021603297005237665,0.7670550233647071
0.027271640610226355,0.47804553842556496
0.029738294793927644,0.3653446296962053
0.02172058683937811,0.761264086184974
0.02671721079982936,0.5062110614529409
0.04041487543983058,0.0873706796187164
0.029326868679578316,0.38271649169791316
0.022912410296235586,0.7008774810529832
0.015660234121906313,0.9739555512399339
0.024434967696667975,0.621889635062046
0.02016500102740959,0.8345610188475117
0.03867929434284301,0.1135519170464082
0.02589524367072346,0.5471634549242002
0.032481237202861224,0.2636663160058247
0.04099009650272534,0.07989888020793293
0.0224822566595963,0.7229378681934451
0.018730096350449532,0.8928376925575767
0.01706427254983997,0.9448817809883097
0.03248357412426228,0.26358984258689433
0.04053439943803305,0.08577157319495278
0.019972763525229184,0.8429746047013896
0.02709168756042668,0.4870735798439597
0.04173495517950421,0.07103180263563187
0.035377888841906735,0.18112277999345391
0.024803006522718607,0.6028534131203873
0.034032899915459935,0.21648127867772862
0.032433960524523964,0.2652169881490239
0.03205413393018636,0.2779250670711936
0.019242700985460992,0.8732852746118226
0.026288785134761183,0.527519432327149
0.049636669026977054,0.017905389823873255
0.020250291149418398,0.8307753291156237
0.02698530610219929,0.4924620766976101
0.023383063170551055,0.676532636370894
0.03151940123585828,0.29657864846249027
0.03093312984119312,0.31807408871464016
0.020770864158783264,0.8070185833679836
0.024883689114770152,0.5986938381713091
0.028418009161540914,0.42310915507711444
0.02352657800919744,0.6690828932384507
0.02151296301653388,0.7714910966360106
0.030878224708988045,0.3201438243793016
0.03270892228624611,0.25629377082783744
0.044330137574533746,0.046375454502444145
0.030448414183648076,0.3366851137294973
0.03426507193961015,0.21002204340005087
0.015615728109003801,0.9746589983304004
0.021820802083671653,0.7562897229391737
0.023592173869495636,0.6656753967965683
0.025582608746985924,0.562946782880051
0.05754551504513056,0.003552016212700795
0.03117777092764029,0.3089703203721487
0.028562256287975152,0.41651206630020826
0.02598987857864507,0.542415717014163
0.029062998889160377,0.3941567506601805
0.029414406630828616,0.3789728821595718
0.0240192453683738,0.6434749561549084
0.024452777957018182,0.6209664539807359
0.032463269521036286,0.2642548486102582
0.01473009406284187,0.9861099262271321
0.048493902633131414,0.022178211861028346
0.02932446926870058,0.3828194657914584
0.03281927346944141,0.25277714111486427
0.03049338712029981,0.33492605850179225
0.01923123702395435,0.8737389374822645
0.03528273794266201,0.1834637773914578
0.033903315911192666,0.22015278052085138
0.020147439769245545,0.8353365282924943
0.030432457500128907,0.3373108319527072
0.026515813308707892,0.5163132809413025
0.01768837490443731,0.9275630757972907
0.03623670543491253,0.1610484816289887
0.019455096190222454,0.8647507255375553
0.01713003851338224,0.9431843457933369
0.020185214929986928,0.8336666812601613
0.02899995538622721,0.39692472201508366
0.02914228810796901,0.3906945022869153
0.034462074413035615,0.20465970904920835
0.024311087946705112,0.6283151747633181
0.03535466136077492,0.18169205259850488
0.025058741463281797,0.5896895894309102
0.03839540477148495,0.11839668530448076
0.020402102048684867,0.8239599676216056
0.024189166890565605,0.6346453519171064
0.03553083978630078,0.17740935651524226
0.022190089009666347,0.737770374519236
0.04836727697276855,0.02270346462832633
0.03709970591069006,0.14271303815109682
0.032227273555733515,0.27207693938563515
0.017332793136926594,0.9377612336605097
0.02498985852109048,0.5932292213483452
0.025969643898084982,0.5434296432810046
0.028600990993119912,0.4147525450660574
0.018984544775956735,0.8833224224985871
0.021902752097844647,0.7522048118841782
0.037515183133132846,0.1345094415491798
0.028649525438759205,0.41255503621935413
0.02245238645480019,0.724460615500558
0.02576042696734515,0.5539516354261675
0.03050732603699058,0.33438220241537153
0.03361082785303107,0.2286166604137885
0.04066449856125848,0.0840590339900607
0.026057750344986697,0.5390197466037829
0.020939303988335767,0.799111582233403
0.035474285999973154,0.17877529858478222
0.04834258262419844,0.022807176672061984
0.025931171406402553,0.5453592853344831
0.0494181835011841,0.01866038685421425
0.027730902874190944,0.4555017710254987
0.025449170626718642,0.5697261361445471
0.01912194601072048,0.8780271667130155
0.034643803011467134,0.199808439758462
0.020577660672831843,0.8159604576161937
0.021531169292867303,0.7705987639876306
0.019977979170691273,0.842748566084039
0.022692123928667818,0.7122034647177694
0.026895987273756305,0.49701579837992627
0.03462384772402305,0.2003367090047122
0.01697700408084457,0.9470874814484859
0.0327109165548099,0.25622989151462483
0.025288921826966293,0.5778982437373529
0.023578741508363504,0.6663732678859222
0.01936546411572604,0.8683820378391003
0.023243895195752484,0.6837472952255453
0.023931023796472467,0.6480611912377152
0.02995282616275874,0.3565103806594565
0.02271691322231073,0.7109317095606389
0.026434631855559054,0.5203092267321223
0.025157123749602994,0.58464261497934
0.03206769178278135,0.27746376458794
0.033408674489199375,0.23461126889917838
0.041264727638663956,0.07652639596880303
0.02293293363334792,0.6998196423303263
0.025512718734862716,0.5664945565842521
0.028077430407744852,0.4389651327791397
0.01545871591019185,0.9770389618596128
0.031187990822035605,0.3085942036174487
0.018957375591501346,0.8843566162909017
0.023727100203484758,0.6586631144997268
0.023797633783015693,0.6549962931741256
0.03585595021456567,0.16971691562841743
0.01580841807882738,0.9715202100930032
0.023306180572108093,0.6805196695893472
0.02776073847439464,0.45406196318782327
0.023088930121317963,0.6917664418519489
0.015050730443740501,0.982504634079097
0.04215935639641294,0.06636421558798453
0.021639914130122062,0.7652508272235521
0.027756916129830667,0.4542462534776175
0.03540806643180794,0.18038528011035643
0.04594420606777483,0.035116074521444406
0.039426047926788055,0.1015848141426059
0.030917813826209534,0.31865046814754894
0.025450466214129774,0.5696601989497931
0.030595856779383923,0.3309428367764761
0.030308204599762634,0.3422118415000219
0.024908790778442935,0.5974008936147459
0.031728410899277026,0.28918043184498904
0.03758467779175567,0.13317551699569055
0.01876460033486843,0.8915699818809842
0.03733876179247708,0.13794471584257642
0.03979553236733513,0.09606321123304895
0.032605230129289065,0.2596318027561477
0.016607147498169217,0.9558435663235306
0.028148242966433368,0.4356360036043331
0.031634580343586516,0.2924846129082918
0.040478456992335377,0.08651693407938293
0.0278736512823633,0.4486403435715194
0.028344205659616595,0.4265117826446554
0.01760659250209895,0.929985530004905
0.03050938428435246,0.3343019495039166
0.026122403804765992,0.5357920550204668
0.03195521416605762,0.2813081258066027
0.03507437066223784,0.18867375254567575
0.037122492063905166,0.14225285025457074
0.02513575749796315,0.5857378141600112
0.025072458663435992,0.588985289163415
0.021676944604266613,0.763422826402774
0.02972187671058102,0.36602702486390865
0.026188408156701204,0.5325043851503848
0.020942176923192668,0.798975859206348
0.030176212793852575,0.3474737749166696
0.026876810570684972,0.49799698729573777
0.02716483782649559,0.4833905076235251
0.026268270218210876,0.5285367751223021
0.03573725818725282,0.17249389014928182
0.038589847633727636,0.11506041052340743
0.03153785862136815,0.2959197513736105
0.0258663415743699,0.5486163175575484
0.0415296951477071,0.07338759456371098
0.029383132551079827,0.38030738531156477
0.014443402233769609,0.9888563615728175
0.04064236541239391,0.0843483311787133
0.034636030363489945,0.20001407252295536
0.018905753378893775,0.8863097552753877
0.04126050832789091,0.07657728323976865
0.023986054019513814,0.6452003202521426
0.02413438288085784,0.637491334286393
0.030030439266079012,0.3533519846896136
0.017150721304436012,0.9426442695475258
0.030592182893575126,0.3310850552282026
0.02555335984980689,0.564430704657214
0.024666420194253025,0.6099071794796704
0.039263294213760985,0.10409948561286042
0.03500457919168906,0.1904446415611939
0.016426935053802827,0.9597636865964091
0.025791980713352536,0.5523603458190216
0.029457630257682194,0.3771338727914421
0.02810961661688166,0.4374498461496889
0.03448014608913885,0.20417320430420136
0.04530987337778902,0.03921820947684309
0.01883807911834834,0.8888464911072148
0.02044613543935203,0.8219651916248077
0.03549609013426125,0.1782476795797163
0.030124612953889296,0.3495464651872929
0.04242458697367574,0.06358209296250217
0.036375367177104545,0.15798119111292314
0.021635460903744796,0.7654704280782328
0.027784050821916484,0.4529390557193769
0.042882885848417374,0.059009597310941776
0.02124853284519934,0.7843472466309078
0.019590140447829196,0.8591997692755048
0.02095964960874086,0.7981498088849542
0.04141227084673371,0.0747648611608662
0.030206987356474785,0.34624179185200915
0.025318867085900226,0.5763687229935728
0.015991669236240624,0.9683074489490932
0.028140210696999346,0.4360127717480242
0.02783040626062039,0.45071168671082984
0.04653341653923798,0.03164760462598921
0.04863826673361654,0.02159257748223063
0.013999588941041918,0.9923007204414088
0.03719056920274061,0.1408851301746346
0.02335618179232246,0.6779270180782693
0.03410701686114026,0.2144027575280723
0.04302547031551324,0.057645820812680576
0.034285810721270904,0.20945244434923246
0.03170650672269412,0.28994928645364737
0.028357151482529208,0.42591359536457774
0.020773525375572865,0.8068944459742552
0.02085713527154398,0.8029813117796994
0.01727246095089563,0.9394048715462546
0.020193080150195775,0.8333182091929779
0.04562454549343736,0.03713374433737169
0.01804469172946843,0.9164811754160767
0.04942494101676023,0.018636616131265722
0.02866834768413884,0.41170495974316235
0.027838410376741063,0.45032782847749986
0.018250220446758503,0.9097060310023873
0.013121439793246759,0.9967151064581314
0.021926447800050486,0.7510208944916061
0.016445852260835836,0.9593627946848421
0.020351461119294284,0.8262441976142155
0.01623135970052947,0.9637632434663248
0.021267278213678575,0.7834425593485385
0.02603309493231354,0.5402524901555383
0.024990609781565754,0.5931905915171263
0.01821708219215956,0.9108170261055574
0.022208485044524245,0.7368407713920784
0.03460019393497349,0.2009643022148226
0.02763855312336072,0.45997752108606993
0.021222752648719645,0.7855897114443068
0.017658837757173307,0.928443253576494
0.01572594642137376,0.9728933649301295
0.024052324252093582,0.6417556023299873
0.03920756994123231,0.10497226465819552
0.02947045405246479,0.3765894703584063
0.016775036800207338,0.951987604631453
0.031595631073222274,0.2938643588297288
0.014994056527493416,0.983184700605678
0.023103147607400676,0.6910314490586726
0.01839491823798678,0.9047721771684983
0.03183057610853923,0.2856143063632922
0.03361623179197737,0.2284580454168495
0.026414335888349516,0.5213102111970356
0.041918522612856224,0.06897973390704598
0.051518403888553,0.012451706555088694
0.02994584971303277,0.35679525972677256
0.02628287189981171,0.527812593476892
0.04579618903631899,0.036038086603155495
0.030429806451813035,0.337414869905608
0.033629699218471976,0.22806312148626579
0.021123857510840394,0.7903368821972978
0.033526157260413414,0.23111296527546857
0.028350459886438473,0.4262227228547532
0.03532348996865778,0.18245824326783688
0.035891196531322334,0.1688991742386944
0.019396447071846734,0.8671316575132181
0.037081408471094424,0.14308344500809442
0.021605444799185497,0.7669492918805055
0.05746946339140013,0.0036118000833301397
0.03684581912166107,0.14792255948153163
0.04122193255522122,0.07704385845312754
0.040953738503109405,0.0803546298329558
0.020080039504306813,0.8383001646113704
0.032834282500741274,0.2523016784860867
0.0198385701068432,0.8487462741939764
0.035502973342347977,0.17808137558510964
0.028945665044404434,0.3993191141425289
0.019013336414647808,0.8822218022566436
0.015914286685157597,0.9696914911943485
0.03306724231725128,0.24500857969094428
0.023200076093342403,0.6860165537261613
0.01363518033158509,0.9944787874668043
0.02399347046756739,0.644814783353544
0.018961278759127675,0.8842083062874933
0.02351134502015273,0.6698740041922895
0.031405986968823185,0.30065111803840905
0.03702261125808515,0.1442789909710904
0.021190448890080593,0.7871437065072568
0.03581345367304367,0.17070706087645005
0.0300878869376148,0.351027057224586
0.03134934149635615,0.30270048458407917
0.024139637227229227,0.6372183397446716
0.053531628534910336,0.008316843196095203
0.02083405338026556,0.8040640950451152
0.030292510729323707,0.3428344795251097
0.03150525905024504,0.2970842323079598
0.03185222526611087,0.2848628449161912
0.03102968258106381,0.31445803636049147
0.01662276179868949,0.9554932581474416
0.024924148153637415,0.5966101438411066
0.041847307113582144,0.06976976863049478
0.016270355946125747,0.9629868114212358
0.03504266933228761,0.18947652714977617
0.015328956614065858,0.978888093306962
0.023036710332397015,0.6944646121320828
0.024462776969689126,0.6204482375522037
0.025317757361505794,0.5764253852736558
0.039799232909340065,0.09600920364652551
0.03432735679939848,0.20831498184090783
0.03245845860416585,0.2644125982293334
0.030605097251017677,0.33058532722146294
0.025837741929657487,0.550055274618471
0.023125204500418495,0.6898908761452212
0.02467469074651285,0.6094796586151285
0.035905490324224076,0.1685684442302493
0.03628741467119537,0.15992126989107103
0.028729700704582972,0.4089423650183635
0.023021728512662265,0.6952382926279699
0.027659603569642255,0.45895476231510424
0.033811030533386355,0.222796723780647
0.03848800039208711,0.11679811883238142
0.0224180819007046,0.7262077436530525
0.021927437420644152,0.7509714231864786
0.03025188860943162,0.34444988751716277
0.031567043930591177,0.29488009191863374
0.03287403793980492,0.2510455658617956
0.021390376024800983,0.7774758355347174
0.03750179659977376,0.13476763719655124
0.03078122385112303,0.32382431920623794
0.01982569946166418,0.8492953225018038
0.020805143601233866,0.8054175902851348
0.022804310373256587,0.7064421791730118
0.02037238660006041,0.8253016153074665
0.028202947199919226,0.4330758209852504
0.013941665576892026,0.9926837351456625
0.018277236724116186,0.9087950336421959
0.02613053828031109,0.5353864670575837
0.027933280174310626,0.44579465157475723
0.025508721474150176,0.5666976682254595
0.027314377235717002,0.4759175838125723
0.015902925290867204,0.9698913187524603
0.04337091402435311,0.05445352562398386
0.04679649058164259,0.030198805218511735
0.021987293854832335,0.7479753005362538
0.03393620401702685,0.21921643364362656
0.03135875140815195,0.3023593356828081
0.026485192772478683,0.5178190081348446
0.03123596597994166,0.3068330829662073
0.02887324672186753,0.4025284873005525
0.03479500918854095,0.19584097461293024
0.03838154181948494,0.11863755715367327
0.022722196261652672,0.7106605789669878
0.028500522500845393,0.4193268148013971
0.02185875588681338,0.7543997364012562
0.024666866634711182,0.6098841008479059
0.028095440170759156,0.4381168226444269
0.029921243888999194,0.3578013132695862
0.020511915777891576,0.8189706139162932
0.02347393213528054,0.6718166565112751
0.02539808242963798,0.5723279370662963
0.03337281856509289,0.23568700154349817
0.027766055153149116,0.4538057075509021
0.018295410926386813,0.9081795498045399
0.017762491050510754,0.9253283672180996
0.02194533306262081,0.7500764531100532
0.047233399340569915,0.027921451769928034
0.0341111300882162,0.21428786207585587
0.057925489682001396,0.0032667399545784227
0.03303014721734798,0.24615901853795696
0.045580738162687096,0.037418004373185286
0.020259178221050167,0.8303790497004658
0.02524517771329493,0.5801344945008298
0.025636202282444676,0.5602308685282573
0.039425670228420195,0.10159059083979344
0.035337126657888795,0.1821227404891854
0.028466960415866327,0.420862490013717
0.03817948473495125,0.12219433525552505
0.032736077247637774,0.25542499234143795
0.02766646941323525,0.4586215027744657
0.019406292401145664,0.8667332528542584
0.016065972917797544,0.9669405110143399
0.015015837727456738,0.9829255545359878
0.030638925207388645,0.3292789185941698
0.05042301518755715,0.015408970328250456
0.025291283617981886,0.5777775707884845
0.019687773770203698,0.855128226210441
0.03279033394621203,0.25369581697768123
0.0189614122624136,0.8842032319489983
0.030782502858416216,0.3237755911266175
0.03685418052069189,0.14774857763999907
0.030004003445001814,0.35442552410304773
0.031423518056059474,0.3000189377611383
0.02996247991093204,0.35611644211510546
0.03387778994569657,0.22088165147654534
0.030857701087032563,0.32092000320169256
0.021643898766076697,0.7650542914599927
0.025736148191669667,0.5551770667916263
0.02423986414804047,0.6320124886334729
0.023705090343718926,0.6598072210070699
0.031195656164013486,0.30831232067629744
0.02222464146851255,0.7360238353757184
0.039078116484937864,0.10702328997377318
0.021991870035967254,0.7477459282451147
0.03026718585606225,0.3438409281588475
0.02702671372448373,0.49036013181106264
0.02997592916580749,0.3555681365277199
0.02663562825125032,0.5104429379652728
0.014578319036570031,0.9876177995171002
0.042256149253803166,0.06533710728483161
0.023860438775837545,0.6517309859127627
0.01786326625106746,0.9222302307694669
0.02603276233975793,0.5402691264134727
0.0320919513461429,0.2766397662765449
0.037590437593131965,0.1330654453853047
0.01420629497468795,0.9908120823033784
0.030065850265969418,0.35191759733716643
0.02598970095543024,0.5424246144809766
0.016432120235053915,0.9596540496774894
0.029610987024805246,0.37065954758691594
0.03842721253189896,0.11784553932651055
0.021376071230554405,0.7781714649213481
0.018724855833190723,0.8930296056539793
0.05235422390762501,0.010550611783703256
0.04650302746531254,0.031818838841617236
0.016422677744362568,0.9598535649202303
0.02124866446815632,0.7843408979487433
0.0271369483343602,0.48479259406893443
0.01814720521391247,0.9131363641603473
0.033532567924227374,0.23092323293487274
0.024217465779083458,0.6331755996347139
0.02605390923779427,0.5392117302833672
0.03296462724380833,0.2482010425735815
0.03753196523267899,0.13418632257036253
0.017432258045448512,0.9349963517204706
0.0286681437530939,0.41171416354129325
0.02804121488151501,0.44067431528249235
0.03613466196262044,0.16333609162097112
0.02424338881284116,0.6318294743314102
0.02832249852132504,0.4275160782624113
0.04100524847329978,0.0797095948675976
0.024627722995402834,0.6119081584016818
0.04124557708978205,0.07675759252119228
0.03823768836467212,0.12116092125410403
0.02866304287252175,0.4119444217897738
0.024325407148066913,0.6275720918697429
0.015000841436183188,0.9831042720761104
0.031167971451060983,0.3093312798209774
0.024473210588123906,0.6199075553276336
0.032823306325919954,0.25264931984399175
0.05060607865411976,0.014874611207821757
0.02367736967673556,0.661248077199139
0.03699700286074581,0.14480221853209524
0.029352473245215727,0.38161883874780034
0.020997348214973788,0.7963640209831874
0.021851181831550437,0.7547771623903554
0.022515601540437857,0.7212364208947689
0.026423884639664053,0.5208391754705342
0.034765333902065376,0.19661470388236515
0.028472049924800014,0.4206293678204678
0.021849100118915665,0.7548808744607076
0.024136708216596414,0.6373705183847618
0.044609019838752206,0.04423104333646415
0.038289501970972584,0.12024701383969791
0.033279618939281885,0.2385008048166944
0.02262996852842769,0.715388804639941
0.023810617725962935,0.6543212544939819
0.02386231427804328,0.6516334750257947
0.028859273713918776,0.40314976783009154
0.03056371848833639,0.3321884255596117
0.02565280449745974,0.5593903624837611
0.03671695548024623,0.1506249088761804
0.03712848106676181,0.14213209653082412
0.02813379203626623,0.43631400792032643
0.024954250468181977,0.5950608139930438
0.03517113710214215,0.18623990041716704
0.02148988784829195,0.7726207862232408
0.01674446237817706,0.9527045004639494
0.04324170614019818,0.05562927598099378
0.024776449859142957,0.6042237382711162
0.032795802669757235,0.2535220205255722
0.02630616591528101,0.5266581128020347
0.02537386909896977,0.5735622308247479
0.035831709978928206,0.17028113692383604
0.051907084197459374,0.011532232287905808
0.028139791439863615,0.4360324437709533
0.027223875063708172,0.4804312074125023
0.01623783640929255,0.9636350128251744
0.01788534176838777,0.921542436416974
0.029761073276604072,0.364399360932213
0.025676586501247156,0.5581870655933245
0.018788770813334965,0.8906776679768402
0.04310974257129074,0.056852579170003144
0.019952362738458185,0.8438575264706792
0.027933216313088483,0.4457976927966913
0.016932783690199016,0.94818478903116
0.023070941636103792,0.6926961507769068
0.019186407628558444,0.8755059735196918
0.02728794633868198,0.4772329096193855
0.018469375725782777,0.9021814491081016
0.024334230879336505,0.6271142353328156
0.02902842101872427,0.3956732593334567
0.02570143615760445,0.5569306306627119
0.025371205705558286,0.573698044557754
0.022234989190452192,0.7355003650617695
0.029354992188622364,0.38151097193514977
0.03089792074781439,0.31940022782744093
0.02134669033533182,0.7795983929468638
0.05735397074466109,0.003704361859040212
0.05218112182172652,0.010921292783353933
0.022012695186156728,0.7467015591846236
0.023408291238238357,0.6752236979070725
0.02583266216214547,0.5503109910272486
0.025315433544224053,0.5765440437188551
0.022700962390454826,0.7117501152760888
0.03829294046177878,0.12018656550826609
0.049540823782595556,0.01823316464177691
0.026387291995459194,0.5226452083853312
0.013735546398356446,0.9939323617550876
0.021383521986210963,0.7778092140725749
0.024182893353865587,0.6349712129682297
0.03314136369937648,0.24272210980409367
0.01783309239277442,0.9231650458233829
0.024688936687272567,0.6087433750063318
0.03139062254069541,0.3012059730970918
0.024981895476551275,0.5936387150678272
0.024811396891969872,0.6024205905658024
0.01891748301577184,0.8858673311324887
0.03354398222739352,0.2305857072950594
0.03687613080759433,0.14729262831775924
0.021595591718995777,0.7674342412046159
0.01738373885194955,0.9363536298479233
0.028471419593260633,0.4206582350553674
0.021453764283070803,0.7743863789143823
0.024854951370935602,0.6001747614736326
0.018455134498255255,0.9026796724869786
0.025742534690587515,0.5548546328099183
0.016078111561242947,0.9667136495460563
0.019158296184011103,0.8766083240032654
0.02433257338150774,0.6272002390314565
0.02551718184116747,0.5662677995812964
0.017568928665147976,0.9310857780008847
0.03855337565599681,0.11568022545764191
0.019388102656769227,0.8674689198618404
0.03760168374080075,0.13285074178483572
0.02670813151108148,0.5066809190848353
0.026813808012662754,0.5012292774108366
0.025926296343191657,0.5456039726901158
0.03011651324150555,0.3498726178682712
0.03251631869155325,0.2625200654757804
0.03951306442593305,0.10026120866920614
0.029266508369370836,0.3853128115447957
0.03855382557910153,0.11567256260413795
0.04226209166053496,0.06527449456465657
0.023489431813864536,0.6710119031853223
0.02588107078171531,0.5478757379043682
0.021302260332368983,0.7817514440009773
0.029936902171906532,0.3571608635519621
0.03602923989045015,0.16572667678526737
0.040469913715928896,0.08663124007572963
0.035779704030670434,0.17149668246707697
0.027784565553683527,0.4529142829540507
0.059818128534504855,0.002135208484686663
0.018070021428465588,0.9156611441668674
0.035751215850334084,0.17216546576751304
0.029763332278046062,0.36430571038572146
0.02155751322644095,0.7693060266511622
0.0471129016780224,0.02853388333081416
0.034031209802045215,0.21652885735403388
0.030015620858404424,0.3539534641690797
0.024397969681738463,0.6238079241784178
0.017847474929015394,0.9227202246339731
0.02995478403288432,0.35643046125199856
0.02908173024771299,0.3933369164853099
0.030288460598790534,0.3429952959072352
0.015596145641251946,0.9749644524405482
0.015749106566979254,0.9725122674341113
0.03315063221135495,0.24243734661559765
0.020180367262986776,0.8338813239533472
0.03349203830451031,0.23212477745954102
0.025848925269009948,0.5494924453883343
0.026524550857087603,0.5158839561397688
0.033196816658809525,0.24102218643729387
0.034420814375965114,0.20577385477512053
0.02954123942648268,0.3735943579954199
0.027592558443610138,0.4622174496305867
0.03191547767802316,0.2826757179999859
0.022401078619625037,0.7270730408219147
0.015541369385867754,0.9758057651756417
0.01796560584855278,0.9190142137918181
0.020403675916173702,0.8238888060821276
0.019361182778210084,0.8685544143814257
0.05047156745061865,0.015265594418335367
0.02270885839175807,0.7113450258931877
0.022956803692530503,0.6985887904425878
0.019560462128032752,0.860427798695053
0.03151146171213309,0.2968624086182273
0.017911804424429745,0.9207136505478585
0.03423250251819099,0.21091900718456927
0.02693462999214999,0.49504238343531703
0.022273165543959972,0.7335674601999504
0.019238819764602733,0.873438947305834
0.02903262008555224,0.39548888271089605
0.016296545244927296,0.9624595005192779
0.01908201547524188,0.8795771528887779
0.022623670711345134,0.7157112767034395
0.015513220457510357,0.976230631034796
0.025374460466508264,0.5735320765808813
0.030188093935711757,0.34699777245139557
0.025839511823372407,0.5499661873098804
0.031896926388915614,0.2833158809076401
0.027784558751813404,0.4529146103053578
0.015677624303022053,0.973677193611215
0.025412670959641892,0.5715846348287013
0.028842703163179564,0.40388739691061737
0.023936189594469748,0.647792624501965
0.017199072716125363,0.941370047668221
0.01829301498039282,0.908260811919254
0.02777499264220573,0.45337515052018157
0.03206613928497598,0.2775165589270805
0.03803246180998038,0.12483700327567535
0.014858416806302371,0.9847369618033148
0.033828978536918464,0.22228060870959493
0.03305972276486355,0.24524145375037237
0.0220818070821035,0.743229315276625
0.019903249611521234,0.8459750669335641
0.020827997512817914,0.8043478654465657
0.029597691856943165,0.3712177219507358
0.030483862003214734,0.33529806707525145
0.02224413676644832,0.7350374487403935
0.012591996363085944,0.9982087563149346
0.029624548601566603,0.37009079683426105
0.02647121612007175,0.5185068942696931
0.02134533026272678,0.7796643866508381
0.038175878969165966,0.12225859346666847
0.023014584335595445,0.6956071586397943
0.026761093040602035,0.5039440419112806
0.037180701547943174,0.14108271496481742
0.02275320244566237,0.7090686386793581
0.033506515862427366,0.23169502473859824
0.02188496220934666,0.7530928473200489
0.026675043057995507,0.5083956078223137
0.024488779544454387,0.6191008669344511
0.04084089128426216,0.08178317697408985
0.034656017919406645,0.19948561722578717
0.022117011379957807,0.7414569783079223
0.05181337081781634,0.011748132955516388
0.04047565504477357,0.08655440916012153
0.02075860345824765,0.8075901729764657
0.015561220463003678,0.9755030962948135
0.027548314678860875,0.46437887571890574
0.03472143517275417,0.19776367758328367
0.027896694243462763,0.44753922593977064
0.024250936177848792,0.6314376006878841
0.06039331002982112,0.0018712869655102074
0.022696123741090424,0.7119983151106404
0.033840710800025486,0.22194373360796615
0.03425545228913207,0.21028665979863445
0.03445561125441243,0.20483392221658306
0.022150486225287036,0.7397694947105851
0.03357261357844643,0.22974073452139418
0.04856659094923932,0.021881599355233886
0.026870437155360416,0.4983233617629881
0.03579536256657612,0.17112996750155593
0.03804086401062459,0.12468472589947192
0.026736183323645468,0.5052301188662686
0.03847920645262737,0.11694916885718117
0.03127004447801568,0.30558657831818065
0.025362635466161243,0.5741351248765243
0.02867484042897006,0.41141200326270855
0.04844761161254829,0.022368964769696277
0.02705271495925854,0.4890432082762704
0.02041789727363097,0.8232453337328309
0.029912264393097743,0.3581689568315962
0.018405857422551908,0.9043937466917537
0.018845811453856054,0.8885580196946286
0.047234844562392186,0.027914177374371508
0.022515044583910016,0.7212648533496366
0.034709251744906244,0.19808348898096909
0.02361425062736522,0.6645283075179957
0.02535581728708533,0.5744829160138292
0.02848472158335269,0.42004933043444004
0.02884311927828631,0.4038688624253494
0.02574977761644459,0.5544890346828191
0.02803901463602565,0.4407782986405113
0.025975089944162283,0.5431566846518703
0.03383968122109787,0.22197328069586242
0.0173141819462464,0.938270959184324
0.02493464533051691,0.5960697705491195
0.03302014080026949,0.2464700529210077
0.020735216221745567,0.808678951143801
0.06154816519007067,0.0014303315545058808
0.028583132004584066,0.41556315758678225
0.0269669267487328,0.49339690839397093
0.03201259848872362,0.2793418633078799
0.01906979921346097,0.8800495420990578
0.02169180598978626,0.762688239729079
0.022706597677651236,0.7114610153566623
0.022720974492827617,0.7107232843033704
0.02282928229009551,0.7051577942186775
0.029050800032763946,0.39469130562429466
0.03714214401493321,0.14185692734190278
0.03664500153653505,0.15215106485712004
0.05477480670229867,0.0064324375337956475
0.03132642701451105,0.30353241413369986
0.02844471037740326,0.42188267094595727
0.03232198741478587,0.26891705432215035
0.017634966160264387,0.9291502556165481
0.04541737328858886,0.03849489790843798
0.028047869670826397,0.4403599106081819
0.035327910330592016,0.18234943581471053
0.02481006464282376,0.6024893115689892
0.029882869431283043,0.35937433531629903
0.01965421218365826,0.8565332640164173
0.019737053500986756,0.8530549493993922
0.021194143701733004,0.7869661279038492
0.036695708474563105,0.15107427170099555
0.02039561725524197,0.8242530662946683
0.03237967382263421,0.26700603993265315
0.014878871058379983,0.9845096058133429
0.024389263175919607,0.6242594423605627
0.024394964481641745,0.6239637692532094
0.05579004896732054,0.005192209072579509
0.028073854402643567,0.4391337034990149
0.02681230637066273,0.5013064809272496
0.02349852471697067,0.6705397520588274
0.03481848764704498,0.19523051089477586
0.027775124453126826,0.4533688026520851
0.02596781151602684,0.5435214941609414
0.026875438455778333,0.49806723998759916
0.03088826527249222,0.3197645997705269
0.036849304116896464,0.14785002449199816
0.032338533690777216,0.2683678681456804
0.03567555136178646,0.17395183266571446
0.028377218833591678,0.42498746618634947
0.02335971438743159,0.6777437970769487
0.024935460353190053,0.596027819131028
0.03009917391435135,0.35057155322408495
0.02802249721138328,0.4415594345928971
0.030336856125305067,0.3410772129935203
0.023562200708236003,0.6672325666241561
0.035876182992021,0.16924711479255594
0.02422183204546219,0.6329488531123333
0.038750215153674494,0.11236749483480063
0.025623237458650583,0.5608875023341718
0.035709271448900515,0.17315392121561238
0.02291576710808929,0.7007044884892552
0.01930620742348843,0.8707590432009922
0.023481181464055312,0.6714402780147908
0.022465630039194773,0.7237856390782438
0.03921319058626982,0.10488395696859279
0.011576188950916694,0.9995654427282716
0.023684624324654305,0.6608710099259281
0.021831046513654473,0.7557799034277644
0.02056998239671126,0.8163128851429157
0.03509525773950051,0.18814629428638327
0.028713043661465987,0.4096911374825075
0.016909987203254984,0.9487451217304982
0.036793072881627364,0.14902390807693236
0.045432321835923606,0.03839524509722928
0.034456941572594046,0.20479805429628098
0.03525986686926508,0.18403002497723212
0.026081292018347774,0.5378436492040994
0.025891023527880752,0.5473755120332082
0.03004898641416176,0.35260018061368587
0.028926642006610326,0.40016044744530394
0.01946179347226573,0.8644776814928719
0.05020877677962521,0.016056151209336074
0.03240399983506537,0.2662032427937072
0.028994357420313754,0.397171152237382
0.027188745626288258,0.4821906855231206
0.024566786900826698,0.6150611467723623
0.028291861587508738,0.4289362343356748
0.013929889653176764,0.9927598355142097
0.01683358743165142,0.950596463763225
0.025694479610776866,0.5572822724376844
0.02218079509120005,0.7382397863607748
0.03972857973437971,0.09704474218643876
0.03294114163245743,0.24893613244299911
0.029591016901382217,0.37149818096469683
0.023341708402614847,0.6786776256671703
0.04214291478591303,0.06654004565541506
0.04082050692403916,0.08204349604377895
0.02330588684992896,0.6805348955798218
0.031884945193796976,0.2837298976455025
0.034466867417192626,0.204530589262982
0.02848197637612493,0.4201749444732123
0.024798903083058765,0.6030651129691779
0.0310514145680032,0.31364829014613965
0.027551816305406873,0.46420757014442515
0.04176763789419469,0.07066269613817276
0.025740636593909183,0.5549504552748811
0.024313794911865694,0.6281746924749385
0.043369817759383644,0.05446341057426435
0.022548701836688445,0.7195458622441797
0.042464650916677726,0.06317063512703441
0.014765724409134151,0.9857378592587936
0.022925712809248988,0.7001918737994555
0.01965271774444688,0.8565956960416004
0.0210979339296119,0.7915761670737219
0.03977781415070508,0.09632215155451815
0.040561444181951734,0.08541317794041489
0.02393658647716057,0.6477719908862658
0.026741952384531142,0.5049320792472967
0.03148334574024997,0.2978688895288432
0.026967237438801944,0.49338109625079607
0.024757355363552724,0.6052093683524504
0.023870473488245253,0.6512092624479398
0.017863897818673313,0.9222105988201573
0.02891389311948178,0.40072497658506107
0.02358103782735431,0.6662539673791925
0.016488717270755293,0.9584452080131828
0.022556465484161792,0.7191491181374781
0.01960584167222812,0.8585482570452465
0.02269712754993744,0.7119468268393805
0.024295391681425138,0.6291298170421797
0.03109165160910421,0.31215305499106477
0.01947523302787768,0.863929046030579
0.027502185518428535,0.46663947259109756
0.019739919511662984,0.852934000648238
0.0325435535774502,0.26163278677571394
0.017078252782142478,0.944523479143326
0.02397327933697857,0.6458644148736317
0.037155807167186916,0.14158218618599955
0.04530339329598421,0.03926218716188446
0.028529147252026543,0.4180200668692682
0.03102779176175513,0.3145285614234057
0.02554419032870925,0.564896157316517
0.023954565892431723,0.6468372681397319
0.04385283054886946,0.0502550583444248
0.024238855346654542,0.632064870331086
0.023528757083195767,0.6689697186808818
0.03898969628780968,0.10844320551648526
0.027269444802628773,0.4781550396467074
0.017750690028065064,0.9256866798274719
0.03359766538755157,0.22900335611231667
0.031297394427596936,0.304588877340294
0.020817601914973616,0.8048346849702871
0.029150523336323175,0.39033611518634764
0.01911566986291935,0.8782713868358565
0.023475044823686092,0.671758888061653
0.04005684711445234,0.0923113024482288
0.01708977467296735,0.9442271549647983
0.041025060496021504,0.0794626655767716
0.019067666142429607,0.8801319383059863
0.03300512085922741,0.2469374864105872
0.028678604666820984,0.41124222390526743
0.023535631140008895,0.6686126905804082
0.023874192863090116,0.6510158853574834
0.040199234162832886,0.09031909921960404
0.03782169597327101,0.12870694923977272
0.03334446312754194,0.23654038032128707
0.02511598828087147,0.5867515933602004
0.020359982919452957,0.8258605559296867
0.02594714075536586,0.5445580274145618
0.025824769834139283,0.5507083719606258
0.028804595709646996,0.40558724717846
0.03538459278774686,0.18095873863611134
0.02273543128900224,0.709981197269232
0.04747290132044324,0.026738538214957953
0.022290398399316097,0.732694111557474
0.03602844500877378,0.16574480741447098
0.020448516421449403,0.82185710433144
0.03644168239263479,0.15653092446728847
0.024763879884860174,0.6048725492565942
0.015864645661845478,0.9705582499659099
0.030797162836464095,0.32321744977344985
0.03594772119864936,0.16759432272983904
0.02805621950184234,0.4399656363634146
0.026197211978569834,0.5320664462761857
0.024772244638022856,0.6044407805568264
0.028443001173273808,0.42196110857953145
0.020071447189664027,0.8386765050886382
0.026900592471097218,0.4967803549216653
0.02217181742128349,0.7386930737382635
0.023130959361320202,0.689593228426372
0.03375731849274538,0.22434680170258792
0.015791880714307704,0.9717991508277155
0.03479026289580672,0.19596456484010746
0.030923475406245127,0.3184373204445324
0.047173014073048164,0.02822689522221672
0.01615940681529504,0.9651684831221155
0.034660135726929386,0.1993768815480836
0.031363176353549904,0.30219901053860393
0.021232063579214533,0.7851412085617566
0.052723950171752576,0.009796723531162031
0.018603936851291747,0.8974113504039959
0.03560962635403045,0.17552024536249217
0.027981966618582432,0.44348011358495615
0.03638562662248157,0.1577561215108664
0.02079742805801349,0.8057783088674038
0.041314905595531526,0.07592341302537618
0.028975700117123027,0.3979932353189422
0.02081347984914339,0.8050276117343812
0.03036018715573252,0.3401552761978685
0.026643981911375625,0.5100085865579527
0.02968164368396431,0.367703055259482
0.03194026326056665,0.2818221046821625
0.03694096793407209,0.1459524744800457
0.022394564055462196,0.7274044461449867
0.021503979521145244,0.771931071766091
0.031074550883228524,0.3127878917509072
0.024647492138077376,0.6108857916754054
0.03394629204434002,0.218929838944888
0.025884532064241572,0.5477017556811086
0.0372547146721669,0.13960618203609065
0.06020724412768269,0.0019531535986121356
0.018071100752663383,0.9156261078601662
0.023477995060210366,0.6716057156572907
0.03975297175436132,0.09668618836560267
0.027076627954275456,0.48783406611298696
0.017447545547398746,0.9345653252836983
0.03406199824302719,0.21566339653882965
0.030797250430659173,0.3232141169465655
0.03782790481577819,0.1285915602964525
0.02318503518947268,0.6867951821646474
0.027766586321884335,0.4537801113120961
0.027303893831293724,0.47643900445813314
0.03452223622174799,0.20304360302184327
0.031898521151579096,0.28326080692530625
0.02557426107936933,0.5633701745674506
0.01661900687459883,0.9555776556517863
0.020195445490413966,0.8332133586799555
0.01543135105049942,0.977437707406484
0.015163519035655826,0.9810948071992812
0.019686832777871255,0.8551676974062652
0.019746989350490574,0.852635472203475
0.027288487261592997,0.47720596705427887
0.024634876966568187,0.6115381574515988
0.02938608458765357,0.3801812781622776
0.03171791684616476,0.2895485929522383
0.02139574712713832,0.7772144933355598
0.016176948013653103,0.9648291694903655
0.01799662813594416,0.9180255455365799
0.0312782928141635,0.3052854344112157
0.02365055386465298,0.6626417691796532
0.035110093842589674,0.18777234694059736
0.030672248367272448,0.3279956566435701
0.030539786724790408,0.33311814680778307
0.03507127237974039,0.1887520921640567
0.016219885876122664,0.9639897040104962
0.022197903267851204,0.737375573683813
0.02967576368600544,0.36794845684534444
0.01793694153157721,0.9199220428458024
0.020461660624532918,0.821259995248108
0.02399715566365035,0.6446232145336654
0.03552166712041671,0.17763033935757852
0.028083432782924023,0.4386822819315993
0.026621284695760472,0.5111892826511157
0.03284235513850298,0.25204623058390274
0.032101762850057114,0.2763070292420783
0.029542464874023955,0.37354265376309115
0.03045078114976643,0.33659236772868856
0.03240264285869476,0.2662479773254527
0.026782734770774363,0.5028283843493302
0.02727278161657387,0.4779886448043788
0.03320792565371289,0.2406827331639324
0.027782137007320434,0.45303117075815413
0.04303991552252112,0.05750917906212559
0.04235048199414804,0.06434919263125814
0.026113652215429273,0.5362285403543573
0.024027142078125563,0.6430644896850619
0.01728412651358796,0.9390890386875856
0.01402674956604466,0.9921160867755151
0.03331350887892148,0.23747467100893083
0.03285389271500583,0.25168147987937567
0.023763686311943366,0.6567611763452966
0.024923627256663472,0.5966369612182243
0.0367167648745208,0.15062893528845758
0.017107591953450907,0.9437670959845388
0.02608236936367181,0.5377898496497158
0.01588105296390241,0.9702735882763609
0.02683959306489314,0.49990478206823225
0.03294576211114528,0.24879138281392757
0.01718043633080424,0.9418631114179453
0.01940659072063622,0.8667211728706324
0.02912099713788424,0.3916221169714699
0.04476489547840956,0.04307040671356424
0.02035840467936134,0.8259316293708389
0.034030073295418184,0.21656085590585128
0.04627429400266325,0.033134032247271954
0.0324045015150104,0.2661867056777211
0.032131556967261554,0.27529845578201895
0.027666422647922906,0.4586237721641682
0.023639289937135488,0.663227143278881
0.03176715387928941,0.28782422374171807
0.03665486694471337,0.15194108367155756
0.021672356468524168,0.7636495041471478
0.02106971875423458,0.7929225440286993
0.036278857600231584,0.16011103940581703
0.023791711564336127,0.6553041875614156
0.02166818205326404,0.76385569658817
0.028501725503758735,0.4192718406999576
0.03400397401105126,0.21729669475689803
0.030496447043401487,0.3348066146515168
0.021130083832295088,0.7900389114215846
0.022849306969583885,0.7041273717972285
0.030828852167094967,0.3220133451829214
0.014065267589293273,0.9918486511423333
0.03478509229184168,0.19609927347774025
0.03099038773478585,0.3159260548419318
0.01708476725651853,0.944356051590605
0.025319538290839994,0.576334452146688
0.01663695444467217,0.9551733678483195
0.02218250856033374,0.7381532554291624
0.03706583692660903,0.14339928300437235
0.01642900385143753,0.9597199657233271
0.02625878198862308,0.5290075583635574
0.021906594552214442,0.752012913000859
0.023356748107013714,0.6778976461196026
0.025745312420392075,0.5547144131840361
0.024777618048176242,0.6041634475627657
0.019963566128987642,0.8433728977566415
0.037998527491655776,0.12545356390518198
0.04039996278699759,0.08757194176297031
0.02569290870899532,0.5573616887474802
0.031050940320747733,0.31366594460905
0.024404594841338167,0.6234643692724904
0.01893903252390655,0.8850524151409098
0.03648321652215897,0.15562806416674102
0.02969820423441788,0.36701252091564185
0.05594196015672154,0.0050267369523339265
0.029157899589506042,0.39001530334093854
0.02456791048951723,0.6150029874797018
0.015514237923079266,0.9762153619864855
0.020493685150507118,0.8198022823197049
0.014241450937013955,0.9905392923657482
0.027784470419544904,0.452918861456873
0.018696340201823425,0.8940709612266587
0.028346993475631632,0.42638291812891294
0.0239638629480885,0.6463539391136751
0.033049100804791065,0.2455706938907743
0.017123918171884744,0.9433435892413717
0.039387483095900566,0.10217605525161005
0.04465372414050192,0.04389543219346724
0.03357697514066027,0.22961222462925207
0.022427333923251802,0.7257367179751384
0.034003344930121804,0.21731445483209288
0.01944815826928875,0.8650333305232223
0.030634756947189867,0.32943969164209846
0.019213114220789695,0.8744546266226253
0.03862030159179214,0.11454496809887689
0.026252047659188135,0.5293417983908213
0.014550124297239786,0.9878844251560671
0.02253244106532487,0.7203765574389136
0.032055165470863956,0.277889949052032
0.012768153527866588,0.9977889805165252
0.04269133635254274,0.060885211424109624
0.04965767116658781,0.017834273342313266
0.02433547226825805,0.6270498233398265
0.020052796595771916,0.8394922412196164
0.03879955144685998,0.11154958216904269
0.02604173127476117,0.5398205659483357
0.016998027212675293,0.9465609992510357
0.0316697962540865,0.29124124866253615
0.037339992336105854,0.13792051002777192
0.049145202753153316,0.019643565646944337
0.03259827012006611,0.2598570276741221
0.04174813606416705,0.07088274586529116
0.019906175533842108,0.8458492333263923
0.024500803184720144,0.6184779696100993
0.016600712768394796,0.955987434812941
0.023454012577416583,0.6728507557963546
0.016089152253782768,0.9665064394394599
0.03270105132145429,0.25654600684784984
0.03209044940557243,0.2766907279192678
0.040882325954772925,0.08125618110207342
0.03972584987981159,0.09708493901467165
0.02048784498218148,0.820068425921701
0.027258068993495477,0.4787225932259264
0.027662072729699783,0.45883489394154675
0.03320300953241262,0.24083290812424427
0.024653069014484552,0.6105974313914675
0.017990337761694786,0.9182265340000463
0.021046216132453388,0.7940420699689458
0.017681702105922792,0.9277624383404991
0.02208074912468272,0.7432825399350087
0.0204583919958109,0.8214085464123873
0.027602833800245585,0.4617164204245703
0.04199785288177649,0.06810865705789894
0.03925616262270393,0.10421084640118844
0.03411644797516711,0.21413938748277672
0.03812993567099107,0.12307977829251208
0.020679376178348696,0.8112703606943054
0.031750464064477985,0.2884078754088606
0.018902691001591282,0.8864251305131153
0.02585434180577073,0.5492199152117527
0.028962788358758318,0.39856284376860135
0.0328670405511835,0.25126631049942705
0.03337384183743419,0.23565624951930736
0.029121522501156794,0.39159920934881
0.020576326477492413,0.8160217127394557
0.0382735550750124,0.12052768549829895
0.03928307912264417,0.10379105891697941
0.030484476146492454,0.3352740724118639
0.033686805989113555,0.22639433583227456
0.029487192021141695,0.3758797297563352
0.03576675292523229,0.17180046335393565
0.038665848763015376,0.11377762486027769
0.02805048932831644,0.440236186424255
0.03164390015905397,0.2921551777555062
0.02727075462148887,0.4780897192263121
0.04173643705102836,0.07101503152622649
0.02638765912919716,0.5226270759517918
0.02340694193656309,0.6752937128415751
0.019393473741088962,0.8672518755373874
0.02862548859759917,0.41364236364537016
0.038393418418622094,0.1184311739018569
0.027403352779829193,0.4715071209678304
0.0436197898484576,0.05224904557450399
0.029731168928811336,0.36564069617651596
0.025321611983073533,0.5762285755992471
0.0343622297551513,0.2073639368994913
0.029477074714242546,0.37630862210341226
0.0336148300695539,0.228499180270546
0.026381082849452175,0.5229519112831501
0.03737538911451055,0.13722570282966404
0.03883939171521161,0.110892694665309
0.02483690205948219,0.601105253651318
0.030576858890956293,0.3316787328508883
0.033193169712467774,0.24113370443492166
0.04166486053655161,0.07182895505372533
0.028985589327329753,0.397557348143569
0.02511557398821873,0.5867728430714291
0.022628944775447857,0.7154412282195357
0.01840987218608081,0.904254669651605
0.03848147411110603,0.11691020279457028
0.025046364942691857,0.5903252194340707
0.02571307963000513,0.5563422325234582
0.02456742564994563,0.6150280836879554
0.028755105865428177,0.40780215027004785
0.028454712806429028,0.4214238446441878
0.04906112473841373,0.019955553243840855
0.02247210739302541,0.72345541599362
0.03201504128611865,0.2792583893663131
0.04533424103827098,0.03905322058084296
0.03227082549453758,0.27062050253945724
0.048948274200839414,0.020381246510552786
0.03226064555079716,0.2709604092557496
0.0258046194246897,0.5517233888321678
0.02267083802513259,0.7132948786968332
0.039035452820053884,0.1077064779278059
0.024723817497342024,0.6069412406390615
0.023725304858228158,0.6587564418461197
0.05109776108952946,0.013520793145352535
0.025944721279881067,0.5446793973444182
0.04455712739733009,0.044623411731747824
0.037986130293514275,0.12567943278915736
0.054863918302155756,0.006313627106393512
0.029220629837530376,0.3872944017542952
0.031125938492964522,0.3108830469813341
0.0262275454423668,0.5305585876730312
0.021594678345058127,0.767479183025869
0.02979599940443589,0.3629533418929021
0.03639141248396527,0.15762930605989442
0.02579328763160521,0.5522944692907652
0.033935735608191686,0.21922974790104874
0.029625559602683094,0.3700484216738081
0.013515773851106694,0.9950794057087227
0.022725080442437984,0.7105125458452948
0.024459114807115212,0.6206380292607437
0.027416869232730373,0.4708394640416901
0.021153980608015877,0.7888941518364532
0.019662398985209106,0.8561910504689209
0.03342540871923441,0.23411050625076946
0.0357878187942825,0.17130656078271758
0.02172743385500825,0.7609249812775173
0.0293427881560111,0.38203377427510926
0.029127016745297052,0.39135969729993597
0.03042516376810972,0.3375971233258228
0.02313189612185801,0.6895447757874322
0.030231286776540356,0.34527123312814817
0.02566841047167434,0.558600655101641
0.02268897284766158,0.7123650690701983
0.048087473506730705,0.023903465736546982
0.03779472723428523,0.12920913565102632
0.02565277647340014,0.5593917808991948
0.04159601574486116,0.07261927854521487
0.032340318094695786,0.26830869247661593
0.022971364116903953,0.6978377224452982
0.029813538519688265,0.3622287154961309
0.03208061351885594,0.27702463815293826
0.03865838660933174,0.11390305000201882
0.014584838018838253,0.9875555585307763
0.02958607273430755,0.37170601409252546
0.043890657326336235,0.0499376795068011
0.01715810204040169,0.9424508178422417
0.018623281215951915,0.896716381018698
0.019862111857031267,0.8477399416596978
0.01741812125467873,0.935393496556996
0.017624702573284412,0.9294530344593109
0.023766483657088444,0.6566157497822627
0.018061250446193167,0.9159455773952058
0.01627369813909396,0.962919780535212
0.040281484625987185,0.08918480909007641
0.021346248674026347,0.7796198239090812
0.020942457169603468,0.7989626183097845
0.029185686943838496,0.3888084045395733
0.027895154945843936,0.44761272579096156
0.021691052845306702,0.7627254801543341
0.042510454561013045,0.06270302197058342
0.023179042511155656,0.6871053641423903
0.027763163744680602,0.4539450570458044
0.030664966563542007,0.3282757667796163
0.027392489598629277,0.47204416567410545
0.0357480694478004,0.17223945726120013
0.0485823574026909,0.021817730038410556
0.035352847492795936,0.18173656746718084
0.024415848543805685,0.6228808464053622
0.0312516227863886,0.30625993474757357
0.020475670484203068,0.8206227929168216
0.033329227843039266,0.23699987394152755
0.04177773526125861,0.07054899047182192
0.022322152648078464,0.7310834996130198
0.025007123055180644,0.5923416183122611
0.031214524409059696,0.30761926913140314
0.024875356222726408,0.5991231765068157
0.028915410675410147,0.40065774945692795
0.019719694912360364,0.8537866310868496
0.0326924986756193,0.2568203010925601
0.038143594808923376,0.12283516515616834
0.03300385806881451,0.2469768162496181
0.02742139043132774,0.47061627360683467
0.020904977550784576,0.8007310355480077
0.014106118783943689,0.991557751928947
0.028317778195549148,0.4277346787371074
0.027403065917567526,0.4715212974831007
0.04561912036068749,0.03716884456507573
0.027403443922160098,0.47150261684134115
0.04516316756649086,0.04022443958675831
0.01878003462604816,0.8910005908359951
0.019489186275662658,0.8633584357803983
0.03675666145707557,0.1497880385654353
0.025742169275959195,0.5548730797799639
0.05841645581803234,0.0029294014049589773
0.027911862336770177,0.44681539513112156
0.031044162516428886,0.3139183363414869
0.02973882260437183,0.3653227068828144
0.027517952959118963,0.46586596526637797
0.033533021299247845,0.23090981921450407
0.03347096832975427,0.23275131285254186
0.02110699862430676,0.7911430712277882
0.0295563526867636,0.3729570484242584
0.024756542034433837,0.6052513576776477
0.03148406543328658,0.2978430949961126
0.042350420321954685,0.06434983431102484
0.01884188084210492,0.8887047039921101
0.018517273798570905,0.900496422399784
0.024021168796058645,0.6433749766028634
0.019875487600275188,0.8471669874275901
0.02547612576696498,0.5683547448299415
0.02842987254344831,0.42256392861549624
0.025966537229631048,0.5435853729112228
0.03597641357948966,0.16693505499282937
0.027037672011102964,0.4898048327624501
0.014308371091213856,0.9900037309238289
0.022761865146193716,0.7086236697615425
0.023260544206598732,0.6828847722344213
0.03763995910491258,0.13212213119167796
0.026734763999999467,0.5053034607274659
0.030260501802251483,0.34410691497308454
0.01540743799810046,0.9777822955314889
0.017232525794408038,0.9404789016751316
0.02601366719944731,0.5412245747515763
0.02580727662311011,0.5515895044591581
0.03568011518429126,0.17384366912345142
0.029416772699454696,0.37887205252168776
0.02035716093856832,0.8259876318638516
0.024350462244680182,0.6262720915517537
0.03798524470609155,0.12569558035534945
0.03800613845837908,0.1253150618731886
0.026243415504818235,0.5297703513302476
0.03115065437793224,0.3099699011527414
0.02940876179788282,0.3792135115942861
0.019384421114883366,0.867617600897632
0.0349647024434917,0.1914623328853666
0.03728984556654036,0.13890973893785033
0.02967277447564559,0.3680732557022957
0.03705162075078422,0.1436881229795278
0.021977555342593824,0.74846327922931
0.03506257353384157,0.18897217821869688
0.017885329182224907,0.9215428294880919
0.028262896720062713,0.43028180839963126
0.028241406012564307,0.43128200524701205
0.018815800253365933,0.8896756639837491
0.03813861350527603,0.12292432601649941
0.02762172612113095,0.46079615966005866
0.03635611418238571,0.15840425514503834
0.013999186126875451,0.9923034343438568
0.02981999802750268,0.36196209967936427
0.033065803355465884,0.2450531300610657
0.03198442573114124,0.2803059127091485
0.05132331128328238,0.012937692648506855
0.0280380833463989,0.4408223162306885
0.037520100300082626,0.13441470188082769
0.031546081596569436,0.29562655340503174
0.05009834110774869,0.016399185693279195
0.022306899999342544,0.731857344892046
0.02576899873444033,0.553519202079785
0.023819900934618166,0.6538386127410449
0.022003131121941466,0.7471813026949079
0.02913704251271365,0.39092290316037653
0.04898047750983858,0.02025895231397777
0.04009260634220396,0.09180755029772729
0.021248596595784375,0.7843441717011943
0.03954936026649364,0.09971337416200415
0.01660172039592067,0.9559649252353781
0.05480332914097785,0.006394189012423383
0.026043706295926145,0.5397218080315386
0.03533590581763235,0.18215275685433624
0.021312850193340144,0.7812387907472782
0.02077061627318616,0.807030145138798
0.03391452693468028,0.21983324820360295
0.02537147220909397,0.5736844544108962
0.021527984704776848,0.7707549120202755
0.03873543073140129,0.11261355831532825
0.016391068065360948,0.9605169642020674
0.022379709127640257,0.7281598848937094
0.02647016660679047,0.5185585631123962
0.029813693530564067,0.3622223158050582
0.030619556217097277,0.33002647625143805
0.03846404297770156,0.11721000380199008
0.017696718178419335,0.9273133782077124
0.037436455620804,0.13603371494658273
0.04764977489887179,0.02589360789533323
0.028851989392037813,0.4034739112888751
0.031939549413182944,0.28184666264820524
0.02969828974138977,0.36700895785838683
0.020887796507106704,0.8015400720039991
0.03367738088767769,0.22666910810305813
0.04288341727211076,0.0590044634565172
0.044177308533566384,0.04758840463386008
0.022657078162735322,0.7140000976695502
0.02423803899537863,0.6321072593784091
0.025797404701843885,0.5520869613556034
0.0341976102501369,0.21188324415112536
0.019377224260999415,0.8679080397778872
0.03794235909753296,0.12647958123526767
0.028226848157264284,0.4319604304265315
0.0387912192629945,0.11168736936130375
0.033136432605941235,0.24287371528635462
0.020763457929313,0.8073639248370763
0.018002538799873347,0.9178364502569585
0.026683138598363132,0.5079757458737112
0.024231031847439244,0.6324711151543794
0.03633208228742263,0.15893360582469862
0.014669402066867399,0.9867277439732833
0.024717223631315566,0.6072818456267081
0.020387827914591955,0.8246048982939761
0.01579260305801433,0.9717870045791301
0.041549320823637076,0.07315951817454323
0.02900710603607154,0.39661009412012294
0.025161828028261835,0.584401548594834
0.026854922886440424,0.4991183997498979
0.030483471175120513,0.33531333742695313
0.01843612790967386,0.9033426212865868
0.016810287284047876,0.9511529427973641
0.03474330416223059,0.19719063832327657
0.04014192096047231,0.09111661768708962
0.021656951755078035,0.7644101943610251
0.028853388425174098,0.4034116421192872
0.03456478647389338,0.20190662201564022
0.0265411741725754,0.5150675700362943
0.03376525438243244,0.22411725725347836
0.03099256239958592,0.31584468105523134
0.02399799973464345,0.644579337144799
0.03973281421841557,0.09698241732778576
0.020670536646556825,0.8116795141549807
0.02267327078883219,0.7131701699324153
0.036061779714381514,0.1649858282445503
0.029658196220993,0.36868232184036687
0.02923872638867203,0.38651192903457154
0.030196062786914113,0.3466787719192767
0.032615133897340554,0.2593115723054634
0.03267956338323219,0.2572355736797194
0.014412933536792849,0.9891231882367737
0.04783385794161288,0.025039409392539454
0.04811556807374884,0.023780485700595943
0.01303816057308782,0.9969987204330014
0.018789005450870228,0.890668988569757
0.02582736777395983,0.550577554264444
0.02819704585769567,0.43335151819055256
0.028504015932152904,0.4191671876297701
0.0374846426007569,0.1350990885510927
0.049781924382954035,0.01741867498438713
0.03722344068902772,0.1402285478022823
0.027738012291466663,0.45515841046386074
0.028810715746987903,0.40531392155882506
0.02071051462157547,0.809826727971963
0.022151791321439962,0.7397036610850127
0.03173301265381784,0.28901909875146986
0.03989415481452205,0.09463250951686245
0.045142952051874574,0.04036484400973105
0.03197233907412084,0.28072026789076815
0.022992592774552678,0.696742337442612
0.01822898319248123,0.9104188501679477
0.03733174204128098,0.13808286622103913
0.03148297266071784,0.2978822617280893
0.017190999449207545,0.9415839399669643
0.030301064465452776,0.34249501837639557
0.016845489203641928,0.9503107454781623
0.02182473317074951,0.7560941186826446
0.02015749688134305,0.8348925709179885
0.03530696417229506,0.1828654816166955
0.023049965487602075,0.693779939040085
0.02396329836403388,0.6463832900938287
0.024909500772829274,0.5973643313031552
0.03890131197340002,0.10987810352548237
0.02156334344144606,0.7690196818881769
0.01500994966574909,0.982995881530771
0.0392624607355222,0.10411249538837714
0.043091016830280715,0.05702802636157892
0.03216819270194837,0.27406206025400137
0.033006393853020954,0.24689784360843253
0.036911174974785466,0.14656705164680894
0.032673917579909895,0.25741698472524904
0.01658274994807818,0.9563875206387357
0.020501842082019328,0.8194303327089036
0.02780256082236965,0.45204878007619104
0.03673720193644192,0.15019771075078128
0.02309939002641015,0.6912257179178235
0.01972283044977817,0.8536545756925678
0.022229581630550554,0.7357739464655817
0.017875824363899673,0.9218393656896346
0.03301297706412387,0.24669291049605702
0.02655453997041568,0.5146713239706194
0.025164068794496675,0.5842867312019161
0.032265125801289374,0.2708107749838824
0.03566283087489219,0.17425359327940254
0.03552446441841817,0.1775629252556548
0.06749114618441121,0.0003310427830160345
0.03194822360503524,0.2815483587637713
0.019860121810975018,0.8478251126633951
0.03166237981813863,0.29150277414843945
0.025406475279717622,0.5719002785499748
0.02683257388173474,0.5002651131743777
0.023760109775323612,0.656947109918639
0.028555450801910576,0.41682172941075846
0.016913756592000312,0.9486527222042616
0.023795305643636633,0.6551173327191533
0.04892616693710061,0.02046558056104263
0.032510638162106864,0.26270541553881216
0.025359567819727258,0.5742915964737938
0.02359412386817944,0.6655740816141478
0.030925035774235554,0.31837859380471073
0.044233294487085795,0.04714091170193206
0.027119496167778867,0.4856713027391841
0.021484087557269604,0.7729045241599435
0.035026944013735184,0.1898757373507873
0.02401678866519441,0.643602656111198
0.03811846131688651,0.12328557424323075
0.04208800182116962,0.0671301788943723
0.024618769122305983,0.6123712991733964
0.012614055676572589,0.9981599719376331
0.015449672149194127,0.9771712651842462
0.03338944935493804,0.2351875834721508
0.023899359719865954,0.6497074213757911
0.041840999660193945,0.0698401105175374
0.022460147591536528,0.7240650913185885
0.042380725921011275,0.06403517205515874
0.023507473930311384,0.6700750328589171
0.026359467046717433,0.5240201936375308
0.01630760362490502,0.962235425920492
0.061760516512851305,0.0013606200847413005
0.02992496609540951,0.35764899510447434
0.023748251116238017,0.6575635972732721
0.03477793210415481,0.19628593625715535
0.02429700922597333,0.6290458612179028
0.032630943337380036,0.2588010048070204
0.019303519304428696,0.870866421694473
0.02393694838708532,0.6477531754867265
0.02945063590365804,0.37743103287228247
0.012454688553907009,0.9984897264494548
0.017337837416651736,0.9376226660030927
0.017275707016822017,0.9393170827974481
0.01733522689892944,0.9376943996482635
0.04029613572989932,0.08898401975480955
0.02893522488163125,0.399780700877748
0.029980188164883903,0.3553946287220171
0.020295572677166307,0.8287526674592125
0.014660435566850372,0.9868173295287159
0.021297060490694464,0.7820030462388706
0.01478894038582905,0.9854916631902964
0.03404368227660415,0.21617793325025092
0.02742401167805586,0.47048690661637366
0.025948942050264545,0.5444676739198884
0.016915266555258046,0.9486156803502866
0.017195512838539817,0.9414644187370983
0.017574432101700788,0.9309256165024816
0.026179192901240156,0.5329629372089508
0.01922529642506099,0.8739737386676925
0.03003885568964676,0.3530106858243838
0.036666827252673784,0.1516868266395929
0.02224571179825685,0.7349577287161722
0.026387466258533165,0.5226366016438218
0.02115134815840647,0.7890203459797318
0.01567901631293378,0.973654827166241
0.03112692826002228,0.31084644156960084
0.026482108710715074,0.5179707634741528
0.0259472226389727,0.544553919993565
0.020828876740038194,0.8043066740669336
0.022873115595820948,0.7029016829499728
0.018358246266428235,0.9060352649871699
0.03645440102319386,0.15625400349692298
0.031173077985024944,0.3091431443722822
0.026325579008912192,0.5256967348779983
0.031022538292470037,0.3147245694561912
0.0178398797730544,0.9229553000461227
0.025159659941640544,0.5845126471455224
0.0303440346283127,0.34079336035692126
0.02274336188045506,0.709574003192353
0.023008209840085392,0.6959362468847008
0.05991940224226511,0.002086369043829919
0.0343448357874192,0.20783787628906836
0.03142617421651184,0.2999232406487341
0.02154588531472723,0.7698768522491947
0.025998981981043057,0.5419597811038637
0.03816818375117942,0.12239582242009203
0.025519759344233894,0.5661368566901726
0.032879113577740204,0.2508855382658866
0.02410127233739727,0.6392117813899267
0.03631834701845821,0.15923678955034828
0.038293867506322354,0.12017027243178705
0.025615246609141246,0.5612923369597654
0.02198445683967476,0.7481174785469991
0.035755426873190665,0.1720664780196141
0.01370627806520891,0.9940957395825042
0.01941816219066872,0.8662522380535512
0.04462660340663693,0.04409877220591321
0.036593448010672436,0.1532521668582514
0.01940583716772476,0.8667516859080914
0.034723304720061465,0.19771463834963285
0.02394130458296506,0.6475267011966335
0.025007857587799442,0.592303861079841
0.02660601757216491,0.5119844426622591
0.026666802478595514,0.5088232181597077
0.02362122601564154,0.6641658471325809
0.02812873004473615,0.4365516723616491
0.025476499268758945,0.56833574899285
0.02435313604234407,0.6261333762370257
0.03291343875302288,0.24980534626163
0.030233757666311645,0.3451726508264303
0.019126821894209334,0.8778372806279242
0.04034333650718652,0.08833972416066338
0.013807452090337041,0.9935165423491642
0.016792655153664432,0.9515715245954456
0.03394748878798362,0.21889585943459447
0.024469704526669966,0.6200892367902491
0.021462414376984262,0.7739639183343591
0.032098975829114806,0.27640151491908255
0.03258304462295253,0.26035023674605773
0.03338247344471862,0.23539696933035156
0.016649618039373357,0.9548867532027049
0.027386047375708933,0.472362839567501
0.038567367999397306,0.11544211101671047
0.023565252499917533,0.6670740312449985
0.01877914904935421,0.8910332995877679
0.03116422313281475,0.30946942907059577
0.024621999471814426,0.6122042024232959
0.03941451220418907,0.10176137027647668
0.02534410058633685,0.5750807126444413
0.034453095718107174,0.20490175928169216
0.047408244796315446,0.027053433910864042
0.028758097258016535,0.40766803643032534
0.02985796095719484,0.3603979870089848
0.04497290604186449,0.04156288440230319
0.04423822319109283,0.047101691991646155
0.027155690459533033,0.4838500828175142
0.02895591125090924,0.3988664601359366
0.03058562546373944,0.33133900713128706
0.028734326359504347,0.40873459754189284
0.026423024110154514,0.5208816179368684
0.036555510135424074,0.1540665510495122
0.029769284875108215,0.3640590172881696
0.03645912754514535,0.1561511939965569
0.04976212600360308,0.017484310352762482
0.016457522353175325,0.9591142442212641
0.02039778809693024,0.8241549682350713
0.02182050673058078,0.7563044177799487
0.032941827023857895,0.24891465656766318
0.029625268468506327,0.37006062393892075
0.025153995543394703,0.5848029304890616
0.031216609759349867,0.3075427420143861
0.01775332207206426,0.9256068452237587
0.022999354693639867,0.6963933409362417
0.03148818070518278,0.2976956310840306
0.021983835024601994,0.7481486387819173
0.02025318800385678,0.8306461941431873
0.017988390292770218,0.9182887057975584
0.03593023378266824,0.1679971510410866
0.019332721565144317,0.8696978141597538
0.02430738107570951,0.6285075537023685
0.02556217704302277,0.563983245765286
0.023991792703630388,0.644901999702943
0.032542937282623696,0.26165283985869187
0.035069785609399995,0.188789694034064
0.03052839981329558,0.33356117311076466
0.04028281327378713,0.08916658467797786
0.01897379621519707,0.8837320785109242
0.04448846400612763,0.04514723148472011
0.02329937230484702,0.6808725844930019
0.030668101274186843,0.3281551622399335
0.04706866624118766,0.028761666831062998
0.018112144053296142,0.914288102693201
0.029873837091288324,0.35974529476290174
0.02893130352779988,0.39995416909803033
0.019020985126717904,0.881928609905852
0.02407987505349085,0.6403237331812582
0.039161118205498946,0.10570444773676489
0.01960729958538998,0.8584876979573463
0.023021018263533644,0.6952749659920273
0.03818197418382435,0.12214998706596124
0.025714762872991376,0.5562571871312456
0.035385302846146494,0.18094137084294531
0.0168426331399667,0.950379399679275
0.043131392039535144,0.05665031703638703
0.015491588230911124,0.9765537052606111
0.02043917519971744,0.8222810272562252
0.022321629685901415,0.731110038656387
0.034134580428010985,0.21363373230778362
0.019725974770757437,0.8535221013541229
0.026004392679228744,0.5416888561386473
0.03855719237538113,0.11561523438294619
0.016709819981122087,0.953508873733887
0.028632955222433754,0.4133043951323052
0.01472730695201152,0.9861387367956005
0.029824006903076516,0.36179670338925246
0.03098334924843038,0.31618953274361705
0.02808654082513551,0.4385358691958455
0.022497705128455003,0.7221498014239851
0.020064726220917817,0.8389706478352216
0.03915967671309639,0.10572723649769367
0.037262495704489196,0.1394516850763149
0.027126268608839987,0.4853301912001554
0.02861828343156514,0.41396867631088174
0.024484407810493963,0.6193273697185604
0.030664697041925593,0.3282861378232173
0.02780287106479007,0.45203386824528025
0.03933073340946544,0.10305129242600289
0.020676044614889144,0.811424602586504
0.03304606818632061,0.24566475520021153
0.03773486761123798,0.13032950816034763
0.021752722036110617,0.7596715838537886
0.042125072148770704,0.06673130800455315
0.020159543479608577,0.8348021717621371
0.019358210544124677,0.8686740253263888
0.025334639745074106,0.5755635370969101
0.0355361649443543,0.17728116583215003
0.024391100163298596,0.6241641733752638
0.018132688218512744,0.9136142148181224
0.04426294060545477,0.046905431560737634
0.02588483656251639,0.5476864509110946
0.02357715650981196,0.6664556123495459
0.028987706614463593,0.39746406722990396
0.02585379136034699,0.5492476084786918
0.028838536637926793,0.4040730133712243
0.029220839601236948,0.3872853255236135
0.018421400742144017,0.9038547372844559
0.03332233940897544,0.237207852102569
0.031214829924583132,0.30760805660688817
0.018210809610506834,0.9110265206970682
0.037273361209311795,0.13923617645256664
0.03996420213175278,0.09362719764218895
0.02124561129814967,0.7844881506100346
0.032363001030247085,0.2675573185968834
0.04479334452308176,0.04286145973456293
0.021669530850417562,0.7637890783900348
0.023668421678209817,0.661713144849378
0.024925019549026983,0.5965652822894614
0.021972042798868163,0.7487394144071503
0.04235291584407164,0.06432387355303935
0.029270941427518654,0.385121713092041
0.02984685955956201,0.3608548803753894
0.027085355115770926,0.48739326493960144
0.02894987869350618,0.39913292188561844
0.01609516935625177,0.9663931627610536
0.044189739945240836,0.047488724469095925
0.0278017569659742,0.4520874190276125
0.049796615240529585,0.01737011453957949
0.04727775725194905,0.027698941165028235
0.02531175716747791,0.5767317797718996
0.030548643615130378,0.3327738484827288
0.054086491217044674,0.007421171461095227
0.020148335785754146,0.8352969930854097
0.019917304075173337,0.8453702634269971
0.028036616474021114,0.4408916542120837
0.017946219703267374,0.9196287927042673
0.02184773742304938,0.7549487594214058
0.020346154945602324,0.826482922095652
0.024479966744384685,0.6195574757362702
0.02162601443724088,0.7659360932991888
0.01912180554552928,0.8780326349900046
0.03225593430398732,0.2711178253419589
0.02842564544172843,0.4227581463509118
0.01991537135604804,0.8454534892841145
0.022977779741947424,0.6975067238312098
0.02283662320202995,0.7047800983593291
0.019305173480209548,0.8708003493330972
0.021190639553706314,0.7871345439404163
0.03207729402241677,0.2771373968424207
0.03604319851533749,0.16540854966977991
0.02249341181174047,0.7223688500729527
0.020359257656504925,0.8258932182416809
0.052323801138867476,0.01061492334967385
0.0433678476309598,0.05448117897827234
0.027212389797298342,0.4810059944398646
0.03218375981356958,0.2735379555839155
0.026824414573800248,0.5006841813484507
0.020245146192024888,0.8310045900373716
0.02878413668008417,0.4065018816655592
0.027214457779206336,0.480902468117667
0.034137494620411296,0.21355255147835644
0.02297895747093298,0.6974459576457348
0.03640610193539773,0.15730770801642205
0.03067863699554807,0.32775004680856973
0.0427689749929519,0.06011892208746306
0.02418111677415341,0.6350634945170004
0.028150900228463116,0.4355114080764354
0.03326939625506731,0.23881099624830987
0.024475241329159514,0.6198023269854019
0.03586275937685607,0.16955869239409768
0.022134611253532332,0.7405700260770476
0.020319075739996778,0.827699373288773
0.04112304784565646,0.07825087185503193
0.02442099432242545,0.6226140507078924
0.02103672011091373,0.7944938906036068
0.025365144151559216,0.5740071729637414
0.03403784164384793,0.21634220969960513
0.01877810129848234,0.8910719921619548
0.028422913023006757,0.4228837218272938
0.028756159707802653,0.4077548996459412
0.030265104249151464,0.3439237483298464
0.027338639467544668,0.4747122622989465
0.014320245980309898,0.9899064362757581
0.013000802497686315,0.9971195639926258
0.025607075095427534,0.5617064181756889
0.04290060029668119,0.05883867206776755
0.03879300373206829,0.11165784822138375
0.016836543059506992,0.9505256024980205
0.03150896503062367,0.2969516818933617
0.023825310365533703,0.6535573702615058
0.02770058412856735,0.4569679868849319
0.031661585109565515,0.2915308082334736
0.034158289579236445,0.2129739600750881
0.023619243995012917,0.6642688395703644
0.023810852457600618,0.6543090506498661
0.01687909969677196,0.9494985213919644
0.028923939686264943,0.40028006218162454
0.024088217730741213,0.6398901778793773
0.040380981336405,0.08782867985277697
0.02320114898787118,0.6859610068882904
0.018248207391765914,0.9097737233682845
0.022776330335341488,0.7078804558588205
0.023321764294718772,0.6797117706296358
0.030125261140567017,0.3495203739029157
0.024421401126532516,0.6225929595132065
0.01992656885798505,0.8449710625398359
0.019167579467030738,0.8762447824391715
0.03154839920453589,0.29554395565414177
0.025452067238092346,0.5695787200043525
0.029149945112197484,0.39036127134777365
0.03783110154955238,0.12853218322581017
0.038517873573671646,0.11628619886287403
0.021655606520491977,0.7644765944238215
0.023994430254207166,0.6447648902672961
0.01856438301522545,0.8988251832993809
0.033341354889235064,0.2366340688434786
0.027439676150623482,0.4697142993884472
0.025556501842252888,0.5642712410954182
0.02381473803648021,0.6541070365975363
0.025987682704753046,0.5425257159556389
0.04772230537900113,0.025554014650292934
0.02573346849609759,0.5553123742828547
0.04162623524898279,0.0722714605547404
0.03716679308350623,0.14136159250183808
0.02004850986737708,0.8396795094465255
0.023465290545697515,0.6722652933120203
0.035710068122558,0.1731351049557081
0.022055911251277094,0.7445314688199814
0.027979473148466938,0.4435984570193686
0.024069604136035067,0.6408575156304596
0.02668643680629479,0.5078047528622004
0.041839724162495595,0.0698543424357594
0.02375407250483197,0.6572609668832493
0.013816259555869737,0.993464178101433
0.019061563048968888,0.8803675449274981
0.022846120866002906,0.7042913498439392
0.03477161783216931,0.19645066203200676
0.031664509967270604,0.29142764099669494
0.035818851059742696,0.17058105028514808
0.02740425805072283,0.4714623849946291
0.025098235015469483,0.5876623498908682
0.02006982262237883,0.8387476229615958
0.018223293713254596,0.9106093195238806
0.023701340460369535,0.6600021386282917
0.030288304920370768,0.34300147842573087
0.01602281554919205,0.9677390037200426
0.02571529557120089,0.5562302735753268
0.037771243768605856,0.12964772592904045
0.02173800194755071,0.7604013648238741
0.025738985577775098,0.5550338086578713
0.024404494195872872,0.6234695881905552
0.021106417032167646,0.7911708666394753
0.02377638795804693,0.6561008457339985
0.02608982992894182,0.5374173447046207
0.02710479105186875,0.48641249756399735
0.01885033800642838,0.8883889822258949
0.020127545763525045,0.8362133974428906
0.031645949062669154,0.2920827903078509
0.021782428299555207,0.7581972644807738
0.020934023772907706,0.7993609561645493
0.028144787446802655,0.4357980641961922
0.02654179906014076,0.5150368917648058
0.03603182429760507,0.1656677394323741
0.028564497714250958,0.4164101112733662
0.047831483008533016,0.025050268904364077
0.023572822808102245,0.6666807548917322
0.035048333760003936,0.18933288943677962
0.03152609588141153,0.2963395360654427
0.029101441973785225,0.3924754493632658
0.04502609031297866,0.04118489535923565
0.01780847148179801,0.9239232846987452
0.02007787190911625,0.8383951360931673
0.03062575854041849,0.3297869605957652
0.03004432323883477,0.35278909405587094
0.030111047559179704,0.3500928281346409
0.024174804514192183,0.6353913822126913
0.026985574013874233,0.49244845829536277
0.037450002180712594,0.1357704380182985
0.02019304883436851,0.8333195971926906
0.027800378763662925,0.45215367015396773
0.02181378887982588,0.7566386000624117
0.02780851242570498,0.4517627726424366
0.0159119678499704,0.9697323456459794
0.04974723005788939,0.017533838947860106
0.02843107403759071,0.4225087360049897
0.018913405743394507,0.8860212112226176
0.026670752364546246,0.5086182269070126
0.020901934382031084,0.800874409806227
0.025818970609461034,0.5510004262289978
0.024059516277463777,0.6413818046623655
0.039942228034219984,0.09394160151088
0.03815694484625948,0.12259647316115159
0.02533365153283018,0.5756139758617802
0.048363168746892504,0.02272068937527627
0.023077586170489328,0.692352767993423
0.030607726950538094,0.330483636360101
0.02110707974964174,0.7911391940051482
0.024053033664006906,0.6417187309992123
0.01855987924314484,0.8989855545465184
0.02864358301771952,0.4128236649652332
0.03844818111000292,0.11748336470342603
0.02328308228991481,0.681716889699358
0.02675169220827922,0.5044291572289552
0.020777136014505593,0.806725979833022
0.021039879958223595,0.7943435780420692
0.0453620279692557,0.03886582001221367
0.02418198529646312,0.635018380417464
0.025447270759321794,0.5698228313343878
0.023518564446597334,0.6694990799309921
0.04319859503107887,0.056026402113367436
0.033551589583875496,0.23036096523070496
0.014810883710914047,0.9852562141910701
0.0176692798484549,0.9281327690330492
0.03361727113038104,0.22842754873918267
0.02648953644523161,0.5176053030596734
0.020793592570256036,0.8059575464682218
0.018562980357730796,0.8988751429019975
0.017438892277981344,0.9348094999100195
0.028078857852106842,0.43889785602544495
0.04129001957163586,0.07622196075561508
0.019510720626835787,0.8624757991430225
0.026442394937017832,0.5199265631762546
0.01891409202663963,0.8859953170733508
0.029717500442697276,0.3662090701237206
0.019815686899376073,0.8497218935961927
0.0383769804700278,0.11871689971463482
0.02917727431486483,0.3891735193882195
0.019953654120473174,0.8438016946882445
0.02268868997884288,0.7123795754977502
0.030347753512669162,0.34064637473821474
0.026682295705192927,0.5080194508763911
0.03036637815962595,0.33991093621406315
0.03182416444721714,0.2858371432380731
0.01812937660518904,0.9137230289159892
0.018763734267164045,0.891601889828862
0.026783029582990392,0.5028131973020393
0.01770996059503427,0.926916086767262
0.01903630661936495,0.8813402900125372
0.025505248373192985,0.5668741633867094
0.02852176907479881,0.4183566225473803
0.036485828987238844,0.1555714151932588
0.0405565771584972,0.08547758231266851
0.027087753376048296,0.4872721760050604
0.05213430848679734,0.01102354095902235
0.02451869945957924,0.6175509901056289
0.02922791516703893,0.38697926067635613
0.027662529149996784,0.4588127387276017
0.028141841724021566,0.4359362477699799
0.025552072665185555,0.5644960362575981
0.03524210313650408,0.18447077599308043
0.01905236145996303,0.880722364831581
0.025109202998810143,0.5870996440773577
0.022242566238340825,0.7351169364354204
0.020510459225451583,0.819037109493882
0.027395140033865395,0.4719130988569505
0.03252016082458198,0.26239475635252146
0.01977729360698638,0.8513530658457429
0.01982304503277854,0.8494084580208806
0.03945680933767043,0.10111525135318118
0.03767016052271002,0.13154952023696578
0.02117499207429452,0.7878861267065635
0.025270328533077507,0.578848478637932
0.02606902422012465,0.5384564076116385
0.03853528097659936,0.11598875153605848
0.02924303405042683,0.3863258331694318
0.0251458287556221,0.5852215157704019
0.02523156249870606,0.580830978069506
0.02187754171181444,0.7534630570292566
0.03203615704087992,0.27853760866181876
0.016656481864620654,0.9547309362465252
0.02245878252092748,0.724134664864788
0.029188752921090078,0.3886753978388258
0.026045802125191975,0.5396170164780134
0.03054598437760281,0.3328771953878031
0.036898478348502906,0.14682959611139182
0.026444603333660943,0.5198177262178328
0.02414766249485767,0.6368013933311696
0.017990316143814522,0.918227224276327
0.02701838664490791,0.4907823684105053
0.031143174793783646,0.3102460323631025
0.036896358776043414,0.14687346224441766
0.030413217214886434,0.33806642308066764
0.026573929667948193,0.5136582320236829
0.028243675428562653,0.4311763106509505
0.047153722868027104,0.028325094407589593
0.03104165918620333,0.3140115927701094
0.021202223686059063,0.7865776437814793
0.029463952375933133,0.3768654141015342
0.02140054878369496,0.7769807895048755
0.026421946169340182,0.5209347853991239
0.023479790797663047,0.6715124816953606
0.023656527358874357,0.6623313223878415
0.04647525168565991,0.03197605971442603
0.03708890141941179,0.1429316663549574
0.020321332160928823,0.8275981283536498
0.026133291911305076,0.5352491959907391
0.017980181434402165,0.9185504919289594
0.023381595372892527,0.6766087826321179
0.02457388032018265,0.6146939901193715
0.018400617882206705,0.9045750981496441
0.02092767384124572,0.7996607239611434
0.03259947786435874,0.2598179346673135
0.02363359761495476,0.6635229566209706
0.032986794054734925,0.24750874549170107
0.03556187293723079,0.17666333982530427
0.020241320871148827,0.8311749734723638
0.019279791005294006,0.8718125513571835
0.02259489568913542,0.7171839958564177
0.04208401598768208,0.06717318660779659
0.02069041521534465,0.8107589867549557
0.03109554399823944,0.3120086879629871
0.02570882638466021,0.5565571452956601
0.0265856360434778,0.5130471964136086
0.03402007403465124,0.21684254488770693
0.03210086069280271,0.2763376115652869
0.05416830032062975,0.007296810921288345
0.022906137187764797,0.7012007343520126
0.01787021389285015,0.9220141196449294
0.025273889811181505,0.5786664429986561
0.03603270436512651,0.16564767333365893
0.03505844397018121,0.18907672942566803
0.025516041514303478,0.5663257335948992
0.026456390432472165,0.5192369770615813
0.019371810595635974,0.8681263323962405
0.028424879556539218,0.4227933420648552
0.02875080616921355,0.4079949725733594
0.03193916665160024,0.2818598311694641
0.03730998307740491,0.13851180246467415
0.017193882524294518,0.9415076082663522
0.02814264877758013,0.43589838603832765
0.024968778446200268,0.5943133825683844
0.014840486293712873,0.9849343243118851
0.02141450091153435,0.7763013491428503
0.014642264464898358,0.9869975557057223
0.026689429652925423,0.5076496227077231
0.02856887724030044,0.41621095026350907
0.03519307505806868,0.18569158116485693
0.023016115672273352,0.6955280968804369
0.02083533980635366,0.8040037979003668
0.03386926083191155,0.2211256079105036
0.031858138321343765,0.2846578532557585
0.03832171830033859,0.11968163268243576
0.01831122706497401,0.9076421971991073
0.024330722405348615,0.6272962832806883
0.0355090396738329,0.17793491004444564
0.03546849450977707,0.17891564965352813
0.016499380252204543,0.9582149680450824
0.029559477679247936,0.3728253662164701
0.03957779611204115,0.09928591937833649
0.021967312694191277,0.7489763045527376
0.022156904319022397,0.7394457126830444
0.03372274643862472,0.22534890946060523
0.028163099284149506,0.4349397176411407
0.03177698909997262,0.28748069146530525
0.02394404871630329,0.647384037171606
0.030121628074002427,0.3496666326824211
0.013876985114597229,0.9930944694661368
0.03254131002526245,0.2617057933445834
0.04307864439782927,0.05714420253684881
0.02019619003151185,0.8331803496806286
0.023762964196141767,0.6567987171123598
0.019684970905997856,0.8552457830712082
0.02965500478984462,0.36881575154538054
0.03254125166720012,0.26170769255678683
0.022727010725932778,0.7104134667484683
0.02442286790572412,0.6225169134790808
0.02498276511560532,0.593593991520911
0.040158119688764815,0.09089061491319649
0.031185350043379412,0.3086913584993853
0.03061790922465335,0.33009009940885903
0.028615355313956536,0.41410133716291714
0.03410794139660933,0.21437692816225265
0.018067057271261233,0.9157573252017688
0.020936997913671596,0.7992205052420708
0.01884287073103663,0.888667771522788
0.059186275497383145,0.0024646407727115893
0.04092907235180587,0.08066506947708232
0.024921029603806155,0.5967707001132525
0.019199841700466957,0.8749776164698707
0.02475220374709519,0.6054753370557833
0.03668141729808849,0.15137713001219782
0.033896646906895755,0.22034302822459786
0.0320227695530777,0.27899442577745365
0.04355527375119417,0.05281299142331417
0.030776379403686993,0.32400893292776095
0.04145807591761708,0.07422502995552471
0.022705343216500695,0.7115253747428876
0.01641161290029791,0.960086572942102
0.012895974200994864,0.9974384333881289
0.04353953415424949,0.052951367588389864
0.01815296184481402,0.9129464939092381
0.021809674431638837,0.7568432237233441
0.019311157309417626,0.8705612141113812
0.018294758575389758,0.9082016789234582
0.021680476106579027,0.7632483163542306
0.023112494320823018,0.6905481715301193
0.024717717144404294,0.6072563521474252
0.04336508416290297,0.054506110849145716
0.02392335518656097,0.6484598808907951
0.033756267664131895,0.22437721035691352
0.029059139683437596,0.3943258071942769
0.03355660710763764,0.23021282604287413
0.01643727230132508,0.9595449282087548
0.025785004883167706,0.5527120137958481
0.030935857843696235,0.3179715069193231
0.015532858688001,0.975934755077183
0.027123557411932064,0.4854667290532377
0.01782057889125277,0.9235509288882346
0.03393833128484741,0.21915597512535254
0.033005231227001997,0.24693404921244388
0.02617277802033746,0.5332822307294356
0.016060730609454454,0.9670381765662986
0.023197389644949717,0.6861556354787097
0.054122785478407875,0.007365763192016414
0.03273248667104389,0.2555397389129133
0.03269528182436543,0.2567310176355408
0.023860232406266446,0.6517417154547349
0.033560425791030024,0.23010013092579643
0.017348891935686894,0.9373183778907423
0.037544784382533,0.13393993165387452
0.026885810444464697,0.4975363483610808
0.040227530303533876,0.08992751884686034
0.021406272856622832,0.7767021051279903
0.015835523932476975,0.97105909301122
0.03689942327196877,0.1468100436289245
0.019340556856135727,0.8693834762659254
0.017095042578815223,0.9440913637828025
0.019630029800211557,0.8575421253432559
0.030645901339020787,0.3290099706277762
0.021340221727970454,0.779912216043197
0.037728037224474376,0.13045785305101093
0.03024976799329221,0.34453436678542965
0.06348629697337693,0.0009007585657237083
0.02208820511687437,0.7429073903638423
0.024881134571777874,0.598825450157118
0.021287521523619013,0.7824643954192241
0.02074921021877746,0.8080277106898903
0.022140090274915092,0.7402937880184046
0.03976505529601371,0.09650897472195463
0.01932547669295448,0.8699881694735396
0.021684424806116542,0.7630531539251936
0.02157497434045441,0.7684481770596929
0.026924804230952615,0.495543690275914
0.021818194314557116,0.7564194615800308
0.03613750615644018,0.16327198006070112
0.04984082155544278,0.01722472071653764
0.017569147402622276,0.9310794162486146
0.03698535683641252,0.14504067615188784
0.03956670155493869,0.09945251354044342
0.03641253180317122,0.15716710402006764
0.019748449289899522,0.8525737945858584
0.030462674167551163,0.336126635875196
0.03682780652951417,0.1482979231771308
0.03543231920317014,0.17979430030778795
0.021846414520284352,0.7550146580087558
0.03203445381629935,0.27859569626199726
0.02923226407398194,0.386791225280341
0.04527536705007057,0.03945288581871279
0.030632541727553808,0.3295251574712767
0.03164646650280012,0.2920645113272644
0.025252057063083644,0.5797826647545914
0.026221995749987626,0.530834336998357
0.019896728298902433,0.8462553793833142
0.04118246053786484,0.07752376182854143
0.03397479347986854,0.218121697211649
0.031633852154856645,0.2925103643615648
0.027132525034609223,0.4850152078311488
0.01959343049311557,0.8590633553976622
0.035701002036716334,0.17334932865624772
0.02896255926687369,0.3985729553428807
0.01678146363229871,0.95183607857643
0.03674970064085237,0.14993447767511617
0.020734129650055833,0.8087294869017724
0.01731290370031824,0.9383058796326356
0.03307829817573682,0.24466649520575434
0.025854339301639606,0.5492200411951389
0.03082082348756171,0.32231810372832886
0.029124964413725474,0.3914491532506863
0.031953195972443726,0.2813774660188157
0.028262472594237864,0.43030153245305025
0.025291236277717954,0.5777799895182884
0.01464222432015376,0.9869979519146859
0.030200596834873056,0.3464973633156213
0.020178927964303317,0.8339450326365132
0.0492616026519741,0.01921882135693235
0.018792180784569013,0.8905514983235443
0.03314368486536112,0.24265077101038135
0.029086125435008214,0.3931447190496374
0.020313744031490083,0.8279385199973632
0.020091824260963786,0.8377834529991973
0.023586149208220997,0.6659884109159151
0.03419171044925007,0.21204662135948066
0.01638434261119337,0.9606572197884629
0.028074603605434456,0.43909838294083053
0.03001252883677563,0.35407906114809906
0.023924181070826167,0.6484169431414382
0.04297387731424629,0.05813613399134549
0.055052210108843536,0.006069145294297746
0.01904457510062532,0.881022233906456
0.03315599325794638,0.24227275169307189
0.029874864734955597,0.3597030756261384
0.025036942136362317,0.5908092580528248
0.028050038903636165,0.4402574579399573
0.01637741389992109,0.9608013867436346
0.037945991509342636,0.12641302152486628
0.024254266349324205,0.6312646983429295
0.03531974426503903,0.18255048416072858
0.03606600678312433,0.16488978330924633
0.020156224071064544,0.8349487821597867
0.02633763455118543,0.5251000679901872
0.029531929410616886,0.3739873313508288
0.05416000364112106,0.00730933591529453
0.01790318057579532,0.9209842563799785
0.018627192130604764,0.896575597064923
0.02927093170573608,0.38512213210244023
0.020126793167383486,0.8362465350263549
0.015268523537392109,0.9797135788133298
0.030631279485171414,0.32957386346010115
0.019772021263345596,0.8515765035245054
0.019534428407916082,0.8615012825254729
0.024034278800385667,0.6426935353482737
0.042766322654557376,0.060144963502615834
0.02678320018506808,0.5028044089876822
0.042089469315955585,0.06711435032931738
0.023671344605523115,0.6615612288313719
0.03094592777888941,0.31759305302478125
0.028596348157560236,0.41496317775420355
0.022461511200112638,0.7239955894738419
0.03654788652000235,0.1542306210560074
0.023245218556930958,0.6836787431389824
0.05478155057642345,0.0064233752121142795
0.014981920944468818,0.9833278892760192
0.03483775036497766,0.194730776984186
0.016756577471531697,0.9524212138055562
0.03968060510809851,0.09775318978278771
0.03605467058263101,0.16514745855019705
0.022038774965994712,0.7453924183438764
0.028484298804840602,0.42006867409363047
0.03131900106301694,0.30380237960617656
0.043245837913465535,0.05559134284135298
0.03194016788060294,0.2818253858766061
0.018949482589992794,0.8846562582585518
0.019528679868258125,0.8617378466611724
0.04744681104570814,0.026865213266568932
0.03761802916928525,0.1325391900217322
0.03215308206516915,0.27457151491606085
0.022533013365074517,0.7203473274023783
0.018389251693934988,0.9049679074046968
0.028891093524968076,0.40173592491557036
0.03271578062632341,0.25607413876775914
0.01594940500935027,0.9690683565828145
0.03332108047887422,0.23724587727979482
0.02904931438004882,0.39475644129696186
0.03476863065284502,0.1965286288880867
0.03561920020133846,0.17529178053562933
0.018861589440553717,0.887968287739873
0.032910422612891316,0.24990012054706834
0.024150080652008743,0.6366757632645765
0.01653047064169333,0.9575391338143111
0.04089633707146656,0.08107862715151552
0.03021895180561235,0.34576366868902986
0.019079555172170914,0.8796723584485913
0.024991496377143374,0.5931450034605018
0.036429445689807105,0.15679772459702795
0.026287629301967597,0.5275767301774781
0.031761862782337336,0.2880091612624794
0.029821729621087922,0.36189065185092156
0.04260642258066355,0.06173287082696127
0.030981900470816948,0.3162437859886181
0.0235429627103958,0.6682318830720575
0.04026973903873532,0.08934605354497561
0.033242271028469605,0.23963556403163008
0.023617889575760387,0.6643392191968567
0.018441436064738463,0.9031577022413844
0.021169831198473377,0.7881338477218525
0.03131523428999777,0.30393938550646876
0.02993897803427248,0.3570760184491067
0.028779624235060197,0.40670380383063776
0.021032142619664962,0.7947115814742741
0.018313342893664042,0.9075701903449139
0.029549362492324427,0.37325172229920395
0.022890238802312113,0.7020198016341919
0.016006981354444894,0.9680288083899558
0.04287851532442766,0.05905183359016813
0.022780230220385334,0.7076800406436771
0.024908142764590857,0.5974342645399857
0.015384824519618034,0.9781048577784562
0.022287216632906226,0.7328553997039837
0.027752264898158463,0.4544705745103704
0.0212451014007653,0.7845127399238347
0.020827355116048052,0.8043779596879352
0.034484020551303396,0.20406901815028472
0.021166384552287143,0.7882992397169506
0.034504106843475824,0.20352955335607073
0.022663261992733275,0.7136831945365506
0.018652525347519933,0.895661386665995
0.03210069211816907,0.2763433263748907
0.02462181077514014,0.612213962967578
0.01816314747550979,0.9126100125285819
0.02049803811125006,0.8196038238319023
0.025293083800544958,0.5776855970537841
0.031757848893990914,0.2881495158297384
0.020495377089499778,0.8197251530956902
0.032791735749941986,0.2536512589463818
0.06139249901633054,0.0014835305552939138
0.01757300689931518,0.9309671128040484
0.016902706956712366,0.9489233015837782
0.03087377296227567,0.32031206810948304
0.02037838313328122,0.8250311672404124
0.030687509013932385,0.3274091841318645
0.03026680540572957,0.34385606393773444
0.017771125854307512,0.9250655926176012
0.035771331059426204,0.17169302980844653
0.018982953688328696,0.8833831052930379
0.04339309340673281,0.05425386711453646
0.019964553459755452,0.8433301603323444
0.02760616040699454,0.46155429085880934
0.02365278010224592,0.6625260708646201
0.016657932922624047,0.9546979533535027
0.0255800341495368,0.563077355470333
0.02905090994214951,0.3946864871476167
0.022470851813658377,0.7235194318222878
0.02465409310751801,0.6105444816011393
0.023987489062134326,0.6451257204249531
0.01742614177117985,0.9351683458062251
0.03237053008637658,0.2673082678195366
0.024783613898533174,0.6038540167098349
0.039248395844363015,0.10433223826854032
0.02121141420737503,0.7861355206357935
0.019388370752121797,0.867458089851016
0.034340136589274484,0.20796606161864353
0.013851476156289677,0.9932516278152559
0.017852510314281922,0.9225641620782536
0.033426342194636416,0.23408259666285197
0.012780559254966573,0.9977567191968671
0.032465942338067766,0.2641672377518891
0.015949599765394618,0.9690648778060258
0.03909430863234209,0.10676494181552315
0.02397152401860103,0.6459556668796045
0.023974353673114457,0.645808564581636
0.028260670537733623,0.4303853442382034
0.032166906403436224,0.2741054002080819
0.025245499992111564,0.5801180110019144
0.03434602337474235,0.20780549087460484
0.02590279452330635,0.5467841046265371
0.027029272401918963,0.49023043738640293
0.032936602753232735,0.24907838803720314
0.021059958089494332,0.7933877035937228
0.03839830099274821,0.11834641367885725
0.018360415962954235,0.9059607725557941
0.043110547746118666,0.05684504565394759
0.02244193687596502,0.7249930035710979
0.04571467626267944,0.03655483088794964
0.02001271761469403,0.8412398309767052
0.025461152731113545,0.5691164068564188
0.026232078401825842,0.5303333979690139
0.030593416164269194,0.33103730961868133
0.03139709997894802,0.3009719618072201
0.03560691298331553,0.1755850386913277
0.025867282498798883,0.548568997927867
0.02698115035540627,0.49267335132957807
0.02241060849198795,0.7265881214932619
0.04502091524530605,0.04122154341583642
0.04022803663335339,0.0899205249126657
0.020370488714540835,0.825387180225977
0.027955650145573552,0.44473019190612323
0.03144285964192417,0.29932260609479033
0.0518720161961419,0.01161260037113483
0.02738131948213207,0.4725968010876633
0.03764391695171898,0.13204697587562642
0.03458658378850066,0.20132610929610742
0.02949095473069463,0.3757203085858243
0.02472213992048311,0.607027892427203
0.029347942661722914,0.38181290207721924
0.026301430433030404,0.5268927289475374
0.05059574884427853,0.0149043149814224
0.02716754455774517,0.4832545722787135
0.0268728799740226,0.49819825195887
0.017950664368793223,0.9194881092507313
0.03727401303576794,0.13922325659972898
0.017489754953416536,0.9333668661786941
0.02399497492823588,0.6447365762467678
0.02894325854238039,0.3994254792503343
0.025999395043844298,0.5419390964730182
0.03403113749433395,0.21653089308171722
0.028009027912765716,0.4421971046458856
0.04474480164711492,0.04321852117161521
0.02316313826238725,0.6879284484132739
0.013519590930949482,0.9950610112765519
0.03507371209040783,0.18869040229309034
0.020162468484284712,0.8346729408263842
0.03432510680073553,0.2083764596026248
0.020667948436890793,0.8117992583078406
0.023716211148192,0.6592291530260372
0.03218669116642514,0.2734393484506562
0.022766533848561255,0.7083838206553498
0.0322785296621492,0.2703634742227806
0.01768259520041071,0.927735773019234
0.04271318792548284,0.0606686960525633
0.02890185766531389,0.4012584176150809
0.015745746484622902,0.9725677755541283
0.041963403962814394,0.06848576160676897
0.03881190993292005,0.1113454718369299
0.02427512930018849,0.6301815883708185
0.023108584160175194,0.690750357012567
0.031858071820044076,0.2846601580889047
0.02222875867790719,0.7358155770291364
0.045044169654310684,0.04105708633235085
0.03525890945742005,0.1840537588964392
0.048145382286312266,0.02365059227098723
0.03796286336642701,0.12610424028377665
0.03019932761809807,0.3465481382170966
0.02709089015020727,0.487113828590027
0.025024335046718305,0.591457009934228
0.020889090960986123,0.8014791533979579
0.022068707059685,0.7438882070227
0.023733745072185064,0.6583176909685506
0.0414534046790942,0.07427993060029148
0.019559800992135723,0.8604551035592938
0.040168096218381855,0.09075165744444416
0.031619581836937305,0.2930153542466084
0.028342193426281637,0.42660481284989954
0.014362373601631841,0.9895557067417728
0.03491529525469517,0.1927291786404844
0.020400933966540247,0.8240127752099654
0.029303484392237955,0.38372088479537625
0.02090065404412067,0.8009347213687757
0.02191848843351535,0.7514187075290119
0.033767926823264016,0.22403999808389377
0.03379519730252423,0.22325279380204258
0.01713030807087698,0.9431773262347338
0.02646519640732803,0.5188032809079495
0.023530571422264446,0.6688754861615552
0.02843327708800647,0.4224075479610465
0.029835362607056992,0.3613284853695289
0.025817414617321344,0.5510787962906627
0.02483705830449412,0.6010971975826627
0.02319208866487449,0.6864300613616676
0.02117830642016605,0.7877269949603024
0.01610797615216142,0.9661512454031589
0.046918887364645334,0.02954488203051511
0.01778075782297095,0.9247718770734629
0.037888305230149744,0.12747344996786933
0.02989068431911779,0.35905359556530664
0.02891655412284433,0.4006071003198549
0.0327498143806888,0.2549863451596894
0.04597207971779682,0.034944778378683344
0.033912183492224524,0.21990001043904572
0.019172778893054132,0.8760409573669939
0.024362002323379706,0.625673421166819
0.02590720033359513,0.5465628015169433
0.04256940977351642,0.062105504342663674
0.01545907251812717,0.9770337343683025
0.024284689501027135,0.6296853213269662
0.03012867464606639,0.3493829938998612
0.022025587647169137,0.746054562605545
0.030627599135659156,0.3297159063391123
0.03995090651463895,0.09381732507050787
0.02384673354560296,0.652443546069015
0.027556212465327745,0.46399256129843314
0.02179240906650015,0.7577014544694967
0.040096471817310686,0.09175323421930964
0.02210383161539156,0.7421207871973226
0.03362669255300332,0.22815124450357505
0.025823131617452866,0.5507908687657391
0.03062390366038048,0.329858577492673
0.03367640056804966,0.22669770234014255
0.033385891097589826,0.23529436872380324
0.01875506112726555,0.891921179565272
0.022783967745800382,0.7074879528152873
0.03572274170956913,0.1728359921715048
0.025744552053601488,0.5547527952994149
0.027186887846273877,0.4822838496797879
0.04463988276158387,0.043999107091441135
0.027113309840016586,0.4859830286024748
0.023947094334045516,0.6472257000489107
0.027264548147340695,0.478399286336337
0.027364076208573063,0.473450732087925
0.01956490118009019,0.860244407800115
0.02440046772039306,0.6236783830993191
0.014235212211436088,0.9905881283520912
0.03683799506953178,0.14808551020162203
0.026523983194798872,0.5159118440633368
0.023702674237057297,0.659932809633995
0.023935092857452878,0.647849643046149
0.02306673134524706,0.6929137157133272
0.030697053129355834,0.3270427859662492
0.0219614116187965,0.7492717723039528
0.017313656067080074,0.9382853270715124
0.04156906132914767,0.07293071445811113
0.024469008677258985,0.6201252959932024
0.030328685554318502,0.3414005002943606
0.023092286123244987,0.6915929630350458
0.016571783516543148,0.9566306693343378
0.03283038211133332,0.252425171451804
0.019745727262602597,0.8526887827696705
0.03087010552735092,0.32045071881591897
0.03550175803232836,0.17811072953044843
0.019932826854172747,0.8447011888993127
0.02394249635718082,0.6474647422893383
0.0325335714808363,0.2619577282035727
0.029893938343615867,0.3589201032646535
0.02112091949667616,0.7904774428139446
0.026736356198552302,0.5052211862239596
0.024686649264250737,0.6088615875767678
0.030368250686098275,0.339837058140387
0.02110246495040019,0.7913597155200103
0.02735149090942318,0.47407462377442017
0.028157440126690414,0.43520486281338433
0.04289902481672159,0.058853856513577905
0.029355010244729696,0.38151019880892406
0.035835008270424296,0.17020427739276472
0.021687777234862704,0.7628874316989542
0.020474758048627195,0.8206643167723662
0.03016863072188669,0.34777778439312074
0.036480633542059326,0.15568409008895073
0.03238448046547204,0.2668472689960229
0.03229627552250536,0.2697721291243502
0.02780126223270278,0.4521112004526564
0.016704408342753996,0.9536337700309121
0.020461502281491684,0.8212671925466927
0.027964843585902677,0.4442932205011982
0.02950318937477281,0.37520226998484923
0.03314889189150766,0.24249079627548106
0.021850870605811257,0.7547926684497658
0.05536982324715456,0.005676272496881953
0.02882620584259457,0.40462268710093247
0.019174223932561296,0.8759842828430566
0.024903828911935766,0.5976564258031887
0.018233222525882498,0.910276791785224
0.024613576677978477,0.6126399043311722
0.03170436276386346,0.2900246224741615
0.031857724779605245,0.28467218620383666
0.029527417048914262,0.3741779012815195
0.027631630874870305,0.46031417427743265
0.03563566800086049,0.1748993551160354
0.03827171299049087,0.12056014157283808
0.01809507641121011,0.9148458495255787
0.024997686647897532,0.5928267259664175
0.03585179603010491,0.16981350342847512
0.015831534767544175,0.9711272611310567
0.022728143748290575,0.7103553080076563
0.04268506797230265,0.060947443444911285
0.020006330037833808,0.841517670573594
0.019483547913152655,0.8635891364847235
0.024710939144635735,0.6076065004565797
0.025717426086029116,0.5561226376091946
0.023080779720344724,0.6921877158658369
0.0179044233904887,0.9209452890581942
0.025318859378815284,0.5763691165104416
0.030296228068309783,0.34268692466351325
0.016923602751533262,0.9484108923819956
0.016487156355688468,0.9584788456568962
0.04548637759719604,0.03803676643419418
0.025474691582427877,0.5684276873925109
0.023691550588474636,0.660511002204055
0.03912342720351364,0.10630165178986517
0.035752843770775034,0.17212719316499847
0.020940844162300576,0.7990388249330194
0.029131154924166514,0.39117936763665734
0.023589259441141985,0.6658268185171647
0.029299434465531182,0.3838950222000421
0.022161879739100665,0.7391946578897673
0.04157692938603219,0.07283968863481831
0.02665489187702519,0.509441672111783
0.03547926976642091,0.17865459179160093
0.02862817508728721,0.41352074094237606
0.026682102801765195,0.5080294534818441
0.024144554375531646,0.6369628711786488
0.03882590137570763,0.11111476466037369
0.05446946123699503,0.006855188446547501
0.022482012254903205,0.7229503330765554
0.022628208434254116,0.715478933378773
0.021991031390377502,0.7477879670082495
0.022983100343285212,0.6972321916253927
0.03782892756022693,0.12857256110174103
0.020042051182883158,0.8399615023917981
0.024347495268909225,0.6264260205711076
0.028365850598673747,0.4255119545476558
0.025585845069279967,0.5627826635771283
0.021429003748896336,0.7755945107283722
0.025182813916152347,0.583326445066773
0.02647772131617815,0.518186682580863
0.016218665627004553,0.9640137351201987
0.02702582312970192,0.49040527952795193
0.04203619483649662,0.06769101780321075
0.03014406950450621,0.34876389070203995
0.03118607738850837,0.30866459706250815
0.017888100726600742,0.9214562473773567
0.028687930246400484,0.41082181633799214
0.02586258377324724,0.5488053134660356
0.028987521635600477,0.3974722162057851
0.025852859481050428,0.5492944930166446
0.02907805083395698,0.3934978638314699
0.023085556544823804,0.6919408201011501
0.019753621590992712,0.8523551973465713
0.023126582972407883,0.689819582335272
0.02935692374836385,0.38142827262831486
0.036251586905441835,0.1607170244160015
0.025172218684381464,0.5838691758049545
0.03322006422404056,0.2403122371180845
0.017660284820692485,0.9284002710561552
0.021620251778263933,0.7662200533772756
0.04570623446479083,0.03660871570751782
0.023200654395499454,0.6859866134554589
0.025985204247084392,0.5426498800675843
0.0232634159144548,0.6827359825376251
0.020915762493677548,0.8002226610618757
0.030442292137001725,0.3369250821464708
0.03092917531552475,0.31822283454923206
0.038628474003992996,0.11440697221056814
0.02596706729077547,0.543558801132912
0.028235729562541945,0.4315464537189087
0.035491742023742834,0.17835279698025655
0.019429686854295802,0.8657844917017699
0.027962366613150436,0.44441092473799637
0.04286095514297472,0.059221794849428376
0.017822145258761246,0.9235026840427683
0.029447546591185203,0.37756233666890815
0.04359385291602466,0.05247513710578827
0.033430557302918995,0.23395660268363366
0.053414391000976336,0.00851822718048665
0.02727136879988168,0.4780590922642984
0.03837927648538353,0.11867695613557715
0.05680646604833611,0.004173596173372668
0.029018337681412043,0.3961162507278821
0.017738134669977867,0.9260668600600144
0.013199607842620698,0.9964303588468709
0.0327566624497041,0.25476788920994065
0.027066528493643882,0.4883445019891905
0.02151753551915525,0.7712670708054228
0.030989894184398792,0.3159445251323337
0.04343810272760695,0.05385063103084827
0.03151133597637279,0.2968669040498188
0.017657912267770248,0.9284707361502363
0.03142652231271917,0.29991070097821787
0.046399274304402605,0.03240961237811767
0.02080876080006222,0.8052484045319055
0.0216853171349764,0.7630090457063207
0.02208947854759946,0.7428433065554105
0.03806368354644846,0.1242719239156864
0.03549199745036136,0.17834662057560124
0.03084169220292321,0.3215263885677359
0.02696557069554817,0.4934659266655047
0.021903228636086958,0.7521810144875198
0.025283097911610153,0.5781958383749062
0.03430930348290373,0.2088086592205452
0.025927358304586257,0.5455506678468782
0.025445881088206737,0.5698935626854835
0.03400496308362955,0.21726877374959308
0.019252322200783656,0.8729039747351955
0.0282627042242084,0.4302907603809531
0.026035133265079113,0.5401505369407912
0.02489668655691657,0.5980242906920241
0.01567949256936757,0.9736471719059792
0.022543570999903617,0.7198080158087848
0.026979332722813165,0.49276577654110776
0.021661317483233633,0.7641946731951071
0.030302090777910795,0.3424543046177236
0.025377927101734032,0.573355319272381
0.02341476137905707,0.6748879524166088
0.03295071778781955,0.2486362032560926
0.023485496927919902,0.6712162135979203
0.021136696868782612,0.7897222989402455
0.026950648856723713,0.4942258047229355
0.044194104708730586,0.04745376892354517
0.013612325090778754,0.9945978353280681
0.02057786586239785,0.815951036407837
0.02192389607728218,0.7511484457870865
0.02296066597920965,0.6983895820509032
0.025367451211886216,0.5738895115934848
0.017838664317815667,0.9229928832184745
0.03930359462573019,0.1034720451677808
0.015360020030613097,0.97845499893328
0.027424291816033564,0.47047308227896933
0.03473995457943285,0.19727832385933042
0.04156626251011242,0.0729631173668523
0.02744030573142886,0.46968326441185887
0.03011662495699663,0.34986811792373507
0.021096384683601532,0.7916501610106634
0.025709436247657924,0.5565263278056138
0.023097234575909897,0.6913371508159889
0.028157591532982196,0.4351977676497229
0.019411297122627652,0.8665305316243114
0.027803480600583796,0.45200457180115194
0.029153503056010527,0.39020649763033594
0.02912042322861008,0.3916471424262676
0.026475846206483356,0.5182789746140928
0.012987748852043235,0.9971608804546133
0.03939245608383124,0.10209965352791671
0.031041142843402314,0.31403083057608744
0.02163043752725291,0.7657180844460777
0.033684936578535885,0.22644881480423376
0.04313904967004434,0.056578923151159144
0.027543855584582944,0.4645970824081648
0.020417362177767795,0.8232695601881163
0.012309288331219137,0.9987475700490152
0.029665913961854917,0.36835979334298347
0.025354253043768343,0.5745627152678298
0.023027600950292104,0.694935055429966
0.01900386492606032,0.8825843982757946
0.03868480911529659,0.11345944880223185
0.0475732123681315,0.026256405867458126
0.02652257694180926,0.5159809326928936
0.02693582263224137,0.4949815575182225
0.028889584726985884,0.4018028878433414
0.02559991539884246,0.5620693044479599
0.01910007413730086,0.878877288889653
0.024788452279384976,0.603604341294034
0.01447234182875834,0.9885985753477188
0.0167736646112987,0.9520199193970958
0.03951856233017165,0.10017806482835062
0.018293892100316733,0.9082310673553828
0.01668492969921287,0.9540816259801007
0.033002946456820725,0.2470052115341701
0.02890551390136198,0.4010963125275098
0.015409486036761066,0.9777529237967554
0.02249669894604811,0.722201140132565
0.03872681030897773,0.11275723701015243
0.022288622518118417,0.7327841355790032
0.02469863546159201,0.6082421914835865
0.0348374963280611,0.19473736093833668
0.020694182962216368,0.8105843445298145
0.02751334820890583,0.4660917745756539
0.024425404567647524,0.6223854013512232
0.03839397622303675,0.11842148803468462
0.027478043423145193,0.46782544976712026
0.02396039943541506,0.6465339969171162
0.028645946480875817,0.41271680967152474
0.028619095348629164,0.4139318968558122
0.023401467634206474,0.675577764504564
0.024023126184922305,0.6432732323282293
0.018853173402385626,0.8882830366226369
0.03862608486934238,0.11444729992996172
0.01596632612440302,0.9687651575115397
0.020451688051001393,0.8217130890013129
0.030523284915224713,0.33376031468185513
0.03368851555945296,0.22634452381545228
0.02932709184733942,0.3827069151215491
0.033122276377442306,0.24330934697441411
0.03795861381197341,0.12618195549086536
0.04048018404126741,0.08649384219163099
0.021317040479522542,0.7810358486254168
0.025040391487756608,0.5906320584250213
0.041087130884002204,0.07869322468543605
0.02138672480303802,0.7776534465830738
0.027085267936336144,0.48739766702331727
0.017918643431146797,0.9204986972870726
0.025389278576268465,0.5727766346525984
0.01889845594283257,0.886584595754934
0.02893638119771602,0.3997295590342375
0.04168014689819022,0.07165446567831339
0.03705313003391297,0.1436574354788431
0.02683312331927945,0.5002369017071804
0.020669291854472416,0.8117371079200347
0.03186693726249831,0.2843530177734555
0.019589089636954438,0.8592433269594049
0.035129710107278944,0.18727881448526298
0.046324201214302696,0.03284306888925803
0.029508780654539657,0.37496569111993605
0.019253605312265776,0.872853084984917
0.02156555579344066,0.7689110012775889
0.012202234693444114,0.9989137045382673
0.026539687135033962,0.5151405778261314
0.029307967053656236,0.3835282050089719
0.035421498190928546,0.18005779170104202
0.02058173770213867,0.8157732315162328
0.01964735657272365,0.8568195727351035
0.019009712344106422,0.8823606033070568
0.019527578428962578,0.8617831535447741
0.02130693829449809,0.7815250254520615
0.026469595771544258,0.5185866669283965
0.030746846980931664,0.3251360146251951
0.028027513912733615,0.4413220887611689
0.029126482790490793,0.3913829696774299
0.02881727407493989,0.40502116194751525
0.02701454197245623,0.4909773970609016
0.018531836965139922,0.8999812562830488
0.026043504792185923,0.5397318836173048
0.02311518307629523,0.6904091352853254
0.022095103944765326,0.7425601774862176
0.02674077891358173,0.5049926937078192
0.032641308728934226,0.2584666657633825
0.03919170516993242,0.10522185402312581
0.026202027606867406,0.5318269549155332
0.03341939534713523,0.2342903586927458
0.03061235636903098,0.3303046709648229
0.01613356940635513,0.9656644507187147
0.018802018557725675,0.8901871086446567
0.03021416372646113,0.34595495316284064
0.018845420641894206,0.8885726082931749
0.03746322705643729,0.13551381324372286
0.01895501459846846,0.8844462847023179
0.019775361982628192,0.8514349423475079
0.023954058379198395,0.6468636526213993
0.020367429224921962,0.8255250837649422
0.023651149398151855,0.6626108192041051
0.02918213653595625,0.38896246606488677
0.027911602457831752,0.4468277901444503
0.04253482052009394,0.06245547665817164
0.020577443182078492,0.8159704434504594
0.0209569832055308,0.7982759347651945
0.020375091555384084,0.8251796383118325
0.021283833148664222,0.7826427100767774
0.023983779988244247,0.6453185348982908
0.03242351970380791,0.2655603695636277
0.017903266943978494,0.9209815487185112
0.04273789851087906,0.06042464740242135
0.030711857349255967,0.3264750399101286
0.02212360744268932,0.7411246367896162
0.02251088116601313,0.7214773802783394
0.022462238184582484,0.7239585346117912
0.022797108631554708,0.7068124594249128
0.01747435023043792,0.9338056795862753
0.03014559282085036,0.34870267322454557
0.01909523941698177,0.8790648402586085
0.021498582100493435,0.7721953109944153
0.020346404749589098,0.8264716860712048
0.022086755076180742,0.742980357975138
0.038472080474044545,0.11707168696931568
0.01976948686457289,0.8516838607857795
0.029727851184197907,0.3657786000555276
0.018977798124645173,0.8835796334908637
0.018908712271545003,0.8861982264928133
0.029089675307128138,0.3929895339384912
0.03698984398972749,0.14494876205032717
0.023919979035861072,0.6486354074871068
0.029543320186723288,0.373506569281236
0.041864986141410376,0.06957293001951663
0.02907124431022834,0.3937957194563172
0.023777635428760546,0.6560359917244638
0.02359899723564174,0.6653208739308788
0.021000181023952097,0.7962296373811013
0.02796259059287165,0.44440028050223557
0.021582931331666333,0.7680569931393851
0.02989400194252856,0.35891749454902544
0.025188741041014262,0.5830228884684676
0.019960241788888666,0.8435167610697263
0.017080947485281106,0.9444542589673918
0.022302789987191263,0.732065799652255
0.0280605261968139,0.4397623691232413
0.02950452373607515,0.37514580083334215
0.03800031433871756,0.12542103615179526
0.038429073782227596,0.11781335420773877
0.043064304224580796,0.05727911001932622
0.01781031822286061,0.9238665532206252
0.02401402169278133,0.6437464849933852
0.022469112099970157,0.7236081273751307
0.028664416147465344,0.4118824222921679
0.026881785586644336,0.4977423182014725
0.023645965218832443,0.6628802393864411
0.0248789950675119,0.5989356835104467
0.05132101401185052,0.012943515651535707
0.021303264324314786,0.7817028551215697
0.041334880966514165,0.07568449354180316
0.0251047604381871,0.587327551599345
0.028169155949417934,0.4346560685731655
0.018136191072037566,0.913499038796496
0.029218882099218246,0.3873700300999951
0.02559809757684728,0.5621614515166387
0.016196688141414617,0.9644448039415404
0.02870133589926016,0.41021798963251616
0.027433954194912735,0.46999642284402326
0.028414007674782416,0.423293166010129
0.02419757155608898,0.6342088143687907
0.03369116543969508,0.22626733052909231
0.04321553977385806,0.05587002254030298
0.02696040986734577,0.49372865114505676
0.021592700764424766,0.7675764808979274
0.020393009365912373,0.8243708883694628
0.038691552983692645,0.11334645634958256
0.04639644192193637,0.032425874287215335
0.018190755375324136,0.9116945881318503
0.033035440706404684,0.2459945992889004
0.031914951880812115,0.28269384723248275
0.01974949640333934,0.8525295510252362
0.0300737643664597,0.35159758985792117
0.025321106769816915,0.5762543698000565
0.012646883960818922,0.9980854206306681
0.02886841286496905,0.40274334006471235
0.045003456972266376,0.04134538655263111
0.030132324356268336,0.3492361502069029
0.022561731983085434,0.7188799372679737
0.03979911534245961,0.09601091908708977
0.042568070471638686,0.06211902403100206
0.021163109435126448,0.7884563662173758
0.023596751592490472,0.6654375525658325
0.02311014849294002,0.69066947035302
0.035173339695252825,0.18618479096496177
0.03339910695289405,0.23489794083996443
0.02688221208400765,0.49772048985224815
0.025164371471740388,0.58427122237377
0.03374646238440032,0.22466110669102096
0.02825703543050384,0.4305544428163706
0.022940424234508372,0.699433450584904
0.01714370249595165,0.9428278820855872
0.023746812587941646,0.6576383799570635
0.028344531794206707,0.42649670597967576
0.01248717539020662,0.9984266773831814
0.025131587859476834,0.5859516010203725
0.03710389609406528,0.14262832302141892
0.058470017177249645,0.0028946141856832546
0.0516356068836219,0.0121677208322831
0.03254014402600136,0.26174374174327464
0.023854548763107136,0.652037218694066
0.03119843141231987,0.30821031105704105
0.018272440404229096,0.90895711046428
0.023784772550241112,0.6556649417929727
0.03541134090782272,0.18030539954019573
0.02766606497971108,0.45864112904652915
0.032534681400881116,0.2619215825908509
0.028473992512903057,0.42054041175613915
0.028189526973394302,0.43370295431889283
0.03504533262245374,0.18940898114772425
0.02192822457362409,0.7509320717618847
0.01721016274636447,0.9410754884050564
0.022977985064031925,0.697496130110485
0.018962582817236617,0.8841587357840263
0.055082658358945824,0.006030433100793115
0.030351577716232203,0.3404952739040228
0.023668625466456095,0.6617025532256995
0.03280765221290077,0.2531457506892667
0.02320598922108591,0.6857104044544812
0.02655335939561798,0.5147330485276824
0.022774702472962483,0.7079641066099331
0.026734771249004877,0.5053030861265202
0.0318893766289135,0.2835767145757326
0.033980381584218455,0.21796352087248466
0.023632164279828838,0.6635974417178632
0.022050317606553654,0.7448125657920202
0.030417831198037093,0.33788511517079095
0.03112812342682153,0.31080224388234906
0.02771777210447149,0.45613639296100916
0.037305002990992375,0.1386101274205535
0.02816143132019261,0.43501785448765373
0.04896458539347531,0.020319221729649683
0.027782034100672648,0.4530361241759955
0.016563638932499736,0.9568107090506963
0.030801558049733724,0.32305024930394205
0.01619459292504216,0.9644857269920704
0.017428914120129285,0.9350904173813823
0.04557717994460175,0.03744117649217055
0.019202228597467008,0.8748836355203311
0.023230520655153297,0.6844400542305114
0.02357213314300046,0.6667165835731479
0.029323062350111173,0.38287985466818986
0.035639339654600755,0.1748119553540895
0.020706137312136053,0.8100298864735722
0.027701415261820794,0.4569277516915346
0.027346439994095972,0.4743251638452773
0.026221651433087356,0.530851446995076
0.02840346697417831,0.4237781465015919
0.0369247599396636,0.14628655831807805
0.02573163496845099,0.5554049618942072
0.03948263772975591,0.10072238594786873
0.015661603344315933,0.973933705998888
0.022444347825086752,0.7248701846766021
0.03566610465327924,0.17417589162505506
0.03187867008252099,0.28394691702758296
0.02696572268177827,0.4934581907996913
0.02138682165982686,0.7776487355438906
0.02965943114108971,0.3686307005131101
0.023654859582952437,0.6624179986350016
0.03173466999573182,0.2889610102827863
0.03384895969536422,0.221707114613091
0.021686657033520573,0.7629428102310483
0.02879444481871174,0.4060408727706689
0.022839156709929198,0.7046497338393312
0.03238843347713102,0.2667167480169146
0.03153195847132095,0.2961302590362106
0.03743134147718319,0.13613321612419507
0.0184691337259697,0.9021899260162225
0.03569442550188617,0.17350485833277052
0.02540819355483026,0.5718127347648878
0.03158667756706224,0.29418220839393644
0.020813774745567448,0.8050138115970144
0.01712939581789441,0.9432010802065623
0.020287264623616408,0.8291244332150461
0.033760180069316026,0.22426401012329059
0.019426592503557938,0.8659101500506139
0.051723150022702113,0.011959426855470906
0.01955309381718645,0.860731981867032
0.02588776329537973,0.5475393542379641
0.0193219673927999,0.8701287105517199
0.022544349210807835,0.7197682565060166
0.018940180627373265,0.8850089222717265
0.018732177352174473,0.892761438078622
0.01738711948766125,0.9362595879831578
0.01920388071512824,0.8748185669824032
0.020054196831189974,0.8394310529594745
0.028588720744265106,0.4153093708595425
0.018573885240684818,0.8984864137248965
0.027765203383501413,0.45384675507277644
0.026036903790316146,0.5400619845723191
0.03630782906085417,0.1594692699054574
0.03716743094581976,0.14134879299862704
0.038232253339337996,0.12125711602043816
0.042815792050107215,0.05966084731174729
0.04381520506538705,0.05057247583868957
0.030309625226457637,0.3421555196326434
0.02056075837283483,0.8167359572231988
0.022010391496832815,0.7468171318826698
0.02109467379961194,0.7917318660013353
0.022611819881884543,0.7163179417493395
0.04944218932593081,0.018576064773966974
0.01804915827254505,0.9163368815636717
0.039627001516200744,0.09854985898440138
0.02545698280023545,0.5693285793356069
0.03324324807142365,0.23960582561006835
0.02136395161815885,0.778760373270328
0.041857121538173225,0.06966043622426837
0.017638929160502914,0.9290331533085239
0.03612290019671749,0.1636014299535069
0.033051411994797886,0.2454990272059161
0.03289485091571975,0.25038985470305525
0.021363863679732753,0.778764644777341
0.02506099108055826,0.5895740710606945
0.0422876518915723,0.0650057605321975
0.03247840645598876,0.2637589717457435
0.02991279523621071,0.35814721530766247
0.03229834071330956,0.26970337387826016
0.04422294644150465,0.04722334739947822
0.04948866748888675,0.018413773621771483
0.03633436417164093,0.15888328183752823
0.023405266160475502,0.6753806672966861
0.024454286957046822,0.6208882439230163
0.040089487752720365,0.0918513910700062
0.024434384340613846,0.6219198757097815
0.02510537874908092,0.5872958304139142
0.029876402066904506,0.3596399232946551
0.06464359418493637,0.0006787636884789272
0.037460205690511394,0.13557240712112115
0.0234551473324614,0.6727918506530493
0.026323762225092695,0.5257866764997206
0.026754693572330623,0.5042742442003137
0.014500582414834817,0.9883428947223909
0.02096748692452055,0.7977789494014305
0.025958788508144925,0.5439738661244726
0.03116272553602145,0.3095246376135283
0.03161829136519223,0.293061052493749
0.041858167229600785,0.06964879585042064
0.04351314951088392,0.0531840318977096
0.01672402835189149,0.9531799807079472
0.03492863236089888,0.19238655540594704
0.029705859998466866,0.36669360350448704
0.023663793408125633,0.6619536909082055
0.027732575472706356,0.4554209748135746
0.042085136809301815,0.06716109040897092
0.018090202333222408,0.9150047765064435
0.03384281482185747,0.2218833613632536
0.02239111097370694,0.7275800820697526
0.02167790479284204,0.7633753815025142
0.02780120134823738,0.45211412717664007
0.03214692135969033,0.27477942608333256
0.023048745839053475,0.693842944159794
0.04720185524416082,0.028080643595003077
0.019461992328924815,0.8644695706130263
0.021821418960067396,0.7562590305534774
0.020507402181043466,0.8191766444284265
0.024224153003980786,0.6328283249847084
0.021429414953808124,0.775574460872444
0.0290342213630862,0.39541858793959167
0.01843261148074976,0.9034650244803963
0.025158042063545327,0.584595554919267
0.025465520879102255,0.5688941733345925
0.03193341278593642,0.282057842253992
0.020790484001337338,0.8061027751712893
0.02597136950583956,0.5433431496603148
0.04932873927481879,0.01897758260076387
0.015460521883267464,0.9770124799510691
0.03623682843169751,0.16104573985987813
0.038765587423984504,0.11211211875339126
0.04135020473628093,0.07550164245770034
0.03599265410142394,0.16656281363154152
0.01821537734174583,0.9108739907361897
0.03102602207615679,0.31459457881218483
0.03424997516888595,0.2104374397066219
0.020288316997667144,0.8290773582285383
0.025167315773686028,0.5841203650749329
0.04215153788679982,0.0664477789024756
0.026831197754205283,0.5003357763983505
0.011509781277329656,0.999609302361055
0.02811777492432943,0.43706632130696
0.02556368159305411,0.5639069029197066
0.03022084889047294,0.3456879007860463
0.03046110842949601,0.33618792383056006
0.02492095651488846,0.5967744631507605
0.02734904592826004,0.4741958911570935
0.03320200478755281,0.24086360932021791
0.04189082159844337,0.06928612758620999
0.032683269510148605,0.2571165409091345
0.04327293783052111,0.05534309409322985
0.04402210822486516,0.04884819815608728
0.03053885395076139,0.3331544219398173
0.025995907655355754,0.542113740655108
0.025277827110767093,0.5784652044282255
0.023404980949350784,0.6753954665074424
0.01673523453150061,0.952919585485136
0.01933354688585459,0.8696647194329213
0.017066856130199204,0.9448156689372733
0.047541852656441175,0.026406299617726614
0.02221878691684298,0.7363199202593408
0.023625038451636993,0.6639677375644741
0.03741091187034096,0.1365312871550713
0.029429861594602147,0.37831461028324825
0.02081647673427367,0.8048873533129651
0.030012259343314973,0.3540900093917395
0.03381227223442318,0.22276098750532222
0.026331879392886948,0.525384875488796
0.012534921804475463,0.998330208279175
0.020517640715628116,0.8187091732449371
0.020912207472424338,0.8003902800915413
0.02258457816700632,0.7177117798230557
0.03907297444307445,0.10710544037592087
0.026828929072574614,0.5004522855995226
0.018828655328286814,0.8891975854713554
0.02055540705807679,0.8169812498127892
0.02102887940761966,0.7948667271751824
0.030619901078595857,0.3300131554070162
0.025064050768540028,0.5894169637347126
0.031560933272695046,0.2950975464307454
0.030823176494290783,0.32222876488010316
0.030556074233350605,0.33248519233913437
0.028065347022348308,0.4395349105838433
0.026262846600721867,0.5288058620979897
0.03151770563218492,0.29663923286188215
0.029603812891060566,0.3709606676886089
0.026991290424879688,0.49215794119816303
0.02471080281080218,0.6076135437557608
0.01916937626530546,0.8761743624456093
0.02534935233791291,0.5748127425080432
0.03373419632201935,0.22501664098201696
0.03143796843626556,0.299498585684224
0.03597251532889678,0.1670245037458508
0.019578950660155914,0.859663311850297
0.02599691901476464,0.5420630909280364
0.03100255692036269,0.3154708925204416
0.0383984777018177,0.11834334699150441
0.03350271514802744,0.23180778619439088
0.02757247583724931,0.463197716296447
0.02370450965382842,0.6598374052061726
0.01981040924846994,0.8499465447552792
0.025555777016991965,0.5643080264862445
0.05921786625567821,0.002447112110272393
0.01971233140328188,0.8540965583934051
0.02573600501373957,0.55518429608974
0.02165924885177395,0.7642968004348142
0.0329410692252225,0.24893840131463454
0.02871625420403967,0.4095467432372701
0.023885905063253943,0.6504069479987746
0.020202805247938993,0.832886959552281
0.024843545502069686,0.6007627330219467
0.02511790506918471,0.5866532807141407
0.05336745822453298,0.008600079514736774
0.03388438053295689,0.2206932848206935
0.04280830945421721,0.05973385814120282
0.028001473024632406,0.4425550411793881
0.015594704235041168,0.9749868382471112
0.024804471180030208,0.6027778536171116
0.026367153692303247,0.5236402092462005
0.036287454577332845,0.15992038531839786
0.01655557420565329,0.956988527804803
0.02569717253441206,0.5571461412085883
0.021021389942450508,0.7952226720303747
0.013149260038095967,0.9966158633175463
0.017389599410576162,0.9361905516320668
0.022715651378081264,0.710996463601649
0.029564324001996045,0.37262121447217994
0.02953526063372139,0.373846687979232
0.020856642599721198,0.8030044429644021
0.030793708954892418,0.323348884627453
0.023047781299059822,0.693892769889422
0.021174364998349682,0.7879162306632106
0.02392869381514451,0.6481823261555397
0.036587211775570894,0.15338579693286916
0.02606886446531076,0.5384643888182515
0.028586049713674067,0.41543065015743397
0.025825959747637794,0.5506484532807996
0.019354254952539063,0.8688331354381439
0.029510925767399665,0.3748749546279501
0.03185835850417529,0.2846502221552121
0.019858891342203644,0.8478777653853553
0.050946164235464386,0.013925885051795617
0.027489621512080342,0.46725643127904043
0.03249375073216221,0.26325701800239365
0.016861975472604707,0.949913330721157
0.037043918108390805,0.143844819666554
0.014499173612797955,0.9883557465177477
0.022299579555143167,0.7322286088395092
0.057351524279468324,0.003706345986961527
0.025702679258761574,0.5568678014968366
0.019914811108153796,0.8454776111167595
0.0264864937667757,0.5177549964850419
0.018536653416164117,0.8998105855298324
0.024816098846746737,0.6021780629362226
0.030269121921811415,0.34376391139898715
0.023136566654111235,0.6893031891970293
0.01966040070805375,0.8562746109049812
0.026656851335725706,0.5093398951298129
0.022895483157282515,0.7017496464157682
0.03198247901529011,0.28037261927043283
0.018366563806443637,0.905749535102363
0.026753452878884754,0.5043382779355665
0.029061971109604595,0.39420176871559187
0.027489375525500237,0.4672685158500818
0.02052468241109967,0.8183874218325755
0.023051162524475866,0.6937181007908818
0.038695426458696724,0.11328159890335628
0.021870258651641217,0.7538262909825147
0.02328955049017012,0.6813816637470314
0.023326639744189026,0.6794589877942505
0.03896890726784785,0.10877930667597148
0.016056118318059254,0.9671239507078215
0.027571705688257175,0.4632353358147306
0.02123229503800339,0.7851300559411258
0.029757790714054044,0.36453547515290596
0.026385893259807003,0.5227142931060696
0.017015128077513486,0.9461304598003535
0.02303100456294288,0.6947592882048297
0.016248955738515813,0.9634141924469976
0.029114586492401506,0.39190171770745064
0.014631736874829104,0.987101162895573
0.03273852229066149,0.25534687671157674
0.04194437853999755,0.0686947898052171
0.022001908817850913,0.7472426011546602
0.021353076069300647,0.7792884715589018
0.018930431809483728,0.8853779855109147
0.022678543325478362,0.7128998625840425
0.022069513245636108,0.7438476681028485
0.022750158457432557,0.7092249755707317
0.05028816813903414,0.015813534239571814
0.013264636874445096,0.996179227218373
0.017886950021424236,0.9214922012682647
0.023952860366507567,0.6469259347206057
0.023902675716506727,0.6495350189369802
0.03210136348190595,0.2763205671528531
0.026674835386668483,0.5084063812529505
0.023911853359818547,0.6490578651801331
0.03266976110559805,0.25755060242493993
0.030337293731364734,0.34105990430664135
0.018404917392891643,0.9044262958890801
0.023098863340926576,0.6912529469430213
0.03214269785094964,0.2749220288544035
0.019398201504825408,0.8670606999144659
0.022146686457480524,0.7399611500283683
0.02856948731659298,0.4161832119074557
0.027325275077518696,0.47537594430184316
0.03297049909415434,0.24801751421555882
0.04632565206272521,0.03283464398452232
0.02155257024502749,0.7695487259681726
0.027312012313771172,0.47603517715171356
0.025618155117813846,0.5611449747811423
0.028611089436955783,0.41429465824812817
0.025385480811703,0.5729702220349036
0.01623799174378826,0.9636319338626421
0.03548602914231502,0.1784909830066955
0.02294765605922569,0.6990605494309565
0.016709980171311867,0.953505173550077
0.020863164428060438,0.8026981705599634
0.03567021614701704,0.17407834619608115
0.019997567996038135,0.8418984854066283
0.03953908016123492,0.0998682841300051
0.02798396144810744,0.4433854514855556
0.031596960645456584,0.2938171806542943
0.050568733045996295,0.014982251886259481
0.03294147042372375,0.24892583000753585
0.03616283013402444,0.16270203456905916
0.03015199178132788,0.34844560210877773
0.028446390447588343,0.42180557995009643
0.028591360727524107,0.41518952499994005
0.04627208336229821,0.033146972647362674
0.027532629245803797,0.46514674397012273
0.023174196331732566,0.687356184834933
0.01908382666610553,0.8795070437932662
0.01938200374312593,0.8677151882315408
0.052391685980206715,0.010471903908045565
0.024328789884044924,0.6273965603623846
0.015995130123143464,0.9682446080962653
0.0372128292879117,0.14044023026942826
0.02466948426052984,0.6097487861998865
0.03724429438886412,0.13981330053839314
0.02005100047014191,0.8395707162188938
0.02044336792848439,0.8220907968831094
0.019320772189119872,0.8701765610141564
0.01702578372197372,0.945861152939548
0.021560185525584696,0.7691747906085518
0.03509460605362846,0.18816273362681726
0.024006921216452315,0.6441155770296101
0.020946481079983648,0.7987724696652599
0.054271986834023234,0.007141921844509464
0.026642981885947326,0.5100605708723918
0.0293855113005968,0.38020576595083183
0.023169857560500384,0.6875807299088283
0.031763629013268596,0.28794741712512273
0.03887335043445406,0.11033531068664812
0.01966303610491628,0.8561644042892878
0.0227740865755921,0.7079957548553526
0.03607259363610982,0.16474020986589039
0.02983190275115355,0.36147109659599314
0.035575120363887325,0.17634563966794792
0.022493524537001097,0.7223630990815709
0.04884930819783517,0.02076120258847555
0.02573389824266037,0.5552906741059691
0.04312459907810906,0.05671371420764321
0.019219960810413772,0.8741844613410316
0.020971843639697063,0.7975727009156908
0.023307576251599738,0.680447319597838
0.054255766986501475,0.0071659520514295435
0.03079972353003324,0.3231200295380372
0.020097816765587473,0.8375204666682754
0.03824903212389197,0.1209603494972987
0.034050604206051605,0.21598336894067624
0.021568195301187254,0.7687813201183247
0.03728637636219401,0.13897838742343452
0.04520942316683452,0.03990477763500088
0.032336425555243076,0.2684377922600237
0.014687770961255842,0.9865428644821876
0.01986174821305617,0.8477555064980717
0.02739109881041024,0.47211295113422896
0.02292314788088412,0.7003240829106006
0.02951755691383992,0.3745945600077864
0.020622740971357162,0.8138866945541534
0.027353493989950795,0.47397528907897135
0.02625836897688555,0.5290280547150029
0.015491565762968562,0.9765540392693719
0.014788169628898895,0.9854998846591443
0.017061928040521396,0.9449417349593974
0.02004057171689122,0.840026070587186
0.018825747946138893,0.8893057967611971
0.04128166919579285,0.07632235938089993
0.05037279862234112,0.015558530655701832
0.02023613378394462,0.8314059102296552
0.016770431373800354,0.9520960093421365
0.043007765732903325,0.05781367424338127
0.03686893769982891,0.1474419174611606
0.02856224017088041,0.4165127994748142
0.03064783949248684,0.3289352779770173
0.03633878901807985,0.15878573404302215
0.02143483159937265,0.775310307757662
0.023137242478236897,0.6892682303685724
0.02237625632470408,0.7283354245013791
0.029113211604817946,0.3919617015359959
0.036116461125153765,0.16374683753717642
0.018109671663360527,0.9143690153530616
0.034695921502188865,0.19843386804991975
0.019286925716125114,0.8715283892898391
0.029914406850543196,0.35808121481327454
0.02513479838791499,0.585786988247444
0.023835316406809692,0.6530371421665762
0.032254796101571004,0.2711558661850008
0.0480168590499328,0.02421506453133943
0.04467042465096693,0.04377062440338825
0.024751166301573646,0.6055289010403531
0.017837550484181508,0.9230273154132098
0.032806512576403435,0.2531819202465714
0.035166198320462194,0.18636351681346194
0.02784370428930455,0.45007406449978876
0.02184944451140225,0.7548637173124446
0.026861302346812166,0.49879138232032283
0.03308765674432235,0.24437721183489086
0.03916524464160609,0.10563923484680739
0.03323104944681737,0.23997731946539141
0.03009838334250181,0.3506034442895352
0.036594005379976424,0.1532402281110229
0.03419655148354939,0.2119125562971838
0.03369632813415341,0.2261169950581157
0.023782382289543436,0.6557892088692898
0.025408207973397268,0.5718120001744507
0.03373877439828099,0.2248838938145796
0.03392848553198996,0.21943590702660706
0.03421467275787626,0.21141129992386673
0.023065303863938846,0.6929874768887099
0.022159414337817207,0.7393190654074335
0.02426194278649374,0.6308661535659674
0.020642364075886266,0.8129815609879159
0.028121064041705557,0.4369117626086688
0.05056068544716463,0.015005538730094076
0.02014444127191413,0.8354688059596669
0.03088940934758999,0.3197214096431405
0.0230733819471981,0.6925700421464703
0.023111955389711336,0.6905760391289231
0.017889822620241802,0.9214024300774413
0.03947122127152408,0.10089588016892433
0.025811375833780348,0.5513829848835043
0.03204364331610032,0.2782824002447277
0.02397680345835168,0.6456812108459887
0.03521254429787202,0.1852060333489277
0.023855978077220397,0.6519629059938392
0.02681982166004304,0.5009201754607076
0.026643629517144718,0.5100269046813972
0.037819150430845716,0.12875428162542213
0.0391798450848512,0.1054087620518645
0.049389542852826374,0.018761436044766645
0.047643629080215966,0.025922565770782176
0.025776220392488614,0.5531549663625834
0.056262047422733996,0.004693782346411105
0.03745147947765816,0.13574175190021423
0.030621526333390964,0.32995038248689645
0.026729103467536652,0.5055960294006093
0.03286452548077179,0.2513456886862478
0.04590983251777714,0.035328328140533216
0.020478587671272863,0.820490012743
0.03358315487734154,0.2294302383381005
0.020258785697603615,0.8303965597119362
0.01938498382321982,0.8675948803236977
0.030791513682934313,0.3234324441944965
0.029704671557485518,0.36674309776828706
0.018549084441602692,0.8993694257738566
0.022374762137338244,0.7284113826443989
0.03782225288624347,0.12869659577216122
0.02720110479420612,0.48157119366133655
0.032959958339037976,0.2483470457831543
0.02299206804405718,0.6967694181394302
0.024803396299959313,0.6028333049154571
0.03147071124627407,0.29832199096501644
0.03761346426695078,0.13262613923472905
0.029453401432621013,0.37731351783205425
0.02454097585292281,0.6163973991459728
0.03695114645173997,0.14574298758677706
0.02476677486722656,0.604723110795965
0.02739384363736086,0.4719772040589937
0.04621709127805085,0.03347031023727063
0.01858863567085224,0.8979594303325074
0.01988165133785741,0.8469026737718984
0.05478861096170551,0.00641390005503046
0.020100501736538656,0.837402581879197
0.027650419582924524,0.45940079153038915
0.036919721987882737,0.14639052791765395
0.022742995963749846,0.7095927927280299
0.019815145729363937,0.8497449355349274
0.022834019228012453,0.7049140815922623
0.033147090533297674,0.24254613004655629
0.030896348672211804,0.319459533188238
0.02893999863329888,0.39956959529072594
0.04261435019458676,0.061653307412533775
0.03995298437866052,0.09378759032578572
0.023586111053144565,0.6659903932496514
0.022169722239875345,0.7387988390413764
0.024354954145234392,0.6260390557960565
0.023078743884711428,0.6922929348396472
0.03382153824967593,0.22249445040550417
0.03363889363958128,0.22779380270329921
0.017692053373360217,0.9274530449310108
0.02409108658599768,0.6397410915738507
0.042485623418495516,0.06295615631455251
0.034380039438082766,0.2068795433717155
0.03980201778021919,0.09596857655341788
0.018236435286529407,0.9101690559962972
0.02701160466848479,0.491126431260904
0.022865596750733297,0.7032888237791033
0.027790091646887505,0.4526483823798592
0.02330350197226294,0.6806585212330476
0.018436375237868174,0.9033340091153588
0.03999087004092755,0.09324681784746428
0.04919333589333186,0.019466922706511434
0.032295551800067934,0.26979622672334275
0.029535151047359265,0.37385131409644196
0.027114855248132064,0.48590514416856234
0.020388989636175997,0.8245524411035929
0.02378674039609635,0.6555626352877965
0.013216331460660424,0.9963670315193478
0.028953285656099226,0.39898241918135025
0.03785895358145924,0.1280157994145329
0.02828803046980144,0.4291140471960548
0.03411261395542975,0.21424642469648786
0.035263025585285976,0.1839517386166902
0.03769051539832319,0.13116474083034027
0.02600391569303101,0.5417127378803017
0.04879269998219815,0.020981360199378702
0.027942388686026054,0.44536102446565246
0.03653038850010171,0.15460773266396244
0.029832080902093994,0.36146375244952494
0.05499782914159079,0.006138851076895556
0.03454555684258698,0.20241983713675435
0.03254243847096716,0.2616690711072187
0.030201147237491177,0.3464753461616862
0.0177417440021517,0.9259576777975886
0.03654040454550439,0.15439177944493596
0.024424831265943303,0.6224151236375952
0.014579525931691872,0.9876062933662546
0.01866643154922709,0.895157877368673
0.03838915873313642,0.11850516173699083
0.02011494909654718,0.8367677080808132
0.04051157209741374,0.08607506323005781
0.02550726945232462,0.5667714547241193
0.04195158824621453,0.06861551448594425
0.03572605308776111,0.1727579072158725
0.021534103529518955,0.7704548674102171
0.03442163364604556,0.20575168606380465
0.050047544768952124,0.016559161796360074
0.02488875615772601,0.5984327975510118
0.028768530072438958,0.40720053610239937
0.014855035370610281,0.9847743200291476
0.035926486568268134,0.16808356977960098
0.031274827933157445,0.3054119094847639
0.02282246878258115,0.7055083023916445
0.029600625991913432,0.37109448664446937
0.02000195714071279,0.8417077692834972
0.031381190113064505,0.3015469790408374
0.026947439973787415,0.494389311638507
0.040718014145241566,0.08336299516038101
0.027825620040366594,0.45094132618288746
0.03154839105099394,0.29554424621018466
0.019929245971624265,0.844855635650425
0.019130677717034777,0.8776870246787266
0.026192515107764325,0.5323000711766075
0.03258844010095402,0.2601753768987556
0.016173902473036742,0.9648882327164093
0.03088243674574076,0.31998469909836685
0.034644636043091426,0.19978641093968127
0.02940032598792286,0.37957331460089255
0.01656978828236666,0.956674817664254
0.027124837981575833,0.48540223553701456
0.016711678074258718,0.9534659431776965
0.024343377948297718,0.6266396369039968
0.01829124458435588,0.90832083387352
0.020426805423508165,0.8228418452314268
0.02737876198657674,0.47272339122306806
0.01943287865528681,0.8656548227363805
0.02519330464379238,0.582789191300489
0.027216545841689976,0.4807979512050882
0.03359661328063002,0.22903428731147585
0.027718493506060482,0.4561015117934103
0.030707747181545786,0.3266325944139123
0.0211900016186235,0.787165200226029
0.030471036637629983,0.335799438381659
0.02765099673742942,0.4593727530416437
0.031848157074263805,0.2850039432202873
0.04124928896703328,0.07671273444667329
0.045209247546865505,0.03990598710285497
0.026771972613157002,0.5033829896864053
0.01957207516029036,0.859947814021043
0.03346052548533307,0.233062321182006
0.02760694393964054,0.46151610911405766
0.023971228495608732,0.6459710299739645
0.02050975865884247,0.8190690892578879
0.02626095398285158,0.5288997748364135
0.01683792507592058,0.9504924476162772
0.033700667733209067,0.22599068731701077
0.022400821900736223,0.7270861017574117
0.0361991659108562,0.161887039159818
0.05286161793107741,0.009528719022090147
0.023165517980023975,0.6878053035334921
0.035535876523294596,0.1772881070091874
0.0280364208169418,0.4409009033303404
0.03082028814413551,0.3223384321327649
0.03045866816959003,0.3362834593748262
0.02258842859930632,0.7175148312141153
0.033710879138230565,0.2256936901138184
0.027468315568022317,0.4683038874801353
0.01922237223540091,0.8740892450061681
0.027051853506240287,0.48908680301925644
0.03128180616421089,0.3051572293696028
0.0544004850742289,0.006954127147529534
0.028780258719669438,0.4066754078592267
0.019455799228522364,0.8647220742209825
0.039289741454977545,0.10368737092715433
0.0275441939088521,0.464580524078541
0.021394613087252587,0.7772696792279015
0.022731407885278776,0.710187749223409
0.024620315195606035,0.6122913243325827
0.03288723362280421,0.2506296858961302
0.02524229479911949,0.5802819514354725
0.01862301320272952,0.8967260254388415
0.03129252599882565,0.3047662979716053
0.0266772315478655,0.5082820836568107
0.02826185074746601,0.4303304526597026
0.021327092822322147,0.7805487880273528
0.020375405034241498,0.825165500361509
0.037862396020464706,0.12795209370142283
0.023391198813567105,0.6761105575806374
0.016122618508758846,0.965873287492454
0.03022732820653612,0.34542921210711147
0.022666080727962945,0.7135387264394915
0.032659227488644915,0.2578894601710522
0.03320522378599605,0.24076525947394162
0.02016917353473091,0.8343765592832029
0.021962077132011038,0.749238453640035
0.018369271808135523,0.9056564128985043
0.03281972676489253,0.2527627714834479
0.02699238156816497,0.4921025000936253
0.033105169809343526,0.24383656456453462
0.03945303569680547,0.10117275734666223
0.04494198301476671,0.04178404514926173
0.02236305926031823,0.7290061822782553
0.03819087848491176,0.12199146988967016
0.03515760116711886,0.1865788557304478
0.03464354185684476,0.19981534616365734
0.030391766371766993,0.3389102586671957
0.020717276743780544,0.8095127461212116
0.01947333255641892,0.86400668562079
0.024566768054499644,0.6150621223043866
0.02405239900414391,0.6417517171251216
0.017151295821105417,0.9426292249155792
0.024231761430436982,0.6324332297621443
0.020924606148963742,0.7998054940385183
0.021019077277281806,0.7953325463505101
0.031846892074836985,0.28504782815558066
0.017265737857770937,0.9395864620995575
0.017963921056839825,0.9190677242868759
0.023094092284951573,0.6914995950318144
0.031226956212676016,0.30716325947803236
0.021286415456241492,0.7825178725458215
0.03979399672097278,0.0960856306825769
0.02431412702904623,0.6281574569330524
0.02906267314289601,0.3941710183769269
0.0178102689856294,0.9238680660759974
0.018934749738011014,0.8852145892346369
0.024505801010619055,0.6182190765868738
0.03109425559709811,0.3120564688008098
0.03634470182569616,0.1586554584787366
0.020947428235299215,0.798727704092538
0.024755286508435226,0.605316177103175
0.022547466717784737,0.719608972463966
0.026417638379492042,0.5211472812339784
0.033674096235923434,0.22676492668432383
0.013977946443217773,0.9924455308998998
0.02451003133057339,0.6179999526451556
0.03958381604855388,0.0991956223048143
0.03683797694507973,0.14808588784596313
0.031666974462803144,0.29134073289677703
0.02394943636824079,0.6471039416991298
0.017784243845146736,0.9246654203230246
0.02360734747668214,0.6648870025541149
0.035010648952409684,0.19029010977565688
0.025013967743234,0.5919898010404581
0.03357531980958606,0.22966099110757243
0.0384473414060571,0.11749785064663035
0.028270452365768584,0.42993053382245583
0.03162200861129,0.2929294314703266
0.023129241749908935,0.6896820677827463
0.030309437104155346,0.3421629775082826
0.03218868587081791,0.27337226424402955
0.022199908162359117,0.7372742621150002
0.015361318271925217,0.9784367679961539
0.03942401041462301,0.101615980055635
0.022274266803110288,0.7335116645382718
0.017912110873172904,0.9207040254086447
0.0269967940305037,0.4918783433939382
0.02068807487858576,0.8108674390402035
0.025315740759572186,0.5765283563535146
0.024904326251902864,0.5976308121786272
0.0507261780031969,0.01453314157159474
0.029792439040673746,0.36310056291276294
0.020668643551121135,0.8117671011609152
0.027129781268674213,0.4851533280275498
0.025537617101507537,0.5652298909368862
0.026996508783633688,0.49189283218211194
0.02930298344238591,0.38374242148661397
0.02736845159659007,0.47323395637167487
0.01772114201346431,0.9265797000698988
0.028401557255821053,0.42386605343277645
0.012251889593942938,0.998839019185053
0.027047722294204046,0.48929590220491564
0.018753366261922588,0.8919835208087755
0.024887691454252958,0.5984876463429466
0.02368158243752727,0.6610291160561612
0.03651480448342692,0.154944218524767
0.026060416524780583,0.5388865020538932
0.029606598691920727,0.37084371877711825
0.02142283506119602,0.7758952318206936
0.03050325840678464,0.3345408437755375
0.022846758789777266,0.7042585189156318
0.03361415059620165,0.22851912210111186
0.03208431589673444,0.27689891393873617
0.02269349196121706,0.7121333008236561
0.0432968904397846,0.0551244709794832
0.02003048625528725,0.840465962413365
0.043260180810877236,0.0554598356752476
0.03493549925928957,0.192210335269235
0.02137755310381323,0.7780994298418594
0.01947649105823357,0.8638776415167915
0.02550954825086854,0.5666556556925582
0.03060895051477397,0.33043632865472683
0.026133110224261513,0.5352582528532764
0.024204278457920947,0.633860474395661
0.01720607953998393,0.9411840410955624
0.04791966615354304,0.024649833100865052
0.019316504285402658,0.8703473649159206
0.027954669814656524,0.4447768047154764
0.032740302150431,0.2552900241093996
0.03730588843055771,0.13859264149031728
0.03823863818919748,0.12114411670254578
0.037260777677941004,0.1394857855515615
0.03971799481627869,0.09720068154218546
0.01927964485235134,0.8718183694395596
0.017680037156966033,0.9278121345890707
0.016984020111073472,0.9469121231396804
0.02314396692377757,0.6889203718205321
0.026795737732417668,0.5021588238634547
0.015417299280635843,0.9776406292447618
0.0325566398227608,0.2612072582824001
0.01655811959767417,0.9569324535502762
0.019989923264712217,0.8422304495715903
0.024851959092052067,0.6003290022765031
0.021667832212262816,0.763872974783828
0.02524201461148662,0.5802962831475446
0.03288186545688104,0.2507988078305561
0.019711552219953576,0.8541293381424542
0.042799292611177764,0.059821941033108395
0.021840498357852733,0.755309315066256
0.017923744380329953,0.9203381684910977
0.030537403406348418,0.33321083856938244
0.024432761210418263,0.6220040182409192
0.014362124869990944,0.98955780315507
0.018623560687105162,0.8967063238162867
0.02385884466314847,0.6518138668263513
0.03531696607543233,0.18261892308218192
0.022839339754993415,0.7046403147809585
0.05362033043621339,0.0081673615209381
0.04387215271813327,0.05009272201921282
0.030342447385996896,0.34085610855703097
0.027270169001624822,0.4781189232614299
0.012691427542410483,0.9979804487915392
0.015358392738948658,0.9784778358443162
0.021811799368224805,0.7567375492222076
0.027087440814279384,0.48728795624851723
0.028134534141933343,0.4362791727848664
0.02533986433472868,0.5752968918200659
0.02495110382514254,0.5952227280683977
0.034677520476284876,0.19891832772347173
0.0342880353796613,0.20939141467069178
0.03503301872098802,0.18972144358471368
0.026782841053011985,0.5028229092596908
0.02719384617164644,0.48193496281261566
0.041371146984822804,0.07525235418907382
0.018827932827499505,0.8892244812827923
0.021113384397772716,0.7908378115165435
0.02165534961540183,0.7644892746075208
0.03550862043114045,0.1779450291678897
0.0251778761226015,0.583579363289164
0.03233996018241153,0.26832056103215296
0.02526354600286107,0.5791952108731402
0.03652158721008958,0.15479769540470983
0.014883213488423697,0.9844610335200488
0.03449879949331658,0.20367198638909764
0.021542646680635213,0.7700357764783712
0.029571013700753657,0.3723395393599023
0.01948875751740678,0.8633759848202605
0.027743244623636754,0.4549058161931645
0.025040680188261666,0.5906172278871824
0.024557148913101012,0.6155600619751118
0.04032249458826209,0.0886237340632908
0.03319233512085584,0.24115923049828816
0.030625494844009504,0.3297971412260662
0.029514986222649364,0.3747032429010332
0.030112322730772356,0.3500414431198005
0.033529395497868264,0.23101711025951246
0.017327199735711174,0.9379146792632461
0.02166814233693759,0.7638576581415976
0.03431503050407514,0.20865195228519637
0.02216733983895086,0.7389190933307799
0.030368520276201516,0.3398264227659143
0.019045960672844253,0.880968898011586
0.024199248891611957,0.6341216963550551
0.014133785031044233,0.9913564414552963
0.018351193628029172,0.9062771967155486
0.024400968128461042,0.6236524337505411
0.03259105742067675,0.26009058518261297
0.015963542604240266,0.9688151658822316
0.02348286844311198,0.6713526887359382
0.02802996340217634,0.44120623165109674
0.033875185216129755,0.22095613193089447
0.021334307267644348,0.7801990484537906
0.021359391065635558,0.7789818674837888
0.03254857866366556,0.2614693230953798
0.017860351455945778,0.922320800944373
0.02930499756954874,0.38365583582953067
0.02416699002429612,0.6357973187786448
0.025092546844969532,0.5879542282200595
0.0240853476190441,0.6400393312405182
0.020341572634000382,0.826688985159809
0.027238060868573055,0.4797218861437783
0.017274095562981817,0.9393606731830659
0.034912688533271174,0.1927961999454209
0.01910597645886203,0.8786481427191817
0.026340702818082595,0.5249482526403473
0.020767887535992124,0.8071574029013997
0.03164917746967466,0.2919687581193321
0.02833678162465325,0.4268550810397843
0.033143305775623855,0.24266242087431633
0.031865949500052504,0.2843872262740526
0.034023620709623836,0.21674259910470015
0.021624777177904342,0.7659970674556396
0.0373237681694224,0.1382399303178495
0.030601826549001454,0.33071183726565245
0.02662753294972623,0.5108640795161802
0.014272929684300606,0.9902900494266504
0.046227841858476726,0.03340688312622376
0.022102060246142696,0.7422099779038356
0.03283830199850274,0.2521744622872789
0.03168276369118961,0.2907843958914984
0.017243334767108487,0.940189297624663
0.018519676213785474,0.9004115290099683
0.02615612072161655,0.5341116667669683
0.027971463792812956,0.44397873443744157
0.027234450770911245,0.4799023343553304
0.019117419252888346,0.8782033362208019
0.025610565195962942,0.5615295501324323
0.02011487203334883,0.8367710970258393
0.04187610455615903,0.06944937960032764
0.030340001923034876,0.34095280087701907
0.029783710838051425,0.3634616525836713
0.027105943804556276,0.4863543679704691
0.02701674227657208,0.49086577615592797
0.020661635819547608,0.8120912069935695
0.023885352322114473,0.6504356858982606
0.024745748430960557,0.6058086429697809
0.014534234702930415,0.9880328568628991
0.04310641848035879,0.056883689688503214
0.015961011038360007,0.9688606024617166
0.045851189806990544,0.03569303640783497
0.025414781636132644,0.571477116016361
0.05430138985458455,0.007098547454856655
0.019088370509965258,0.8793310747180118
0.029896084058227967,0.3588320972438696
0.03055590181278589,0.33249188828866105
0.04270128020531233,0.060786601249781434
0.020733470917488783,0.8087601220136781
0.020907778724089887,0.8005990341498675
0.03343457055817395,0.23383669063427828
0.023309831949651305,0.6803303851894624
0.028371182292168062,0.42526591538356967
0.024758859385883736,0.6051317223453097
0.02111040750640092,0.7909801323713659
0.015188914439779655,0.9807668822449251
0.02984757804092175,0.3608252978782884
0.02336939420111739,0.6772417132388759
0.05382792007190884,0.007827027699091165
0.025836104282679073,0.5501377096652961
0.03087056195785931,0.32043346067010475
0.022314669460929804,0.7314632091839803
0.04394135199096122,0.04951505262131809
0.021829505377217617,0.7558566142298476
0.017670242382021084,0.9281041116930876
0.014797613262435949,0.9853989244451462
0.028904522213983985,0.40114027611965347
0.019890115557010035,0.8465394154109587
0.025718490958464124,0.5560688416027423
0.023777941202002162,0.6560200950426354
0.02447157195158256,0.6199924673887505
0.017492220663957392,0.9332964769529128
0.027208388134706718,0.4812063648294008
0.033306165924466336,0.2376967168999317
0.016246136739544892,0.9634702557149499
0.022000315942638626,0.7473224790924455
0.0206539927656344,0.8124444844976284
0.0248460173106112,0.6006353019509854
0.02928425530037071,0.3845481808968066
0.012959508281376764,0.997248679324204
0.021228296098537158,0.785322718076057
0.02080311266537982,0.8055125617842995
0.01898963656384589,0.8831281272584295
0.023802027220110045,0.6547678782665519
0.02428131542116968,0.6298604647069521
0.024933042142333606,0.5961522927828118
0.018930615829853892,0.885371024154877
0.0348531448587176,0.19433211919773816
0.024177654661477033,0.6352433310466243
0.022486257274889287,0.7227338202143962
0.026771492691844534,0.5034077305080301
0.022419654410008455,0.7261276957271345
0.024592492000334365,0.6137308006009161
0.017527409461724708,0.9322873711830708
0.024284699510407792,0.6296848017617871
0.029987547831950234,0.3550949442746192
0.03256712299467612,0.2608667512594339
0.02163534428761754,0.7654761780676658
0.03146855632162343,0.2983993221054339
0.01584410403505393,0.9709121156594899
0.019006107944389672,0.8824985758192173
0.025114462708716256,0.5868298432237489
0.02844906491970256,0.4216828799655848
0.03638320530543704,0.15780921664060146
0.03153389288465702,0.2960612301711022
0.028162396849713722,0.4349726224851234
0.025911810591970064,0.5463312623446966
0.028821517722007722,0.4048318056287206
0.017346073683017965,0.9373960340201959
0.0258507863136197,0.5493988027223096
0.03405524060767251,0.21585312307483234
0.020447937150039647,0.8218834031105674
0.024387868937006174,0.6243317508220024
0.030172205209807124,0.3476344386755242
0.019306837868020843,0.8707338540231572
0.023655595843573907,0.6623797343867859
0.03753193759887624,0.1341868541054538
0.025475465599720387,0.5683883205682079
0.03460426893005286,0.20085607305463157
0.028889664952680083,0.4017993271021452
0.019578425425297696,0.8596850541795312
0.03544936959315231,0.1793797437283952
0.03392730708932706,0.21946943073007977
0.025633545633591215,0.5603654011423935
0.021059498147673827,0.7934096151630021
0.032827111218420635,0.25252876881738817
0.04009730451828647,0.09174153696938281
0.03706271803269767,0.14346261144135922
0.02888003573769793,0.40222686580852907
0.06286951313641487,0.0010451897477915485
0.023969750991229333,0.6460478398334908
0.04162134562363817,0.0723276426444291
0.04410904555266065,0.04813900089630003
0.04253438516497832,0.062459892289716885
0.024633268482374238,0.6116213446261576
0.048787024676449575,0.021003546498301353
0.021518995627832604,0.7711955222401385
0.02217763901424008,0.7383991554051672
0.02439088598810546,0.6241752807452072
0.024058821029417254,0.6414179390030919
0.029776563845903326,0.36375751576047277
0.021992264833535113,0.7477261377323816
0.04233046327446832,0.06455776842075615
0.02483921943962568,0.6009857705526676
0.029980976702704942,0.3553625109981401
0.036852349878811363,0.14778665502309574
0.04430200712492982,0.046596682000484294
0.04438366553337508,0.04595700637606873
0.01710606249962368,0.943806675007432
0.015398404719331765,0.9779115316332002
0.028278528714125617,0.42955526487865686
0.027598874301452914,0.4619094442861447
0.03344111706091635,0.23364118884054588
0.018941828825983664,0.8849464711603507
0.023829804653747177,0.6533237063034059
0.021397822899954122,0.7771134703650697
0.02227503174722123,0.7334729071517729
0.022226406164563506,0.735934576528736
0.02432214753082107,0.6277412393344188
0.03118898016841376,0.3085578110926979
0.03033338489964399,0.34121453313128036
0.04559946462092812,0.037296258890353616
0.02884222456685187,0.40390871514019233
0.02282094240735516,0.7055868169740085
0.026661089136929383,0.509119822015088
0.026763064784143753,0.5038423308766271
0.01875857902239747,0.8917917276636703
0.015322447468989808,0.9789780874214311
0.03807073399015859,0.12414460925877636
0.016430426436360057,0.9596898843410133
0.038278979395623525,0.12043215495553175
0.03832568459410379,0.11961217749281973
0.021802041453132914,0.7572227307794235
0.032033936387130035,0.27861334470824645
0.0200470327490595,0.8397440187915378
0.03551342403742708,0.17782911344072075
0.016314466057721466,0.962095949374895
0.032827876366511355,0.2525045317741318
0.028995951804982767,0.39710095445558535
0.029494398458464077,0.3755744437985947
0.027853770108699105,0.4495918211122292
0.02804081162754779,0.4406933717914392
0.02530017667727502,0.5773232503583017
0.017309141026467634,0.9384086063602725
0.025561036160987927,0.5640411377081223
0.03526823872050905,0.18382259261301576
0.019291022553152126,0.8713650941164953
0.01968810638514895,0.8551142731662141
0.025756299554301365,0.554159897162164
0.016119387217000458,0.9659347530673639
0.032996965348607854,0.24719157528636537
0.037860829349455005,0.1279810832703889
0.02208076790790514,0.7432815949912555
0.025666189209265444,0.5587130358388525
0.04727492337539402,0.027713109651996734
0.020419333945713214,0.8231802826282671
0.03021012324830563,0.346116429710106
0.03811388322564263,0.12336776241678397
0.025297579917941793,0.5774559013868039
0.02297483959423885,0.6976584183309247
0.020872014759285573,0.8022823095207459
0.029647796620399736,0.3691172411116865
0.02607334648543108,0.5382404876010438
0.01721486207292333,0.9409504121721961
0.03361389191736125,0.22852671440578642
0.02597341969288236,0.543240393323685
0.04621451912708213,0.03348550127211761
0.019979095645145883,0.8427001632237012
0.022297571886310263,0.7323304139157583
0.02420482532259849,0.6338320722214856
0.02474156254354476,0.6060247894368868
0.033094154922932606,0.2441764995412509
0.03418518584862751,0.21222741447998034
0.0326429150688079,0.2584148819686249
0.016930574683973465,0.94823924522664
0.02377477553794302,0.6561846726878239
0.04540204394307645,0.03859732376022806
0.026160370230824792,0.5339000198385244
0.018791023433790466,0.8905943283520927
0.02398197115055306,0.6454125670644968
0.018792286900843058,0.8905475708819586
0.03490465710819313,0.19300281076515097
0.01928905085614452,0.8714436951292371
0.022607433837327384,0.7165424237576993
0.03006661333684535,0.3518867334553008
0.02712388963692547,0.4854499966250055
0.04031345009293502,0.08874722038591913
0.019012155348538118,0.8822670451306099
0.027917823416223952,0.4465311423340622
0.01626558871812825,0.96308228977593
0.036722687424071754,0.1505038661315628
0.02865640112141532,0.41224436816513327
0.027841834778270957,0.45016366875285857
0.05470946598245041,0.006520847648063405
0.05739312244284139,0.003672741832516346
0.01659288905857742,0.9561619690184702
0.02670646499581064,0.506767192168849
0.035943337586493374,0.1676952281831188
0.03326559296381115,0.2389264798914095
0.018542211518113305,0.8996134549994533
0.026505038008433457,0.516842936121862
0.02907735036529102,0.3935285093597675
0.02745312915327383,0.46905143026990365
0.01773506658144758,0.9261596002282415
0.03950483939015215,0.10038570173018344
0.013759135046421234,0.9937982304931667
0.04517768365164654,0.04012388268593856
0.049253832603948,0.019246916998146603
0.013339706879019309,0.9958726078550879
0.021841015963776855,0.7552835386426986
0.023361337850221542,0.6776595927014912
0.031607929703968196,0.2934281711992838
0.03580747993308836,0.1708466137992313
0.019946070520003634,0.8441294532605874
0.027672213161978043,0.45834283110971324
0.019170506254160058,0.8761300667407839
0.023620301182423198,0.6642139046839722
0.05093723965624597,0.013950069688186902
0.01896273707474594,0.8841528714167302
0.02679629237550385,0.5021302763258388
0.03600394508184568,0.1663044092609133
0.023439401294939766,0.6736091801758443
0.022673128041798163,0.7131774876628437
0.022394945162018343,0.727385060557628
0.02360538500615239,0.6649889724374041
0.030894638145811337,0.31952407059716326
0.02279660130308725,0.7068385417205658
0.03566681029762153,0.17415914708358607
0.0238688231732348,0.6512950653793905
0.024178285582395778,0.6352105581250003
0.02067884090557992,0.8112951451131512
0.019125001645457274,0.877908183981646
0.02571670822875316,0.5561589038000168
0.03710116556815163,0.1426835228651782
0.035954187074625776,0.16744557454609957
0.01790011003297648,0.9210804861332237
0.02308105078088979,0.6921737062745995
0.02166131091747303,0.7641949973601229
0.03930896744014689,0.1033886332818968
0.019460777614716984,0.8645191126002048
0.048372383076021486,0.022682072201657286
0.024575975089685342,0.6145855706418236
0.03592340421646717,0.16815468195772137
0.028654417667930476,0.41233397131396166
0.021001730916553885,0.7961561017723618
0.02311127061724838,0.6906114477179104
0.028070410326498152,0.4392960961664055
0.04184331511836803,0.0698142810935781
0.02626583724788778,0.5286574777535318
0.030928096124893723,0.31826343610113483
0.028750093275934197,0.4080269487123166
0.02371452721017836,0.6593166865840457
0.019711407983523554,0.8541354057461735
0.024454649651107108,0.6208694460130508
0.020846259472625,0.8034917363125126
0.024780142071351374,0.6040331854786551
0.023072529556771526,0.6926140919129107
0.017661077820853077,0.9283767102990013
0.025816667563875573,0.5511164241784445
0.031419368230990286,0.3001684941604367
0.029853070467470877,0.36059921137320444
0.019084288199510357,0.8794891753859597
0.039433183349590506,0.10147573296068582
0.023937248157605617,0.6477375906708963
0.03600816640704574,0.16620788266854758
0.05413449549650218,0.00734796675191311
0.0291841071262349,0.38887695174137593
0.02379929935120695,0.6549097003777675
0.022600072609481492,0.7169191205565706
0.029765296964504362,0.36422427496231147
0.0375630009909354,0.13359043301211987
0.018510990406958583,0.9007182863299674
0.05346090682964033,0.008437800789085398
0.044136162999954376,0.047919619948635
0.020532019827233627,0.8180519493651972
0.026038951882381478,0.5399595563431435
0.02562669856494515,0.5607121830256661
0.03431527022563735,0.20864539484597164
0.02445319373162369,0.6209449046497801
0.016798696047529038,0.9514283606856929
0.03203930015211631,0.27843043819424435
0.03611561712953493,0.1637659043697806
0.03777973301304649,0.12948903589195962
0.03467173514752456,0.19907083431756195
0.03113686892918599,0.31047897197682306
0.03612407323112771,0.16357495153292173
0.02799733864295917,0.44275100244368504
0.03131739491523183,0.30386079321982445
0.01916249943972803,0.8764437806545518
0.04351244969100837,0.05319021500694413
0.02256880023446317,0.7185186046793506
0.02789252545990001,0.44773829958465516
0.03704325461907976,0.14385832365887163
0.040860363732950544,0.08153515443713116
0.02503150870438786,0.5910884080012679
0.023521942257074824,0.6693236550064516
0.02686389538051248,0.4986585000478402
0.021403641077446134,0.7768302484119561
0.01598426312223833,0.9684416539402012
0.021307605180316824,0.7814927421834424
0.021075819421021214,0.7926316498009192
0.024501167205193686,0.6184591124478795
0.022746951427994322,0.709389674355589
0.035095911282312375,0.18812980924010203
0.03311144264313037,0.24364313731408674
0.016711674267532096,0.9534660311554018
0.022150163909014697,0.7397857529791041
0.03919462811643831,0.1051758323664726
0.0385500596868692,0.11573671420731887
0.029252202844764152,0.3859299384530675
0.02310789820023773,0.6907858252163742
0.04899416677383284,0.020207164757800947
0.031043409776652875,0.31394637599118824
0.021147972501888268,0.7891821359808091
0.028011895751479554,0.44206128247799875
0.0425925653523449,0.06187215636782088
0.014611794977665404,0.9872958019077958
0.029652343348926025,0.3689270490247755
0.02148394343958096,0.7729115729275351
0.036812925694092224,0.14860860428024358
0.040814599909737126,0.08211906219433684
0.0387510504149271,0.11235360649029014
0.022911990290679807,0.7008991251620164
0.02659865052606114,0.5123684215513897
0.014800803864065681,0.9853647022771644
0.036053894274803544,0.16516511602955405
0.035376361900932074,0.18116015973839633
0.024952512128071758,0.5951502610897854
0.012760541613708876,0.9978085932350754
0.02894142794122062,0.39950640316578745
0.02154361766085,0.7699881320540962
0.028857453233514685,0.4032307602036432
0.020372843410684016,0.825281018066159
0.05392607169407426,0.007670648187314306
0.03511532018884006,0.18764075536416475
0.02654211363678652,0.5150214482071331
0.013003562237523414,0.9971107691999899
0.016462387982822874,0.9590103363281597
0.03402465756372852,0.2167133871587542
0.02450357340506254,0.6183344672717241
0.02760577611812337,0.4615730181137109
0.023095012153610595,0.6914520422075934
0.025361532867751446,0.5741913638182644
0.028846717480371098,0.4037086166753691
0.03177004688679608,0.2877231429113293
0.025117262907909332,0.5866862169196264
0.02669973050435387,0.5071159221447523
0.036598017463902455,0.15315431211192035
0.025519389301759232,0.5661556551177138
0.05079960138363859,0.014327866913635608
0.032339170547819984,0.26834674711590156
0.04141882922896728,0.07468736442299777
0.019590339277751667,0.8591915268410818
0.027373851258361975,0.4729665230398097
0.033761261846039003,0.2242327181295844
0.03345667420258902,0.23317710035713152
0.026379335402085258,0.523038240069832
0.021910102849082347,0.7518376743376567
0.032821497175893,0.25270665474041176
0.021713660873986296,0.7616069857559389
0.029730699880623934,0.36566019019546114
0.044503134521689525,0.04503486679529842
0.025856600193520207,0.5491062992416933
0.02434259006013595,0.6266805152656973
0.023369993051963578,0.6772106498115031
0.01740481094171764,0.9357661596412685
0.0318554951684199,0.284749471568178
0.01609843088020635,0.9663316591803767
0.025985127074086956,0.5426537463915166
0.04527080924233157,0.03948397473198261
0.01650833667285545,0.9580209657335661
0.01700418521545702,0.9464061983695504
0.0256760695646564,0.5582132122649562
0.03149797789875475,0.2973447816257415
0.018347969878291626,0.9063876776864297
0.024260343311641758,0.6309491932055827
0.03832078525898322,0.11969797632088833
0.02984767961474738,0.36082111585206245
0.017379531134615878,0.936470568699445
0.02031772277689292,0.8277600700286204
0.01346068259790184,0.9953391192554173
0.022533565558328972,0.7203191238560729
0.02462654388108909,0.6119691451753524
0.027584917005597287,0.46259028028415217
0.016845407339168728,0.9503127141359657
0.04517311327582374,0.040155519265108755
0.024234449871939234,0.6322936274096179
0.0240089254879422,0.6440113916587663
0.033287787402086266,0.23825316706657104
0.024443203527511614,0.6214627161827634
0.031958949334311204,0.2811798281120227
0.0200974087884504,0.8375383762368154
0.02519477214746524,0.5827140470086832
0.024949953179977835,0.5952819381558091
0.01967663674399628,0.8555950992827747
0.02457634386970553,0.6145664838999009
0.019453114379134107,0.8648314773542909
0.01832626068320664,0.907129944217142
0.022376223219676417,0.7283371074594659
0.021455066768856473,0.7743227801967477
0.03851100493935944,0.11640373881290872
0.03652591725653931,0.15470421434877496
0.05353585992938592,0.008309656306313725
0.036221143299550174,0.16139568511093635
0.03644899789984568,0.15637159680634613
0.017228339567965767,0.9405908442589361
0.018373149107401066,0.9055229998908663
0.027618181683427723,0.4609687199813401
0.028822887455298596,0.40477069956663325
0.035695255689911054,0.17348521894583102
0.030261069173760258,0.34408433113909476
0.02806512175194381,0.4395455376463171
0.01744263558406489,0.9347039362299958
0.033822350212551866,0.22247110601793665
0.019404510333855984,0.8668054050039464
0.038515869668995006,0.11632048070232098
0.0437907146062928,0.050780012425848925
0.019042379565217343,0.881106725799477
0.04277405738919288,0.06006904867354306
0.02217063473299702,0.7387527771548026
0.023336365613105037,0.6789546816242766
0.03145730374531375,0.2988033695292863
0.021519852215469287,0.7711535448901546
0.03141008721976396,0.30050317305756963
0.037754543666409845,0.1299603658678082
0.02809413534882821,0.4381782464406612
0.04615679132237649,0.03382803508780323
0.01958227312384775,0.8595257441741675
0.03244798944365468,0.2647561261977556
0.03953030306114458,0.10000070404973663
0.03502248405879449,0.18998908031001396
0.04633302037356202,0.032791886364794916
0.029784274491170493,0.36343832633918116
0.0434148779934628,0.05405837660459068
0.029906835251076513,0.35839136971267566
0.03563903316426975,0.17481924969832136
0.017096788066385427,0.9440463274264571
0.02017139889401115,0.8342781484480967
0.014065126400100436,0.9918496435176384
0.02124122639257897,0.7846995827564768
0.03170196713784845,0.29010881891809587
0.02201255675065661,0.7467085045976722
0.04416708497451716,0.04767051707283005
0.018444429965686016,0.9030533260067952
0.041786358658378986,0.07045200627627837
0.028669206840463812,0.41166618591912113
0.02059176385198347,0.8153125342061284
0.02064739604995458,0.8127492199897756
0.018795398737376623,0.8904323695455009
0.03284878651351898,0.2518428586892015
0.029405999190552534,0.37933131567533124
0.03863569025599592,0.11428523569821168
0.02674010093207635,0.5050277162709855
0.03426680615060124,0.209974366466792
0.023021480950487283,0.6952510754288128
0.029751892647514377,0.36478013364544437
0.027833702525719872,0.45055357941689617
0.029468851192175405,0.3766574857065496
0.03264767737283891,0.2582614049977519
0.02753223523221937,0.4651660433358146
0.03063997314947875,0.3292385075711774
0.021522292077952865,0.7710339678997403
0.03484546149239581,0.1945310084455433
0.031213720404563716,0.30764877780327077
0.030105053173092422,0.3503344532661242
0.03198659451355068,0.2802316107018643
0.031089305379636833,0.3122400991990355
0.04085358467975475,0.08162142782605869
0.030308677520981542,0.3421930914270918
0.016736569046180372,0.9528885171368979
0.02615628480916138,0.5341034937953784
0.03264420859113304,0.25837318821277583
0.02286909736809431,0.7031085864005245
0.0552927165112122,0.005769451389335168
0.029695747900528868,0.3671148862359846
0.03469370641172698,0.19849213766190588
0.027730623661020776,0.4555152595655144
0.01783253792963832,0.9231821663184908
0.018299415398256247,0.9080436498157742
0.02107827197712875,0.7925146720567379
0.03558484826952496,0.1761126337352662
0.019148593002773717,0.8769877922378309
0.026490141564889824,0.517575534565061
0.018718044983745852,0.893278777550252
0.020195769776346406,0.8331989818618929
0.016003511958859247,0.968092080852708
0.04168203314440355,0.07163295970785645
0.03215021037596122,0.2746684138870542
0.027859763294950768,0.4493048567439965
0.024138791620043065,0.6372622735833255
0.013980130181203587,0.9924310119359431
0.01619548893479622,0.9644682301139686
0.01378077495982584,0.9936732309672079
0.026746245260400814,0.5047103745323388
0.01936377364412223,0.8684501119244067
0.025091522173792957,0.5880068110206877
0.04021763654021626,0.09006427298351574
0.03251504940886357,0.2625614723634335
0.0452245094084337,0.039801000248704595
0.03688246828042707,0.14716119867288083
0.02689826512404203,0.4968993329921479
0.01919869008561753,0.8750229484586042
0.019926222266665072,0.8449860037594511
0.03373328662330466,0.22504302605144735
0.020727408006049386,0.8090420094089456
0.01752603582044643,0.9323269228081014
0.03536181528616689,0.18151656934046181
0.02690600136401189,0.4965039133377826
0.0249050312479919,0.5975945043919568
0.019271317036309354,0.8721496912043055
0.03794415939317941,0.12644658933158023
0.024022406741729063,0.6433106286239954
0.01986786525003037,0.8474935982224163
0.022098559910826904,0.7423862063169937
0.019685112220473755,0.855239857045317
0.04390631131036049,0.049806845223424774
0.02058605701228855,0.8155748088795254
0.019236119295288512,0.8735458203492914
0.020020539304229312,0.8408993558281436
0.03621448605756572,0.16154439644789365
0.01752069552077372,0.9324805641827658
0.024209371867844443,0.6335959448250357
0.018765544858064698,0.8915351783083665
0.019157833243991673,0.876626440491244
0.053155863844165374,0.008978047625777249
0.03804879006978901,0.12454121746442352
0.01922236900219887,0.8740893726923638
0.03313858564715888,0.24280751158410788
0.020711068259185395,0.8098010276131377
0.025780055164278615,0.5529615858646146
0.026807463638350737,0.5015555107435398
0.018430242356144377,0.9035474472149335
0.02250707384373113,0.7216717078164414
0.039824103874354866,0.09564688174840454
0.02637283114847877,0.5233596185951529
0.018417230139438745,0.9039995149913885
0.0374326225610504,0.13610828569835007
0.027899851401561426,0.4473885000892214
0.022113508378483804,0.7416334424062425
0.026765074072910316,0.5037386965542379
0.027464599936038225,0.4684867151984507
0.04003389857482975,0.09263580376067408
0.020712198933229287,0.8097485371597195
0.022504026180108383,0.7218272467977492
0.026726245111719282,0.5057438065123276
0.021201706613421967,0.7866025105711859
0.03592393784222542,0.16814236909156643
0.015108536463515954,0.9817915254841764
0.017550123448286326,0.9316314804770525
0.03377418438963467,0.22385917478152792
0.02792685388336935,0.44610075603901567
0.029009465632398423,0.3965063099270673
0.022561115099568485,0.7189114693696899
0.02670456783388775,0.5068654168607825
0.028252213121314262,0.43077883699603686
0.01580269429805292,0.9716169593959858
0.04130615147520211,0.07602831960818042
0.030746225745666766,0.32515975405179365
0.03787458743156624,0.12772668817813776
0.025115310494495113,0.5867863581678108
0.03497212308558395,0.1912726279432033
0.02641326813672995,0.5213628936395276
0.03273347506639335,0.25550814817951306
0.021981856906544694,0.7482477603426354
0.03267254411256593,0.2574611316230028
0.041011182568736926,0.07963556672462299
0.025025518525175205,0.5913961960518838
0.03359142007875904,0.2291870108475584
0.01966061879122516,0.8562654924649588
0.033432778055175416,0.2338902430037788
0.041279750285807215,0.07634544672410601
0.022855425377312943,0.7038124477046301
0.03347047325581465,0.23276604992780803
0.03596947605649781,0.16709426904215627
0.05011726931129834,0.01633992886214239
0.013499640629511034,0.9951565756811809
0.01971702710598125,0.8538989491933467
0.03464639127826685,0.1997400014487807
0.03694941442047395,0.14577861781974147
0.051761379092917226,0.011869480652722449
0.02237072699613407,0.7286164940767994
0.034511309824177716,0.20333637185274792
0.02420045446428476,0.6340590814661735
0.054595425515476026,0.006677812145723141
0.011540294660723038,0.9995896310163619
0.02943943811060501,0.37790712020786327
0.03276680287293027,0.25444466626469936
0.019903429232743908,0.845967343227936
0.034075342297049005,0.2152891302947211
0.03886357758673237,0.11049548002911573
0.021763990523666343,0.7591125750978576
0.04553347414146569,0.037726825925645475
0.02251198123372533,0.7214212283757573
0.03173397334141487,0.288985426388085
0.03637371950281354,0.15801736146716444
0.030164446531374955,0.3479456342873094
0.038730779583548536,0.11269106134061974
0.0468431669186552,0.029947941403299976
0.023636715740610992,0.6633609176357202
0.024298466684606834,0.6289702152766973
0.025554999727625205,0.5643474752729745
0.034640435278545545,0.19989751599647526
0.026991679375967914,0.49213817809185134
0.02925556003951235,0.3857850504855317
0.03701678997179514,0.1443977961290696
0.031234749224953506,0.3068776575855752
0.047825059198362,0.02507966303180494
0.05115597197075472,0.013368082850227728
0.028294727139352327,0.42880326860073265
0.03351387573996406,0.23147678804437563
0.015229877413582282,0.9802297196753991
0.026814372557446675,0.5012002545853549
0.017403321054950682,0.9358077972983294
0.01911938151328535,0.8781269844313411
0.022265761787908567,0.7339425192267237
0.019900989828076948,0.8460722244524136
0.016544642689307127,0.9572288325968467
0.03290994920493018,0.2499149986284487
0.03484892277600171,0.19444139095128704
0.04701323957639503,0.029049340440704858
0.013661705272687855,0.9943381476383948
0.04199651122819226,0.06812331066416007
0.028785010885521045,0.40646277081500987
0.03673095095650858,0.15032950135486212
0.02625268756802146,0.5293100347471524
0.02549711807506161,0.567287390263187
0.037689759174442616,0.13117901969596063
0.035224122171045424,0.18491776586115663
0.014302066984059017,0.9900551038509794
0.027980986542351705,0.4435266268013112
0.014736782275654337,0.9860406163209497
0.022435852925669075,0.7253028933043797
0.047532780569641664,0.026449803434923102
0.024493069977102322,0.6188785870255642
0.02777331101953795,0.45345614077804164
0.02725082377711474,0.47908429449111073
0.03117441051451708,0.30909406496729414
0.020235811038357143,0.8314202754909856
0.02958443140302036,0.3717750271954092
0.04008072921548911,0.09197461136050918
0.029574881589598034,0.37217674706188936
0.02813315283479928,0.43634401413323254
0.026684425182993188,0.5079090395504708
0.025505687495523344,0.5668518472823962
0.046839363771184694,0.029968312662782135
0.019673910788255533,0.8557092787398118
0.023540965428537564,0.6683356251572841
0.02396270868978362,0.646413945468739
0.036682168672072135,0.15136119473015747
0.022294218463045357,0.7325004442991365
0.026187057172432415,0.53257160088632
0.03485886310370978,0.1941842021554954
0.03564326309227628,0.17471860050963023
0.020568601603103226,0.8163762382231761
0.017466427298582055,0.9340307320253439
0.03767947920195536,0.13137324993975455
0.017233494323793216,0.9404529851363137
0.022073698013316018,0.7436372170829917
0.03157378599399829,0.2946403055068025
0.031674376144468885,0.29107983494791434
0.02274536100201774,0.7094713470744287
0.03266100330053512,0.25783231017010316
0.02294525054049612,0.6991845929266174
0.015989767021519552,0.9683419539334063
0.03559033011828125,0.1759814384609519
0.022072244265111673,0.7437103296846848
0.014844967840548007,0.9848851651438525
0.014838371544100615,0.9849574823285657
0.016810244196822977,0.9511539683299322
0.03538997370458641,0.1808271560856489
0.01939147926452095,0.8673324899192559
0.03265680594554948,0.25796740682008773
0.02057145852766229,0.8162451496019402
0.02605484372712999,0.5391650209577212
0.023919433862266026,0.6486637512072035
0.031627259906021554,0.29274356704405
0.026499001726406957,0.5171397452604168
0.022752549200299343,0.709102189773986
0.03411335358303402,0.2142257727247249
0.07462567570710449,4.780310494912884e-05
0.04658039542006298,0.03138448564770721
0.016789464240494933,0.9516470432997853
0.024814277584395028,0.6022720017600686
0.022180307067895588,0.7382644307560133
0.025430841316990582,0.570659216518978
0.02883548827335003,0.40420885350349917
0.03928398911374931,0.1037768913592561
0.017712563569188156,0.9268378536120894
0.040677220061334896,0.08389313270221764
0.024695237095119338,0.6084177939055979
0.02183748720664458,0.7554592562934999
0.018863672136018472,0.8878903329036983
0.05022477400660674,0.016006997603782023
0.02972875429413152,0.36574105816025004
0.027532710940616045,0.4651427425037435
0.03329697169210244,0.23797496808380625
0.037315062155868994,0.13841158143002474
0.018567888884489847,0.8987002585504129
0.03340616945884223,0.23468630115705058
0.018530056627897085,0.9000443059020748
0.017118012063798926,0.9434970104291531
0.0225924561669556,0.7173088005752705
0.03677630397905929,0.1493754286114612
0.027629483980709024,0.46041861826490954
0.030703003681895935,0.3268144947541102
0.027631271781220157,0.4603316426916116
0.023511359022049982,0.6698732770535042
0.024613819236702028,0.612627356361527
0.020530971941700615,0.8180998725504838
0.028378748512820295,0.42491692586061786
0.015789854340136356,0.9718332060303988
0.02266397188653657,0.7136468114386105
0.02082869482392602,0.8043151969770307
0.04560038107196873,0.03729030970724627
0.033498325289527675,0.23193807910053474
0.021042217858480483,0.794232343979955
0.019178262232099508,0.8758258385993235
0.02772502903689744,0.4557855866020996
0.02379793719069273,0.6549805190388176
0.026438907590863092,0.5200984498362251
0.013407951317065736,0.9955777725125337
0.0411327661333184,0.07813154359192852
0.02086102972611531,0.8027984350775365
0.031158752056133443,0.30967115392004113
0.017849469724753653,0.9226584199773112
0.019988375317660123,0.8422976345105782
0.028599682632467066,0.4148118944124769
0.04780682279890153,0.025163275827468586
0.018815027139320484,0.8897043845932084
0.02158940989054814,0.7677383710145238
0.02558845020853362,0.5626505632712754
0.032337403764982176,0.26840534461404447
0.03135641815523588,0.30244389955368645
0.01597532232612242,0.9686031766492746
0.026411980877031532,0.5214264093880168
0.0232360829888989,0.6841519567089058
0.030638029712019454,0.3293134537661292
0.031690685562298926,0.2905055635416703
0.01677202535267741,0.9520585063166188
0.0369747731072958,0.14525765833450546
0.01909187130477996,0.8791954196436127
0.026050905656999995,0.5393618706550543
0.030090842333061474,0.3509077467822351
0.017332796275839724,0.9377611474886905
0.01817392722503708,0.9122531675975134
0.05117749852855025,0.013312004461830637
0.019195387668909214,0.8751529033253193
0.020587374051999674,0.8155142916395051
0.033338845702546305,0.23670972147265962
0.016264396990145924,0.9631061333599507
0.03240297481844945,0.2662370333082173
0.02410055216447246,0.6392492049553392
0.013640633334735086,0.9944500929198652
0.017578551097658823,0.9308056091906177
0.02364816812483339,0.6627657557370359
0.021688817811877092,0.7628359867268485
0.01860351926554099,0.8974263272643553
0.021634701897837783,0.7655078517535803
0.02233363193476423,0.7305008388353917
0.030722318454229236,0.32607428403418376
0.03113272250660215,0.31063221116554196
0.044928009513466316,0.04188431891277548
0.020409159893122197,0.8236407715159966
0.017883492299928194,0.921600184703041
0.0166228891968202,0.9554903929580549
0.02759609426984233,0.46204500138589066
0.045225837057160545,0.039791878708781286
0.022931752890225032,0.6998805127729624
0.020695539909871663,0.810521434417072
0.012421319887301774,0.9985523624330546
0.025918112826272655,0.5460148029911696
0.027806006260167493,0.45188319310477204
0.02542984393745662,0.5707100021111257
0.02925084271213918,0.3859886490877378
0.041494083285628425,0.0738029924458699
0.02533923284299866,0.5753291192237995
0.022453677805321814,0.7243948118489167
0.024351684598785228,0.626208676018267
0.016839506799396275,0.9504544852976329
0.023518650965688948,0.6694945866529504
0.04279761741323329,0.05983831781032913
0.01908028615493179,0.8796440754420649
0.04046650801501661,0.08667684251638916
0.040911548133492404,0.08088623782014819
0.02088993321321242,0.8014395128237791
0.0220888491517518,0.7428749805115482
0.02172235499199282,0.761176527606163
0.02380579973826269,0.6545717440559979
0.02263783400088637,0.7149859895646666
0.04188847621369718,0.06931212238093112
0.02511955230173235,0.5865687968103933
0.03978612053085079,0.09620068668324802
0.02859180421038071,0.41516939476747755
0.02510925202258836,0.5870971292287966
0.020977901305241076,0.7972858221912853
0.035953175062150844,0.16746884904495984
0.019415907392333176,0.8663436699111303
0.03329999603829514,0.2378834127917487
0.02228092515907633,0.7331742719588494
0.015991907696441543,0.9683031217107646
0.016500960793149333,0.9581807729813214
0.04140436062785152,0.07485842247472818
0.01875932206233777,0.8917643756660673
0.029884785858285745,0.3592956622619639
0.03479664405604094,0.19579841794201205
0.020199932818798838,0.8330143775961767
0.03140936895799096,0.3005290854590285
0.023395925797709438,0.6758653062878233
0.0414465382241479,0.07436069393385716
0.018939515203614254,0.8850341310322988
0.03962567876627576,0.09856958624160161
0.0200048363571681,0.841582613837667
0.02739568019926586,0.47188639002637306
0.02062955264177546,0.8135726668228944
0.022734060548126878,0.710051570007976
0.025101481298481887,0.5874957879896968
0.019795641417908016,0.8505744399379805
0.025819210413259186,0.5509883484562887
0.037524903295098166,0.13432221446551273
0.020321770950216297,0.8275784375128156
0.05142012130198326,0.012694438180198206
0.027482861182457907,0.46758862027528025
0.0339728000486591,0.2181781445821551
0.028857874303662157,0.40321202598317535
0.044526848996960355,0.04485374577425125
0.03216829615946604,0.2740585746264992
0.031265597664608014,0.3057490203366027
0.035173783023072724,0.18617370034373204
0.017593853180279062,0.9303587629973292
0.026290547129851127,0.5274320900106506
0.024095247430430233,0.6395248674130569
0.024926793579407358,0.5964739530680381
0.02733947684334781,0.4746706979431349
0.029059898630173775,0.394292556778081
0.03597330539781329,0.1670063718354778
0.021739158702069772,0.7603440349133932
0.02009627732132996,0.8375880419794339
0.04402962790602866,0.048786500738263704
0.015880589510441828,0.9702816536685883
0.01718480050245913,0.9417478656074776
0.018439524971044396,0.9032242990682717
0.03147676079066408,0.2981049773185048
0.036895865757103574,0.1468836671576144
0.02001000045927559,0.8413580417375751
0.03154543689099559,0.2956495332414184
0.024394545899094067,0.6239854766542337
0.025248122814364116,0.5799838667936255
0.02354256156140999,0.6682527195077306
0.029953533386093634,0.35648151064282513
0.031290365010580135,0.30484507538604083
0.027864426536112485,0.4490816567759605
0.018671448602468388,0.8949759322557045
0.032960447351819244,0.2483317506064858
0.021878256264699636,0.7534274131973256
0.028641516709357717,0.4129171009769487
0.025927014078159005,0.5455679459926701
0.02230386072779314,0.7320114957695163
0.022513458263784036,0.7213458320293176
0.02594485928618706,0.5446724741763875
0.024868885314150324,0.5994566217551505
0.02672707424123244,0.5057009376538409
0.0218339772032482,0.7556340120141902
0.025569551182461958,0.5636091022435434
0.022001270692705466,0.7472746018562973
0.03729111590328496,0.13888460845311387
0.025562523241105528,0.5639656789419933
0.04896786257976271,0.020306780239359397
0.034748273314618605,0.19706061191117627
0.02783317583108469,0.4505788401610424
0.023694548832358997,0.6603551594173497
0.025633276675048666,0.5603790217578719
0.03555299995559491,0.1768763858647732
0.021286207957328107,0.7825279044820725
0.031340634021610136,0.30301641913958205
0.040924160344611216,0.08072701102212514
0.032564210171177776,0.2609613299341268
0.023704454116783236,0.6598402920131953
0.017683950563971096,0.9276952952502384
0.018617164695406335,0.8969363732417208
0.03610262569907147,0.16405961988922146
0.03324305364598246,0.23961174314531117
0.028266416355056723,0.4301181506198478
0.02550267010566043,0.5670051956343932
0.03696929267508797,0.1453701185195201
0.03124127775494767,0.30663854691565373
0.022520368021099996,0.720993075223689
0.03347984812031346,0.2324871059501622
0.035064128651180027,0.18893281797538744
0.03020640992191803,0.34626487923207155
0.03321524901203565,0.2404591558864183
0.040256399151174516,0.08952948125769815
0.028045610548771027,0.4404666257023554
0.022409998313913215,0.7266191741649082
0.021466826125832172,0.7737483743987915
0.034752975127316565,0.19693764280805248
0.03588600673524922,0.169019383805915
0.03895329970005934,0.10903220456218948
0.02145826881395918,0.7741664085442552
0.03265585836323637,0.25799791323604643
0.01868022050084117,0.8946574475041548
0.027908426644208895,0.44697928014728994
0.025561208425475157,0.5640323963507607
0.018808462843521,0.8899480995881728
0.025533344276151393,0.5654468610606173
0.016735017742592673,0.9529246312915789
0.01991067004966285,0.8456558609795821
0.04208622105899362,0.0671493906710008
0.02352812855127806,0.66900236290218
0.04022921841190019,0.08990420277952092
0.024238844975349172,0.6320654088597435
0.030462935080481146,0.3361164236967079
0.02879422899649664,0.40605052126718016
0.020612933800775224,0.8143385066205315
0.030668564236628337,0.32813735298595
0.03113107801977333,0.31069300172208936
0.019297925692967066,0.8710897354793107
0.04972922245672806,0.017593881202660186
0.03397058057328428,0.2182410060792228
0.03093696744819685,0.31792978906023195
0.028399358553928444,0.4239672779691946
0.021449992647791127,0.7745705166387322
0.03536797319522572,0.18136562546203822
0.033714656429605805,0.22558390439818868
0.03848967100408071,0.11676944156403064
0.030900373307100493,0.31930772287722736
0.033564954430579164,0.229966538894684
0.015848394539691446,0.9708384358850657
0.04151804760685063,0.073523239522608
0.018421751481863535,0.9038425567430249
0.04164652660115342,0.07203870756371837
0.02881146122521222,0.40528063656519353
0.026331090922929512,0.5254238995384999
0.02049479737155424,0.8197515815760197
0.02279041585546393,0.7071565188888594
0.02895604289676712,0.3988606466261598
0.03205592266094137,0.2778641731990078
0.021119578322421284,0.7905415981920375
0.030672607792118778,0.32798183507734147
0.024909216064092576,0.597378992785681
0.026826384041942375,0.5005830074610047
0.024724199185954032,0.6069215255983527
0.021810383480076134,0.7568079634334101
0.03235016724099821,0.26798224438465
0.0242075940936905,0.6336882737359034
0.017388874713518354,0.9362107302292593
0.029982121346764867,0.3553158924752616
0.021694999817353233,0.7625303003788364
0.03432148609059271,0.20847541961350355
0.021382366317126755,0.7778654123216716
0.03164049993090701,0.2922753365810284
0.016576157403452585,0.9565337916793492
0.04255529361484045,0.06224812769634502
0.03755378051902997,0.1337672413389547
0.014655493262644037,0.9868665240246134
0.029108760504971742,0.39215593851671476
0.015857502013291613,0.9706816300735597
0.02391786763070719,0.6487451800932016
0.01914983741266435,0.8769391559084383
0.040292097288299245,0.08903932757452179
0.01867762392016359,0.8947517714559157
0.03190246834554855,0.28312452767515695
0.031100118103908447,0.3118390987244363
0.04204515872408188,0.06759369412154115
0.029947267416523315,0.356737355593034
0.049093829494973984,0.019833674913618222
0.02364478027066874,0.6629418199775852
0.02970154083252352,0.36687350367403687
0.03084369621916644,0.32145043479968693
0.028475134590078832,0.42048811909376377
0.022235017986521055,0.7354989080600214
0.022810131822355362,0.7061428249665858
0.030269465527521966,0.34375024404290094
0.02823538243358159,0.4315626289413189
0.0373708362392868,0.13731491188153905
0.022336391327529515,0.7303607460000927
0.024969257273764534,0.594288751413201
0.02946649391383438,0.3767575294595076
0.02404486095676106,0.6421435088317632
0.04099464209141168,0.07984205481719317
0.05912191517742377,0.0025007121392140092
0.021214992410982403,0.7859633158367701
0.02343493794572904,0.6738408403459715
0.019229277343224993,0.8738164151280087
0.02429401457715108,0.6292012940625067
0.049258263265561486,0.01923089172514426
0.03763813315398157,0.13215681582619074
0.02801269640236792,0.4420233682626829
0.03325416348765864,0.2392737829689081
0.018094345731593853,0.9148696844298432
0.027805819397064058,0.4518921726712296
0.029832766028359936,0.36143550958773907
0.027257632952068955,0.4787443565993014
0.027145727099179118,0.4843509763358741
0.031765033092971684,0.2878983401253114
0.027528581775076888,0.4653450201031999
0.02349622533218776,0.6706591510078721
0.02778072552922295,0.45309911547552245
0.030607161523350968,0.33050549960483944
0.026841416036312737,0.4998112266276525
0.03591889678230592,0.16825871507584916
0.050102778804448134,0.01638527574573912
0.015378433457173823,0.9781954412995789
0.04771089918865701,0.02560715669034773
0.02445572804476459,0.6208135548457935
0.039110570856857985,0.10650599625955944
0.03927353715325632,0.10393971364507863
0.018421025013190928,0.9038677847930386
0.030545728963730312,0.3328871228469639
0.023539986519467315,0.6683864708318566
0.03177279673360123,0.28762708849147217
0.02802927857690629,0.44123862079119236
0.019044100556601884,0.8810404983638858
0.01571671740618924,0.9730442473428604
0.023599784654177114,0.66527996110083
0.03434263101729984,0.20789801062468877
0.02216609050264906,0.7389821507167296
0.018917317255456867,0.8858735889837115
0.040556009195901355,0.08548510071209625
0.023596649758280186,0.6654428436142419
0.018842332481290136,0.8886878541866734
0.029598690752847656,0.37117576453590195
0.018236710144046375,0.9101598359034255
0.020924021749223476,0.7998330692717105
0.019807165812105454,0.8500845393750556
0.02377597200919318,0.6561224702218189
0.046998843953042324,0.029124469889482772
0.02264872079845326,0.7144283101038214
0.020222708087021646,0.8320031006925002
0.038186407158872004,0.12207104872100447
0.020470200873840327,0.8208716581924569
0.02800697324896173,0.44229443162611737
0.02168900559400988,0.7628267027030113
0.034388533855147396,0.20664882032385246
0.04516789537468768,0.04019166466372804
0.016338124686458677,0.9616126050886802
0.019990141097886105,0.8422209941516076
0.024372361433991685,0.6251360686407719
0.018098309289892922,0.9147403503415088
0.03401503700891617,0.2169845503208052
0.024574912281855432,0.6146405782838857
0.026069025801325918,0.5384563286164643
0.053238283248953744,0.008829066351567248
0.041476119350578156,0.07401329017164049
0.046667997298898145,0.030898980510809377
0.022632640931254888,0.715251951744053
0.03298767637588779,0.24748121992586297
0.04536455365874692,0.038848825245185105
0.02645884330939935,0.5191161574319578
0.030440444486051932,0.33699752944683975
0.02242865870514374,0.7256692616915501
0.03486710449823449,0.19397117297781588
0.03951629639438292,0.100212325218809
0.03273325977602652,0.25551502896027367
0.024125560065568985,0.6379497478673672
0.0204512569559675,0.8217326662849973
0.04203740257823496,0.06767789802340739
0.018237165180240544,0.9101445706445286
0.018691326781861722,0.8942535348804055
0.025141556507920826,0.5854405170918972
0.02558060705304943,0.5630482994492185
0.02658862622997571,0.5128911919038852
0.02641339509413232,0.5213566294986562
0.021658745875192564,0.7643216305078069
0.022114726819967123,0.7415720659615906
0.028371679556610352,0.42524297326443017
0.02280198650161519,0.7065616682350759
0.030383573130704833,0.33923296416914495
0.024744720731265324,0.6058617089801244
0.047440966601980605,0.026893662166878284
0.032974615833568865,0.24788890448778558
0.04408852510808958,0.04830558928516801
0.04050230858373138,0.08619847917766424
0.02247255939689069,0.7234323699569005
0.020316180455295763,0.8278292523503812
0.01647072357318624,0.9588319435184445
0.01579848050271987,0.9716880469236524
0.026305648516014385,0.5266837449869488
0.04007933984037326,0.09199417062872244
0.02676595566448292,0.503693230451127
0.025056869274503568,0.5897857307258698
0.026522388110593376,0.5159902101857818
0.0469652922918769,0.02930023819326214
0.016205712309540266,0.9642682033852632
0.04545676823976119,0.03823276135975451
0.022619406616722126,0.7159295847585846
0.02379381872379549,0.6551946372306252
0.02059259248897763,0.8152744412515978
0.029312477558938843,0.3833343964834108
0.02231389803192385,0.7315023474364906
0.028880103786931732,0.40222384331364075
0.01388580228853828,0.9930395169878914
0.02645821566556611,0.5191470717460925
0.023206242580196157,0.6856972863873689
0.026059390601376076,0.5389377720029589
0.033075690280157055,0.24474715451080525
0.023536602775433457,0.6685622240666922
0.021303195950124754,0.7817061642318797
0.01813029126687471,0.9136929818302932
0.022521206185882353,0.7209502805620818
0.03324627820716575,0.2395136147924233
0.02793433883180635,0.44574423782469724
0.02808727900864777,0.43850109987912966
0.021895876936533276,0.7525480886873703
0.023777144798615896,0.6560614988171669
0.029182496790126994,0.3889468317576465
0.03277721763417407,0.2541130222505769
0.03286969033909204,0.25118270107020213
0.03265576384728497,0.2580009562272123
0.03292771490298063,0.24935712608585658
0.050517287421663115,0.015131677844239159
0.024641858466624422,0.6111771108380865
0.03766167880594873,0.1317101264648279
0.03446194656941637,0.2046631539273007
0.03293429486583317,0.24915074453216887
0.027053868988681784,0.4889848113211386
0.0195874013447844,0.8593132973487481
0.02297465648038144,0.6976678656763595
0.03523084276296473,0.18475059826093268
0.020914156255305127,0.8002984005097304
0.024326924413716894,0.6274933597471063
0.03122207872695071,0.3073421109120276
0.03474117089697293,0.19724647950754362
0.03647072093973991,0.15589924913420455
0.025884764870903076,0.5476900542799937
0.02431851170763527,0.6279299141405721
0.03751232562594653,0.13456452248167586
0.02369387236889875,0.6603903207794637
0.025421972930926906,0.5711108312188236
0.028410500759851964,0.42345447833755595
0.036417668163858,0.15705485810535813
0.021467452577491164,0.7737177636447361
0.02474136648583053,0.6060349135952542
0.03980068912021867,0.09598795792051416
0.032004412961771145,0.27962171033111305
0.03477819788446557,0.19627900499753528
0.02920645600743693,0.38790802946506175
0.02630763986278012,0.5265850954909732
0.020940480873809286,0.7990559872907927
0.031190882756622296,0.30848783433802823
0.0313549534801133,0.30249699252158513
0.01679709889932679,0.9514662365564188
0.024186315212893272,0.6347934727354785
0.02582427010586108,0.5507335366797655
0.034243412755225355,0.2106182074251029
0.025092496414342275,0.5879568161303839
0.02187321824295929,0.7536786991386897
0.02514951073762417,0.585032788282241
0.037600355651944195,0.13287608201060855
0.04137954226771323,0.07515261607898964
0.024786672242907204,0.6036961944598693
0.024363414597561583,0.6256001601033245
0.03765425592343974,0.1318508143102544
0.04429840148176123,0.046625104050584024
0.03739328162977973,0.13687557328904496
0.02480833467908619,0.6025785499751293
0.03096181957823707,0.3169964659835739
0.032716584154986905,0.25604841582004906
0.02601337065412579,0.5412394175583557
0.027045476101595967,0.489409616279565
0.03555568263590625,0.17681195147669987
0.0421767136352148,0.06617902380610637
0.030940428285585964,0.31779969736799274
0.029311341064003793,0.38338322324789426
0.022514230512734712,0.7213064106180782
0.03694206722832616,0.14592983787570293
0.046320256913752245,0.032865982570950844
0.030818815772954422,0.3223943467567712
0.030384375519609153,0.33920135090015524
0.029442574832882595,0.37777371642194524
0.025000410020445396,0.5926867135911891
0.02505979163422857,0.5896356622607947
0.025686359146003424,0.5576928383378091
0.029241333713376005,0.3863992822070407
0.03624456545957877,0.16087334593436775
0.012792033738197262,0.997726549760403
0.01662619015833955,0.9554161146776537
0.02997530370381285,0.3555936223552528
0.025597947827015355,0.5621690426808422
0.02731233954385348,0.4760189048402371
0.02913180273867899,0.3911511430023198
0.028241819038826554,0.4312627678778666
0.025463353588771387,0.5690044330682791
0.023184057719447093,0.6868457778689785
0.03149991026083032,0.29727561740163855
0.018894649445357917,0.886727834092194
0.019048654363296558,0.8808651762333457
0.0618296011501242,0.001338631705142939
0.028870330917033726,0.402658078043107
0.02141527264573337,0.7762637512579065
0.016761552046317685,0.9523045959919395
0.03376902035799578,0.22400839036698086
0.02742385017987986,0.47049487640015386
0.04579542556753513,0.03604289673952339
0.029754234595001816,0.36468297313303183
0.02912929647170215,0.3912603464000089
0.017769843052949513,0.9251046627789632
0.03148801812423785,0.2977014558797551
0.027487235197620086,0.467373672288576
0.019284999627533328,0.8716051292212741
0.04095933954249609,0.080284277790218
0.016687243160450255,0.9540285733894605
0.027637059480031034,0.46005014844853154
0.02347702832516757,0.6716559076388655
0.034048053743478024,0.21605504254417396
0.02871089831839141,0.4097876437693473
0.03487178392103363,0.19385029780660618
0.022257293140753365,0.7343714061324844
0.025592325853988268,0.5624540562794234
0.02710277301092806,0.486514271657299
0.01652676160735067,0.9576201132641061
0.03491645399298804,0.1926993922498731
0.03757061093421016,0.13344465110055956
0.0326683439553232,0.25759617137377405
0.040655757143656046,0.08417319102179924
0.025364058480910612,0.5740625450783226
0.026425837408175695,0.5207428675222551
0.015821648616400723,0.9712957440557837
0.03586270169741973,0.16956003218638735
0.03646131532517671,0.15610362465200717
0.03158090130365754,0.2943874005815838
0.03354841853780599,0.23045462611462042
0.02846841914684775,0.4207956646656846
0.03563618587947985,0.1748870254704047
0.03750836534390234,0.13464089073248695
0.01666689497062565,0.9544939177432337
0.022526065019252473,0.7207021803953486
0.033132407128321995,0.2429975313259924
0.020594471876356435,0.8151880347998288
0.019914245682276288,0.8455019543851452
0.034784810837504954,0.19610660823163412
0.018888284655822873,0.8869671502965847
0.03679099179984896,0.1490674967243655
0.025702211511225093,0.5568914422558594
0.036762159915709636,0.1496724456054172
0.023504442562623906,0.6702324504253682
0.02164092860745248,0.7652007935556311
0.026134782238257603,0.5351749072967539
0.023556641129390377,0.6675213701542736
0.03727061009512089,0.13929071701838974
0.01924293617359052,0.8732759599226778
0.01727428005547882,0.939355683512932
0.03598913923358599,0.16664332000127804
0.02788253949735575,0.4482154030988002
0.021140913804675587,0.7895203322638311
0.021887510441316926,0.7529656875196015
0.024124561346128115,0.6380016403064757
0.04021220046373586,0.09013948603161775
0.023610819184840204,0.6647066103873243
0.017856246964203945,0.9224482412881054
0.021875572460476722,0.7535612827421083
0.027368947697539392,0.4732093814682183
0.032549632540577744,0.2614350507488946
0.02214427344894543,0.7400828448621322
0.020366127487559615,0.8255837465074976
0.016085429538753526,0.966576399308911
0.027500997807893668,0.46669777252468736
0.026218857688650787,0.5309902832050657
0.027474717802321413,0.4679889751853884
0.015305923451908218,0.9792053688784448
0.04341222865973704,0.05408211874047387
0.019313248379564607,0.870477601497962
0.025884345871788672,0.547711114206332
0.0189096216634268,0.8861639386882902
0.02184129054509848,0.7552698644326516
0.019669064906473507,0.8559121612997143
0.012434353394532749,0.9985281503686736
0.022520145647955125,0.7210044288873604
0.04018169999934146,0.09056246501130685
0.015663645756402222,0.9739010977109748
0.03124855386825451,0.30637221662616093
0.025652000225547922,0.559431070516031
0.032653558239877256,0.25807197462859915
0.02379662618569095,0.6550486780187916
0.023918161688884165,0.6487298919031586
0.026961128488337982,0.4936920626159203
0.05260057436160981,0.010042687008514144
0.020646728326356334,0.8127800562889702
0.024722663890079155,0.6070008276223395
0.03546377110322574,0.17903018142089724
0.03332270389732317,0.23719684383624828
0.031529084654805195,0.29623283210765256
0.018541606848265224,0.8996349102841209
0.01968639881692469,0.8551858989909451
0.038667204745672146,0.11375484551865894
0.018657033677035084,0.8954982806664173
0.025064661156640633,0.5893856229872146
0.02585483495327645,0.5491951050446491
0.020956710983587534,0.7982888100147774
0.03300115171542373,0.24706112217325768
0.030165199011896182,0.3479154440702875
0.029634825720338098,0.3696602000751719
0.05774438699309803,0.0033999647385450555
0.02590566227104768,0.5466400546058756
0.03834057684646125,0.11935168973384189
0.033584070345196615,0.22940328827443718
0.018974957964010455,0.8836878335064531
0.04321882743518657,0.055839724908963606
0.027428230151524735,0.4702787601899969
0.025555643368187053,0.5643148093360985
0.019909910020572297,0.8456885672461341
0.029979502745702435,0.35542254802336165
0.025968503577054047,0.5434868029237798
0.026515942112399937,0.5163069510149882
0.021010728818900537,0.7957290323015372
0.04507619493222359,0.040831536707605316
0.011669198711825146,0.9994972014002833
0.016015443357047632,0.9678741435413023
0.014147681553806427,0.9912540020220187
0.021567053194709196,0.7688374349726671
0.01532622448873544,0.9789258990434143
0.026568623825988014,0.5139353315319345
0.02625669657026397,0.5291110536511141
0.02974484534681779,0.36507261565533156
0.011490825629747459,0.9996211223353247
0.022962807850057887,0.6982791029548152
0.02422495014504944,0.6327869296103219
0.04625619664454861,0.03324009912181402
0.0286380302157849,0.41307478881838927
0.02327975698143242,0.6818892201762531
0.0204638569277662,0.8211601543948931
0.0313091697991168,0.30416005984150346
0.03333656651750966,0.23677845553867435
0.024672825572728235,0.6095760687417449
0.014265767020208098,0.990347178758412
0.03138494079565901,0.3014113484533436
0.017604723825142665,0.930040347511095
0.02898817565764311,0.39744340472906237
0.023855865995230707,0.6519687333454771
0.02875759970691172,0.4076903411650663
0.02159782694983292,0.7673242494210736
0.027303622638622987,0.47645249789880467
0.02010686504530168,0.8371230685984171
0.03868239264530027,0.11349995900016244
0.024189626603644154,0.6346214738979972
0.03095096762795635,0.3174037658140329
0.018309293461389542,0.9077079773898347
0.043444308111969754,0.053795240352505505
0.017970002803399887,0.9188744736046377
0.04277387327527904,0.060070854758992265
0.01716832963389167,0.942182120256488
0.02064652127787514,0.8127896176988307
0.03586715172044219,0.1694566907347348
0.019186117576922068,0.8755173700438317
0.041955995399792556,0.0685670933975604
0.027141342132022517,0.4845715305352506
0.028426498626487717,0.4227189411862158
0.02138461549852011,0.7777560348995232
0.029335396595489893,0.3823506605484049
0.025274957153413657,0.5786118884551197
0.022774298823717176,0.707984848410859
0.024046244337956352,0.6420716065320888
0.018316392484718447,0.9074663547893922
0.0338335801258238,0.22214843365182146
0.021599792680214183,0.7672275086489456
0.02569682669620743,0.5571636232383463
0.020195309545318785,0.8332193855015531
0.03330250533494894,0.2378074699236235
0.019407747122917596,0.8666743416716967
0.027042615633326994,0.4895544528765883
0.03263119591401997,0.25879285398502333
0.02740707180107968,0.47132335498595207
0.023483480962836922,0.6713208859640213
0.041372194364290404,0.07523990493212855
0.028638634324728907,0.413047463111258
0.02259372840178131,0.7172437146927071
0.016474088264100573,0.958759797850545
0.020145255243773974,0.8354329018245358
0.0233161433237713,0.6800031912389358
0.027686414300594625,0.45765430919208056
0.027957872269487927,0.44462454634775284
0.029586941100599673,0.37166950551213135
0.038529366103589924,0.11608975094289535
0.034414766581391865,0.20593756029614263
0.03648681735499254,0.15554998764397535
0.02065506137802492,0.8123951043693697
0.029496996158036665,0.37546444019982084
0.02718555178481378,0.48235085785063264
0.02206716956570942,0.7439655160615194
0.018362744776926343,0.9058807837561595
0.03365811103036842,0.22723168624909434
0.03748189746984809,0.1351521918178833
0.03949513837860108,0.10053270038182102
0.033156352333955696,0.24226173038394452
0.02543147271774751,0.5706270668750217
0.023483278944665287,0.6713313750097747
0.035327842151168576,0.1823511136651555
0.01800545219732258,0.9177431589579803
0.027227108243714326,0.4802694814553886
0.03566310249073512,0.1742471455517178
0.035516239841292874,0.1777611931843833
0.028580982977936098,0.4156607738117014
0.03501159070154303,0.1902661423622491
0.019062242333351742,0.8803413320441371
0.03422796909022968,0.21104409386577555
0.020560810046979294,0.8167335880465666
0.03260438701855428,0.25965907785357994
0.022300118590832363,0.7322012741925532
0.02892040889229794,0.4004363853580237
0.03196377263429773,0.2810142191427087
0.026751451014283556,0.5044416075815464
0.038992749027764395,0.10839392362769303
0.0348665190261801,0.19398630059805846
0.028707673817060297,0.40993272426411065
0.024188395851276023,0.6346854007183258
0.02897759196615307,0.3979098226984958
0.04351422727777016,0.05317451073008299
0.03179500586871142,0.2868521770435736
0.03676722702530538,0.1495659845525473
0.03688801040629491,0.14704634102816028
0.033809686369913994,0.22283541392330994
0.02948915470098501,0.3757965676195011
0.04099516707072293,0.07983549413617835
0.020426712494316823,0.822846056070107
0.026104774636597883,0.5366714444239429
0.02430009804294453,0.6288855445020246
0.020459149677456656,0.8213741154849726
0.04393774015492402,0.04954506081234485
0.02944462083004329,0.3776867185842481
0.015996582132884796,0.9682182192764343
0.02762631479353206,0.460572824216296
0.04584528070123384,0.03572996826804736
0.03596393621253591,0.16722149382250595
0.0503550660965828,0.015611653785696239
0.033996606437737165,0.21750476500546354
0.03869435278794048,0.11329957337078375
0.021643352748943273,0.7650812252416463
0.02885486138130544,0.4033460898724741
0.03401560456425867,0.2169685460192207
0.025674004875138268,0.5583176482237069
0.02462308542626679,0.6121480306999454
0.023511149142344756,0.6698841764031308
0.020314176300306575,0.8279191356304065
0.0337206336152891,0.22541026358847924
0.024955875457528864,0.5949772020034105
0.046903580355843244,0.02962597348278966
0.02043050145041192,0.8226743410230869
0.03668248629662524,0.15135445889500876
0.019584351205019418,0.8594396717546703
0.0295452052386031,0.3734270501389799
0.042767321152224924,0.060135158833026676
0.022070200639845647,0.7438131015863529
0.029730383189979726,0.36567335252738875
0.02877875409445163,0.4067427486539238
0.04456272334250849,0.04458095485969511
0.015473984267780239,0.9768144239695896
0.05204589286356187,0.011219018373315166
0.0377490505891499,0.13006333539674272
0.021004447614007965,0.7960271870214256
0.03425817740491249,0.21021167126819384
0.013525710829259026,0.9950314103983778
0.021657260382173527,0.7643949600538131
0.03956500337626173,0.09947803367239275
0.06213645062792661,0.0012449083696649964
0.03296192878531401,0.2482854192002741
0.02217368698779401,0.7385986906437376
0.03530419863734463,0.18293370170402087
0.023652710016124456,0.6625297132794485
0.027489186165450097,0.4672778186719274
0.04035607699133825,0.08816648798412444
0.02293980037383264,0.6994656169340989
0.026638933608851806,0.5102710467496361
0.021858136642294745,0.7544305990831875
0.028688582788669925,0.4107924100092847
0.04797467831388624,0.024402907734107214
0.01777588950609621,0.9249204090888647
0.039427457466826965,0.101563258384802
0.021274056428419175,0.7831151699192105
0.023463928363272823,0.6723360097005371
0.017286474929211204,0.939025343325114
0.031730528252622736,0.28910619118094294
0.015278012271712604,0.9795854544581688
0.04395312570537285,0.04941734223820439
0.0442061767664067,0.047357204957548416
0.03078962937267793,0.3235041799863068
0.031866726708811424,0.28436030947857033
0.02123264334723096,0.7851132726863996
0.020774675285657518,0.806840798311551
0.018406726557376962,0.9043636472988663
0.024993098148983206,0.5930626435423981
0.029869840183151197,0.3599095348741429
0.018497497659521467,0.9011938761136167
0.02829004845656591,0.4290203806001676
0.0220136286244903,0.7466547268545786
0.020523658215030438,0.8184342319419465
0.03871364022636725,0.11297703834118235
0.029815872789055287,0.3621323526395285
0.02269047009756925,0.7122882835955031
0.02485815697929894,0.6000095329833834
0.02637466038966746,0.5232692268495147
0.03204581067943768,0.2782085470389909
0.027329911259396766,0.4751456408063766
0.014524974791400302,0.9881187525517727
0.04413284361684888,0.04794642727768841
0.021917000266573672,0.7514930715972996
0.038686573252729506,0.11342988197986056
0.025895965149650424,0.5471272043192466
0.05025700500559582,0.01590837297976628
0.029806717292373386,0.36251041200013223
0.03970568588318574,0.09738228237558516
0.021427919683979613,0.7756473661652026
0.020697940621436706,0.8104101169920006
0.01887957375688054,0.8872942933019091
0.052402466667884395,0.010449352296238753
0.02502657101526662,0.5913421142796441
0.025523031193834256,0.5659706524276772
0.03226139672401768,0.27093531676789245
0.025494017990186357,0.567444977142332
0.028228269265290096,0.43189417230529964
0.015234161462729379,0.9801729528481031
0.039078671746561544,0.10701442211670417
0.019175489297405646,0.8759346455753279
0.03179955722711508,0.28669356455809253
0.025567028253024926,0.5637371002447553
0.03537476298882136,0.181199307892765
0.018940765339050203,0.8849867690546145
0.03829366474361884,0.12017383588991623
0.035329256815870735,0.18231630220614756
0.0364314077222212,0.15675492129740728
0.023034716444881864,0.6945675901827386
0.023041373890954592,0.6942237406975211
0.016797434447253456,0.9514582806245515
0.024726238372623555,0.6068161990973637
0.03550779644932012,0.1779649186771279
0.031245920007571648,0.3064686052160115
0.019336046510306737,0.8695644638974751
0.03275767743669078,0.254735522809483
0.03819668498420281,0.12188819176903266
0.02942700126293346,0.3784363797734744
0.02477128077685281,0.6044905299200567
0.022422996492511976,0.7259575556099276
0.024176777192861487,0.6352889109804034
0.019500676755664137,0.862887772792168
0.020723760265019986,0.8092115410350699
0.04547295791815276,0.038125487063330674
0.029610705056571984,0.3706713794008996
0.01723384869167119,0.9404435010970538
0.02690374069024104,0.49661944148105214
0.028354325641374523,0.4260441204780931
0.021605293192273334,0.7669567555656986
0.01817444328233747,0.9122360654230603
0.027065049765903598,0.48841926713753187
0.02472550936534279,0.606853852854242
0.015636186658231632,0.9743372316372474
0.02935757484183188,0.38140039902454725
0.03340409395947111,0.23474848176175347
0.018568723417698774,0.898670510380825
0.04236920297355584,0.06415465925708234
0.018694136981388665,0.8941512147018915
0.02741489878340808,0.4709367575722855
0.026170584467417046,0.5333914289866515
0.019826254422538492,0.8492716649719438
0.033222641627635996,0.24023362515407903
0.02442717972798003,0.6222933709129428
0.0389604296919801,0.10891661310281721
0.021549965036850638,0.7696766152502482
0.032528671331927383,0.26211735120930457
0.020999090358896355,0.7962813798406791
0.03040296056838454,0.3384697116128135
0.02631382520629935,0.5262787256164735
0.020288914809196146,0.8290506147123349
0.03220928533264844,0.2726802010612671
0.021223980131143128,0.7855305993673147
0.030368605455738593,0.3398230624686552
0.02238662579205042,0.7278081858437382
0.02040853598678538,0.8236689963825841
0.03818550263839349,0.12208715218828214
0.021067606258468263,0.7930232446097243
0.02207153477775292,0.743746010043177
0.029599883609728095,0.3711256643923854
0.03927844615853754,0.10386321397675488
0.022292583424457613,0.7325833395468117
0.028192089245065444,0.4335831710263059
0.03635117563055279,0.15851292097393493
0.0303920343444255,0.3388997078076749
0.028693098549283258,0.4105889500923917
0.029817024898455474,0.36208479816522315
0.017627913684808094,0.9293583831161663
0.03355252201344233,0.23033343030218625
0.022290423271345672,0.7326928506913906
0.020280921914038408,0.8294080563922916
0.04359425580556059,0.05247161868717474
0.035249934356902435,0.18427636627166186
0.028455368124477465,0.42139379605682303
0.014486267474614567,0.9884730081229853
0.04810820167392571,0.023812676680697392
0.03418364353406414,0.21227016867037296
0.02024562561148502,0.8309832317812825
0.037385639991365405,0.13702501962917468
0.0187485533111606,0.8921604584082825
0.03113555677189428,0.31052745934492587
0.02319118924314731,0.6864766215282918
0.038166178279108204,0.12243160679967013
0.018097599758352068,0.9147635105072446
0.022785134773040894,0.7074279709106297
0.042126807576299996,0.06671268470489518
0.047831834099387016,0.025048663259470715
0.020360496592227495,0.8258374212815489
0.0363303976014272,0.1589707675883311
0.04052501289705546,0.08589625835604761
0.03330901967633379,0.2376104025433335
0.02188735454497026,0.7529734673446693
0.03666801333441966,0.1516616311374899
0.029319062645261074,0.38305156946358265
0.038373149520403826,0.11878357103653035
0.034665752729424903,0.1992286326501103
0.026472031143395358,0.5184667711175998
0.030115116322142144,0.3499288898216774
0.03372589148575211,0.22525760450198523
0.033065779052015576,0.24505388255078123
0.043381172442433724,0.054361100973418154
0.030433340818894677,0.3372761720429608
0.036387057881610785,0.1577247433173427
0.02231128779630892,0.7316347696212189
0.022076011984224653,0.7435208331226963
0.018383635690514377,0.9051616907987179
0.02500787093461132,0.5923031750176577
0.05877138483614347,0.002705890271281528
0.02338017556932548,0.6766824380709862
0.026760925947577507,0.5039526618912628
0.033429132541523465,0.23399918446724471
0.02849935826881811,0.41938002183970813
0.031543444246607044,0.2957205672434758
0.029495363643167294,0.37553356892534945
0.026078412086382396,0.5379874745206028
0.05489468108007206,0.006273079308660578
0.027284743539054968,0.47739245658825874
0.03938417561638455,0.10222689552176643
0.025879810145043924,0.5479391088458371
0.021595688046090578,0.7674295013829318
0.01859176593415357,0.8978474235670195
0.036497273363161664,0.15532344948869203
0.01669990511984254,0.9537375446583378
0.025842270769095232,0.5498273259925908
0.03564490747198995,0.17467948568495933
0.03493251244479506,0.19228696807763565
0.019849607675684028,0.8482747863287765
0.027770787891877036,0.453577677562761
0.028408798694258386,0.4235327855760483
0.01705676047703164,0.9450737444900477
0.02227454348239377,0.7334976461594637
0.03494663953591293,0.1919247206078711
0.024754303978002823,0.6053669033730347
0.03046140113869933,0.3361764656526408
0.02203702795426976,0.7454801572616976
0.040739991989257485,0.08307855490234621
0.024775691345004236,0.604262886083244
0.024590892281585786,0.6138135801877297
0.036440830197200014,0.15654949328823128
0.019705267866126253,0.8543936063820268
0.036273430233602744,0.16023149525358538
0.02393367288000034,0.647923466746272
0.022080646856700026,0.7432876848063261
0.03685742462953634,0.1476811195884931
0.028798420608795672,0.40586316019170304
0.03928905311370734,0.1036980798122013
0.019784294517219192,0.8510561624582879
0.032870855191559134,0.2511459528661728
0.01984436215080332,0.8484989307196668
0.03768893829011877,0.13119452090315872
0.021117319049946515,0.7906496580346154
0.024745189389391742,0.6058375093792712
0.025854901828748625,0.5491917405804523
0.027966118222675945,0.44423265864773476
0.044354376633659376,0.04618556118806631
0.023777228157841723,0.6560571651029808
0.020089315054837575,0.8378935236141618
0.02763882663523909,0.45996422258155584
0.01986075551304002,0.8477979932216289
0.033611768054349844,0.22858905778564045
0.02631901622979843,0.5260216602185234
0.034526674309795,0.2029247801645507
0.02708559719796999,0.4873810412497704
0.02621803271606238,0.5310312832013544
0.049574469567131074,0.0181174960206531
0.025400450892219095,0.5722072427187171
0.04191585044837509,0.06900923966537777
0.016940810250405614,0.9479866313201198
0.02182107416129503,0.7562761859566162
0.024860337036061886,0.5998971702060988
0.02356413098874277,0.6671322921592597
0.029931140785998678,0.3573964191289906
0.02143910009538652,0.7751020888186424
0.020326682272036822,0.8273579846067618
0.03684754003540458,0.14788673763094
0.03346745278328511,0.2328559771216976
0.023018904575317634,0.6953841026430069
0.036056026920883166,0.16511661163282734
0.023640517476233414,0.6631633507250982
0.03710565135622823,0.14259284808244546
0.026942489059409325,0.49464165096061913
0.027745853931833153,0.45477988482106346
0.031424534919903435,0.29998229916613933
0.029388965759457708,0.38005822643869697
0.027466594123739307,0.4683885853528477
0.024440240591188656,0.621616301111949
0.062746901424162,0.0010763642886990092
0.02488641342215228,0.598553486219843
0.02011638240247693,0.8367046719115014
0.016064286652343385,0.9669719468989927
0.026304882359250437,0.5267217016275068
0.05289253473049127,0.009469453039274163
0.032314404851967016,0.269169008283468
0.04197353367483725,0.06837468980693652
0.02601130388952011,0.5413428681697876
0.02244765092328871,0.7247019033564179
0.02216865995694578,0.7388524602390355
0.033266979101000405,0.23888438609325663
0.02064194505293615,0.8130009041595097
0.027139449008167782,0.4846667705833659
0.019581464384757885,0.8595592354942468
0.03646560116749514,0.15601047047356936
0.016770210908032657,0.9521011950451408
0.034613186599659174,0.2006193847552887
0.022606469298490528,0.7165917863361511
0.04013189818702645,0.09125668993632942
0.025088321760550092,0.5881710529569633
0.03057427720162098,0.33177882739439535
0.037614533595289545,0.13260576721101897
0.027251743388906957,0.4790383750845378
0.02095725934748005,0.798262873854093
0.06110272364889102,0.001587496323535898
0.044724629507056024,0.043367658095095026
0.04930233884857915,0.019072121682057745
0.03373077751647435,0.22511581301142478
0.014571269823582311,0.9876848515328365
0.03847068516027258,0.11709568919908844
0.019479098694020647,0.8637710641443097
0.016808338131141243,0.9511993221866039
0.02775073018762908,0.4545446070999637
0.033837280263690594,0.22204219571580533
0.014913348900695622,0.984121001217694
0.0364478588990913,0.15639639503679162
0.03136761154014822,0.3020383770656085
0.01933532009125738,0.8695936027751577
0.03530739965762811,0.18285474091850937
0.03417587059595972,0.21248574256829875
0.039377013161954966,0.10233706389417516
0.02251722432562686,0.7211535756646816
0.045892176032926224,0.03543779161382259
0.034591079709053396,0.2012065351099494
0.014936800147377749,0.9838528032097139
0.017814570315812378,0.9237358424120035
0.023558398589175245,0.6674300763646033
0.025581635567642258,0.5629961372926227
0.024731433307541018,0.6065478887591886
0.028383624550929687,0.42469212292579456
0.02770453031131284,0.4567769728647649
0.028022069834159558,0.44157965823983847
0.02891644426824458,0.40061196615059674
0.030716504400723876,0.32629697139314273
0.02157816085453812,0.7682915404826761
0.024574242229155163,0.6146752585100443
0.035286394885891914,0.18337336575828958
0.025160021038979963,0.5844941431931614
0.026524456516840766,0.5158885908124776
0.0204355077628276,0.8224473656940158
0.03923471026725911,0.10454642455043742
0.02505146853892437,0.5900630913338327
0.022788330954996106,0.7072636882750161
0.035354078535093814,0.18170635501864008
0.02623405865288453,0.5302350340234179
0.03429320258168922,0.20924971477102178
0.03698269826325856,0.14509515617003818
0.03197216386827739,0.28072627765776054
0.031704592212280225,0.2900165592520734
0.023697734422864908,0.6601895771125773
0.023965883188558287,0.6462489133111959
0.032711336859500006,0.25621643008294787
0.026581179045764403,0.5132797833302801
0.028733033020785448,0.40879268229704224
0.020425372140035147,0.8229067867275595
0.041342447227665946,0.07559416220022332
0.030164109878185075,0.34795914173134146
0.03673842325373228,0.1501719723723395
0.024505624651415703,0.6182282119447501
0.018367792112477854,0.9057073021518853
0.03757618386543149,0.1333379740308615
0.022434723910569887,0.7253603941117068
0.02374128843442938,0.657925553933153
0.02140363254862454,0.7768306636548428
0.024801587602117647,0.6029266148315816
0.034855044700118354,0.19428296512446488
0.02070663839426784,0.8100066340012727
0.0211184266441502,0.7905966844077511
0.028739227213175123,0.40851454803984055
0.050494001599845295,0.015199751118959569
0.03283582420396414,0.2522528781740795
0.020398310362070293,0.8241313647210333
0.032591273684457245,0.26008357994930614
0.05283107217230476,0.009587603683075848
0.014527157526851353,0.9880985453817717
0.028072939328592172,0.439176846505787
0.05434841558315984,0.007029675323004176
0.02672181453380995,0.5059729218695442
0.02605074198973345,0.5393700523492768
0.021455981114847145,0.7742781310550574
0.0185781253644407,0.8983350661271913
0.044985198906550616,0.041475249676223354
0.03245941677807995,0.26438117412374634
0.018303119312058636,0.9079178582437943
0.026524438186931787,0.5158894913116965
0.021498819707422068,0.7721836802276266
0.02337122179189094,0.6771469123944425
0.01802923198588874,0.9169795925458586
0.025605404262847145,0.5617910971614608
0.0222032326449646,0.7371062528018999
0.01866340226341512,0.8952676610231419
0.024537273646661584,0.6165890983406797
0.02317723182624387,0.687199080559342
0.014367183958059387,0.9895151029188752
0.01733649071640475,0.9376596774889447
0.0326527942656214,0.2580965772966714
0.035464638495855016,0.17900914478553975
0.024401046467141474,0.6236483714017034
0.02431938784335244,0.6278844480687156
0.03617311576808918,0.16247099974427168
0.01929431211212157,0.8712339097004969
0.018293344955154778,0.9082496225180379
0.023019614910890912,0.6953474261234718
0.022077886484176412,0.7434265451257702
0.024753358063905773,0.6054157399287079
0.027067415573854947,0.48829965435322753
0.020916305063050977,0.8001970751090982
0.021373275942003556,0.7783073291077293
0.030953289565746722,0.3173165858654033
0.016937055118994904,0.9480793932474141
0.03332518598160572,0.23712189039627873
0.049715753814771946,0.01763890943956313
0.035704665596242746,0.1732627365700203
0.019108949129458985,0.8785326597811148
0.025127771572302157,0.5861472872450932
0.018838422440597358,0.8888336902658128
0.03367089202683193,0.22685842867904898
0.02504289422599404,0.5905034956344772
0.025153530522555145,0.5848267629735417
0.02949112791427544,0.3757129721607922
0.02144482149275695,0.7748229174073114
0.04093023361387088,0.08065043155897585
0.01756943992094112,0.9310709081440729
0.020785486372686485,0.8063361852672282
0.03735600662738997,0.13760581035531305
0.015618675133071247,0.9746128152411369
0.024836266763552883,0.6011380100331214
0.029703202061381218,0.3668043034728148
0.02379094767120865,0.6553439019686144
0.01766453193701545,0.9282740353363973
0.02858103417525426,0.41565844807067864
0.018858694039070478,0.8880766193258148
0.02137278188354863,0.7783313403501853
0.02333431917784412,0.679060797671916
0.02016942464407484,0.8343654557070993
0.036029032985435916,0.16573139597420433
0.03124728844315927,0.30641852326354735
0.028655360966316823,0.4122913558469894
0.03923740518591845,0.10450421884741593
0.02415123529570154,0.6366157768343577
0.024668653263304918,0.6097917429495032
0.031164579902368428,0.30945627791048375
0.02730613440975954,0.4763275319394183
0.027707487615398596,0.45663385989048866
0.02924458891991899,0.386258676361026
0.030532758967008855,0.3333915230124941
0.013970084065994079,0.9924976340150838
0.024722289649448115,0.6070201583974495
0.0375501116003224,0.13383764817407878
0.035670264999677515,0.1740771874250067
0.04314512740589915,0.0565223140591226
0.02512759074199572,0.586156559998466
0.025072583936149084,0.588978858018673
0.045106149264533046,0.040621550424767366
0.05588641283249196,0.005086674216750097
0.03011425267304424,0.34996368333391203
0.024553898781920352,0.6157283198155007
0.02979953078150821,0.36280736115709983
0.03144411478029874,0.29927746003572464
0.023081736743521097,0.6921382524698806
0.029166191633838656,0.38965487995102666
0.018189466200196902,0.9117374450886737
0.04188953957600239,0.06930033570206584
0.030367548857363036,0.33986474652137844
0.018969299806900708,0.8839032495820096
0.03978899393294766,0.09615869847822307
0.034538572853243465,0.20260648337366602
0.026546423783644774,0.5150957608340498
0.030587101855973298,0.33128181810827423
0.025074084641224514,0.5889018173560099
0.02153685871357297,0.7703197308514067
0.025712884748313847,0.5563520791391061
0.02683994391068345,0.49988677568712314
0.021187551163578067,0.7872829463263401
0.0160629688939532,0.9669964995414322
0.022187644169124277,0.7378938725249607
0.016433841610375588,0.959617611199696
0.02931140244344499,0.3833805861174526
0.017306009028951186,0.9384940396291211
0.03172090274933745,0.28944380367135597
0.027601947777156743,0.46175960905322416
0.024336242773924543,0.6270098444224856
0.044668477119032185,0.04378516297638292
0.033019805274340674,0.24648048741856618
0.037510324471723866,0.1346031074048227
0.02157402428748678,0.7684948728349039
0.01969128022599753,0.854981104147451
0.027113051151230305,0.48599606661354317
0.03233146996061409,0.26860221676343843
0.04888235210312675,0.02063364291108522
0.027653487838757762,0.45925174690237197
0.031099944931795742,0.31184551801508953
0.02493318751361817,0.5961448098674501
0.02822594056337241,0.43200274990980725
0.0359629392905475,0.16724439675177782
0.03558233148458756,0.176172893124872
0.03162672460589844,0.29276250947333776
0.02742921281706917,0.4702302825094711
0.030938758710866154,0.31786245127096613
0.04010900100332215,0.0915773641899129
0.03489758623687306,0.19318485506949276
0.03159192423193102,0.29399592093179294
0.03511764440144938,0.18758225853422972
0.01894970180938671,0.8846479409360256
0.028316956150044814,0.4277727557656012
0.04187268491287233,0.06948735957631261
0.04243672212791816,0.06345722339204779
0.021457111522004857,0.7742229280770094
0.02411421258920432,0.6385393654754707
0.021547910069597387,0.7697774806666017
0.02855434048461969,0.4168722659218226
0.020953753681871246,0.7984286649249374
0.01845338986095768,0.9027406201884018
0.03808136862563083,0.12395277474769455
0.04930680843420848,0.019056086745798253
0.028467842488364925,0.4208220808781255
0.03830217304572536,0.12002438115681228
0.025290648400652094,0.5778100258182544
0.026724592256184954,0.5058292717478614
0.05539098570262124,0.005650940741431512
0.03001018462251781,0.35417430353655177
0.039466698222243635,0.10096468504561544
0.025594948308387933,0.5623211018425087
0.015066109907440506,0.982316837259794
0.035905254234019024,0.1685739026902757
0.0334816019804029,0.2324349493004051
0.02437598529101012,0.6249481021179106
0.019579533600722787,0.8596391791087915
0.019190449830086664,0.8753471010565905
0.029901091220099763,0.3586267890769103
0.03223201505418283,0.2719180928555306
0.026925498243510648,0.4955082713172729
0.03625936535906288,0.1605439914738385
0.014741325110761205,0.9859933992171799
0.02262750509563699,0.7155149479388345
0.02363079211006569,0.663668747843424
0.017816691728671286,0.923670583861647
0.026120243402428356,0.5358997927364026
0.022706962890162823,0.7114422779827221
0.02063175568855513,0.813471065223055
0.0349693280557668,0.19134406409061208
0.043556582637822694,0.05280149827714529
0.02356106575548156,0.6672915247832305
0.029030740444538128,0.3955714084329297
0.029055689692810138,0.3944769801002464
0.015344147016615128,0.9786770530142423
0.03303467155155926,0.2460184845514335
0.01799683626233961,0.918018891046698
0.02050523414561156,0.8192755791167062
0.02959614655993348,0.37128263685145974
0.024163033557277003,0.6360028506756766
0.022170504026424065,0.7387593752079296
0.03540268664494006,0.1805165804136041
0.04317227345908681,0.05627006499056045
0.02301311526909877,0.6956830035026129
0.029522119458142648,0.37440172060506405
0.02947292785076583,0.3764845147418031
0.018616158927205473,0.8969725255705333
0.024562943194332165,0.6152601110983689
0.024028305069270783,0.6430040388852626
0.025501129846050463,0.567083478695909
0.04651326739198891,0.03176104885898126
0.018466740544533233,0.9022737359394447
0.041173883008581935,0.07762838181572901
0.02546858864689494,0.5687381128886503
0.025866531493978884,0.5486067662787817
0.017058908453092436,0.9450188954184625
0.03248543919590563,0.2635288219663895
0.02263724779390197,0.7150160138200378
0.016305587924466458,0.9622763326301695
0.019285098412104462,0.8716011939038575
0.027451648392184058,0.4691243617104972
0.025833030986033845,0.5502924230119802
0.026474564359187047,0.5183420704355429
0.03279900386237333,0.25342032825016314
0.02804427779177282,0.44052958982052
0.02479313161819907,0.6033628911524029
0.021106145881420124,0.7911838250867235
0.021554072804422342,0.7694749574248456
0.029695602390525933,0.3671209508548653
0.029922752152922394,0.35773958734589795
0.029403439690303457,0.37944048162162697
0.023145398774854775,0.6888462972211966
0.028005765114365255,0.4423516662097549
0.019426132781142247,0.8659288145578228
0.0245085747232153,0.6180754014377359
0.014898881625610635,0.9842848874891801
0.017298323366800705,0.9387033968380872
0.023159672955927968,0.6881077627551618
0.023445599125783312,0.6732874816689853
0.018233517140930966,0.9102669150299265
0.03332527618790604,0.23711916670749938
0.03797557737181112,0.1258719625206438
0.022613770511244247,0.7162180983959727
0.030098972111408495,0.350579693604369
0.024759856259697677,0.6050802591582327
0.033471015821898265,0.23274989917145078
0.027651928431185913,0.4593274932207779
0.051803859160621135,0.011770248953008992
0.02905466184683092,0.39452202636899636
0.035083574024466824,0.18844119797459122
0.0319843885362443,0.28030718712618785
0.015413118438189821,0.9777007653679329
0.034044396316752934,0.21615785644758073
0.027672850878170535,0.45831189768726655
0.027468243794700295,0.46830741864434694
0.02324793454115681,0.6835380476611613
0.02918469182498462,0.3888515810855462
0.024212478697474116,0.6334345937275148
0.02877570067318913,0.4068794306555698
0.018003699501126125,0.9177992896282593
0.03203304821016306,0.2786436405453264
0.021303237199132408,0.7817041679025116
0.025014833403692927,0.5919453093660373
0.03005490363517266,0.35236056723609044
0.015204469574751522,0.9805640997888742
0.023109720963761154,0.6906915767116721
0.031029527114339372,0.31446383462864413
0.04711408107169257,0.028527832068820518
0.021611905981327784,0.7666311498593739
0.01722240001110631,0.9407494625380743
0.02085281952980622,0.803183908842157
0.023993656945889674,0.6448050895452082
0.017744408746454443,0.9258770126219384
0.022028947225709195,0.7458859094173342
0.022644008117109538,0.7146697374944033
0.03722315700914103,0.14023420344432833
0.017040422161976737,0.9454898904654929
0.031187394311053274,0.3086161474420074
0.03896547000643352,0.10883496073807232
0.021468762880100467,0.7736537339160221
0.014547676927910702,0.9879073727891317
0.04137421645812689,0.07521587506002986
0.03374518533533921,0.22469810200094162
0.02994880557118962,0.3566745393425957
0.015299445861932659,0.9792940059200105
0.027560379162696158,0.4637888355439001
0.018293928800495213,0.9082298226848945
0.02464855077538841,0.6108310516491163
0.025314463113721153,0.5765935976533222
0.04547507668690498,0.03811146738223834
0.02827121445766667,0.4298951136416764
0.03713531205594389,0.1419944676576035
0.01871474489157185,0.8933994089067594
0.022469001646676035,0.7236137584448751
0.01937796363781863,0.8678782140256123
0.019726498519803237,0.8535000303580849
0.030300572446003926,0.34251453799062537
0.015940879243671713,0.9692203963232766
0.017198474247603568,0.9413859190337404
0.017419442153702613,0.9353564470777712
0.019379987674525923,0.8677965513128563
0.03166783126770534,0.2913105229787358
0.026231794853361468,0.5303474830946073
0.029447187245997486,0.3775776118473715
0.024231015194216554,0.6324719799160815
0.03480436425929784,0.1955975540303664
0.03134846497674548,0.3027322765071382
0.03163038616009822,0.2926329577766845
0.029876015437344083,0.35965580497951427
0.037570134487215995,0.13345377447784604
0.030752510628456964,0.32491964608639395
0.03281020030201559,0.2530648941095594
0.026383988205762265,0.5228083912156674
0.024438585520552558,0.621702094347798
0.02673456655695322,0.5053136638988432
0.01994820138656747,0.8440373857497773
0.02033231710239436,0.8271049306117135
0.036437235773692955,0.15662783307190234
0.03449334684199501,0.20381839991718917
0.0425696822939261,0.062102753672269216
0.01726798988881073,0.9395256698443107
0.027893588847662798,0.4476875135888549
0.019843424441704866,0.848538985624639
0.02503565256942447,0.5908755086083896
0.01535003337893004,0.9785948889397514
0.023380085286284394,0.6766871216697192
0.03174904755774721,0.2884574517809866
0.04174090193603419,0.07096452045238195
0.04676542974262521,0.030366766615062338
0.019152723476208777,0.8768263239363864
0.02650337173067796,0.5169248613730666
0.017257935156517967,0.9397968183809795
0.042990598262135415,0.05797683606075314
0.03708828524374286,0.14294414280680698
0.02091277360760435,0.8003635897777502
0.027425316858443183,0.4704225004279927
0.03515917899628895,0.1865393200360238
0.03094737081056309,0.3175388470852182
0.05349672861145768,0.008376335351522865
0.015177701001349742,0.9809121579655893
0.020143999095061815,0.8354883090573418
0.0339437936622452,0.21900078943066809
0.02506574117546928,0.5893301697072939
0.016696900799349046,0.9538066989097964
0.02245696957572274,0.7242270608705632
0.0293738884378274,0.38070247078602243
0.023306470269640722,0.6805046521812694
0.025736999436758834,0.555134086607757
0.03466567663259135,0.19923064048811795
0.03297771419164569,0.24779214313170017
0.025750743632652395,0.5544402794548178
0.018396212859293826,0.9047274305786182
0.025568372480505253,0.5636689012680812
0.01923556354126546,0.873567809720211
0.036660942094603854,0.15181189280847024
0.03417627772973697,0.2124744469412617
0.01794258445461977,0.9197437584351287
0.01926237115974938,0.8725051784434708
0.030572739117267933,0.331838470742175
0.028059044222647628,0.4398323081898724
0.04568602429019436,0.0367380016314128
0.018813602321194223,0.8897573061824533
0.023058572294988533,0.6933352896037891
0.021578434471418162,0.7682780893149754
0.02791267341214332,0.4467767120916787
0.015968736963737448,0.9687218025889786
0.016125667309051517,0.9658152280643314
0.02879528606907429,0.40600326553432037
0.023420342480972578,0.6745983254300257
0.018514599834058787,0.9005908690921063
0.02814875781629833,0.4356118610999744
0.025945462415429166,0.5446422182044658
0.02971329913927606,0.3663838972338411
0.024751956220315008,0.6054881169467652
0.035733187545536726,0.17258976636249057
0.02749119573382569,0.46717909941628216
0.020114692868438033,0.8367789759111945
0.022632320198261113,0.7152683768729029
0.031198833355726596,0.3081955388994797
0.03453591329618588,0.20267759505035196
0.034345261264845384,0.20782627310061808
0.013038406654818147,0.9969979115220627
0.03712172938933567,0.14226823370648164
0.030815495011495442,0.3225204815146328
0.02119344352505581,0.786999782768334
0.03032421078316183,0.3415776479203256
0.0228086277993218,0.7062201693839733
0.016888611052648106,0.9492672352157299
0.016474416237770684,0.9587527612342428
0.025437205673773056,0.5703351800649881
0.031093018555034546,0.3121023499989122
0.02154625914710545,0.7698585059960223
0.02629064047011337,0.5274274632801248
0.021513495968269125,0.7714649880104012
0.030965446821957565,0.31686041171645934
0.04040294550055323,0.0875316557371401
0.025486647869144452,0.567819674748222
0.03004726684027692,0.3526698351975079
0.030172125967512897,0.347637616028188
0.01986611481291556,0.8475685636010531
0.02856848747591434,0.41622867235127275
0.023324371887306405,0.6795765734906651
0.03555969782417778,0.17671554684370197
0.02099679063641474,0.7963904683906358
0.047060305530347346,0.0288048987583794
0.034662115756707745,0.19932461299676688
0.03885381329684301,0.11065570114153417
0.019789440765012045,0.8508377610357286
0.02267222325182383,0.7132238698779407
0.023961217071460206,0.6464914903284122
0.016265355748352472,0.9630869517036811
0.04458150352023571,0.04443872449164183
0.02681899684018646,0.5009625640610027
0.040407707249896174,0.08746737342766292
0.021719453410066758,0.761320209409375
0.01553083312117512,0.9759653867838639
0.03347592149531342,0.23260390929345806
0.029528718189336,0.374122943414538
0.03408352617952687,0.215059842840752
0.04066746810119337,0.08402028347514938
0.025481166354858975,0.5680984024114657
0.029944599559770607,0.3568463260383626
0.03506961371117434,0.18879404188827217
0.020158995745505226,0.8348263672383851
0.027140177351066108,0.484630127377803
0.030345817842640288,0.34072287470996243
0.01768634661675017,0.9276237068197508
0.023408780623340508,0.6751983036287923
0.020093570214982093,0.8377068469841137
0.021278158025882454,0.7829169950198737
0.04760030663224568,0.026127506655208396
0.023081261868545755,0.6921627963029122
0.031836503565603635,0.28540841281116175
0.019082904151715402,0.879542755587478
0.023906515313416254,0.6493353944671059
0.043726465112895685,0.05132797393215679
0.028163080855850953,0.4349405808751258
0.03217661556844639,0.2737783907528804
0.029098050376501955,0.3926235801207995
0.027571530839063052,0.46324387696479213
0.019675744420562635,0.855632479274867
0.038012110413150335,0.12520647381573335
0.022384013679805914,0.7279410157312701
0.03490779425569546,0.19292208600134877
0.04195674143640171,0.06855889962598832
0.023441078688354433,0.6735221166363186
0.029091978236643556,0.3928888824746483
0.02956573707276089,0.3725617035352948
0.02745339927992818,0.46903812661140465
0.03314087377961111,0.24273716905909823
0.021092595497580913,0.7918311047243144
0.016832345921259373,0.9506262107601123
0.018626374150143676,0.896605050255912
0.019115434790552666,0.8782805297435349
0.01769024246451356,0.9275072245943876
0.021717815758449888,0.7614012943625941
0.0286219658693877,0.4138018815160722
0.0240569407065786,0.6415156660519146
0.024150467966532974,0.6366556413322689
0.029495630045261456,0.37552228753865546
0.030726728922969127,0.3259054295958354
0.02634794526675166,0.5245899713192572
0.0339497912103085,0.2188304975282311
0.04455261903529556,0.04465764255931003
0.03450073689775457,0.20361998336535625
0.032887584306961704,0.25061864074420104
0.03145718119377344,0.2988077722181635
0.04156604744327963,0.07296560777644176
0.03862874469840172,0.1144024037274713
0.01866705775896564,0.8951351760552483
0.0222405420077032,0.7352193805077596
0.02321609645862016,0.6851870531774807
0.03954735163351614,0.09974362632371796
0.019919682084177825,0.8452678384703652
0.03935338297303942,0.10270122905036046
0.02321050750170084,0.6854764569276337
0.044680943537463796,0.04369217207825433
0.024478225532246434,0.6196476966083799
0.04871680633500913,0.021279781419076566
0.042559436325806166,0.062206242569157716
0.02171047296775297,0.7617647775839564
0.02556281041802866,0.563951107103156
0.03256220016001887,0.26102660959152224
0.036476934481686096,0.15576435249900758
0.036504481953143986,0.15516742392604158
0.020469136093278217,0.8209200913061503
0.03153720939836452,0.2959429091740637
0.019604288637882772,0.8586127553614933
0.0261118423686877,0.5363188229250393
0.03139516415888555,0.30104188342084603
0.0272784154725888,0.4777077902805583
0.02195493813310967,0.7495958158897167
0.021277468162318236,0.782950330338642
0.020479390386253793,0.8204534699565544
0.027406979739262538,0.471327903421251
0.030826915593398008,0.3220868359241648
0.02937301061136921,0.3807400032341366
0.03332637148542017,0.2370860972078351
0.026481717913071245,0.5179899944968773
0.021533419178612512,0.7704884304007202
0.024004731199184948,0.6442294184097612
0.03314089330835032,0.2427365687670392
0.02500566959703343,0.5924163320965274
0.023046976497606897,0.6939343433258565
0.04242112680776827,0.06361773619876486
0.026801071252986364,0.5018843499021741
0.029630020696411297,0.3698614798890583
0.020624170359036298,0.81382081247378
0.026492182040342427,0.5174751598213321
0.02433615708106579,0.6270142907205112
0.03261833256006352,0.2592082098358835
0.02824427398484297,0.4311484367128759
0.020494645598405997,0.8197585004665411
0.042174388087143744,0.06620381046366738
0.02008297721596486,0.8381714171444503
0.02543333370856815,0.5705323120090924
0.016369709413326494,0.960961305318836
0.033723703624843115,0.2253211180347035
0.02425050154188496,0.6314601672634348
0.020668339444845807,0.8117811698502622
0.02537855612590867,0.5733232481158239
0.03925010464551926,0.10430552026759563
0.016415785891677248,0.959998796072131
0.01764779145917128,0.9287708939611787
0.019785860011392375,0.8509897382082562
0.027345091774373997,0.47439205406247065
0.026603514519502824,0.5121148842048493
0.020065294410229306,0.8389457890073136
0.021919499121667407,0.7513682004513133
0.025809255680514953,0.5514897956609797
0.04155445913320144,0.073099903665379
0.026011977376654977,0.5413091564100494
0.028766374989850463,0.4072970764378736
0.02328434417606906,0.6816514921289374
0.020201170717351058,0.8329594700959664
0.020798511309111783,0.8057276774451899
0.028828943906260285,0.40450058723459636
0.02319974092628274,0.686033906130256
0.026854165454590073,0.4991572355591175
0.018303620373906537,0.9079008345222457
0.02848954943578219,0.41982848148982194
0.023071368912010337,0.6926740706721535
0.024262559542535533,0.6308341338107707
0.03641438464636432,0.15712660604056042
0.02075506153779716,0.8077551938241382
0.023493111534459765,0.6708208364813659
0.017961264897549456,0.9191520479187626
0.019060798224856845,0.8803970555448701
0.03310717118818329,0.24377483792662813
0.015936732891917382,0.9692941618982348
0.016782390714811135,0.9518141967903789
0.024804094015424938,0.6027973108106934
0.035168159007674143,0.1863144335842777
0.023806822697292285,0.6545185600119567
0.022506409246235037,0.7217056270248943
0.044406035592567394,0.04578310382041095
0.016955390858475528,0.9476255143762032
0.04323361176271223,0.05570365368932831
0.03578184073595625,0.1714466050768155
0.030274844585254312,0.3435363358611558
0.03965236523688165,0.09817222522309657
0.031369693134710386,0.3019630075804453
0.02005493225391297,0.8393989124716479
0.030469835023642255,0.33584643970052036
0.030891967321320712,0.3196248585897202
0.028549474672957098,0.4170937843862892
0.021864383510831198,0.7541192204065963
0.03130228725833939,0.3044106438357555
0.014782556865967522,0.9855596552350453
0.02278494928458752,0.707437504596709
0.03757331908784073,0.1333928029277638
0.037897958314508595,0.12729549501796325
0.021171197170703593,0.7880682894171134
0.021449317311276583,0.7746034835813602
0.02084723475069239,0.8034459815094877
0.030800928990139087,0.3230741758203741
0.018136234364764692,0.9134976148023519
0.03122792717991829,0.3071276644037
0.029058463628433895,0.39435542765262577
0.032721396806532854,0.25589439181180357
0.01918216701668979,0.875672546177113
0.020393251792265588,0.8243599369502439
0.02520525426619541,0.5821773754585431
0.03041823410557576,0.33786928611123074
0.027730032031552915,0.4555438415326968
0.024188432298857088,0.6346835075786291
0.02557900981969774,0.5631293076805981
0.03108148860574056,0.31253022645124895
0.031652765607555144,0.2918420583540492
0.036443345262824445,0.1564946966319437
0.03171952091228136,0.2894922952897315
0.045364449793703576,0.038849524000564406
0.030233645583763402,0.345177122202921
0.02208728737485556,0.7429535726111389
0.03914959229860526,0.10588677650094216
0.03276809411772302,0.2544035305249831
0.018941695663554747,0.8849515173437539
0.026461817920951175,0.5189696545341753
0.030476635671371266,0.335580493717296
0.030000289190228513,0.3545765428558917
0.043388077271448444,0.05429896704449191
0.023585733493172667,0.6660100092253953
0.022262424302628037,0.734111558105266
0.03558808023667426,0.17603527474064398
0.025480487332444346,0.5681329325762428
0.027098049750157227,0.48675252952018394
0.02324763311674416,0.6835536625050226
0.025791723240062125,0.5523733243277573
0.025447556201449173,0.5698083032399291
0.02787698119201243,0.44848111110761807
0.027738212650862543,0.4551487362729797
0.01740285685045695,0.9358207672169558
0.025797211645778972,0.5520966911559344
0.019102424412018926,0.8787860677099817
0.025889623037639198,0.5474458912610289
0.03479896092249585,0.19573812082066328
0.021571240062397856,0.768631705919094
0.03501815904755637,0.19009904475584297
0.04005366277793715,0.09235627326240001
0.04561483469962968,0.03719659299770018
0.03332543156849005,0.2371144752027243
0.020442685269599137,0.8221217750095917
0.033752838964189236,0.22447645145280537
0.022648005671749294,0.7144649473972562
0.023660180132284436,0.6621414815691771
0.02153388577709936,0.7704655468945011
0.04188909326950424,0.06930528251127367
0.020974508890799826,0.7974464953103728
0.04622381565530981,0.03343062486687195
0.02875755018887871,0.4076925610563538
0.019635938562672872,0.8572958919262725
0.016791974802239595,0.9515876323176037
0.030712433895032976,0.3264529436597376
0.03899452763852951,0.10836521918939492
0.02063957914337869,0.8131101080486345
0.022143791921298783,0.740107128342561
0.02963715714017734,0.36956256595593806
0.027578375691697465,0.4629095924101887
0.019788250100581606,0.8508883031084586
0.025261852227458803,0.5792818074580037
0.04073203859760799,0.08318139421381411
0.02564304861778044,0.5598842169729334
0.02876392505359543,0.40740684426908064
0.029444553350150005,0.3776895876729214
0.01705636473618266,0.9450838463036006
0.026551488863068684,0.5148308560459747
0.053387233680667,0.008565503778919396
0.027302056329465085,0.47653043592104544
0.024073242387198546,0.6406684322760476
0.02147845873154708,0.7731797868842268
0.03540538447917019,0.18045072699938822
0.020093326618356888,0.8377175359297111
0.023473294200430317,0.671849776535514
0.03650151472755003,0.15523163245560728
0.022086241236064008,0.7430062139735842
0.018030313025890754,0.916944791535882
0.031390886706462284,0.30119642692706067
0.0258950339379328,0.5471739930740163
0.03150612096817185,0.2970534005176276
0.026379533307654413,0.5230284626942141
0.02571572005508105,0.5562088276424804
0.025985693885249628,0.542625349698888
0.02540269668190559,0.572092806256189
0.024238096002709375,0.6321042992646573
0.023020992998385004,0.6952762705374527
0.013022202757313361,0.9970508144237616
0.05517580138544048,0.005913406669777244
0.04014424082125212,0.09108422239735578
0.03623940623856525,0.1609882855722883
0.022983339696756838,0.6972198408647895
0.026180724020864965,0.5328867381587834
0.023450981838281204,0.6730080789124833
0.028335508401624104,0.4269139755244515
0.02237433781665138,0.7284329526501161
0.0222511265326778,0.7346836292059332
0.013269557941448351,0.9961596824487232
0.024106098744700377,0.6389609816548484
0.017991391106764953,0.9181928960876724
0.02558348289314405,0.5629024520257382
0.028613272920959942,0.4141956993925209
0.027600140694656106,0.4618477023821879
0.030340595558047523,0.34092932705274126
0.027566996644029285,0.463465402532683
0.027963791925511905,0.44434319222045077
0.0177427587018405,0.9259269672326682
0.033718724737694244,0.22546570642090932
0.029931159902298998,0.3573956373724831
0.028658330362593465,0.41215722683871664
0.017780826714168696,0.9247697740578088
0.040634660443860326,0.0844492375065437
0.03736178320672079,0.13749243714418702
0.028055897522046513,0.43998083568194646
0.024103926351769306,0.6390738673607167
0.026817976076782435,0.5010150256351409
0.032396350748702285,0.26645547897288396
0.04088829794333221,0.081180461822139
0.014749619499808797,0.9859068973074548
0.020145354891746958,0.8354285061701752
0.02771801259990203,0.4561247643438685
0.022260012131423423,0.734233719016644
0.016612267177091078,0.9557288934452041
0.033454978027496696,0.23322766495049796
0.02504751443570774,0.5902661774884865
0.04684193633886086,0.029954531571702095
0.03257241940591388,0.26069484432521844
0.034750805818397734,0.19699437046338272
0.019006548792013758,0.8824817046745791
0.025494944252517082,0.5673978910215377
0.038314865404925055,0.1198017143332728
0.027858558150179902,0.44936255142349385
0.03964744375969936,0.0982454052937955
0.030481448916397896,0.33539235868407785
0.022225504654292988,0.7359801758821516
0.02804388188142548,0.4405482951754548
0.018698578476047056,0.8939894006861111
0.029770797182967962,0.36399636161166854
0.02159891555049409,0.7672706766350453
0.01608860199369566,0.9665167862413233
0.032790942290107816,0.25367647930097087
0.03255408871727988,0.2612901721889811
0.02976027178463614,0.3644325921594413
0.025547964086720998,0.5647045841606937
0.019255623522246967,0.8727730219942286
0.03207023701046674,0.2773772276397266
0.02656842910093593,0.5139455029145074
0.022352527469236272,0.7295412708093063
0.029566090282317936,0.3725468292921911
0.017672404544713083,0.9280397149848154
0.03647130878727389,0.15588648288292006
0.025359010526307735,0.5743200236268287
0.03131166119800399,0.30406938873116174
0.014769833977713254,0.9856944960370171
0.024286038848875924,0.6296152799698285
0.03104386867426856,0.31392928178079427
0.030191609807839526,0.3468570029770053
0.038052328159077664,0.12447720089744392
0.01891858133274904,0.8858258629508222
0.023895931702497986,0.6498856483173283
0.017324637977107593,0.9379848842840909
0.024145139138111782,0.6369324904870448
0.016402727998147792,0.9602730605472094
0.021087289611173787,0.7920843970961979
0.023675101179720548,0.6613659825696334
0.029040322879941155,0.3951508155214077
0.025563260001796984,0.5639282946979023
0.014945816587796978,0.9837488482121189
0.0333110880291852,0.2375478582950701
0.02234919600904617,0.7297104944298829
0.02508240064492251,0.5884749468938024
0.025114351836098725,0.5868355302148336
0.02032609252803219,0.8273844616269324
0.02991230769261055,0.35816718339613046
0.04105874783167612,0.07904428348374304
0.012104997980112109,0.9990486847313491
0.040295889648699124,0.08898738909478934
0.02542731354621644,0.5708388529407527
0.023429433617779383,0.6741265184621357
0.03106386333956057,0.3131851280236331
0.0237287229135118,0.6585787608776154
0.0199713252604784,0.8430369147508012
0.019352447338540357,0.8689058169864394
0.014072861605511133,0.9917951434599732
0.023078599651267906,0.6923003891923418
0.019704101024572984,0.8544426524755362
0.025428922537719,0.5707569200309164
0.030994399178702725,0.31577596251622714
0.03001128391406832,0.3541296384770766
0.025714596548507718,0.5562655904432232
0.020363255821439386,0.8257131330743882
0.03199886749949077,0.2798114175068839
0.016926634205777558,0.9483363006129525
0.03326456217922369,0.23895778612459642
0.019357712029047347,0.8686940822933341
0.028400892559935054,0.42389665318611464
0.04114450865601105,0.07798756561391572
0.02812356402887517,0.43679431041553096
0.025708419250598608,0.5565777188290807
0.032995348143714354,0.24724198370681097
0.015429238024144476,0.9774683009783381
0.046914442572711545,0.02956840888731821
0.02678988927551923,0.5024599075780598
0.030038530872593283,0.353023853300186
0.01985905479964145,0.8478707713321542
0.02666289282164691,0.5090261732274813
0.03621173348862322,0.16160591617214842
0.019570694544286837,0.8600049133981357
0.033522156116899016,0.23123144525318232
0.022467299190608525,0.7237005498148629
0.0302695402828147,0.3437472706071583
0.02645880016003002,0.5191182827105699
0.024403630764552875,0.6235143611779246
0.025123442527286488,0.5863692849740061
0.03761714439730224,0.13255603893470289
0.03246854543312577,0.2640819332940233
0.026640307577782407,0.5101996059149856
0.03456731376312927,0.20183924748563045
0.012505222852240538,0.9983907521481102
0.022060999980893947,0.7442756909123405
0.02439359703530175,0.6240346843904251
0.023692986988827602,0.660436341140108
0.04090544549709341,0.08096337756354502
0.02399259883706062,0.6448600938740678
0.017999010733071863,0.917949348834131
0.03330406259040297,0.23776034953264855
0.030196463673472174,0.3466627295948259
0.029843809509882413,0.36098048115392756
0.029621943613094892,0.37019999820387467
0.030510704443022174,0.33425048263669627
0.03706764155039177,0.14336265086945077
0.0169510921194842,0.9477321357621754
0.04158510241508673,0.07274523671878169
0.018948973966723903,0.88467555466796
0.03083710397505035,0.32170033504014783
0.035250559594682596,0.18426085175073387
0.028511644637020994,0.41881874888222037
0.02608606726040208,0.5376052023075368
0.02726734259181912,0.47825988863862345
0.028362355162342312,0.4256733090827784
0.037741812547839204,0.13019911659938482
0.017732009317114383,0.9262519496841659
0.025719389452325214,0.556023452141958
0.019218041455692836,0.8742602249897633
0.03348939098616399,0.23220342675540764
0.0166242488784325,0.9554598066007176
0.041467002182954515,0.07412021606513532
0.034235049166418174,0.21084876516896325
0.02039906480462461,0.8240972660786339
0.023948138367429594,0.6471714224838978
0.029138392906250588,0.390864096205566
0.014378707690875125,0.9894173660454253
0.018005097121840064,0.9177545320116052
0.07068107889029684,0.00014274789359528713
0.03183546144240196,0.2854446035538706
0.03312063513038521,0.24335989182679857
0.03270439028778327,0.25643898210387306
0.03035004830823851,0.3405556976631342
0.033301585717634585,0.23783529962354363
0.02799071049550672,0.4430652841002011
0.018448325250334685,0.9029174403195184
0.03185011207958188,0.2849361307095159
0.03248562246124048,0.2635228265432408
0.030743055290528343,0.32528092704864625
0.021816887494081283,0.7564844710919247
0.030808854474197844,0.32277282101479643
0.017267084326557103,0.9395501192088099
0.022721542874117123,0.7106941132644293
0.030422705594486704,0.3376936501569131
0.03683850129407573,0.14807496273031065
0.025103343152357238,0.5874002641041527
0.0222136215063769,0.7365811016174018
0.02459992775890585,0.6133460494743876
0.025851113490267863,0.549382340651352
0.032195744566988704,0.27313497109900386
0.022439700024453224,0.7251069455873917
0.027654372652777592,0.459208771808106
0.02608059175916999,0.537878619213587
0.03751534207368046,0.13450637837136434
0.029656850838190585,0.36873856645108466
0.023529183725627956,0.6689475599704486
0.02474957503191494,0.6056110609717549
0.022189185891135055,0.7378159956811097
0.018961881088551347,0.8841854114723169
0.02381849919779222,0.6539114904493737
0.021149982315192606,0.7890858130588361
0.028979734859916395,0.39781535595785505
0.03626936617841403,0.1603217411120994
0.01862983420532549,0.8964804352645721
0.026184286250819144,0.5327094730807203
0.03493868111654552,0.19212872466357173
0.03754530100823028,0.13393000956504492
0.019007077821578844,0.8824614573450599
0.01903047172886796,0.8815644992224793
0.013938366102681204,0.9927051173239352
0.023740713118522105,0.6579554616165642
0.021128868061897482,0.7900971037817671
0.023468326550014185,0.67210767943333
0.01852078957084513,0.9003721744535058
0.02056763407103901,0.8164206257504109
0.020405882960622068,0.8237889986303784
0.030590072372149113,0.33116677480043355
0.027526611749663282,0.465441547131081
0.021620890917371793,0.7661885634018853
0.04174970814942208,0.07086498561281272
0.04124258442305451,0.0767937750944794
0.02498185884209725,0.5936405991100786
0.039894464849742794,0.0946280401203278
0.023559913440836466,0.6673513844598016
0.024733443995781368,0.6064440454138011
0.03926458536468208,0.10407933468318899
0.023385619884126616,0.6763999969638339
0.024279436671986288,0.6299579896569336
0.014381869011274306,0.989390438606272
0.027053054189988268,0.48902604183333054
0.024390431897329923,0.6241988304847422
0.02196516867135001,0.7490836646194521
0.017030977499818967,0.9457295991796806
0.024562302702646643,0.6152932662040866
0.031152937405341308,0.30988565220074127
0.01733191609575968,0.937785308178537
0.019886941072031816,0.846675694601266
0.04576115903237843,0.0362593680722656
0.027638351765695013,0.459987311520674
0.03270375484357685,0.2564593475575316
0.033303983474281096,0.23776274330456146
0.04189719014291815,0.06921558442853008
0.0315547331970395,0.2953183039933774
0.020483762752715684,0.8202543769584236
0.019453115015231615,0.8648314514388875
0.027686817465621516,0.4576347722938438
0.023462178816320067,0.6724268346637592
0.024201863441951854,0.6339859027363844
0.04644874133975441,0.032126754208855815
0.03007201399310866,0.35166834853134843
0.02385767569704239,0.651874643566087
0.021636573493299838,0.7654155679158675
0.023222212525521313,0.6848703314086599
0.02272996094173252,0.7102620271241707
0.032354286662028886,0.26784579546564813
0.02329715101901564,0.6809877218814396
0.02630311611854197,0.5268092081345415
0.024702720664563527,0.608031109831938
0.04992639859250533,0.016946349867537125
0.019594767420730352,0.8590079070486957
0.02554264030175568,0.5649748494136402
0.018199059998373096,0.9114182527799782
0.028005608948466376,0.4423590648280446
0.03450832916094759,0.20341629485317966
0.015093126887749109,0.9819835553438435
0.02937791916811458,0.38053016559678216
0.026119308339753844,0.5359464261445009
0.021999983351936037,0.7473391568609996
0.029097579487632558,0.3926441496348993
0.039396180097285904,0.10204247134869997
0.027199672710361222,0.48164294908358557
0.029156167066784366,0.39009063867501115
0.027714573002992515,0.4562910969944991
0.02876310390433351,0.4074436398756969
0.021358727620938864,0.7790140842847901
0.023813512953968996,0.6541707295989834
0.014850465864910872,0.9848247017295719
0.021678057375759008,0.7633678418555019
0.02736253146565404,0.4735272808389655
0.025766441315893784,0.5536482085163492
0.030719659304419333,0.326176119977665
0.04124183870151216,0.07680279342165558
0.031907617813133615,0.28294681255008747
0.02647380077859457,0.5183796573372372
0.02424127256931985,0.6319393573970389
0.016483694833037937,0.9585533808604422
0.048965735327110904,0.020314855355372304
0.023548308518129613,0.6679542068948133
0.031530677390864126,0.2961759804833739
0.017597217136435195,0.9302603147664139
0.023138439348648787,0.6892063181807763
0.021851763129450252,0.7547482000626806
0.034525816970592205,0.2029477298442564
0.02351420790186226,0.6697253291854127
0.04492604796970601,0.04189841169244693
0.02124863109447095,0.7843425076950843
0.018878071043695877,0.887350683324639
0.028582062267057062,0.41561174681264407
0.017133625102846467,0.9430909056974616
0.03602632916902526,0.1657930757883433
0.021275941543031696,0.7830240939901003
0.04469835967721597,0.04356254707418279
0.024220194539901152,0.6330338903958743
0.016342074639038584,0.9615315313800014
0.02549775429808862,0.5672550506766763
0.04485658624967048,0.04240013005302831
0.03770358971873777,0.13091807469546002
0.024643430501903207,0.6110958180954409
0.02325177062170558,0.6833393202652616
0.04679038032066607,0.030231781653845605
0.03830743479967058,0.11993203097895559
0.023877888849008877,0.6508237244644222
0.03224739469513038,0.27140333256999294
0.03581606865671899,0.17064600065880023
0.05448821371581258,0.006828512871469647
0.021540506865920572,0.7701407649098535
0.024150527101287983,0.6366525691413828
0.035381358505679694,0.1810378648021318
0.020960513500087652,0.7981089400204658
0.021055566027029474,0.7935969126581413
0.021281458001376596,0.7827575152464871
0.03889747520092801,0.10994074674096858
0.02843166229078503,0.42248171540951535
0.013967313951683935,0.9925159274945863
0.018868195993539283,0.8877209174972429
0.02678944632742608,0.5024827156262877
0.027142514492913605,0.484512556997595
0.032919886636876505,0.24960282999846717
0.04042250632628708,0.08726784306274282
0.017333991610847088,0.9377283272740946
0.032926183724996894,0.24940517034215318
0.01901572575555205,0.8821302496422585
0.022564523625633714,0.7187372353799024
0.023259457889481,0.6829410554766242
0.030531046986450816,0.33345814267207924
0.024292223858029982,0.6292942404234082
0.01454531681487907,0.9879294726887179
0.032022925097098365,0.2789891149896436
0.03852063993274213,0.11623888700057311
0.028664670943665704,0.41187091966243233
0.027368081852131576,0.47325227261002895
0.027010054383979715,0.4912051020075865
0.025904018243478655,0.546722634248801
0.037463544671844956,0.13550765487030947
0.024756034211979583,0.6052775750328018
0.045928721111228255,0.03521155407159823
0.035504631999833,0.17804131945507692
0.032315751209656796,0.26912425847838306
0.027470819342179764,0.46818071561819397
0.016296385033037097,0.9624627406798778
0.019549597152450054,0.8608762352360706
0.017811654156748596,0.923825499286987
0.02549175612417609,0.5675599628892805
0.03302322417743478,0.2463741789274585
0.016808268849090785,0.951200970238228
0.02818934740558232,0.43371134974496356
0.01841944559075337,0.9039226218244325
0.02494168939394492,0.5957072140950084
0.01729173054585542,0.93888265785619
0.02537904812693781,0.5732981635098513
0.04064323968907735,0.0843368878326406
0.04224299673790011,0.06547587233776372
0.047297167842279775,0.027602066177287214
0.028689832387894465,0.41073610177413744
0.019953807689502612,0.843795054744673
0.0311755112321066,0.30905352790454993
0.028803654481900587,0.4056292943639774
0.01703549681348815,0.9456149753693152
0.017742234850532668,0.9259428228147379
0.02642841585811717,0.5206157128753233
0.030616868652026952,0.33013030119443765
0.017823539924231913,0.9234597137860363
0.043879995214499645,0.05002696224269119
0.026941895806633587,0.4946718935483765
0.04323369567699653,0.0557028821781997
0.020703972936983117,0.8101303124999377
0.029026264086310316,0.3957679910704935
0.02801031581995328,0.44213610531505365
0.03395662189161308,0.2186366748160527
0.022340860280286645,0.7301338329544744
0.02701729980790657,0.49083749531871906
0.022916955836451702,0.7006432249634444
0.0485223827318243,0.022061572613793892
0.044502074100008726,0.04504298065018183
0.027362742551010844,0.47351682016206326
0.026218724932847215,0.5309968809028391
0.034288314729665315,0.20938375216169292
0.02139085855552003,0.7774523603420065
0.023759188369577244,0.6569950108783146
0.021362347362495024,0.7788382946310652
0.021790562140999725,0.7577932208766481
0.023256311030752375,0.683104093485867
0.04132476976317373,0.07580535092408663
0.019741015163564468,0.852887752220416
0.027410905989169843,0.4711339473653655
0.0213303533848499,0.7803907423233661
0.029717716433655617,0.3662000837713619
0.02941755012067787,0.3788389269350148
0.017276304761289052,0.9393009090079252
0.04276860398964133,0.06012256412233346
0.03936599666144397,0.10250670549240938
0.044229292946831644,0.04717277439957234
0.022315865961478498,0.7314025030510467
0.029491529520872417,0.3756959596370331
0.04035951784970121,0.08811975055470199
0.022383957914812125,0.727943851347
0.024920022352660776,0.5968225596245178
0.02679056589229467,0.5024250688608621
0.04327581143887585,0.055316826429680485
0.043693649655152544,0.05160980973114695
0.02046332738080392,0.8211842286369702
0.019157569959808024,0.8766367432003986
0.03446273908803188,0.2046417994256304
0.013339405248723735,0.9958738765383898
0.026967294397397118,0.4933781974568617
0.02525624928516046,0.5795682895887042
0.02053348753564921,0.8179848190327937
0.03649521086019647,0.15536811432130662
0.03638600752512011,0.15774777030668383
0.03109233963208735,0.3121275329660215
0.022534246048134254,0.7202843669012879
0.03025652160619574,0.34426537377546756
0.020904166810586933,0.8007692354766422
0.024295913587102203,0.6291027283246302
0.05300820827033209,0.00925066454881785
0.020822857627135316,0.8045886114452476
0.024800791018517343,0.6029677110846665
0.04659916507712164,0.031279899772736874
0.022817699628694954,0.7057536124541457
0.027335136412005828,0.47488616724759847
0.028675448172069018,0.4113845888310825
0.02024921982935901,0.8308230768877235
0.026097259572851382,0.5370464783393729
0.024169403810178403,0.6356719288040559
0.04584770230604096,0.03571482921433668
0.03610149455292211,0.1640852132276589
0.027055749021029363,0.48888968631955226
0.04085846523167358,0.081559307890275
0.018758115388094354,0.8918087927937777
0.01873371507304744,0.8927050743088674
0.03344633005586606,0.23348559999725713
0.02163776977831333,0.7653565773647995
0.03055129259576106,0.33267092319848585
0.02959436126089876,0.3713576437010474
0.048438411508632095,0.022407049128372904
0.04512211812599476,0.04050999036427239
0.033679137981257934,0.22661786365777692
0.01934314669636983,0.8692795034293266
0.02148232198111308,0.7729908742451221
0.03034548850575411,0.3407358917203414
0.03492425783564035,0.19249888183625558
0.02664758401195244,0.509821366429245
0.02204073354464614,0.7452940467141962
0.021076182010252742,0.7926143568816372
0.019911746375708805,0.8456095388528204
0.027191337416265227,0.4820607316498734
0.022397692320162754,0.7272453151883791
0.02963605465450425,0.3696087330779372
0.03621677353094632,0.16149328585238076
0.01926991294979452,0.8722055152425575
0.019167185740801784,0.8762602109149479
0.018243987404637563,0.9099155425979066
0.024399486493083544,0.6237292663503597
0.03261642828268474,0.25926974143217624
0.02509288373245172,0.5879369404888606
0.03804321211436679,0.12464219724536363
0.03016828605342231,0.34779160867307496
0.027931154869120234,0.44589587104798195
0.03332963489244911,0.23698758852328153
0.03360847123250921,0.22868585784301843
0.03679338703143978,0.14901732904424392
0.025949726447962784,0.5444283299466988
0.03792460936593689,0.1268052371435978
0.05746021753120911,0.003619131032933811
0.026438253972107695,0.5201306684126248
0.02171436084427425,0.7615723360138609
0.02349248302809881,0.6708534715514556
0.025883706241801918,0.5477432641213495
0.032309191925513736,0.2693423265339143
0.02592551418054867,0.5456432342813657
0.020994983178432847,0.7964761936852123
0.02126306507757192,0.7836459854457258
0.03716634186598183,0.14137064731218643
0.01913314609852479,0.8775907913164595
0.023625577786714258,0.6639397112613028
0.02262594530788442,0.7155948147823223
0.02383352216257245,0.6531304276527037
0.024370359265007635,0.6252399221684546
0.015188312924647285,0.9807746944392707
0.030471020046027586,0.33580008733254874
0.022209469488968292,0.7367910072833099
0.026063685567404682,0.5387231453747682
0.0202276725551076,0.8317823665499218
0.023733027367088377,0.6583550000620433
0.020918112640347875,0.8001118278236848
0.03916062102487031,0.10571230727640313
0.02515501277825183,0.5847507976668804
0.02133200405080972,0.7803107195578342
0.026991565547103025,0.49214396183041115
0.019103624836753097,0.8787394635540839
0.0384086507303365,0.11816690998170336
0.02162687418246889,0.7658937213641477
0.0197070533258914,0.854318544640174
0.03331648979212573,0.23738457555227085
0.030483620082446206,0.33530751929274155
0.024988208867682465,0.5933140484965886
0.017810935143216633,0.9238475964374837
0.029836628791612807,0.3612763046711531
0.016050586856014737,0.9672266284686837
0.02955573401310907,0.3729831222190446
0.020793378904478077,0.8059675298010055
0.016267599541181704,0.9630420359425916
0.0525585088525799,0.010127818907251477
0.03451818778969068,0.20315204085153446
0.023878167213651103,0.6508092517987116
0.041302568411824225,0.07607129328855489
0.04551365410147368,0.03785699084350075
0.01916459648503116,0.876361651327192
0.03531860349498889,0.18257858384499315
0.017599940273692244,0.9301805637259667
0.032894770957673014,0.250392371284591
0.02068362126869816,0.8110737646464765
0.018426145876569433,0.9036898816575171
0.023516446203453945,0.669609087863071
0.0329724940006354,0.2479551856518613
0.015886484643794718,0.9701789550364965
0.01959544091217688,0.8589799708909212
0.03876262625944238,0.11216127458914231
0.026773998981018565,0.5032785352611288
0.02537830610518882,0.573335995505263
0.022209227363887973,0.7368032469778528
0.020412574569515285,0.823486266826773
0.04551687776094848,0.037835793294566565
0.03058823693659274,0.3312378548591682
0.016087283774696703,0.9665415649739323
0.03406030486352041,0.2157109275080664
0.040294926828433886,0.08900057304387964
0.03946086211323574,0.10105352196471551
0.0231296947490644,0.6896586376962899
0.03256567318483761,0.26091382300170707
0.01733385397853926,0.9377321067383616
0.012799033956883976,0.9977079876611945
0.04593251731588266,0.03518812582423757
0.02601545637708863,0.5411350252176961
0.02462786317316823,0.6119009081167193
0.026333340670153138,0.5253125549610917
0.020868584773543475,0.8024435110232873
0.020736190772683627,0.8086336216957737
0.024925916514406565,0.5965191050666669
0.014454829143346282,0.9887550821513568
0.021608253598238564,0.7668110026173448
0.0258326842919282,0.5503098769227641
0.021394707653905498,0.7772650774610539
0.02382878988353543,0.6533764655996733
0.024759148289901334,0.6051168077169012
0.026974323772452458,0.4930205354762746
0.01695748591670654,0.9475735038473867
0.022605622557117233,0.7166351193199747
0.021925968169048682,0.7510448705671163
0.02770542311472446,0.456733764256614
0.02068686087556515,0.8109236884130596
0.026079970240627748,0.5379096577216427
0.03288875746414288,0.2505816936588237
0.023849038241940512,0.6523237207851345
0.027758884808494866,0.45415132953555903
0.026271240571623333,0.5283894268008088
0.018013541658028487,0.9174838275003212
0.01866571203159617,0.8951839583174028
0.014566708440204912,0.9877281003552373
0.018355170569888613,0.9061408118095439
0.038841244265604646,0.11086222775634709
0.018752051936345215,0.8920318529670093
0.021238858104954406,0.7848137530228995
0.01881456719344428,0.8897214695476336
0.030818340544422007,0.3224123954919035
0.027027367397261193,0.4903269962967894
0.01877618416725052,0.8911427731800132
0.02805583873269557,0.43998361091910504
0.025041783819084507,0.5905605351783125
0.03239553503875825,0.2664823884127651
0.024098403897078402,0.6393608397052615
0.02398049007656522,0.6454895607616002
0.030425180617943137,0.33759646174001723
0.018258213839754817,0.9094369815221518
0.024630370175868777,0.6117712430160477
0.017357386970456412,0.9370839662920261
0.017687264472651898,0.9275962730857793
0.026335788037775476,0.525191440364994
0.025283214554578604,0.5781898776708875
0.024750476767541718,0.6055645025984788
0.03052399149653151,0.3337327998048544
0.022110691587064635,0.7417753214164289
0.038024412041291145,0.12498303628039834
0.02648253603106543,0.5179497355176879
0.021629898371379297,0.765744661453613
0.02714616074237375,0.48432916856840785
0.021038373197778626,0.7944152580842384
0.021385941541238906,0.7776915428495623
0.026407027392908233,0.5216708525445928
0.021942597800540975,0.7502132894480394
0.05185498021913937,0.011651825228792472
0.0361547046398642,0.16288473445065385
0.024980675071731268,0.5937014789318147
0.022619440558612147,0.7159278471370394
0.025448635196074154,0.5697533868150076
0.03319996613907539,0.24092591187707413
0.019365674506629127,0.8683735644711496
0.023644444358431105,0.6629592769519289
0.022216148060976715,0.73645335612963
0.024817306241997933,0.6021157882765162
0.02192199085052149,0.7512436719211414
0.025446411201732633,0.5698665807189438
0.02172945585305186,0.760824818282477
0.022593290100693997,0.7172661378553682
0.02240897887024995,0.7266710535322084
0.024722206219246978,0.6070244678598258
0.017084185380147943,0.9443710183816065
0.03601999969359826,0.1659375363378281
0.01759901082586801,0.9302077896677596
0.022336966299529137,0.7303315533995027
0.0344389064902797,0.20528473196389183
0.030543151588547035,0.33298731254153635
0.024342753468413303,0.6266720370566978
0.029542484625904697,0.3735418204304546
0.045939822533691554,0.03514308015229589
0.023902941700285285,0.6495211901559329
0.01622572571968403,0.9638745550251138
0.03862772467343656,0.1144196193742351
0.015900324486037398,0.9699369411338021
0.025338494382845522,0.575366806252557
0.025401589064279306,0.5721492452176342
0.020722951196645495,0.8092491364489253
0.03705712890666102,0.1435761540592273
0.019608534638158703,0.8584363876032128
0.04231258274659688,0.06474455430173327
0.020719433254654973,0.8094125783463736
0.054967676785625974,0.006177814904072508
0.023762794788815933,0.65680752411494
0.032302060781442155,0.2695795568963879
0.022804113921439884,0.7064522805847828
0.01970391677635419,0.8544503963984864
0.022870438833465123,0.7030395145744599
0.024973984902475044,0.5940455713980137
0.0380121361533296,0.12520600594896134
0.034796493083267266,0.19580234755798046
0.041969381845260445,0.06842019584747219
0.015608730700054307,0.9747684305646012
0.03159882738805464,0.29375095112178073
0.0340682567642,0.2154877984190121
0.025862902968774748,0.5487892588906353
0.032549266055300674,0.2614469685595446
0.025016118056343656,0.5918792844510494
0.03555866619653281,0.17674031223015543
0.020271577672805324,0.829825584073469
0.028461803701451682,0.4210987799794152
0.05131995760114316,0.012946194178139317
0.033905315139342695,0.22009577298638372
0.030176188543001747,0.34747474697205366
0.02081361708269916,0.8050211897152411
0.02923622924911229,0.38661983683980533
0.025660588339469548,0.5589964334778228
0.024525447335407624,0.617201517319906
0.021579702055294525,0.768215771602709
0.024752175767078333,0.6054767816710496
0.01934563892150054,0.869179415244623
0.017643995859046968,0.9288832816776512
0.024319056906753317,0.6279016216110072
0.04098447804330102,0.07996916498644681
0.021196555418345975,0.786850194135255
0.020418256042548544,0.8232290898197618
0.023881343645992703,0.6506441036050694
0.023489663967827812,0.6709998489145872
0.01607370428356758,0.9667961335995786
0.031617225868090015,0.29309878790013333
0.03187443668417672,0.28409339522478344
0.028781194651157693,0.40663352329940444
0.03174241387549803,0.28868970837974556
0.022490275222616818,0.7225288643408836
0.029491406113342167,0.37570118726646046
0.017630073562950738,0.9292946784814491
0.022318863419791696,0.7312504122162795
0.017783266235015083,0.924695283039202
0.027414664347147122,0.47094833404675607
0.044258271709568586,0.04694244899957098
0.0323141398086072,0.2691778183675261
0.018373049205987813,0.9055264385736268
0.0280698455425219,0.4393227303044588
0.038243274465504906,0.12106211793312432
0.033496590070393906,0.23198959665995922
0.028753389907026472,0.40787909590228233
0.022943966869668764,0.6992507847131706
0.030886266203697055,0.3198400770578925
0.026017189666745044,0.5410482780077529
0.0162168900490946,0.9640486844206632
0.02707165188340066,0.4880855181852765
0.02556715850511454,0.5637304918344548
0.01676852359733566,0.9521408719880143
0.031819331883424506,0.28600518401425484
0.03445814099047251,0.20476571990036532
0.019148060647766807,0.8770085960623208
0.035974530387160475,0.16697826170305843
0.031414698997998286,0.30033683522010973
0.024267694095735926,0.6305675717972166
0.035012692706411275,0.19023809947549095
0.0241889021742398,0.6346591016129255
0.03538350276780711,0.18098540273083874
0.02670474957019514,0.5068560070224571
0.019387833529368792,0.8674797911761419
0.02603401689539142,0.5402063745934453
0.04722490488120212,0.02796424170957315
0.03367352893815745,0.22678147883241623
0.03788520152863617,0.12753071004033742
0.019488750212684036,0.8633762837936093
0.025392561984299622,0.5726092808243918
0.032059839881283025,0.2777308538135306
0.023787628700117303,0.6555164530818556
0.03328179580701485,0.23843479096338108
0.0276478604070019,0.45952513133474354
0.021573477793862428,0.7685217323176949
0.029108636486604444,0.3921613513819637
0.022253216382743357,0.7345778249802051
0.02086740042240598,0.8024991632218949
0.021102206038346727,0.7913720857942594
0.0159485993534092,0.9690827446880068
0.03090108317230489,0.31928095201506584
0.016284640805021913,0.962699776998307
0.026375228684407392,0.5232411459027888
0.03578385851927912,0.17139932551942638
0.01833290765760398,0.9069029951484897
0.02988811466977609,0.35915903708944824
0.02038157600241164,0.8248871056229938
0.021039372074281637,0.7943677400788186
0.021252378321027665,0.7841617429470834
0.02041701808301266,0.8232851384519343
0.058937350283508216,0.002606879181158757
0.033533190855811856,0.2309048028053344
0.02054367523505629,0.8175186178499755
0.02009296632071156,0.8377333451899056
0.017192091774977603,0.9415550265985968
0.02632166094881,0.5258907097758234
0.043294151441930606,0.05514943299353212
0.030315953303580723,0.3419047187182327
0.0312704608188783,0.30557137263589457
0.038641011106920864,0.11419554264331197
0.020026256697215583,0.8406503018232814
0.027572097430192566,0.46321620011952425
0.026503825566066563,0.5169025472865213
0.023413056528181708,0.6749764215648477
0.01880854216881478,0.8899451559844712
0.02202035004820757,0.7463174478191548
0.02847953496552247,0.42028667895176397
0.02409057489385047,0.6397676826396408
0.013202519278979613,0.9964193959864949
0.0319137980607731,0.28273363342018737
0.028602459010456327,0.41468596033011385
0.036542152654779114,0.1543541138265024
0.036406024114605806,0.15730941036740825
0.0399549586667981,0.09375934508084369
0.025273597679450588,0.5786813748209605
0.04494954491423081,0.04172986820340816
0.017072857397033236,0.9446619204247416
0.03175252759971409,0.28833566497033797
0.04021822580067824,0.09005612319301791
0.02322427541705946,0.6847634986416511
0.039683037654885345,0.09771716449966573
0.03466590851821105,0.19922452216521383
0.0355898233871067,0.17599356263417842
0.03205233813438846,0.2779862114793243
0.030234540422532152,0.3451414250167908
0.02809100653894836,0.4383255570187341
0.015414454111134124,0.977681565333343
0.025608018082759476,0.5616586286482598
0.025261641785178257,0.5792925668434147
0.06068934215349753,0.0017475745270953188
0.03576368459979873,0.17187249667155874
0.043300650597448476,0.05509021840422731
0.026710662464356494,0.5065499131542286
0.018638442693776458,0.8961700789623758
0.022859684428375188,0.7035932042950084
0.024606880447450297,0.6129863272151088
0.019645423409068385,0.8569002639121936
0.03962527393540788,0.09857562447514673
0.02855383034129788,0.41689548668678755
0.025385962411857088,0.5729456719216637
0.025282603249888458,0.5782211168222431
0.03774842532328904,0.13007506043326197
0.026697016370766408,0.5072565103431473
0.045653691661292184,0.036945666383067295
0.0192765313340596,0.8719422851232691
0.015816661283649655,0.9713804940039402
0.032338312760367804,0.26837519547845023
0.04035741414356142,0.08814832287616252
0.030227985869390572,0.3454029624569986
0.03181377306199973,0.2861985693841433
0.026376682175505428,0.5231693278092007
0.029720103099313167,0.36610079636488185
0.03226564104020724,0.270793570677915
0.020425792966487832,0.822887720121334
0.022740723404531038,0.7097094833114461
0.01637651566026277,0.9608200522517574
0.016730382424947718,0.9530324405622501
0.03458882963198906,0.20126637155651023
0.019811508086213625,0.849899782221711
0.03307156264191208,0.24487485916557458
0.02042677442190255,0.8228432499904985
0.025655233024114543,0.5592674488520308
0.02879835333670011,0.405866166721693
0.027758385109093342,0.45417542233825814
0.017108749236954712,0.9437371370727979
0.03646403367831941,0.15604453517714617
0.022935584966939926,0.6996829541288673
0.03365756665455688,0.22724759475031914
0.029073038504800364,0.3937171897939496
0.030432208382480286,0.3373206073638508
0.02865477497209934,0.4123178290007759
0.031400380064761646,0.3008535127385176
0.023429467249468816,0.6741247729957479
0.034247665810136996,0.21050103935136086
0.033254676034616515,0.23925820014278784
0.01838258123728853,0.9051980529722397
0.024374750147557966,0.6250121673112219
0.029614252147489695,0.370522557439011
0.02543633105860099,0.5703797073238723
0.03076897855601457,0.3242911140865756
0.04551320720521085,0.03785993028086118
0.03263773843829876,0.25858178977850155
0.032278589461588736,0.27036147989561177
0.020363368478097277,0.8257080578329014
0.01418030508997048,0.9910100092534808
0.023024343309909434,0.6951032750820134
0.02121160182621995,0.786126492258457
0.037797145430544354,0.12916404101884554
0.020349234958744855,0.8263443668117048
0.027805542087314783,0.45190549880178177
0.029448080137709276,0.3775396572733406
0.03861274128996861,0.11467275040010837
0.01601994662347378,0.967791637691884
0.033764722564353145,0.22413263434782763
0.033381738068712585,0.2354190503724685
0.026954674555757396,0.4940207264949986
0.023616935447920318,0.6643887982342577
0.02602063926242265,0.5408756485065813
0.016195638672196977,0.9644653055728786
0.02209505843329823,0.7425624683495067
0.03706899202505831,0.14333524248633997
0.023951722389880303,0.646985095790064
0.031997467339921426,0.27985933135613694
0.01944584662878618,0.865127434943452
0.014661445942436457,0.9868072563415771
0.021197539661569786,0.7868028753572072
0.017723324177632782,0.9265139518395237
0.03738707196401814,0.13699700466177497
0.02199003926634302,0.7478376972908293
0.01603500714494116,0.9675147134879839
0.031603787542832884,0.29357502507590333
0.024289363358983684,0.6294427158162315
0.017270504048319202,0.9394577598847733
0.03062306393451042,0.32989100299301616
0.01687816432341005,0.9495212324913377
0.022412731917687334,0.7264800533318562
0.03523148192895198,0.18473470590285773
0.038217936820048704,0.12151080507179533
0.030835906020509923,0.321745762508946
0.018836813696447186,0.8888936665770723
0.014581241042702198,0.9875899288683367
0.02814968782639138,0.43556825304781155
0.02763096679228652,0.46034647947943513
0.03339278570188048,0.23508749160988027
0.022531636571367697,0.7204176459338268
0.02434757924092712,0.626421663982955
0.02265920518654152,0.7138910994613195
0.045756796663308896,0.03628700786515882
0.043321841072627265,0.05489752933311549
0.03834535046765997,0.11926829077390409
0.016762303847141724,0.9522869566281963
0.0251802829432054,0.5834560803702258
0.026264873812953393,0.5287052779009285
0.023958670580333408,0.6466238754168958
0.029416738568891765,0.37887350685682736
0.03317343591864996,0.24173781683809442
0.018698092990142634,0.8940070939069212
0.03744837894355513,0.13580196368944833
0.021521943152691514,0.7710510696058881
0.04100704510769276,0.07968717562925433
0.04281021502439897,0.05971525742608487
0.01891361358360466,0.886013369496518
0.024210494874797872,0.6335376218546477
0.019580316871081305,0.859606750309192
0.024371101494638725,0.6252014221193372
0.04557663109687948,0.037444751859651355
0.030436757547277926,0.33714212960194223
0.024832920467569963,0.6013105535101448
0.01823343651424081,0.910269618036905
0.03407910542129544,0.2151836754846923
0.025530354734876637,0.5655986820270327
0.01943906069192053,0.8654035198289234
0.02105735798389821,0.7935115631973924
0.0204251425884171,0.8229171868387638
0.02127631190516291,0.7830061993603696
0.020625950437133445,0.8137387557342495
0.020774434862045554,0.8068520153817443
0.014146190772745704,0.9912650339985737
0.03879771418478822,0.11157995242004204
0.033833484403453906,0.2221511825424075
0.0313072621817517,0.3042294984290675
0.03280604736476561,0.25319668616707464
0.02125105967927557,0.784225358546923
0.026600620266349517,0.5122657385880747
0.03333273947998122,0.23689390302003224
0.02998942469384258,0.3550185475068872
0.022049878663980282,0.7448346212817185
0.03222342221475427,0.272206015610917
0.026985178851593516,0.49246854514533317
0.03512181203062903,0.18747740177885486
0.0280640903991356,0.4395941935975232
0.023589215326708324,0.6658291105043499
0.01608925295987107,0.9665045455923661
0.022167974692538617,0.738887049435949
0.028476439082157246,0.420428395290493
0.040887921010618555,0.08118523921866898
0.03823959494117052,0.12112719152446876
0.020729576828660834,0.8089411883470742
0.027750903697837392,0.45453623677577876
0.027035616845799915,0.4899089451045524
0.024648404830177106,0.6108385981383531
0.01969311951027064,0.8549039078092697
0.02058306074488625,0.8157124606130837
0.021641688398149006,0.765163319244796
0.034070952609053906,0.21541219406886203
0.016385681038741995,0.9606293325889772
0.02841961109759572,0.4230355042237897
0.02456810288890865,0.6149930285667844
0.02099864497770812,0.7963025081145624
0.05981844367372591,0.002135054878305061
0.03598741779530695,0.166682760058535
0.017076331653032573,0.944572797127973
0.026123284353832543,0.5357481449861194
0.0411206753192499,0.07828002686527037
0.029326283410539222,0.382741607560522
0.018358280167738994,0.9060341012803985
0.02601978687028428,0.5409183032593305
0.032020385797319306,0.2790758245250661
0.030426040075149374,0.33756271755708195
0.04757754791068736,0.026235742079844578
0.04193698779556054,0.06877613669511586
0.015193046082417672,0.9807131633489528
0.026508008325092147,0.5166969090215986
0.020806757821122734,0.8053420948539285
0.024586450385878367,0.6140434408202203
0.0302541811089847,0.3443585775808927
0.019647874813805588,0.85679793789263
0.03879939226437612,0.11155221321187994
0.022506573790183837,0.721697229219187
0.017934819388822243,0.9199890355747732
0.02257847219382081,0.7180240572037384
0.036760837682025316,0.14970023607511426
0.04530289766048079,0.03926555260977768
0.0212315627881281,0.7851653381436785
0.034630256251198685,0.200166939332069
0.02985608874213297,0.36047501188016884
0.0396187473109787,0.09867301456948942
0.028691631570636145,0.41065503800928155
0.03862992050037356,0.11438256157922197
0.02715161286729406,0.48405503730588156
0.027285838526304174,0.47733790606262144
0.03519256163253737,0.1857043991886664
0.031003732619757612,0.3154269433430148
0.02780507842659019,0.45192778061814715
0.022634380192895653,0.7151628796820214
0.029603682388227526,0.3709661468797111
0.027588538032797594,0.46241358337531047
0.031074682090330263,0.31278301731264563
0.03494810295824746,0.19188722617050835
0.023056291043184407,0.6934531508521724
0.018294601524816212,0.9082070060012619
0.027421430513446254,0.47061429524965476
0.028442435626935714,0.4219870644260101
0.02892036515554791,0.40043832203255636
0.04322555909325554,0.05577773301641706
0.03695677162442135,0.14562731874178733
0.02736411608009648,0.4734487563869414
0.041624365864019186,0.07229293552296318
0.023840795123595715,0.6527522948652162
0.023932077036633026,0.6480064337661539
0.017201333402181995,0.9413100718066518
0.024077203098987532,0.6404625933502137
0.022483250446906577,0.7228871831351177
0.0346594255947546,0.19939563013312048
0.04013502331474195,0.09121299568774102
0.035109806777085806,0.187779576927912
0.03345666775275907,0.23317729261676837
0.041437222761396386,0.07447038155144221
0.021057248954875596,0.7935167564619244
0.02635207141335194,0.5243858958329148
0.01906296790094708,0.8803133302272566
0.017704714776871133,0.9270736114416163
0.032241926011535416,0.27158628698424214
0.025268770021440456,0.5789281470798023
0.023539523169165022,0.6684105376783581
0.017882781441613815,0.9216223746285188
0.0236530803726005,0.6625104656353833
0.02872100851094017,0.40933298214549857
0.02388660473673465,0.650370570861123
0.026796555461401528,0.502116735629276
0.026269736953902667,0.5284640137535899
0.027251147217447813,0.47906814366723877
0.019371702922462375,0.8681306724524989
0.022781652485475534,0.7076069460755884
0.044892359927890424,0.04214108957724217
0.027519257191101182,0.46580202095154616
0.04456314304516784,0.04457777195750578
0.01686447533993063,0.9498529031518634
0.020636809084231822,0.813237939257679
0.02432067176245928,0.6278178211258814
0.020275904883789275,0.8296322782309374
0.022443686217146208,0.7249038892841397
0.03818738940886035,0.12205356338559054
0.020274375575713044,0.8297006048782395
0.03283162150103258,0.2523859252978109
0.02019973982411405,0.8330229373509082
0.026299423416288215,0.5269921775694189
0.018390077482601297,0.9049393962102479
0.03253378714407351,0.2619507046287066
0.03988445581582023,0.09477241718852432
0.03677126602220193,0.1494811681437902
0.02364825870628562,0.6627610482536455
0.02612040247391534,0.535891859680063
0.03157262717298759,0.2946815095681136
0.046778889342707075,0.03029388314738364
0.024883821713821426,0.5986870067270054
0.03149941447705107,0.2972933616504788
0.021960683931106506,0.749308202635574
0.03479103131378669,0.19594455160916735
0.04957917885875568,0.018101358673941307
0.030011445147946958,0.35412308775763157
0.03141777192779338,0.3002260382743198
0.019846282214137423,0.8484169006450487
0.037869269288064444,0.12782497471279086
0.040754154056090175,0.08289570112359589
0.04172507551513671,0.07114370199512826
0.03844270603489974,0.11757784306723908
0.041462081358813796,0.07417798177364289
0.041735733702804034,0.07102299126354111
0.029010191193292845,0.3964744007183757
0.025359329251022356,0.5743037656515493
0.0331296174492649,0.24308336478592735
0.028486773607991678,0.4199554514191586
0.016698518651191402,0.9537694666087203
0.02605577420157512,0.5391185137791148
0.03526644353928282,0.18386705689154975
0.02483776455646025,0.6010607831494259
0.026338948107416327,0.5250350721641115
0.02043638349500987,0.8224076514004668
0.028538803814928793,0.41757986100130035
0.050095200583311794,0.016409036048622073
0.012640429764686711,0.9981002641103317
0.026433542415678704,0.5203629373806089
0.01383763475124522,0.9933357755853806
0.038073069477675636,0.1241024593604285
0.027149744749231153,0.4841489544265899
0.026469283661803567,0.5186020332284291
0.02688434909759385,0.49761112565470794
0.018898785531073492,0.886572189353372
0.022586654966442465,0.7176055545850606
0.02736551936490461,0.47337922469490396
0.02674157549493375,0.5049515465951117
0.0333707096993352,0.23575038819965558
0.015208826086086646,0.9805070441530715
0.027273856867918722,0.4779350339344718
0.026378241230986088,0.5230922980920687
0.02209340845925123,0.742645518641037
0.022148795293525286,0.7398547864617053
0.022969535658435347,0.6979320503631763
0.020578706342843367,0.8159124443273482
0.029986161664784294,0.3551513750469273
0.04029704496803793,0.08897157140885212
0.034677049345239075,0.1989307437483251
0.03685400385107107,0.14775225202560702
0.025002077925982746,0.5926009678457875
0.03797168595269462,0.12594301932765756
0.026428362827710883,0.5206183279096208
0.020754295973275827,0.8077908560383803
0.029281283071155184,0.38467616634455326
0.03142134083232506,0.3000973963325627
0.043562773024566626,0.05274717059212156
0.02609873676076907,0.5369727526660502
0.023132488523977313,0.689514134270522
0.04207847052801972,0.06723306198303124
0.02752638203658575,0.4654528034362943
0.0292745520892157,0.38496611494148636
0.03247253786169857,0.2639511401242193
0.02665999539490127,0.5091766153201289
0.019313160853918543,0.8704811017372021
0.030331468887817348,0.3412903466826015
0.022077956294784706,0.7434230334939711
0.020132147976951398,0.8360107022317737
0.02184512612564085,0.7550788338175771
0.022177143214317185,0.738424189608291
0.028908865786136717,0.400947740970205
0.0253991689323948,0.5722725691481023
0.02991960106292557,0.35786855476403323
0.035012959254850706,0.1902313170652559
0.019195634935671835,0.8751431751250107
0.02409119255323583,0.6397355847897584
0.029171764216057938,0.3894127910948837
0.03478740508179612,0.19603900987907022
0.022885088588027735,0.702285080137213
0.033612897700372596,0.2285558967908929
0.02760965544075175,0.46138399303911304
0.021580896137349703,0.7681570636121922
0.02316352857640369,0.6879082508435916
0.027779070818174004,0.4531787773692844
0.027546866912008028,0.4644497150979777
0.01756815830888736,0.9311081803987376
0.02846431613834799,0.4209836443353465
0.030549083979385383,0.3327567366812096
0.025681358558817702,0.5579457131751601
0.04370769890013115,0.05148898459027208
0.02535359617721611,0.5745962259616362
0.019808952821185166,0.8500085159560117
0.024825783185435407,0.6016786017011322
0.03335128901808537,0.23633473398838456
0.029855874529492343,0.3604838255536084
0.021711750571444532,0.7617015429864753
0.023866400943106103,0.651421001638834
0.01670887425123868,0.9535307151984269
0.016529646868513992,0.9575571275528454
0.02859030488931591,0.415237453473317
0.01969926170823677,0.8546459919624372
0.030600789850938948,0.33075194381640477
0.016881210111108214,0.9494472574862858
0.028083714977471697,0.4386689870418691
0.020150506767504517,0.8352011874218519
0.02556927218915228,0.5636232562221635
0.02380832199974703,0.6544406105847507
0.025729410158538357,0.5555173148258926
0.019818825239499738,0.8495882413276012
0.024679277761349594,0.6092425683059755
0.03870117987707533,0.11318532025615194
0.03176200990351624,0.28800401780566304
0.02290400844782048,0.7013104194148793
0.020915813872439792,0.8002202382363263
0.022631804494731678,0.7152947863986183
0.035251572701139156,0.18423571492779459
0.03454279514182948,0.20249362717296673
0.014634448043903847,0.9870745375252672
0.019454342991520768,0.8647814181735216
0.03558693707119631,0.1760626339798045
0.033214107655862635,0.24049399029553956
0.0288218837137717,0.40481547751199615
0.02531110431787842,0.5767651195840607
0.04035590457422614,0.08816883048581224
0.04126112357276479,0.07656986125555064
0.01903494276053598,0.8813927146278426
0.04404307549545061,0.04867633415108016
0.015572524070465055,0.9753296213453966
0.022809996224786078,0.7061497981772722
0.02867483831136966,0.411412098786851
0.015548588853225964,0.975695982203035
0.028204921059634902,0.4329836331272152
0.03591205159482158,0.16841680253840255
0.03842441620730397,0.11789390754584178
0.02506675943176706,0.5892778887116725
0.02754321282578287,0.4646285414980571
0.01709494453654714,0.9440938927974073
0.02610616867007942,0.5366018868490965
0.015887898018264346,0.9701542983113092
0.0483641821949356,0.022716439167113304
0.02640874814934621,0.5215859318845442
0.017983803106144336,0.9184350495049733
0.020798541741078758,0.8057262549864718
0.019341476879547792,0.8693465447665358
0.026064992606008364,0.5386578366810573
0.021469213324921743,0.7736317212272804
0.02963208779661397,0.3697748807475222
0.036528759120234455,0.15464288624921785
0.015631538926671955,0.9744105677720175
0.02840338269404763,0.4237820257699534
0.025636288872638524,0.5602264837737183
0.029512856087555744,0.3747933168509124
0.030928724272697772,0.318239803325042
0.024822133690825976,0.6018668118741428
0.059993413898557835,0.002051333962779358
0.026687296992497944,0.5077601631918038
0.030872790356593627,0.3203492121322491
0.03077436768098729,0.3240856187095716
0.027305762168460923,0.4763460503885609
0.022370760185800642,0.7286148071106424
0.022177130133392398,0.7384248500913939
0.019610334029871446,0.8583616178219488
0.031331574789982164,0.30334537367598696
0.02203075766745244,0.7457950144544709
0.025644731199454096,0.5597990328621447
0.028050171536758095,0.44025119420740816
0.018123454793257054,0.9139174308336449
0.021117190337537894,0.7906558137925449
0.03599892817082284,0.1664191862801438
0.019254003415225318,0.8728372938978011
0.023612911071392323,0.6645979131874592
0.03149854223571691,0.2973245813231515
0.03145416382322744,0.29891618694222866
0.023355039906976405,0.6779862415598945
0.024022478202645026,0.6433069141179415
0.027791572660626707,0.4525771376248785
0.030646512244839497,0.3289864261872316
0.02803450209991315,0.44099161196625203
0.019759899998073593,0.8520896755711004
0.049957848535886196,0.016845063514872454
0.03817823609093496,0.12221658415273581
0.031301760009358026,0.3044298465064831
0.015084783892602205,0.9820869355568719
0.031838288582314744,0.2853464308638937
0.021111128078697194,0.790945685457229
0.020402346594661808,0.8239489112809619
0.04110438395819005,0.07848047293451442
0.02159708430651186,0.7673607950223789
0.022618459686780112,0.715978061286126
0.02507327821087696,0.5889432162244563
0.020988132815200178,0.7968009977355355
0.04714821291719706,0.02835319733161296
0.023978956100074722,0.6455693048596276
0.023226423627938142,0.6846522444303442
0.019957050495198803,0.8436548180954335
0.0318213072702046,0.2859364858283025
0.038979451469953186,0.10860872833708278
0.04050749292483735,0.08612939091291986
0.04329052273348777,0.05518251841624184
0.02911033318346662,0.3920873023944314
0.032049031659086985,0.2780988187367872
0.0423089509605965,0.06478254947815323
0.03911232744314724,0.10647805709860969
0.039924998737847495,0.09418873424221477
0.02283089141187955,0.7050750085880277
0.02316783178769241,0.6876855654724843
0.03345670732021566,0.23317611317288486
0.022812907626523493,0.7060000726064741
0.02616169640096333,0.5338339763717641
0.023220544009597444,0.6849567382731729
0.04277347406246601,0.06007477104036074
0.02307150161762933,0.6926672128857309
0.03130221525068344,0.3044132663380429
0.021327450224166822,0.7805314655910729
0.034983671642320635,0.1909776891757113
0.02978895773733936,0.3632445555905963
0.038896489062211215,0.10995685226031399
0.02450183492337288,0.61842452319229
0.03182016723943179,0.2859761312749658
0.023671394040955807,0.66155865946389
0.02599444757512548,0.5421868656862692
0.029295650948369,0.38405775436687456
0.03608336495014841,0.16449584996655917
0.02948602681893353,0.37592910748771086
0.02979902938614276,0.3628280854052978
0.03737014624408175,0.1373284357639635
0.027006237734287897,0.4913988163023948
0.026450899569571917,0.5195074783151361
0.02101671606872635,0.7954447086395495
0.022413943508846734,0.7264183882776771
0.035879633424862445,0.16916710006296368
0.018750074329043798,0.8921045566037922
0.01930615123043361,0.8707612882685691
0.024931766434482694,0.5962179600612378
0.021363660567235487,0.7787745106462648
0.024455247909140554,0.6208384393176509
0.022441160104262448,0.725032572081125
0.036637396952875156,0.15231308484632178
0.03195947521716935,0.28116176828821127
0.031905415416165595,0.2830228101007259
0.026559911543657555,0.5143905384556092
0.022373037420555186,0.728499055443713
0.04019160303773056,0.09042494811038561
0.04038547265417858,0.08776787445141777
0.018756218596782948,0.8918785950968193
0.022922127349447874,0.7003766843647569
0.03127555709729346,0.30538529034456247
0.02012274969603356,0.8364245299070809
0.0447024356060397,0.04353225902494829
0.028266146926738067,0.430130677150803
0.03427672580483171,0.209701817119878
0.03978156623707113,0.09626726864232754
0.02615500638649404,0.5341671714902009
0.049498386900012514,0.01837999618746451
0.025836953424493908,0.5500949654708489
0.03201550978282852,0.27924238227848125
0.021289159086050002,0.7823852144211055
0.02630832319949228,0.5265512452909906
0.02006810216856264,0.8388229253515684
0.033214860666535506,0.2404710078329245
0.025817205178260916,0.5510893453141457
0.031200163807286962,0.3081466460632504
0.0247219603504234,0.6070371678774729
0.02658980254304022,0.5128298293251676
0.017260012638054323,0.9397408520891571
0.04471095439887307,0.04346901534747835
0.022704703886155864,0.7115581744652639
0.02401377975831054,0.6437590609449927
0.039691890402991536,0.09758615145775532
0.03360348301634153,0.22883237993777497
0.028807665896885326,0.40545011442038414
0.028266693592227776,0.43010526128877663
0.03049169686810005,0.33499205051313213
0.024210475345344706,0.63353863610641
0.022021991496913196,0.7462350663635117
0.0326200516439179,0.25915267174098533
0.026408264663740466,0.5216097917084557
0.027646460072740853,0.4595931772008201
0.03067983690697451,0.327703931242167
0.02409104468234191,0.6397432691757221
0.037925288328532536,0.12679276754349014
0.03367900946765878,0.22662161136745596
0.03946232801513572,0.10103120197314962
0.031249821835065805,0.3063258221253216
0.03701198026827274,0.14449601589248845
0.01997025265271113,0.8430833771391955
0.029363833018084207,0.3811325562071093
0.025498175918954424,0.5672336197419241
0.024872556875294327,0.5992674220450358
0.02957533426283221,0.37215769815021915
0.01868013720031414,0.8946604741350478
0.02943149148288482,0.378245235253296
0.034666277370857035,0.19921479025817046
0.03285750222870612,0.2515674504340554
0.025965993003894017,0.5436126552348004
0.021532458036669533,0.7705355661020237
0.024980290196410015,0.5937212728781533
0.028502183063799702,0.4192509326834325
0.028451685925414028,0.42156265642657326
0.02908907426508578,0.3930158059227358
0.023337479858999977,0.6788969024779021
0.030592939998934865,0.3310557435908403
0.026832924496868082,0.5002471103423454
0.019873251976632922,0.8472628106761902
0.045824649488998226,0.03585917564542854
0.04435257780776364,0.04619963032779424
0.021825991534028866,0.7560314971747817
0.0249120348984031,0.5972338361566741
0.022910884564745992,0.7009561056017188
0.026433922260720444,0.5203442103237759
0.0316865917573963,0.29064963168778357
0.02476520206070676,0.6048042979499155
0.03299071556955313,0.24738642473576955
0.02235050240405667,0.7296441374448074
0.027650392262673074,0.45940211879148435
0.031205962881834193,0.3079336019126139
0.025368580011640246,0.5738319445998247
0.018012307651072645,0.9175234152477681
0.019136480380646526,0.877460745043242
0.048342906518584416,0.022805813652485577
0.02555650654248187,0.5642710025578643
0.02782983632006053,0.45073902798175824
0.044921677105223545,0.04192982916789405
0.02118774497894632,0.7872736340386832
0.01913642486767625,0.8774629107163614
0.025189959766148573,0.582960476576959
0.025857355785772917,0.549068288362867
0.034047993444151436,0.2160567373108425
0.02541949326869089,0.5712371239837712
0.03178968623342848,0.28703764613567523
0.029072515769706875,0.39374006813900103
0.019141108453098465,0.8772801335330547
0.02201791595411151,0.7464396006238259
0.03199006795164666,0.2801126420653848
0.04658189230529186,0.031376133624958655
0.017382478364201148,0.9363886735856711
0.041841858556000644,0.06983052840537146
0.02749967341659104,0.46676278720394204
0.030662436716054287,0.32837312324550455
0.020525100728139234,0.818368301772733
0.023892563141382328,0.6500607844300337
0.029296803008974137,0.38400819820912235
0.029139034492169147,0.3908361585640029
0.01850433690263331,0.9009529500034649
0.03271291212358374,0.25616598261092044
0.028852069044758677,0.403470365871095
0.03275794711024871,0.25472692385097084
0.029633852986251874,0.36970094114813895
0.022927252044688484,0.7001125308965357
0.02719464037437269,0.48189515230405183
0.015788839815427724,0.9718502459280365
0.01670281818264807,0.9536704307145066
0.032191587228823954,0.27327471022586536
0.03157847397984076,0.29447365878777737
0.0275201932719063,0.4657561300269266
0.026344505508895333,0.5247601227785776
0.02727892962085618,0.4776821647163323
0.026286599271995725,0.5276277936833431
0.030419153619987926,0.33783316307354355
0.02661232152275561,0.5116560181668967
0.019225721238629423,0.8739569544681565
0.016955249266431438,0.9476290283374108
0.02636419692521541,0.5237863620993681
0.021887930179044446,0.7529447407316794
0.03709300121976883,0.14284867521979353
0.03424977391185707,0.21044298172234796
0.028365131350332418,0.4255451527371074
0.025865434176511992,0.548661952440642
0.03565634278973162,0.17440766647425548
0.013756804529804337,0.9938115807695223
0.025920061793270943,0.5459169508245305
0.047458492713445155,0.026808430309347424
0.03171808832621559,0.2895425741558842
0.02358731113419943,0.66592804326591
0.023672251926371263,0.6615140714759586
0.024026738734542086,0.6430854550209794
0.025903587583324006,0.5467442670602298
0.02680105745936695,0.5018850596267516
0.025715856073965315,0.5562019557022846
0.034088263059406265,0.21492721646388005
0.04312020517658077,0.056754753965963994
0.017006293272397166,0.9463531446847998
0.03624675187882176,0.16082465566781004
0.02134217491037793,0.7798174706114855
0.022064795283624372,0.744084891667689
0.028776503913962914,0.4068434716870524
0.03081993875094785,0.3223517000172174
0.0320035913761359,0.27964981026435604
0.02611139837016918,0.5363409722531776
0.031844489508787044,0.2851311909966375
0.030283846145259696,0.3431785854027816
0.01838737874237184,0.9050325569213502
0.022422546155394518,0.7259804825725382
0.016498277319054233,0.95823881975133
0.020557306178985213,0.816894211096022
0.03131189709836013,0.3040608044839539
0.03627799979661106,0.16013007280491495
0.03519892481404219,0.1855455872677479
0.02280168232973967,0.706577307729007
0.03235631934466421,0.2677784854908146
0.01947813961818745,0.863810266939997
0.022890291974545063,0.7020170626849231
0.0196308486375244,0.8575080128460321
0.028039990461538183,0.4407321792087292
0.02603237753380372,0.5402883746138838
0.023624721923305336,0.6639841857843947
0.031249146328750643,0.3063505380444443
0.026078555362485267,0.5379803189023004
0.03317845130760211,0.24158417091407985
0.02709769988138533,0.48677018112796555
0.016579956358074965,0.9564495399869062
0.01868128865316665,0.8946186336447267
0.03683421688712152,0.14816424991193067
0.03781361352174073,0.12885728529465407
0.028343448575087138,0.42654678280504493
0.027734806013081426,0.45531324153470876
0.03120172694563761,0.3080892094669134
0.024761176271056895,0.6050121153484643
0.03074413583697666,0.32523962550176305
0.02227174728191572,0.7336393138167989
0.018136835461919798,0.9134778421125064
0.01602491545459317,0.9677004431263412
0.03904494065535569,0.10755423428259898
0.03721166181463742,0.14046353554016325
0.013141660779935026,0.9966432000733578
0.024423774938845844,0.6224698883634032
0.023565528038204192,0.6670597173654118
0.01658230186615514,0.956397471987627
0.04032946549615635,0.08852865729577099
0.019082689405551634,0.8795510680102547
0.03121289200424296,0.3076791840231036
0.03292180995433569,0.2495424462606154
0.024836490195120575,0.6011264896779154
0.021331543717391765,0.780333036896957
0.026026072245452447,0.5406038038956515
0.021485998868932654,0.7728110369436759
0.037232626561789606,0.14004551181116948
0.026877550191560573,0.4979591211182194
0.036759285980676126,0.14973285476523054
0.014958321101903121,0.9836039033998634
0.021540512141123902,0.7701405061007945
0.032207503302483564,0.27274001857108054
0.037777611669853994,0.12952867542440583
0.029645259356957387,0.3692234061991993
0.02476597523014884,0.6047643872459291
0.025600862769597832,0.5620212831989067
0.041223911276423,0.07701986735296955
0.043724303024085365,0.051346502074937586
0.03870592289147773,0.1131060006940576
0.02574404524617191,0.5547783786210626
0.042440608001385716,0.06341728246963065
0.03655478999973916,0.1540820432854116
0.02681217819033377,0.501313071379735
0.02806840875810057,0.4393904912015292
0.021277144327478514,0.7829659780697703
0.021983165928786352,0.7481821674344604
0.02279868598483914,0.7067313641733004
0.02769905163971831,0.4570421808714638
0.02638206964412071,0.5229031633931776
0.02071606319152358,0.8095691068227
0.030196229937338837,0.3466720829766339
0.03233721967146769,0.2684114508516644
0.02979446322507795,0.36301685772409803
0.0536935733289462,0.008045776858930698
0.020723594131386552,0.8092192610534434
0.02679021319423125,0.5024432289456265
0.032301857005936796,0.2695863381592256
0.024106380274885264,0.6389463523671635
0.033881801066741324,0.22076699417364148
0.03330348194226157,0.23777791830514552
0.02711995354629182,0.4856482608055886
0.039363676011827164,0.10254247066245464
0.03273697840943168,0.2553961994057681
0.02713710736635827,0.4847845916122302
0.021083041453824558,0.7922871300369156
0.031282173820581294,0.30514381556941717
0.03561657156533293,0.1753544852639454
0.02072682197197584,0.8090692491215343
0.0339837653286324,0.21786778411122307
0.024920431900121887,0.5968014734783827
0.0319152862614544,0.2826823178501478
0.02414110523722901,0.6371420691782774
0.025276591624286304,0.5785283491614197
0.02738572733290634,0.4723786746127408
0.021021751277483514,0.7952055034629817
0.036316386433769166,0.1592801040856557
0.03979541312019125,0.0960649520082171
0.022963768569008836,0.6982295470503199
0.023230453670185447,0.6844435235533128
0.023289875833438833,0.6813648016118924
0.05784213746615552,0.0033274470866985987
0.035016404380870225,0.19014367186350462
0.025023404908612212,0.5915048067272204
0.025542105853827435,0.5650019831434232
0.03910117896411247,0.1066554809963235
0.022853529621157664,0.7039100294988583
0.03445286819434723,0.20490789583345698
0.02666983903751652,0.5086656221105741
0.03359800582994994,0.22899334803468785
0.01745140690906699,0.9344561999608142
0.03233853418500382,0.26836785175443034
0.025646120269165462,0.5597287114590483
0.02009174150969298,0.8377870834781151
0.03765426590373078,0.13185062506888254
0.025244557746596397,0.5801662040936737
0.03255976607968536,0.2611056783428175
0.026723447704343428,0.50588845918964
0.038840245310601706,0.11087865563757346
0.023654403046250994,0.662441725278037
0.019202226254385127,0.8748837277916632
0.02467019766045575,0.609711908806304
0.03520765040042406,0.18532798893847852
0.029957611100095316,0.35631508404102774
0.04295809101619685,0.05828687235031979
0.014981904782768285,0.983328079399478
0.03771409495029254,0.1307201526913868
0.03127903376774921,0.30525839311521225
0.021804307711401072,0.7571100678585819
0.040916125034273,0.08082842469300724
0.018986499124014594,0.8832478651697906
0.01826759853726362,0.9091205761402152
0.030853613752409914,0.321074744433429
0.031289293767458426,0.3048841323948481
0.03126939363248815,0.3056103497378644
0.037808119403606066,0.12895955949450702
0.01914486592568898,0.8771334086660064
0.023903010004140496,0.649517638965919
0.024555827985261902,0.6156284450210515
0.020760470935852093,0.8075031472542253
0.0420812609631146,0.06720292744400318
0.028326959052980744,0.42730957836393846
0.028041404814782567,0.4406653398271689
0.03359650559668692,0.22903745332447678
0.02483289123916016,0.6013120606429543
0.03469368014681584,0.19849282866044907
0.024028202402409937,0.643009375369453
0.03801220066464728,0.12520483336427835
0.0319846379681229,0.2802986408687995
0.01995233762527293,0.8438586121400489
0.017804012589774654,0.9240601660376128
0.03112988322736221,0.31073717420651786
0.024874282569704698,0.599178499172037
0.03247111607788772,0.26399771259965443
0.02260765425873018,0.716531142991022
0.024707459858768654,0.6077862522377966
0.016685483121263,0.9540689382401671
0.0216043122578492,0.7670050460397314
0.024444766836905635,0.6213816833241843
0.03444044543866864,0.20524316817751853
0.019724757661057413,0.8535733855916389
0.018976928729939058,0.8836127593073964
0.02419380057517745,0.6344046760565719
0.029831157747704173,0.36150180998001197
0.034890116177540925,0.19337732329606006
0.03486747687885572,0.19396155176653299
0.02471991083069805,0.6071430348111562
0.029445930508730678,0.37763103710262513
0.029085523522959705,0.3931710362575158
0.04588134460208104,0.03550508926892709
0.01752303506257899,0.932413279295656
0.02894552885235152,0.3993251331807428
0.02484053823133847,0.6009177762906868
0.01863404288661763,0.8963287591907309
0.01687661566225182,0.9495588208958754
0.04011010574415663,0.09156187068904684
0.03226713353736388,0.2707437394367977
0.03987573588614757,0.09489834938280177
0.026493239109679823,0.5174231637950975
0.020888167798674417,0.801522599160047
0.029498612032891502,0.3753960248785724
0.018648577844723013,0.8958041005038484
0.022088944462959392,0.742870184083961
0.01904256889852285,0.8810994406796667
0.03242761503170877,0.2654256411282892
0.024576050758498114,0.6145816542861219
0.023483028984670473,0.6713443532359176
0.025288159659962173,0.5779371871933954
0.029927623991805652,0.3575402582246183
0.02140673110840885,0.7766797905108519
0.03177053823952547,0.28770597780851337
0.023132562186149286,0.6895103241363351
0.023529180670096073,0.6689477186671284
0.03161416915243487,0.2932070637953195
0.024202874224060977,0.633933405663486
0.04413588082271691,0.04792189830643864
0.03338052038426065,0.23545561711846172
0.024889814161647844,0.598378294897793
0.02144284322095319,0.7749194560064113
0.03214135391297068,0.2749674172529387
0.01769035155662768,0.9275039613545616
0.029199136152794625,0.38822519241637676
0.02654274034764109,0.5152884593910415
0.019477673639068938,0.8638293123696361
0.022196451426071143,0.7374489337414807
0.03229332992229739,0.26987021810279527
0.03187778489373827,0.28397754046090307
0.025892031620076028,0.5473248540290423
0.014637895723309091,0.9870406224961737
0.019362170732375672,0.8685146458247524
0.030458664397830515,0.33628360705335136
0.030272876621179834,0.34361458453469856
0.02254259178203466,0.7198580434715496
0.014384153463133598,0.9893709492301314
0.03129085397531939,0.30482724918771725
0.02920744614447679,0.3878651415165864
0.026852123733490774,0.4992619303675026
0.031138354139607305,0.310424096560864
0.019545361172627285,0.8610509040390086
0.03893976956373857,0.10925183444210373
0.028688477136659923,0.41079717104032004
0.029628346707567144,0.3699316204708604
0.025202322146973433,0.5823274838068313
0.028187463334797047,0.4337994432646384
0.029470218623355637,0.3765994599557572
0.01977636806417038,0.8513922994652258
0.014751436129281204,0.9858879012917054
0.030553349355469828,0.3325910242987159
0.035652140753396344,0.17450751040606438
0.024835512427867745,0.6011769046514959
0.038321641345187285,0.11968298059952183
0.0246267933823211,0.6119562402611693
0.028204037925187664,0.4330248777249226
0.019229660840705542,0.8738012549010391
0.031022799489934916,0.31471482201999534
0.020356683699152528,0.8260091190298274
0.015543559988769662,0.9757724889822593
0.020942169132783878,0.7989762272785796
0.031078595861327774,0.31263764341155686
0.04110154414296169,0.07851545790112996
0.02308356015998303,0.6920440078144245
0.029828238053031142,0.36162219460781536
0.03487043378730176,0.1938851673246674
0.02709335415038841,0.4869894667691175
0.03214178410723856,0.2749528878262272
0.018893032819410238,0.8867886418586932
0.019092303464477822,0.8791786687146245
0.03182696630428172,0.28573974899499344
0.02152030908505065,0.7711311550483171
0.02517160341547031,0.5839006962171142
0.015873851147171658,0.9703987584049704
0.026266819247840356,0.5286087582453312
0.026227226673450343,0.5305744249542041
0.03514845343289852,0.18680820097340584
0.01875128405951562,0.8920600855556999
0.023973782729130755,0.6458382455824143
0.034238531461858734,0.21075274544160952
0.025465203193164365,0.5689103350489191
0.02880516564902036,0.4055617879018072
0.029069244695255625,0.39388325288746817
0.01626264383570064,0.9631411919722842
0.021134309603883072,0.7898366100663485
0.04643480168132258,0.03220624240591916
0.03137885273415786,0.30163152504437096
0.023481326458396623,0.6714327498369499
0.024320607179500853,0.6278211725392501
0.015747477159787637,0.972539194290511
0.018462526657118672,0.9024212200538495
0.02990896522692288,0.35830410041282423
0.04758355500536615,0.026207135217538043
0.024784154069631414,0.6038261412638566
0.03375559974716735,0.22439654004795342
0.04482138819614573,0.04265635345579993
0.020043598530388063,0.8398939609403044
0.014960372837527047,0.9835800348587941
0.04477703650414422,0.04298112758555862
0.016059176127225322,0.9670671011615274
0.029496375642017236,0.3754907148554478
0.028156939532529845,0.43522832208471657
0.028312552336891117,0.42797677874855616
0.027847031539246808,0.4499146212439949
0.02282140240444419,0.7055631556426837
0.025729776464642085,0.555498815854079
0.0368382305477164,0.1480806038065448
0.026631467386571406,0.5106593709777659
0.031610754508832606,0.29332805329163064
0.034712455752263394,0.19799934548221115
0.046999634757676434,0.029120338309740514
0.029908165207413795,0.3583368770186304
0.02226646491499984,0.7339069043600797
0.024703972962984183,0.6079664063130099
0.022174822089750107,0.7385413830512103
0.027991312150027176,0.4430367497717609
0.02863042530801435,0.4134188877865188
0.03272091037672409,0.2559099563165899
0.04113744736213443,0.07807411896638662
0.04054169626650361,0.08567475171021995
0.03208754141953435,0.2767894173670597
0.03440693235709966,0.20614977300895773
0.018383503025385134,0.905166266062846
0.017087754620640938,0.9442791745225578
0.029667030751852286,0.3683131385579743
0.020985287534552532,0.796935857936164
0.0287834468141569,0.40653274722103516
0.032242246173026706,0.2715755734582331
0.021739089100640152,0.7603474845205014
0.03753947141404207,0.13404200497879132
0.03178684843666324,0.2871366223242958
0.028170920892993778,0.4345734351723285
0.03116549964723736,0.3094223763656986
0.030305223607932585,0.3423300468724488
0.027972103248272484,0.44394836564182777
0.018204562176415223,0.9112349217185148
0.028741806338046794,0.40839877731466406
0.019456887775921916,0.8646777068866642
0.0370920923407988,0.1428670700380469
0.03486287289519885,0.19408053139242884
0.02013442790550357,0.8359102523742803
0.023709134473844706,0.6595970061289389
0.02063801031359941,0.8131825091601814
0.03693815723907057,0.14601036506472545
0.02608525274133633,0.5376458717399222
0.02256656377120131,0.7186329413147021
0.03441650339683011,0.20589053668670607
0.026758851294794772,0.5040596967170345
0.034399164231965484,0.20636036356723045
0.04102818208012965,0.07942381836892003
0.018132812577348445,0.9136101271958882
0.032293078228454064,0.26987860079041026
0.015648949369970355,0.9741351297623763
0.041175948905090354,0.07760317319648537
0.018857896851187668,0.8881064374338036
0.01704597027880317,0.9453487863060897
0.03173978418747109,0.28878181664010383
0.033049820754242676,0.2455483675835708
0.03652457966700129,0.15473308662258245
0.041295565074833396,0.07615534762004031
0.020821806030020373,0.8046378553457146
0.02704481519982571,0.4894430778440804
0.01486154968044795,0.9847022921437854
0.036795777538661256,0.14896727390566047
0.03010783571971415,0.3502222780119768
0.03820114289683052,0.12180894920399807
0.023508232917749172,0.670035618473102
0.0234880458676775,0.6710838660915646
0.02340664726062558,0.6753090033935845
0.019827370583927362,0.8492240794080734
0.03480937385148658,0.1954673012135949
0.05389989091948599,0.0077120801145839435
0.03092567786850764,0.31835442997454794
0.023076566115529717,0.6924054857235933
0.030742340794823186,0.32530823918598945
0.02034091890972778,0.8267183754662037
0.04075045570177249,0.08294341973954795
0.02325456892367367,0.6831943490257436
0.036864787817321276,0.14752810167986788
0.01704842529477535,0.9452862796209938
0.034039706759333155,0.2162897400518801
0.03082107299398046,0.3223086296282885
0.02884722779704496,0.40368589328704824
0.04106071650056592,0.0790198911507522
0.029480346965071735,0.3761698675234305
0.018195441129458534,0.9115387253103764
0.020496402582174333,0.8196783991171933
0.029923267859951364,0.35771848369255815
0.028633588954144806,0.41327571864953905
0.03431693125001245,0.20859996293047875
0.01974692794786892,0.8526380660309059
0.03627515817903859,0.1601931370734821
0.01953367485657609,0.8615323024695579
0.017961360798261994,0.9191490042285883
0.02561762422108671,0.5611718722394012
0.028700292465752508,0.41026496688325703
0.03972244163555627,0.09713514456441252
0.02289211612896805,0.7019230971207747
0.02835185384380079,0.42615831456490105
0.023966488193027824,0.6462174611539153
0.022819667210110195,0.7056524093618113
0.025423519277278095,0.5710320775878481
0.02535633626136058,0.5744564414185702
0.04028317247592439,0.08916165821455019
0.022056050830536023,0.7445244537533213
0.031205148196875143,0.3079635249760487
0.027824938563962176,0.4509740292589984
0.016185298018668748,0.9646669095845334
0.036580570430817416,0.153528210834614
0.029094363189571093,0.39278466492958924
0.03920253081660485,0.10505148836843854
0.02621287475935874,0.5312876540317901
0.06816125981461629,0.0002783196659502783
0.035456529170975915,0.17920589450250896
0.030502246429011004,0.33458032026885387
0.021161705319590607,0.7885237195506831
0.04281035212389861,0.05971391935741412
0.023594098009242392,0.6655754251616065
0.029169153840602702,0.38952618024180774
0.031895378778681316,0.283369334131125
