statistic,pvalue
0.03307781080216457,0.30455129961338406
0.02045645255590571,0.8690095400574819
0.033915805341180105,0.2766682717623924
0.03747598045463968,0.17915053345066548
0.028238326257087387,0.506034048495511
0.036272851486579216,0.20849626584744352
0.03284579019501965,0.31262447288164125
0.0457513773615483,0.05521526251421063
0.020905517523011286,0.8514655454615727
0.04458900405306099,0.06606551176436873
0.030041816474684235,0.4227144956067378
0.041219949819976676,0.10827048877165009
0.023827996942615545,0.7200400694963409
0.0454486418362996,0.05788214055076153
0.05274333240383999,0.017028084463162448
0.02271450898642513,0.7728220117471658
0.02573139017457074,0.6268429984135806
0.028146267293833627,0.5105509208381874
0.034724222952058126,0.25162058060816644
0.020387850448307487,0.8716060762749775
0.030491637150733553,0.4034693452583085
0.023210441410979277,0.7495987447818283
0.029854880581294096,0.430892637269378
0.03147128825659806,0.363666180661504
0.018446014824695656,0.9345473106390185
0.020484834107024286,0.8679286533129432
0.037552567776943935,0.17739930316694374
0.021081793686329564,0.8443320204860186
0.04318942732144049,0.081496119504789
0.027653025524547126,0.5351845723395313
0.03141688087702288,0.36580133452144614
0.04468743375312767,0.0650810300465092
0.03946219693729969,0.13796643599546082
0.028408341304346996,0.4977593110810656
0.045272165776607476,0.05948722804624965
0.027468283007077876,0.5445979185771005
0.02285235323182,0.7664215242614889
0.016460762893045655,0.9753634665756618
0.03185277343371262,0.34894246077561913
0.0206210738460616,0.862686592908263
0.023303310306321157,0.7451940261970657
0.02370237889412591,0.7260996220605089
0.01900094583632489,0.9187761094975808
0.03556182962198651,0.2275231571974004
0.01975067012505871,0.89458320028312
0.035079532452863105,0.24117193398507547
0.03382385824691253,0.2796312003056407
0.026140805161114083,0.6067910014114504
0.03408892472843503,0.27115338065606265
0.033642481554758574,0.2855451921080433
0.038422962200918565,0.15843757195830643
0.0194693878385529,0.9040353552662778
0.015389259864837294,0.9878218365056964
0.028026528619355284,0.516463991241523
0.015847522512978773,0.9832296401839897
0.029727147671923637,0.436541694332672
0.02312248589738286,0.7537553111125116
0.04165103970597561,0.10185824157770844
0.02743067385376241,0.5465266650953178
0.023049287823257325,0.7572027406040907
0.018856248242731855,0.9230682731613404
0.026946088612519528,0.5677281435594104
0.04109538568950255,0.11018440575489279
0.048017833370807395,0.0384045487234011
0.05761336069713352,0.0068002394977096665
0.026411903569381945,0.5935737019326419
0.023702518483273316,0.7260929004264247
0.03631576749506504,0.2073887202788047
0.023809605959831226,0.7209285116680773
0.028707346640730713,0.4834180604587881
0.027790485549797572,0.5282463765522996
0.03010732153375517,0.41987381794417844
0.025117200231132286,0.6570311664257785
0.01627652703358254,0.9779450896983537
0.03560025815368201,0.22646175135208862
0.018303631513735596,0.9382895330241139
0.026620981211761152,0.5834230761602828
0.04678231668885005,0.046911575884197185
0.02213995654637979,0.7989699353401306
0.01745738430389493,0.9579190302251929
0.020303793241379514,0.8747561283316876
0.017653895841515638,0.9537603725468138
0.031203794402670793,0.37424874205734043
0.04342912819003264,0.07865559735586658
0.02457871876186346,0.6834755785398736
0.03447596114907858,0.25912264964916
0.022184515527467363,0.7969755083740792
0.021817060911085928,0.8132349618864408
0.01995034482899305,0.8876107150490598
0.03726097930778133,0.18413998414150826
0.02502415238694078,0.6616062468136947
0.0356394586045676,0.22538295879036588
0.027754194415835154,0.5300726695285207
0.05640795107159846,0.008599405002450053
0.058835962912533624,0.005332429772975799
0.029620557862969243,0.44129357659037854
0.028824787787863126,0.47785912646945633
0.03649225840761838,0.2028821015864025
0.02513954077328351,0.655932560439966
0.017454041087421546,0.9579876963614474
0.05602775204359367,0.009250725591974894
0.03481795178591984,0.24883149235155502
0.045406924826442596,0.058258170907811595
0.03415722470018456,0.269000429405357
0.02516152966369023,0.654851212249367
0.0265341765174798,0.5876324228129388
0.02825178769436487,0.5053756991836128
0.03606652871664984,0.2138853027729986
0.03665381844746124,0.1988241534418599
0.023985387076674247,0.712419840019323
0.02975714578562738,0.4352105642234777
0.03552609004602403,0.2285137264360567
0.02811902830275237,0.5118922851026331
0.016258308266567767,0.9781899698087705
0.020216252772616183,0.8779993421860985
0.02023858196290995,0.8771757427431733
0.02797940542094368,0.5188028772557655
0.020129705446865487,0.8811676833001791
0.04744451904239022,0.04216834359568446
0.020330777759674623,0.8737486853627491
0.02028939174233261,0.875292314030183
0.019054145665852062,0.9171666431074675
0.029613770261178507,0.4415973424276788
0.028411969981079754,0.49758365043512637
0.02695629341316652,0.5672374336009267
0.036693158641176726,0.1978457233131653
0.015627647902556163,0.9855626519868312
0.02854481931845107,0.49117989514735627
0.021026521042583568,0.8465831143591159
0.027359225434878343,0.5479679501217196
0.028830931331542353,0.4775694782204844
0.026823255448063188,0.573644304051283
0.036921212436133,0.19224795030100827
0.05208089183634673,0.019172326650667634
0.02619175239781868,0.6043028263385939
0.030141934346935795,0.4183780559757946
0.028955385990125967,0.4717264531707244
0.03483561360578913,0.24830857019845062
0.01749461876896463,0.9571495674678154
0.01911245696343067,0.9153832930506792
0.037591821143449,0.17650702284852662
0.03157893950698795,0.35946751564087026
0.042788269973241144,0.08644342434657934
0.02383507326325751,0.7196981077423792
0.04467561159516664,0.065198608029933
0.02734751489727194,0.5485249011723188
0.019197935608115335,0.9127329272748782
0.03175376072510172,0.35272244449981216
0.023116540300117894,0.7540357369394306
0.02699064991608835,0.5655862826380649
0.04691624474598674,0.045916598557260054
0.02376276532420396,0.7231893332017314
0.029777883741599565,0.43429193856104975
0.019922573530686494,0.888593238128051
0.02940799699011809,0.45087269278143255
0.043955875208847806,0.07270647154144075
0.03385101814408065,0.27875354024373356
0.032507854694245664,0.3246608947708019
0.04696989233581589,0.04552320441271854
0.022115837015543427,0.800046979866701
0.024085729934462063,0.7075469591658525
0.04145897631894219,0.10467497853590353
0.03556620184627679,0.22740220252711135
0.020944212307021037,0.8499111282594014
0.021672778159879585,0.8194963018310404
0.0327915063891005,0.314535646470464
0.02164189994178617,0.8208267568458205
0.014762672112856035,0.9925371773661771
0.048468300176304685,0.035656423104229194
0.014363557117918868,0.9947296718825807
0.020471114815035496,0.8684516252205499
0.02552326663947513,0.6370647593050993
0.03313407917157063,0.3026167000963295
0.019271714073701096,0.9104110338499745
0.02426841673576996,0.6986496293012971
0.03098106914608245,0.3832235352946119
0.04171767224785233,0.10089588278378879
0.03721477144327623,0.18522651703578547
0.0325967014397357,0.321464312757986
0.03379402461156922,0.28059763401105403
0.01645263951414566,0.9754813717595398
0.028358671019441006,0.5001677908712381
0.03412755208254614,0.2699341880327321
0.016370080034757706,0.9766582454283544
0.024778987782909795,0.6736520187571116
0.036801367506757665,0.19517391940627082
0.026628422374424365,0.5830625832634393
0.02015355187350021,0.8802985213085581
0.020207514631440715,0.8783209579435585
0.032649223416698125,0.3195854286033028
0.016169685681077794,0.9793548087428995
0.03781557743296615,0.17148859852763731
0.03160991449830919,0.3582658016959871
0.029695421624208684,0.4379524702775125
0.04392860676692917,0.07300478930749289
0.022925319064283523,0.7630157812651661
0.049990778112766254,0.02760151873880901
0.029922982798927134,0.4279010068351692
0.01706770151145287,0.9654565408218402
0.023841348899699577,0.7193947859584294
0.038874566966290214,0.14926030549545388
0.016629891030113697,0.9728219612009477
0.026837027664002366,0.5729801129926289
0.0282597219194963,0.5049879208676318
0.029246264284931933,0.4582530750703415
0.042147635534891315,0.09486642157539583
0.04083309009575131,0.11430614439429314
0.03186641972158666,0.3484237642751699
0.03559695613944308,0.22655280378176704
0.035588549972775885,0.22678472953158038
0.02336426798974911,0.7422943235538322
0.029152041080221958,0.4625893662261181
0.03590103260490818,0.21828560415892048
0.03484617307785953,0.24799632998840115
0.043735722150897605,0.07514475933488722
0.01854570094044783,0.9318526796570217
0.030125701029691476,0.4190791124600441
0.019919537940447624,0.8887003865285504
0.02911343298557517,0.4643739449756764
0.01656683342624754,0.9737889752967308
0.0349449516126048,0.24508992309869537
0.025559071457551708,0.6353053236859585
0.022746422296181235,0.77134419618737
0.02374109384869158,0.7242343489494019
0.030773476763414465,0.3917226707253384
0.03365197263744213,0.28523343819648633
0.029360193380027155,0.4530458619953395
0.02442011142833883,0.6912400451537134
0.027425840937651602,0.5467748201779917
0.041384103344128786,0.10579042247484266
0.028591967079246633,0.4889200349672472
0.026937159195824845,0.5681576272222892
0.017649016663281225,0.9538665493820613
0.019193135520906734,0.9128828933695847
0.028475360998618915,0.4945213609085481
0.02500249429029988,0.6626709726593258
0.030017403210935073,0.42377652188412196
0.03362274775415863,0.28619419915343697
0.05021463928170877,0.026563922855404012
0.029087283299878197,0.46558522724392437
0.026653242673980726,0.5818605485043771
0.02415272002060026,0.7042880004211767
0.03792981877330465,0.16897055304977388
0.021836659949131865,0.8123788808092184
0.027987169718370897,0.5184170505251249
0.02590800780489802,0.6181817312319147
0.0438564120311557,0.07379962293014668
0.017200943645443098,0.9629846493164594
0.01896374899984299,0.9198914363826635
0.025212019800403662,0.6523681745646508
0.04002628200498609,0.12778832630813225
0.024707947072553638,0.6771388011674608
0.039119541948200554,0.1444644652814613
0.018850033539951072,0.9232498064317054
0.022528948693930073,0.7813645975120596
0.023289123917944077,0.7458679066524525
0.037489820714161015,0.1788330544990073
0.02246378133478208,0.7843435305488391
0.036935474859618844,0.1919020473025969
0.031065328532532965,0.3798107799451266
0.026144845812300616,0.6065935966581091
0.027341741830837152,0.5487995385579646
0.0352719478300092,0.23565353222386273
0.02750561507500171,0.5426875308170498
0.03280770840348274,0.31396433081215036
0.029104714559727185,0.4647775616659547
0.03718229604648704,0.1859931691571987
0.02953584792936409,0.44509461986016485
0.040801287373699924,0.11481443397365437
0.027402322061470974,0.5459199653144717
0.03338284957479021,0.294171772566664
0.020956620069202347,0.8494113122723206
0.03237982040749432,0.32930781578342155
0.055212095087567525,0.010801299935551898
0.012924979701626649,0.998878750836097
0.02675640385969391,0.5768713457590386
0.03946055435377238,0.13799700926747452
0.03997669950698085,0.12865762447546802
0.01960986633067524,0.8993697060739425
0.03258917524508809,0.3217342053964799
0.027144907440440402,0.5581908391370902
0.022554922491575924,0.7801741482052136
0.026853441995189298,0.5721887812875699
0.020476406123655977,0.8682500307158938
0.03185850347211083,0.34872459449667775
0.05029687535439159,0.026191509637527238
0.027888951957364627,0.5233110334523182
0.033451858821945846,0.2918602826337439
0.029113751269573884,0.46435921448225204
0.02896200055044368,0.47141721910988416
0.0256503593956382,0.6308210804178078
0.012667961542265571,0.9991987603364989
0.06844623653210885,0.000660126931390387
0.03648395144895328,0.20309248622862347
0.03986585318165914,0.130618513443724
0.017112142568704525,0.9646441671920153
0.031064650123256432,0.379838172458109
0.02761536677028409,0.5370951972349408
0.015978700726681394,0.9817188656983739
0.03319624782517856,0.30048975964981073
0.02173303441420965,0.8168902545268062
0.05250348163389612,0.017778324513674375
0.026840796618026186,0.5727983854073544
0.04505514980554573,0.0615132317510426
0.024284817262094527,0.6978494171718639
0.02365699259090126,0.728283650373358
0.0168013260032136,0.9700745635085485
0.02284400365400774,0.7668104807855805
0.03106623096879807,0.37977434390804504
0.037743309043409,0.17309686803444968
0.04137777390361108,0.10588516774562245
0.02118074999833064,0.8402698556133267
0.02333630468142578,0.7436253307861921
0.03243502319541139,0.3272984049953247
0.02972008964818118,0.4368552823978352
0.02782583098564151,0.5264714549855534
0.021827816232295794,0.8127653339654786
0.0218932584195677,0.8098993883506762
0.054135048928801444,0.013207870197782128
0.017392499701335884,0.9592392682549133
0.03548827510569452,0.22956542602572297
0.023668178495521663,0.727745647021198
0.02808653232774927,0.513495440610917
0.02788057354963412,0.5237298484774345
0.024610210944077227,0.6819321264184666
0.022471222080415743,0.7840039740551854
0.02423316271620546,0.700368964777988
0.03824712263414931,0.16213118431367582
0.025296597851453856,0.6482087245428805
0.03263461898030395,0.3201070741065831
0.02350788047229324,0.735437642931472
0.035133346451570624,0.23961872244737625
0.03579205811025549,0.22122112835423496
0.035633602088961686,0.22554387737930431
0.03465722575753233,0.25362870560435313
0.015450313213762334,0.9872692012248405
0.01602602330027386,0.9811514672021785
0.020457711646482635,0.8689616710238283
0.02415498330350463,0.704177819039397
0.051548931987487334,0.02106528986555008
0.01813987926114191,0.9424375428557867
0.02668915343992817,0.5801225232877325
0.0303473493847895,0.40957586935111734
0.025270707551223848,0.6494819586913266
0.02463033754982147,0.6809454320408381
0.025273049687151383,0.6493667758387127
0.04058847112313435,0.11826396145064359
0.028959844023273673,0.4715180232874499
0.02585046812195163,0.6210018576422376
0.024203300872983585,0.7018244732812926
0.03414381489096119,0.2694221179536506
0.026600885882543168,0.5843968861073925
0.02871052149647202,0.4832672337221999
0.029295077014386495,0.4560172313531394
0.02758715904586284,0.5385290865871625
0.04145522635764576,0.10473061154743925
0.024589625239104518,0.6829411061903365
0.02214727633591851,0.7986427213775614
0.0192645413848046,0.9106381540947296
0.04148720233366754,0.10425701501485445
0.02405778329788344,0.7089051839020114
0.016776171740053303,0.9704885981298662
0.04396555789695478,0.0726007918491281
0.0357534110833857,0.2222694875875322
0.015172472374922863,0.9896452087702036
0.032724099306339766,0.3169206973435579
0.0401385883295563,0.12583709165400747
0.03160514779424489,0.3584505463324216
0.02528100321850868,0.6489756343029582
0.016161359918863222,0.9794620086627392
0.020310145309617667,0.8745193048544235
0.03075894095344156,0.392322645680283
0.047824145354006364,0.03964192023606805
0.020565934246918216,0.8648187705285673
0.030007495499980164,0.4242080426429395
0.030617122082597814,0.39820972082961203
0.02165460939054642,0.8202795570375015
0.02580061251596505,0.6234466684585493
0.036294429449092835,0.20793882292035423
0.031132354834577436,0.37711122512192136
0.02227778525183105,0.7927815884638819
0.022006495155076883,0.8049068371751736
0.031251249385055024,0.37235573285272944
0.023787987503986363,0.7219723107921133
0.028507117469091403,0.4929918295551242
0.03711906099509599,0.18749315413744097
0.025269247616001245,0.6495537562918154
0.03703438468344661,0.1895166632443396
0.03398026584332914,0.2746051057176598
0.01797615975812028,0.946417277377955
0.030822466340730048,0.38970527941696725
0.031005895314084153,0.382215787274613
0.025232293370916925,0.6513711330431442
0.030679066725407322,0.39563086528169716
0.0283780618151529,0.4992266589016161
0.024055992895549716,0.7089921710307765
0.01927623359953201,0.9102677718881889
0.0393153098357788,0.14072228016084073
0.023963486736664596,0.7134819123477916
0.019761704755265397,0.8942034934444452
0.028958822397302075,0.4715657828405808
0.02954633379544258,0.44462292460990427
0.022684923624251063,0.7741898150336733
0.03045129421719145,0.4051703956788624
0.030310580271752374,0.41114207012934256
0.02262687608189584,0.776867201195841
0.023040762940870818,0.7576035253252982
0.0264426311687998,0.5920793713520629
0.023159687582141708,0.7519990905821257
0.01632704722173664,0.9772563032485992
0.02735025142012204,0.5483947352529674
0.020250813616282837,0.8767235203449322
0.02927533594043563,0.45692059120030454
0.02786087395171233,0.5247154078867605
0.039002497147656356,0.14674004236197633
0.027486835533509613,0.5436480163195776
0.023600732059561508,0.7309868237035018
0.016509666727605232,0.9746456335554775
0.037898722215846614,0.16965302801464377
0.033084119851520044,0.3043339331778836
0.02946800226192592,0.44815464752599177
0.03294041054247088,0.3093134706351244
0.03961211413579169,0.13519913936026534
0.03593521442706549,0.2173710629449215
0.026320403782198687,0.5980282590804
0.05711913933636259,0.007491731189393773
0.04701605356067007,0.04518705122279951
0.02124340081300058,0.8376772151088689
0.02902744019426262,0.4683650269105882
0.037747164708892667,0.17301076166211551
0.04188941962197501,0.09845022083254719
0.04610189292166844,0.052260197426401984
0.04644892614858653,0.049469906564473844
0.027916767903803902,0.5219220921541594
0.026318013513629557,0.5981447193311094
0.03282102496961359,0.3134953291795781
0.05075790410160547,0.024187993628444968
0.025672926988155154,0.6297129218783173
0.02706813986974188,0.5618674875135748
0.023020599892058513,0.7585508579800734
0.03765809032176415,0.17500872627792008
0.029947681771611195,0.42681949259365315
0.02259213623295675,0.7784654837294287
0.02096265238989231,0.8491680740041847
0.034167962522788364,0.2686631221968529
0.02934826759479925,0.4535890932411315
0.029018307868754978,0.4687901915146178
0.01932913658561064,0.9085820525465731
0.02049220940458507,0.8676471371067719
0.026430561525349172,0.5926662377788278
0.05475385480198863,0.011772074327368029
0.018827432959760887,0.9239080132305945
0.03219674753855217,0.336035532766947
0.04252129916776326,0.08987388445099953
0.022107620681368234,0.8004134666321041
0.02311425550329882,0.7541434812429924
0.01932873533762325,0.9085948987879542
0.03361033852151585,0.28660287578627264
0.031777391421074,0.3518176642269591
0.04432964876004253,0.06872059067867374
0.04203337600343504,0.09643856139651637
0.029883837156186255,0.4296188986111884
0.021458713166786464,0.828647998938993
0.02804261429314492,0.5156671284007278
0.0206956119090681,0.8597817522073296
0.016835820374571098,0.9695006471531632
0.028767666481752885,0.48055768098767476
0.02208995500674049,0.801200729650237
0.020298242857060333,0.8749628983891138
0.023797369931824575,0.7215193757061868
0.033298991542111134,0.2969988005544953
0.021940317741952597,0.8078296605660856
0.02887220490722131,0.4756265251273885
0.023542340486623292,0.733787369496925
0.022492050068425695,0.7830527018472385
0.0169883037971216,0.9668779323990088
0.044986633319625324,0.06216503270150129
0.022932121246843948,0.762697678969086
0.041375530759432455,0.10591876221792737
0.024306004579427887,0.6968153194158971
0.05047608350697719,0.0253959069816498
0.0262611205250719,0.6009180374739519
0.021031189536291794,0.8463934811148428
0.016439624769103656,0.9756694821913896
0.014554661303826877,0.993751106487661
0.02836865011816922,0.4996833139414544
0.020515243393365967,0.866766247914858
0.024478037886125625,0.6884061663446921
0.0190339899031714,0.917778395989229
0.03452224473850851,0.2577113696986052
0.03153323030191686,0.3612460740110413
0.03287395330639348,0.31163628045500613
0.029637100390698112,0.4405538337298404
0.02265179675032547,0.7757187903590648
0.03722823835915612,0.1849093341691422
0.04005577699370705,0.12727349274071678
0.0280356084567851,0.5160140927993005
0.016009300846257735,0.9813533394837922
0.0332370838402587,0.29909866045047145
0.022842809185150914,0.7668661108425839
0.028041456579136148,0.515724454090983
0.02623056641844826,0.602408469713696
0.040892134876742814,0.11336738009744794
0.03230018966696985,0.332222098726028
0.02262902745426698,0.7767681218721143
0.04342946206059867,0.0786517000188006
0.04598403870424572,0.05323818757152868
0.015802114084184228,0.9837316598666629
0.03560827749117035,0.2262407369683879
0.02977537465994684,0.434403013537846
0.03662126890714179,0.1996365547684055
0.02943385854482128,0.44969990791068065
0.021519805052072738,0.8260535087641353
0.032263999421855094,0.33355270072676324
0.01999464702905275,0.8860349097935946
0.03499154122223613,0.24372813119644138
0.032270652556901896,0.3333077980834731
0.027347987205450064,0.5485024345236665
0.025213150792621597,0.652312553138092
0.029707497652366688,0.43741512028041385
0.028852151662588144,0.47656988713901005
0.024255174036506566,0.6992955997822106
0.045625093468535605,0.05631459767734308
0.025348113433858024,0.6456754166461158
0.04447868257464915,0.06718400741282138
0.019764244674692844,0.8941159997731313
0.015128057067304246,0.9899928000257738
0.027663077100395048,0.5346753174407888
0.06160435849373225,0.0030172998500283084
0.033160198763363236,0.3017217413036566
0.04579009014862767,0.05488197717110486
0.04889019789574922,0.03324033338672689
0.029152214983621638,0.4625813381303381
0.05202289533628457,0.019371063636261506
0.02175934363365123,0.8157483906046125
0.034801922035329336,0.2493068170621063
0.0389757683654417,0.14726374495235703
0.03487057761345627,0.24727583799253355
0.029794405361489196,0.43356101699939165
0.027224422522979186,0.5543907189112454
0.05118248543232207,0.022464301250650985
0.020632246785671104,0.8622528135156065
0.026199027289831145,0.6039476840070818
0.03363608848396715,0.2857553281625924
0.022032099669136773,0.8037721914259809
0.022830127438979053,0.7674565362822954
0.025302955119675286,0.6478960918734071
0.01851795246116683,0.9326089036776095
0.02711745541380539,0.5595047349704922
0.03659362954580603,0.2003284415152452
0.027093121779493745,0.5606701933374689
0.03175442813467921,0.3526968677871289
0.020874370506012818,0.852711991421829
0.015930075917972575,0.9822894498181127
0.027538308915942597,0.5410178920809892
0.03685905248611143,0.19376122774899454
0.02685589386002174,0.5720706036815245
0.036983694016406554,0.1907362240463091
0.033020179745995526,0.3065421469449523
0.030163552250250414,0.4174456984855534
0.03194160284869929,0.3455759147021486
0.02471239128483338,0.6769207347492316
0.024257736952547904,0.6991705940106728
0.03559360644951315,0.22664519966830876
0.02950062693228797,0.4466814408227857
0.0483514657333286,0.036352122173936574
0.05050444830677592,0.025271960896421808
0.03553572801037963,0.22824627145620674
0.02003180594153231,0.8847052385852349
0.02353407649682482,0.7341832981958755
0.04720088285017293,0.04386258714803519
0.03319072896017239,0.30067812722964127
0.030895138239627917,0.38672595282104943
0.029994869557235848,0.42475838455292786
0.022447315661751566,0.7850944042956345
0.02201270567038016,0.8046318149991417
0.021713129504526918,0.817752549531783
0.03132218175417123,0.3695387525216698
0.019539477312057074,0.901721342261006
0.025754683094425523,0.6256999297547268
0.019814960183525576,0.8923616529795393
0.026797019021645663,0.5749101932084238
0.027482971374301723,0.5438457797700317
0.03165374391453635,0.35657025543508447
0.02113491566510281,0.8421564118269247
0.0274632118584085,0.5448577425854938
0.02218603735383229,0.796907286441379
0.04644259253606797,0.04951965401810315
0.02522728981933242,0.6516172046587185
0.032100487999761285,0.3396123755334476
0.0442314977435303,0.06974881771273797
0.026608736314405496,0.5840164101968791
0.039834141030958614,0.13118397462489767
0.027250980721886586,0.5531233573503721
0.03047071852202332,0.4043507605868102
0.018935820039583606,0.9207234441772044
0.03141416907847644,0.36590798679623426
0.026347040508199582,0.5967307614131642
0.029129580776472985,0.4636269970469951
0.02861046499291353,0.4880352375018035
0.03890473675644368,0.1486628252477168
0.03854943454315085,0.1558229390410984
0.013530676547628961,0.9977087729890971
0.027800491042279107,0.5277435577684623
0.01998113541690949,0.8865166059914326
0.020262276789921985,0.8762990274949697
0.02282654139878762,0.7676234247494567
0.029869128643623732,0.4302655772550806
0.02462346885557931,0.6812821891439463
0.03633646967751708,0.20685609484408027
0.021505777878690846,0.8266504664779507
0.021156538587350115,0.8412674848591791
0.02777259445799024,0.5291462256182721
0.022788354268622135,0.7693987384927365
0.03553881859267949,0.2281605583474189
0.029187822544391118,0.4609394788768367
0.022174922374006423,0.7974053990540142
0.02600567202383197,0.6133990679653234
0.0283290075112817,0.5016097011276193
0.04120791370884913,0.10845421252229565
0.03384644913553986,0.2789010417749293
0.04902510839989038,0.032498668452726025
0.01786671066734291,0.9489841721119076
0.022323753771640698,0.7907052284108296
0.03266708627018183,0.31894823876264605
0.024263104517570022,0.6989087738343152
0.018560510960694665,0.931447126870883
0.02325755502049276,0.7473661707497119
0.02200771211035457,0.8048529561000073
0.03542924679235704,0.23121453958505453
0.02897579005119366,0.4707729792096138
0.05324360597674099,0.015553758768324337
0.025674827201537576,0.6296196218717278
0.025588843120856075,0.6338426110799493
0.018601901902521645,0.9303065489339606
0.023285974706245605,0.7460174506353723
0.047622347048565355,0.04096795511649998
0.02342173177500334,0.7395548929767861
0.029698010346005804,0.43783724202502233
0.021836550521006193,0.8123836642272452
0.04038999197349974,0.12155753463199806
0.030823820769260046,0.389649606663143
0.031169684918857854,0.37561355439673333
0.038473496075635105,0.157388663679653
0.02330658908388117,0.7450382262331982
0.023748665477636655,0.723869310899252
0.03193626197929822,0.34577766985221375
0.03441004569274231,0.26114260836676084
0.015952809267836487,0.9820242479356995
0.03636280531449232,0.20618007357383078
0.022579359470222493,0.7790525304691654
0.018155914024777897,0.9420387532633039
0.023536602533216044,0.7340622868285306
0.04322246161686019,0.08109958472724353
0.018966619947224483,0.9198056463547606
0.03180679121110205,0.35069430365045834
0.022522282520748282,0.781669840495856
0.027094032232432452,0.5606265735648684
0.028634209601186456,0.48690099417710303
0.03160260401432158,0.3585491640390197
0.022333777854948722,0.7902516431503479
0.029407025037826107,0.4509168090150165
0.04476607153895873,0.06430353147524202
0.03630307915131992,0.20771569359905828
0.020541919801711397,0.8657428961860228
0.01716448449492347,0.9636718581113989
0.03315464294391014,0.3019119421124698
0.02843166040549322,0.49663114881430614
0.04418689892257943,0.0702203416260376
0.02961517420140547,0.44153450036117153
0.031079585397340403,0.3792354418276236
0.03869077310386704,0.1529421305565501
0.024956826070746452,0.6649157548052841
0.021644290632405583,0.8207238710917788
0.03766234327727125,0.17491291626492325
0.036687332049100185,0.19799039800802667
0.031167527686493002,0.37569998820845657
0.02752803044668703,0.541542460181856
0.045510082363162785,0.05733212147544446
0.048448294281573046,0.0357747159388357
0.0380899780504379,0.16549015338130038
0.024638463345552197,0.6805470109001314
0.025011759243130482,0.6622155118559192
0.03245973287635828,0.32640183953022106
0.031841133286326984,0.34938533890091533
0.040597122042915545,0.11812209443407955
0.025892621540496624,0.618935676420298
0.031596105232012645,0.35880119730750626
0.0254798105903431,0.639200576911133
0.021408064724289244,0.830788219045713
0.014448162159179857,0.9943119382890919
0.040533287451134825,0.11917222579467732
0.01985092649202369,0.8911090873007876
0.023441407720570795,0.7386156091414697
0.02702919735848608,0.5637354329597397
0.022440049402911555,0.7854255284765692
0.027311696301420496,0.5502296267991239
0.015881380502333398,0.9828483517501215
0.028197244920339815,0.5080465556024607
0.026121373240733964,0.6077404977696355
0.02253269407564268,0.7811930457260713
0.03308933295076588,0.30415441160913
0.025882107411004718,0.6194509511727884
0.020262551363372072,0.8762888516800114
0.015764005714777263,0.9841447767688164
0.026134799175537293,0.6070844426868055
0.02269780396029264,0.7735945891800766
0.019634851929254515,0.8985283231922516
0.023343575271850103,0.7432793949748884
0.016733712526234235,0.971178923034592
0.02641715162238789,0.5933184224471156
0.021558363817207105,0.8244087745050426
0.03247280841199668,0.3259281271326758
0.02051840317180223,0.8666452105796542
0.04295986699461729,0.08429711463812357
0.039974911086531895,0.12868906982341544
0.02790629334689687,0.5224448492870334
0.029542857451144156,0.44477926719120303
0.014985123179960924,0.9910537307051354
0.01643241262121581,0.9757733058424386
0.041463372930204134,0.10460978332130169
0.024597914286414224,0.6825348574891323
0.020873688544115643,0.8527392344359925
0.02134426735231454,0.833469965422724
0.02791490163117083,0.5220152087893933
0.02572517108727901,0.6271482283157235
0.034788312197256865,0.24971092610613718
0.03203232629521802,0.34216162461442867
0.029689483065242994,0.4382168821055305
0.031350132409222214,0.3684328605409158
0.02205939726532255,0.8025602238231166
0.03702612753467782,0.18971490122431006
0.037505718173584945,0.17846893639271827
0.018833569133125616,0.9237296113671796
0.019349406172114947,0.9079319025982052
0.02549249673517906,0.6385770243282369
0.0296070491634306,0.4418982697722348
0.03891918929760346,0.14837729311791306
0.024120112440573882,0.7058748585213142
0.02604920066618821,0.6112692332968155
0.02832562550270501,0.5017742651615738
0.02465408330009078,0.6797810458620572
0.0279498718167126,0.5202721237527471
0.04617604809382453,0.051652811264467365
0.018160515186892323,0.9419240244094388
0.027652664213395406,0.5352028834770544
0.02051543159599148,0.8667590400278372
0.025407930459538042,0.6427342153250992
0.018785847700462988,0.925111060503928
0.020996594631110588,0.8477965085158115
0.01965008116720346,0.8980137859705453
0.03927829002872252,0.14142383508581843
0.024791050210816623,0.6730597785082355
0.03788504409199228,0.16995391628546572
0.030598488383760322,0.39898773623968853
0.02278933719494519,0.7693530851493414
0.022782792094502347,0.7696570383546648
0.02829455493894406,0.5032877294196367
0.04163137562382668,0.1021437004401638
0.025346382679307444,0.6457605238549626
0.017534069514460682,0.9563248733744621
0.024216314310000875,0.7011902777030548
0.021866073601119196,0.8110916573156943
0.02679005834906273,0.5752461691588135
0.0178424251552316,0.9495435583230001
0.02818458078830066,0.5086679740316526
0.020357648445781806,0.8727419105547075
0.025690678566949288,0.6288413737611189
0.015690957074399714,0.9849159836597353
0.026283221754642816,0.5998403836929771
0.02369620884270962,0.7263967012444861
0.02513267490277038,0.6562701968622899
0.014558106694295136,0.9937322943814955
0.015807745662691164,0.9836699776854548
0.020039288654455478,0.8844366089351001
0.04139383623236559,0.10564486831432734
0.030426408328659116,0.40622215580208587
0.03229374992963663,0.33245858727614386
0.027842934946061604,0.5256138954189202
0.039184334283122624,0.14321711288827987
0.029399970522459795,0.4512370944410968
0.02188350374338155,0.8103274921846391
0.03469323757499565,0.2525478094794081
0.03512880830864551,0.23974940917410195
0.0282742297151215,0.5042793549796969
0.01749593261703076,0.9571222585285095
0.01656712872957186,0.9737845008008076
0.014323928331416935,0.9949171350936327
0.02887135389086115,0.4756665346296682
0.05079653559921879,0.024026447784837365
0.026680601081671806,0.5805363232214702
0.023249160327329932,0.7477642745830447
0.03737424297430164,0.1814979992888701
0.01699938412238855,0.9666818725692021
0.044287914217278734,0.06915621249306533
0.03023090514540927,0.41454991185639395
0.02915964604843224,0.46223837532977013
0.02680720694032479,0.5744185421658783
0.026991057512942118,0.5655667023976243
0.029264672015432036,0.4574090687596665
0.030116264573797458,0.41948700470688094
0.021650923665898603,0.8204383041280281
0.027553395639550893,0.5402485001232847
0.03112636594133522,0.377351886197559
0.028183737609494997,0.5087093652350935
0.03154640846822282,0.3607326700472604
0.038752728993084684,0.1516929203934721
0.021989299088850445,0.8056676899006399
0.03158396502412214,0.3592723505025941
0.02752426679428399,0.5417346190167364
0.023700158358994083,0.7262065437956753
0.02698419777641714,0.5658962591196178
0.035286809310935946,0.23523136720285004
0.032071254022658924,0.3407040523235899
0.027537169214214785,0.5410760420021168
0.026259780610518646,0.6009833837239796
0.03460484856715296,0.255207060545839
0.021309984195146736,0.8349044878627436
0.022858043032836894,0.7661563794862262
0.042692176962281336,0.08766528053384672
0.02416024417540885,0.7039216898970059
0.02597012330282511,0.615139285543769
0.026141954402360557,0.6067348544448685
0.01914339440905727,0.9144289894315879
0.034923946357120705,0.2457057887599582
0.025793719227137246,0.6237847895903788
0.032991517850127994,0.30753580915193174
0.03204298481592616,0.3417620936866417
0.03628143387958027,0.20827440995170612
0.019984658630455288,0.8863910940379935
0.04036108290491314,0.12204347964899612
0.046673983117727524,0.04773002351473051
0.020126814807477467,0.8812728441248848
0.020191062060984755,0.8789254610912877
0.018738376754962566,0.9264715793138467
0.022984229968552233,0.7602574800267732
0.02130887303477781,0.8349509048540085
0.027335874665038895,0.549078700622835
0.024610162253681844,0.6819345131781465
0.02079779664590406,0.8557580499929944
0.038679672429979384,0.15316682504042067
0.03198411754552599,0.34397289325491337
0.023282450517020853,0.7461847794237224
0.04008542698801376,0.12675766547689893
0.02266784150370932,0.7749785827458052
0.028719852782796512,0.48282411212510185
0.03501075455068314,0.24316821749157663
0.023603180848518812,0.7308692631380069
0.026713405740735885,0.5789495084699621
0.030401140265475357,0.4072919830168655
0.01630440376892539,0.9775667959493147
0.0314180148386643,0.36575674346841935
0.018012095861381194,0.9455581045001418
0.03445632246851951,0.25972323313740103
0.030690939200778034,0.3951379162260067
0.013837616668132657,0.9968276995685411
0.03762404276107906,0.1757772490941474
0.03406383109067751,0.271947618353874
0.033668081773449876,0.28470487993398386
0.01608970510167662,0.9803689077108597
0.021826904276801895,0.812805169520129
0.01724616451797123,0.9621209234619758
0.029867283461195326,0.430346749389337
0.017656971626583085,0.9536933631713109
0.017949284155524214,0.947054541100922
0.03322786367273994,0.299412334663389
0.02907788739193895,0.4660209623884407
0.02859799546859354,0.48863156976778055
0.025485882783379932,0.6389021107892257
0.025103347695120015,0.657712349026904
0.02666470355554386,0.581305715320541
0.036391830618898724,0.20543700696361256
0.03217385935748773,0.33688355326374064
0.026745289075509437,0.577408349725292
0.019360676778522934,0.9075693754642824
0.02443276944184125,0.6906209846263767
0.019347107129708663,0.9080057634209915
0.022829277250738883,0.7674961053425438
0.028271058067095234,0.5044342052864594
0.025435752362910014,0.6413663807507393
0.02611421899758426,0.608090137866777
0.04184175445205751,0.09912396043631218
0.027402399343437023,0.5459162952091271
0.040661883145389766,0.11706451627565063
0.018253101855423615,0.9395873261483945
0.0206607443954524,0.8611437877489196
0.026136221672096283,0.6070149399200405
0.038263637894695834,0.16178136340535285
0.03132525277812692,0.3694171306788559
0.030370443395185964,0.4085942578378496
0.03845336398741778,0.15780586586387324
0.024544165733646928,0.6851684078305607
0.03653172232011387,0.20188495132237547
0.02253948386560589,0.7808819552249529
0.02988390159480525,0.42961606692809806
0.018882523074763458,0.9222982086636601
0.0189170487060506,0.9212800231391276
0.020824645688499066,0.8546929903526684
0.020863360393055475,0.8531515719867538
0.038208593215148745,0.16294965715799467
0.026516896231598697,0.5884712453207294
0.021111485845559108,0.8431174314094099
0.02643346109481126,0.5925252392688943
0.04073167059006533,0.11593359860938489
0.024664842898162287,0.6792533513540375
0.023754358471507087,0.7235947933135762
0.01981986682890402,0.8921911842933544
0.025810620725960687,0.6229557957868248
0.030977086727665193,0.3833853625589137
0.024902403364405884,0.6675902365699669
0.042377823368249135,0.09176418115458822
0.05081409027848299,0.023953355826135024
0.0219869281942211,0.805772517218764
0.05970216471177081,0.004474737478281038
0.01810630988349235,0.9432672214923203
0.02565550263331906,0.6305685117392282
0.02483199246808876,0.6710492078873024
0.02844606981408282,0.49593485122902636
0.021370625637638585,0.8323639063135436
0.018768507586195138,0.9256096128219247
0.01761700184766668,0.9545595354871359
0.02506294713715046,0.6596988809536146
0.049637110762486225,0.02931376841579305
0.023710129600938323,0.7257263613038247
0.02549475707265897,0.6384659271917459
0.02873839291658667,0.4819444648220847
0.01856712050172471,0.931265698406282
0.01919962973506867,0.912679966621993
0.026183715207198532,0.6046952266372598
0.02601747646645247,0.6128213689848733
0.022194264705244937,0.7965383420479606
0.02222938894979823,0.7949609665983397
0.028465973594768657,0.49497408238081875
0.02600651545840732,0.6133577882672023
0.022742168641961213,0.7715413127385579
0.03848486909355009,0.1571533696955077
0.04751653668404565,0.04167856529681698
0.026665189905643483,0.5812821735857765
0.021822086455802414,0.8130155720266259
0.015368952454087648,0.9880017755372682
0.03909093985381029,0.1450178908043135
0.033181039581843375,0.30100905120999644
0.049185134297058175,0.0316378126374057
0.019279506206896335,0.9101639614988992
0.023640834369853203,0.729060486140723
0.033513894495198704,0.28979387167375
0.04557546994699868,0.056751705762743604
0.04004965943024655,0.12738013477149268
0.024453653748295168,0.689599363051723
0.03143667048555798,0.3650236933553587
0.01700801442427574,0.9665286479039018
0.01834431004869863,0.9372332196665845
0.037924296912230315,0.1690915809982989
0.030484811132086564,0.40375681716407985
0.025900871630868405,0.618531396960486
0.035739201638273654,0.2226559035219107
0.04042400212596342,0.12098787888602655
0.04416719242194822,0.07042955194784103
0.039784378212506355,0.1320753248745222
0.043054474034007084,0.08313309204171711
0.03255563821878177,0.3229388581167545
0.029895549284900458,0.4291044290664743
0.018258983656293748,0.9394370764389869
0.036982175323014066,0.19077285719100667
0.01994619598012992,0.887757757058329
0.018199527227592327,0.9409459580477855
0.022666037635421077,0.7750618342566555
0.04018242087084767,0.12508218611209826
0.0190323351208741,0.9178285137447943
0.02631029015200273,0.5985210535423173
0.022922748627339784,0.7631359605389353
0.03379011563540779,0.2807244459837298
0.03042673187568201,0.40620846962399176
0.016361945458449045,0.9767721013311984
0.021648892294698296,0.8205257760293018
0.025313716900105643,0.6473668634445129
0.03422005728213179,0.26703117571725565
0.023568362592808256,0.7325399550675872
0.026059462220623053,0.6107673106043722
0.04723463886267093,0.04362437336524433
0.0275452290458173,0.5406648956986844
0.021325273502620812,0.8342653047046437
0.035420288362943086,0.23146561051706632
0.03034283628482487,0.4097678871850001
0.029134795065172137,0.46338596872710264
0.02495707399042113,0.6649035697198111
0.03454879394255583,0.2569044570893334
0.028765149098382237,0.48067683571085473
0.028454854675710295,0.4955106527206614
0.033668074598746434,0.2847051151816345
0.039507504979657715,0.137125289312212
0.025988077131316234,0.6142602995282418
0.02010069900920508,0.8822209835393533
0.04606437539964886,0.052569834110920935
0.017270398123826247,0.9616528666529356
0.028832068752369877,0.47751586503671817
0.04043895081135018,0.12073818948365111
0.0397517011693842,0.1326633181889595
0.027097219002286344,0.5604739038623702
0.020290965006399708,0.875233789742598
0.01924134400694777,0.9113706466896118
0.02700100488545909,0.5650889109361446
0.04458247394505377,0.06613127216741725
0.04413653743858398,0.07075604825240432
0.0207308219515564,0.8584006633947966
0.031347134838661916,0.3685513503334286
0.02673543257134392,0.5778846719471893
0.025211301023430388,0.6524035235186776
0.05213907690149544,0.0189747735786228
0.02967463699974937,0.4388783650598195
0.027413893646971943,0.5453705290154477
0.021673430693784135,0.8194681491419388
0.025945824169787413,0.6163292167054675
0.02671217516637603,0.5790090129493488
0.029371701872769024,0.45252204802358154
0.03357485077117395,0.28777399458836944
0.03425605075727611,0.26590798526247234
0.024606089931497488,0.6821341303253838
0.03092585542640125,0.3854714169996511
0.02496662959640414,0.6644339076997376
0.017444360001878656,0.9581861431086105
0.01926045796947634,0.9107673205754931
0.04575848989142428,0.055153899188466006
0.023925562232351316,0.7153197924362037
0.022846874804453438,0.7666767491799327
0.025797149370419103,0.6236165357866154
0.030830461436076373,0.3893767269979225
0.02070529792973741,0.8594023915360954
0.028187432338216467,0.5085280087852401
0.017288250090077284,0.9613057464803696
0.025620463128942256,0.6322893660615472
0.0294658402359238,0.4482523905666633
0.02454191599642952,0.6852786034746549
0.02788535470741571,0.5234908249867685
0.036864634799917584,0.19362494557990392
0.016264050267597252,0.9781129913523996
0.036052262172015404,0.21426189701355872
0.0350109885198584,0.24316140522512358
0.024518620720103246,0.6864194648975701
0.03840129526532393,0.15888901767579258
0.059740556495237795,0.004439830094352515
0.023534731258900266,0.7341519323644639
0.02850836049746286,0.4929320217436472
0.016284140148119824,0.9778422107276138
0.025257775695542717,0.6501179319036858
0.02170057220845964,0.8182958222834432
0.03491140591719166,0.2460740307056516
0.03869961346465356,0.15276337818307772
0.02115085526801963,0.8415013156777273
0.03469149883182687,0.25259991755404804
0.034023489107070926,0.273228132369628
0.028365403863536864,0.49984088396577625
0.032167519079735696,0.3371187362279435
0.04107869238332068,0.11044301114321148
0.03085886170607144,0.3882111944097285
0.021918665863504022,0.8087828459331227
0.024877527719359804,0.6688124347381428
0.027207795070284257,0.5551846685077519
0.02960413871161205,0.4420286235405606
0.02913993505521631,0.4631484555305238
0.030833562306497975,0.38924935083548473
0.018562952938506405,0.9313801271054357
0.026314487601072578,0.5983165195934772
0.03743762493233982,0.18003269777430056
0.022947917842120746,0.7619585636383402
0.030184400499238068,0.4165478760050122
0.02942219626153536,0.45022852466787394
0.0287670680483465,0.4805860047598198
0.02236817129819596,0.7886931875815892
0.029044447156333253,0.46757392443135115
0.03218227356377096,0.3365716232895229
0.025888370117350568,0.6191440227000635
0.028110709654496857,0.5123023751008252
0.02450999776787216,0.6868416812545379
0.031831378870672444,0.34975677834321645
0.028688639776476288,0.48430737976855326
0.03720291697497102,0.1855060777480242
0.041313948758819274,0.1068445049481227
0.027276533561721827,0.5519048789409344
0.02999947816400228,0.42455744775460197
0.04436116431950082,0.06839318412733371
0.0462167052087869,0.05132239230759472
0.0243703215553418,0.693673989679721
0.035762397581306726,0.22202537350825602
0.04062442334432942,0.11767529685260997
0.02061106317961764,0.8630747527309728
0.02224782354920163,0.7941316323588742
0.03494747702539863,0.24501595825244696
0.017610621167076346,0.9546968841690188
0.03145353065048573,0.3643620871045556
0.015334531324473044,0.9883023964270374
0.04412288379667717,0.0709018824631469
0.02348324529058976,0.7366162525347242
0.03973469045906919,0.13297025415637917
0.05542310430076547,0.010379110193707878
0.018521654597843384,0.9325082839868006
0.014752132652208039,0.9926026006941442
0.04016759643879708,0.1253370833824227
0.021214189400318884,0.8388880390423046
0.03283416561003738,0.3130330250946497
0.025534923141407706,0.6364919281170986
0.027025918232636892,0.5638928083573136
0.02974324416026153,0.43582709261791397
0.037050208674946905,0.18913721614111706
0.030099405853952127,0.42021639691953344
0.040545042144741195,0.11897827667558288
0.014385290296087705,0.9946246612048714
0.03568196613210073,0.22421763685733354
0.022435109684438403,0.7856505496753354
0.022943109021130392,0.7621836239352728
0.02125723749887687,0.8371024764461089
0.03659018764061445,0.20041473278171412
0.03440465551851246,0.2613083124325373
0.02350862770172807,0.7354018783920977
0.035063462102581266,0.24163725323601318
0.028552472630531373,0.4908126043790619
0.0313696276861164,0.36766289400243696
0.032503242624855044,0.3248274574274934
0.034022232558736154,0.2732680894315978
0.023996213618055484,0.7118946011043465
0.017173907594465854,0.9634950277485161
0.025903792977636786,0.6183882505450871
0.03852431820213392,0.15633940442129923
0.028243683764773764,0.5057719672109903
0.04215338411742364,0.09478789394380718
0.02340625433474411,0.7402932927686394
0.024535951321021376,0.685570748100846
0.029617600678766287,0.4414259023958705
0.027268127296048772,0.5523056300740736
0.019669296476544917,0.8973627457828217
0.03980899771039914,0.13163372546223887
0.035773944256050405,0.22171201742819097
0.039471330142246464,0.13779654080313208
0.017616622590434727,0.9545677063855088
0.03941472519826106,0.1388522460241689
0.03318951665730674,0.3007195166800536
0.028679821033492092,0.48472698748350157
0.020987969476546187,0.848145510990806
0.028418712580433936,0.49725735331287635
0.031181738535627446,0.37513085871626806
0.029962754746715947,0.426160388654323
0.022001026445664984,0.8051489073565591
0.03363995502360728,0.28562822380990416
0.03842189911915156,0.15845969796616532
0.017187318340943336,0.9632424256498436
0.018686757672967014,0.9279354460783891
0.019489624605572686,0.9033700799147212
0.04630766942705333,0.050589731418971204
0.025564109312949834,0.6350577916486587
0.027573005309657006,0.5392494581176823
0.040580021393664345,0.118402664477968
0.027059384587499347,0.562287284112376
0.02655481128416562,0.5866311370435735
0.039247834308396734,0.14200311982802918
0.04648564225561064,0.049182369867635384
0.03590501246651279,0.2181789692360673
0.030695563266894155,0.39494603846032955
0.01890316574838613,0.921690301294289
0.05098988899991752,0.023232192169577497
0.03889746205635869,0.14880671588510172
0.025404528487824263,0.6429014777719195
0.01911738538834218,0.9152316466214641
0.030671264321459057,0.3959550550340527
0.021109234738947324,0.8432096445229831
0.04174645469517824,0.10048253136061128
0.018510592721646568,0.9328086820087083
0.03505068908619896,0.24200758622792892
0.026257008467823584,0.60111858263806
0.021088693000900993,0.8440501262804455
0.040694642303094275,0.11653252190052264
0.024086775141752115,0.7074961458578206
0.03647913216062654,0.20321461913408675
0.02884784420019132,0.47677268136672885
0.033445612516992185,0.29206895005705424
0.0266672411665399,0.581182885154431
0.024998621982195157,0.6628613288411739
0.02875823848579069,0.4810040327082353
0.029091428120021634,0.46539309633095277
0.041225050284018794,0.10819271117134698
0.028165953531378463,0.50958287416322
0.023620945830705883,0.73001614068519
0.02625154666840368,0.6013849747948088
0.03753903448979928,0.17770776079361508
0.029860034797932866,0.4306657281041303
0.025655970666466965,0.6305455285036465
0.03517022179045459,0.238558826043077
0.02192149151218903,0.8086585393819317
0.03713216393071361,0.18718156119317217
0.03565823002657953,0.2248677756388194
0.03413092336107171,0.2698279760149085
0.059469506597073396,0.004691724213071616
0.03013227618887815,0.41879505965630576
0.024098935850201064,0.7069048651881028
0.02319666300314782,0.7502508695417796
0.029769872593263247,0.4346466523573822
0.029813803816355067,0.432703880284674
0.0393549577982486,0.1399740540466339
0.014577742476646616,0.993624268111516
0.01889906480063311,0.921811273985527
0.025013208570543677,0.6621442621877567
0.02944389025572791,0.4492455303937694
0.03081147289302477,0.39015736099315423
0.0199787316666033,0.8866022003931165
0.054418099667403075,0.012532616139984888
0.02751794676940561,0.5420573918502339
0.04141210965070241,0.10537204044436564
0.03050277054851802,0.40300077376015986
0.02725744666353236,0.552814946691432
0.02502346856898019,0.6616398649896869
0.01808308112822482,0.9438372040548009
0.029827672057207377,0.4320918003875637
0.03727665561104787,0.18377251738005648
0.042945062827346975,0.08448049744389018
0.031070233508488254,0.37961277004519345
0.03512588243854087,0.23983369550371098
0.031490264931190115,0.3629235384173537
0.03470282953274262,0.25226049634275016
0.039270208288469166,0.14157736714429597
0.03503160754254686,0.24256163133717606
0.02443445550740142,0.6905385164858477
0.031200878564387913,0.3743652764491288
0.02988292411649912,0.42965902247309756
0.02328952273435686,0.745848967102748
0.027026259560081867,0.5638764263749962
0.024173924478567477,0.7032555327308097
0.05814742087097846,0.006118836034646294
0.014267188319094626,0.9951766628272597
0.02964511940570791,0.44019554112424547
0.017827715699664126,0.9498805742918021
0.02442190399318689,0.6911523836785236
0.02872480861871901,0.48258887781639265
0.02564990022376401,0.6308436293751964
0.03185853975754893,0.3487232151689456
0.034904388661815444,0.24628027111390938
0.023458250285259163,0.7378110729980654
0.04009431102700445,0.12660344157364853
0.02901073957148681,0.4691427327621842
0.026807762689441017,0.5743917260090223
0.017579363392845604,0.9553660521422663
0.03215356940780356,0.3376365936228913
0.019839004154630913,0.8915250671376821
0.031858317043423345,0.348731681319918
0.059417041488487254,0.004741970326972292
0.02908460715567518,0.4657093061449644
0.02626269245401386,0.600841377881477
0.040426011062986766,0.12095429875304262
0.020165536995022992,0.8798605855813848
0.025010305073713712,0.662286999182955
0.027333473635382743,0.5491929565388272
0.0360156172099243,0.21523157289195824
0.01992588945184748,0.8884761388546598
0.048060696886589316,0.03813531923744264
0.02189848566339536,0.8096698496443411
0.01751203862671591,0.9567866128762457
0.03763601585960169,0.1755066868877787
0.022132698033420994,0.7992942482073153
0.035133417641011855,0.23961667281016777
0.03397675760080715,0.27471709594521526
0.04209134575867701,0.0956382362319249
0.030834600642092425,0.3892067050188252
0.04683839175192922,0.04649273216881789
0.04348951405215162,0.07795335145302995
0.026590812731783764,0.584885176595015
0.014753756594359624,0.9925925480322749
0.04978530254049851,0.028585231739169572
0.030378968284155095,0.40823231476184163
0.02779653009573768,0.5279425765174975
0.04151992981090957,0.10377413128316455
0.020583962871127903,0.8641231997990952
0.04190534559587766,0.09822596244554432
0.04556563964803595,0.0568386409859116
0.036675936508051565,0.198273589707559
0.030736431575023482,0.3932529906276899
0.03796769133369737,0.1681423244134808
0.027399232412545604,0.5460666991846147
0.019315474212317205,0.9090189416265562
0.031718986867348475,0.3540568873668178
0.038277332604241154,0.16149174522888374
0.03589181527970353,0.21853272463470177
0.04185323041337863,0.0989613993410528
0.023736999106881262,0.7244317293810079
0.022148596376813712,0.7985836946431738
0.020419771846017176,0.8704007244989342
0.028187765596067726,0.5085116527791472
0.027762829904634134,0.529637745990381
0.0204059598725731,0.8709228749539
0.03318958047169712,0.30071733787692206
0.03529589764086771,0.23497348379862812
0.02892381168785585,0.4732043945090525
0.03851237721130596,0.1565854281249515
0.03665283043166223,0.19884877508487706
0.02727757323096658,0.5518553216364832
0.02475246482396612,0.6749540451145187
0.018582391731028047,0.9308454852546251
0.033738842563079796,0.28239176291952556
0.04059491295369322,0.11815830811307504
0.015602585671203067,0.9858131441520863
0.030793804750976483,0.3908846869684448
0.021477852454828028,0.8278366943781423
0.03470380981041077,0.25223114751734776
0.023405417932552797,0.7403331844064318
0.03405847131384043,0.27211748611053305
0.016096891618725573,0.9802792161393388
0.01950063831187754,0.9030070369844083
0.02140309963576459,0.8309974954081834
0.04108304696353118,0.11037550353981714
0.021285161441916167,0.8359402507711101
0.016456386513390764,0.9754270337721467
0.033814660073988256,0.27992890180484264
0.0459668710464704,0.05338195823596661
0.03624725858962491,0.20915893795334825
0.02020016795108054,0.8785910605161044
0.029094821774644508,0.4652358240769709
0.027432055521842802,0.5464557334945854
0.03112685285151806,0.3773323159090579
0.025285499711377057,0.648754505427176
0.03068376082070029,0.3954359141232693
0.02601331861575573,0.6130248410166959
0.02949555939355475,0.4469100597992478
0.04215854660510965,0.09471741888313039
0.02888473264984981,0.47503780228885895
0.027345953686256808,0.5485991667485363
0.03046384950854325,0.4046404777124812
0.03427930797659351,0.26518412642504463
0.035820157775235506,0.2204612843132957
0.03705459057653815,0.18903224740769828
0.030701179814748514,0.39471306388667543
0.047502097765727225,0.04177636277858033
0.01934501720100512,0.9080728797566582
0.022103916404333512,0.8005786263416198
0.03247048597955704,0.32601222994384843
0.033204249895796956,0.3002167906328385
0.033566371405222506,0.28805434395785356
0.031601565333674586,0.35858943732252535
0.04089026981721566,0.11339693538175076
0.04631103476696552,0.05056279987515434
0.030169400690462256,0.41719370464332817
0.024557312233755346,0.6845244124884187
0.019724057928150462,0.8954962063703179
0.04858692960172051,0.03496199182419165
0.040050226632411756,0.12737024416755063
0.029011283035072832,0.4691174117274544
0.037802078234825065,0.17178810429318514
0.020934727923157093,0.8502927320419513
0.03614839284086563,0.2117342580857717
0.039253886061367815,0.14188785921502148
0.05550026518820861,0.010228492767870027
0.03145004392921785,0.3644988393145051
0.04072782553348242,0.1159956731518368
0.024189874033578328,0.7024786548500563
0.03199889877648143,0.34341681410374997
0.030728595231919176,0.39357723613572737
0.036918874952312164,0.1923046874437721
0.04972553853310124,0.02887709794124741
0.020291587037365777,0.8752106472346204
0.05498285194976865,0.011277515904344358
0.02217251982744095,0.7975130190472618
0.022950047272936258,0.7618588868504732
0.017011958341514755,0.9664584758715672
0.019847241673391802,0.8912377351156797
0.026297361350067994,0.599151138745776
0.024167219402141504,0.7035820558568853
0.029587858973482706,0.4427582370264966
0.0379324065250678,0.1689138585797463
0.03233714086316586,0.33086747346029377
0.030309995167658976,0.41116702602057253
0.03836641806901325,0.15961787572605088
0.031090160401387346,0.37880907957389826
0.03486461784776995,0.24745164029657862
0.035307520834047756,0.23464398886865295
0.035886144351031435,0.2186848722423304
0.02637605986029451,0.5953178713742423
0.020921417764948158,0.8508276046372805
0.03510676770391108,0.24038489602386473
0.03225140948502636,0.3340164925334987
0.0362312256526352,0.20957491025921665
0.028443781142573787,0.49604540355154275
0.022940599885150625,0.7623010353395605
0.03289114295821416,0.311034249823975
0.03432347644018119,0.2638135077870203
0.031607616958035434,0.35835483975114946
0.027019623743000543,0.564194937731471
0.025430243868745483,0.641637190286398
0.03271984763127145,0.3170715739716034
0.02455976042897373,0.6844044739637165
0.03521368279426307,0.23731424664469533
0.03914252314304434,0.14402103908898076
0.025196889469496886,0.653112272018289
0.03480812204730843,0.24912288849086917
0.044986004236171384,0.0621710444828929
0.02878605081812602,0.4796880808789083
0.030606272055607953,0.3986626161103048
0.040335809271682066,0.12246962069920958
0.02195883067096699,0.8070134425120006
0.030909498805062774,0.3861390928062031
0.04011684082200473,0.1262130206171995
0.021459937584610178,0.8285961381289495
0.026845454068476493,0.5725738394476951
0.03202011139622951,0.3426199073001313
0.031051360641515424,0.3803750477611091
0.02636544223082643,0.5958347392926061
0.02461313428167411,0.6817888247277537
0.0280267915151432,0.5164509614965926
0.0373828483864968,0.1812985022607567
0.0327967356413299,0.3143511696745952
0.0401055953388027,0.1264077712545519
0.023524440445574724,0.7346448273782571
0.03434024677109293,0.2632944968543033
0.04349318969750404,0.07791077797604143
0.02451210642138113,0.6867384368579311
0.024753512542532857,0.6749026173046764
0.02582123092738489,0.6224354467936808
0.03521780800436669,0.23719637293866933
0.023369443726886374,0.7420478169998389
0.038795133808873894,0.1508426664200895
0.017237810236036655,0.9622814409321835
0.03199733178807668,0.3434757346665635
0.019561608836624195,0.9009849307773591
0.017250183854885637,0.9620435433072769
0.02463798905370962,0.6805702671281222
0.03331698122332283,0.2963906488147002
0.02523606341229867,0.6511857247818591
0.03093018424308369,0.3852948496628261
0.026264028131788852,0.6007762412451473
0.0382309713436616,0.16247388133593516
0.03711154700014546,0.18767202433650323
0.02497185678103825,0.6641769809768849
0.028139080099177205,0.5109046325325386
0.031243456610845433,0.37266612917592457
0.02549533620565425,0.6384374625836852
0.03399496059667817,0.2741363904087003
0.02183365785721947,0.8125100961454147
0.036144777117265825,0.21182890787834557
0.0356007261643948,0.22644884832460163
0.02581083358869396,0.6229453559984718
0.023568632205296924,0.7325270252700894
0.030660690212123975,0.3963947020280047
0.03926309736383293,0.14171256799618434
0.02587713131969449,0.6196948381609118
0.02596083208241451,0.6155942385568667
0.02516481480759225,0.6546896562269815
0.024759120645403976,0.6746273331992912
0.044552104913595125,0.0664378328538185
0.049641715126562125,0.029290888503903073
0.033561644956837,0.28821070025323264
0.04268968422791497,0.08769716857491797
0.02483548039510486,0.6708778980077765
0.025343381218868727,0.6459081167693235
0.030382719165892302,0.4080731323676865
0.049891491394691845,0.028073057663435045
0.03279485068702359,0.31441765771600955
0.017566629194246453,0.955636915899666
0.06988136485307705,0.000470294527290147
0.018970149452860574,0.9197001098009723
0.03223114352817896,0.3347640313617733
0.023553298804414147,0.7332621912364545
0.04152436481896449,0.103708837310886
0.03185570932242221,0.3488308209227326
0.042347243458605605,0.09217134821728741
0.01774348577849516,0.9517842922759626
0.03648135917294379,0.20315817390383062
0.020081335364628528,0.8829217142559103
0.03391401122758375,0.276725860557157
0.028835717233415936,0.47734391757841
0.029624419341632013,0.4411208260633628
0.01818906453355751,0.9412091991019934
0.024577069494939985,0.6835563951903635
0.029118802937599053,0.46412545949626477
0.017551889342817845,0.9559491761462976
0.014643248398526265,0.9932537644061923
0.04183295157084432,0.09924880716949898
0.03308013271873206,0.30447128909198135
0.04363574063556053,0.07627477437414559
0.02279403590333956,0.7691348159150798
0.016495045123116225,0.9748617017460148
0.02321411903194953,0.7494246237546855
0.03867701541628832,0.15322064643595776
0.022287414709022402,0.7923471391163642
0.03881717869462875,0.15040216757274544
0.018787544271626877,0.9250621839252433
0.03470149172819936,0.2523005534503394
0.02417377822064859,0.703262655632672
0.029474187003367958,0.4478751198626189
0.03423969994763698,0.2664177775146777
0.05024337234998422,0.02643327390863808
0.025984984553808016,0.6144116931323926
0.032846304551537586,0.31260640455040917
0.020881841707531934,0.8524133973655666
0.024522529493851586,0.6862280597190982
0.031633865400420236,0.3573385510123185
0.02756295809816367,0.5397611845462447
0.0354739206314203,0.229965622071357
0.05899913674555035,0.0051601670534802534
0.039770605518601454,0.1323228921028313
0.03787569838369409,0.17015974552587848
0.022520146799957494,0.7817676099972687
0.013502995484816427,0.9977775765527214
0.022215450414822147,0.7955873645105461
0.039731828793408086,0.1330219460142781
0.024907260865896313,0.6673515562179594
0.023191454800063127,0.7504972764234786
0.02321233960829494,0.7495088757423649
0.028413385887846365,0.4975151185600167
0.021853052558932995,0.8116618546977041
0.039387417807243974,0.13936388438941102
0.02706313318479614,0.5621075352546304
0.036508747882978976,0.20246498846895167
0.03193167276966513,0.3459510977747723
0.04081516633608334,0.1145923835221219
0.023362456842608625,0.7423805726498005
0.024832547830626828,0.6710219314713173
0.05411684969316499,0.013252387301071759
0.046413775709048866,0.0497465426815634
0.029816703399551003,0.43257585787822356
0.055771229147303536,0.009715114607452556
0.02310994989645976,0.7543464925712791
0.03416422999024826,0.26878033621461955
0.023239327268476523,0.7482304235543462
0.03025956583050038,0.41332183282912166
0.023066009651223296,0.7564161517578571
0.030052588084357068,0.42224648314631946
0.015650144119282006,0.9853351556843457
0.020680508329297576,0.8603724346816279
0.034080211222544565,0.27142897418558143
0.018214525845782537,0.940567402254983
0.05169095750454533,0.020544270799980918
0.03073279100045284,0.39340360420042475
0.04238987474375,0.09160413319620514
0.023957984252569342,0.7137486738807117
0.03463283926901184,0.2543626551520561
0.03969681704170136,0.13365571020714806
0.02886298841597912,0.4760599440283858
0.02298520383598668,0.7602118189643055
0.042512851442045196,0.0899842715035644
0.03343816639648861,0.2923178433695328
0.028317733435628822,0.5021584166379963
0.0399642054102165,0.128877436452368
0.024423584384529406,0.6910702057599661
0.03761710274779295,0.17593422769687328
0.03725977149768922,0.18416832037846098
0.017246632320104024,0.9621119224756939
0.04071041849433976,0.11627703497645124
0.02744881812798522,0.5455956312721572
0.02641103575206083,0.5936159172197508
0.03250871663170096,0.3246297731831134
0.037964289956851804,0.1682165759111649
0.025972793263033367,0.6150085575726046
0.03307518883657096,0.30464166802784276
0.03631014071597871,0.20753367050282429
0.020134066791492544,0.8810089373823027
0.026538379772658965,0.5874284303092447
0.024808599422078137,0.6721980532673681
0.05684220798881384,0.0079066147239311
0.046566776371735674,0.04855210200798884
0.023391367468299507,0.7410031336650507
0.019350276204902733,0.9079039433335367
0.03125237379426957,0.37231096116766177
0.03455471063803928,0.2567248909702339
0.02594208666862885,0.6165122716520761
0.02109481007277092,0.8438000260937908
0.031714236255887984,0.3542394698865858
0.04176299091865532,0.10024568921421588
0.03844600159009204,0.15795866018746088
0.031942347742652144,0.3455477824917752
0.016944475928703656,0.9676461449982335
0.03483331400381229,0.2483766083019508
0.022130625213138078,0.7993868328867737
0.03080474592229432,0.390434172401137
0.02322559312614192,0.7488812053147964
0.049224579692007664,0.03142872210351761
0.024176588189885773,0.7031258039279864
0.021409871501968936,0.8307120405312486
0.02729944647840815,0.5508130483395527
0.024854880197141993,0.669925002679326
0.03811004672460283,0.1650581119727273
0.020453314614058637,0.869128807306901
0.034139828354890045,0.2695475752663435
0.026522520791772863,0.5881981861628984
0.027944750983969535,0.5205271422461897
0.04132087417400343,0.10674006370818269
0.024419506794709667,0.6912696129343601
0.03612669128378876,0.21230283935604316
0.04214155815335985,0.09494949983549199
0.044498975951225095,0.0669770594297821
0.018349552576506445,0.9370963376284545
0.017574863161538112,0.9554618904228205
0.018788082069104317,0.9250466868614641
0.020239541128161065,0.8771403081757275
0.020238331441915003,0.8771849970102173
0.022846441677156465,0.7666969244656701
0.022846982803716165,0.7666717184534653
0.027085394210077163,0.5610404635388614
0.030216883786076176,0.41515161754653657
0.03018215113336775,0.4166446808080438
0.017374835520180043,0.9595941576620456
0.014115149523658443,0.9958223670973538
0.022907908386292974,0.7638295215584222
0.025113594923068527,0.6572084550729508
0.03204260998199554,0.3417761385299528
0.02893021567582038,0.4729043901577705
0.032484223890106745,0.3255149640733424
0.02993136470831531,0.4275337739191205
0.03775040812296637,0.17293835474164226
0.05365459527247368,0.014429350156356161
0.023172173331905577,0.7514090528509811
0.02967559809368625,0.43883552220396466
0.0274952746414604,0.5432162660259645
0.016154642740803526,0.9795482190412943
0.023908024800039174,0.7161691159082734
0.036761147001764694,0.1961636848124256
0.02390211697965916,0.7164551445865348
0.021123325930143877,0.8426320727798495
0.03579933757388826,0.2210240901684069
0.030595938682439594,0.39909427575300144
0.03369798332481577,0.2837257080784044
0.029154420480867915,0.4624795312692394
0.031586274606796194,0.3591826834220405
0.030538592288674865,0.4014956834319913
0.022812097437059697,0.7682953217789548
0.02638477857260768,0.5948935142369746
0.03580582296662704,0.22084865990542446
0.024510335552356044,0.6868251427550764
0.04738993836298855,0.04254286562174207
0.04736291042861851,0.04272939498928551
0.019928188783288336,0.8883949054179338
0.018197206072898126,0.9410044171755275
0.035653569042032346,0.224995611913986
0.029972868342660552,0.4257185322480027
0.016256941390545232,0.9782082672913064
0.03082932096757951,0.3894235819286026
0.02736111792869439,0.5478779617095422
0.036585323661440516,0.20053672614798926
0.033111431054784146,0.30339429083828834
0.03564133995576102,0.22533128397387123
0.030503147058631885,0.40298493411721237
0.046276791466738465,0.05083741504013262
0.025976771084185113,0.614813800978399
0.0329451125557661,0.30914960738952946
0.029283947801748755,0.4565263634082967
0.03814343955330313,0.1643412249339624
0.01363417217394769,0.9974365119899371
0.02874048502501997,0.48184526882567025
0.027985249961082148,0.5185124310988147
0.035629804804894416,0.22564826208665434
0.02932258955439171,0.4547602182362156
0.04362508994222186,0.07639599474518406
0.0257766298767248,0.6246231251493514
0.03205609994037051,0.3412709368717208
0.037011979155289754,0.19005495571350117
0.03306914549493395,0.30485003223097135
0.03103559386340138,0.3810126893997062
0.03901687597561776,0.14645893841344917
0.02899430141917081,0.4699090415464639
0.040398800986400696,0.12140977640199864
0.032263981110146445,0.33355337496170673
0.02569453498962515,0.6286520502407513
0.022134424251823548,0.7992171348037994
0.03906464800653886,0.1455281273244807
0.035325758487206343,0.23412770080121853
0.0352110301621657,0.23739006659966433
0.028153108344618302,0.5102143884938122
0.021269252123593096,0.8366027970889081
0.03620336209582581,0.21029935754123286
0.020703309616378063,0.8594803005500686
0.031691288584234534,0.35512237133552765
0.016092169128635536,0.9803381869753743
0.04081211440107435,0.11464118122504782
0.02595384425284758,0.6159364359192289
0.027952474300880326,0.5201425496209888
0.03382688780429921,0.2795331995155604
0.046299441241896166,0.050655630667154186
0.02347901532502983,0.7368185264331069
0.019476026638755972,0.9038173626262683
0.03018619012766599,0.41647086762993457
0.03404524332814396,0.2725370616772028
0.017141003433007285,0.9641101227826037
0.052195403645698524,0.018785262628162058
0.02637537518323496,0.5953511986994121
0.02748469281290139,0.5437576729495908
0.02823277420341075,0.5063057377962161
0.02182435093592272,0.8129166881410341
0.01484474550680509,0.992012904660498
0.02932752926970772,0.4545347721000284
0.02323816163056447,0.7482856701591951
0.028848013590692445,0.476764705444076
0.0460148372196999,0.05298110152498162
0.024779695426530246,0.6736172764269066
0.024305113106179776,0.6968588372777096
0.03353064281400872,0.2892378473259672
0.029530806441782742,0.4453215244666475
0.03174617318418482,0.35301330980998785
0.01826814262324794,0.9392026831532271
0.032245163754412054,0.3342467469359128
0.03909453182096645,0.14494829531594353
0.03630749824696489,0.20760176980131664
0.028148441645435507,0.5104439425457655
0.021614729127761856,0.8219946286423966
0.02857158720272207,0.4898960479318896
0.022740323397492324,0.7716268088172313
0.0516329213861364,0.020755772836123735
0.017432964199657675,0.9584189912854109
0.04363053982981879,0.07633394674055576
0.035815703054690284,0.22058160981479957
0.027034793798031198,0.5634668733526035
0.021492643587696703,0.8272087563330659
0.022791983125257376,0.7692301800510561
0.030018835528108245,0.423714163312249
0.030064087146505214,0.4217472518570611
0.017746576993054264,0.9517152122809184
0.04105673295923762,0.1107839613360404
0.038965565411256176,0.14746405146229902
0.02325247486477111,0.7476071040043633
0.043346917883607894,0.07962023611475298
0.020267080283814798,0.8761209533481178
0.027955514169740736,0.5199912243897121
0.028796717914552294,0.4791839839660793
0.026462038782753883,0.5911359800073513
0.03790644546261257,0.1694833214478624
0.04420433298268034,0.07003569711632004
0.04535301336176456,0.05874722458889674
0.029196802404529487,0.46052602609094107
0.02344302976402579,0.738538147753758
0.015068920291891025,0.9904423034799869
0.02536165579418903,0.6450095022787704
0.042245920275973736,0.09353127651620965
0.03573174937847434,0.22285876975063476
0.035079450783942784,0.24117429698948234
0.03121605535340377,0.3737589993859018
0.022028043663742433,0.8039520697556589
0.019503806711106075,0.9029024708772125
0.031793666940266974,0.35119546340064256
0.021653089348614984,0.8203450323653835
0.022976063532430646,0.7606402941512495
0.03147562859467201,0.36349622917056246
0.023229123903545923,0.748713936014263
0.028956654501074097,0.47166713936442656
0.024301407895501947,0.697039702712417
0.02598713026034541,0.6143066519274492
0.034806759688063765,0.24916329518337582
0.031535876512285954,0.3611429396795089
0.04176804411281543,0.10017340700785872
0.028333633901969524,0.5013846429198201
0.027941127857419368,0.5207076221106894
0.05005647852202999,0.02729334850425193
0.03939136574021629,0.13928982035577628
0.028664732951970973,0.48544544414544105
0.018329104490949932,0.9376292705839302
0.05176941512183997,0.0202613983310534
0.039939320085070174,0.12931616529995602
0.023954526213677996,0.7139163026176474
0.024293170042737733,0.6974417836113387
0.026615492738401025,0.5836890050288563
0.032730426482367125,0.31669626549438407
0.026331860042596245,0.5974701438349235
0.02452835940563622,0.6859425628348941
0.02363754272537477,0.72921869138788
0.03710684570587164,0.18778400677644408
0.045059001222497064,0.061476767365627946
0.028686800033353665,0.48439489782084505
0.02794872599471665,0.5203291790965313
0.05239432177691955,0.018129451366003836
0.02589477327936407,0.6188302313079322
0.012063088263015054,0.9996679340537398
0.02672870872966268,0.5782096658473057
0.03537442000870894,0.23275440867884464
0.026563893140804762,0.5861905762551487
0.020725494562885194,0.8586099907228488
0.01905511497534873,0.9171371626862173
0.03438074527185314,0.26204431436012066
0.028686710289598127,0.4843991672649149
0.037100610186682814,0.18793261494399938
0.02286784939863759,0.7656992298624157
0.037924047297104135,0.16909705368612482
0.02148675086729246,0.8274590229535594
0.025042825162895466,0.6606882177135724
0.019894734722259333,0.8895740388302618
0.029031305358282494,0.4681851564476074
0.020497703567378567,0.8674372544682826
0.016584152629775417,0.9735256920952329
0.03908165108765871,0.14519798894655495
0.03163763718425276,0.357192683059073
0.02359513584323314,0.7312554510553272
0.026946165237184794,0.5677244585071519
0.036555287995735486,0.20129133764856366
0.03928837643750871,0.14123240900449135
0.019044327174722042,0.91746494746199
0.038604123276824165,0.15470312336340883
0.03788639558067608,0.16992416762061405
0.037417723813653714,0.1804917709174591
0.022547701037614998,0.7805053041596726
0.029446033686294892,0.44914848519126577
0.021486111299290123,0.8274861778316334
0.031568809467324765,0.3598611423495054
0.022365813677766466,0.7888001240335815
0.01950458146189854,0.9028768933081833
0.021373204345971036,0.8322555515649714
0.019097226212169582,0.9158510353680688
0.01982076049097453,0.8921601223338714
0.031262000634230236,0.37192779477850796
0.022145475632075806,0.7987232327839836
0.024138520165842864,0.704979167376428
0.022404375045241953,0.7870491133471098
0.027931539213167753,0.5211854537324042
0.025308597392187715,0.6476186227895071
0.030731363640965986,0.39346266613666964
0.02998428447940671,0.42522014125320057
0.0332821236258487,0.2975698660703141
0.03848675367042753,0.1571144073825906
0.030981029405889926,0.3832251499189363
0.020019575670388035,0.8851436765462769
0.035756993316070185,0.22217215305383836
0.03791049831261989,0.16939432041032618
0.044237102607336376,0.06968975091167272
0.018433328148194317,0.9348858472591578
0.057862102190939235,0.006474696628110186
0.040291377100237835,0.12322175615581386
0.024599270070569168,0.6824684065564786
0.021988379326350782,0.805708358658851
0.019565005565569615,0.9008716642084438
0.044174892327885906,0.07034774435076895
0.024591305660563667,0.6828587512520041
0.01909617315764811,0.9158833245519649
0.02504976625579905,0.6603469517305744
0.017623102028977954,0.9544279866735543
0.021419466615394844,0.8303072744740716
0.018058043621174025,0.9444477898938926
0.021871599467098046,0.8108495048059564
0.03249956022032474,0.3249604901434696
0.029323157044562786,0.4547343145043195
0.040148773577413144,0.12566134433107776
0.036177041465723314,0.21098547663658063
0.04132755430593549,0.10663940177468584
0.03296512380347666,0.3084529342673353
0.028331883684147977,0.5014697774956233
0.03763076384231062,0.17562532864274824
0.02578863681264143,0.6240340993575615
0.013862024091476521,0.9967476949741104
0.0222316309713598,0.7948601563336208
0.04714562288843571,0.04425499264029105
0.04319177670491847,0.0814678642153253
0.02982721889075257,0.43211179183485454
0.0547077356716168,0.01187401311909857
0.028743308592431793,0.48171141216068036
0.02613937214097739,0.6068610138612764
0.024057106935216677,0.7089380455390886
0.023487642358569788,0.7364059572208554
0.03535383050636964,0.2333347152734959
0.02829785669097784,0.5031267612111826
0.04502297286858897,0.06181860032364073
0.02268085819297838,0.7743776019074495
0.04672970253438635,0.047307538261481236
0.032782257757555056,0.3148621116834063
0.03103936003451893,0.38086030971687634
0.018331318110034134,0.9375717029408351
0.030717188306168264,0.39404955285081417
0.021585561362715222,0.8232453479488069
0.039935520698355986,0.12938325585184685
0.032691399283650446,0.31808244956438253
0.03397779730538317,0.27468390290204847
0.026830434487855048,0.5732980546599946
0.04168121865036756,0.10142143196393247
0.016353237292451896,0.9768935696649954
0.02107961444069642,0.844421019170665
0.041466468879046925,0.10456389523199439
0.025842297349615156,0.6214024549227779
0.0394065463588581,0.13900532656356804
0.043739952654972325,0.07509725968084398
0.019408175745908113,0.906033545519366
0.022407816085621257,0.7868926600768151
0.02476280500401684,0.6744464728457391
0.047537135490500954,0.04153939078691158
0.025298260761215552,0.6481269470611695
0.041889938399036764,0.09844290905743873
0.03747779977637633,0.17910877490931076
0.021089917806844258,0.8440000619134109
0.018191430639222683,0.9411497277189094
0.03240372252158319,0.32843667440271157
0.024552621792957474,0.6847541902794588
0.028004531764508206,0.5175549421751194
0.03056512286782087,0.4003834688977836
0.03930489490785327,0.1409193653006121
0.02498766969549615,0.6633997093720594
0.05084959345412898,0.023806134594029395
0.04512295941193492,0.06087392535560415
0.03477595430452207,0.25007829264038717
0.02182895419066344,0.8127156223059198
0.03926730617359292,0.14163253275817686
0.026806337974239036,0.5744604724419606
0.021604970065288664,0.8224134446112801
0.02378471513523059,0.7221302567479968
0.022689881833844294,0.7739607346066425
0.024390743425028227,0.6926758981612317
0.020786515281066675,0.856204598267803
0.025936182300347,0.6168014707797338
0.02515910032272889,0.6549706814315086
0.04831054810137336,0.036598562291089175
0.030788470714912752,0.39110445235207386
0.025975960449752478,0.6148534894098493
0.025714975692673336,0.6276486460474715
0.018453586956788615,0.9343447786250682
0.028136693514701966,0.5110221205876962
0.03054389380571415,0.40127326343443304
0.048805800594058035,0.03371182204052394
0.02952670555874015,0.44550615173267305
0.026077531264337067,0.6098836627120334
0.03306507218847615,0.3049905319539742
0.04715416835533148,0.044194111980445934
0.027901816048806094,0.5226683994422275
0.024928183094664602,0.6663234413982606
0.02056833716335793,0.8647261510942875
0.04089643638130036,0.11329923912734613
0.03364724102462402,0.28538882601230375
0.023244350906007183,0.7479922940194856
0.029770824610771296,0.43460448918695394
0.04882944171691686,0.03357916202162891
0.03414124235487703,0.2695030713084997
0.03485132806087454,0.24784400726845973
0.0158844748137163,0.9828132070373193
0.031382648281629656,0.3671492771084597
0.01693494670803869,0.9678116338443241
0.029323907488721934,0.45470006113084116
0.03886295177599497,0.1494908479622166
0.020122425509426112,0.8814324437717316
0.025710622511685016,0.6278623241691571
0.04062977116684352,0.11758794060284407
0.033555282578335344,0.2884212743700306
0.04676413685832803,0.047048067284185056
0.022427997211917322,0.7859744300102894
0.024433223930375836,0.6905987550644141
0.023119153296202066,0.7539125029181439
0.016669484964546344,0.9722028614247532
0.02419007622978342,0.7024688046818061
0.036536470128132104,0.20176524522636075
0.04707026743395215,0.044795010035442985
0.028871801087582027,0.475645509944642
0.018469030144141363,0.9339306215495307
0.021135912144668256,0.8421154887023016
0.02815193135931271,0.5102722780079112
0.030109150604536172,0.41979468545114296
0.024260047073137975,0.6990579134860904
0.02529824157804894,0.6481278904373977
0.03561110211360689,0.2261629294505936
0.01937409390222483,0.9071368545219601
0.027713680849510314,0.5321160923306317
0.026428002085318814,0.5927907028308631
0.024917284587876454,0.6668590063226041
0.032484350613317226,0.3255103796808815
0.020863133373938303,0.8531606301170587
0.015335595854053863,0.9882931813391759
0.018525655069434266,0.9323994610533686
0.026047585275111224,0.6113482528111465
0.03185799104891429,0.3487440737876983
0.0540758593488288,0.013353148727178969
0.027330562780047196,0.5493314840009995
0.023924133072021514,0.7153890190819991
0.02796459940160284,0.5195391248644938
0.016332988044227337,0.9771743625116392
0.01976073491472083,0.8942368926886909
0.034249731009482365,0.2661049379115334
0.03346807980464106,0.29131891105020463
0.028428341405814406,0.49679161966959295
0.028607386085799436,0.4881824369381653
0.022610834752549075,0.7776055992766902
0.022911980649714447,0.7636392522826221
0.03131806024700101,0.3697020209590134
0.017457532612303317,0.9579159825148137
0.021328889696919623,0.8341139914327278
0.018558130498680048,0.9315124035849922
0.028532823551703612,0.49175594092987046
0.035786703314426016,0.22136615687468736
0.015323844152332122,0.9883946205764422
0.013510204879606955,0.9977598162923108
0.032288876379382714,0.33263764092034126
0.027075973763450056,0.5614919515561884
0.033620156752379615,0.28627949355310645
0.024429559531597422,0.6907779809979958
0.0231073166117772,0.7544706348049448
0.04417324304023673,0.07036526039169384
0.021942934661622282,0.8077143510099991
0.03295903048228557,0.30866494577074616
0.03826558814287473,0.1617400938201423
0.025617226949047223,0.632448320537863
0.022195206336328654,0.7964961029200865
0.021763759382777942,0.8155565033544706
0.04876335033219581,0.03395118224421123
0.035515697717961814,0.22880238520451882
0.03618825512979662,0.2106929493610585
0.020443282179515077,0.869509801668872
0.04625842501451549,0.05098523537499587
0.03871328956221359,0.15248717859984828
0.024350019319264726,0.6946659249445051
0.03501073373030217,0.24316882370661524
0.025876847758457666,0.6197087363706254
0.032398068045621675,0.3286426079856908
0.026847845203582965,0.5724585671191845
0.031045440874998997,0.380614368104772
0.027799948601259533,0.5277708100838143
0.024029830235170135,0.7102629046108759
0.01942765163576521,0.9054000899463075
0.024554987810362916,0.684638284160529
0.03269301971014987,0.31802480685363543
0.03016581866336987,0.41734803243721463
0.024409714464188714,0.6917484413549024
0.021149653380183125,0.8415507482869322
0.0446963529286154,0.06499244371185785
0.020522102928520247,0.8665034284771926
0.034066639495607176,0.2718586431197433
0.0234985233275275,0.7358854271996902
0.01637585127911234,0.9765772402120078
0.02005778927672308,0.8837711840901505
0.016136753003228838,0.979776613005588
0.03330667050986558,0.2967390960358605
0.03866614585517458,0.15344098264397515
0.020136628746667995,0.8809156408525517
0.039018321051649374,0.1464307114857726
0.029715978679369093,0.43703800244139474
0.0257444258889796,0.6262032613295117
0.015224972159535527,0.989223130767434
0.033355429563422634,0.29509396179175007
0.03197074150215057,0.34447666362649215
0.03216809890604333,0.33709722354966193
0.04416732961703529,0.07042809361200118
0.028495700715440497,0.4935413602172281
0.028519932597324993,0.4923754586414432
0.025359499232217475,0.6451155449559736
0.02278146497168851,0.7697186573748729
0.027554019683729725,0.5402166897156976
0.024862576916813456,0.6695469159535683
0.018008581003612245,0.9456424958047922
0.01537385393132118,0.9879585207680478
0.018731268789960565,0.9266741165628052
0.019423302096792994,0.9055417465155505
0.05167193452390495,0.020613384155955202
0.025671349021663015,0.6297904006044481
0.02166186659342617,0.8199668410074266
0.02319273356951579,0.750436780996131
0.022934464806470267,0.7625880594460503
0.0442231445135729,0.06983692718538591
0.01843270038648956,0.9349025728792677
0.04224325421839731,0.09356728495486911
0.047496200121875526,0.04181636604646457
0.031119067410639384,0.37764531980306304
0.04658516833323134,0.04841020481956987
0.051165324304629944,0.02253179656266156
0.022261474490736288,0.7935168604475838
0.026750346459279872,0.5771639887986382
0.024335977273138187,0.6953518126679841
0.03269182026170436,0.3180674735682701
0.026261623941450152,0.6008934867333642
0.04214412648510646,0.09491438313292201
0.030200492238607102,0.41585579092585817
0.02876401100015935,0.48073071134453493
0.026912091291928397,0.5693638391124196
0.03917708651432028,0.14335620872945964
0.02999322948309091,0.42482990786785274
0.034405269660213095,0.2612894285631452
0.04042073767618762,0.12104246171870954
0.038316420554565134,0.16066739041312217
0.024744213351979072,0.6753590573894108
0.030038689842684263,0.4228504095559054
0.018600402076409728,0.9303480619675693
0.02598244810223077,0.6145358663576463
0.015718769160221413,0.9846255448694321
0.01989280951018274,0.8896417141669135
0.018965043108864266,0.919852771735674
0.022995857379436102,0.7597121811127303
0.039641754147814456,0.1346574061412498
0.021529095202094117,0.825657740709614
0.023116653741193982,0.7540303871193298
0.017042168911669542,0.9659178167171159
0.02088044886556162,0.8524690823739701
0.024269827457598203,0.6985808064254443
0.027046338129863234,0.5629130120320887
0.03643923274834293,0.2042279756312905
0.03140810416720441,0.36614659296434227
0.024363701276473027,0.6939974803409572
0.04622573452518974,0.05124925948681358
0.028673935335393474,0.48500716780651354
0.022118621282571416,0.7999227413022069
0.02972343021321544,0.4367068422202001
0.022177269371698505,0.7973002504860879
0.029343379139835757,0.4538118918814681
0.018102328701589898,0.9433651505281764
0.027806222789597435,0.5274556476623888
0.03017822289644914,0.41681377506349726
0.03165692286884447,0.35644749912292023
0.01646988843375491,0.9752305633804634
0.022765552579258497,0.7704571538956401
0.032523778071820164,0.32408630552422957
0.02756946913613323,0.5394295289390426
0.034857438945098296,0.24766353113165934
0.02872173362388794,0.48273482714647015
0.03936643886484581,0.1397579903518051
0.03188553100444247,0.3476982681960581
0.022243426539045263,0.7943295357142286
0.025123795598409382,0.6567068405915404
0.025072822789951488,0.6592133044503098
0.01831243530979909,0.9380617936241584
0.017839488355949062,0.9496109532202747
0.029209647551874607,0.45993503204816216
0.026117543677725744,0.6079276507883089
0.03609120895937734,0.21323503131360722
0.022436120474912835,0.7856045101144005
0.045209954182708456,0.060062083924205284
0.020561615550898138,0.8649851643003508
0.028501048056467138,0.49328392389483416
0.039322190197252554,0.14059220352045276
0.024154485818419308,0.7042020380800857
0.043275803071954555,0.08046272563640389
0.02854419671720504,0.4912097822383476
0.03240950350767727,0.32822622984939254
0.028005670508961356,0.5174984296610156
0.03466892023936874,0.25327731161161365
0.03060613034974413,0.3986685334605925
0.019742993533651054,0.8948469640604958
0.028955124123582587,0.47173869829293397
0.02666537828911597,0.5812730549653062
0.022742757992282314,0.771514004529507
0.02873045017533414,0.4823211854313287
0.048704717749094184,0.034284238996308614
0.03628991332139117,0.2080553959505755
0.04107951990886172,0.11043017966316104
0.021166488178252618,0.8408578046053468
0.02001421367984063,0.8853356498272105
0.027210295711500243,0.555065240859831
0.025846019657805808,0.6212199533335124
0.021460529819738894,0.8285710516779262
0.022608828401880166,0.7776979075873341
0.04376897580990857,0.07477207635831562
0.04847839002925991,0.03559689285808123
0.025316927337913575,0.6472089863746466
0.03180581913231223,0.350731405695592
0.041649476274967845,0.10188091322808017
0.01556473458379333,0.9861855965201791
0.03671788451399016,0.19723269971580418
0.022642348666905843,0.7761543668609482
0.022059187723040885,0.8025695361123151
0.03625092557710263,0.20906388883584176
0.02194812392632317,0.8074856296665953
0.03919807725292945,0.14295366438062732
0.027677285365502402,0.533955980638888
0.04833743660631645,0.03643645320751036
0.025361655697232754,0.6450095070463026
0.02870813686914897,0.4833805165101207
0.027800203511298582,0.527758003257089
0.03980053997856969,0.13178529555955967
0.04022882106271142,0.12428710676758205
0.029462244593865594,0.44841497737459707
0.03765485628844989,0.17508161005472883
0.03168540595049174,0.3553489546230896
0.018493044352541954,0.9332836816823906
0.024694177705388898,0.6778143739780866
0.04158620288758216,0.1028019829828297
0.019781632377127156,0.8935160965977147
0.031153791083749383,0.37625069952068435
0.027946330772295913,0.5204484600950794
0.02625945440939037,0.600999292425146
0.04521057216597896,0.060056350219867986
0.02950752842979454,0.4463702092402422
0.03892262027173299,0.1483095740495767
0.045618989160660206,0.056368210784055746
0.037105676894433615,0.1878118554462861
0.015382459761228318,0.9878823048503631
0.032631119469944514,0.32023216250936576
0.017094063794823727,0.9649761004391422
0.03767180837056738,0.17469983750537826
0.022486471875314717,0.7833075875908556
0.03355363844181769,0.2884757085098308
0.03429943676892022,0.26455883454504164
0.024459944042129367,0.6892915957825345
0.03418560621275868,0.2681095706632073
0.046839920481495434,0.04648135910740126
0.017760290028529038,0.9514080423614074
0.025476210262509236,0.6393775471335404
0.022207272404986544,0.7959546153631512
0.02423829912145281,0.7001185295882748
0.02558894445638249,0.633837632783157
0.01924381743607642,0.9112926931759556
0.02344885516110279,0.738259917415976
0.04383847921635825,0.07399818996437874
0.03579181892973282,0.221227604718268
0.02827898322063574,0.5040473298774005
0.022954048406314542,0.7616715705998492
0.02287363139101417,0.7654295848226905
0.02671630368462541,0.5788093845872961
0.023056646256693458,0.7568566736142667
0.02745643195593539,0.5452052349778933
0.018897573916108218,0.9218552281495008
0.038320355447056254,0.16058459173403342
0.04121739968618332,0.10830939343804435
0.02112034827269267,0.8427541903611653
0.024315996557297576,0.6963275105467763
0.02036109484942661,0.8726125250895327
0.021622455720984646,0.8216627917495319
0.02399494007436831,0.7119563925565171
0.033493343096943407,0.290477235475344
0.022067086517819218,0.8022184094827886
0.023939028042185062,0.7146674090083736
0.03645132149788133,0.2039205325273768
0.016969544083238086,0.9672081762835884
0.020153768123253535,0.8802906260532803
0.027747734792934797,0.5303981517941674
0.019588486451766696,0.9000869130355219
0.021954595002166954,0.8072002880339821
0.02739222621062465,0.5463994892357769
0.03518955303967808,0.2380046280880223
0.017121961254405668,0.9644630540197816
0.0295609970292966,0.4439638746011349
0.013765728088552726,0.997054468442363
0.027773921857101314,0.5290794300260485
0.03234099009275712,0.33072659093182827
0.013570289877525565,0.9976073994366291
0.04186176584788469,0.09884063600513036
0.03626904378211426,0.20859475438062888
0.027303191590318687,0.5506346579764156
0.021793503069304332,0.8142622265256039
0.02963298276075932,0.44073788681009307
0.029679815995905467,0.43864753316746374
0.05453676913005634,0.01225889220106563
0.027135249742159973,0.5586529596851657
0.031357132210174055,0.368156272628215
0.03486299885637345,0.24749941402841646
0.03199850897456136,0.34343147042712524
0.031609943678273994,0.35826467096693854
0.022007933452296624,0.8048431556061997
0.021089791280011316,0.8440052340330451
0.021173191129614133,0.8405815769262973
0.033053371174149415,0.3053943969752436
0.024563076432673678,0.6842420155039841
0.022601880274003783,0.7780174982276167
0.03212370894030814,0.3387470330249201
0.03847005950589033,0.15745981778796087
0.028230020720773935,0.5064405136478947
0.0349743690112031,0.24422939398470037
0.051515799765162185,0.021188513932748697
0.01590161547062896,0.9826176176382329
0.03630958606107815,0.2075479631190708
0.030578167374903154,0.3998373964073088
0.019903033292846817,0.8892821000678496
0.030471425553119214,0.4043209479454091
0.026256891080403327,0.6011243078167314
0.019881845779389895,0.8900267356825685
0.018753861763665336,0.9260292807105364
0.03556799014244583,0.22735274477211062
0.03679179647796127,0.19540909171537416
0.021322580397946767,0.8343779593951732
0.030356137333075017,0.4092021472803656
0.027209262352470398,0.5551145918408411
0.04235284656519611,0.09209663067230042
0.02157700493378073,0.8236116588025975
0.03793144665051629,0.1689348864846955
0.018773350301589498,0.9254705613843848
0.03649868166113168,0.20271954101858033
0.04125199498787402,0.10778259583045935
0.030621466906322392,0.39802846140243986
0.02777680092839574,0.5289345713513067
0.027554881281056764,0.5401727720313105
0.023506556080520213,0.7355010299262363
0.03756029197997174,0.17722343967783766
0.0216577686631841,0.820143445824858
0.03198002315902032,0.34412704056452137
0.031481257007413777,0.36327592505050404
0.02691584255138274,0.5691832896408571
0.022758205390356112,0.7707979352219733
0.03327060821623684,0.29796018655930046
0.023094431366917578,0.7550778888163309
0.026286814553997062,0.5996652351316554
0.03044593331172707,0.4053968071524579
0.02221623424772423,0.7955521543697219
0.030309455567498755,0.4111900419936203
0.03404841806387715,0.27243631877070706
0.017946851962349186,0.9471119889886463
0.03682298759416225,0.19464350420276832
0.03289204207295526,0.3110027836792964
0.038620325314616566,0.15437261362278573
0.026841628932713885,0.5727582558746329
0.03217234520444723,0.3369397077424868
0.020592873221353614,0.8637788599728597
0.03959480014190042,0.1355164089978854
0.046459187681700986,0.04938939892015984
0.04001141351663362,0.12804850016702715
0.026921061513279443,0.5689321266781275
0.03733839625452495,0.1823308943047023
0.05763415847747122,0.00677245903970498
0.03704134312429119,0.18934973140914507
0.037973233622633495,0.16802139317910914
0.04228486132508194,0.09300664891043861
0.028936331123022463,0.4726180188995545
0.020699761621997048,0.8596192781834262
0.03810027668569771,0.1652683300686487
0.02863992209198052,0.48662837159129013
0.023287463886036863,0.7459467374510512
0.023484364712716477,0.7365627177275926
0.017534027592473578,0.956325754882584
0.04174672913802063,0.10047859681960045
0.026650132412952166,0.5820111426364124
0.019616322407817355,0.8991526315020633
0.023446129990134845,0.7383900829657183
0.034748008303683076,0.25091056437641235
0.020469381233985118,0.8685176439039359
0.0365115646449804,0.2023938035178673
0.02304232229768366,0.7575302257593574
0.026304067009222165,0.5988243217871068
0.06052017478602417,0.003782903741178797
0.02374196135206086,0.7241925294244193
0.021683924843889923,0.8190151846744469
0.02921243555667391,0.4598068244807389
0.018738645090120465,0.9264639272495044
0.026106663289595045,0.6084594354116286
0.03361506077640308,0.2864473054426009
0.04412335256314781,0.07089687134764995
0.02646032955760158,0.5912190507645181
0.023029733566226007,0.7581218304761668
0.01593250383612277,0.9822612566572286
0.015027204702165009,0.9907503839664044
0.01620607707051902,0.9788817563890395
0.025100533146160897,0.6578507489427488
0.02210272966209209,0.8006315297005723
0.020038731768993956,0.884456611197046
0.06061610942557663,0.0037085635809166358
0.016605735192947613,0.9731951479656853
0.031102756240393714,0.3783016790036052
0.02325483449024035,0.7474952015312872
0.04433585403749074,0.0686560204348364
0.026036018896217872,0.6119140885734352
0.032820425527892105,0.31351643016588726
0.02121520881431538,0.8388458422040945
0.018274546481181986,0.9390384875225085
0.026356725752373245,0.5962591295177567
0.05283334019425234,0.016753939195476027
0.01673756466022147,0.9711167347416135
0.02175218181550509,0.8160594646482924
0.035814663967309646,0.22060968368165634
0.024246018088316168,0.6997421334734127
0.02536151008316756,0.6450166671795349
0.02448481220843768,0.6880746072491566
0.038634844721067124,0.15407691125367376
0.02078543979665276,0.8562471390499995
0.028641230324749634,0.4865659514461359
0.018795758260904516,0.9248253004592786
0.04498027921321923,0.06222577803744051
0.040666037852940096,0.11699693508194986
0.025584467021037227,0.6340575979455035
0.031571919523700975,0.3597402612711335
0.023879507496041397,0.7175494010782875
0.015030698122853736,0.9907248670575004
0.039294783663621324,0.14111091791876015
0.024980111657500914,0.6637712253023436
0.021159533372240802,0.8411442157453173
0.022817719607204467,0.768033849978079
0.023737055399485563,0.7244290160412528
0.016745476648212965,0.9709887285405746
0.04375786285002081,0.07489644769355268
0.0251807648417407,0.6539052620461283
0.03867432410906335,0.1532751780161886
0.03269290189088847,0.3180289977294485
0.032021084157613816,0.34258339480377437
0.027907445463102865,0.5223873341742133
0.02418820696353871,0.7025598662208883
0.02423698897891402,0.70018241026623
0.022057172076375253,0.8026591066030395
0.022049192678829932,0.8030135661277287
0.033365385227608124,0.29475888654857363
0.023019651112541673,0.7585954140648121
0.022235788470797477,0.7946731791632295
0.025276553368592802,0.649194470252157
0.027693658660209786,0.5331277785713586
0.019402074393031543,0.9062315480634793
0.0395387822053348,0.13654706246636306
0.029171654874616315,0.4616844910557875
0.033136025120135526,0.3025499571332036
0.020337506542641465,0.8734969100762842
0.041451354772818416,0.10478807467481974
0.019323809442883755,0.9087525293136378
0.022433293785730335,0.7857332533444075
0.022241082928568072,0.7944349951226259
0.01629090364283703,0.9777505404159138
0.04541753876056748,0.058162300279404805
0.01705689311396219,0.9656522922882258
0.01721921683144001,0.9626371458753319
0.0393889183982004,0.13933572922777915
0.023951605805323295,0.7140578590012797
0.03205443824950688,0.3413331385966808
0.025621619344993407,0.6322325759036036
0.04025305587495637,0.1238734869903872
0.023447373981195896,0.7383306662810336
0.027478027040820696,0.54409888996596
0.051417748455772516,0.02155694879032784
0.0206842042898136,0.860227987325505
0.04377587123849702,0.07469499381736082
0.04106598401100914,0.11064022009918999
0.043312566909133654,0.08002625347291362
0.022290720850331014,0.7921979149136128
0.01841162411201014,0.9354626987826383
0.021257167081197736,0.8371054033571101
0.021299962065322392,0.835322969582045
0.01567275011347158,0.9851040095001762
0.018498787704627206,0.9331284294260017
0.03830837194277595,0.16083685725191962
0.024898992236193296,0.667757843456821
0.031003544017514956,0.382311152167878
0.01845778152909322,0.9342324338265493
0.022118091949593577,0.7999463628490571
0.030465010882303356,0.40459148397385275
0.017201281603305252,0.9629782409915606
0.015266605922385046,0.9888796552869361
0.020782626082145123,0.8563584108460542
0.020928919995685615,0.8505262203550169
0.03183904933305348,0.3494646703393356
0.0279598436639642,0.5197757491551717
0.01343610213249885,0.9979371175433887
0.034583231445564966,0.25586064273317455
0.03684232666431997,0.19417000983177599
0.030393418873924744,0.407619284838355
0.02124083853656092,0.8377835605135325
0.02349677430852709,0.7359691106070001
0.04432392324213136,0.06878021454844935
0.03662894563715635,0.1994447181057582
0.025848719679251342,0.6210875777383577
0.03634778669198624,0.2065653819335066
0.025911427990846725,0.6180141548158145
0.034149122717876956,0.26925514729357314
0.032736914551030616,0.31646624686995667
0.034894666030374555,0.24656624116478948
0.02457884095672236,0.6834695907409252
0.025154249666591078,0.6552092241205458
0.03921722024249685,0.14258735373966622
0.02381642465308431,0.7205991608172887
0.023117101839891352,0.7540092547741554
0.025284021331629825,0.6488272091977091
0.022098103319478035,0.8008377240712742
0.020134346552707738,0.8809987511944638
0.03141790378026044,0.3657611104759907
0.0443741509828372,0.06825865624886022
0.02594970985519074,0.6161389121638031
0.03413800606117068,0.2696049379131255
0.04209882953384464,0.09553532142475257
0.03636064726304156,0.20623540468493853
0.025639127042182852,0.6313726974830186
0.03269755509147387,0.317863512175865
0.022018271374352028,0.804385242354853
0.02193915469240626,0.8078809009125195
0.03797416359418426,0.16800110825457598
0.019879463474817394,0.8901103119253585
0.03531662009990799,0.23438628960248517
0.038459102889722235,0.15768684680436404
0.039291084166673484,0.14118105585239904
0.019787781140566785,0.893303561741586
0.01868737819917976,0.9279179449094922
0.04122061743543559,0.10826030558812832
0.021441308292134642,0.8293845733344423
0.022199390203499147,0.7963083933503201
0.01632700052498315,0.9772569465398206
0.014564487094875789,0.9936973445714689
0.021284326948762644,0.8359750285115188
0.021593331794712733,0.8229124539959245
0.027755441651333035,0.5300098391746922
0.03528935933758204,0.23515898774646166
0.023403859498170754,0.7404075097113996
0.028915008599553593,0.473616991055908
0.03245432786027591,0.32659780291536017
0.020150199557027015,0.8804208834439615
0.024184726407926377,0.7027294133561034
0.03237395698808743,0.3295217699899964
0.03315877694508401,0.30177040817652795
0.04270190371797333,0.0875409451675705
0.019923455859616274,0.8885620850428598
0.0250327844963687,0.6611818643838585
0.02942112982421996,0.4502768837099103
0.023357473158441278,0.7426178723971412
0.019050859162774547,0.9172665568697499
0.03498979765414589,0.24377899075496873
0.048076553664961885,0.038036140011171095
0.02715658886040928,0.5576320463523371
0.02225030338359224,0.7940199933535332
0.049219928154352555,0.03145331541750571
0.04668304722688632,0.04766107435668848
0.021321862331351693,0.8344079918508409
0.024109671921516834,0.7063827299421246
0.022797135443010458,0.7689908045523708
0.03090706507269625,0.38623850627467277
0.06499226747683479,0.0014504255969824992
0.02953126467998768,0.4453008971369616
0.03221258047780462,0.33544981250000794
0.02982834386300215,0.43206216480763066
0.028999455648019423,0.4696686751405373
0.018227849118024442,0.9402299547335703
0.013048869426496454,0.9986912171187434
0.017371164984237963,0.9596676589314255
0.04732126768710754,0.04301817863486953
0.029614933049956327,0.4415452941668966
0.019305895166024767,0.9093246144979805
0.02793730651429699,0.5208980183903612
0.023697457311269765,0.7263365935616592
0.015625325694078818,0.9855859926105773
0.023568796155952643,0.7325191626393137
0.025167798693503163,0.6545429149252248
0.026041518228795912,0.6116450468593742
0.027037887423637552,0.5633184344621232
0.046765410263912344,0.047038495554287
0.029636391285966998,0.4405855261866908
0.024420957430146384,0.6911986735608356
0.057610269600478825,0.006804377261634209
0.023785648958486838,0.7220851857518547
0.031601328738386725,0.3585986113981974
0.024211970718395315,0.7014019747923927
0.02398794172516061,0.7122959155194096
0.021254921436935748,0.8371987331130246
0.01853404331373848,0.9321709598204695
0.04079294784381515,0.11494802928671058
0.02764782228519383,0.5354483084143794
0.024267698406408855,0.6986846727673841
0.020403228007651653,0.871026040703213
0.01870694805141615,0.9273647977736087
0.01815560789709264,0.9420463817916801
0.023174476688101242,0.7513001702500427
0.03075149806011468,0.3926301022591181
0.028151557421323595,0.5102906708577971
0.03308497332251448,0.30430453718842443
0.02640675565499309,0.593824133638863
0.018832404494340982,0.9237634893077263
0.03241108766791412,0.3281685788765925
0.019369789248281477,0.9072757338038624
0.026307464750213616,0.5986587381150339
0.025958087247904604,0.6157286511620694
0.018559443055386482,0.9314764151346668
0.03478070208243689,0.24993710560150115
0.032121600463145494,0.33882554128283493
0.01806943785352917,0.9441704067988557
0.031674442269353675,0.35577152028485515
0.036052025575306346,0.21426814679569836
0.032786290355825476,0.31471973559564675
0.022148571981221776,0.7985847855607123
0.029514631265906394,0.4460500489833191
0.0369610482475794,0.19128304821543524
0.02586405390023455,0.6203358444435578
0.020819193802495417,0.8549095194561569
0.03049500880070871,0.4033274030474384
0.017665725367004392,0.9535023292078723
0.04299041757719013,0.08391973644825278
0.03510992259391371,0.24029385367697795
0.03753970867168316,0.1776923844311428
0.029437591446358657,0.4495307937427074
0.02822127641287589,0.5068686761191492
0.03606824363806649,0.2138400685710307
0.02570754061157232,0.6280136051604603
0.029226526966044775,0.4591591858868545
0.04060306901831234,0.11802465084933125
0.03501548723673231,0.243030448499107
0.027548595531096454,0.5404932224553396
0.02091625314440282,0.8510349380715341
0.018395586822336663,0.9358870660009763
0.04842525728228758,0.03591135689847672
0.02872425776030718,0.4826150212585384
0.02045574649542209,0.8690363802335289
0.028218703086734687,0.5069947220810008
0.03483087886347758,0.24844867201301998
0.027467311387736032,0.5446476942978049
0.02316155160397193,0.7519110220132136
0.024679808919879587,0.6785192645608911
0.039298485194927846,0.14104076970859938
0.03530655871250288,0.2346712496929763
0.022406935811341885,0.7869326864954116
0.039471728934436956,0.137789126377558
0.020699095015593777,0.8596453832098345
0.06660341468728087,0.001009790867444944
0.031781886384179336,0.3516457467694073
0.04049388635929352,0.11982423022813267
0.023989066503872003,0.7122413508602788
0.025628360755338253,0.6319014646708955
0.024279799123117618,0.6980942853354228
0.0356241578413132,0.22580356204757063
0.020198194313774398,0.8786635751812392
0.024412973656607106,0.6915890798859519
0.028759437739249105,0.4809472412534197
0.026016140688092215,0.6128867366116761
0.0214826661169306,0.8276324273629091
0.019878893549423682,0.8901303016065354
0.021253493441671045,0.83725807054558
0.03980168444289767,0.13176477741066897
0.027446433298673023,0.5457179478840433
0.01807539025756899,0.9440251774622763
0.03187710711283759,0.34801792008511984
0.02245470842103442,0.7847573679532476
0.035563292432968074,0.22748268399509208
0.019861990695066403,0.8907223655790978
0.020494234589462312,0.86756978981621
0.022815330564422642,0.7681449668150967
0.018957835439131543,0.9200679911353712
0.014863426472145225,0.9918898599938237
0.04067201908785756,0.11689969971236805
0.03501921112983486,0.24292208742643512
0.02260435845329878,0.7779035243970107
0.023933992242555657,0.714911405151927
0.02555868293742558,0.6353244136712957
0.021012501221730595,0.8471520378826849
0.03159019037004113,0.35903069433453094
0.02812258148382052,0.5117171848891571
0.04189122848363275,0.0984247282418066
0.015863493403802553,0.9830505301242428
0.02081492093848536,0.8550791291384013
0.03382464180495387,0.2796058511415316
0.033621809778551115,0.2862250746316053
0.03471827240986103,0.2517984483006452
0.028236036292614286,0.5061460964861934
0.028697566178847278,0.4838828889778278
0.020695540746752616,0.859784537740439
0.028280139526288606,0.5039908993031104
0.02585984303166966,0.620542263482702
0.025357092263273318,0.645233901259181
0.031078041372314208,0.3792977217750789
0.03288496439347688,0.31125054281727205
0.04165695425506433,0.10177251139265338
0.01929692289731448,0.9096104445902179
0.023652740717780896,0.7284881035425564
0.03733527650122759,0.18240352425470818
0.02454310673065252,0.6852202798235898
0.015389002733221802,0.9878241269206883
0.028588223706470073,0.4890992148169841
0.015674964152464388,0.985081233591955
0.03762661061011047,0.17571919421503662
0.028290599170110897,0.5034806257116914
0.02506296294899424,0.6596981035105425
0.022636248998739394,0.7764354554160121
0.02554102236295802,0.6361922095144565
0.032578216607380306,0.3221274811126132
0.025712969011502274,0.6277471441263043
0.024762697789758703,0.6744517359292725
0.02492159220927563,0.6666473285578676
0.017074488885649886,0.965333249869717
0.01753133983512989,0.9563822483888933
0.024539989512755322,0.6853729632798911
0.03560490202138056,0.2263337452631019
0.02234040728591441,0.7899515071617531
0.029705153493142955,0.4375193942993498
0.022505152625769326,0.78245367660029
0.022106040708386177,0.8004839168516442
0.02894227378269648,0.47233984739980817
0.01585114805664714,0.9831890969251236
0.024928133063367164,0.6663259000612429
0.026517188674832215,0.5884570471597081
0.03461976476309059,0.2547568146795202
0.04707964748583843,0.04472747981176127
0.01969501063562995,0.8964883321434786
0.038050132273328985,0.16635063748341242
0.04712374382494222,0.044411198267163804
0.07233876007031986,0.00025888748310966416
0.019166507803196398,0.9137123608713791
0.025108251387411226,0.6574712176832496
0.02356122625181145,0.7328821518127605
0.015453862580099842,0.987236531515297
0.027285237527376993,0.5514900380789898
0.039809639114952944,0.13162223672617335
0.021516466388755456,0.8261956598356696
0.02409185919565937,0.70724896605121
0.02187818343531278,0.8105608508329277
0.018013615811628747,0.9455215867197295
0.06411678346258243,0.00175928153910653
0.023526513986808606,0.734545525187847
0.024868298626082364,0.669265836090628
0.033036809097254705,0.3059667140467712
0.02804454092793962,0.5155717375269206
0.024720834612001474,0.6765064179880473
0.024355795145580617,0.6943837590159734
0.032668239293024426,0.3189071408022537
0.03996919597055171,0.12878959939869974
0.019222124216736858,0.9119751727179957
0.04100996562969106,0.11151298968623542
0.027188473528437784,0.556107724158376
0.01902035711801897,0.9181908023950607
0.03763296223498924,0.17557565975362396
0.028921410280817128,0.47331692402601044
0.017310742009341573,0.9608655994701546
0.03707377352517216,0.1885732588250996
0.03504914860954689,0.24205227911229613
0.03305542891768776,0.30532334474109946
0.029326203340797052,0.4545952795626561
0.019669617733622857,0.8973518438504152
0.029721400026980205,0.43679705082859754
0.03013530308877188,0.41866433887195414
0.025797419389132714,0.6236032911743086
0.021945172448755934,0.8076157294094284
0.0367781970852293,0.19574362846385085
0.0359907435509218,0.21589170064401966
0.023586912034612703,0.7316501215182534
0.016607730526569275,0.9731644512587454
0.030384300815902765,0.4080060220115172
0.030789628265270874,0.3910567533273363
0.03242433104798048,0.3276869104866558
0.02546783152928722,0.6397894046599815
0.022754975225312224,0.7709477177888632
0.026151568669946,0.6062651785358157
0.028125736018974917,0.5115617616614876
0.016381913685271643,0.9764919444426313
0.02225944734069185,0.7936081879528766
0.026093918914804837,0.6090824232180942
0.02610228147018051,0.6086736213590542
0.02644014528117128,0.5922002329798564
0.029641447318687897,0.44035958713322154
0.056456331662989245,0.008519581173840562
0.014632094642911375,0.9933179610696025
0.017253903408755877,0.9619718457358839
0.03094927383592827,0.38451687936263096
0.029817900731763713,0.43252300070270694
0.01941909338024317,0.9056787142533896
0.02949524171242701,0.4469243943891484
0.020257954539490863,0.8764591622157731
0.024752751394916395,0.6749399786744534
0.042812983397532756,0.08613150907133636
0.05121073652359798,0.022353579919883303
0.02821345238780859,0.5072519721706695
0.03340356155372459,0.2934766008461067
0.06107488861803573,0.003371292529530977
0.03339538169916223,0.29375100221164474
0.0276126359189085,0.5372339117035777
0.027376666758805124,0.5471388050643811
0.04279649000149077,0.08633957176583329
0.04165900157108077,0.10174284995278836
0.015082760324665045,0.9903384533935288
0.015248703903190441,0.9890283016373406
0.01745377736202247,0.9579931100410551
0.032873104207535836,0.3116660403767057
0.04742194880467143,0.04232286683867288
0.021892118958363516,0.8099494122916671
0.03437758104623506,0.2621418320856395
0.020836110577758915,0.8542372134451273
0.022795500006160985,0.7690667933163693
0.038060814093793305,0.16611960981138416
0.01837330457560646,0.9364740381035008
0.01600904592850627,0.9813564052266917
0.019817087566017855,0.8922877585396414
0.02243559673950757,0.7856283656031133
0.02444719973215914,0.6899151132091171
0.024506583046319363,0.6870088678196632
0.02118770564624406,0.8399828036477242
0.027092771820264927,0.5606869601551854
0.018311486108821745,0.9380863710282665
0.022379198995709504,0.7881927884978058
0.019898367341132817,0.8894462906409588
0.04117562718845469,0.10894832186487229
0.03665347126691987,0.19883280501049078
0.0316494318633504,0.35673681459302964
0.022593714633048267,0.7783929327656393
0.04410974554701058,0.07104245293472917
0.02307572447884143,0.755958905540212
0.03253804310723818,0.32357218341233296
0.04126580206499014,0.10757294309958292
0.027441680160329995,0.545961784076206
0.03033219080651961,0.41022106195921565
0.0328604615691479,0.31210939578327945
0.02146988851208187,0.8281744505614004
0.023756330716788288,0.7234996809885743
0.026207181904393473,0.6035496415379946
0.022001395979604182,0.8051325531123213
0.03416461954610661,0.2687681010625633
0.02293466696298352,0.7625786030514089
0.019506246140377104,0.9028219242876423
0.03591962931208237,0.21778767695115905
0.027694271635163886,0.5330967882851876
0.0417339272648693,0.1006622670852089
0.03120385695582939,0.37424624233666337
0.02648375257851271,0.5900808889554625
0.04370111357412676,0.07553429772146915
0.025401228615827415,0.6430637219348145
0.040197075946834415,0.12483061850011708
0.027157113932837706,0.5576069331687789
0.016192004869272303,0.9790655488579699
0.036719194232888275,0.19720026969219243
0.024473524469147412,0.6886270522926193
0.036179547036583104,0.2109200872283066
0.02919072311262705,0.4608059035038453
0.03894880364813802,0.14779359974285042
0.01915266276662564,0.9141420010923496
0.0365693153621629,0.2009386402971146
0.019439849430153255,0.905002256073199
0.02558928935263416,0.6338206891334066
0.028113995584720053,0.5121403615566426
0.0488694907010615,0.033355475856474685
0.020915453771691683,0.8510670184231125
0.019621675083616785,0.8989724814037506
0.028441810998388273,0.4961405823387253
0.020558541193376523,0.8651035615664532
0.03054532921066158,0.40121305701170984
0.056512050974753314,0.008428483288586872
0.049507015306601565,0.02996677978059829
0.02564780459804994,0.6309465420023332
0.031939378854325184,0.34565991744563335
0.03285871580771116,0.312170652800589
0.01718077215577135,0.9633658664048272
0.018231306894867016,0.9401421964365851
0.0286068176264489,0.4882096175376521
0.0198391505290188,0.8915199646523433
0.034178412237139744,0.26833517029566056
0.02064651253074845,0.8616981131272414
0.025735116651859125,0.6266601119423743
0.031243036370456223,0.3726828730587261
0.025121469521395642,0.6568212253834769
0.02833575166175986,0.5012816426048677
0.03955080004794509,0.13632541495289413
0.0383374852555487,0.16022454184196033
0.0240177001582777,0.7108518206456442
0.0301472455428774,0.418148858510937
0.043705670662056884,0.07548290761257218
0.03915430053892022,0.1437942196744945
0.02990799740232386,0.4285580863516951
0.01801313779785535,0.9455330728669255
0.019503219964902563,0.9029218394248979
0.018852548403729186,0.923176374555227
0.026574442995420555,0.5856789028721829
0.026223647595644328,0.6027460682554397
0.023779140420660205,0.7223992965942441
0.028361905611423044,0.5000107212535038
0.026578066556680824,0.5855031832003578
0.02306925436943308,0.7562634546519025
0.024001340690152362,0.71164582103453
0.03590294825662821,0.21823427186855834
0.03653387104950634,0.20183076870751016
0.044071424560419625,0.07145381567503534
0.04675128017258634,0.04714480091964702
0.02426062315108435,0.6990298134804125
0.0215555227028984,0.8245301512413489
0.02302637974266064,0.7582793868146762
0.021315660964398173,0.8346672733659153
0.03956572392766167,0.13605057837891202
0.03906337524659098,0.14555286413262827
0.026588910432994273,0.5849774006949762
0.028564894168542576,0.490216857815988
0.03433415652161531,0.2634828898813215
0.02060523914399781,0.8633003616917483
0.022181187990220508,0.7971246541993713
0.04300420482931061,0.08374989494071876
0.028867866591759384,0.4758305086761125
0.01797301726208983,0.9464920246461769
0.02539861629708884,0.6431921623879462
0.034871344213981414,0.2472532315617175
0.02144894571291256,0.8290614998592456
0.024849907717899744,0.6701692564469679
0.02775581334831556,0.5299911155791143
0.026231412250238506,0.6023672004668114
0.040124203042108175,0.12608565392566656
0.023972760899715895,0.7130322212662559
0.03650528140596321,0.202552619813156
0.02188432493992193,0.810291464541993
0.02369684068753397,0.7263662812653995
0.02278200792140106,0.7696934484322299
0.030504158001211867,0.4029424062503195
0.038170397340690776,0.16376430558470173
0.029433937316163283,0.4496963388424295
0.03779293541460427,0.17199119183778366
0.02300839694167256,0.7591237817885648
0.02843127303830617,0.4966498759809031
0.042252437941421195,0.09344329610937828
0.034602783755271926,0.2552694343930968
0.03072751333267576,0.3936220165732593
0.013908673241059155,0.9965904290561506
0.03651126644179736,0.20240133875546554
0.03520818087451438,0.23747152819028322
0.02349777969598238,0.7359210075278771
0.022276038381030427,0.7928603726437483
0.03427705567235795,0.26525416235389615
0.019561936128149215,0.9009740197960777
0.0175790230843198,0.9553733038781265
0.020340038892613266,0.8734020974893482
0.020772461252404395,0.8567600937852028
0.0322298978922706,0.33481001769403773
0.024879173512471486,0.66873157856006
0.025510881345487013,0.6376734403870394
0.024908031761576743,0.6673136765624221
0.02751209440325808,0.5423563864340524
0.02554501007608362,0.6359962564395216
0.015740935538075873,0.9843912630790685
0.019731684723120035,0.8952349432142183
0.02878092131983645,0.4799306091276313
0.046510537192911316,0.048988232175535926
0.020041974689399278,0.8843401089955817
0.018705315233405517,0.9274110390091955
0.022822761911004186,0.7677992837862452
0.024575658131248235,0.6836255530050512
0.021641082762563227,0.8208619202443764
0.019523523275286586,0.902250498206837
0.02429271815137546,0.697463838345804
0.01899146994901474,0.9190610212855486
0.024466843460106635,0.6889539954273594
0.028893203979361015,0.4746399739950789
0.02032629911266126,0.8739161416228803
0.035296170074245015,0.23496575678618484
0.03579055641740214,0.2212617925777843
0.03249431695735239,0.3251499794765352
0.05066848737062868,0.024565607940664036
0.021099353699933654,0.8436141556507792
0.02214706898824137,0.7986519926195039
0.019380999389298825,0.9069138440682504
0.026244400100176257,0.6017335736930622
0.014082863848924099,0.995950494721643
0.01569673818301004,0.9848559330666498
0.03814147337097784,0.1643833664088129
0.013945899681709284,0.9964607498986096
0.03807914702992321,0.16572370043093348
0.03204343479499705,0.3417452337382678
0.018344971493214512,0.9372159587999602
0.023602731067748017,0.7308908567218985
0.021030175684538466,0.8464346714518934
0.04073310471808672,0.11591045307738998
0.029277456861331957,0.4568234802758218
0.03843858012739354,0.15811280049994197
0.02326598609683239,0.7469662100924259
0.04235367771134124,0.09208555164173624
0.03324157146376561,0.2989460771119888
0.02260104400611293,0.7780559554471067
0.04011299499239218,0.12627959549705503
0.025121507065802184,0.6568193791416972
0.018378352609547344,0.9363413294087947
0.04610935558824192,0.05219879507080464
0.04375443888404873,0.07493480252429303
0.024348376796537008,0.6947461622948417
0.020127296688019103,0.8812553163965111
0.026441677996393298,0.5921257130917208
0.025158358723717078,0.6550071514340708
0.01914926943108053,0.9142471318810395
0.0253581491469011,0.6451819317386761
0.03506852431723362,0.24149060222925042
0.02860936829859162,0.48808766606405823
0.03554481138098964,0.2279944270696019
0.024265417734669503,0.6987959317129533
0.038649609574264665,0.15377667774250428
0.024162178479383734,0.7038275103938203
0.026781739238694646,0.5756477839363013
0.027788528251842692,0.5283447741081455
0.01736071666958816,0.9598764251883343
0.03064238166690847,0.39715672623701986
0.035377291980003556,0.23267355144577848
0.025338625617766508,0.6461419690056749
0.025918524078062277,0.6176664925451116
0.024035386509187795,0.7099930943651405
0.024760894031485195,0.6745402806609786
0.023566310916408206,0.7326383435988204
0.01863372014172565,0.9294226191185767
0.05076443703382094,0.024160607309072962
0.03395171092665772,0.27551762935593915
0.04014365288476862,0.12574967717303182
0.03797982177473208,0.16787773178846263
0.04090022498768148,0.11323925108849378
0.038030830006491656,0.16676875999623564
0.028776237863187615,0.4801521175864112
0.021878650058762772,0.8105403876443664
0.016536050624493703,0.9742526203189048
0.02876422267264145,0.4807206908326482
0.04694414835302918,0.04571161686037011
0.027961287047902572,0.519703925647815
0.031030642850883305,0.38121307264966836
0.02087307829847873,0.8527636107866763
0.014402122366236947,0.9945422479987385
0.02819810566535963,0.5080043370611855
0.032907535971509194,0.31046091230052314
0.02794042752902781,0.5207425123077322
0.03953293490327736,0.13665501142246442
0.03168405527131113,0.3554009936607056
0.02903785295346767,0.46788055887363034
0.02719659813374964,0.5557195234892772
0.02249184815678984,0.7830619292974178
0.023279185979583672,0.7463397596834251
0.03405533279250916,0.2722169923656209
0.03135739023337075,0.3681460799772266
0.017171822749115162,0.9635341981783434
0.0392245584195724,0.14244713592882588
0.02713976492152098,0.5584368933725774
0.02869994231636297,0.48376993350559194
0.035920316013226095,0.21776930736553718
0.04648922858104365,0.0491543617388864
0.036161301881887375,0.21139660269003255
0.022346335526795325,0.7896830106319497
0.03147020405856721,0.3637086425844131
0.01843260704298333,0.9349050596467222
0.030423121218700888,0.40636121990169133
0.017216463341129917,0.9626896409458585
0.035888855107714446,0.21861213404548693
0.024043325320411202,0.7096075320589966
0.023902787390688907,0.71642268855751
0.025509602972762446,0.6377362686180404
0.03644496380442164,0.2040821773716932
0.03345277757976195,0.2918295994252921
0.023860534769397646,0.7184671649359644
0.02442413963591794,0.6910430512921053
0.02679577692329549,0.5749701425643539
0.02579888939028202,0.6235311871267379
0.02662489758230091,0.5832333376289183
0.021210955545121146,0.8390218707972612
0.048908290784335395,0.033140013527204505
0.02275944267719987,0.7707405557099131
0.03520502223034261,0.23756185933039942
0.036281386367066015,0.20827563764966922
0.021112384877916446,0.8430805980248499
0.022999897775409006,0.7595226283187441
0.027849532109607944,0.5252833600578011
0.020835542801310503,0.8542597987153457
0.026222659138401383,0.6027943021644175
0.017079317956440798,0.9652453597333001
0.02061754338377808,0.8628235387500566
0.03058616634856881,0.3995027953335592
0.034179685027836776,0.2682952458132686
0.023415844219995763,0.7398358249298878
0.027476919922458376,0.5441555754790094
0.023987392791520706,0.7123225445814676
0.04271368056944316,0.0873906020803424
0.028158843308999315,0.5099323763051935
0.03103313679153341,0.38111212573133674
0.024084488093270004,0.7076073304900179
0.03203171252022785,0.34218464194371423
0.027127259738495835,0.559035372803212
0.041494930015930076,0.10414282749039465
0.03302931332979486,0.3062259952979277
0.026731432170886804,0.5780780237058684
0.038605429268109503,0.1546764610189063
0.02592451588784317,0.6173729535279674
0.03168145297541869,0.35550127031505047
0.031101386410266385,0.3783568370779043
0.05169282197348046,0.020537508020589772
0.02874962962968064,0.481411838625934
0.02191567525150706,0.8089143808652863
0.03210306531498641,0.3395162520967445
0.04154481656564407,0.10340817995032994
0.02413669330209317,0.7050680744571471
0.019131869505138732,0.9147851468202473
0.023741907216025204,0.724195139177049
0.03274749297721791,0.3160914756815634
0.0388096299604625,0.15055288871424785
0.02499451197815572,0.6630633666483124
0.035652624177834935,0.2250215334222001
0.02509276950826478,0.6582325062664498
0.05096911649170771,0.023316389376581863
0.011851627521859087,0.9997639790053161
0.018133935348025154,0.94258496178352
0.04088901414330737,0.1134168374176922
0.04194324220885376,0.0976940413389405
0.026464025261872637,0.5910394376216301
0.040627676673104296,0.1176221476263196
0.023484040216395774,0.7365782365217302
0.03119178938048217,0.37472869808853737
0.05025557130625957,0.02637797742777241
0.02811753307362347,0.511965981098448
0.02162178386506458,0.8216916547973712
0.02903715307160082,0.4679131115433923
0.02185112930648503,0.8117460263688616
0.019959065249334884,0.8873013524255462
0.02258384355354004,0.7788465506379265
0.022320672320073703,0.7908446050537187
0.02021084235835191,0.8781985232734758
0.021944856433612214,0.8076296575188778
0.026843481079545706,0.5726689585911744
0.031005659444968636,0.3822253530062164
0.02008024567857203,0.8829610901557629
0.02188410677395569,0.8103010361676898
0.020653720194266367,0.8614174950043905
0.023033083169695434,0.7579644488883022
0.050674729046859324,0.024539080212691602
0.02849465945244567,0.4935914996412867
0.03702694681689389,0.18969522456713114
0.018873364931877024,0.9225670875762525
0.031201537390663336,0.37433894357292347
0.029104416055152682,0.4647913849190057
0.04209986834378926,0.09552104331264233
0.026345407868255177,0.5968102719675411
0.03334982400220665,0.29528275047651276
0.019824115568766287,0.8920434678975917
0.013864077558311039,0.9967408931058772
0.04424634391235427,0.06959245445027135
0.026322761074257406,0.5979134100563595
0.022290829297346437,0.7921930195718327
0.033227058745012,0.29943973015889097
0.029515626649196713,0.44600519432458774
0.029428530599255542,0.4499413566917428
0.040996794632642386,0.11171901881096423
0.024424323300405726,0.6910340691664371
0.034049527162626325,0.2724011306583042
0.021574846489545885,0.8237040218838749
0.03206475237190165,0.3409471835647065
0.025475656116503764,0.6394047858119998
0.023058129053081522,0.7567869241797587
0.04377154408615025,0.07474335826364369
0.024612927200877266,0.6817989759541205
0.040089548452763024,0.12668609913473677
0.03217207036148234,0.3369499013991349
0.04109425120500876,0.11020196481154725
0.031984437111190145,0.3439608641822738
0.0329866188097655,0.3077058869920016
0.01941649547055979,0.9057632098296453
0.023029955198516278,0.7581114177771539
0.03185252613456824,0.3489518657156154
0.022755668120155753,0.7709155903928686
0.03438567845714535,0.2618923339239395
0.03157796024610193,0.35950555382018806
0.022495661102816145,0.7828876575957859
0.03482105120686346,0.24873966578478574
0.015670801121230232,0.9851240385480396
0.0320492263166442,0.3415282885169211
0.030370017576667463,0.4086123426702256
0.023536132330153614,0.7340848129593229
0.02033947498594363,0.8734232132107553
0.034041517015451606,0.27265534319472284
0.01724686123523278,0.9621075174249464
0.031789109333281815,0.3513696182056355
0.028725131384083613,0.48257355997332585
0.02928525288691408,0.45646663976196145
0.020272258636874763,0.8759288530506677
0.0323326672523232,0.33103126288938856
0.024930612332629165,0.6662040618248362
0.056943459972277455,0.007752560402241169
0.028671356396754943,0.4851299675311932
0.029824142286847155,0.43224753274892186
0.026791441890318346,0.5751793844832179
0.031594055246955466,0.35888072508376323
0.03160326270855718,0.35852362581999553
0.028158842424919506,0.509932419771479
0.01921980648107901,0.9120479279415732
0.018381565076714346,0.9362567940180735
0.02999485748756414,0.42475891087918455
0.026956172532598868,0.5672432455562666
0.03161764504172021,0.3579663301652904
0.05637252861981945,0.008658279002653136
0.018463769149431153,0.9340718768753388
0.030600951077125238,0.3988848509851397
0.026296576962210216,0.5991893701703606
0.031449139539951765,0.3645343161587219
0.01978539510677807,0.8933860604483875
0.03246451063473965,0.3262286887928221
0.023312054859275233,0.7447784621313303
0.04638718315214618,0.04995671532022928
0.03886474887074021,0.14945515980039137
0.03090502357014896,0.3863219116129874
0.03773823316733549,0.17321027664816438
0.03649476262279461,0.20281871246104158
0.033339111717174574,0.29564377563890937
0.023166718216200644,0.7516668820363307
0.030003983978603377,0.4243610549731815
0.02210539788016616,0.8005125780342041
0.027371260550581256,0.5473957650556212
0.017073821013416923,0.965345394078592
0.035802773538834876,0.22093113370117265
0.04754144126750792,0.041510350270320365
0.032621218788958295,0.3205862502827234
0.02061491075132578,0.86292562004461
0.032361050301318306,0.3299930844920389
0.022161926152791805,0.7979873451753645
0.01790922295541375,0.9479960546135077
0.030148928190267932,0.4180762639643828
0.04118613883325428,0.1087872485798956
0.032050943373305496,0.34146398808973805
0.020706284628442262,0.859363722522881
0.0189715836940636,0.9196572029911088
0.0303604848244928,0.40901734935143247
0.05239939734076471,0.018112988800126496
0.020248276094163298,0.8768173981516707
0.02883845555729675,0.47721489094169234
0.02067826594941624,0.8604600417675983
0.029790840297673538,0.4337186664575346
0.01972379046793593,0.8955053627021028
0.024805778687788327,0.6723365682543476
0.022788076556094827,0.769411636815256
0.034000884972862466,0.2739475912927971
0.026162646230871944,0.6057240975231097
0.04645213819462468,0.04944469401960662
0.023646300405783915,0.7287977389426541
0.017495498735558612,0.9571312781456996
0.033698107083654394,0.2837216606180641
0.026658289110708222,0.5816162286872022
0.03824256099668155,0.16222791413130894
0.0243709687059378,0.6936423658076156
0.04912835664476167,0.03194092429460882
0.02392898422396983,0.7151540259277993
0.03749987685937206,0.17860265847061493
0.023212234371916718,0.749513858276352
0.027805618310869695,0.5274860064679718
0.03526639440993362,0.23581143520523218
0.04141633264125305,0.10530907312298485
0.04378334234320114,0.07461155195897598
0.029634407256244444,0.44067420776307614
0.026100359386702465,0.6087675779529551
0.02160001724796118,0.8226258649844278
0.02884059388590085,0.47711415117054856
0.02081578714893284,0.855044751855541
0.043154912701698356,0.08191216958530198
0.03292617936070452,0.3098098088770021
0.026301332675409905,0.5989575820198794
0.018015260732306748,0.9454820501446978
0.022803439069002507,0.768697854969152
0.0219080556432259,0.809249377463574
0.024349434456823554,0.6946944957532352
0.020260987105543138,0.876346818718199
0.03795510793962181,0.16841714847430503
0.016557715954613417,0.9739268752732766
0.035531153504378965,0.2283731846496865
0.028098555792820834,0.5129019057877365
0.024520530564105747,0.6863259446519543
0.018166761287284783,0.9417680678859041
0.02428050122457709,0.6980600264246581
0.031638336012853485,0.3571656615748971
0.03952664715271831,0.1367711690954652
0.017831479831887376,0.9497944614369244
0.03611771071617359,0.21253847713740767
0.029721433670236497,0.4367955558336246
0.05325754013602513,0.015514385429797484
0.02349780820748637,0.7359196433623567
0.030257760553057622,0.4133991136246846
0.012925303035362434,0.9988782914106125
0.024149086365965328,0.7044648841663116
0.02035453917361907,0.8728585891804335
0.025338372413303833,0.6461544201566269
0.042607374681258525,0.08875558947358089
0.02727069871446708,0.5521830327726507
0.026145530409558082,0.6065601519876147
0.03206848324997491,0.3408076510142298
0.02894038826032891,0.47242809571773875
0.021744200865052743,0.8164059071830353
0.020298191702041946,0.8749648033683924
0.021562391291779393,0.8242366635418891
0.032813727164899054,0.3137522901946222
0.027652479810450603,0.5352122291111561
0.020136373807638497,0.8809249262568674
0.02597850940184926,0.6147286947090578
0.028332581512161448,0.5014358324476602
0.03126161871192151,0.3719429907271376
0.022486262922190026,0.7833171337180369
0.03628077663473872,0.20829139330722116
0.04164600011870101,0.10193133676310445
0.04663803449108472,0.048004329960521064
0.03400390809217503,0.27385128746830617
0.015165068795356132,0.9897037493574645
0.028200682458218274,0.5078779616883773
0.030632250358963664,0.3975788382363783
0.02947310639228551,0.44792395115669026
0.041456800736086596,0.1047072516734953
0.053083172420604785,0.016013589691032906
0.02539719915245109,0.6432618398481966
0.024397139845887983,0.692363218736253
0.020773056315181337,0.8567365915906484
0.023984319138696586,0.7124716429080764
0.029545758756578833,0.44464878345811615
0.02915440405813563,0.4624802892962978
0.020654364873939124,0.8613923837477413
0.029779803283460526,0.43420697491998156
0.02230887598066511,0.7913779120385487
0.047047433463509036,0.04495976978020649
0.023308069376667212,0.7449678797788988
0.035123248474951574,0.23990959216701435
0.050870308738179104,0.023720605649254472
0.029171677907996463,0.461683429105196
0.022267701539288365,0.7932362432465769
0.034545889100965954,0.25699265104026114
0.03915948674507885,0.14369443095876147
0.025788886865214022,0.6240218331613081
0.03679463630119306,0.1953392904664308
0.03349679952563184,0.29036222079506835
0.024119051206617836,0.7059264863910995
0.02087690451116364,0.8526107449829454
0.019430007015288686,0.9053233345994722
0.02208338044304692,0.8014934743465417
0.031335654619008,0.36900539561320206
0.03687922943684996,0.1932689995465676
0.026987108770627766,0.5657564016008277
0.015484887194850694,0.9869484134005272
0.021749043244436078,0.8161957323892536
0.02694994366310599,0.5675427542222055
0.01696820150685585,0.9672317290381046
0.02737856405892411,0.5470486352610076
0.028995676855852,0.46984489046288513
0.033472939504638366,0.29115686448029715
0.021292932377459994,0.8356162615163658
0.03655425327137496,0.20131737342173212
0.03335234045992147,0.2951979881218742
0.041800643752899935,0.0997081358201593
0.04601533597730678,0.05297694704152261
0.024529260561353572,0.6858984304628888
0.05011215405589753,0.027034583583252808
0.03758464338135881,0.17666991605689578
0.026334911506928682,0.5973215035044979
0.04447241915714889,0.06724799053158283
0.022607720132954368,0.7777488925008404
0.04146611281208573,0.10456917199828761
0.03297355448669753,0.30815977228612945
0.0350814367881892,0.24111683905439718
0.029034385235501614,0.46804186275138804
0.04791756984048978,0.039040803936440084
0.02676529655901072,0.5764417967748007
0.03513381013282335,0.2396053726976492
0.02118891392925537,0.8399329189374399
0.021898785988940572,0.8096566589895383
0.02768288387370743,0.533672704255497
0.028881201117351596,0.4752037133560546
0.01893483930534412,0.9207525756388516
0.031349114534378386,0.36847309270831974
0.028986618845871226,0.47026746621566434
0.028095040453035736,0.5130753946082749
0.037876024875259484,0.17015255155079945
0.025647074041229623,0.6309824187522339
0.023771505395804415,0.7227677019989516
0.01946787917535786,0.9040848591816687
0.021561351290918518,0.8242811128988002
0.030765885028175233,0.3920359451225242
0.018892100942013657,0.9220164676354317
0.04560645607249025,0.05647842433185279
0.02178358934701019,0.8146939550762665
0.0337329882522468,0.2825826035136332
0.022729116658777193,0.7721458768110854
0.03205950230281529,0.3411436023125386
0.025417006821576216,0.6422879723068644
0.054539021319805814,0.01225374981267253
0.02236768362760666,0.7887153085230453
0.028160332668650756,0.5098591544278758
0.025596962860971684,0.6334437230981702
0.04657406160413935,0.04849585218105913
0.028641052834681158,0.48657441978547317
0.047396505609420436,0.04249764983801127
0.02463828982997404,0.680555519003617
0.019113819399887877,0.9153413855135669
0.041028046908342275,0.11123066243439488
0.03380337372011233,0.2802945106423524
0.046496816001487584,0.049095151717444475
0.03496240155267141,0.24457919249973817
0.025984035262667737,0.6144581657083269
0.04709534062591847,0.04461469712927713
0.02150697066856974,0.8265997333182934
0.02209610014151636,0.8009269843547335
0.02852813851547137,0.49198103789872744
0.01921956964269167,0.9120553606903175
0.02711611951345555,0.5595686981066618
0.030793529888289317,0.39089600937747837
0.028589321674575674,0.4890466552145355
0.01955881865970066,0.9010779231186239
0.0441585941472975,0.07052099985330018
0.028156845625089452,0.510030599561849
0.03960371425412074,0.13535298706660234
0.01842006927016851,0.9352385891163814
0.015335635018368432,0.9882928422140951
0.0389269006591193,0.14822512463124815
0.022064096713169112,0.8023513389066899
0.03476683287663662,0.25034971101485687
0.029441657835725416,0.44934661947341437
0.031136851964026657,0.37693058058262235
0.028007837699381394,0.5173908891594216
0.029972763884610565,0.4257230943671579
0.03452156498909065,0.25773205451195896
0.027366313335470294,0.5476309453751672
0.025060962480879634,0.6597964630590507
0.02616299238047204,0.605707191306194
0.042555628655013444,0.08942646632282968
0.027202866545330107,0.5554200735126378
0.024831652141653393,0.6710659228376997
0.03271538108919381,0.31723013179587933
0.03797384967974865,0.16800795526773138
0.025094534503899812,0.6581457176247854
0.029243292689486,0.4583894210064867
0.03001553726809225,0.4238577684768736
0.04116460768936747,0.10911738911932317
0.018871461433721093,0.922622910115246
0.031621111570674154,0.3578320988612535
0.03161261776803859,0.3581610602337101
0.034487236724375925,0.2587782980666356
0.020312837521000326,0.8744188709160265
0.01884604448043714,0.9233662054047661
0.02149245213104556,0.827216889644366
0.043909490945774454,0.07321453597524577
0.040141401165679935,0.12578853581640528
0.039831970997881605,0.13122274154307617
0.04101384096533156,0.11145242905196148
0.028384477854394463,0.49891550606007234
0.02872096546324643,0.4827712910324452
0.02351511322214117,0.7350914255175778
0.025413485907799405,0.6424610779950177
0.03737004295780255,0.18159543024833769
0.0226622370232219,0.7752372123409917
0.025023624824469737,0.661632183091712
0.024444208617938057,0.6900614380909302
0.01890547332418835,0.9216221864097403
0.01832685007680257,0.9376878678668249
0.018490524076514914,0.933351744688184
0.03195976982488913,0.34489027437655123
0.03656722850902572,0.20099108049895362
0.020478146047133272,0.868183711618069
0.030920571611762537,0.3856870139063828
0.02539705929795033,0.6432687161594863
0.03553453623861891,0.22827933024807046
0.021999427815090344,0.8052196519474362
0.018685607578111774,0.9279678768639938
0.021577813537714707,0.8235770530125351
0.025893046648663598,0.6189148439743357
0.019862470777436414,0.8907055706296514
0.018825523182283033,0.9239634913487696
0.032562681845205055,0.32268557935130915
0.025117272017619374,0.6570276363606069
0.01733215452950798,0.9604436654971253
0.029245462422230917,0.45828986435755414
0.04947130695295687,0.03014824352528361
0.030903323284238088,0.3863913861504763
0.022177025339102797,0.7973111842405005
0.03464038883263143,0.2541352675117096
0.04221461168120211,0.09395487025786858
0.04716648142733448,0.04410651762830024
0.015786525179539074,0.9839015528918523
0.03634773275269376,0.20656676677712416
0.021909920764732527,0.8091673950344961
0.02828420827852418,0.5037923661354247
0.025608291985266873,0.6328872042012641
0.018151383749811734,0.9421515853900767
0.014780826557125537,0.992423477213921
0.020617164095686535,0.8628382477842048
0.03484154125325445,0.2481332547881518
0.027137982453974918,0.5585221871880828
0.023790476202455196,0.7218521805059843
0.02759939644460707,0.5379067295728102
0.02980367249356486,0.4331513987229187
0.037594476965846724,0.1764467814445839
0.03586117216619644,0.21935583644469445
0.02649327842134286,0.5896181561559384
0.016171145051581015,0.9793359790323558
0.041349017944317945,0.10631650201503519
0.03574972094204759,0.22236978858754983
0.017229861023721038,0.9624337757903615
0.029479219661490697,0.44764774780942124
0.0315965856098116,0.3587825631841351
0.0185062411558736,0.9329266472395216
0.025525315611322208,0.6369640650756703
0.030287427651679077,0.41213036733157654
0.06341527955622694,0.0020497133465735857
0.0367037089871336,0.1975839683126363
0.020244773620731682,0.8769469219945023
0.028198755703291556,0.5079724549337844
0.019070799124866478,0.9166593747349959
0.04100588459017096,0.11157679429831663
0.01895304042606316,0.9202109973104629
0.019977705556532277,0.8866387295679811
0.02124496077653093,0.8376124569965635
0.021013703139103834,0.8471032970423451
0.019976342409749548,0.8866872485639954
0.03767693846216913,0.17458443480147798
0.02556608000277072,0.6349609648162073
0.02805665878210195,0.5149720178172937
0.01962716290195471,0.8987876178756697
0.03132721959728424,0.36933925348766333
0.04288251288737588,0.08525902985282575
0.024264770079186176,0.6988275257539873
0.0229725945394762,0.7608028651091261
0.01962711287206742,0.8987893039449335
0.028824982800843557,0.4778499304811177
0.02172599108592732,0.8171955357920455
0.013779091296922452,0.9970133027736119
0.029792633146244363,0.4336393806994003
0.021124309767765748,0.8425917162185232
0.020529490497074976,0.8662201267778126
0.023772146619936263,0.7227367646046103
0.043752506010042325,0.07495646168332115
0.022308207289931742,0.7914081312722993
0.020662915851595076,0.8610591278267433
0.041796406670517594,0.09976850667183428
0.03465744502931917,0.2536221135630533
0.04214677472158468,0.09487818526314759
0.01842867996393513,0.9350096322701601
0.022428863306553526,0.7859349981124224
0.020505749322024758,0.867129637430792
0.02440431016797051,0.6920126731395384
0.01719538386067529,0.9630899725188136
0.032454825476756266,0.3265797578542658
0.019248967936058237,0.911130254060392
0.029293708763847792,0.45607980493718536
0.020226677902936696,0.8776151302590958
0.0287142797022506,0.4830887333883213
0.023582443911828732,0.731864509250292
0.05225003034189424,0.018603087242411016
0.020304959063572325,0.8747126781412669
0.032404673274055606,0.3284020575714441
0.04054644375268185,0.1189551678773031
0.021825531540455495,0.8128651273224697
0.020667970148990078,0.8608619882199271
0.020802965279438618,0.8555532696630828
0.01736455287287586,0.9597998532727219
0.027107911913508365,0.5599617298585322
0.019451179396351437,0.904631969518819
0.025884590014393583,0.6193292790832834
0.034729260759797875,0.2514700699867162
0.028789292973651764,0.479534829317508
0.01954242546288304,0.9016234029976727
0.025463664706797506,0.6399942303383616
0.02606281468199867,0.6106033462594856
0.027477697752366304,0.5441157494680878
0.04511967275730183,0.060904780045863506
0.027525639049977402,0.5416645516017788
0.049177288528855834,0.03167954668577178
0.031147419484071515,0.3765063339048184
0.02279939516285745,0.7688857988608743
0.027029021558661992,0.5637438697988514
0.026818421051399643,0.5738775025212639
0.031238415432134237,0.37286702264066096
0.03747398294041038,0.17919639089660322
0.0500805681398756,0.027181119096156295
0.024184958214880647,0.7027181217689842
0.034495006856108956,0.25854120256967655
0.03832265887950115,0.1605361383887112
0.018308319235383674,0.9381683295164529
0.02672689228663616,0.5782974710937272
0.021330018303876153,0.8340667563070568
0.03726949622208131,0.18394026798147706
0.017643904539491106,0.9539776355816688
0.03549271504032958,0.22944175120215737
0.05055170067919029,0.025066670554742387
0.03653244111471243,0.20186682484704965
0.028776580240486627,0.48013592228316027
0.02632710935908189,0.5977015701965158
0.033281377958735536,0.2975951294028403
0.021258117244899455,0.8370659081210374
0.03703954925227382,0.18939275501500938
0.03176985846082481,0.3521059091993112
0.017084071275828006,0.9651587091684631
0.01865640940727764,0.9287885144795724
0.02856876384129947,0.49003136052507373
0.02421165597344499,0.7014173141114257
0.024679994167079333,0.6785101774824275
0.045805911489393725,0.05474626767973351
0.028184262277704597,0.5086836092978493
0.016428065815280113,0.9758357371367683
0.027757789422700435,0.5298915811566658
0.03267400898036321,0.3187015458685082
0.031051688809501266,0.38036178388212377
0.03781967630940919,0.17139773937962272
0.0299163000069278,0.42819394970450003
0.020741834941560455,0.8579675231791488
0.02731446263577514,0.5500979037063355
0.022307114876866874,0.7914574964493576
0.01802835668981495,0.9451666772084631
0.044254572256332225,0.06950592018266692
0.014603416880458575,0.9934809196145795
0.03860000399036495,0.15478724449823195
0.018655139632434037,0.9288240844174643
0.03177872297215992,0.3517667305685217
0.029966010459053005,0.4260181148619058
0.03681270025093086,0.1948957468438873
0.026693163534003972,0.5799285238975838
0.03061926498723433,0.39812031499544037
0.03784713597154893,0.1707900336246207
0.02192472697699075,0.808516171762999
0.03210537002848113,0.33943031214506414
0.023894991454099013,0.7168000731880383
0.03296147961363702,0.3085797176776434
0.05867761238204641,0.0055046183883575555
0.03767504688646517,0.17462697922055218
0.03537696137143792,0.2326828582729257
0.028147937423379066,0.5104687490507016
0.024217437197593394,0.7011355478909089
0.043327588895212044,0.07984848386342348
0.027355657680255774,0.5481376113034317
0.049884543666163406,0.0281063188839774
0.019652204517447203,0.8979419442557024
0.03450276168197175,0.25830473776196006
0.025076098301010374,0.6590522478973391
0.03781261787636769,0.17155422639213652
0.01668185604100922,0.972007532458529
0.03245127013825877,0.3267087009002889
0.020089885238708735,0.8826125506484268
0.02375400891469759,0.7236116502868536
0.024286559177563505,0.6977644127219744
0.028474889077827803,0.49454411364069123
0.041506106988435876,0.10397785557880329
0.03658072340183427,0.20065215862197164
0.027625694034915937,0.5365708211763208
0.03663937548612972,0.19918431401198483
0.02504537437422616,0.6605628839490678
0.031104531629077115,0.3782301989323318
0.030497125983017598,0.4032382898932073
0.025403166743705685,0.6429684301920474
0.04231392504014886,0.0926166990427889
0.03247589299965026,0.3258164485044888
0.03773499902742827,0.17328256678256315
0.03385023795584663,0.27877872297810846
0.024803967331463506,0.6724255152339167
0.013837247920432227,0.9968288964214931
0.037188379063810006,0.18584937602994156
0.03754189638562555,0.17764249554697392
0.02599246523982357,0.6140454942198352
0.02768656595256619,0.533486447326744
0.04952073625255915,0.02989730854520799
0.028289952864086698,0.5035121461956168
0.02765795737526916,0.534934666540889
0.0210967842841695,0.8437192757872677
0.03332619280444238,0.2960796018666606
0.02388021712261912,0.7175150658998546
0.04185748535676492,0.09890118304025568
0.036036651894715,0.2146745510758956
0.02053376009521518,0.8660562758493344
0.030839812753347406,0.38899268572798895
0.025271448683255038,0.6494455108695772
0.024085157346994013,0.7075747953386251
0.015436744061553154,0.9873935455819248
0.02784815895241575,0.5253521481464349
0.03698795756575601,0.1906334104796627
0.0393159847073532,0.14070951706165444
0.020144682928737945,0.8806221194991267
0.03396352116346246,0.2751399374993238
0.02705040877224074,0.5627177549264901
0.02148258423763849,0.8276359026302123
0.0369030380582237,0.19268943915153255
0.03723768758851642,0.1846870350734601
0.029143874906102152,0.46296645366747546
0.030793887649335105,0.39088127218390956
0.03448581618695834,0.258821661675153
0.0457543556039921,0.05518956059232868
0.02836262739639092,0.4999756761622076
0.03901319548389004,0.14653084998630722
0.032355858025150896,0.33018282853487096
0.0177802844274908,0.9509580591552838
0.026331116609665806,0.5975063584580251
0.040506651838672136,0.11961266821343958
0.0268876549793573,0.570540370891258
0.020740592923659484,0.8580163993137967
0.04235040709660712,0.09212915480137143
0.028993385363837332,0.4699517700254188
0.035797125847483624,0.2210839421200756
0.024834840453151985,0.6709093291213215
0.019445023667433836,0.9048332417755375
0.03855366269232918,0.15573613096758357
0.029447039787817653,0.44910293810362634
0.03963632993806937,0.1347564125371603
0.023037640588374875,0.7577502802886247
0.028162954842437693,0.5097302558375082
0.023967302358289894,0.7132969100305524
0.03515920278353779,0.2388751657029424
0.02585819839339004,0.620622886891324
0.022532264436518235,0.7812127265980207
0.026370076280027188,0.5956091413646545
0.039711146866412306,0.13339602244365034
0.023364765361619133,0.742270637082197
0.02373479624209296,0.7245379054932299
0.03046168812062433,0.40473166891948537
0.029964933588337073,0.42606517027867086
0.02633438262771426,0.597347265273044
0.03291083239852177,0.3103457148034426
0.0532037993221981,0.01566673340877257
0.030902553598158744,0.386422838768544
0.023357301249287116,0.7426260571334724
0.0172888215496958,0.961294602266426
0.029525392396728634,0.4455652828394681
0.02686376456141537,0.5716912896289215
0.02360940535434841,0.7305703989879657
0.027784293059623766,0.5285577254401432
0.05238950669636322,0.018145081411731257
0.03421641496781247,0.2671450339152004
0.0294699923820102,0.4480646887193291
0.024507389489887232,0.6869693845715548
0.01813324077215106,0.9426021740151785
0.023569378061678026,0.7324912556796742
0.02952504671236446,0.4455808497242279
0.023170644722315586,0.7514813064981726
0.019734207219047728,0.8951484627303443
0.0342365683931839,0.2665154981870357
0.024324260820412447,0.6959239884863694
0.022589651835942304,0.7785796657839661
0.025049870133822427,0.660341844406318
0.040911849369580255,0.11305535659553231
0.041320549637888726,0.1067449561017296
0.03450589787043229,0.2582091536363819
0.024396277003648215,0.6924053992152654
0.022235246842391865,0.7946975409659284
0.026023972107539317,0.6125035137366583
0.02946144879853435,0.4484509667438979
0.02928271913872149,0.4565825945275609
0.034873816581797445,0.24718033414055107
0.019001748560278253,0.9187519494223689
0.03381850775965756,0.279804341621493
0.022827052420593602,0.76759964444181
0.012627269116375628,0.9992417666089135
0.03598397046923402,0.21607172462042148
0.034527671112480895,0.2575462898157531
0.03522208696132856,0.23707415341916993
0.031832670142989294,0.3497075916818269
0.033500530039886844,0.2902381236121507
0.03135498617570817,0.3682410548022661
0.025127313539986817,0.6565338450183728
0.04435668233177403,0.06843966508895302
0.02548890557270178,0.6387535346522917
0.02891123014559832,0.4737941573921405
0.03288960612523917,0.3110880394598396
0.037948814080173254,0.16855474210926863
0.020160579039438964,0.8800418379673083
0.01752240420626955,0.9565697407189184
0.030434558338384377,0.4058775032787747
0.03761121610771595,0.17606746692575564
0.04693368249617447,0.04578840649954323
0.02231115279820789,0.7912750092744998
0.041480990075954405,0.1043488853606315
0.022498722285585027,0.7827477173384517
0.022227170641093474,0.7950606959879518
0.03984951038139517,0.13090967380672933
0.03325813353359797,0.2983834478425764
0.02926903247879048,0.45720928930380145
0.015449977425742945,0.9872722888452574
0.03391027447068978,0.27684583451069483
0.02662264042872911,0.5833426892984199
0.011437579009166199,0.9998858170912704
0.02737119663489862,0.5473988032518899
0.03390830182081209,0.2769091849386947
0.036844417510211946,0.19411887216868592
0.032758291120275174,0.3157092540954331
0.0359952287968579,0.21577254981827723
0.018862390294473674,0.9228886335233004
0.03217913934012906,0.3366877903898352
0.043184733996509406,0.08155258938715738
0.04857719091298307,0.03501855015998537
0.026819736812016215,0.5738140311240886
0.018329677458316818,0.9376143728451738
0.021932358687397957,0.8081802230021322
0.019139371554435347,0.9145533974724758
0.043956742318145337,0.07269700233584798
0.04239761566358913,0.09150145350731151
0.01859787261355328,0.9304180426328695
0.03453636525242393,0.25728196535931486
0.027865672907242733,0.5244752120069682
0.024173590297568937,0.7032718076387813
0.028858697550541434,0.47626181596863465
0.027105745466330378,0.5600654874967198
0.026549858291323003,0.5868714400610211
0.025040979682023345,0.6607789514600295
0.015037074686826912,0.9906781579638361
0.026689905567415045,0.5800861357622111
0.04303990201124597,0.08331149549062132
0.03190443101953244,0.3469818536520819
0.02374477435319522,0.7240569167434727
0.03339707946358439,0.2936940334236706
0.043633174821664844,0.07630396216414334
0.037969335376195734,0.16810644461157176
0.018352438814694783,0.9370209053443868
0.025726747677490946,0.6270708485707346
0.024318790685599057,0.696191086748233
0.029761299546524178,0.43502646129521677
0.06263085352866204,0.00242677673395907
0.035026557110402146,0.242708435752383
0.0254638771252787,0.6399837885463942
0.02899688896240893,0.4697883619340147
0.02557650489444724,0.6344487712299532
0.046519280307604105,0.04892020837660863
0.031729058214293726,0.3536700318020232
0.03350631571584439,0.29004573830351205
0.017172174435220233,0.9635275925127122
0.0372491397362964,0.1844178990858089
0.029864716687079573,0.4304596825161087
0.03150284999428643,0.36243162012379676
0.028200707949529447,0.5078767116007166
0.029220785474650013,0.45942299106514
0.024769843267845593,0.6741009588682104
0.022204664311125555,0.7960716953766493
0.024110171272446468,0.7063584418415245
0.037885855320534234,0.16993605920734936
0.02517402655190165,0.6542366404530335
0.03936281409190531,0.139826176158913
0.03879297961176742,0.1508857671243022
0.03175788850539463,0.3525642793638694
0.03518327751185657,0.2381844300107778
0.036554945395860905,0.20129995786784113
0.026590160404705354,0.5849168012361523
0.03288289164368696,0.31132312818707314
0.02372219015665797,0.725145379970517
0.032800839659071324,0.3142064440341465
0.030773268492169548,0.39173126276236825
0.021274073501255264,0.8364021168637529
0.03509976907960077,0.240586953113712
0.02889408359506418,0.4745986781754264
0.035238155659536585,0.23661561474738282
0.033059554950129466,0.305180912697299
0.02261310825352092,0.7775009875196628
0.029980307636625597,0.42539371228909645
0.03113624059578768,0.376955134985316
0.026491127262979197,0.5897226447752989
0.02595823932176733,0.6157212041020961
0.027728190691264365,0.5313836823635887
0.026289277062896188,0.5995451939606824
0.04061560869574665,0.11781940003635522
0.02150659878253247,0.8266155513907664
0.01934662272059884,0.9080213220531754
0.026306640178633156,0.5986989214930405
0.027595474108257134,0.5381061592109417
0.02997935955818848,0.4254350986630082
0.02191753216546677,0.8088327124134898
0.031015066844373718,0.3818439630546905
0.04241723505488737,0.09124164322083454
0.023595787009780045,0.7312241964359707
0.022957883416750424,0.7614919988593402
0.02011092900918013,0.8818499995531384
0.02512549719001722,0.656623164567398
0.015665364413887495,0.985179809051085
0.028258322155528814,0.5050563193447178
0.018257354002305326,0.939478727277974
0.03146153542718891,0.36404826995303985
0.022695621162311316,0.7736954892678265
0.024722001513546754,0.6764491553326969
0.020266606857572977,0.8761385092448671
0.03933498250764644,0.14035061791165052
0.027868568820020145,0.5243302999708437
0.02024189794123199,0.8770532204531101
0.03431293575583577,0.264140116642519
0.02475683411857732,0.6747395731129127
0.02372273606920583,0.7251190775128095
0.037390567840040134,0.18111969190317503
0.022853172854598647,0.7663833343852045
0.02428694588925495,0.6977455410785924
0.027360893248754514,0.5478886450139067
0.01934986923012566,0.9079170223649333
0.03585096995719639,0.2196304118909805
0.03126264354696062,0.37190221551187674
0.025029087019221796,0.6613636458206095
0.03553467338991917,0.22827552559352482
0.04376236483626167,0.0748460423408289
0.03793446690818836,0.16886872895941454
0.04498794029319825,0.0621525443124572
0.015860465920217393,0.9830845846839482
0.017275876063677365,0.9615465610654789
0.036871366342732914,0.19346070722315767
0.028946329868003273,0.4721500464852193
0.031018077214560597,0.3817219742822676
0.042483882048989674,0.09036368052102774
0.02826865545450541,0.5045515289053687
0.02499963288888124,0.6628116346333643
0.027157470552546692,0.5575898769544403
0.03491596548873194,0.24594009325001387
0.0210115404957405,0.8471909933501454
0.02678465069241387,0.5755072214413024
0.02416485443288291,0.7036972148244982
0.04199579482914417,0.09696038528877032
0.04180888616384659,0.09959078337563029
0.03941301745341247,0.13888419798307133
0.022353623828773928,0.7893527790168906
0.035243637270523376,0.23645934612437355
0.03051460695052921,0.4025030254824742
0.0461543112570556,0.051830217785266024
0.027239354060862753,0.5536780657912227
0.0237241043686387,0.7250531500650435
0.02772849639938807,0.5313682579583572
0.04619864148331476,0.05146896964249877
0.05229966621293092,0.01843892546855876
0.025275657080235214,0.6492385482688242
0.03384084752511307,0.2790819582867123
0.03578985508743075,0.22128078581582142
0.028578776751534307,0.48955158990187914
0.0451002058851287,0.06108780732788792
0.03097509794025749,0.3834661956134047
0.04158125422117509,0.10287431161138506
0.04009226148463585,0.12663900729592853
0.03158545950208419,0.35921432718097007
0.021728529752583547,0.8170855216062327
0.01408023188287666,0.9959608049953649
0.03251802052350883,0.32429397938456406
0.017731242096380828,0.9520573161292533
0.026603397744546342,0.584275140561745
0.022062284160958012,0.8024319129442524
0.024776695445568153,0.6737645615901511
0.029268861572598115,0.4572171184740275
0.03046373076471187,0.4046454872719582
0.03370065091373847,0.2836384756581173
0.03655414893163478,0.20131999896835348
0.023440809470379298,0.7386441777351207
0.025429902668797855,0.6416539645813283
0.016310598574972413,0.9774821381394835
0.030808644640557492,0.39027372554141865
0.04003221229175463,0.12768467684199655
0.02111471392322571,0.8429851612832314
0.049166113200295514,0.031739075255170626
0.053542323036191886,0.014729025969843209
0.02565989143293501,0.6303529982599708
0.0346551976660906,0.25368968295124816
0.028277672612331273,0.5041112956689021
0.036422817053261614,0.20464604151060917
0.04343979236584539,0.07853119296188067
0.02431770546481904,0.6962440735804558
0.033940691184868754,0.275870390571991
0.024468200883001834,0.6888875706938034
0.03144479975534267,0.36470458856817495
0.025105725886917674,0.6575954054901577
0.03179508506594059,0.3511412866753398
0.027638499121798082,0.5359210723005386
0.017074791608748696,0.9653277444279087
0.032371945049811945,0.3295952080824058
0.028297610458098865,0.5031387645127973
0.026957974134993734,0.567156626067721
0.025771973836113765,0.6248515537965657
0.03593806554037726,0.2172949151487182
0.04471760619654919,0.06478176857406907
0.02443647480534128,0.6904397468442977
0.025586595993449812,0.6339530061610901
0.039023327359151816,0.14633295640330013
0.026276063609460443,0.6001893725834553
0.017683959168468877,0.9531028705169453
0.0339766752770011,0.27471972429847175
0.022714658524490727,0.7728150928082582
0.019661752553505996,0.8976185869212459
0.029592411114467976,0.44255414146986277
0.03433632438804701,0.26341581844646744
0.014172222065271689,0.9955882803106518
0.02729279349014943,0.5511299971562403
0.03743104303186162,0.18018442463987994
0.022502339755234746,0.7825823145293784
0.017510813483460008,0.956812201442457
0.020496019689004497,0.8675015957252332
0.031514035511182814,0.36199480244255333
0.03045899641192029,0.4048452546472487
0.028330835235886642,0.5015207808233789
0.01644775647021629,0.9755520634061391
0.018553456216799102,0.9316404798135692
0.016793093768444955,0.970210480104055
0.036233714080806445,0.20951030616704827
0.03003785610465226,0.42288665695329497
0.040025618192170404,0.1277999327010258
0.034804825124593486,0.24922068163764488
0.027619357441342918,0.536892529731378
0.02111014675734496,0.8431722876434452
0.015597041733158845,0.985868136015597
0.04196143045892964,0.09743960365098396
0.0461052867403951,0.05223226557711267
0.03263710097099598,0.3200183780120765
0.044752695310734225,0.06443522057142927
0.022070422359877884,0.8020700618000606
0.02887070501336997,0.47569704229178267
0.02920392642704095,0.4601981942035515
0.019936267179915812,0.8881092801422491
0.0253773031485868,0.6442401047354441
0.01612856306354654,0.9798805866523095
0.03862081997421096,0.15436253187283558
0.029339912270984425,0.45396994355889514
0.017581343304812758,0.9553238472541099
0.03116226161383817,0.37591104243900497
0.03468652046833476,0.25274915829612565
0.029152753803365794,0.4625564645784087
0.03912168332927807,0.14442310031761335
0.022788965642932035,0.7693703426525388
0.026580381437666722,0.5853909328900709
0.035504941669398105,0.22910144200896496
0.029148250199867,0.46276439163764793
0.040041551762462824,0.12752158116454074
0.01975856829243039,0.8943114880568233
0.03177911364394831,0.35175178783224587
0.03382397210441146,0.27962751675489894
0.030138273795446008,0.41853607185233055
0.036430376472143755,0.2044534394975436
0.0534427660956075,0.014999424924941754
0.024194182971792877,0.7022687329760458
0.02711542181790247,0.5596021048036764
0.019400700925269132,0.9062760908790849
0.023815009855673447,0.7206675020950116
0.030572109763617905,0.4000909178091489
0.032483189722023575,0.32555237832365896
0.02749666258281719,0.5431452782739883
0.019135450408983845,0.9146745686695668
0.025358415609096935,0.6451688291676791
0.038487407297276954,0.15710089591562576
0.022371461671092496,0.7885439174394107
0.033083835482478285,0.3043437281265475
0.0245810396234053,0.6833618501398693
0.035409724295476175,0.23176195037645747
0.028588207378721475,0.4890999964518486
0.017233175599154105,0.9623703042357286
0.033618379584869684,0.2863380078751855
0.034753008405514346,0.2507615000039302
0.020561652560073584,0.864983738759364
0.02262943789066507,0.7767492183027449
0.03568334066099621,0.22418003257022187
0.022746409763539532,0.7713447770202646
0.03416036937447131,0.26890161285830333
0.04738412883307036,0.042582899374542384
0.030715524790820847,0.3941184653515758
0.017819380365882265,0.9500709474005171
0.029237856155816866,0.458638935224568
0.022780507428377117,0.7697631140408959
0.03658781382707932,0.20047426309602376
0.032796558765085304,0.31435740819873204
0.029251372087826744,0.45801877596630364
0.023851191876937405,0.7189189434557048
0.029052034412834327,0.46722127547803616
0.029479321687111648,0.44764313915655063
0.021687228644261036,0.8188724998400937
0.0315080876345189,0.36222703300773396
0.04037107225480341,0.12187538432187878
0.030235209484875347,0.4143653169499723
0.029029175392492945,0.4682842715899839
0.024041934418084776,0.7096750885081672
0.018163825199486727,0.9418414082946771
0.03161890540067702,0.35791752228035717
0.04146024800491571,0.10465611785487719
0.021187730871763955,0.8399817622576172
0.026018030622404376,0.6127942511336937
0.028782527019627135,0.47985468133615766
0.03312995296138005,0.30275825839310166
0.03533442324889002,0.2338827162551909
0.023567037685298997,0.7326034919965796
0.03575985034377305,0.22209454700536593
0.026322813486358954,0.5979108565508657
0.028251478834423138,0.5053907982739662
0.021805739079168274,0.8137288996862658
0.029071524137157634,0.46631621028871156
0.04626018171998336,0.05097108069289517
0.03335067480906795,0.29525409056598806
0.023098990952017506,0.7548630436414686
0.033791588839595044,0.28067664842248374
0.01944360755615776,0.9048795135674726
0.03206142206589413,0.34107176957068214
0.03991189926804284,0.12980100758555005
0.03183835125279766,0.34949124756504624
0.033817640979628694,0.2798323980717793
0.023813744187627994,0.7207286375562789
0.01884347338149872,0.9234411780969298
0.021586038237404057,0.8232249244765452
0.03130024903846923,0.3704081736809607
0.023483999146956425,0.7365802006248443
0.03965968807242054,0.13433048555057045
0.04493617561700519,0.06264881038717274
0.028307770151462908,0.5026436538451006
0.024769908434755683,0.6740977596826618
0.03625987288346766,0.20883211379964348
0.03328492395535909,0.297475004536845
0.03864414741625721,0.15388769218228207
0.03641757158711614,0.2047797708766276
0.023033721324417555,0.7579344624391222
0.02471716521229328,0.6766864804024795
0.027162790475544485,0.5573354583899673
0.022961425417829417,0.7613261187303613
0.040036514237384385,0.12760953054874904
0.03130866626651174,0.37007434160928715
0.026363879777589916,0.5959108077611848
0.027782665300030818,0.528639585695888
0.04017722224866038,0.12517152491677042
0.024371546965036683,0.6936141081449678
0.028651276792098168,0.48608677342161327
0.06725475215820753,0.0008700821792463194
0.0225182362263473,0.7818550624447372
0.04816333830186026,0.0374973109076707
0.02408239443599125,0.7077091087552876
0.01991776946460644,0.8887627865341021
0.03271449840999502,0.31726147286613954
0.05428846638465579,0.012837913937261051
0.03151269177761318,0.36204725834288914
0.03171981195798146,0.35402518308559
0.028413573191307384,0.4975060532623172
0.01720748094037229,0.9628605650043885
0.0453931271178486,0.05838300182294981
0.02430781644693264,0.6967268699149542
0.01615144630650267,0.9795891560184181
0.045755223316718885,0.05518207425894263
0.03189486123516269,0.347344469228082
0.018231383599728312,0.9401402488241387
0.02464008295685194,0.6804675947034127
0.04819123674174991,0.037325517815037686
0.02646888432407074,0.5908033034294635
0.048387902279743544,0.036133894384781116
0.032945500787531445,0.30913608051136443
0.014550647622948887,0.9937729679651511
0.022464451301916988,0.7843129629003635
0.03563050179785898,0.22562909944390125
0.02490227392696709,0.6675965965782512
0.03576856715779414,0.22185789971874623
0.024038512049021826,0.7098413050310262
0.04803215487004642,0.03831441005820297
0.014248692348859171,0.9952590403175234
0.03627765973603592,0.2083719493607773
0.020764178876803707,0.8570870425364759
0.058119484697544854,0.006152872992360429
0.028383704492796924,0.498953004499807
0.021885175181330985,0.8102541602658228
0.025350749535760886,0.6455457909329148
0.03118297859337138,0.37508122440126973
0.03793534686285238,0.16884945779514968
0.030621076280603732,0.3980447553825883
0.024589848463040714,0.6829301664085587
0.02434753446613247,0.6947873093898957
0.01687525815739277,0.9688357472673843
0.024095670721433482,0.7070636376741959
0.01316729579964232,0.9984891032772717
0.028909256497481217,0.4738867161418247
0.026460446818775685,0.5912133516218017
0.04331523215599975,0.07999468867680772
0.018001315753643166,0.9458166883273198
0.027892927683240476,0.5231123706267926
0.0418613503137214,0.09884651233177043
0.01803401497962176,0.9450300837687088
0.01801095446720824,0.9455855177168478
0.03948455486255986,0.1375508370061575
0.023639697658607073,0.7291151213141531
0.049920658323358624,0.027933804066706664
0.015258787445876248,0.9889447526312797
0.032427266530986765,0.3275802147712822
0.03034817187072303,0.40954088186619475
0.024095121409460463,0.7070903478555348
0.03585022116207548,0.21965057493017218
0.01766434941966856,0.9535323884471386
0.027768976467057144,0.5293283119968105
0.019206805862848175,0.9124554456486887
0.025523087882449946,0.6370735441488156
0.036247344942982096,0.20915669926879585
0.02808098678614296,0.5137693408835085
0.031071122442651422,0.37957689221841734
0.02330974284117182,0.7448883486710693
0.03368022352327238,0.2843069773544932
0.04025705663197576,0.12380531404779853
0.01750948912162409,0.9568398517752017
0.03219140088561978,0.33623349177107703
0.03363770838271163,0.2857020722876738
0.025628686836201717,0.6318854492404511
0.03589154647460002,0.21853993466388344
0.026033037104804035,0.6120599733767692
0.026814981980191055,0.574043410131517
0.02710651314343615,0.5600287204531698
0.0361344002468737,0.21210072866438032
0.01961187839780132,0.899302078591345
0.03226341406092981,0.3335742541328183
0.02986939490772056,0.4302538647807215
0.04612947259176742,0.05203358353826889
0.019532968614029866,0.9019373922776261
0.02796800757676654,0.5193695909490307
0.04499874988491903,0.06204933882668647
0.037728881061455666,0.17341938240036775
0.028196322234666504,0.5080918147346527
0.026305914044322698,0.5987343082335297
0.04459998462225451,0.06595505949089896
0.026103849493337217,0.6085969739908351
0.025388047523114077,0.6437118091384773
0.04556544434027321,0.05684036936831798
0.02418252265836962,0.7028367580887521
0.030800541042596885,0.3906072702369112
0.016791089642908763,0.9702435075827285
0.035709608738426935,0.223462326382378
0.03007566180233201,0.42124514331882457
0.031038419203150203,0.3808983718654932
0.01665594564400641,0.9724156025479163
0.03686886565023051,0.19352170714311742
0.02173066686817529,0.8169928912650176
0.025646620094606498,0.631004711603432
0.027197597575556176,0.5556717753705823
0.021409847989488445,0.8307130319603134
0.03202470136972141,0.34244764758362933
0.03163569241283071,0.3572678888332919
0.022360436442371845,0.789043965049958
0.04079007136072277,0.11499413890842805
0.018086893563512396,0.9437438867467275
0.048765952583473826,0.03393646640529517
0.03433136057149305,0.2635694125342265
0.022963302327030588,0.7612382076986391
0.04286730320551124,0.08544924797229198
0.04142804129287542,0.10513465341857135
0.030534548405008688,0.40166539769294907
0.038447075409637765,0.15793636745135223
0.02196412961663846,0.806779610994678
0.02904183387169601,0.4676954279877951
0.023110999903553253,0.7542969876865672
0.023677116600375525,0.7273156263761158
0.021253186153243828,0.8372708382173972
0.03190045609001704,0.3471324377144862
0.02188784672147842,0.8101369309436381
0.04935938028208714,0.03072332098088564
0.04090988828046055,0.11308636317709025
0.05972698495049733,0.004452141233557459
0.0258283238119279,0.6220876240802697
0.024129764942131593,0.7054052241127811
0.022618953623828264,0.7772319612363956
0.01908066327515845,0.916358137061049
0.029755039713008774,0.43530392954182795
0.037400332855269225,0.18089369900158703
0.02747861258108597,0.5440689112175777
0.025845867121244703,0.6212274319406477
0.0375593992135137,0.17724375897654845
0.038936744029865966,0.14803106831009719
0.03107413252615726,0.37945542134542054
0.020397766805744344,0.8712321674945488
0.02081541964096295,0.8550593375499784
0.024887201173284135,0.6683371763180692
0.02458661251468436,0.6830887514284247
0.021946069616547603,0.807576185690275
0.03243205280537681,0.3274063024224423
0.048937758442276325,0.03297719275316283
0.044994614124437504,0.06208880801176476
0.021135312520531246,0.8421401143804301
0.03087815201021843,0.38742091393091865
0.01793465196412336,0.9473995910359411
0.032471810311682114,0.3259642696567442
0.033348828273980724,0.2953162947541476
0.014155942586168369,0.9956560513557293
0.020003126581859376,0.885732119576691
0.01925910558901181,0.9108100777256775
0.02291818106692589,0.7633494781524839
0.03755644868014918,0.17731092604872734
0.029725114279472276,0.43663202247933447
0.023312793070453253,0.7447433741068263
0.0433308364002791,0.0798100968874473
0.024083201465600723,0.7076698774228107
0.03243365976205734,0.3273479276031839
0.026972880626526585,0.5664400847133138
0.017027459273890266,0.9661817595189273
0.027744458815340503,0.5305632666925036
0.026260059727582497,0.6009697713590592
0.03216136297705047,0.3373472004287608
0.03026225958241191,0.4132065363221865
0.022790610265688405,0.769293952279746
0.04371978039014279,0.07532398054783729
0.02530926887527718,0.6475856015173366
0.03873593811457732,0.15203065805772661
0.02080511293619644,0.85546814459978
0.03961708667784969,0.13510813207098543
0.026035880148689405,0.611920876705825
0.023755906976798635,0.7235201164610772
0.02241465520907815,0.7865816094850745
0.02648956793617918,0.5897983889083066
0.02371585337532378,0.7254506605909365
0.02363729091519695,0.7292307934078306
0.027155848901489532,0.5576674377490318
0.02288213136105699,0.7650330489031868
0.0329527927570713,0.30888209218688034
0.03335914571614679,0.2949688553000745
0.041215565750805705,0.10833737898812057
0.021712230431936375,0.8177914650816984
0.02065761817548395,0.8612656332789608
0.03740516934155891,0.1807818503289992
0.02954522115843644,0.44467295954702585
0.03277609752428695,0.31507969735774555
0.03098803623591656,0.38294053919054394
0.027859790388638922,0.5247696515903932
0.015888001534665325,0.9827730899770611
0.03376770140143148,0.281452415781916
0.025251493384003385,0.6504268901324104
0.04555447293620701,0.056937533726798835
0.02574146653393003,0.6263484878481151
0.03333405606539763,0.29581427423626405
0.03547442958969449,0.229951423388359
0.026810217711742967,0.5742732697256525
0.03043212366640441,0.4059804411275285
0.02915440587240392,0.46248020555474423
0.028408512828165283,0.49775100688892937
0.03652365487279957,0.2020884825296622
0.030641007342580573,0.39721396809760595
0.04105229580987213,0.11085295977466529
0.033427002291481434,0.29269130762388434
0.03083492390748327,0.3891934287437616
0.017438678462266877,0.9583023339079939
0.0395721623398369,0.13593214857438435
0.022989628098287918,0.7600043560266881
0.026046422872219033,0.6114051146680763
0.02268444952427362,0.7742117163474371
0.033428547168125045,0.2926396070200722
0.02211293821172755,0.8001763038312475
0.030440432801956407,0.40562920491587146
0.04130871352744303,0.10692351298058456
0.027934821924808784,0.5210218351271052
0.017421760304541123,0.9586471305371115
0.0227897537586928,0.76933373659695
0.020778252894249616,0.8565312830303218
0.035252959736682965,0.2361937646825912
0.032305121197185205,0.3320410786064149
0.0332245740422657,0.29952430798378354
0.015387931667908639,0.987833664171867
0.019369207039634767,0.9072945092153067
0.026552033104935993,0.5867659223221956
0.023582502570448083,0.7318616949112065
0.018071587115488674,0.9441179937421854
0.020678645693343545,0.8604452072610038
0.03640061405465922,0.2052125575421526
0.044349720188205655,0.06851192013944964
0.027536110235208744,0.5411300767425175
0.026065483760133623,0.6104728103516177
0.01196091960260015,0.9997177716781156
0.021468795580228517,0.8282207837877285
0.03642832573977811,0.20450567491740776
0.019879055551644265,0.8901246196837994
0.03953234827672247,0.13666584515790384
0.026503776864541195,0.5891082745421795
0.02456444661764945,0.6841748852321863
0.043313191710929067,0.0800188529365482
0.027937173217036038,0.5209046606409465
0.026614276022531247,0.5837479617186558
0.04348533291697432,0.07800180372671371
0.024085047972470797,0.7075801125111976
0.02632981481384178,0.5975697735289547
0.01680315023708223,0.9700443901107755
0.033841822985134995,0.2790504473348587
0.017337664223550764,0.960334637430889
0.023444241613471806,0.7384802725079543
0.025191625234222914,0.6533711617083486
0.023413573851085057,0.7399441427632478
0.021771738157296883,0.8152096125258577
0.027174078287783066,0.5567957564975035
0.02133768793391516,0.8337456295185252
0.028280687877725363,0.5039641398044067
0.02145391355723003,0.8288512337287073
0.023497060190930896,0.7359554326384357
0.027292777929604606,0.5511307385335795
0.02248807011718812,0.7832345672484369
0.036782940259077634,0.19562689828661245
0.026917155405488724,0.569120105409874
0.03203795518603314,0.341950585919631
0.018055170880427962,0.944517596141522
0.02903956107504202,0.46780111753215103
0.0241244080652685,0.7056658697655593
0.05006396607475472,0.027258421513167343
0.046294408761893946,0.05069597215713327
0.03543709596234951,0.2309947289761947
0.038484103929393054,0.15716919114602027
0.024713985652363046,0.6768425009983242
0.017762177578015848,0.9513656692778694
0.03145580943864218,0.36427273065116406
0.021907557160586344,0.8092712865868364
0.03100628154569174,0.38220012391481
0.01604128711525557,0.9809658916622646
0.04261719000388098,0.08862881356938258
0.03259574481056782,0.3214986087742626
0.03168228912928317,0.3554690478401058
0.037750545497626575,0.17293528848196396
0.020269554915062715,0.8760291692105012
0.018260644232726553,0.9393946182713728
0.04312898706345414,0.08222586219234285
0.022595707971349716,0.7783013000954708
0.019734108886630464,0.8951518345802612
0.036616704011462664,0.1997506971121549
0.02656108998437598,0.5863265488784679
0.03555304739262366,0.22776626135543449
0.0231827840948447,0.7509073830689751
0.03744196817527756,0.17993263218641692
0.022778503893799873,0.7698561268171376
0.035051022439183566,0.24199791569534967
0.023454152755251756,0.7380068470594479
0.03617707199746889,0.21098467973617643
0.024975028890827367,0.6640210625148378
0.04163309010715016,0.10211878523946331
0.030962875492793862,0.38396323041569635
0.0363301340259955,0.20701898505123864
0.025348466926412738,0.6456580342262952
0.02900832796323949,0.4692551051216074
0.026026345698671793,0.6123873716945853
0.021905260618324693,0.8093722127170007
0.024019743780195002,0.7107526137886329
0.044008547908595874,0.07213315985284234
0.018603970807274717,0.9302492619954679
0.021396663951384676,0.8312686150237779
0.030253007406292054,0.41360263476548453
0.049854409910316755,0.028250982666893576
0.030401157344348895,0.40729125926081133
0.026275582264253305,0.6002128415682604
0.04009998378172863,0.12650504485844508
0.017915059248879595,0.9478595166826247
0.02435594834340482,0.6943762745095432
0.04242946217946231,0.09108003806342785
0.037734560033504394,0.17329238111099823
0.03670689182039566,0.19750505526094767
0.02981880213763899,0.4324832102982764
0.056291400551145676,0.008794499427744391
0.02433957137719156,0.69517627218398
0.0333092607503076,0.29665153128675753
0.027044009117587198,0.5630247374355526
0.03746311340820219,0.1794460885982169
0.025174781667811952,0.6541995051424707
0.023241803612221612,0.7481130462627976
0.031467488907372276,0.3638149951144868
0.032973738208231795,0.3081533859702407
0.02512067056284706,0.6568605140472914
0.034677533068514954,0.25301875066211665
0.031600250769055926,0.3586404121904664
0.017099337099155593,0.9648794871068717
0.029024112393285284,0.46851992675936854
0.029951841244749942,0.42663754030004575
0.027466073109245204,0.5447111349317183
0.020750839231532425,0.8576129746965598
0.02824972875037668,0.5054763592290958
0.021057852635912977,0.8453086567709122
0.03183431586020685,0.34964491078760174
0.026483007292344096,0.5901170959105733
0.03391199115446508,0.2767907130857739
0.027647721465526853,0.5354534194469923
0.019696331749878615,0.8964433092495587
0.023562955134106778,0.732799256857901
0.02525862749168059,0.6500760414364628
0.026425244667638015,0.5929248019366885
0.029297497441873044,0.45590655294760735
0.032687691116824014,0.31821438714481337
0.02023125405468476,0.8774463056834293
0.03227835015632702,0.33302461034271585
0.039853893651993766,0.13083153030188316
0.023432741397653944,0.7390293989591102
0.041979975561277416,0.09718074341639492
0.027347263116246523,0.5485368779640794
0.0344117996022853,0.2610887069905762
0.021661444289719167,0.8199850434328939
0.03302205649345802,0.30647716531506236
0.016628847642955247,0.9728381512951452
0.038280853733455356,0.16141734692133108
0.014796726094785106,0.992322847165359
0.030946783193732896,0.38461831997229545
0.029409031290439855,0.45082574976304773
0.029266985905025522,0.45730304816282713
0.042951730966362844,0.08439785606693725
0.038593962604088095,0.15491068393650065
0.026399258085500144,0.5941889105027882
0.016379762199561387,0.9765222389501165
0.015235739040757423,0.989135051732683
0.021743069993202857,0.8164549788540996
0.02321830358146626,0.7492264704114937
0.03268633972897589,0.3182624797920389
0.025353086021024596,0.6454308989284896
0.041070168197057666,0.11057525762196777
0.05210860093275399,0.019078019500465136
0.02813044028323272,0.5113300391574128
0.031040567254172702,0.3808114744899811
0.020079134519109837,0.8830012356699888
0.026802557850850284,0.5746428847516933
0.04050075263826064,0.11971039733013715
0.023548379652464924,0.7334979650454749
0.03524512598023466,0.23641691994516542
0.025512783716160836,0.6375799451920026
0.019149000503279723,0.9142554607921676
0.03201216487203229,0.3429182836640431
0.021233336910675638,0.8380947575705495
0.020781789147131358,0.8563915015783399
0.017067828296075116,0.9654542403885741
0.035677709453231954,0.22433412171137587
0.03976851228713818,0.13236055151808596
0.039754659174011775,0.13261000389124158
0.03228851509491809,0.3326509172356655
0.03992871873518056,0.12950343771867714
0.03032331068384264,0.4105993483140301
0.02488405739695604,0.6684916335387796
0.04228390811238192,0.0930194614658295
0.05169696134887086,0.020522500814376076
0.0277329352007899,0.5311443310668572
0.03158673063953521,0.3591649803129442
0.03131376980727868,0.36987203536503405
0.026310433471552847,0.5985140696118907
0.03534538536064241,0.2335730589274704
0.02901044221339044,0.4691565876381979
0.024392485534621117,0.6925907406973477
0.038299024182102626,0.1610338579799537
0.02667198657494607,0.5809532068641985
0.02055350396061706,0.8652974548429999
0.045879682684811574,0.05411729352683443
0.026607805208198304,0.5840615336271058
0.02803285940788436,0.5161502798023565
0.03546190754671774,0.23030095326593342
0.03899313711536878,0.1469232638597555
0.025697373928965983,0.6285126815555147
0.03284426853491129,0.31267793026989815
0.022945971726075598,0.7620496509751737
0.0328595559976832,0.31214117028105043
0.03874359660238291,0.15187653744724022
0.033730394249278595,0.28266719429038045
0.029406626122423507,0.4509349163354346
0.04297828101240586,0.08406948353135167
0.022624735392357764,0.7769657769237204
0.030168614228697765,0.4172275851754845
0.020238539966328628,0.8771772941225363
0.021695799390257564,0.81850216485056
0.04788595972082732,0.039243294742910766
0.05667011286379631,0.00817485596248361
0.02479366124306487,0.6729315751195549
0.03103714786896772,0.38094980901167075
0.0264622233274322,0.5911270110325723
0.04358958264353602,0.07680129837083893
0.021105291639059498,0.8433711165399747
0.019366206586718282,0.9073912388190671
0.04154454951862202,0.10341210108720564
0.03361590067476636,0.28641964233266554
0.034051582563632166,0.2723359284394111
0.025799414426243894,0.6235054341699164
0.03212083028732965,0.3388542217126886
0.02444539132776935,0.6900035808201099
0.054849378653328285,0.011563442500337752
0.024563357783716988,0.6842282311956374
0.02762278423752962,0.5367185366138185
0.04495258353916165,0.062491142567532285
0.021172903431954382,0.8405934366992807
0.03223330461678087,0.3346842591776854
0.04114683702907307,0.10939049396995941
0.0457408927572468,0.05530582552743625
0.019626067281494353,0.8988245384680041
0.021290278460869394,0.8357269368266148
0.02297851215123342,0.7605255264455881
0.038121351848702134,0.16481513087300975
0.027280871700388176,0.551698105282441
0.021060862031034966,0.845186026276745
0.021810469003852306,0.8135226004804565
0.029963601014830255,0.4261234038642674
0.01729757136158039,0.9611237172104526
0.04084720868360492,0.11408108875498452
0.031103874503634277,0.37825665478302045
0.01792016791569495,0.9477398260829338
0.04042120584754483,0.12103463247448037
0.03447276832845969,0.2592202199557329
0.04107315370194553,0.1105289248145323
0.03329643062717974,0.2970854485777384
0.021021870036044887,0.8467719449223933
0.026571251961401365,0.5858336582903667
0.029080632455635635,0.46589363240773574
0.03618562893768973,0.2107614296977637
0.046619053352127904,0.04814971557340436
0.029658423610000595,0.43960153471343355
0.030280744890284428,0.4124159306109032
0.04601661363838416,0.05296630583479333
0.03426098587519655,0.26575426034297667
0.04496944698883615,0.06232945134241274
0.022077792799580637,0.801742168525436
0.026273599652827273,0.6003095098049631
0.03201610441156455,0.34277033844258825
0.021110469421538547,0.8431590702721906
0.02952321611816916,0.44566329122747905
0.01714415402792724,0.9640515147231881
0.03425136133385365,0.26605411894801273
0.054344034615644965,0.012706234786289194
0.02935286303264356,0.4533797154181807
0.01698659231127997,0.9669081496883374
0.03186368154522512,0.3485277984250755
0.026687094705024894,0.5802221267968112
0.03787128885763258,0.1702569295772998
0.029779209964263698,0.4342332354924302
0.020125548836213758,0.8813188863712299
0.03452723580885525,0.2575595295716116
0.016208925440891503,0.9788444213228882
0.038224230667018966,0.16261707599000674
0.022190869890353793,0.796690602550338
0.019024551203728535,0.9180640442820904
0.021854594163762897,0.8115943769274099
0.0429349688609324,0.08460572630678155
0.02441484321645948,0.6914976624895672
0.049714641786381214,0.0289305961222312
0.02139492605976978,0.831341800666456
0.01652855758880245,0.9743646462772184
0.018026484473077087,0.9452118291562077
0.027689880367718578,0.5333188231168684
0.014240726615402655,0.9952941855457745
0.02939244575403782,0.4515788965107611
0.05533566232009557,0.010552219624744967
0.0224836427094324,0.7834368295010332
0.028518248542148794,0.4924564285702727
0.022037164683200938,0.8035474915353407
0.022051934932901363,0.8028917728115464
0.01647015857841372,0.9752266217291198
0.02178577333732279,0.814598874479658
0.019181406319956462,0.9132487751313287
0.021699813568128334,0.8183286258669413
0.02584969705462653,0.6210396602239661
0.022787520414957352,0.7694374661732092
0.03110079359287321,0.3783807094210839
0.025516520782247976,0.637396283224074
0.054122641758416856,0.013238204714882587
0.030266155843003517,0.4130398095452346
0.04254297314967853,0.08959118830148831
0.021527980519797874,0.8257052440946222
0.027931868914031432,0.5211690191544782
0.0343766632236574,0.26217012341920454
0.017169052211768593,0.963586210175661
0.02605930326138628,0.6107750852616445
0.03747527792144856,0.17916666062466316
0.018489773358543515,0.9333720111352506
0.02914881668051561,0.46273823438675654
0.03250759278991322,0.32467035166099445
0.02775322997884655,0.5301212568938388
0.04140863565418629,0.10542386323822646
0.02825368807311146,0.5052828025806946
0.03762157586803139,0.1758330358684535
0.03999061701578477,0.12841313101663748
0.024890056413583883,0.6681968927534199
0.0335634784556863,0.2881500385515143
0.01762721966075939,0.9543390594433617
0.02672496977010591,0.5783904076683761
0.035361615954872194,0.23311515527925106
0.01201860498726215,0.9996904687684537
0.028970001307447646,0.47104335680672715
0.02284011977379441,0.7669913529500305
0.025848751423263594,0.6210860214261588
0.029728315423572238,0.4364898256879367
0.0222693420972383,0.7931622939010631
0.04141927213728064,0.10526526191174038
0.01959955765070076,0.8997158374820259
0.021442466066309174,0.8293356122074244
0.034415348884525465,0.26097965566006437
0.019428908578521975,0.9053591335619653
0.024781877417197173,0.6735101486566972
0.027419502235322135,0.5451042944969335
0.03467428938687522,0.2531161039276554
0.03707310562715915,0.1885892247864856
0.025572133552883125,0.6346635394470448
0.03804047628892504,0.1665596990353793
0.03404035379064821,0.272692274429861
0.039756844713060346,0.1325706235358418
0.04000994892087206,0.12807415158423222
0.024219231827788956,0.7010480748478782
0.03046695754875406,0.4045093710007113
0.049311307088352185,0.030973269499235075
0.022290896104593783,0.7921900038489461
0.01702645858470664,0.9661996675554058
0.03628718691405569,0.20812579626858163
0.02141772650990781,0.8303807064423275
0.03271445495247646,0.31726301595965706
0.020032117104176517,0.8846940736552829
0.037175988119483416,0.18614237152985108
0.03321052091922169,0.3000029992281275
0.03451613722666125,0.2578972666446393
0.041349768606913084,0.10630522371241923
0.04329721063999992,0.0802083243132002
0.024962166307639533,0.6646532827115277
0.019449536224428576,0.9046857169173448
0.03545749138831189,0.23042431957389242
0.047048093270786406,0.044955001534644344
0.022634262617320655,0.7765269728322676
0.04958668657113752,0.029565368015055913
0.02436824021458417,0.6937756950300841
0.03752434159859119,0.1780431302524382
0.041321511517821485,0.10673045626842177
0.03209064617333829,0.3399796155887333
0.018868938032544136,0.9226968785141181
0.023839291558507225,0.7194942293708368
0.020531499502266293,0.8661430396115579
0.024242074871742278,0.6999344210335254
0.01936227696301074,0.9075178453159825
0.027989468046814153,0.5183028756770643
0.035075851241194944,0.24127846353609642
0.022474007037926874,0.7838768448230989
0.02848204131997767,0.49419935445273616
0.044251855502641824,0.06953448108539986
0.02800617575389791,0.5174733570964675
0.03992341640520525,0.12959718626969174
0.02707637055048856,0.5614729327123121
0.023919740471600504,0.7156017758276711
0.03608159690595869,0.2134881055683206
0.04567393882403448,0.05588717394170459
0.02170072623823155,0.8182891617921699
0.03536136547382529,0.23312221670913089
0.031719631309748086,0.3540321243593688
0.021530722631839416,0.8255883777247226
0.023801963659256464,0.7212975725041992
0.03660627608657252,0.20001163244742132
0.0265951367740766,0.5846755587616264
0.022229790355376533,0.794942918890224
0.017167591695635143,0.9636136098300314
0.04513471394526264,0.060763684867465716
0.03288422962325832,0.3112762722295142
0.024473847653682657,0.688611236131215
0.020685348295600814,0.8601832639613595
0.05557187834571037,0.010090477304419898
0.02975812085772367,0.43516734239085125
0.017219775578517393,0.9626264877058608
0.014988642072436442,0.9910286483617636
0.02749887401959772,0.5430321837752322
0.03183075344132036,0.34978060373704245
0.02400370592824924,0.7115310432268094
0.022492939691349828,0.7830120443919663
0.038277483854284755,0.16148854888632516
0.029206853937681188,0.4600635212157486
0.04108811354094788,0.11029700104693219
0.02404705661343931,0.7094262921781767
0.027421247272221505,0.5450214685069388
0.04199211884476861,0.09701155352966259
0.02813012376583779,0.511345628075671
0.021691204986562962,0.8187007177458324
0.03072837843852383,0.39358620905762703
0.02594692177064753,0.6162754599834172
0.03641283983666549,0.20490046193055045
0.017973990532294204,0.946468881098481
0.0415492862553396,0.10334256840482138
0.04160432911535539,0.10253741492677003
0.02361415433410552,0.730342342089663
0.03164899409604355,0.3567537270699587
0.01817754872675896,0.941498146796005
0.035080683581070415,0.24113862918016055
0.03358044318407655,0.28758920603071475
0.021890603441418244,0.8100159389033209
0.020852403678055104,0.8535884875840211
0.0209130697444746,0.8511626773744299
0.038980564797467254,0.14716965641501814
0.017874640362742666,0.9488007208735955
0.01950360834287318,0.9029090192484295
0.0359904996575211,0.21589818114862178
0.043370733930909566,0.07933976072250687
0.027043266849657077,0.5630603463087733
0.04174001366169444,0.10057490987246462
0.03392897425379893,0.2762458402084485
0.02977707022656062,0.4343279501089625
0.02519551653767982,0.6531797914657489
0.02582670299747558,0.6221671039437492
0.029667621918907594,0.4391911624645446
0.03436711018057459,0.2624647269240193
0.03950175758522512,0.13723175854026823
0.03664356881123143,0.19907969350516314
0.03964929643239873,0.13451983766591644
0.04190098218597049,0.09828736251345545
0.02896360284716977,0.47134233086899935
0.03850856029692806,0.1566641347008011
0.026427123965110155,0.5928334069660586
0.039404833032356645,0.13903741166996433
0.03600111431309527,0.21561627807525377
0.02389795489514171,0.7166566279348098
0.02227500810192895,0.7929068342492139
0.027326667421385453,0.5495168825475596
0.035416050552933176,0.23158445324483146
0.021863828103860117,0.8111900293823942
0.0276610894140914,0.5347759980778739
0.01956890302290465,0.9007416209892731
0.03272341556435365,0.316944957353547
0.01643975856847979,0.9756675532450149
0.03979291807578328,0.1319220088193763
0.028197119908145662,0.5080526874903349
0.03259827700980711,0.32140783294577474
0.04229238541589719,0.09290556609189644
0.03901988144658522,0.14640023695276608
0.027510301679088744,0.5424479961985851
0.0458747902002371,0.05415881337087426
0.03398652879678002,0.27440526442418134
0.021542582138039612,0.8250826138774268
0.023615213279772673,0.730291484520281
0.013147678901880816,0.9985242081712098
0.02976273904892407,0.4349626719052781
0.03226644076812163,0.33346281944054573
0.02472025011076867,0.6765351006442503
0.02780920883318172,0.5273056952613521
0.047714568497419396,0.040357238974508804
0.02039354675005217,0.8713913488194949
0.02389745941108634,0.7166806125570132
0.034937896646019095,0.24529664062651185
0.023196416244876727,0.7502625451719038
0.02807940622267502,0.5138474235196485
0.027997388323191874,0.5179095386863329
0.024750274630179425,0.6750615504864113
0.02931576520156015,0.4550718000854218
0.021866143039195096,0.8110886150614519
0.022001813437849904,0.8051140773829376
0.025340692586773628,0.6460403274806918
0.043633786181832446,0.07629700668934089
0.02363980360781681,0.729110029024501
0.039931065735482024,0.12946195896411086
0.03449416418289886,0.25856690771431307
0.031236826557016095,0.3729303558567748
0.026250584942915378,0.6014318840619038
0.03337139924563404,0.29455661049556947
0.02078588181397195,0.8562296556876174
0.020334488630482123,0.8736098609750276
0.018873013891020696,0.9225773839410356
0.028533711370195003,0.49171329232566696
0.024500204675835052,0.6873211367197611
0.02430670373378585,0.696781189279599
0.031671234466122467,0.3558952239095236
0.018528682816748354,0.9323170331862842
0.038228775011818816,0.16252052772270328
0.033657731769632604,0.2850443911271011
0.037938851564834286,0.16877272159953222
0.028580886441576303,0.48945054230460705
0.020979782876566766,0.848476472092838
0.017536880099851326,0.9562657492014548
0.030864524380971314,0.38797909126856395
0.014509025762046268,0.9939962961644729
0.03583107588628581,0.22016659214342546
0.03489400666395798,0.246585644138723
0.02033057142314676,0.8737564024517634
0.018659883357782014,0.9286911491007322
0.045808015938020974,0.054728238299432796
0.03782962628018338,0.17117733941486232
0.017916712473903584,0.9478208012906384
0.023524221733780604,0.7346553011228121
0.018799431667966562,0.9247192308636253
0.022662876128174303,0.7752077235514069
0.03047003067679621,0.40437976568707196
0.027655011231884838,0.5350839442448461
0.021939708945536873,0.8078564827963175
0.023455535471290423,0.7379407859762248
0.02740968952229661,0.5455701248048321
0.028453689160011286,0.49556691909879413
0.03419199775130588,0.26790925459458736
0.038598869127681845,0.15481042631958306
0.028844080506781472,0.4769499210785654
0.032179955662038684,0.3366575313965114
0.024327132769525806,0.695783746144373
0.03646838167648758,0.20348727021446134
0.033685863806348304,0.28412227788822053
0.022588335757472766,0.7786401458899506
0.024352550328708478,0.6945422809053126
0.03202090515413736,0.34259011347115675
0.019955894296804777,0.8874138905303186
0.03162561086478316,0.35765792995863566
0.027112646465594192,0.5597349989980178
0.022619369383516608,0.7772128230837609
0.03237080572897333,0.3296367998648682
0.038343322349786046,0.1601020004385537
0.026766816070778826,0.5763684075546077
0.032545586001121896,0.323300571320002
0.044394757627461034,0.0680456561328106
0.020079416409664597,0.8829910517410807
0.024913254572336924,0.6670570381075245
0.019241877330599455,0.9113538412685287
0.030330623421435998,0.41028781401558295
0.02433452867097352,0.6954225613405436
0.02320447378799062,0.7498812337169702
0.02445454070030162,0.689555968463182
0.02203041950243434,0.8038467108838361
0.04274197923588774,0.087030228408605
0.02663194658561774,0.5828918695268118
0.021741218845394816,0.8165352956542223
0.03320181603495442,0.3002997958950622
0.029258109836251933,0.45770983099208773
0.02736127369349084,0.5478705552927814
0.04405606917099247,0.07161921764813634
0.021842378180349953,0.8121288639948847
0.05389853800253097,0.013797024463923875
0.040554925493234695,0.11881540523227106
0.03997470272926118,0.12869273372564788
0.023010593715922845,0.759020667286283
0.04289429326385008,0.08511194488197699
0.02059860598512364,0.8635571204327871
0.02590616579588867,0.6182719853756856
0.032770546177452786,0.31527587046079175
0.024728530001534132,0.6761287760425028
0.020812776610901085,0.8551642165820519
0.0517721047967753,0.020251762748776717
0.05676088492558651,0.008032357628838643
0.04238991765006239,0.09160356379810158
0.02482499147587791,0.6713930500621326
0.023572350830145528,0.7323486799514439
0.032331591672355775,0.33107065113104817
0.022247533697250438,0.7941446799465985
0.02647811654470522,0.59035470726929
0.018546424195672984,0.9318329055831613
0.038890797005002364,0.1489386466004077
0.04268775767071764,0.08772182052827815
0.02685649921518718,0.572041427181724
0.030532787713583365,0.40173930605935826
0.03704171536372347,0.18934080471195533
0.03555850279121403,0.2276152249264594
0.026164615363907018,0.6056279246502634
0.03293025653504067,0.3096675505099038
0.04244541398811863,0.09086956462007552
0.02885455710397966,0.4764566640202854
0.03456505208320082,0.2564112658362705
0.026483905002975594,0.5900734840426961
0.04841772563528035,0.035956128876898426
0.03111508988198891,0.3778053014724516
0.027459410397670858,0.5450525632159547
0.020083617179757707,0.8828392407639132
0.03038947994998073,0.4077863211874119
0.027389177383574936,0.5465443285760225
0.022850066540149372,0.7665280633020017
0.03399971655058587,0.27398481908548694
0.04295144249070493,0.0844014298722193
0.019430937613188703,0.9052930002753393
0.023229643914049358,0.7486892987211576
0.07484950669226897,0.00013770560120102582
0.022019389379576426,0.8043357003853466
0.04192116266605811,0.09800365934857241
0.02589979660428436,0.6185840745337866
0.023656572577878912,0.7283038480435662
0.029706989589044386,0.4374377187823952
0.035714210311706074,0.22333678319181402
0.030588310771293425,0.3994131258782879
0.020513710979116584,0.866824930857373
0.021136649146365483,0.8420852190879751
0.024654373915195454,0.6797667936534051
0.04475690484214362,0.06439375287317946
0.0433690094545488,0.07936004136104215
0.024761538405140504,0.6745086491348712
0.028462598177207976,0.4951369318916973
0.0400872529994607,0.12672595398801237
0.028981918590355593,0.4704868412866882
0.020274242322672442,0.8758552291132706
0.036200244164730055,0.21038054419943544
0.021936542279315407,0.8079959795326073
0.020118828435000624,0.8815631634946923
0.02786869321097568,0.524324075985135
0.031471578568262215,0.3636548113852174
0.04609533810758237,0.05231418141573172
0.021002695442584374,0.8475494565097964
0.0212295031467703,0.8382537093863894
0.028369356383316446,0.4996490367285779
0.026605093321825535,0.5841929624348434
0.020122073432742638,0.8814452413741989
0.021790520757329568,0.8143921375808444
0.039201907114685186,0.14288031711280938
0.023002643709915754,0.7593937846162124
0.013877731187583398,0.996695385474691
0.02053231243347578,0.8661118413188982
0.0365637308120918,0.20107899757725736
0.01899306456139227,0.9190131134310944
0.03177599500392747,0.35187108474267936
0.041611335564453844,0.10243530153697547
0.01779432629043065,0.9506405428752461
0.026288867773861135,0.5995651454502674
0.020908215614987458,0.8513573720976378
0.03482278923166232,0.24868818458193462
0.04175661918393908,0.10033689407637199
0.03800546395158899,0.1673195109135481
0.03028399796195791,0.4122769056530548
0.029542400565904653,0.44479981754268816
0.0186891940243909,0.9278667183372622
0.018171732060935364,0.9416437804574055
0.040653240902193716,0.11720519550406018
0.016321315310367568,0.977335173751315
0.02098546810866353,0.8482466648366436
0.019053706078783705,0.9171800108036553
0.04620705622255444,0.051400643699352
0.03488916070756509,0.24672828026518312
0.021248322814180765,0.8374728567824494
0.021170838401578324,0.8406785535541313
0.019883691222062905,0.8899619728320463
0.025658515400014625,0.6304205681155739
0.02024419740048991,0.8769682251010342
0.03530690462263311,0.2346614483698166
0.022113505503979725,0.800150997336501
0.03185618649876226,0.348812678263955
0.018822061997460948,0.9240639809945053
0.04584855485858741,0.05438192670132207
0.019982062490271263,0.8864835859985487
0.023734204532388586,0.7245664242450682
0.030702642135873037,0.39465242236229814
0.03783622474998205,0.17103130244514933
0.03213647436515954,0.3382719968120253
0.04193347383870272,0.09783092089176292
0.041318819460524625,0.1067710417255297
0.035134887090717326,0.2395743684217887
0.025808295333765385,0.6230698452784974
0.01885198706175395,0.9231927685650398
0.03176758150375711,0.3521930689101978
0.02440601358391936,0.6919293904241177
0.0276044925385725,0.5376476890487774
0.022709192116915106,0.7730679812697239
0.04018639834709831,0.1250138681006474
0.03988630369726631,0.13025491585643922
0.024560643738905208,0.6843611992444726
0.02966438305316954,0.43933563154571953
0.027981985479950233,0.5186746478375874
0.04694612329180947,0.045697138959838596
0.019519946875864502,0.9023689223192299
0.03120659976319401,0.374136647040567
0.023555636744712283,0.7331501211718597
0.031504071142680834,0.3623839136252161
0.023357073676870455,0.7426368919640589
0.026198560797725506,0.6039704558522563
0.04804747629450895,0.03821818255403031
0.03777048426757035,0.17249070534373265
0.025169903849529718,0.654439387472649
0.02586575128059232,0.6202526404098836
0.03184218250835952,0.3493454022275201
0.018019485686423198,0.9453804233982804
0.02019182728309235,0.8788973756168678
0.021463893416460433,0.8284285480113411
0.03322218005362254,0.29960581459465674
0.019140105729020807,0.9145306999809821
0.04480662148042458,0.06390572112532308
0.03705242448262552,0.18908413058832738
0.01782043069270245,0.9500469826631659
0.01924638283553126,0.9112118035461665
0.020789099638183983,0.8561023527174847
0.01727077714916747,0.9616455172105243
0.031172958547773355,0.3754824165555806
0.036982603893289334,0.19076251887739495
0.02785055533933256,0.5252321051947487
0.02601371844197553,0.6130052743384762
0.022736672202148284,0.7717959562484803
0.03465764808613109,0.253616009113758
0.030582932961681464,0.39963802627513473
0.043171844953910854,0.0817078396032865
0.024025255739524964,0.7104850152951093
0.024066183396513424,0.7084970184566115
0.01801496727317952,0.9454891048382799
0.03009196945205861,0.420538406391745
0.03166306581182904,0.35621037247240617
0.04506710635568939,0.06140009016572891
0.02386230767124059,0.718381423484332
0.02531784847773305,0.647163688374842
0.01898245062400622,0.9193317089711268
0.020677295545794006,0.8604979470759351
0.027021187633569976,0.5641198679285635
0.03996395648029061,0.12888181906022855
0.052982064364051284,0.016309605658885253
0.018457176879350334,0.9342486350907451
0.01824592436995831,0.9397703820450023
0.02355079880244304,0.7333820204347538
0.03555578860292896,0.22769035944020274
0.045091893972924346,0.06116609921585687
0.04689117393266318,0.046101449830155884
0.0422181463269683,0.09390696760505884
0.02409428637347244,0.7071309507250039
0.01585305589971947,0.983167734704707
0.04985453888492197,0.02825036209820457
0.027208424460018255,0.5551546088139498
0.06606283901046414,0.0011413705620676499
0.04370579972704208,0.0754814525830579
0.0206070733359313,0.8632293267052283
0.03628166049074655,0.20826855451788207
0.04166869401293671,0.10160252381133239
0.02632699850082959,0.5977069708012313
0.02890604776585938,0.47403722214684735
0.028084266995950347,0.5136073166357262
0.02957383270835423,0.44338750100646757
0.030387586581322845,0.40786662919654154
0.027231602535273958,0.5540479933166664
0.048530067270223354,0.035293359012412415
0.024280657540257156,0.698052398974129
0.0514869718540949,0.021296250977648715
0.04021894030977108,0.124456067918916
0.033128823753324155,0.30279700672510373
0.01884488473504442,0.9234000282639404
0.026906470055059306,0.5696344222102132
0.04177892999410662,0.1000178399886538
0.021952629930064083,0.8072869522092017
0.028827637845480092,0.4777247412461707
0.026006751502328007,0.613346235790843
0.01630800903998708,0.9775175528175813
0.025853011236419365,0.6208771801701116
0.04039092034933933,0.12154195553452553
0.025837326757388257,0.6216461690894186
0.027158456395498964,0.5575427274601497
0.024182134311885095,0.7028556739968583
0.02866461587877822,0.4854510215688378
0.025314410819773536,0.6473327390627959
0.019299043201105315,0.9095429398834904
0.047383047350411045,0.04259035554119514
0.02610779547250508,0.6084040957051728
0.01877822774970439,0.9253303690000022
0.04172473819940792,0.10079427614648041
0.013739819824694077,0.9971330165031893
0.024789459297878902,0.6731378921424431
0.027400430503478845,0.5460097977150973
0.016791242577905874,0.9702409880974602
0.04183019925144882,0.09928786877817623
0.02762939600990888,0.5363829273838162
0.026872369550772435,0.5712766692089912
0.02703281473913932,0.5635618391550339
0.026573114461806047,0.5857433314997965
0.020342676536728443,0.8733033089395983
0.03271354033705254,0.31729549347525443
0.0388181705109657,0.15038237360734566
0.029760872259010668,0.43504539711056084
0.01394865136331297,0.9964510149334991
0.02077209725035095,0.8567744693734154
0.02735450123918476,0.5481926086339413
0.0209350463006798,0.8502799284873908
0.03500165930508409,0.24343314823792228
0.036549760240213475,0.2014304577874664
0.03174224513182855,0.35316395713609733
0.022340301720894074,0.7899562874136012
0.021153384566486744,0.8413972683230575
0.020222424636602482,0.8777719481230118
0.028024653357905216,0.5165569397028081
0.026661874697271437,0.581442650778209
0.018712828267536064,0.927198136200007
0.02054405677050486,0.8656607720187274
0.015449991062530422,0.9872721634634168
0.023968193563193574,0.7132536971383355
0.027313101342238022,0.5501627223723868
0.02708816807147535,0.5609075438782629
0.0283322352814952,0.5014526742602481
0.030030062310588912,0.423225599994663
0.04653900837896746,0.04876701877325692
0.030904141835953802,0.38635793863075313
0.036108117428733266,0.2127904162131438
0.021443193968016083,0.8293048273405816
0.03915940519326344,0.14369599967759705
0.02447129734254619,0.6887360426374735
0.02850450338931182,0.4931176201732376
0.04952364322670938,0.02988260831801021
0.03216989360853406,0.3370306428693556
0.024821696373108493,0.671554877868211
0.02037487650793013,0.8720945478434989
0.012420905747805744,0.9994317923158905
0.028500473912979107,0.493311560671895
0.02694458656124754,0.5678003819945984
0.02662998645094683,0.5829868174340972
0.022735541885780086,0.7718483134475483
0.024599106214304167,0.6824764376822068
0.028456350776569717,0.49543843303640916
0.044955089899891165,0.06246708823563661
0.03115693016295372,0.37612480152036915
0.030157230373208943,0.4177182079749287
0.024036184290234575,0.7099543517578859
0.04149508042813671,0.1041406059666127
0.029927040548795136,0.4277231998191581
0.03308631947999777,0.30425817590051857
0.021891341125699987,0.8099835577497873
0.022387612010410007,0.7878108059316642
0.03886535746494579,0.1494430754028216
0.02181244301533236,0.8134364798506754
0.023896160905146124,0.7167434672151021
0.04236978253929746,0.09187109737257812
0.024317513704286364,0.6962534363547839
0.02500544090212997,0.6625261202831986
0.04508526857354944,0.06122856697079243
0.0544057650799164,0.01256138090158621
0.03693580221573961,0.19189411376639673
0.026590730305877774,0.5848891725576868
0.04059560657286754,0.11814693660501592
0.023216865781423957,0.7492945591148944
0.029148919223097813,0.46273349958579585
0.024388145473348166,0.6928028866192542
0.02761717357756266,0.5370034320796565
0.02120950820947809,0.8390817544036944
0.032858480247482724,0.3121789190452126
0.0306970257733461,0.3948853644931251
0.02014675090525686,0.8805467019151552
0.04344293847776115,0.07849452335489948
0.02679080411745194,0.5752101700421419
0.017112440530507367,0.9646386797440903
0.021580339864258724,0.8234689184413388
0.029728058596274032,0.43650123296742555
0.02702580046916958,0.563898460438641
0.023551870688833382,0.7333306443454879
0.04634347753288859,0.050303807256153285
0.030829049801467168,0.38943472307480265
0.030965219545782463,0.383867873002262
0.028259368344000668,0.5050051975277478
0.030067249818528485,0.4216100148452374
0.032222318354161505,0.3350899368032481
0.046351000350152105,0.05024391611106024
0.038451445752355595,0.15784566420916119
0.03128043596900498,0.3711948071721939
0.01955166542876219,0.9013161303561857
0.05259700533864209,0.017482342226118944
0.0183719160453113,0.9365105137275546
0.03882619807488363,0.15022224250975658
0.023294069072770457,0.7456330438121035
0.024628652142713925,0.6810280661187886
0.025355578579706828,0.6453083329409741
0.02259420259762482,0.7783705022422689
0.02467578254019659,0.678716769805661
0.046852417287193054,0.046388478891998486
0.03596066028779521,0.2166921830511064
0.0328036915003215,0.3141059042554984
0.021109109323906194,0.8432147813348065
0.029219518533003447,0.4594812168934268
0.019448555444228133,0.9047177904868858
0.02110784334734095,0.8432666301569629
0.030118351670955418,0.4193967663806349
0.0417483581685556,0.10045524491603858
0.02145658858215327,0.8287379732191724
0.0237094988932548,0.7257567382275838
0.02640482333218047,0.593918141686517
0.05547819648305885,0.01027136744481973
0.022378656730522473,0.7882174025958447
0.028871309780838295,0.475668608468693
0.027789760895435223,0.5282828051437775
0.03690515567691888,0.19263795733734335
0.028862117697896927,0.4761009041107634
0.037860690245301865,0.17049069933656288
0.04800684763466356,0.03847381775534343
0.03021870289635198,0.4150735195477637
0.022499260013544298,0.78272313282468
0.02789329203981261,0.5230941664791289
0.040833332944592515,0.11430227019762837
0.021662885885424338,0.819922904148878
0.025860958320663874,0.6204875905710454
0.019547704830711832,0.9014478975941076
0.019511571676015693,0.9026459659804812
0.02216666131530387,0.7977753728252456
0.035719393938345445,0.22319542523531852
0.04262533306707056,0.08852375216183976
0.045467944034017216,0.05770886009321335
0.033711709212732144,0.28327707265617036
0.027803060628643073,0.5276144733201747
0.03258504602951673,0.32188235076206073
0.030361902570351762,0.40895709787707657
0.024603363587549998,0.6822677653604725
0.05199457450594169,0.019468776916131282
0.02865495971944529,0.48591118831588637
0.026026359969301582,0.6123866734296213
0.02701952476040942,0.5641996891909982
0.024185542734519117,0.7026896489154912
0.03662721258014856,0.1994880134940175
0.031779171388445104,0.3517495792115252
0.018842119584107697,0.9234806385230763
0.0204400899064634,0.869630930058858
0.026310998953288423,0.5984865139709155
0.019114595641995802,0.9153175039942163
0.034550445336599234,0.25685432928803537
0.03308368109055887,0.30434904617553415
0.03137176583991885,0.36757851659799723
0.02484640206832467,0.670341453188551
0.021431656238985464,0.8297925495955569
0.027972916910370182,0.5191254456120986
0.037876836494119714,0.17013466924200624
0.04568720670477855,0.055771555667450075
0.032628619685823035,0.32032153790554063
0.04809200604324099,0.03793970704841633
0.03776376937741255,0.17264032838902554
0.031062676197861128,0.3799178826065625
0.018267903749519143,0.9392088029639734
0.02188358326180817,0.8103240036402724
0.05656754850486789,0.008338628448404274
0.047267249984738524,0.043395307609711206
0.017252462506287397,0.9619996304925819
0.031896797893121165,0.3472710640944992
0.05466634174361584,0.011966185131613787
0.021940012652022167,0.8078431023088832
0.04892776596558951,0.03303232636733302
0.04007050731565126,0.1270170118924992
0.04139793085079424,0.10558368347363796
0.019148161019679477,0.9142814575477004
0.038864073143936695,0.14946857812338973
0.05393426040872973,0.013706550123081956
0.0256347354652188,0.631588377544432
0.05172569400485488,0.02041860016957178
0.01839581083508013,0.9358811493054412
0.034930618740797614,0.24551002958667925
0.01475567567511793,0.9925806552864896
0.036226576257354204,0.2096956585014076
0.03572637288191444,0.22300521790901373
0.035755955650284554,0.22220034457310994
0.025093085680619187,0.6582169594150651
0.024858448694471152,0.6697497093094369
0.016421281038919933,0.9759329678798925
0.0293592837738591,0.45308728024757916
0.051280044483088094,0.02208400045572613
0.041653773994238086,0.10181860116215692
0.023829310757667005,0.7199765844490755
0.03978976843752485,0.13197853732436463
0.03826903871917409,0.16166709615564456
0.017436608429487577,0.958344617354155
0.01568875239311973,0.9849388402622556
0.040088076495447544,0.12671165484230243
0.023074321367411277,0.7560249575029722
0.025247651031582163,0.6506158538561535
0.022355639394064597,0.789261427619127
0.022460909850299582,0.7844745299779357
0.035964988561091316,0.2165768710455934
0.016948671735557808,0.9675731045738788
0.018224374082474015,0.9403180759772531
0.02328676833402543,0.7459797659992857
0.03584232617787464,0.21986325276143395
0.026861458338987232,0.57180242645395
0.0394546053899244,0.13810778293213713
0.02017377103448284,0.8795592895140554
0.035553845651241145,0.2277441562048776
0.020805397655083713,0.8554568578558845
0.031084284327372425,0.3790459493043615
0.03335660504687399,0.29505438420555186
0.02833458377745024,0.5013384426789845
0.02828239580861791,0.5038807987373306
0.024705048328096058,0.6772810306378323
0.03724991281164347,0.18439974227559422
0.023167176834158545,0.7516452082649079
0.02249994686706497,0.7826917292824107
0.015349374795895987,0.9881734320053078
0.023528846116437685,0.7344338310749206
0.05572487315519303,0.009801252701034555
0.02378818444262637,0.7219628047951955
0.025898167144851048,0.6186639211125192
0.02681365324321283,0.5741075145792683
0.02255360427078168,0.7802346083223866
0.016602327703051256,0.9732475157865719
0.02531308515986147,0.6473979301036782
0.042737961398392144,0.08708131798453858
0.03249728552812825,0.3250426867389113
0.01310526784312982,0.9985978690732166
0.049913898403298074,0.02796602400338968
0.018076322401598843,0.9440024145338823
0.03741878306561053,0.1804673130696102
0.039734631344424426,0.1329713218113782
0.02971393702078806,0.43712876700470427
0.025718200108782896,0.6274903785927229
0.03635798456233941,0.2063036906473118
0.02321032015553648,0.7496044853168883
0.015886061850497138,0.9827951622778855
0.02291164600442655,0.7636548893781289
0.018101730325778886,0.9433798607980082
0.023723054561145596,0.7251037321536302
0.029814857019443086,0.43265737630912937
0.02005138083897659,0.8840018824491505
0.03638128666729101,0.20570669698566685
0.04733757188056553,0.04290491094422911
0.028230433802347354,0.5064202929193561
0.030318785715764296,0.41079220019668056
0.01990913124899163,0.8890673437559327
0.03389897029631389,0.27720900782690794
0.019399601573256486,0.9063117361132109
0.01888635096464608,0.9221856741718103
0.028525009069649165,0.49213143198336085
0.014225278632771399,0.9953617756203597
0.01848194174034945,0.9335832269063926
0.026035650863882043,0.6119320943414958
0.019035662814645304,0.9177277126519291
0.020339939036962185,0.8734058367405145
0.0373560540630512,0.18192023976802046
0.03874545305315047,0.1518391969059552
0.023067475059826592,0.7563471920043832
0.03811283629318868,0.16499812916298248
0.019574038148538316,0.9005701519262657
0.030520339928140627,0.4022620925113981
0.041998815477400864,0.09691835592712096
0.025487093946546358,0.6388425794703588
0.02167170098685106,0.819542771671484
0.044698612997737086,0.06497001278832981
0.020976383926262332,0.8486137972218653
0.018801381156933417,0.92466290623594
0.03767549508913437,0.1746168977149612
0.032024473053667124,0.34245621471938614
0.0221430205123595,0.7988329878752014
0.03511681408101952,0.24009507395758245
0.030052001305696185,0.42227196886203433
0.017402547960964188,0.9590365247250067
0.028037622014705166,0.5159143561658389
0.020655596608117888,0.8613444004614881
0.026467545834328754,0.5908683474309415
0.03482711130442741,0.24856019763403295
0.031070844386636542,0.37958811444331003
0.0198781355689015,0.8901568844812658
0.022746975644983236,0.7713185505256254
0.018435884409020414,0.9348177149657042
0.026499703083909032,0.5893061151976717
0.020324548062282677,0.8739815862423094
0.032128918622217895,0.33855310874085004
0.022402219159861514,0.7871471179601217
0.030382204672657176,0.40809496425381114
0.013571283943362267,0.997604810867591
0.04165376943685495,0.10181866722225916
0.054932257425400643,0.01138513934850102
0.015329453156224804,0.9883462836581627
0.03793934747366823,0.16876186581674174
0.03507031759500234,0.24143866775014025
0.04143566606242832,0.10502119885652918
0.04284292027482389,0.08575493512117628
0.01854775407976228,0.9317965376510575
0.031994884495450626,0.34356777015788337
0.02430250454798122,0.6969861720914277
0.026634291933739007,0.5827782671665485
0.04489514692308583,0.06304455539449179
0.03229555481539326,0.3323922936332474
0.027563716373864566,0.5397225534400435
0.038095959183740646,0.16536129621777362
0.0330742550275267,0.30467385735405167
0.026424153837746933,0.5929778531632218
0.027283769110688527,0.5515600171547306
0.01441029537691041,0.9945018878696216
0.04291000565686337,0.08491609870472916
0.026170852749772155,0.605323307442466
0.01852268660769607,0.9324802201410249
0.0307387337313354,0.39315776913093936
0.03324623275475558,0.29878764964658716
0.019565894025342118,0.9008420271817529
0.04066731633157322,0.11697614559364097
0.032178829224209005,0.33669928611712185
0.04504456552709424,0.0616135368050372
0.03384190238517448,0.2790478825379202
0.05365255128586571,0.014434756620250374
0.028914386403509518,0.47364616196982795
0.041470075927166394,0.10451045272291795
0.026898948825748392,0.5699965209725627
0.026556001904042892,0.5865733755662601
0.023632022899886862,0.7294839534280126
0.019317225232057922,0.9089630083929461
0.01638358668046047,0.976468369243539
0.02483182359048991,0.6710575022248382
0.01775401101337687,0.951548837596328
0.03356286475067072,0.2881703420587277
0.029131573013809697,0.4635348969740218
0.030035114901199478,0.42300584771584904
0.03374883957287722,0.2820660991966513
0.02293802471031836,0.7624215226100556
0.02317071935254464,0.7514777790147066
0.028974557245477955,0.4708305519404911
0.02400419279561994,0.711507416272475
0.027515778508217126,0.5421681554175214
0.026556974832789182,0.5865261761202909
0.03276131786183717,0.31560217708371036
0.04093792366698529,0.1126437653138167
0.025040338951470065,0.6608104530914249
0.0311436856478865,0.37665619533437616
0.02918809706964587,0.4609268354974609
0.02734577156222831,0.5486078304691934
0.031079712104815527,0.3792303312597052
0.04837151496580683,0.03623189991649716
0.022234013943311703,0.7947529920702943
0.05429639812174003,0.012819043327188476
0.02632919625370278,0.5975999062612024
0.04754426623501873,0.04149130674915682
0.035044927193268294,0.24217478469490777
0.05153764120730597,0.021107210268145646
0.04371278732283668,0.07540271254960916
0.03903827459218712,0.14604140493687243
0.02080926946960865,0.8553033363967442
0.030987411586913427,0.3829659058490842
0.03375821395274914,0.2817609724600521
0.029547585596458828,0.4445666360021817
0.027545381957818582,0.5406570972517727
0.04870224326703254,0.03429835784117682
0.03222142106077891,0.33512308579931394
0.018038414711095352,0.9449237339284365
0.016236599128607976,0.9784793441905115
0.019940098143586993,0.887973709074641
0.03510769401223729,0.24035816231763
0.03217298520089551,0.33691597175981947
0.029216958276352012,0.45959889547310234
0.018899700949905562,0.9217925150122102
0.01844018291357219,0.934703055375184
0.025037151888173237,0.6609671446791813
0.02091585700544199,0.8510508362330897
0.022375731674884214,0.7883501603540197
0.020361742445129394,0.8725882064172015
0.026175413217081556,0.6051006038627055
0.03799496726226567,0.1675478406376115
0.01997901961950732,0.8865919483703154
0.032130686001843906,0.3384873382313205
0.04338662070611354,0.07915313080919491
0.02492564913213957,0.6664479658615075
0.026993280725371438,0.5654599067272613
0.02847343628919674,0.4946141612041117
0.03164899773546792,0.3567535864639639
0.02850281079457534,0.4931990795454902
0.022590081746358605,0.7785599083785946
0.034233085289281595,0.26662422066674457
0.021846662176808057,0.8119414833208832
0.025522303343346375,0.6371120996648303
0.022930331916145463,0.7627813664224723
0.030819656194354894,0.3898208059554718
0.019906303543339665,0.889166953812617
0.04211826625533199,0.09526846510443363
0.022985121657982388,0.7602156720671543
0.024740499081946976,0.6755413582103911
0.026442604243813783,0.5920806803913623
0.04128181108658724,0.10733027829772353
0.02449785508870761,0.6874361601355758
0.024068380702923275,0.7083902380271276
0.032756074257810686,0.3157876968207819
0.023155446612396657,0.7521994363717475
0.037078999396515044,0.18844837224227015
0.03694285387814156,0.19172327804298994
0.0186875955040558,0.9279118155412025
0.025183761090278284,0.6537579107357296
0.034488645578189425,0.2587352965343302
0.02861298557174441,0.4879147525012339
0.014699435482141254,0.9929233358024646
0.0195890846280643,0.9000668812931587
0.03154081564633271,0.3609504958836996
0.04118650575307825,0.10878162971412224
0.018863716306123324,0.9228498211950865
0.02584903328055571,0.6210722028431743
0.02753349733260091,0.5412634151780626
0.026542096617261257,0.5872480582658508
0.027492764833597888,0.5433446473614132
0.026406154536830928,0.5938533778604811
0.03092037010031984,0.3856952378930219
0.02784833704104772,0.5253432265069304
0.023483235576709283,0.7366167170786804
0.024013390863958636,0.7110609988723695
0.03241323597492435,0.328090409097796
0.028546031309326647,0.49112171859932674
0.019931854011832617,0.8882653579960144
0.030022509380328855,0.4235542438042209
0.02420976507091442,0.7015094667188815
0.02431405282801241,0.6964224097882381
0.018524931199266126,0.9324191594507704
0.03928479201076307,0.1413004123758544
0.03355112704123603,0.2885588707702458
0.050833589021818115,0.023872400630857965
0.021886515842207077,0.8101953339699156
0.020893203870650856,0.8519588253668444
0.03133022575782296,0.36922024538144477
0.02289980116187773,0.7642082073749973
0.02183955604496368,0.8122522693742681
0.01929735630178875,0.9095966482813838
0.038842993078715526,0.14988766643981452
0.025142028180125564,0.6558102387413296
0.03413312441531302,0.26975864879286876
0.03981480988518493,0.1315296485994157
0.02829140713575029,0.5034412228223591
0.01958428219453001,0.9002276490248655
0.02228742547940954,0.7923466530414072
0.023619652873156927,0.7300782478083252
0.027713134969610198,0.532143658839756
0.02669695602160993,0.5797450672820971
0.019634967949077875,0.8985244081828374
0.03223399283833428,0.3346588577548867
0.021695171461185575,0.8185293060081704
0.027953482370838,0.5200923646455445
0.031114877499969107,0.37781384510280797
0.02328557166936518,0.7460365880064204
0.02019029467137995,0.8789536231319964
0.020198537408620543,0.8786509707333502
0.021715168314323297,0.8176642909180736
0.01913191180858942,0.914783840931365
0.02115445563944951,0.8413531998008335
0.027812334374306524,0.5271487661396984
0.038423771220733816,0.15842073542427612
0.040031652203840806,0.1276944631084585
0.04305006494785357,0.08318703793572951
0.029142010067912283,0.4630525942137119
0.025049126768229624,0.660378393094717
0.03225310711669255,0.3339539275913554
0.04220475504655885,0.09408855849036209
0.025654149461326825,0.6306349610179705
0.03481036803974358,0.24905628468018293
0.023597339585332944,0.7311496735159415
0.02187087278300237,0.8108813551470846
0.050746844178398254,0.024234420018314457
0.025040805524286586,0.6607875139623267
0.02286180173115704,0.7659811836679866
0.021727332016954676,0.8171374288027817
0.017901536667353835,0.9481755467492301
0.025594381510259945,0.6335705317054241
0.023540143951333192,0.7338926161605519
0.017765779242092328,0.9512847545575956
0.022119417884970183,0.799887191197696
0.04390861400046042,0.07322417043655774
0.02744096147011621,0.5459986587418005
0.018768442427281595,0.9256114827949489
0.018090851597515167,0.9436469094245347
0.039401420411175225,0.13910133703551233
0.04044879338383395,0.12057401929288297
0.021806017446214687,0.813716760620693
0.02541955485409303,0.6421626994970688
0.027002698106275758,0.5650075943427721
0.028446574282949166,0.4959104854165465
0.03477802149707343,0.2500168120629535
0.023702194985319336,0.7261084777769451
0.02413827117547432,0.7049912850584968
0.02519526576141501,0.6531921243927454
0.02746108885726606,0.5449665387471452
0.029560822963152045,0.4439716943071078
0.02340376316043602,0.7404121041431118
0.03519264143595063,0.23791617970118167
0.02895765820099072,0.47162021120846315
0.028072093687306565,0.5142087733177003
0.02159462689486963,0.8228569489796423
0.040187283708148835,0.12499866510497513
0.03433077283792013,0.26358760308646656
0.022203023441338177,0.796145345291101
0.020572423137817375,0.8645685962605411
0.03290434711978529,0.3105723802111916
0.04659783126128281,0.048312716867978986
0.03171221249844097,0.35431727025215637
0.031549817573599925,0.3605999399343068
0.05299013060189872,0.016285811298785608
0.03182881622232003,0.34985440839361426
0.03151238272026924,0.36205932390662293
0.057867972432451786,0.006467188629272721
0.026050678461484567,0.6111969459324089
0.02160302814997017,0.822496741684496
0.027818105136823423,0.5268591007792387
0.019162468103985364,0.9138378371736181
0.025674250835707513,0.6296479211572499
0.023672634797850367,0.7275312643549978
0.020442646921691066,0.8695339099825796
0.04925759496385651,0.031254651317378056
0.028248154566343275,0.5055533283716188
0.03571510478080009,0.223312386009357
0.020884060381208602,0.8523246784185723
0.025202809024724104,0.6528211535734538
0.017657999082426823,0.9536709657180235
0.023091668212983474,0.755208066653347
0.05470699200281187,0.011875663382352053
0.02074490352211822,0.8578467376853278
0.02607692763756969,0.6099131790848851
0.029365216184097043,0.45281719749202637
0.02092944588698914,0.8505050847085351
0.02226102980511868,0.7935368955288091
0.024722533602877614,0.6764230442400226
0.02799900120315124,0.5178294628395884
0.02584604102275856,0.6212189058472489
0.02861310458132077,0.4879090642552153
0.026847484878276318,0.5724759373390492
0.03519253926987437,0.2379191052268376
0.032433459612430104,0.32735519789157924
0.0513998173709313,0.021624939089965017
0.030282774074346097,0.41232920659117306
0.049222494843567444,0.03143974288963744
0.038693820360049175,0.15288049592600936
0.026594421340412455,0.5847102397740647
0.03484395481513569,0.24806189852708665
0.03146880563251786,0.36376341621916813
0.022791057947324833,0.769273157007954
0.027574197099563658,0.5391887775632709
0.04259348904504698,0.08893519797587886
0.028222045880744895,0.5068309901214407
0.03990819570208781,0.1298666060305475
0.03008684723168875,0.4207603051243062
0.02643196130588099,0.5925981691727915
0.019770287591290514,0.8939076958524632
0.04110602667516239,0.11001982186229597
0.033705625839033804,0.28347584467861836
0.050736609704524316,0.02427745176394423
0.036057718732861566,0.21411779935893482
0.025251873790303803,0.6504081820799318
0.03245053594442915,0.32673533282530576
0.02238874221657261,0.7877594752642313
0.04632728122917407,0.050432959723757206
0.02931621596112159,0.4550512152407969
0.022276766658809954,0.792827528267066
0.031236923781828463,0.37292648021880903
0.023174398367602156,0.7513038727295774
0.03006143240968323,0.42186247156687356
0.02980225211657192,0.4332141641726041
0.02056600459607072,0.8648160593368692
0.025906367083316395,0.6182621226750311
0.02286712386282097,0.7657330601080696
0.025904141737968067,0.6183711615347848
0.031168259111853835,0.375670680632778
0.027211585478697398,0.5550036463913544
0.016523507561892636,0.9744399639930658
0.020443517402441824,0.8695008743594336
0.033061744842772356,0.305105336668539
0.02281832655994298,0.7680056178716236
0.038769203539208985,0.1513621335135616
0.0319593121094455,0.34490753706873023
0.06016168032742003,0.004073001416291233
0.030334381604125604,0.41012777235893855
0.02660824415991664,0.5840402609656947
0.033802428983967014,0.28032513045137164
0.02943490855219688,0.44965233444044345
0.024849093970162772,0.6702092279066802
0.025469614488764947,0.6397017619458679
0.030465290536247525,0.4045796870952816
0.017790360312419207,0.9507303472719527
0.030788795781043543,0.3910910569875702
0.03590493572023867,0.21818102516563023
0.03106338648540198,0.3798891987552274
0.026724287514861444,0.5784233895870619
0.03498379559841153,0.24395413146670641
0.030923785979687812,0.3855558471926617
0.026683917515461786,0.5803758508413823
0.023309530512227283,0.7448984398460569
0.028349729607498653,0.5006021438718201
0.03165784134362648,0.35641203751971107
0.03095885690774261,0.3841267471537877
0.03196820910366982,0.34457209857036464
0.038776075843245994,0.15122431880705353
0.02911503848403263,0.46429964407689484
0.0285463770493527,0.4911051236100123
0.027549158261542916,0.5404645294135998
0.014482950095491165,0.9941331014227235
0.04841647898458862,0.0359635443203456
0.022182130343206707,0.7970824197366881
0.0357399836838751,0.22263462285977775
0.016728067004264713,0.971269904499042
0.015913720504923345,0.9824785597483621
0.048787055788906575,0.03381733342159723
0.045295699138890394,0.0592710052481517
0.03273122384579363,0.3166679903593485
0.034722223016438014,0.2516803500587052
0.03211894958186601,0.33892426427054817
0.04192513240257534,0.09794793208213323
0.023211974886030662,0.749526143835822
0.029367426743341946,0.45271658544971355
0.04522702642451215,0.05990385859330667
0.01698952199671877,0.9668564135395984
0.03380849728632823,0.28012849434334014
0.020822515326519686,0.8547776164099286
0.026118415623683777,0.6078850374044386
0.029835142590564634,0.4317623274358654
0.019511122575857298,0.9026608106358727
0.019114466678780834,0.9153214718648064
0.029045946699789105,0.46750421314473
0.03686037614278159,0.1937289062340598
0.022259240861852603,0.7936174895972086
0.028636898502596764,0.4867726569119965
0.021846809129079492,0.8119350545728915
0.026598792169499175,0.5844983694712892
0.0355650546319346,0.22743393465581366
0.027426518971690628,0.5467400010833597
0.02103920936375392,0.8460675008784939
0.032654067935941,0.31941252726326613
0.03534349363760214,0.23362647378887946
0.032846496462557384,0.3125996632897222
0.027817272981187302,0.5269008649711721
0.01552202349478804,0.9865974703944422
0.0251181961267421,0.6569821937080789
0.02100287613263263,0.8475421370432257
0.040098169009400775,0.1265365161621879
0.04203513801081982,0.09641415314272994
0.020948283766806686,0.8497471932475338
0.03780122652585394,0.17180701505800075
0.028436542568134715,0.4963951607200847
0.03414216316477231,0.2694740928831486
0.026071460956487047,0.6101805016033719
0.020275126686796027,0.8758223998446776
0.022204753373044728,0.7960676976306948
0.04332800216885657,0.07984359791659969
0.047008691183433315,0.04524052036896823
0.028043475062236867,0.5156245089238617
0.022757713763287335,0.7708207335469542
0.03139846356282011,0.3665261001361356
0.02140580610457221,0.8308834307013718
0.021995348653703783,0.8054001308503025
0.02994130101046416,0.4270987150287652
0.026780127130677123,0.5757256191379133
0.039779670034904346,0.13215991286884257
0.017636384533927046,0.9541407477401168
0.03340542674541125,0.29341405767323897
0.027650335320645286,0.5353209203707406
0.01723288167729875,0.9623759353490265
0.05496468664285403,0.011316050513217636
0.033997266691791206,0.27406288777401855
0.02490326683789218,0.6675478090185736
0.036327390297835715,0.20708955757772907
0.024345630675783103,0.6948803058518276
0.030518232334299955,0.4023506542919034
0.01984712871652161,0.8912416776187604
0.023198604766270114,0.7501589888825303
0.019201268686559914,0.9126287148863764
0.035999297698249944,0.21566450331787676
0.03672702131275182,0.19700655006064902
0.02960131481017314,0.44215512544815316
0.032304233996051424,0.3320736395680012
0.018699234993296787,0.9275830879878583
0.0358357675845799,0.22004005149967862
0.026682636731222287,0.5804378228326945
0.027590181951359594,0.5383753093529376
0.019300619326173774,0.9094927435272517
0.03111981483681961,0.377615262587246
0.04925523627519751,0.03126705915668257
0.027665170965501473,0.5345692713443722
0.024050841934551648,0.7092424129822269
0.03756823473447635,0.17704274453608657
0.033678711312185694,0.2843565121304077
0.019634177554863075,0.8985510780175248
0.04228145346205392,0.09305246231084398
0.03782751816807972,0.17122401696208514
0.02584374395831246,0.6213315281490783
0.051233858410247635,0.02226332201721835
0.02390079981484705,0.7165189097798197
0.01928803600812512,0.9098930964306422
0.02527850371979845,0.6490985552377728
0.033039934287424355,0.3058586601882837
0.020314114021198426,0.8743712380236357
0.02475219822123853,0.6749671313774019
0.029717515336918743,0.4369696966918277
0.036238154231364034,0.2093950703332733
0.031216576120878803,0.37373820818196885
0.02938488847436796,0.4519223483008296
0.03481482727249863,0.24892408840494548
0.03136613542325706,0.36780073760559423
0.02308729544288557,0.7554140451598017
0.04549883338307248,0.05743248591971692
0.022313237559631216,0.7911807735990208
0.038780257865744794,0.15114050355709557
0.029786254696853587,0.43392150142391944
0.022471083053770824,0.7840103198700532
0.03262075343504389,0.3206029001896907
0.033456740650454786,0.29169727446637
0.026124692402830774,0.6075782963411551
0.05411067879137299,0.013267512562022953
0.028347885891710445,0.5006917372555373
0.027068420624467904,0.5618540275401678
0.028208233796830295,0.5075077313387413
0.02259060030993143,0.7785360761063055
0.0338676204368657,0.2782180575588321
0.028446689037210454,0.4959049429005844
0.03785241724907806,0.17067335148260798
0.026541506901782586,0.587276675262181
0.02920826094431994,0.4599988045563716
0.027719767354372538,0.5318087887692394
0.03298035992003867,0.30792327437806655
0.031469624218128545,0.36373135310208143
0.02119158385908959,0.8398226680568471
0.03031915636271365,0.41077640107957414
0.028940382684698507,0.4724283566905755
0.026413086177715428,0.5935161745757738
0.021432343116240093,0.8297635282224316
0.020641426915267935,0.8618959676742676
0.017291702572570122,0.9612383877754288
0.022285408982682275,0.7924376530601265
0.020937185990692407,0.8501938693832042
0.03584502498313702,0.21979053349863964
0.029291686367258707,0.45617230468994374
0.023500672419688562,0.7357825952140671
0.022214178994516387,0.7956444734164511
0.028014258914628554,0.5170723377566447
0.024901623772818182,0.6676285423343826
0.015645247499362136,0.9853848876985692
0.030140227693781524,0.4184517224188056
0.023399241627992118,0.7406277222519224
0.044714187252236026,0.06481561978489957
0.02682378412118447,0.5736188038531365
0.032904073111505505,0.3105819596734006
0.03280754788773449,0.31396998720406766
0.029990310709941848,0.42495721516609086
0.03468181902417328,0.25289015894728023
0.029762830649503358,0.43495861297573934
0.021642492622543696,0.8208012521586756
0.020801357808553966,0.8556169702301726
0.04920848782800369,0.031513873992958005
0.029716527511980284,0.4370136055373407
0.031249953828721255,0.37240732395618237
0.05025241143122222,0.0263922909565461
0.051601533605817096,0.020870965774589568
0.016017296186839336,0.9812570075130891
0.03826746707066761,0.16170034143573345
0.024546511449211383,0.6850535078452586
0.042646097299703034,0.08825632611317
0.031365530584128,0.3678246149954371
0.025631539732865763,0.6317453309339959
0.029218310427585326,0.4595367432744079
0.02531152600577058,0.6474746036807273
0.025197394614095092,0.6530874294881772
0.03508850211431869,0.2409125138180373
0.04401156583244298,0.07210042812940669
0.02979179907505969,0.43367626490287753
0.03580972018741568,0.22074329162697354
0.03268284032230326,0.3183870398530011
0.02468476216752369,0.6782762834671294
0.03230172529276876,0.3321657233656292
0.03168240823877727,0.35546445794142045
0.034634636602805136,0.25430850672976585
0.020737408005996327,0.8581417007194239
0.02788214735494346,0.5236511619847152
0.027592725549174524,0.5382459358769393
0.028770567806498892,0.48042037704316704
0.03033745755715006,0.4099968151444857
0.03838422487553361,0.15924541759268782
0.02718254468537351,0.5563910648055904
0.03148994328683086,0.3629361168641238
0.021492638515383966,0.827208971812858
0.0172960674208682,0.9611531230879315
0.03240296423250283,0.32846428554651075
0.01864142233506705,0.929207716121316
0.0450110513316177,0.06193206819265937
0.046839796523081345,0.04648228121247213
0.05305057978413874,0.016108481587356137
0.036849800523113485,0.19398726374692501
0.0330098697060843,0.30689930814551547
0.028734053402606152,0.4821502623473079
0.037403469505926545,0.18082115451739722
0.020184609807958998,0.8791621558757434
0.02429367577736191,0.6974171008367855
0.04389652591051463,0.07335708454870976
0.0249576559360421,0.6648749674292003
0.027089142733042748,0.5608608417508674
0.02938851438572182,0.4517575417493619
0.02025286355000777,0.8766476576670688
0.029165125087215138,0.46198561082883133
0.0232814490722012,0.7462323239669522
0.015742396854734775,0.9843757304640898
0.02733865883028941,0.5489462228939049
0.024739475306462116,0.6755916053380149
0.02105395468936966,0.8454674381063061
0.03337292553074833,0.29450529159639943
0.016382693358791056,0.9764809595664272
0.02145803443884109,0.8286767443337626
0.03471909981249055,0.2517737106965962
0.027158086903549344,0.5575603988459991
0.01971654113951582,0.8957533897733043
0.021045802563687294,0.8457993037954978
0.025247904447675773,0.650603391053232
0.029130852900078663,0.46356818605996186
0.023794559967722173,0.7216550382861507
0.03314327837536524,0.30230127726424433
0.03274883839749004,0.3160438334915126
0.025470106598717845,0.6396775720196566
0.027149226517151237,0.5579842108377207
0.035407357391493144,0.23182838594239413
0.025637085448237423,0.6314729639032426
0.019909824856364805,0.8890429039244976
0.02212126141817594,0.7998049120427682
0.028372610127120557,0.4994911419828588
0.02463070989276306,0.6809271761870748
0.0261760922158909,0.6050674472376183
0.02422891713175357,0.7005759488479704
0.01868212805663616,0.9280659445456465
0.04034460068565887,0.12232124954282068
0.030790700102776403,0.39101258985799675
0.03364095496508157,0.28559535967509825
0.01997526481961076,0.8867255967106706
0.022338079515189402,0.7900569071771305
0.024409449003465422,0.6917614209895991
0.02149429285570731,0.827138687706458
0.022367275066276116,0.7887338405211022
0.025971450466246715,0.6150743037756045
0.06061143735303404,0.0037121526173251526
0.016130696279800627,0.9798535402172897
0.02806637686980784,0.5144913823027263
0.01840070699745261,0.9357517526782828
0.02862318232261407,0.48742753835848185
0.023825580494382992,0.7201568293149596
0.022922162961625858,0.7631633409567689
0.052819394050381496,0.016796155924880315
0.04502137023032271,0.06183384369653308
0.023036440781366185,0.7578066675031165
0.022500681193297067,0.7826581538556836
0.02673662269939682,0.5778271526728318
0.01983701457945508,0.8915944105865589
0.01674064119581531,0.9710670043496996
0.022157291434485415,0.7981947551743803
0.035035126111944204,0.24245939467876285
0.026703543119004247,0.5794264609025481
0.02112890805845985,0.8424030431104529
0.04477475216639448,0.06421819369887345
0.01965093932705453,0.8979847538763451
0.039698767124961065,0.13362034623197436
0.05159049491583528,0.02091161276025705
0.04466460272380757,0.06530826044576538
0.017537809442314728,0.9562461884743173
0.03299902982740105,0.3072751529339443
0.024707924955916893,0.6771398863539513
0.04595816857029755,0.05345496489165861
0.031232227873614626,0.37311370383378356
0.03248095203692927,0.32563334421123097
0.04520859023884921,0.06007474037862659
0.02775573334456266,0.5299951455956101
0.028201644991094676,0.5078307606677724
0.0288362567574858,0.47731849403585014
0.031200073455029842,0.37439745793315754
0.02931043090342772,0.4553154483868564
0.03780598570143001,0.1717013668107424
0.031052919310345428,0.3803120524311036
0.05273434974881441,0.0170556628964929
0.026178044622853336,0.6049721098330251
0.02623568993455233,0.6021584948319272
0.025294033640575447,0.6483348259252608
0.04003387745295067,0.1276555855489788
0.04928351418196253,0.031118588759976522
0.018646937988870793,0.9290535980471017
0.027424785781607897,0.5468290083351304
0.013864537023629997,0.996739369668305
0.022931893763044164,0.7627083188349644
0.02168829876974504,0.818826274839686
0.03264078656904623,0.3198867029272494
0.021002403327576857,0.847561289328318
0.02685987302433923,0.5718788262771402
0.01729146689489114,0.9612429882439771
0.022595187801465355,0.7783252130017244
0.02039021380184519,0.8715170067143553
0.04204820938422571,0.09623324260892037
0.03612747766430424,0.21228221547739135
0.0380031778331128,0.1673692186425726
0.02547801436273689,0.6392888682115929
0.02798357366096571,0.5185957248611754
0.01759533933769797,0.9550248014161604
0.029365633723990592,0.452798192322848
0.029055941518769224,0.4670397447308296
0.020735304309198344,0.8582244392603184
0.03804571994770278,0.16644614264946225
0.029075060808094855,0.46615209756122555
0.02726773064603699,0.5523245419314116
0.019004320601560876,0.9186745113011439
0.021971054332604434,0.8064738999683975
0.02704878514993425,0.5627956329701336
0.019874559374807255,0.8902822625079044
0.028294171382139632,0.503306430847622
0.02423435496159171,0.7003108366478941
0.020771050130510282,0.8568158200948639
0.027217693644291552,0.5547119735315544
0.017972338839496504,0.9465081534553577
0.031924723898576035,0.34621381651630834
0.03205604844100779,0.3412728645144914
0.056343784337972824,0.008706322239559555
0.03626277188016125,0.20875705981212742
0.02912923509792853,0.4636429788077413
0.028506022313714352,0.4930445263816773
0.035341657232100476,0.23367833566033855
0.02504096087166885,0.6607798762753476
0.030193817818722435,0.4161427540084432
0.022670483821951304,0.7748566207998079
0.03149981964032034,0.3625500258827547
0.018029803556596335,0.9451317683238746
0.02082191991902549,0.8548012646260583
0.030022401203240068,0.4235589520717855
0.03246535246502702,0.32619818691510577
0.026367823258736434,0.5957188222242935
0.03679367565508973,0.19536290041376572
0.033563298860582624,0.28815598007552085
0.0355547431271781,0.2277193055284141
0.02250863890964716,0.7822942129969706
0.029862476856976017,0.4305582470613564
0.03134918224904565,0.36847041614584936
0.01965433130631211,0.897869961222085
0.03176964369782333,0.35211412946298604
0.030083445183874735,0.4209077285225013
0.03106022304339806,0.38001696105209853
0.03369759846161069,0.2837382950785733
0.03224323883448177,0.3343177338614026
0.023199677589310963,0.7501082217730418
0.03409771237901785,0.270875654544917
0.02334174922825971,0.7433662871894048
0.04108258686775401,0.11038263463795228
0.017428205287500442,0.9585159900075634
0.03662401824324524,0.19956783398975497
0.01911025218468862,0.9154510872594454
0.022261596991295596,0.7935113411463862
0.020567322859744053,0.8647652503408962
0.04211673996215026,0.09528939777705248
0.023614051226045152,0.7303472939312126
0.035013551636949414,0.24308678681837262
0.03330333334944763,0.29685193900468737
0.03163135369123499,0.3574357109516683
0.02800832143399523,0.5173668871627829
0.022181984391159898,0.7970889612040697
0.026887744671966418,0.5705360512010973
0.025031660960282753,0.6612371017420824
0.025386230711045565,0.6438011398633345
0.02493356193394236,0.6660591081741136
0.022199225049401305,0.7963158039976648
0.032061164987085666,0.3410813881888517
0.03323551705273631,0.2991519461810168
0.020035278204110663,0.8845806205496667
0.029370397785016725,0.45258138394477243
0.020329151177031823,0.873809514646262
0.024526136522148523,0.6860514221934542
0.02591762605196468,0.6177104885291125
0.033495973982640925,0.29038968815284133
0.03175952841742877,0.35250145647882103
0.0322054029847455,0.3357152439817613
0.023931753402094635,0.715019872668704
0.028244259558982687,0.5057438053566968
0.02320620561898845,0.74979926114906
0.0455234913008834,0.057212682561489314
0.018016259766717613,0.9454580295320061
0.01955334479246884,0.901260232187059
0.04417753169336158,0.07031972103485787
0.024507486033604087,0.6869646577914683
0.032352840231363034,0.33029314554052724
0.017904255845366257,0.9481120901480087
0.026361598456657698,0.5960218781715438
0.034820939906864135,0.24874296282483707
0.032090540900611475,0.33998354529810426
0.02197852875605838,0.8061437459588721
0.02516612148811448,0.6546253964511938
0.0281242920197613,0.5116329034639743
0.025347680098354614,0.6456967252294761
0.020185469966299274,0.879130614003593
0.055325872165624124,0.01057176292583965
0.04948882242288888,0.030059112340634627
0.031533667588171665,0.36122902962572795
0.035031141236196106,0.2425751829485285
0.02468874098092899,0.6780810949356195
0.04739603126923192,0.04250091428991424
0.026250631061456087,0.6014296345609342
0.025190440846666107,0.6534294085690348
0.033035990695069795,0.3059950150349777
0.02454149474162018,0.6852992368614967
0.025934980094756033,0.616860357782931
0.03811847252087436,0.16487698912461723
0.056460829255063905,0.008512194825943873
0.01892856239159313,0.9209388870542554
0.02761435772056542,0.5371464496531413
0.041534896508074404,0.1035539223073676
0.02951511391678141,0.4460282990561485
0.02582241772293925,0.6223772467837327
0.03541360374724839,0.23165309140181473
0.03454812164807153,0.2569248665992674
0.0376197759222478,0.17587374904611566
0.02324425337725672,0.7479969175080535
0.026719096681618204,0.5786743436035298
0.033708746943758416,0.28337385076032795
0.03389603945318209,0.27730322614428704
0.02198679786232302,0.8057782792194319
0.0271540754505194,0.5577522628223219
0.018098314845270427,0.943463782962041
0.03511157542041643,0.24024616769421764
0.03826451256352603,0.16176285332323123
0.04037358657531198,0.12183310466867066
0.022780848012041943,0.769747301725533
0.02496327413942112,0.6645988321018139
0.019670672963392172,0.8973160303832112
0.024435532612235883,0.6904858325547528
0.018481170517872042,0.9336040060211082
0.02855775431152041,0.49055923392885076
0.018571436578429912,0.9311470795438155
0.04636937116894424,0.05009792003379728
0.030071947632302698,0.42140621977153414
0.03065277808771516,0.3967238903655145
0.020081973758764082,0.8828986429739873
0.031146893221739136,0.37652745346658767
0.023350354674887663,0.742956745964194
0.023624392168424935,0.729850584035769
0.019476127663391463,0.9038140434404686
0.02183064436778656,0.8126417788681873
0.0344658784298566,0.25943086483308725
0.036017419391186856,0.21518380527122413
0.023621892920984267,0.7299706457036648
0.03381305864588713,0.2799807566254475
0.028492646411792832,0.4936884418748896
0.022606840175391718,0.777789371927146
0.019523031360295096,0.9022667910879223
0.027645240451121544,0.5355792035068803
0.03992363395989129,0.12959333867447267
0.01911356352820237,0.9153492567706928
0.03895695258524401,0.14763331155717213
0.029394672484872708,0.4514777324800688
0.024914803363240257,0.6669809322450895
0.03408810078981528,0.2711794314656178
0.03300813000607994,0.3069596050357799
0.028780108838323937,0.4799690314410151
0.02667189661503322,0.5809575607180004
0.028074869840960193,0.5140715704584902
0.03923010904642116,0.14234114886897414
0.0198830918351266,0.8899830093506589
0.02660498909508685,0.5841980138229415
0.021435053370817858,0.8296489991388005
0.026577676131683603,0.5855221157150493
0.013178191599937938,0.9984693178523423
0.028787360003715012,0.4796261939182897
0.030593331766520238,0.3992032262651845
0.03830243524680865,0.1609619486118745
0.029374451023731374,0.45239697871253637
0.019836757413924988,0.8916033721238531
0.024823808590514473,0.6714511438929058
0.030538550879084803,0.4014974210651072
0.041055925491042755,0.11079651496163472
0.026700441973965705,0.5795764521922293
0.030313059490003624,0.41103633787105576
0.01152624517152756,0.9998656943015413
0.03807373910957479,0.1658404088326936
0.02988485869873947,0.429574009548044
0.03147779656452504,0.3634113605563357
0.05209552115708421,0.01912248445516414
0.03343854793559703,0.2923050862667895
0.03177685298205002,0.3518382617504627
0.024467417836680383,0.6889258887776258
0.02652925505599113,0.587871292573577
0.029937700664447453,0.42725632083446874
0.045174865437618505,0.06038841104570496
0.029480234777964187,0.447601894856917
0.0210042497655461,0.84748648878289
0.040181918445719,0.12509081805307598
0.019730129636846477,0.8952882399934955
0.01765077058390095,0.9538283990939556
0.05082722258716499,0.023898806176226407
0.02992553722976471,0.4277890681093897
0.01750583830609842,0.956916017699524
0.040254621899794785,0.12384679824459359
0.03202647072468057,0.3423812610321115
0.02778903267261401,0.5283194147025095
0.02725781168204755,0.5527975378433823
0.026154073324525018,0.6061428317451599
0.03653240397329144,0.20186776144374105
0.018678604299651735,0.9281651837275735
0.0143088481152574,0.9949871239695175
0.025853028056188276,0.6208763555828432
0.03385616957792664,0.2785873060582207
0.029717807971936683,0.43695668962575596
0.022624715436188214,0.7769666958226137
0.026349652016750214,0.5966035839428796
0.03097928479432238,0.3832960372967607
0.04417681035130627,0.07032737890101413
0.019334087610520717,0.9084234657097452
0.040063028338699624,0.12714718114047488
0.030381495467498243,0.4081250598123638
0.03914279190908321,0.14401585972855227
0.03247734499926491,0.3257638879202798
0.01846803132492758,0.9339574525344521
0.03475501830724892,0.2507015992197217
0.031191125456055957,0.37475525411418464
0.021982407014852656,0.805972367458935
0.03378455938865588,0.28090477091751725
0.03532796733240054,0.23406522998082344
0.02020391322080123,0.8784533988894683
0.027592741930520748,0.5382451027448031
0.029901225409191268,0.42885524803977176
0.024021831979213926,0.7106512382863659
0.022271852400634867,0.7930491249471936
0.029344108803928015,0.4537786317460426
0.04831338187518658,0.036581447956033554
0.025596956771763213,0.6334440222276638
0.026512177642632362,0.5887003445422706
0.031748362395494,0.3529293697688414
0.02586636506274692,0.6202225537192396
0.023997505786129802,0.7118319041787676
0.024321658823309167,0.6960510429611251
0.06558426279526369,0.0012710385714802843
0.024934416167747275,0.6660171277598657
0.028639631020397238,0.4866422602900883
0.01872731526515803,0.9267866370178767
0.037439684257982386,0.17998524671140068
0.02580827848956327,0.6230706714158754
0.0222804200807164,0.792662740432557
0.04010930604688723,0.1263434815831647
0.023633867098851624,0.7293953331289247
0.03900115283587213,0.14676634573749092
0.03676874394828955,0.19597643449879498
0.018643573929274293,0.9291476185258087
0.030898103601223914,0.3866047193205935
0.02946590949097372,0.4482492593949566
0.027388846691291935,0.5465600394369412
0.024012056364121515,0.7111257729744886
0.03103172785882935,0.3811691526272299
0.0309420545256488,0.3848109637454674
0.028712851045271826,0.4831565840721005
0.03266929477264757,0.3188695230172792
0.026749968563127835,0.5771822469011989
0.03119165154438064,0.37473421122653255
0.029835941944042266,0.4317270835733331
0.034956427161841164,0.24475396158016924
0.020810562262179408,0.8552520608578493
0.03128422556757515,0.3710442589055223
0.015470637255138864,0.9870813196825294
0.013294806772715606,0.9982442843118479
0.025661157522521294,0.6302908277222833
0.03185667518752555,0.3487940985906841
0.0271700919169289,0.5569863368514736
0.02808779627327257,0.5134330258981115
0.026666713000931708,0.5812084498625378
0.024889574274116755,0.6682205813745694
0.02218726408312266,0.796852288338525
0.02266863981206524,0.77494173691343
0.03189370792920121,0.34738818824042206
0.029749368180138624,0.4355554239095505
0.03760587190701756,0.17618849786569887
0.022934168732418714,0.7626019089149629
0.03159031826821712,0.3590257307768682
0.03723565934288381,0.18473473303244667
0.028428799152225653,0.49676948603883087
0.02465975292909195,0.6795029911585038
0.02460383614851369,0.682244602499565
0.029842855671720236,0.4314223350156183
0.04633580600845516,0.0503649458141197
0.0401734346450785,0.12523664815389499
0.023655054188744362,0.7283768625213917
0.029627530798032264,0.4409816621162083
0.04095929034493073,0.11230740872911722
0.031150419190717926,0.376385967790604
0.021405833305927158,0.8308822841508985
0.022273673175605996,0.7929670296707474
0.021287425832624773,0.8358458676477554
0.019969706869543247,0.8869232900671746
0.020205621242144978,0.8783905950351483
0.02809968084645409,0.5128463900512035
0.0392544752861399,0.14187664099818312
0.04317472655972032,0.08167310866298629
0.027318018875499117,0.5499285838032975
0.02900985534276257,0.46918393262636926
0.015691786040291866,0.9849073831970313
0.018605852107804133,0.9301971469539684
0.03382259751196259,0.2796719903859734
0.030462127036273823,0.40471314946906334
0.035051569739277144,0.24198203922069145
0.0417039052863743,0.10109409317682462
0.025433552458532682,0.6414745322238439
0.03208644704793884,0.3401363893752241
0.030633337269984073,0.3975335382235005
0.02579763463710738,0.6235927331293243
0.04861330724031937,0.03480920306624217
0.029134620565161473,0.4633940335838072
0.04225050666723851,0.09346935869643991
0.0309587650964131,0.38413048353533824
0.022171223168515497,0.7975710945103391
0.044886286714196144,0.0631302972522419
0.02182086710933362,0.8130688104390495
0.026126602374667907,0.6074849628588904
0.031231018508954933,0.3731619313077375
0.027583332036478336,0.5387238081050888
0.038670576274364876,0.15335114311005826
0.029902625124089477,0.42879381577795683
0.03193786398256626,0.3457171441969643
0.02453551480821714,0.6855921272889589
0.0208508830373072,0.8536490833392254
0.022469538994627447,0.7840807943192709
0.028752747500956494,0.4812641175685686
0.031755648899784106,0.35265008859770436
0.035141721747874444,0.23937767862058115
0.024085346269989705,0.7075656109391864
0.029426847627304076,0.4500176425530755
0.03843753412807244,0.15813453512244616
0.019735235928903416,0.8951131847748649
0.01999231139564328,0.8861182449518624
0.020340648015415186,0.8733792868655758
0.02021633421052782,0.8779963429684748
0.02189918752243536,0.8096390226929395
0.025049022202821125,0.660383534203933
0.03868080185867462,0.15314395155031219
0.02826413040139722,0.5047725420454657
0.03425724539554653,0.26587076711651353
0.015121636177197473,0.9900423370094791
0.02872079297661767,0.4827794790609947
0.024707067368760938,0.6771819650081805
0.030800548769734315,0.39060695209320073
0.019724247459042,0.8954897176628325
0.02113389672758792,0.8421982529886478
0.04060552827828856,0.1179843742284121
0.04207210232661651,0.09590329189139714
0.031219931561185743,0.3736042645081188
0.019746452426198435,0.8947281580487925
0.0205423158849376,0.8657276762601889
0.031325957629299905,0.3693892204145024
0.034451292527498345,0.2598772259937082
0.017326898942912283,0.96054748988313
0.032886036599888424,0.31121300020834636
0.03857643309536951,0.15526930041314102
0.02419620884654572,0.7021700310001292
0.041206882792643396,0.10846996081545904
0.04106958618537049,0.1105842918797684
0.020327779023638304,0.8738608188565361
0.0240454128603379,0.7095061359161307
0.03429319229319483,0.26475269753430486
0.02541523610735763,0.6423750292174231
0.029351198459435318,0.4534555494759872
0.030725006146656297,0.39372580401400664
0.02335609026839139,0.742683711466148
0.018956041124228662,0.9201215207527443
0.026041043538355457,0.6116682692197162
0.020868714967045565,0.8529378567264063
0.0290615547593287,0.4667790250880791
0.042082042104181094,0.09576630663052256
0.020380557148714007,0.8718807720969777
0.019741078647532495,0.8949127084822651
0.03046706141312283,0.40450499018559294
0.035738792057185775,0.22266704947908697
0.019099685665507127,0.9157755971467555
0.022342205692087336,0.7898700659087515
0.015942399391946527,0.9821460265084906
0.029472647521897266,0.44794468793570436
0.03675267863559911,0.19637257935980112
0.03155085771972943,0.36055944976825843
0.034815005629912354,0.24891880201576352
0.03651626379396483,0.20227509059305132
0.02507915784199899,0.6589018093670801
0.047293064825418174,0.04321472214246785
0.017822336698377517,0.950003476704944
0.02666646309227405,0.581220546247875
0.03481305162462417,0.24897672202022147
0.030084320042556678,0.4208698142890883
0.01674021829132205,0.9710738436830634
0.028456390689041433,0.495436506476625
0.024983223476396588,0.6636182650071666
0.023454031952648502,0.7380126184135453
0.03367532555718966,0.28446744095449744
0.025396050651902646,0.6433183089525043
0.05506340612636895,0.011108058212112065
0.02183150313856394,0.8126042556563993
0.033493073243537785,0.2904862164246416
0.03902789780176347,0.14624375827050298
0.046478734872118344,0.04923635336075579
0.024702507517715744,0.6774056946866593
0.031772798278827286,0.3519933985291552
0.02180990584636555,0.8135471670315872
0.02772822465546307,0.5313819686970833
0.03631556478590048,0.2073939408551079
0.028255996237389558,0.5051699867302373
0.020369756762136954,0.8722870800921954
0.02223171282354619,0.7948564756501654
0.02201387494158158,0.8045800219891227
0.021447117161774887,0.8291388703763939
0.024828586438652822,0.6712164914547905
0.022988411590946112,0.7600614047787699
0.048027487586213,0.03834376534784677
0.02073586934003957,0.8582022185394823
0.025013920965836878,0.6621092403385495
0.024975855801738223,0.6639804170806453
0.044653465490179456,0.06541935155539201
0.02122621353434695,0.8383900526898618
0.03284934531194156,0.31249960421058787
0.025237259008506485,0.6511269261346456
0.03584520146212511,0.2197857789232762
0.024960390972522783,0.6647405409538054
0.04703643501053095,0.04503931724936586
0.026486826832002985,0.5899315431613945
0.022660287959069825,0.7753271373685575
0.04937573125507744,0.030638712317789123
0.0383863924936334,0.15920012599727978
0.028081315461008227,0.5137531047045072
0.023337983011666896,0.7435454838693552
0.022860819674444643,0.7660269611875973
0.024150613304725732,0.7043905554008969
0.03757705171332726,0.17684233233062488
0.021757840091835623,0.8158137118447861
0.0478706681725245,0.039341579132330454
0.04766446660577106,0.04068803581693058
0.04154542457739929,0.10339925278007082
0.03399073871936681,0.27427099337318545
0.021725543726296315,0.817214919963625
0.030501982423942975,0.40303393125923237
0.03373753449462419,0.2824343954048243
0.018213545514493057,0.9405921880574974
0.03297651580747357,0.30805684608358663
0.022241499949564925,0.7944162309068509
0.021850549386313145,0.8117714042841012
0.039804608330841096,0.1317123692925814
0.029089580083182187,0.46547875465190486
0.01980965067848578,0.89254597155179
0.018128194396316633,0.9427271373539121
0.02670698715640263,0.5792598969856633
0.02488053698180548,0.6686645920697458
0.02099331693628892,0.8479291726168104
0.031291537366517796,0.37075390654322166
0.019382012369472457,0.9068811072569642
0.0187381037559472,0.9264793639276648
0.026032489335405695,0.612086773708205
0.03574871974471794,0.22239700796044748
0.02123446467948098,0.8380479877925171
0.028493890907554498,0.4936285091039037
0.024158795093388613,0.7039922420645577
0.029954451813366534,0.4265233701906053
0.04216899210665076,0.0945749573729957
0.03626766936983283,0.2086303132652033
0.05339612695809115,0.015127623862365748
0.026650766502390955,0.5819804401851109
0.03693907764597018,0.19181474731080192
0.025717913491143385,0.6275044467905089
0.030906602255726057,0.3862574135074424
0.03455547848700624,0.25670159443938473
0.040894781156771254,0.11332545585728633
0.025587986938844287,0.6338846727360412
0.02305194429568591,0.7570778196758028
0.01627072230896276,0.9780233130733075
0.02997026404404801,0.4258322827099379
0.024200622545294093,0.7019549796879085
0.0290033357462256,0.46948778067488767
0.02095604926822192,0.8494343202328013
0.03787742502489261,0.1701217031452117
0.023441703658368174,0.7386014768297084
0.040161165848083935,0.12544778582184635
0.025311121067420728,0.6474945171164396
0.02135728981436502,0.8329238502608033
0.02309229009158431,0.7551787700288553
0.03180340396100689,0.35082359942057434
0.025489929105874942,0.6387032263837629
0.03306356086800066,0.3050426737069022
0.025080972830789527,0.6588125652948471
0.019314309624909654,0.9090561325302469
0.034962578354429674,0.244574021960073
0.032685169604237396,0.3183041259935344
0.023373672194368117,0.7418463918476792
0.053817868117775114,0.014003316373822787
0.02543778680203279,0.6412663645862935
0.04192386096090506,0.09796577773643633
0.01787324344020569,0.948833066880346
0.021554425359311624,0.8245770234422096
0.024605985485171455,0.6821392499609928
0.040104258245943214,0.12643094354768042
0.0227883269806351,0.7694000058878125
0.023812675894560043,0.7207802376289264
0.021320310624458938,0.8344728835664612
0.023790677203768817,0.7218424777534325
0.03660907165283023,0.199941653538756
0.03933480286649926,0.14035400814047935
0.03873480920825534,0.1520533869992602
0.03927176829023393,0.1415477206422964
0.02342759738346345,0.7392749502529502
0.023905422038752677,0.7162951344156057
0.02850089368513875,0.49329135456317014
0.027054831254049838,0.5625056446284598
0.02194914406526982,0.8074406557958905
0.03908151966865714,0.1452005383027093
0.030233390078872713,0.4144433367320175
0.03238471550201774,0.32912927232966727
0.030417620708599047,0.40659399690391
0.029724205403101167,0.43667240099427834
0.029878771998653353,0.42984152069708403
0.03558382940752769,0.22691504985554056
0.023782000055490027,0.7222612936121257
0.03329045893742888,0.2972875718881103
0.02400312693050377,0.7115591407935289
0.023358330648805437,0.7425770458034736
0.03201792184737284,0.3427021019861282
0.028506178960665207,0.49303698860176315
0.0317737725292961,0.35195611834047313
0.04213627665063385,0.09502174774607067
0.03264874469760515,0.31960251782624727
0.02092412804478405,0.8507187539442201
0.029543897200207142,0.4447325024283916
0.025278233072907108,0.6491118651902965
0.03975880579049135,0.1325352957838148
0.03668700800986302,0.19799844635807246
0.027427186953294158,0.5467056995436146
0.01884191664911422,0.9234865527109862
0.024706146009169372,0.6772271723792611
0.03304027013882682,0.30584704974808274
0.04819618837384798,0.037295098646180844
0.027574532682008435,0.5391716919841303
0.018688971491665818,0.9278729973286852
0.028361428664299138,0.5000338795042837
0.0289970590702045,0.4697804290410558
0.04119248053360319,0.10869016808965844
0.048238108760687015,0.037038438024885184
0.024470647173490567,0.6887678597717326
0.01867065210946539,0.9283888620447494
0.042885723574015544,0.08521892134600743
0.05199285888838945,0.019474710282201192
0.020824907785842783,0.8546825774508731
0.028146391928266623,0.5105447884291955
0.024974960567107907,0.6640244208475364
0.02464676273126082,0.6801400440446865
0.037429853492729204,0.18021185686134264
0.03416689806931339,0.26869654568747964
0.028563802938672778,0.49026917537221265
0.0311363658185681,0.3769501055674613
0.022848507546631813,0.7666006913743838
0.020920770212838002,0.8508536069786192
0.01938100611383692,0.9069136267685078
0.03895398513749543,0.14769166447358173
0.02663442515953146,0.58277181423368
0.038923547309103385,0.1482912808749536
0.022953916266468366,0.7616777573882679
0.015530310783573698,0.9865182464697768
0.02682325668971028,0.5736442441608895
0.03154962593193378,0.36060740039388234
0.031705626827294664,0.35457053073211453
0.02084776770931407,0.8537731934340664
0.024330888803066913,0.6956003225879139
0.023401541406239623,0.7405180571833119
0.01611959408638597,0.9799940294722405
0.028437324401539343,0.4963573760774957
0.022095436051011774,0.8009565730360232
0.042378720204329756,0.09175226268718066
0.038324016663349614,0.16050758251632335
0.018669117713383032,0.9284319769568073
0.022166705026624822,0.7977734157454489
0.016493026598998983,0.9748914331360055
0.04636754491930231,0.05011241712626907
0.036150948898303614,0.2116673672983915
0.024961887052720566,0.6646670082189634
0.021077539441801074,0.8445057419356687
0.015522099882889828,0.9865967416650968
0.022438619411328742,0.7854906763789102
0.03422207416484324,0.2669681439565838
0.03176478915306402,0.35229997835683463
0.039943534372396006,0.1292417815863232
0.01701354986036474,0.9664301320415333
0.029242051894088794,0.4584463604427148
0.01937589827635977,0.907078609185119
0.03000701432391306,0.424229007376793
0.032033508735313854,0.34211728476070596
0.028922070690315493,0.4732859756100402
0.047886940439865744,0.03923699861971629
0.023002325633021375,0.7594087101200396
0.021425810100849207,0.8300394826008743
0.028090837078214914,0.5132828879924121
0.02488134603237513,0.6686248436096422
0.03236012072856087,0.33002704856247717
0.04268471546518138,0.08776076001165994
0.04680782386924065,0.04672065038802218
0.03135090739813687,0.3684022306728078
0.02965979954248643,0.4395401326963656
0.028346560867704984,0.5007561316958105
0.021569371189246067,0.8239382413542896
0.022270459602033332,0.793111917061441
0.04799960741979492,0.038519529548388526
0.022265921068402972,0.7933164903787505
0.04785786142736537,0.03942405797371939
0.016508499476774796,0.9746629277800146
0.026302333967398395,0.5989087824575859
0.03299429306089141,0.3074394939432202
0.025288417528789076,0.6486110132907434
0.019750687274225964,0.894582610686773
0.02002467883806927,0.8849608301805719
0.028475604689987832,0.4945096120719277
0.03245190463037306,0.3266856867908989
0.018931581638082173,0.9208492991848477
0.03804710895694485,0.16641607270338543
0.01898874638516146,0.9191428118615301
0.020525799132055433,0.8663617173600008
0.06446069550201838,0.001631310495160574
0.0397807099730092,0.13214122534572875
0.024230827214351824,0.7004828289606861
0.03370054351027413,0.2836419874570197
0.023433685392836967,0.738984332218376
0.031105705695608665,0.378182934271467
0.024374153573477844,0.6934867284738939
0.0338623803919158,0.2783869845711388
0.024511190543379247,0.6867832806332446
0.020785541746782654,0.8562431066366877
0.0190501320951931,0.917288651983944
0.01619376431750752,0.9790426291973796
0.03979116514409292,0.13195346732989824
0.020327142873141746,0.873884601079404
0.027999117604109114,0.5178236840966496
0.033188009157529175,0.30077099034979404
0.03361983392408974,0.28629012221100203
0.035767676363333556,0.2218820743972242
0.03676183693121754,0.1961466735685456
0.01861191355777847,0.9300290875839785
0.026410214071239863,0.5936558887824195
0.032228509556787355,0.33486127756306183
0.023015086161699005,0.7588097643901517
0.027162777348027523,0.5573360861510166
0.02049705459861928,0.8674620532759354
0.04957132534243058,0.02964239253998638
0.03027502413952965,0.41266049325500775
0.023243185951254186,0.7480475191889101
0.03409301305990209,0.27102414592863006
0.02003095555353973,0.8847357490613963
0.027876020428476922,0.5239575353442351
0.035338974170517234,0.23375412379328536
0.04467560571003726,0.06519866660597404
0.02294168552242054,0.7622502361971704
0.044874055368402554,0.06324882604672336
0.019698912923564182,0.8963553165186215
0.042800208665854655,0.0862926242948633
0.03700098706894739,0.19031948022772993
0.019858612310817425,0.8908405182539769
0.0241509548644544,0.7043739285528645
0.018613093194018604,0.9299963549036327
0.03158071145629493,0.3593986937072646
0.02729387992903262,0.5510782349413132
0.030612988629775573,0.3983822150449341
0.018977517840910618,0.9194795464586818
0.02213660259469613,0.7991198111186654
0.027178999526620284,0.5565605109598448
0.02271029713666356,0.7730168664082537
0.034619927009236884,0.2547519205829472
0.026378830875887577,0.5951829935290638
0.01453937300996927,0.9938340703470152
0.02387608267537833,0.717715101888747
0.03559315840483185,0.2266575604708596
0.017579769051838612,0.9553574068883115
0.028811161816281516,0.47850195477869617
0.043460685353312156,0.07828794510525805
0.025881116540952043,0.6194995144628808
0.029089171631106914,0.4654976882036658
0.034068940865065955,0.2717857479275527
0.0285349225212036,0.49165511546518553
0.018878145090032217,0.9224268072100735
0.045723504009467786,0.0554563063306756
0.03359557157690263,0.28708976397846325
0.02392533359518967,0.7153308674806247
0.0348105030973227,0.2490522800448042
0.02130831266116473,0.8349743117313152
0.030579600528264028,0.3997774326857352
0.03830409871600149,0.1609268900057907
0.02807414490551341,0.5141073959327556
0.026065232787905457,0.6104850843923464
0.03155218824158165,0.36050766072763957
0.04269343113967872,0.08764924028499509
0.024233824391453385,0.7003367048406273
0.023600706831320872,0.7309880348049207
0.029205197740581446,0.46013970733097187
0.02607311699651818,0.6100995186738051
0.03954173305533454,0.13649261220311606
0.0284385763843632,0.49629687377500953
0.04446517155652241,0.0673220922629086
0.029382921591673994,0.4520117646273617
0.02353790958731361,0.7339996676585414
0.04875395521646847,0.03400435860678898
0.017909695394906,0.9479850100075865
0.024862184221649763,0.6695662067993688
0.02522782578609578,0.6515908461374181
0.029685771405825984,0.4383821965156239
0.024554836249822076,0.6846457088836526
0.02270294202672196,0.7733570354109707
0.028353898895921714,0.5003995795588772
0.032641425860216844,0.3198638670289262
0.0327619799405231,0.31557875826087917
0.02704517883371893,0.5629686239565248
0.02347346059258365,0.7370841056105242
0.01618130685887842,0.9792045396041458
0.03970051529197527,0.13358865040961435
0.027885275874357518,0.5234947655180283
0.027154473585047967,0.55773321948382
0.025666422214164403,0.6300323142203859
0.021831420537772872,0.8126078649321282
0.020597785762488385,0.8635888555676562
0.052064079312336364,0.01922975015609653
0.04060716509852791,0.11795757341621625
0.02887716339656954,0.4753934513813158
0.044216715210952884,0.06990480763753298
0.028877887296829663,0.4753594306849441
0.03062445144503434,0.3979039839877505
0.015408990424481961,0.9876451616437768
0.03524751862634823,0.23634874503321254
0.021041743249329142,0.8459644497373215
0.022183345726855708,0.7970279446098285
0.022760461773483565,0.7706932921038862
0.024731480029044184,0.6759840003370357
0.026978685482706738,0.5661611232246682
0.03524628900796256,0.23638377930994767
0.02302506790033565,0.7583410082908524
0.027166131750208156,0.5571756851991261
0.03882305952466614,0.15028483285194683
0.024296838599496606,0.6972627320726398
0.024715193747852915,0.6767832204262875
0.025552027590833692,0.6356514311034567
0.02727173750412526,0.5521335090593968
0.0382148444270648,0.16281663958714884
0.02131625092141798,0.8346426135832397
0.020184008194728764,0.8791842147037677
0.021840661772291353,0.8122039217191147
0.0488433002302705,0.03350160937980464
0.020071263856223598,0.8832854148648561
0.01884926691313349,0.9232721837024961
0.015899619102217488,0.982640477173549
0.02389662568081674,0.716720969810567
0.018434436163251022,0.9348563201763637
0.016672581504501127,0.9721540542983106
0.02661200188969004,0.5838581601301589
0.030483366241652987,0.4038176855318601
0.03343693695863126,0.2923589535304765
0.026005206177840468,0.6134218677592611
0.03555732355490937,0.22764786635458664
0.039499948979127786,0.13726527647578632
0.031434597429224165,0.36510510023641396
0.03285517620015521,0.3122948810377209
0.04152027497142158,0.10376904846599795
0.03994604472527763,0.12919748956036697
0.03576246174552866,0.22202363126152455
0.0282368192655984,0.5061077838332088
0.018342114200464048,0.9372905024195586
0.02677922313760639,0.5757692666443224
0.04220734409380744,0.094053427139258
0.01820803620776673,0.9407313688723541
0.020709623275737554,0.8592328468306576
0.04399624771978505,0.07226669550346813
0.01914269943172897,0.9144504886122254
0.02059274768663133,0.8637837138460298
0.024010026264715045,0.7112243064454651
0.034055115527019786,0.27222388173756795
0.021272889840350806,0.8364513930053226
0.025936229767591634,0.6167991457328158
0.02409159414068973,0.7072618533117863
0.028441133415517794,0.496173319458777
0.03053583674962812,0.40161132291102825
0.02398184120281059,0.7125918362156431
0.07042717765763912,0.00041263036727585327
0.025073379070909785,0.6591859522661161
0.03518004499771715,0.23827708621746366
0.025308816911548293,0.6476078275648844
0.030708588595046327,0.39440589288187256
0.021865597891941313,0.8111124988783749
0.02363280502755838,0.7294463700291018
0.020507711170241194,0.8670545821996017
0.025012250902811728,0.6621913416593449
0.046726229085124804,0.04733378024233629
0.03595258151324815,0.21690754156140846
0.040919166311713995,0.11293973111940384
0.0361062612932147,0.21283918884455444
0.03426856112424326,0.2655184275311502
0.029490301120739193,0.447147366019827
0.04896178293817399,0.03284496782659001
0.022901114706200265,0.7641468620913658
0.031165113241141462,0.37579674430017934
0.044101652401501545,0.07112916202373545
0.03969877201829186,0.1336202575029826
0.02865171569663688,0.48606584631154115
0.0254071092332796,0.6427745918487588
0.049475911990695676,0.03012478729117882
0.02526276681479639,0.6498724740186972
0.022041177298617654,0.8033694215628226
0.023334956437185028,0.7436894701794357
0.03849394103896098,0.1569658847701664
0.03474824703603052,0.25090344569538453
0.0427747490414484,0.08661447744104765
0.025496093319258617,0.638400250269185
0.022753196187816793,0.7710302010165183
0.024260429351504742,0.6990392666932762
0.029968824493880053,0.4258951681550559
0.05253372371151954,0.017682128451223873
0.022689453301830698,0.7739805361368498
0.03833635550692016,0.16024826797382566
0.022027650495494766,0.8039695034511771
0.04378245649056878,0.0746214415707722
0.0277321918889043,0.5311818252731143
0.02090463176558499,0.8515010507666774
0.028441754842665312,0.49614329542528923
0.031661034772272334,0.3562887611947181
0.03290518617074201,0.31054304792720866
0.02804507626961461,0.5155452338524339
0.03316005790302623,0.30172656250051766
0.020818462544674954,0.854938552248216
0.04157818755874121,0.10291915450744744
0.026974555211779883,0.566359605698235
0.025663094069558245,0.6301957358504953
0.015613402150301547,0.9857054162640322
0.02895565281792456,0.4717139762693414
0.029419756840524225,0.45033914859413854
0.02604410332693563,0.6115185835616386
0.0306647803394674,0.3962246040176579
0.025369952796179374,0.6446015260863662
0.021588964313893122,0.8230995889457855
0.02843047896759021,0.49668826653930115
0.03431716297156867,0.26400909751479695
0.022287675644384275,0.7923353628299807
0.03037183549392003,0.4085351381850458
0.023560544903493574,0.7329148192501689
0.033970467319505315,0.2749179800306096
0.025769298629715498,0.6249828054822262
0.02159422461567606,0.8228741903980196
0.038626756381326954,0.15424158217071315
0.03435928122468529,0.26270634775677465
0.029841096389513655,0.43149986824462944
0.01643633243667908,0.9757169144636296
0.0446015860568314,0.06593896401882443
0.032692940639154955,0.3180276194344774
0.0351611395019773,0.23881954211596362
0.04894047109307609,0.03296223961963728
0.030442114368206652,0.4055581486639685
0.025963355578072667,0.6154706684906068
0.025007864161054272,0.6624069941961643
0.021604034456757126,0.8224535785885677
0.03569951706304575,0.22373784486911893
0.029486853094128795,0.4473030212547982
0.01985539759741689,0.890952890007436
0.022178908791640473,0.7972267924628795
0.02903420549886515,0.46805022434893084
0.02341186258693606,0.7400257803115573
0.020401932547800095,0.8710749495260175
0.04130861108548267,0.10692505947702172
0.022027270192504028,0.8039863662129585
0.0244382649013678,0.6903521857815764
0.052735665067929205,0.017051622124223002
0.02958604918040486,0.4428393966954731
0.021862476693239485,0.811249224603638
0.04578074780371688,0.0549622481772529
0.024431175704248353,0.6906989350551389
0.032335299189911626,0.3309348943694375
0.019692400901700213,0.8965772423541906
0.04258432348774577,0.08905392004069135
0.029843085231830935,0.4314122187770719
0.038861747331346286,0.14951477064791385
0.017876393672694543,0.9487601053369094
0.04720205581993081,0.04385429066705932
0.02207287826894784,0.8019608231682357
0.028693796025268448,0.4840621474315733
0.04602004969931717,0.052937697187261816
0.02627238112086805,0.6003689245447665
0.023136841405871356,0.7530779391132588
0.05783629454449413,0.0065077988789243105
0.022896258121423374,0.7643736556077121
0.03461559045022164,0.25488275580277314
0.02203805251521701,0.8035080961388175
0.041662472161482444,0.10169258459501335
0.025839067669944094,0.6215608087022546
0.03763645508203628,0.17549676784834534
0.021857141299832128,0.8114828683687363
0.03935681708698657,0.13993904545871697
0.04792480072970079,0.03899461205302798
0.018767453625000485,0.9256398569292474
0.028431615456030013,0.49663332186128306
0.029952066755866535,0.4266276770245578
0.04108147574778831,0.1103998576358056
0.05592820785448105,0.009428488389105271
0.027138782681627394,0.5584838945514274
0.02661422344063713,0.5837505096388143
0.03687246483359563,0.19343391628017362
0.02362790399357073,0.729681863458203
0.03518063927227866,0.2382600499700311
0.029918766784301887,0.42808580176010025
0.029974710934563942,0.42563806400496046
0.0405681898051265,0.1185971059430841
0.02967455304764799,0.43888210754072987
0.03966170194135432,0.13429381480317773
0.020479190459489316,0.8681438956965518
0.023786640271178716,0.7220373387748934
0.035362602944692845,0.2330873321787778
0.01846376530402255,0.9340719800603189
0.023353203150678903,0.7428211556691892
0.019122191011625295,0.9150836411271156
0.026450316345367986,0.5917057597104755
0.021857869577580735,0.8114509817953529
0.02948718189780436,0.44728817642171215
0.02665392007209999,0.5818277512211849
0.048776356949097766,0.03387768517529798
0.04038321924567134,0.12167123757129832
0.031926520273297454,0.34614588659768264
0.04102730703903468,0.11124220339908727
0.04264284528910367,0.08829816445481335
0.020923357332664427,0.8507497106729466
0.024616137658242554,0.6816415948524048
0.032292262311389375,0.3325132348180922
0.06934976512108926,0.0005336712648028929
0.027049666391847194,0.5627533632492989
0.031972700832265305,0.3444028380838075
0.02177141298802243,0.8152237541277187
0.017115785620160084,0.9645770372081627
0.03341393172046059,0.2931289957382338
0.02236315604333236,0.7889206497183938
0.045529860672739564,0.05715602288031881
0.027821984239601028,0.5266644438358267
0.015218315636821467,0.9892773253103959
0.03126746833965066,0.3717102931961197
0.017725711101845287,0.9521803447146096
0.03290707048523356,0.31047718178246864
0.023997954789537146,0.7118101177786567
0.048382299513075044,0.03616737600682673
0.04614387718112567,0.05191556274319656
0.017450124923947485,0.9580680417164942
0.037870252285081896,0.17027978160848417
0.017441801256636746,0.9582384958074857
0.017237998376717634,0.9622778307743918
0.018300281160563148,0.9383760744550586
0.028231469750561344,0.5063695845453573
0.025461976743331838,0.6400772053590749
0.028034855521814173,0.5160513907029608
0.03286638833382016,0.31190149707893794
0.01749641868392171,0.957112152676088
0.02803074003325745,0.5162552884165845
0.024703842394024678,0.6773401997657689
0.03036427440388778,0.4088563131005028
0.03134536715877512,0.36862123683602804
0.027405447400667013,0.5457715504417393
0.05286393181376825,0.016661667086946212
0.021612294556988987,0.8220991421369135
0.03164637405872561,0.3568549601393835
0.023638438996903877,0.7291756157453664
0.022382301770497937,0.7880519338403893
0.023477566633913816,0.7368877951243704
0.03592926264292362,0.21753009034595433
0.0366600239099924,0.19866956608918804
0.029461650920780902,0.44844182570374785
0.02296503083669843,0.7611572406889028
0.032002768016544,0.34327135723494817
0.02393607751786586,0.7148103723166607
0.03752386043803779,0.17805412136261126
0.0221199556853503,0.7998631895869417
0.027668403471098724,0.53440558319441
0.03785093193812808,0.17070616084620566
0.02780802038715785,0.5273653731600223
0.03774632953264723,0.17302941028393384
0.031197863771543544,0.3744857924192671
0.026584913957066303,0.5851711627783722
0.016230956128415353,0.9785541332518132
0.03112657448298739,0.37734350423555524
0.021928823932144792,0.8083358471631009
0.034485398421273294,0.25883441551807085
0.018106400085867724,0.9432650015479511
0.029425234089107688,0.4500907891876404
0.03168663813970035,0.3553014854952613
0.03450467744536301,0.2582463463310631
0.024088841682361695,0.7073956766190861
0.0450044441652267,0.06199503121236853
0.01855616017048045,0.9315664073284456
0.022539905565699625,0.7808626300340142
0.02706446830393061,0.5620435192801889
0.02151413974666891,0.8262946971844545
0.03488418004032695,0.24687494688821485
0.04489481489401881,0.06304776670338542
0.027977796490028878,0.5188828515232514
0.02820311091204178,0.507758879681037
0.02464139620567679,0.6804031997506783
0.019591045450730094,0.9000012032340056
0.03167589346147992,0.35571556749507954
0.025923457854378412,0.617424785239316
0.05008237906106916,0.027172698824274706
0.024189332801023644,0.7025050212913683
0.03187404425130447,0.3481341950177071
0.027978368476211823,0.5188544192236737
0.027046160035239297,0.5629215551969291
0.023581026835662766,0.7319324965265948
0.024724064128364087,0.6763479364522162
0.02831264722252763,0.5024060907622407
0.0203169915709821,0.8742638319309856
0.02434961320302803,0.6946857639438944
0.025836608020361196,0.6216814106057342
0.024566421962646134,0.6840781041192265
0.040434746209249806,0.120808376541581
0.02501806988521199,0.6619052747997864
0.02133251162209418,0.8339623866850381
0.022326578195115854,0.7905774535283048
0.025163883505493367,0.6547354556358245
0.020448307392931908,0.8693190237334747
0.028695799860014137,0.4839668663008968
0.047736075011173634,0.040215963295197006
0.01733492288539179,0.9603889076614415
0.02062993167459326,0.862342743472001
0.030430389606298847,0.40605376805356047
0.03165510022733342,0.3565178773233617
0.018150342295063154,0.9421775059938305
0.01923002945342439,0.9117267869951663
0.02314713698481119,0.7525918855554237
0.013618284282202242,0.9974798815215188
0.02257259845029863,0.7793630050883458
0.01665161020216674,0.9724834965943837
0.028047298027106454,0.5154352483583933
0.02224304072917435,0.7943468977671269
0.024382809853590426,0.6930636773989698
0.04493272866134146,0.06268197626336676
0.022481808497889277,0.7835206084503151
0.03592815929342452,0.21755958095005162
0.02598805524575526,0.614261370891422
0.020136799252440385,0.880909430495351
0.026198742005171527,0.6039616101791565
0.05233306918194028,0.018329180642766386
0.0211332218661745,0.8422259628029103
0.02211502538625032,0.8000831915956941
0.020570555966062165,0.8646406040281824
0.028244589114532426,0.5057276873812555
0.025944598517399498,0.6163892457358462
0.03042581373646841,0.40624730813223225
0.014614395950429016,0.9934188879906398
0.026920518784703806,0.5689582440386839
0.025396556514005186,0.6432934368656458
0.03312173724213496,0.303040260792119
0.021763221039813985,0.815579900779661
0.028145552744815783,0.5105860798146588
0.025811599272965585,0.6229078034147902
0.04824791401618206,0.03697862799751446
0.023290837184156032,0.7457865426303245
0.01948543741775169,0.903507921867138
0.025115825758784238,0.6570987553373027
0.014820271252934725,0.9921720100737669
0.03641855902785579,0.20475459157969844
0.0326087265484718,0.3210334284092614
0.023988949101952484,0.7122470462647332
0.03483064708998573,0.2484555317715653
0.014002568773256785,0.9962560490372766
0.03889338901376577,0.1488873281167624
0.03000660226467894,0.4242469612634933
0.022191347256146465,0.7966691943555642
0.025767680045053365,0.6250622183809196
0.02792913190575308,0.52130546049525
0.036490056200696785,0.20293785877611945
0.028107798064602063,0.5124459588030347
0.02068862047135578,0.8600553093675366
0.039035007319576764,0.14610509417797918
0.03097168503090375,0.3836049389237605
0.022073504593312976,0.8019329612875626
0.03565053802957269,0.2250787731961274
0.021701816131893842,0.8182420306642888
0.03637499453369214,0.20586776680120683
0.03503642596063039,0.2424216341829467
0.016269595234809003,0.9780384794489139
0.014754872501477612,0.9925856343645642
0.04000289996437367,0.12819766814897393
0.03263728818889616,0.3200116883424192
0.032871377552165126,0.31172656403380955
0.0389023680977002,0.1487096640238037
0.03930582831403795,0.1409016930145477
0.03935542360768696,0.1399652826432099
0.03863763216997407,0.1540201942320863
0.018717499445608743,0.9270655921288029
0.02236869064283753,0.7886696291573212
0.02037001411353878,0.8722774052544724
0.023989588595422995,0.7122160229581376
0.019009439468826606,0.9185202771672312
0.032142870176218696,0.3380341713169872
0.03309952513060277,0.3038036519502659
0.02018483210387112,0.8791540046797137
0.025913176417316053,0.6179284907841658
0.02415917384628924,0.7039738017281694
0.022871216464033728,0.7655422149059468
0.0183842606861071,0.9361858102757649
0.024721304452915538,0.6764833618387581
0.024478925946181507,0.6883627032603254
0.027142104185122806,0.5583249622903408
0.01831531696291344,0.9379871454562762
0.02582602505768994,0.6222003484330567
0.024988516810907635,0.6633580686355223
0.02948074850441379,0.44757869095342456
0.024757575395114084,0.6747031859194693
0.0289419994870731,0.4723526846195929
0.05420085219405263,0.013048030138519158
0.03133919678771255,0.36886526005413023
0.03887107030255388,0.14932967832130126
0.03295385866710643,0.3088449780234619
0.024108999857290314,0.7064154183122097
0.052328282051607056,0.01834487276764596
0.021004156577815625,0.8474902642357092
0.01953814754027028,0.9017655020886728
0.04101792896912371,0.11138857447958342
0.02514671063119256,0.6555799715299895
0.029714460469969395,0.4371054951911134
0.027548443191458993,0.5405009902572664
0.017848957455722347,0.9493934584876976
0.026036721592188505,0.611879709812857
0.027880543710730288,0.5237313404226666
0.029456723945756713,0.4486646849736572
0.021772714663464254,0.815167142101493
0.01894825235734554,0.9203536593126245
0.02613496173167351,0.6070765001714243
0.016863922501405004,0.9690278165266437
0.04430435757992207,0.06898429818150524
0.03374108734516934,0.2823186122866074
0.024406022447338804,0.6919289570720109
0.01586820209025297,0.9829974696629141
0.025686085519844304,0.6290668674721707
0.03748371386752114,0.17897308321323283
0.037360368713517667,0.18182000848554952
0.03435735597667511,0.26276579131266575
0.03700693590178211,0.1901762856272697
0.02081938276643737,0.8549020167188687
0.03291196144181785,0.3103062662541805
0.02279887314186735,0.7689100574319429
0.01716625806625971,0.963638617610216
0.02833628866027249,0.5012555270516945
0.02672598216786798,0.578341466750665
0.019428967421601107,0.9053572159913179
0.025759350040181886,0.6254709322334959
0.03510867101497428,0.24032996800701178
0.02425936039956411,0.6990914077705843
0.028069220877813716,0.5143507774465927
0.02156870158632379,0.8239668776957877
0.04575892740105103,0.05515012649250812
0.03566898416884945,0.22457303671613027
0.019528372980874065,0.9020897966892192
0.02083649760299844,0.8542218173552942
0.025553511801909568,0.6355785018366162
0.028570814607236927,0.489933072997652
0.05585293129583646,0.009564964763060057
0.02618214771489652,0.6047717618252983
0.025541488389245304,0.6361693091445877
0.024890024925299015,0.6681984398472958
0.020529933993666982,0.8662031111048556
0.022899714911258084,0.7642122353256899
0.025620809794287602,0.63227233876792
0.019057544725610942,0.9170632402121933
0.023845460721034994,0.7191960214920473
0.022094342544405732,0.8010052914478591
0.029104991642902256,0.4647647306442742
0.02771860662970882,0.5318673844568096
0.03762696947644242,0.17571108204545388
0.02631195564436034,0.5984398954795684
0.027615870963386302,0.5370695890118498
0.0345652962449266,0.2564038646440771
0.034915224868300565,0.24596184520611672
0.03131480737485409,0.3698309153217037
0.05672256755499938,0.008092232346339294
0.04220018714571494,0.09415056810006077
0.032078184950152466,0.34044500512749937
0.020706433507717392,0.8593578875123451
0.019003960674136428,0.9186853502383439
0.028311149411248904,0.5024790418203043
0.027457709871103242,0.5451397271810623
0.02207730466651836,0.8017638896591318
0.03632889452513627,0.20705086442581166
0.032598904722388244,0.32138533320054846
0.031408827188921684,0.36611814203245835
0.02119739252705488,0.8395827068891797
0.016694151334966906,0.9718125053790881
0.03128533546181711,0.37100017459174656
0.03491154074508479,0.24607006933859848
0.021282525774541483,0.8360500834897648
0.025167579927826478,0.654553673380899
0.015874938075570832,0.9829213631978594
0.03276733831454426,0.3153892702878239
0.016051614598114494,0.9808396195008096
0.035563737729175426,0.22747036459497402
0.028186607833333155,0.5085684762042338
0.02859585562839545,0.4887339509537318
0.03115121351493011,0.37635409928183583
0.02164005845258099,0.8209059931236686
0.024347786618286363,0.6947749920374879
0.027637847044028524,0.5359541478870439
0.046364255837482604,0.0501385355834562
0.021777247156640533,0.8149699706890093
0.02435098331688168,0.6946188326292622
0.027474765352324487,0.5442659019420963
0.03479583589534774,0.24948746784352813
0.02135878815695169,0.832860972566135
0.023370586806345517,0.7419933688993412
0.02777756211785859,0.5288962767149631
0.03731318857709365,0.18291840073817658
0.024039791384253106,0.7097791721437169
0.029775365657428388,0.43440341210630495
0.023611970445508446,0.7304472215938327
0.0406870629101988,0.11665543047122791
0.034953973679020034,0.24482576095638572
0.0509143447475513,0.02353969550195765
0.020386892660880007,0.8716421653745895
0.03314392067640759,0.30227926303964225
0.025498162388504664,0.6382985556513541
0.02201023636524746,0.8047411787962829
0.022620929589856842,0.7771410001237363
0.03160880628548174,0.3583087470215687
0.029732320732904383,0.4363119511709566
0.03720967040112255,0.1853467727252767
0.022284193548128883,0.7924924972270191
0.022998008637010237,0.7596112604549978
0.021922530691703912,0.8086128169442974
0.034558168472227146,0.25661999292289844
0.022284461973511194,0.7924803854120936
0.029855707896391137,0.4308562101317224
0.03419858387150096,0.2677029577955094
0.024700697610657255,0.6774944954411524
0.036493978613520994,0.20283855640059922
0.024987279795936845,0.6634188751953116
0.0479176365921328,0.03904037729975148
0.028403430257431223,0.49799711322508516
0.04185471250551975,0.09894042118664004
0.027944763565904807,0.5205265155670571
0.03178598227971552,0.3514891444295544
0.020948439994171175,0.8497409014071062
0.04896935301117389,0.03280340057374342
0.015279276079260662,0.9887735747625269
0.03326163932461057,0.29826445293079534
0.034124167118386506,0.2700408627665767
0.039921650608782666,0.12962841897404584
0.03051745200416811,0.40238344742111204
0.025302562269620577,0.6479154110696164
0.03246310197919211,0.32627973296207163
0.03405065161286874,0.2723654589680512
0.028228229441006253,0.5065282044035062
0.050719720163215354,0.024348613459309606
0.039881885082974744,0.13033340601095836
0.0413105124808385,0.10689635842966959
0.03118611659000503,0.374955644113588
0.0410480619499175,0.1109188301565592
0.0195294320775265,0.9020546845165525
0.05464663741259057,0.012010287180752723
0.02145417628663937,0.8288401109764763
0.02897534210938857,0.47079389781501046
0.03455471719126374,0.2567246921386973
0.029756778430807485,0.43522684863777356
0.03818106933814136,0.16353636399497473
0.051756465660408923,0.020307846112045697
0.030137181414886083,0.4185832347608873
0.031306958696673215,0.3701420476856764
0.04106976985956701,0.11058144073699791
0.026923184525514676,0.568829965734635
0.03681155276021264,0.1949238988820812
0.024237756605640537,0.7001449820657291
0.03850231544523175,0.15679297503414644
0.029262670999513407,0.45750076682900415
0.017974688731234978,0.9464522748587062
0.021452082363731584,0.8289287507189218
0.02046634481063192,0.8686332428621957
0.03600973357569176,0.215387578498471
0.025345901149258054,0.6457842024107512
0.024380106340372493,0.6931958098756978
0.06271960052697478,0.002381105286341755
0.025979106629406168,0.6146994554539063
0.023031766636230327,0.7580263091963801
0.0489355918870964,0.03298913988357335
0.020107522080417217,0.8819736093999846
0.033520926022951314,0.2895603368969687
0.017311794388132795,0.9608449286779938
0.030095025988586932,0.420406032625832
0.03353818262041508,0.28898779296773225
0.019433360415968326,0.9052140020530367
0.03967327581788482,0.13408322298118655
0.032108916197557846,0.3392981103337585
0.0310935205106202,0.37867367713400313
0.019458913783400922,0.9043787756196353
0.034969266859729814,0.244378478834429
0.04099453333963665,0.11175442302088362
0.022740244046638103,0.7716304852126158
0.042361385044152544,0.09198286741315162
0.029425856845822662,0.4500625567797455
0.023120105274462233,0.7538676023637597
0.03155689300789699,0.3603245753200932
0.02625343837174654,0.601292706846463
0.04515112480252592,0.060610060916536805
0.03255349197230081,0.3230160627471208
0.018227581468526433,0.9402367445644333
0.02026430792278977,0.8762237438599844
0.02925227041309808,0.45797757723432564
0.038359824862228,0.15975596041574308
0.028452761702815854,0.49561169590447385
0.03400515547046151,0.273811558643948
0.03116701509076536,0.375720528426684
0.03409013365155533,0.27111516102715794
0.01875990391307747,0.9258563039368162
0.027864102619726827,0.5245537999850888
0.023067573934262342,0.7563425389748906
0.038608091461860894,0.15462212269608963
0.017926666728277807,0.9475873294618811
0.025100311784028717,0.6578616339560992
0.04592220524599833,0.05375758098406323
0.030336142473267436,0.4100528007035185
0.04297103325002477,0.0841590173529415
0.020057063049329082,0.8837973383886991
0.027520518697451757,0.5419260254437297
0.030435523781015772,0.405836689357379
0.02647808727783374,0.5903561292322903
0.024149699661205948,0.7044350302716199
0.02764415369011125,0.5356343065862132
0.06072254946342548,0.00362765767384095
0.017927743081608494,0.9475620469519526
0.027197646345815174,0.5556694454159832
0.04938765516330923,0.030577141023687266
0.04335946910811361,0.0794723193989216
0.030299929193544295,0.4115965226711916
0.0249989789653024,0.6628437802675503
0.035980642510011984,0.2161602221698276
0.036437474735986075,0.20427271581852283
0.028094343468986427,0.513109796527011
0.032626428673234176,0.32039988862533775
0.030014511714143155,0.42390242748134704
0.024228922586160995,0.7005756829405849
0.01971828354179439,0.8956938018351521
0.027951838586119437,0.52017419911814
0.021786662123832734,0.8145601762149122
0.021820325110274486,0.8130924732666136
0.024128455973981056,0.7054689162120379
0.025612898466545075,0.6326609317067169
0.0278035067038378,0.5275920665200974
0.030463770667075396,0.404643803868068
0.015202167859678206,0.9894079722821223
0.021659221405665896,0.8200808451764608
0.0197454820512023,0.894761495066744
0.01958188099440375,0.900307984105335
0.014562573788221456,0.9937078403858978
0.04406304489218871,0.071544037753329
0.03561574600916696,0.22603505274485217
0.02960558260401469,0.44196395105014913
0.025632885189509014,0.6316792505393829
0.05335966060836583,0.015228544507017047
0.03259227370663631,0.3216230732873563
0.0367732913506551,0.19586441677264432
0.027314181351668188,0.5501112969763615
0.02052727627944917,0.8663050658494782
0.018230099421373214,0.9401728505534296
0.04671787571548358,0.0473969417555051
0.02843028530863645,0.49669762956488667
0.03992110398939791,0.12963808860667644
0.025452145077582866,0.6405605099417369
0.017583450710870308,0.9552788977174943
0.027770114299966342,0.5292710428889534
0.017677300648186955,0.9532489839252349
0.039640712885144036,0.13467640738514441
0.030229025483917926,0.4146305401773774
0.018933858414728166,0.9207817059888024
0.02167108668491846,0.8195692711409079
0.030000498682006937,0.42451296153467266
0.02323960437185124,0.7482172895813429
0.05593336620252992,0.009419201245372199
0.025493696990339293,0.6385180308287751
0.0234576284795896,0.7378407837528334
0.027012789930409897,0.5645230095308669
0.02305848709998981,0.7567700812888881
0.027059726738813517,0.5622708768928568
0.03603665227153552,0.21467454110729647
0.03001936672372396,0.4236910383113263
0.01870197745270391,0.9275055140999479
0.028186260302719812,0.5085855339222141
0.02517417783307946,0.6542292007050783
0.04119783080439243,0.10860832048174997
0.025707910857594662,0.6279954307333135
0.025863782273641278,0.6203491594625099
0.02423847168816884,0.7001101153701847
0.03998628871171361,0.1284891270218605
0.023294013582773887,0.7456356794741184
0.03603076189626392,0.21483041192664934
0.02961667306184179,0.4414674161528609
0.027665644611900908,0.5345452848138428
0.020262267188953076,0.876299383304336
0.04158224138344091,0.10285988008631827
0.034244331797046834,0.2662732892797389
0.019745799356309823,0.8947505946851727
0.01797112913016019,0.9465369059131993
0.028061849798823896,0.5147152461449225
0.03244262884463528,0.32702225217018616
0.028695216100602994,0.48399462245446523
0.018797610150998012,0.9247718373521844
0.034392299605692456,0.2616884555622956
0.025674461479180732,0.6296375786503058
0.025351668954903317,0.6455005802636881
0.01715357096275094,0.9638759757749421
0.02622526797827729,0.6026669997526333
0.04209554256882142,0.09558051145971314
0.029315446852232308,0.45508633852109837
0.020675925525288297,0.8605514545710662
0.05144751448487467,0.021444502977938863
0.039029310624032754,0.14621619410411268
0.026799583630211066,0.5747864188584533
0.036567714941476814,0.2009788560582556
0.026539108273635703,0.587393076382077
0.02117088138899359,0.8406767818684446
0.022348509149911377,0.7895845398995802
0.0165958406565989,0.9733470239481757
0.02203930369261156,0.8034525739271763
0.025349643316583514,0.645600187247335
0.02450036119385457,0.6873134742981455
0.03239622330262226,0.3287098129234479
0.01815539398300181,0.9420517120621898
0.01872883879760212,0.9267432873272659
0.031126574797646245,0.3773434915884989
0.015700904091514145,0.9848125558939426
0.032081049172837606,0.34033799451585073
0.031490473255640666,0.362915391701733
0.03411125471181847,0.2704480784513636
0.03201370003679849,0.34286062674428963
0.025128629111322687,0.6564691512391403
0.01763935997214988,0.9540762515063052
0.034507350743358534,0.2581648823244666
0.016560531381395238,0.9738843441255864
0.014100545132412101,0.9958807055760899
0.021493889459295867,0.8271558268208513
0.02468386579466786,0.6783202557960416
0.040259177340978614,0.12376918962305962
0.030631623552687837,0.3976049637357141
0.03001382723037993,0.42393223594019336
0.02991506505686936,0.42824809906122446
0.04426730034973225,0.06937224418825759
0.028455263688095978,0.49549090823043485
0.038579271354765576,0.15521119040506368
0.020863650461979355,0.8531399978182199
0.0240370421191467,0.7099126922918684
0.024213987171758794,0.7013036993962027
0.03546046628375285,0.23034120966727828
0.030700022340003075,0.39476106819579565
0.030249078207283592,0.41377092758081413
0.05259280568155,0.01749553814038325
0.031074867396756023,0.3794257700250512
0.022738798973334057,0.7716974340907479
0.041644232488041666,0.1019569851669142
0.0198350145681917,0.891664096299939
0.03122796441951814,0.3732837428515544
0.022793363069142147,0.7691660742809898
0.03300893985803177,0.30693153500448433
0.02551673845919189,0.6373855853651289
0.030123221350582763,0.4191862708398383
0.020711344408040726,0.8591653581096794
0.036912488898629914,0.19245976160231204
0.02760236116917464,0.5377560196943338
0.019330018622926992,0.9085538102341203
0.02546158938412091,0.6400962468059344
0.05015757574140639,0.026825083973017447
0.029511322460178513,0.4461991743144716
0.029993317795372954,0.42482605637867676
0.03067152276663143,0.3959443137024559
0.06655143608628322,0.0010217984461689293
0.022350553549156882,0.7894919111364825
0.016808433122241673,0.9699568974028696
0.026202274836882755,0.6037891591563447
0.03299655793596423,0.3073609065966341
0.033118449423330754,0.3031531683689428
0.033577087651395776,0.2877000714039041
0.04663817173051554,0.04800328016352794
0.03308037964282495,0.30446278128530996
0.033292493777866194,0.29721868741656327
0.055514980219391385,0.010199994748802746
0.022286777297878146,0.792375905319748
0.03537029150043958,0.23287068011966897
0.016734811033422503,0.9711611978669649
0.03243909336860484,0.3271506004668393
0.024575128880192643,0.6836514863920067
0.029173195287255593,0.4616134741031364
0.03283434077834213,0.31302686581971984
0.03336132578425055,0.29489548024474116
0.025128118999934335,0.6564942361999571
0.031666401700343405,0.3560816491972971
0.01960566706788136,0.8995107747835371
0.03389930695501686,0.2771981867327187
0.04463874674003021,0.06556641481733533
0.03349976233286989,0.2902636585095081
0.030502788311695395,0.4030000264601536
0.03539831142606298,0.23208242782013147
0.016108780118811783,0.9801302241683301
0.03644474398702191,0.20408776803466808
0.04487051873178316,0.06328313353877595
0.02664925609637797,0.5820535743388419
0.028246190194852416,0.5056493860425832
0.024001813602211194,0.7116228725429552
0.040022180426200316,0.12786005389852392
0.02107907772128803,0.844442935305683
0.023394755067216444,0.7408416382099401
0.025973679414258988,0.6149651702758601
0.024260758881948286,0.699023192741399
0.02679748667726245,0.574887622448875
0.029008359207824408,0.4692536491224681
0.02996516876303204,0.42605489368163074
0.028525236843763513,0.49212048467709885
0.02699052694549975,0.5655921899700025
0.019922076090593155,0.8886107998162786
0.019965725916375188,0.8870647904003237
0.0426370244119445,0.08837309380986702
0.020550485359375648,0.8654135893075355
0.016658492467116925,0.972375667136868
0.044363572027034726,0.06836822582619262
0.026775439493550435,0.5759519620893269
0.023293387522961714,0.7456654156551036
0.026998768767007575,0.5651963054648169
0.03376397391827801,0.28157361326676833
0.027178294603306785,0.5565942058062511
0.017474163374159413,0.9575733544031417
0.03637068318247616,0.2059781881355414
0.02970418561530286,0.4375624527707589
0.022454995752911683,0.7847442654776207
0.03577094149655696,0.221793474056315
0.03373709689526039,0.2824486586853449
0.02223366839634544,0.7947685326504895
0.04255811539511278,0.08939412920647088
0.03383858250235905,0.27915513710178375
0.03599754785108755,0.21571096400153061
0.023638695915085106,0.7291632678024931
0.03178766262653787,0.3514249124740034
0.02851059975619552,0.4928242924774662
0.02562673193316556,0.631981464620065
0.020008187836787372,0.8855512112022041
0.018696097290911262,0.9276717856243505
0.022219320667384274,0.7954134931861023
0.03355939794023066,0.2882850561951613
0.035983538754974786,0.21608320323987285
0.01659329499000628,0.9733860060513858
0.02970227703142861,0.4376473692368193
0.01993880644031576,0.8880194288697919
0.04860290908718734,0.03486936289343166
0.04048573600956684,0.11995946664941351
0.03623100972629012,0.2095805168281827
0.02935525879137954,0.453270585018744
0.02229579910890267,0.7919686437885246
0.019144895771699255,0.9143825349777233
0.03519404935763315,0.23787586666544744
0.02802436936707231,0.516571016798661
0.019968859927395277,0.8869534010600868
0.021818475613595845,0.8131732118440785
0.03369198240435051,0.28392201619865076
0.03592181005650941,0.21772934513439432
0.029798919584789196,0.43336145040814084
0.02954541600945121,0.44466419688665526
0.050128198829636594,0.02696041528609888
0.036682103172160474,0.19812030196228134
0.025250011146034423,0.6504997853401903
0.018518133119796776,0.9326039955485725
0.020731227667776464,0.8583847164119525
0.030052782670271616,0.42223803187423137
0.02077665828430625,0.8565942965038219
0.040705836461013,0.11635119093304479
0.021605643323463264,0.8223845624727295
0.02546984378121453,0.6396904909478132
0.03581371708482117,0.22063526877925332
0.026022976776431728,0.6125522172388274
0.02615527075049756,0.6060843416997101
0.02321706703766685,0.7492850286257975
0.050439383087999,0.02555707580699038
0.027807470486851227,0.5273929878694849
0.02293620752616421,0.7625065362718244
0.017012286444126667,0.9664526338551901
0.03097627086501123,0.38341852136316257
0.026726264409910994,0.5783278229160109
0.025443846172510387,0.6409684807710628
0.022202958722019772,0.7961482500319566
0.031704175489058684,0.35462636111513335
0.04298232192653939,0.08401959971961888
0.02799823294446735,0.5178676041753385
0.04254998295180018,0.08949991845243463
0.03358731073601265,0.2873624038693677
0.028358913407961817,0.5001560195544045
0.0389056234371733,0.14864529474375132
0.019477616199031378,0.9037651305970635
0.013994479822547756,0.9962858143405956
0.047304751605347195,0.043133183369936635
0.029655317263538372,0.43974017887516487
0.019441569662793756,0.9049460822631928
0.02659677520894632,0.5845961366931653
0.01875275224631051,0.9260610202897079
0.033517588352919625,0.2896711719446694
0.03009796381189478,0.4202788268193124
0.026365281820729947,0.5958425488083934
0.023935447061365495,0.7148409188449294
0.03841574625856167,0.15858780667569872
0.023449308935078517,0.7382382420817537
0.021875610465763362,0.8106736721089826
0.033102810733877,0.3036906426209039
0.029146009680737217,0.4628678571726347
0.022630849931187857,0.7766841803603888
0.015473716847852426,0.9870526791895398
0.031143806735189128,0.3766513347132309
0.023318243395372584,0.7444842836630046
0.01823488784637667,0.9400512334285512
0.020608138776929796,0.8631880568344416
0.029455975172591353,0.4486985602851722
0.029268955086698245,0.457212834605347
0.030540553338299525,0.4014133996110807
0.03345801501057394,0.29165473365274586
0.024273335748223213,0.6984096451865566
0.038533598821028914,0.15614840775388206
0.03815086315470212,0.16418219168097453
0.028218978310076026,0.5069812402148639
0.01930890484574177,0.9092286308995694
0.023064085968083514,0.7565066704695901
0.01912531140714019,0.9149874652044616
0.02531332598976571,0.6473860869723952
0.021511391855428136,0.8264116395970382
0.024922147616142754,0.6666200353573319
0.01683910393126578,0.9694456442131031
0.017668323783458284,0.9534455313259427
0.0394334752233767,0.1385018250457109
0.032670992815687194,0.31880901074755963
0.031681483379238706,0.35550009862074317
0.02596084117285058,0.6155937934116595
0.04730953204882127,0.04309986874096433
0.03174280969622789,0.35314230234047533
0.01925855020468481,0.9108276338031411
0.026764350735572706,0.5764874793252961
0.0264227628041378,0.5930455059562005
0.021512839000360738,0.8263500567613011
0.04897538956444614,0.032770286988084166
0.02344784595205507,0.7383081228892974
0.0335538262628744,0.28846948973709396
0.01645062987563306,0.9755104817927164
0.014423485852306572,0.9944362743603594
0.028419908513221626,0.4971994924067407
0.01704391727780219,0.9658863572275155
0.03325866751311496,0.29836532104527624
0.04223661260264899,0.09365703870527438
0.03698463982188016,0.1907134126085528
0.02779000997521111,0.5282702836520935
0.03152347882733164,0.3616263113152065
0.05355813270621568,0.014686491628057265
0.04199539070651981,0.09696600941277093
0.022474202310212577,0.7838679301452041
0.027392695105888043,0.5463772148107974
0.03689408141460232,0.19290730537226175
0.021122294367466377,0.8426743826760917
0.020488734106662465,0.8677798222808054
0.023574545989772933,0.7322433901363503
0.02858364795138768,0.4893182948847329
0.01671215360628997,0.9715253432256628
0.05495586416124404,0.011334808778217747
0.024056232162250613,0.708980546394557
0.022349764636724223,0.7895276570152541
0.020572201422679237,0.8645771476002149
0.028883220209796834,0.4751088519571492
0.02160383289677978,0.8224622243120566
0.02240655616339271,0.7869499485757002
0.022749773169050358,0.7711888844457027
0.039446611412115806,0.13825674991090697
0.026176282811507967,0.6050581402001043
0.02701312619666052,0.5645068650020766
0.02404225590275355,0.7096594741052636
0.024388903528936037,0.6927658332024691
0.02565675127826883,0.6305071959454231
0.042652178537711194,0.08817813335802051
0.04094930702607044,0.11246446380915144
0.021729457527908114,0.8170453104272104
0.029277950093143268,0.4568008985525822
0.025162065825998947,0.6548248450257984
0.031324583569908304,0.3694436309488141
0.036601960332584615,0.20011970249265934
0.03152680944638164,0.3614964093240245
0.030359397286624845,0.40906357174047947
0.01450848031379215,0.9939991822219039
0.04244378492777762,0.09089104027650727
0.017926294554550276,0.9475960697773141
0.045597626267161795,0.05655618311141302
0.03539969654583641,0.2320435150341468
0.03238319441748283,0.32918474480376486
0.023197369515259705,0.7502174395241628
0.033307403727256046,0.2967143072142465
0.019872090705175455,0.8903687718410565
0.02661528502987226,0.5836990695644566
0.03484571267487169,0.24800993773053123
0.04371070977789404,0.07542611618389061
0.02645015609160789,0.5917135498424944
0.02658013411061888,0.585402925714333
0.022825596404579818,0.7676673982947014
0.04087879765264968,0.11357887278009714
0.0340433953062651,0.27259571722971937
0.03803260122533747,0.16673035720836632
0.029536812776938814,0.44505120330464804
0.035082817374849085,0.24107690287170003
0.04240010820712853,0.0914684116084334
0.029949174028958914,0.4267542091464985
0.026824148046207197,0.5736012503529291
0.020472581215994046,0.8683957700552676
0.030920780825984373,0.38567847568682206
0.0247134997286913,0.6768663448224996
0.03248402417877716,0.3255221890098081
0.02600565648889551,0.6133998282860951
0.020465298080133698,0.8686730823888448
0.031594288378150925,0.3588716802880053
0.027087032364195907,0.5609619642395385
0.025632645506570517,0.631691022220183
0.019167019785823025,0.9136964514555237
0.053266234917350774,0.015489862163009807
0.02755427833301477,0.5402035055089242
0.01932834077224302,0.9086075301773824
0.03873326249623121,0.15208453231658123
0.02729679671883728,0.5509392757116269
0.016386918555827856,0.9764213703215735
0.04106194515334527,0.11070295618618443
0.032248837258172625,0.33411130611562045
0.03884392112251178,0.14986919626765308
0.02748133969997335,0.5439293003837482
0.028697057299301387,0.48390708202393307
0.020422516765471355,0.8702968443806853
0.01946170155656629,0.9042874315837061
0.03310277525060479,0.3036918629139435
0.01825263109545261,0.9395993423286394
0.02071789767593621,0.8589082683780382
0.033962606940699164,0.2751691605490878
0.029388961542962944,0.451737220121066
0.02206378605493764,0.8023651494425098
0.02061806554823875,0.8628032877787556
0.031466840540469776,0.36384039490897857
0.023645007256340667,0.7288599033428149
0.03191706198017262,0.3465036589824379
0.0476420566644985,0.04083676023815702
0.02656613833660948,0.5860816740796891
0.028875843649897093,0.47545547878994565
0.023970307959690573,0.7131511703321785
0.025513058662639976,0.6375664325546235
0.024568774990788023,0.6839628157019444
0.022868224069777843,0.76568175924916
0.02349762107355602,0.7359285969754994
0.06394204732309833,0.0018278164380740062
0.023389920305026735,0.7410721176267747
0.034437472500174704,0.2603006842520889
0.02107240928277443,0.8447151299178506
0.01766674914539912,0.9534799558373633
0.019222042279657903,0.9119777453093402
0.05510651315477699,0.011018324270530826
0.019237384196120283,0.9114953715487857
0.026214896833926415,0.6031731057842122
0.034549587732425446,0.25688036080192544
0.02254683905862498,0.7805448230424101
0.017637193575069515,0.9541232162746014
0.03586295820947924,0.21930779539206458
0.03579976961598996,0.22101240005644926
0.029737560071173008,0.43607934730058345
0.021443219707351302,0.8293037387197285
0.035850203256331925,0.21965105710122654
0.026700074686132808,0.5795942172593141
0.03754674949543796,0.17753186432916448
0.018589034357812784,0.9306622557327137
0.01662369882291259,0.9729179513328159
0.027737677901913504,0.5309051381087309
0.03544554344574641,0.2307583423939526
0.023835301645186324,0.7196870701766793
0.0204013152111982,0.8710982535840146
0.02533425115928667,0.6463570807246373
0.039245380305465094,0.1420498799599783
0.035749009909958995,0.2223891190251378
0.023381523056804077,0.7414723300566359
0.021513678358200283,0.8263143345366427
0.03336113233348159,0.29490199071679707
0.027012579974794948,0.5645330898116745
0.02585725506833436,0.6206691311394383
0.030877972871244053,0.3874282477042975
0.0406140153888358,0.11784546315086837
0.02327290316214481,0.7466379744858735
0.025514565124959532,0.6374923956192029
0.02829863824775461,0.5030886632773217
0.015545777173080255,0.9863695020980188
0.05124873117467288,0.022205436433906565
0.03428790600049281,0.26491689677609787
0.041086280405793874,0.11032539864975426
0.0323404206060629,0.33074743152194813
0.023153669237402474,0.7522833900846569
0.026528333214995703,0.5879160379105703
0.02850901427861835,0.49290056719733133
0.0326069762457013,0.32109611924870535
0.02716208151074881,0.5573693615831057
0.032349317828873736,0.3304219424404177
0.023074346673658486,0.7560237662381669
0.02446786796390002,0.6889038620169567
0.02860178216450948,0.4884504282649958
0.031158796458567672,0.37604996461720075
0.04313737506855031,0.0821242591377288
0.04068913905649446,0.11662175275601579
0.06192605437062282,0.0028193131322296187
0.02481966420189685,0.6716546792238909
0.027611489900296493,0.5372921306953424
0.020915852166850712,0.8510510304150106
0.024982046895140386,0.6636760996511687
0.020789645705619475,0.8560807446676342
0.02645182164486881,0.5916325863735603
0.022360398988540142,0.7890456631800276
0.03869115125205025,0.15293448094139742
0.02646405531700724,0.5910379769769614
0.024321566090049374,0.6960555709899316
0.026007770033176225,0.6132963871698827
0.035982113380988556,0.21612110510266747
0.03451111441271548,0.25805022410172523
0.018914765135470413,0.921347588096475
0.04377079951261398,0.0747516830150268
0.0359413556334201,0.21720706872160855
0.03352437673316133,0.289445781134798
0.024800162787616986,0.672612334226667
0.03766536969410561,0.1748447629366188
0.02824538369521279,0.5056888271980542
0.020621824326049698,0.8626574744507653
0.036245573563801536,0.20920262546872834
0.02456401464008351,0.6841960494767041
0.01721751011078465,0.9626696898705245
0.026442691165522114,0.5920764544329997
0.022558712922623375,0.7800002750992215
0.0331463633543827,0.30219555346400584
0.019207245334543988,0.912441686046794
0.03018214352214177,0.41664500839447394
0.03129720026381222,0.37052914205909493
0.02774202416078342,0.5306859982057922
0.04171883709460622,0.10087912670854284
0.029979059020273202,0.42544821858359994
0.021006792079916015,0.8473834738769234
0.031637935314291765,0.3571811551392052
0.03326458743501093,0.2981644141063835
0.024153625016475666,0.7042439439000777
0.023533679851322653,0.7342022988413905
0.02749401674582419,0.5432806073883177
0.03638738690907295,0.20555063319068897
0.027229672085340773,0.5541401331942488
0.021303358476954803,0.8351811944622569
0.029139106789030755,0.4631867233702921
0.02993270042514351,0.42747527242335903
0.03966286502046962,0.1342726398909058
0.018560305977555397,0.9314527492612347
0.027821084197192647,0.5267096047854267
0.0387814322165112,0.15111697419253398
0.04057686046010123,0.11845458586550152
0.02937855810974671,0.45221017450752204
0.0297884018763086,0.4338265172533033
0.04731478219926416,0.04306330653284694
0.020298621753957025,0.8749487881118588
0.023425469486349215,0.7393765131981571
0.036068305087828545,0.21383844785850684
0.029020795802955413,0.4686743381813773
0.029604281689281087,0.44202221923409907
0.03220005664915149,0.335913055473347
0.021756123796568216,0.8158882665285948
0.02804234451007781,0.5156804866951514
0.027563214426420818,0.5397481254582348
0.02164074724294457,0.8208763570288719
0.016723876443237112,0.9713373160788059
0.02336422372558067,0.7422964315371163
0.030235795168113366,0.4143402038088665
0.03701760906335311,0.18991958414703483
0.020254467815385646,0.8765882732873889
0.024530411116586603,0.6858420835176606
0.020244456093077123,0.876958661333019
0.02042579247586973,0.8701728287808602
0.03221942654982457,0.3351967781106005
0.017038993558694093,0.9659749052817539
0.0158758535124518,0.982911001855099
0.036040631348073726,0.21456929664137278
0.021679435618468412,0.8192090034931785
0.02603182517522251,0.6121192688567683
0.04221541770648374,0.09394394494648584
0.03583064231084959,0.2201782890245934
0.0356939852427266,0.22388898336804416
0.03071418808934734,0.3941738453595317
0.0199283967602365,0.8883875563845061
0.029557082468106288,0.44413975363323305
0.04040107426722389,0.12137166941707005
0.02356305905898337,0.7327942738112598
0.04136388876054631,0.10609326080952508
0.046542233375884035,0.048742015996051255
0.029277244721413243,0.4568331929439544
0.03696898621204969,0.19109123108000403
0.028854924229009427,0.476439385139964
0.013789313705714679,0.9969815104717046
0.05073835015077477,0.024270129128120526
0.027445090238172487,0.5457868401550809
0.043682819858449906,0.07574089369081785
0.028925769793829936,0.47311265093292076
0.02950268937379613,0.44658841732279403
0.03752191560488927,0.1780985525065833
0.03893769225606536,0.14801238542448
0.01879001478675918,0.9249909796074959
0.017415743370743447,0.9587693280762587
0.017363994432357643,0.9598110056134009
0.02114525267266454,0.8417316946290675
0.025212646721335386,0.6523373430222199
0.027382918134754575,0.5468417258572964
0.024949107430516704,0.6652951138046362
0.019186477111250988,0.9130906950593499
0.020555302554872673,0.8652282371060509
0.03281722856105229,0.31362898430950403
0.018353499750127678,0.9369931646383287
0.03665611262209678,0.19876699114748525
0.043635750614337276,0.0762746608775736
0.0289743300858053,0.4708411609294053
0.014108497184505742,0.9958490186063097
0.02633586278016206,0.5972751674496617
0.018530510721523785,0.9322672427085384
0.03489134005053568,0.2466641256075705
0.026136246391946838,0.6070137321275886
0.01908688757389393,0.9161677597487752
0.025142162101334464,0.6558036529669304
0.02031317202452415,0.8744063896241174
0.024794107254477005,0.6729096754179594
0.044693427989540124,0.06502148320912417
0.021620237970857603,0.8217580604656771
0.031072114470837187,0.37953685626375155
0.02361537084573362,0.7302839170192637
0.028925060332472552,0.47314589014239417
0.03710435612731189,0.18784332860481454
0.05110408827500834,0.022774110657224806
0.02002484163385254,0.8849549949719692
0.03707202604040849,0.18861503433309357
0.024230338255997685,0.7005066668464577
0.043013531448861,0.08363516701898797
0.028937042223083242,0.47258472719679795
0.035853572172919734,0.2195603523506431
0.04570334859650349,0.05563117029546584
0.03802349437682051,0.16692788310143727
0.03737737842103195,0.1814252909346668
0.025984755649151925,0.6144228991189378
0.01621051948401142,0.978823507751139
0.027858086639762636,0.5248549492022802
0.0272971133273463,0.5509241928269281
0.0360144881167796,0.21526150420063098
0.02688387603542164,0.5707223772748735
0.044449475529653865,0.06748281195371003
0.03313834200431809,0.3024705057759251
0.020041878007157066,0.884343583106101
0.030265252705339696,0.4130784520566519
0.0355521511873933,0.22779108078342827
0.02564373027390765,0.6311466293165446
0.04018712003755459,0.12500147546382642
0.023056179795685194,0.7568786145902466
0.020184444232344334,0.8791682270760307
0.03239022867898844,0.3289282687465448
0.03344019380464669,0.29225005987761976
0.06269038065650728,0.002396053979511018
0.03104228290555766,0.3807420793789331
0.018834115332867912,0.923713720255351
0.02799381497388309,0.5180869751826712
0.029143089165696412,0.4630027472775565
0.023039194560456666,0.7576772439515838
0.020634283237842554,0.8621736873467741
0.027493125424508325,0.5433262013164449
0.0432177259183984,0.08115633061396707
0.04101613106239954,0.11141665403545019
0.04023324397652367,0.12421153577166648
0.033914991479190026,0.2766943946012457
0.02958598068026519,0.44284246876048383
0.03547176542844882,0.23002575439774753
0.027583525777384543,0.5387139493551156
0.018776677635871375,0.9253749395125181
0.02694225642690995,0.56791245091301
0.023111123704592618,0.7542911506694949
0.0441132310475858,0.07100513734583806
0.02912286960917798,0.4639373393081545
0.02607935857797472,0.6097943114600628
0.037902627021045854,0.1695672089540475
0.020546389907630996,0.8655710843047917
0.027255149175914595,0.5529245250720974
0.021746015361316484,0.8163271618157809
0.030776570286878302,0.3915950656633944
0.04127552990925709,0.10742543426300165
0.020167069052595077,0.8798045514286836
0.022624927493049007,0.7769569314315963
0.040092787075974023,0.1266298859262649
0.026898880996912733,0.569999786795038
0.01920058085386811,0.9126502260464051
0.03969067646813129,0.13376711686792797
0.04984078491028443,0.028316607929835067
0.02552894599442357,0.6367856567688035
0.024787158158420808,0.6732508761570198
0.03470814214072704,0.252101471596895
0.043304681056267946,0.08011970805327334
0.019653023933271174,0.8979142133684397
0.04944052228318485,0.030305461952289583
0.02557724253839569,0.6344125305936056
0.04058597430851252,0.11830493294879567
0.023905559138692023,0.7162884966170822
0.03156548856051261,0.3599902504816582
0.041018523923277594,0.11137928382403851
0.02973140908941968,0.43635243269031937
0.016685152310306206,0.9719553348224464
0.013342041056776166,0.9981459556963791
0.02667120231481887,0.5809911635395696
0.045085300796536165,0.061228263023336935
0.028839178027262435,0.47718085278212063
0.01983955174684826,0.8915059779527659
0.06518442600176366,0.0013897647608746677
0.017938398468666794,0.9473113703925258
0.028110439103740864,0.5123157161127424
0.0395564103528257,0.1362220432341764
0.03927292362379964,0.14152576775927303
0.034080498245138036,0.2714198928015095
0.03177932494314706,0.3517437060748488
0.018661665458754584,0.9286411730581476
0.016032879357653018,0.9810682672233572
0.035552571450089054,0.2277794418065049
0.029024864431425268,0.46848491854689017
0.021302788211499002,0.8352050020364461
0.022793966867335008,0.7691380232217244
0.021752474278766754,0.8160467649847295
0.025030797307984493,0.6612795620745258
0.01923948630901555,0.9114291712145592
0.03679514824633823,0.19532670922645576
0.02369030985959525,0.7266806789738784
0.028089809267648036,0.5133336324122665
0.03582167474508047,0.22042032134969786
0.05176860822981788,0.020264289764617405
0.049499313161162684,0.03000583918894558
0.031098796421493935,0.3784611418742697
0.03535904047778016,0.23318776960543186
0.020155621305255722,0.8802229567775
0.024472620432701597,0.6886712941039916
0.03261077190711059,0.32096018077996663
0.027320770064381994,0.549797606160328
0.015427720851242777,0.9874757493298575
0.023804820555712758,0.7211596165233929
0.03584466725568436,0.21980017138935906
0.029953897335003032,0.42654761791320606
0.03469749256987753,0.2524203266952473
0.024282607139312073,0.6979572662453457
0.02209093005170082,0.8011573024867065
0.019137726528574817,0.9146042430403202
0.020124776942679445,0.8813469554114242
0.0238075974506311,0.7210255136016388
0.04298196304597551,0.08402402897836528
0.02217922599261024,0.7972125785994347
0.027937386228972017,0.5208940462047791
0.03158223597386173,0.35933948941351285
0.033155926741484376,0.3018679840883936
0.02904846941166206,0.46738695183634754
0.03120705362384324,0.3741185141459903
0.046041282852406995,0.052761205283538476
0.021641568914926967,0.8208410012931913
0.03739115336338844,0.18110613477103904
0.020224743205211948,0.877686473855103
0.03377504425771205,0.2812137796910762
0.042223934617767134,0.0938285669453185
0.023446905647342253,0.7383530355889616
0.026365683206845764,0.5958230074903847
0.019811043658803484,0.8924976292090203
0.03786521460025871,0.17039087601103428
0.03440648249383493,0.26125213890333937
0.04927268220030939,0.031175387582825995
0.01422471686946844,0.9953642194678789
0.012707728006640079,0.9991548259923132
0.03595221673377472,0.21691726951721982
0.025013454627825338,0.6621321658504151
0.02173139048242273,0.8169615235675323
0.026629038310916953,0.5830327462332019
0.02821238299668616,0.5073043755426146
0.03154780677757052,0.36067822408647404
0.02238708168069692,0.7878348907329573
0.02447646238794232,0.6884832724946965
0.03710099845000514,0.18792335894258116
0.05579803684839363,0.009665614443888118
0.034662190577829655,0.25347947835131324
0.024167833430568275,0.7035521557162446
0.02874056247349066,0.48184159690965367
0.02580815320320795,0.6230768161894893
0.02843242540381169,0.4965941664976327
0.023914370046870692,0.7158618628186
0.024720528962930866,0.676521416823703
0.042315054873697466,0.09260156766500492
0.046426056756346035,0.04964973847175225
0.02210017281269039,0.8007454957374994
0.0316343043290267,0.35732157394920394
0.025646044385694733,0.6310329841732243
0.029075052319329803,0.4661524914213954
0.026142424254596758,0.6067118997544158
0.02921559411008623,0.45966160556809943
0.022601482110228777,0.778035808697477
0.027179053559438338,0.5565579282556954
0.02930736035926318,0.4554557370816117
0.0242694314033155,0.6986001283308111
0.020750033637097154,0.8576447104003805
0.0357403641347247,0.22262427077554048
0.03549663540125858,0.22933259174966547
0.017952627380596553,0.9469755143368301
0.03846731902119188,0.15751657798214985
0.027303749149971357,0.5506081014868895
0.022009481447676782,0.8047746096715189
0.027196857133286678,0.5557071497138422
0.030106672156527514,0.4199019148875108
0.06949727080297918,0.000515325279190064
0.03129037819897912,0.37079992655810856
0.022939414214993625,0.7623565122742941
0.03404164109714802,0.2726514039448856
0.028380331185198338,0.4991165891362701
0.025140887062194153,0.6558663548602113
0.02657587654449156,0.5856093833339737
0.038186905833467955,0.16341181058882684
0.05136222406383048,0.02176810312236571
0.017737013762712472,0.9519287298214805
0.014647789352702167,0.9932274967302475
0.035706078411476716,0.2235586800276704
0.02268827606343954,0.7740349314322189
0.04079493722901162,0.11491614864100412
0.03324149559562006,0.29894865622226074
0.023936055109024412,0.714811458065331
0.02271679280251082,0.7727163365140964
0.02109166059892925,0.8439288138350893
0.014164413310084722,0.9956208882807245
0.034563833257916565,0.25644821409351465
0.018973272736751534,0.9196066577980561
0.0255130614608019,0.6375662950350484
0.026444759662816703,0.5919758902421497
0.02659431352380759,0.5847154662827606
0.022850090199297513,0.7665269610619792
0.03903309670585786,0.14614234835143522
0.041214058513783486,0.10836038365933949
0.025250008655486628,0.6504999078232576
0.02554841507264638,0.6358289407786177
0.030708560438204302,0.3944070599626906
0.02067090040436209,0.8607476413773847
0.01590216616068152,0.9826113082466047
0.0455012023296224,0.05741133742325697
0.02570719805707139,0.6280304203278453
0.020626608584841888,0.8624717844368852
0.038706478629166596,0.15262468044376504
0.037072969868845396,0.18859247019066483
0.03658733083635968,0.20048637719411058
0.03071412959602471,0.3941762688812404
0.018247495565439642,0.9397303374220825
0.039327159123080935,0.14049832420713199
0.03033854771864608,0.4099504089139537
0.04097693354876952,0.11203029334989098
0.027367658243052928,0.5475670078147883
0.017776073604569897,0.9510530339321822
0.016333919975334288,0.9771614904664124
0.03829631681349477,0.16109095090652215
0.03427447981192511,0.26533427639502977
0.02070590655859461,0.8593785397195901
0.03240553181740369,0.3283708003347923
0.01954696687688884,0.9014724392578043
0.03161104805193571,0.35822187814285483
0.016189912505312015,0.9790927830107352
0.027698222559148944,0.5328970675760799
0.04197961362514313,0.09718578997507803
0.03838554102945135,0.15921791580054545
0.022156697333287068,0.7982213372974181
0.033115300721256125,0.30326132748695606
0.031134063243936083,0.37704259313659116
0.03336030931176337,0.29492969021615467
0.03230070876058072,0.33220304116978816
0.021847040844452992,0.8119249175295858
0.036438013461849994,0.20425900480835066
0.03735248815130021,0.18200311050467377
0.025915737538175887,0.617803011759507
0.034402127947966155,0.2613860419956901
0.04698739043869682,0.045395526029592306
0.034181894656768685,0.268225945489359
0.029593091386991288,0.44252364680520473
0.041535405585281016,0.10354643895307565
0.03171839240689123,0.3540797308861943
0.024375350170346644,0.6934282515147887
0.028042687781883235,0.5156634896475395
0.04701800827693711,0.045172864344460016
0.03809257359351109,0.16543422531060906
0.023389480131145557,0.7410930993004408
0.02928783650652861,0.4563484227314951
0.021658304366145575,0.8201203625370181
0.03696331727186708,0.1912282028666022
0.03309537321949507,0.303946502376007
0.02917467254074768,0.46154537570873944
0.01659410661557925,0.9733735816412947
0.026929239147538198,0.568538642036281
0.05512008362396481,0.010990211116303529
0.020410172585154207,0.870763715318701
0.028008832047205556,0.5173415522621165
0.024375579440629125,0.6934170470943346
0.021288745541672927,0.8357908508112691
0.0376822302870623,0.17446545735687113
0.023892953383887083,0.7168987197665051
0.044438769993805916,0.0675926189238601
0.04098730280162027,0.11186769105513343
0.030254870119115096,0.41352286862649174
0.03390741537871414,0.2769376560029881
0.0274856271300028,0.5437098563312175
0.033883455765073345,0.27770802788582316
0.044590992473284186,0.06604549878219082
0.02404203894917467,0.7096700114800918
0.037804782544157534,0.17172807063791606
0.019122677900254126,0.9150686381580712
0.025285326258280727,0.6487630354994893
0.01998677244657142,0.8863157595249924
0.02221376102537642,0.7956632464559756
0.026501745869387805,0.5892069066542486
0.04364168917490274,0.07620714226128052
0.02987740014037399,0.4299018295377769
0.029253993263005484,0.45789857124375133
0.025923730602917416,0.6174114235786107
0.022794933271595208,0.769093124548333
0.01817216041555919,0.9416330628141029
0.021737395462057607,0.8167011450189057
0.01757814977626382,0.9553919101484233
0.026566224114254744,0.5860775135715883
0.01686640866412486,0.968985757544111
0.019752531708583043,0.8945191888198205
0.03629674362585833,0.20787910770250162
0.021394520655559995,0.8313588712619353
0.02611226209061729,0.6081857812317379
0.024490370862569555,0.6878025251781084
0.021133161653434374,0.8422284350465989
0.02370031046320953,0.7261992199941432
0.02341655287299138,0.7398020137710908
0.02489217519779985,0.6680927912342834
0.029574918315185494,0.44333877582776626
0.04983033597306563,0.028367026676739317
0.042012984754556615,0.09672140721741766
0.03511172068732821,0.24024197691907911
0.017616697397950104,0.9545660947679994
0.020845985001989864,0.8538441944716209
0.04805207346174384,0.038189350858174
0.021838034640207837,0.8123187856496019
0.043860928631003104,0.07374968269676327
0.024260065289149313,0.6990570249474244
0.020121298521336983,0.8814734063123004
0.02296293433416735,0.7612554444197382
0.040532096615379376,0.11919188874647005
0.03476605699964147,0.2503728084267863
0.025236697967553012,0.6511545177638988
0.04533949250257907,0.0588704291229204
0.035200624793517044,0.23768766132986327
0.03745584154309767,0.17961329363672673
0.031008321722984428,0.38211739334494427
0.046178693920388536,0.05163125300870178
0.03068933110867378,0.3952046598571337
0.027004334812314568,0.5649289952029957
0.02357714332323474,0.7321188007479502
0.027571172002467337,0.5393428100757534
0.019471332151130116,0.9039715373465053
0.021933002941000534,0.8081518541147927
0.01792864303619568,0.9475409023063467
0.023461518669455228,0.7376548945287273
0.03840700950351139,0.15876985744538066
0.025188321721990203,0.6535336246562073
0.031140160760851743,0.3767977086997488
0.023440811570249992,0.7386440774597992
0.02571638947038507,0.6275792515977846
0.04378044760125588,0.07464387282210941
0.03817121950449165,0.16374673608007564
0.038910165656540485,0.14855551701110287
0.024021418691840102,0.7106713024639997
0.030459965433726977,0.40480436098176287
0.026767283504153194,0.5763458320122532
0.025535274982951495,0.6364746382093143
0.023614082893662403,0.73034577307194
0.018020061104117246,0.9453665736939731
0.05118816115903241,0.02244201798131497
0.019516131213126786,0.9024951897660424
0.02440348134159606,0.6920531950275648
0.025842489992609408,0.621393009639247
0.021250691374356312,0.8373744808976931
0.019615638315176265,0.8991756439163061
0.04147952206368388,0.10437060496649235
0.027178275456514384,0.5565951210188512
0.03246891486368925,0.3260691340565641
0.02049968143333214,0.867361662546744
0.016553633353387748,0.973988467039874
0.019973152329533395,0.886800756043768
0.054899448095588055,0.011455425422071234
0.021972346198658732,0.8064168496822244
0.027473855396665914,0.5443125010751724
0.02550380488050341,0.6380212322738831
0.047682845804055574,0.040566414089477
0.03072907936862279,0.39355719857879984
0.02275371700130502,0.7710060548223161
0.021761690507900777,0.8156464151550437
0.02839206514769299,0.4985477121073789
0.034334143584985655,0.2634832901652061
0.02136380378794589,0.8326504285947888
0.028451183289049387,0.49568790627864645
0.02482966793020369,0.6711633755504021
0.024642599779696406,0.6803441819264184
0.029672436918022016,0.4389764490475324
0.0359511996142991,0.21694439589142772
0.040142596238430195,0.12576791083549343
0.04758678758107188,0.04120558182942483
0.021489663403658876,0.827335342517838
0.03619193733391357,0.21059696169487607
0.034081875873958056,0.27137630784691263
0.01965835405393257,0.8977337394746435
0.04510295619421856,0.06106192041493831
0.020765803851224285,0.8570229207680943
0.0358291973860847,0.2202172732839775
0.030250805006510895,0.4136969607196713
0.024788312912796484,0.67319417893247
0.03254158798379958,0.3234445153328853
0.04092538449988059,0.1128415454056363
0.03309691821601146,0.3038933395487225
0.03243873989241808,0.32716343470805814
0.023246729653995823,0.7478795206063542
0.044799110555836075,0.06397924704653418
0.02072424443593024,0.8586590927717273
0.03449732335346367,0.25847054941918934
0.02566701138110561,0.6300033847991355
0.027296773646221628,0.5509403748713545
0.02411026903671304,0.7063536866229093
0.025986669013399605,0.6143292316470194
0.017815433953259463,0.9501609287531978
0.031305913215329495,0.37018350589215737
0.03445816293722426,0.25966690396092373
0.02736502666461671,0.5476921167427686
0.022942752218105267,0.762200320858612
0.024811771982263697,0.6720422581621448
0.03766456397543538,0.17486290523927808
0.02038114810445857,0.8718585239658833
0.039339729584980665,0.14026105406327777
0.035555663735452825,0.22769381649721232
0.02241258546247671,0.7866757573869592
0.022646024558504507,0.775984927112125
0.044619754447705606,0.06575659430775381
0.031000738463708544,0.38242496273906434
0.04566407528571431,0.055973259805087106
0.041629365499818216,0.10217291838660898
0.02750830831295739,0.5425498701443628
0.028853577279047693,0.4765027818546035
0.015033580287446113,0.9907037761402563
0.03965726010221926,0.13437470755643163
0.03076481146292398,0.39208026000459967
0.03282247145139833,0.313444415751155
0.02238428009565227,0.7879621110513287
0.02531403272431798,0.6473513323831815
0.02477430234180672,0.6738820494383148
0.024599791041467256,0.6824428719910134
0.0381577366760113,0.1640350523707694
0.03246924757082842,0.32605708316458326
0.026204498161665035,0.603680634837997
0.02789758740556264,0.5228795894190092
0.026439482189633434,0.592232472821869
0.03090917696664547,0.38615223828899475
0.03655442639874343,0.2013130170009446
0.027895301294164704,0.522993786340369
0.028243037940030025,0.5058035554164093
0.06121663507008468,0.0032729494402441717
0.027998693240719408,0.5178447518763865
0.02156496917797146,0.8241264681701895
0.040696372826758864,0.11650447443592171
0.018837551222632976,0.9236137153612098
0.024592705379398838,0.682790151951907
0.02706963029264095,0.5617960346370822
0.04169654231687875,0.10120023477975171
0.029818253064775035,0.43250744751197506
0.036021648866240485,0.2150717334320961
0.014015211823810936,0.9962091572463185
0.03167919064675076,0.35558846303043834
0.027428464359416038,0.5466401071119655
0.037561198042530775,0.17720281965076995
0.05629165617041676,0.008794067184993183
0.03613263669434297,0.21214695162760808
0.029582084472362324,0.44301722766827134
0.015063803514361263,0.9904804903463277
0.0345177870743576,0.2578470395387809
0.054980838623664485,0.011281780985180347
0.023062801701884128,0.7565670972467369
0.0327441847628297,0.3162086439204708
0.02620610275766566,0.6036023139828197
0.0265155524052606,0.5885364893108801
0.03079464675322252,0.3908500038150511
0.0325513785314715,0.32309210038053027
0.04281773751790163,0.08607161460533999
0.021384625449646866,0.8317753370548493
0.028585651881538998,0.48922234202714315
0.029894435039336642,0.42915335575647884
0.015399321386849407,0.9877319699253171
0.025122469178744278,0.6567720673094334
0.02775822774724024,0.5298695044273152
0.039167841470065495,0.14353379417056913
0.026836811609187383,0.5729905309907815
0.028823430917423842,0.47792311393470166
0.027751435929414175,0.5302116466835058
0.02811969252198765,0.5118595495998071
0.02680076597265363,0.5747293585447435
0.025575735064624183,0.6344865933274177
0.022230798397023133,0.7948975939454977
0.03777925373615215,0.17229545701581514
0.03512920363831651,0.23973802254150023
0.028924293569963178,0.47318181570165385
0.024895880365628537,0.6679107434365713
0.05010646329974977,0.027060932856219945
0.022853567598226952,0.7663649409741231
0.027059809269634916,0.5622669193053775
0.055984463674617846,0.009327651745248541
0.029898835049243733,0.42896017258279573
0.031315076877425796,0.3698202351388636
0.02025578204529617,0.8765396153938371
0.03819737956878849,0.16318848676028186
0.04236184561743728,0.09197673426657818
0.03464897607679607,0.2538768128564446
0.029715569509006223,0.43705619162379045
0.01854708452167242,0.9318148492097821
0.02833832489737459,0.5011565077457063
0.025910395709709544,0.6180647321127104
0.03604644025588033,0.21441572598801664
0.021417330622401642,0.8303974111587084
0.02487303939076735,0.6690329378102525
0.020102698904092997,0.8821485011326687
0.03401396363652476,0.2735311425412216
0.02478978326499215,0.6731219854718422
0.034547400222811386,0.2569467689845502
0.022998581931667483,0.7595843641645239
0.038533713838232786,0.1561460418579117
0.026175274699157314,0.605107367960313
0.02874767215988444,0.4815045962615626
0.03219475835440988,0.33610917220668485
0.022922751790762474,0.7631358126439209
0.02959831931754786,0.4422893405522606
0.03186190143504464,0.3485954437406143
0.033734539198061075,0.2825320359687383
0.03218475454203096,0.33647968856873944
0.027360185313716312,0.5479223070793311
0.019297821731976028,0.9095818313089362
0.018735677145502255,0.9265485392417613
0.022931048144743615,0.7627478690730463
0.04500006490311159,0.062036793592217844
0.02854197739947295,0.49131632696591354
0.03146239989866306,0.3640143908668234
0.033035124589533615,0.30602496773356797
0.029911541602277048,0.4284026188263919
0.01968925858660847,0.8966842472403483
0.043265349336042036,0.08058720212484748
0.03134833432606543,0.3685039330455395
0.032794490176460966,0.31443037518298983
0.029108653031155507,0.4645952028691036
0.025678080171867235,0.6294599047865316
0.03778098759068016,0.17225687434811252
0.0332360883853019,0.29913251461046764
0.0340777523001391,0.2715067837305291
0.021854428198339826,0.8116016418049465
0.018761677070269045,0.9258054993374707
0.019781048227515224,0.8935362773329534
0.03369225863141101,0.28391297776515656
0.029575408410527193,0.44331678010123116
0.024185702201533932,0.7026818809764308
0.023732494498027445,0.7246488404310651
0.026341165333785277,0.5970168962391008
0.028260898020471825,0.5049304560831983
0.017596674233491205,0.9549962154427007
0.018223333742568792,0.9403444426630067
0.037223756147038656,0.1850148549152139
0.021341597896548103,0.8335818306337346
0.02593925664783503,0.6166508852143403
0.025100595144212035,0.6578477003191673
0.024575750093028426,0.6836210468470132
0.025205605932329178,0.6526836039077551
0.025090178049648193,0.658359933251536
0.022649342101121128,0.7758319763397545
0.01928941067402193,0.9098494043507839
0.03747898318034337,0.17908161660742872
0.02444107724262079,0.6902146180076536
0.028332543166504243,0.5014376976903391
0.017164622943390218,0.9636692639877709
0.03390088217489062,0.2771475592233038
0.025818436140663648,0.6225725046495926
0.019279449920375225,0.9101657474876725
0.04057230723538108,0.11852940991167024
0.020063783545838265,0.8835552023142731
0.018940291316988933,0.9205905576564127
0.031427453484899615,0.3653857340609195
0.014825244701146531,0.9921398698080972
0.018806499427439505,0.9245149198111746
0.01923133702714902,0.9116856674532969
0.02060763647050312,0.8632075143430094
0.02364756996282613,0.7287367063160317
0.0346199025075975,0.2547526596615119
0.057094215759366296,0.007528242096534157
0.03870642657701551,0.15262573167785334
0.034886818023534105,0.24679725745198874
0.017769920539862538,0.951191615992596
0.028187498462152516,0.5085247634532973
0.03272135161311873,0.3170181970964716
0.032413682688817946,0.32807415634965176
0.03379236381624148,0.28065150702814873
0.04124867389759901,0.10783307520828818
0.04279688887293587,0.08633453505746316
0.038990092128160625,0.1469829089639398
0.018355276156793776,0.9369467005801572
0.0250334427141701,0.6611495037691724
0.026784184040165693,0.5755297503855388
0.029908329398509237,0.42854352161016773
0.026666303893867815,0.5812282519978733
0.02205764651527864,0.8026380248305188
0.0293292656890623,0.454455540376979
0.029874426997972825,0.4300325526950757
0.025295586479866627,0.6482584611864182
0.026826163752275645,0.5735040278102612
0.020148843030432795,0.8804703813778129
0.0321735934768661,0.3368934133305267
0.02736555189818307,0.5476671456154718
0.023652446280079786,0.728502260740759
0.043293595460911494,0.08025123833004373
0.0355096842462842,0.2289695442969861
0.0262463081307579,0.6016404990211512
0.022123877286693627,0.7996881446500328
0.035915067210126383,0.21790974583611414
0.02917692317006586,0.46144163897873686
0.02248698934044252,0.7832839464360835
0.04126895324368296,0.10752514161465129
0.026416079131927395,0.593370589333764
0.026295201889714126,0.5992563930121424
0.03447324794259682,0.25920556152154084
0.03530685531796174,0.23466284539274992
0.0320685750329851,0.34080421890224577
0.02299675786840666,0.7596699382117182
0.04217037210433594,0.09455614960586471
0.035408215333311954,0.23180430306917776
0.03777665812756281,0.17235322875497217
0.02087519215502681,0.852679165457477
0.031573213924258936,0.3596899592346724
0.03640255331719566,0.20516302797182462
0.038696379422346744,0.1528287510920473
0.03053740292686058,0.4015455936054938
0.03728335583743239,0.1836156349027194
0.025538988996015755,0.6362921290936521
0.0305390118834028,0.4014780766505317
0.04907187162250182,0.03224500353549709
0.0415975070498521,0.10263692238733083
0.031478938253715394,0.363366672953122
0.020223855529231616,0.8777192013266429
0.02852831826614577,0.4919724003860549
0.02685578231247665,0.5720759800205066
0.018706312686497584,0.9273827931710079
0.027711812109453615,0.5322104659312403
0.028638912553779206,0.4866765435595704
0.03295333754415741,0.3088631227137406
0.03743456118767319,0.1801033110379643
0.03430706187529453,0.26432225406861637
0.03979275330034793,0.13192496565620032
0.024004522953639862,0.7114913940435079
0.03545034717645262,0.23062400214197515
0.02374587957913543,0.7240036316962775
0.024658215925454918,0.6795783717260673
0.03589241691112602,0.21851658803342683
0.020318417533687128,0.8742105918775545
0.02209297356050466,0.8010662778100288
0.027107685313168206,0.5599725821444854
0.02354316399105072,0.7337479094660502
0.026386970873647997,0.594786820724357
0.018421515265189536,0.9352001724073085
0.039143931191528814,0.14399390641806453
0.04473535120114974,0.06460631647268704
0.024080523699587575,0.7078000464560694
0.0320816763077687,0.34031456726364556
0.03635750907387825,0.2063158865828859
0.023522276034114498,0.7347484741272196
0.020874203523833956,0.852718662215961
0.021402594935513497,0.8310187629785714
0.037759672670515165,0.1727316630591089
0.02040597918440956,0.8709221455348691
0.018329597087639038,0.9376164626881134
0.021015300852680996,0.8470384960879282
0.03765093286587584,0.17517006262246063
0.02372557538239617,0.7249822707632865
0.031238096638588675,0.3728797292769434
0.04126567430396211,0.10757488152894185
0.048863672844999484,0.03338788900421728
0.031384417776853024,0.3670795157726488
0.05129183839861429,0.02203841578889239
0.020521289875343185,0.8665345919044345
0.017931732869591377,0.9474682673108696
0.037255613613792704,0.18426589416666017
0.03573473198624616,0.2227775597578276
0.03008638044695494,0.42078053056905057
0.03160664089818599,0.358392670373937
0.016997477560111274,0.9667156611632853
0.01922278653467535,0.911954376382595
0.01817563319583876,0.9415461298588719
0.01758753530080609,0.9551916971619397
0.023790704193898615,0.7218411748795629
0.015131458155191624,0.9899664881085877
0.03103115720467431,0.381192251688859
0.023142802550726427,0.7527965393862829
0.024753049392145288,0.6749253513363076
0.022244505175263052,0.794280993056135
0.04998418004841104,0.027632636348213554
0.048728673906514475,0.034147813767208116
0.047036938349470814,0.04503567413177284
0.03395928755580735,0.27527528390460576
0.026477963699794604,0.5903621334152513
0.027399193684439965,0.5460685385503863
0.046871380662476425,0.046247844431605026
0.03323598692989055,0.29913596513877655
0.024186234348759772,0.7026559589117274
0.030383068072657782,0.4080583273946671
0.029017140170652378,0.46884457310247063
0.029167613633382605,0.46187083679446883
0.013762123772336807,0.9970654954048902
0.044907562643110355,0.06292457377012256
0.027521426748398692,0.5418796496037759
0.024031601691667792,0.7101768870406509
0.025347339028171323,0.6457134968255843
0.04994640622191593,0.02781138126750268
0.024837791615373805,0.6707643799855212
0.026147225985765243,0.6064773192964028
0.028383440255820847,0.49896581712707927
0.04406169793157477,0.07155854921368264
0.02513916319755438,0.6559511282144588
0.02665124302419075,0.5819573673889378
0.023171302563804896,0.7514502124919705
0.03729274004130351,0.18339608640863858
0.02362791880931059,0.7296811516188764
0.04281058341597649,0.08616175838632442
0.020849602464639884,0.8537001046950224
0.026576391662892718,0.5855844033075179
0.020512489458482497,0.8668717002693553
0.025821138840704472,0.6224399627171748
0.015318057265202134,0.9884443388814372
0.04068196472762675,0.11673816342726963
0.0220822132666737,0.8015454309546237
0.033399588812880326,0.29360984671667123
0.024255315945171607,0.699288678359383
0.03995924731895645,0.12896475051799217
0.028286477702777202,0.5036816521215011
0.02488050859581481,0.6686659866631972
0.022888130304674736,0.7647530915528049
0.033678774808262035,0.2843544320907289
0.0246312729075428,0.6808995716204943
0.04343687066476598,0.07856525990920844
0.03207750282929256,0.3404704934959084
0.020196089243202042,0.8787408971482181
0.022349727315899653,0.7895293479903288
0.04228600993222381,0.09299121193358847
0.05627235304698863,0.008826762361216827
0.02152520358079485,0.82582356618842
0.026347855055288694,0.5966910932994418
0.04353774278145994,0.07739629993476689
0.043715869809697105,0.07536799953789733
0.021003662850218485,0.8475102667337485
0.056219480580785075,0.008916882225558838
0.025318009825971988,0.6471557539153857
0.01448067249480689,0.9941449381554744
0.03905232578475559,0.14576775964292074
0.03713727056754962,0.18706023403251665
0.01961941289160518,0.8990486373292894
0.03045349577153139,0.4050774408014116
0.03541741789595848,0.23154610313758223
0.01889774478656192,0.9218501912343792
0.021413805859483603,0.8305461141003387
0.03152711743892489,0.3614843985569709
0.03414199605315754,0.2694793518096295
0.027058928748879663,0.562309143220618
0.03898751520796784,0.1470334008761657
0.030049664304556634,0.4223734828157837
0.024301294455515543,0.6970452399741167
0.02491244422618044,0.6670968573658667
0.0390560970686844,0.14569438497950918
0.017653190728356916,0.9537757258736104
0.021226317936277495,0.8383857262566043
0.03590145907006437,0.21827417568152582
0.03736105632056219,0.18180403910045978
0.046354665322421496,0.05021476062126177
0.04823814091804535,0.0370382417334804
0.02853081989306694,0.4918522004811712
0.04576703128536819,0.055080285907007906
0.03779657624284627,0.1719102959972325
0.047528022252414814,0.04160091380271185
0.040280998168143844,0.12339799274484796
0.026056276548963808,0.6109231240620916
0.02981092538351693,0.4328309940863687
0.03890723781113126,0.14861338135297988
0.021010050635805078,0.8472513963052495
0.03591642417941909,0.21787343165993767
0.03496381446429414,0.24453787444761632
0.025350291192044905,0.6455683291359807
0.06814895896198458,0.0007075356757680722
0.014981458271301137,0.9910797990474483
0.028717709212808362,0.482925882094333
0.016433742796001377,0.9757541795017494
0.04741342350907493,0.04238136187642242
0.02625865831487928,0.6010381179853599
0.02998594284745726,0.4251477752221799
0.04766303386360882,0.04069753012103064
0.029902362482559286,0.4288053424320197
0.0390128603072748,0.14653740027859355
0.015817269301846792,0.9835652940828843
0.034578795573149745,0.2559949154523405
0.032627477675548494,0.3203623745123229
0.023880425869011485,0.7175049656193072
0.04001763026458338,0.12793966474478113
0.032990811741618886,0.3075603185623773
0.02024975759298503,0.8767625927629799
0.019926612559852896,0.8884505950843751
0.029562872003817908,0.4438796495225647
0.028541533888528536,0.49133762076692644
0.014755444469604195,0.9925820888431585
0.02002818511043164,0.8848351216739163
0.033298108379526514,0.2970286800704641
0.03301607282977159,0.3066843825166724
0.04407772377658625,0.07138605704647706
0.03194172884814317,0.34557115599983124
0.025632279718474038,0.6317089874088313
0.02720416648242402,0.5553579804409741
0.03357642639727354,0.2877219226986069
0.01714318989857777,0.9640694561347811
0.038726619901131076,0.1522183491670564
0.034982182796879924,0.2440012095534078
0.0336619558342699,0.28490579280401623
0.038368199531766595,0.15958058212895132
0.030634383542413213,0.3974899353018725
0.035289647299980464,0.23515081535063714
0.02217378976520079,0.7974561354584422
0.025515335997725958,0.6374545103343502
0.02521374003407867,0.6522835746392366
0.027387543689565086,0.5466219452779478
0.0387045232959774,0.15266417393935588
0.018966168433888986,0.919819141795445
0.033385049391643495,0.29409788075408794
0.032217376219186966,0.335272544982022
0.027418627006405516,0.5451458378043363
0.037962848650262365,0.16824804728755557
0.026712938069883285,0.5789721225268611
0.03744198361605988,0.17993227651911067
0.03199331443962927,0.34362682464485056
0.0284714912621451,0.49470795247478844
0.01994321905013785,0.887863208225579
0.030193600590106284,0.4161520959020453
0.045531178242999626,0.05714430826057886
0.01863900901234996,0.9292750905503206
0.015080125131017752,0.9903582900721797
0.027473358674300452,0.5443379394296302
0.03890496643328212,0.14865828416248233
0.02884388231297408,0.4769592556028049
0.029022587961417767,0.46859089601899695
0.019888464918538656,0.889794363211117
0.021877954633006125,0.8105708844060544
0.04217498544955589,0.09449329776018624
0.01983003335352357,0.8918375614649531
0.016159229394450317,0.9794893793451254
0.0276578849791157,0.5349383344610832
0.04894701948835001,0.032926166974781734
0.02055419891608501,0.8652707117479185
0.03496023670619863,0.24464250984802277
0.020967099591709837,0.848988650840986
0.03617616453736072,0.2110083660931645
0.0216384779034573,0.8209739918217709
0.027819694106044734,0.5267793594064094
0.026064832870828142,0.6105046428083245
0.02108764681116626,0.8440928846628679
0.03265261384188656,0.3194644168680524
0.02011904447714452,0.8815553142783848
0.03195272078990086,0.34515619656601165
0.026002397820724554,0.6135593192634976
0.024051252985957908,0.7092224444679365
0.027735115377018615,0.531034367923955
0.02254675429753128,0.7805487089530465
0.028416246380634003,0.49737668513701394
0.031737998403858825,0.3533268776496183
0.03393588016789434,0.2760245054621654
0.030234736962939213,0.4143855786759826
0.02576625406518751,0.6251321823917357
0.03928465797456704,0.14130295581168317
0.03967455002028958,0.13406005475395025
0.041631835559216235,0.10213701607463124
0.050032041977060904,0.027407612221281342
0.020153592030041523,0.8802970552156175
0.02836916715952109,0.49965822019206246
0.030877986345437702,0.38742769608070843
0.036299786645086485,0.20780060570298797
0.01754423973738689,0.9561106964091222
0.040955534813453875,0.11236646853854933
0.03170052104922333,0.3547669685454669
0.029838524017109402,0.4316132520259262
0.03153494216683894,0.3611793528067458
0.03243054843498849,0.3274609574849534
0.030151698037401253,0.41795678297745226
0.023901059858404183,0.7165063209900873
0.023763121372410878,0.7231721590110598
0.020173121137435635,0.8795830827973955
0.03377916852096419,0.2810798110414568
0.03439714820845097,0.2615392333351079
0.05954866713287821,0.004616835469040002
0.028092748388931,0.5131885323884549
0.042742749682264325,0.08702043452983346
0.03853725879007697,0.15607313656998814
0.031238831382461196,0.37285044393680494
0.019348879313135448,0.9079488315597227
0.033272546114468726,0.297894474141804
0.020352661988184306,0.8729290094265907
0.02479177359580087,0.6730242600838587
0.012978735148433423,0.9988002491810307
0.022959357164896776,0.7614229831185141
0.029896104139441826,0.4290800667245311
0.02829484783396996,0.5032734487687259
0.015714151356432504,0.984674038361065
0.01819299146217085,0.9411104777632496
0.037059417452538934,0.1889166724149272
0.02173994308691074,0.8165906407377419
0.01861901528201859,0.9298318993537334
0.020573799410301352,0.8645155095646535
0.01922421781938906,0.9119094262877392
0.017200349569133855,0.9629959124309205
0.030548030625404343,0.40109976612155146
0.0250712403843254,0.65929111069148
0.03208926945850954,0.340031009338399
0.018256695334514905,0.9394955568741861
0.021110707676658458,0.8431493102913002
0.028778470775065124,0.4800465016528815
0.03209152673187471,0.33994674663169194
0.035623806876693975,0.22581321681841757
0.02433341682817569,0.695476861818939
0.02388268485509276,0.717395660249609
0.0478009531297936,0.039792389787464855
0.029282572963584774,0.45658928469886606
0.029438667186816148,0.44948206659298073
0.02551862814524708,0.6372927161151867
0.019009617903845477,0.9185148980172686
0.024349313345272572,0.6947004120773522
0.01565987871761254,0.9852359323294084
0.03482552864221772,0.24860705824987955
0.018637188868445898,0.9293258812298588
0.02383643056258833,0.7196325092883511
0.0429246853144466,0.08473346780214992
0.020288153809791876,0.8753383555474221
0.01827337285894437,0.9390685984295557
0.023970819060999737,0.7131263863389024
0.031209513758581248,0.3740202361949582
0.024057619248189055,0.7089131544354097
0.025363565505066243,0.6449155982114383
0.029375534009056015,0.4523477158968238
0.02189185415000472,0.8099610371297397
0.02505517640513122,0.6600809512636425
0.03457392672725845,0.2561423555325951
0.03807468874880093,0.16581990990375786
0.022192627254553843,0.7966117875035972
0.03743538903190913,0.1800842287005748
0.039777734507917495,0.1321946997227952
0.039631520790614466,0.13484424197096354
0.030343666727085272,0.4097325499229309
0.03605497394046253,0.21419027483380831
0.024667787794907525,0.6791089118940268
0.018723184465796572,0.9269041013337733
0.040300606079239965,0.12306521952093913
0.029075104083652215,0.466150089673218
0.028580992664685223,0.4894454549033089
0.03326538754659791,0.2981372680261263
0.03015077868025251,0.417996438076865
0.030912449760734234,0.38601857560576813
0.022696798169471066,0.7736410834273231
0.04174945626353865,0.1004395064422519
0.03288431855037344,0.31127315819044304
0.04658395706716889,0.048419538896037825
0.03271046323966781,0.3174047773697373
0.041774152411577004,0.10008609026133083
0.02676713029932498,0.5763532312909934
0.033559783354951356,0.2882723014403476
0.029082236952587603,0.4658192182786722
0.027857696062091264,0.5248745045644106
0.02337150742201244,0.7419495157289371
0.032510584718540736,0.32456233043439187
0.036806023312246916,0.19505960071184528
0.018553258283656837,0.9316459002567954
0.024943269469005547,0.6655820312666243
0.030440723034876396,0.40561694022544587
0.026640410083004384,0.582481946598073
0.02781108221669437,0.5272116317474792
0.026168592427601833,0.6054336923458543
0.03732876715127631,0.18255513997793923
0.018256743337187353,0.9394943304509561
0.03671307502592169,0.19735182358949496
0.033790539260181385,0.2807107010144471
0.05033300066360219,0.026029378112325176
0.02686460445466321,0.5716508167002885
0.02893902372695334,0.4724919668466011
0.03518563557192683,0.2381168563841988
0.023429212883089523,0.7391978385903777
0.02438059768717149,0.6931717960168285
0.01768850203642952,0.9530030233107024
0.03997016019850025,0.12877263401281108
0.03152381652847869,0.36161313867044603
0.028710687778539218,0.48325933505966806
0.02284192641005245,0.766907222268177
0.04333301833837033,0.07978431414927194
0.03607977591917888,0.213536076306359
0.029998405256097982,0.42460422114892554
0.026775304806559236,0.5759584658177288
0.024760874509893352,0.6745412389498369
0.03438498376270782,0.26191373188937445
0.032060041710871345,0.3411234179138768
0.017751399064738826,0.9516073329268796
0.02389816229180408,0.7166465885119178
0.03349443959268672,0.2904407452862819
0.022651547840382924,0.7757302684965718
0.03830041951661112,0.16100443953065008
0.039108381989653274,0.14468019697450485
0.039471812915108206,0.13778756503316436
0.02041379629149398,0.8706267395797725
0.042024274616026425,0.09656472076730914
0.032226585231038496,0.33493233651080667
0.022803777291383387,0.7686821340715573
0.04658486111900395,0.0484125720802646
0.022841399358069447,0.7669317665784817
0.02909846807350147,0.4650668824391795
0.015327100533584215,0.9883665755619416
0.026543059792647095,0.5872013191724281
0.02764316615369089,0.5356843816361745
0.0256631839445699,0.6301913226746199
0.03304431839586186,0.305707126246848
0.027406930916762717,0.5457011067491395
0.03969959967946168,0.13360525051426456
0.017454340237984756,0.9579815549599616
0.038389967416120774,0.15912545186277355
0.029789921952561804,0.4337592825254855
0.032950918975357735,0.3089473437329965
0.01607082776815172,0.9806031708462176
0.03481834986211452,0.24881969710365093
0.024840282371331124,0.6706420419200818
0.017070286034598314,0.9654096267645668
0.0384065855145308,0.15877869651448973
0.04654819098853691,0.048695856945237655
0.047232503865364484,0.04363940651291302
0.044505368002370926,0.06691198717279165
0.03491525961758468,0.24596082458999421
0.05049812802941028,0.02529953223471994
0.026415240321266853,0.5934113905260123
0.022528966893656077,0.7813637639892369
0.021024402783421714,0.8466691269810631
0.02859972200325528,0.4885489733727267
0.03468123005304402,0.25290782693711317
0.019845775722113324,0.8912888954878485
0.019404781405253813,0.9061437256692937
0.023731591002174923,0.724692383372445
0.04650491291203751,0.049032033835283456
0.028242882198976582,0.5058111731203229
0.026801790854438234,0.5746798985996543
0.0310759206625279,0.3793832745906328
0.026554018637582222,0.5866695920840634
0.019897435027721566,0.8894790839881149
0.03480024699806261,0.24935652614774617
0.029323701793553536,0.4547094497385938
0.03641533410495068,0.2048368346118019
0.014852512630792014,0.9919619144242506
0.03887746883797333,0.14920275293059546
0.03023928054549152,0.414190777992026
0.02685487928857455,0.5721195042500422
0.040108871556212566,0.12635100794364973
0.02603402392273857,0.612011692487582
0.03556266972971184,0.22749991233428396
0.03515952052519877,0.23886603931377903
0.02587513109897177,0.6197928759999112
0.04959358038535422,0.029530858309744498
0.0339244695029397,0.2763902890563388
0.015966788115570396,0.9818598140980722
0.03441526524447802,0.2609822250965557
0.022914370782136984,0.7635275604475179
0.029068145225478403,0.4664730379092887
0.03177477224830727,0.35191786650775625
0.02090755880135349,0.8513837083647606
0.021182611274134455,0.8401930622235615
0.02436232977972519,0.6940644924843445
0.03592909623793561,0.21753453786224994
0.02630047168827382,0.5989995442393333
0.04470527626036569,0.06490391915221913
0.03208410681415641,0.34022378419971805
0.025762441311322215,0.6253192548284074
0.05456445903113877,0.012195803199193299
0.027120716233885733,0.5593486160253087
0.03671392115691485,0.19733086209445524
0.026093670013699555,0.6090945914031657
0.030939126831334374,0.3849302703490529
0.016938095010133325,0.9677570196944971
0.0361330820801164,0.21213527726435702
0.03953130587278697,0.1366850978487133
0.02660497964023878,0.5841984720562422
0.04606912317176559,0.052530562932658925
0.030354395425805536,0.4092762062155798
0.030234195593450197,0.41440879341368275
0.02167969757662136,0.8191976956257903
0.02481268912431206,0.6719972193540209
0.022012728283362204,0.8046308133958234
0.03468232934953519,0.2528748509342704
0.01907419304293484,0.9165557939906939
0.025005173608382836,0.6625392602321936
0.020388739266147815,0.8715725819071621
0.02538753100079727,0.6437372059501405
0.03974024153405653,0.1328700287027794
0.02363061146031653,0.7295517747341416
0.024934160392290988,0.6660296975920719
0.04186451480030284,0.0988017686966914
0.037284933414314936,0.18357871212367574
0.02436643720416598,0.6938637970568236
0.03852547499172598,0.15631558726300454
0.019367695521695538,0.9073432444825259
0.02382129253260329,0.7203640000750525
0.029265669729177657,0.4573633523104597
0.018826135813280992,0.9239456971109523
0.03208844272172917,0.34006187469314036
0.03240710027254917,0.3283137026883409
0.03969313713414768,0.13372246462844947
0.034796343718042744,0.24947239068440094
0.022715892883967345,0.7727579784654544
0.03291251258002115,0.31028701092675576
0.04170158505104771,0.10112753075197714
0.033748086574077574,0.2820906192287699
0.014705096909592513,0.9928893845755614
0.02432055835379887,0.6961047768299053
0.022929396536574942,0.7628251115612932
0.026284408761831593,0.5997825161065719
0.027627489631733892,0.5364796805404769
0.020749634968986436,0.8576604144988839
0.02568967058543714,0.6288908595335823
0.04236103686309323,0.09198750413489948
0.03885155838132859,0.14971726726068954
0.026901161554057307,0.5698899854859303
0.03733569667917458,0.18239374089682076
0.019841229327887344,0.8914474870702431
0.028496574937529218,0.4934992667587702
0.025876524483643193,0.6197245811142704
0.02121570866595035,0.838825150187358
0.03248591076430263,0.3254539428314341
0.022870532891295148,0.7655740937451582
0.01670734853316147,0.971602178579023
0.052955793895906766,0.016387316181698582
0.026371328204093936,0.5955481974435661
0.031190444169130138,0.3747825059868327
0.03831890365662727,0.16061513657343074
0.023108472114262646,0.7544161620993144
0.02200388405227957,0.8050224285423098
0.028199759120385304,0.5079232432669143
0.034407565640330096,0.26121883998360934
0.03829441582501514,0.16113104859956798
0.025734782111530574,0.62667653014596
0.03258503892754627,0.3218826056046932
0.035818892484021925,0.22049545566244347
0.020233661143624793,0.8773574603575129
0.024070133721417586,0.7083050446560546
0.04362788989916344,0.07636411137232822
0.024855839278376368,0.6698778906387027
0.04267989207341294,0.0878225279959013
0.021068002758969084,0.8448948941218636
0.045683852107588796,0.055800768673821804
0.02244329809479151,0.785277503039666
0.03154090178594959,0.36094714026438174
0.04456234277686377,0.06633435141370839
0.036375747918366716,0.20584847602581285
0.05141007813513421,0.02158600947040597
0.03512828579738503,0.23976445963665455
0.030426964485473385,0.40619863032536474
0.048485916330725964,0.03555254428605216
0.02707337280381339,0.5616166260057496
0.021689172884522323,0.818788513671918
0.03624090074207598,0.20932381446222076
0.028131592508441883,0.5112732930184339
0.032270945422375186,0.3332970206516033
0.03424771077181976,0.26616792101713665
0.023354457450002475,0.7427614452556606
0.03042677805975358,0.40620651604372415
0.03606750262106512,0.2138596133442724
0.018222928124814297,0.9403547209326998
0.02786668145144966,0.5244247414132531
0.020743142653186886,0.8579160542626727
0.02515172896020923,0.655333185379081
0.022829222394199378,0.7674986583924581
0.02590434301450062,0.6183612991554511
0.029755817337741464,0.43526945471864464
0.034079221143579086,0.27146030199445875
0.02450912456359694,0.6868844344845927
0.03089476270779623,0.38674130765386416
0.015067717761977462,0.9904512880929861
0.0315997010317669,0.3586617308746875
0.031455677837459395,0.364277890610998
0.037930270374611774,0.1689606579256195
0.03065947851157208,0.39644510326258126
0.026625821017946,0.5831886016806316
0.02480421012055556,0.6724135930995561
0.02275806426472604,0.7708044797293431
0.01610153999215469,0.9802210523055477
0.028951087596587877,0.47192747632075516
0.019728059986381635,0.8953591516980051
0.022971110533617223,0.7608724036759971
0.02152747311779407,0.8257268660425826
0.03519228881931413,0.23792627699519506
0.02170993004087096,0.8178910224584519
0.03322130721428107,0.29963553566428075
0.022476238402955095,0.7837749712018203
0.035398140702025405,0.23208722439321866
0.017341800653507156,0.9602526604190759
0.028678930326653473,0.4847693815947915
0.02826795987658276,0.504585498389939
0.03738404561571115,0.18127076096690256
0.02270417950685022,0.7732998120088135
0.018688789173761045,0.9278781413923295
0.03394431656965169,0.27575429841968585
0.021623373027444062,0.8216233814608758
0.030847679966353625,0.3886697976667713
0.01613172717376321,0.9798404608847237
0.02338740279835183,0.7411921145888376
0.023858352740254718,0.7185726873461391
0.027992306043445603,0.5181619133920528
0.022234246408511793,0.7947425370147797
0.01932131514090729,0.9088322946556374
0.016587388857764354,0.9734763015913137
0.04790163646294232,0.039142757062523285
0.03248240807513847,0.32558065890035737
0.035088049486993955,0.24092559957946832
0.03203814626592971,0.34194342357884705
0.023584596496070365,0.7317612285646228
0.03314599823558484,0.30220806485241875
0.023843876380470586,0.7192726106506501
0.03405409975894422,0.272256092930314
0.03212486971126283,0.33870381778463693
0.02615565423640026,0.6060656099740134
0.03482535034971368,0.24861233768501795
0.020903421663755348,0.8515495517505487
0.028655762901950987,0.48587290169944586
0.026253102053412802,0.601309110594499
0.030148733299760755,0.4180846716968836
0.02361283459305996,0.7304057224458285
0.02809195224600447,0.5132278342135694
0.03760201833248977,0.1762758113474343
0.022441293535509388,0.7853688434404738
0.04099204904951237,0.11179332930144409
0.022242984245317676,0.7943494395929923
0.018933575526199842,0.9207901061024014
0.034859712410825416,0.24759641311822275
0.025843566409941565,0.6213402332366786
0.015961832160968872,0.9819182299537028
0.02937217538430903,0.4525005045515958
0.022795407512585464,0.7690710907407398
0.0295263278764884,0.44552315806193205
0.02917036864384745,0.4617437950893409
0.027824975489175174,0.5265143708863855
0.03551372857272428,0.2288571120534797
0.02404411874873169,0.7095689941433883
0.02399112620602739,0.7121414280539218
0.01819452677884742,0.9410718543840024
0.023844092538184203,0.7192621614807901
0.027565290921697294,0.5396423420008793
0.02253551872203352,0.7810636424868111
0.05603416829447805,0.009239372594636962
0.031583702658539214,0.35928253756929857
0.0351578543142399,0.23891390030918244
0.02914901600280806,0.46272903090892353
0.02795859148829638,0.5198380630987748
0.020425955271507257,0.8701666641162201
0.026997433473624266,0.5652604387994233
0.02305304544324105,0.7570260337995214
0.02248321938893505,0.7834561657747767
0.04062990901946362,0.11758568949751275
0.03698071189457358,0.19080816250139962
0.02399504296945154,0.7119514002253635
0.03182541408122497,0.3499840508927295
0.02582632221075709,0.622185776755771
0.016285051639082226,0.9778298716208977
0.01789722046155806,0.9482761775165266
0.024906705269785112,0.6673788565568823
0.023099201268115488,0.7548531326472154
0.019014007655697718,0.9183825037820711
0.023519380453553285,0.7348871226621292
0.04398268155652518,0.07241421846627562
0.015365472848972661,0.988032414665663
0.029821920525492374,0.432345575544258
0.019382179854048442,0.9068756940377724
0.0361172349875592,0.2125509652676823
0.04119229876275632,0.10869294968864451
0.026568695755541327,0.5859576336029999
0.03000093033289919,0.424494146044009
0.021836268479234006,0.812395992896827
0.034980342202470815,0.2440549454318596
0.026661772414772134,0.5814476020817916
0.02259330447802399,0.778411786104499
0.028006504576818414,0.5174570398103499
0.017045511736569874,0.9658576508538741
0.03610000782063416,0.2130035717340028
0.021334244262652513,0.833889844402584
0.02221434747221218,0.7956369061115178
0.035115285142862995,0.24013916417219666
0.030479045407290628,0.40399974536019806
0.018975308114349942,0.9195457258069308
0.02494743721517112,0.6653772004535704
0.026383611084571212,0.5949503344708618
0.04625683149524673,0.05099807811763897
0.025179653845068456,0.653959899223818
0.04124714500924209,0.10785632034547052
0.030792636473506385,0.39093281335249397
0.019008546864824005,0.9185471830053021
0.03319512473433034,0.3005280854734955
0.04175714366893968,0.10032938400141661
0.021767043905013717,0.815413729882572
0.026855121037620666,0.5721078522623595
0.02492765173750705,0.6663495535848974
0.0384496002670176,0.15788396079427405
0.0325207306371218,0.3241962139983178
0.019273735900713573,0.9103469596880165
0.02538608217879801,0.6438084430554583
0.033084381328743584,0.30432492693065444
0.015772313355567266,0.9840553513480252
0.03243422873909674,0.32732726056771294
0.02094929777250637,0.8497063536860218
0.029392811067860125,0.4515622986734095
0.02897037286805315,0.47102599909982096
0.04226752359980268,0.09323992397392539
0.03191189111903914,0.3466993652952834
0.03922771104720463,0.14238692988555365
0.02601129250838441,0.613123996041746
0.022115166113719442,0.8000769130313798
0.02490190256138758,0.667614843886854
0.034564820871449575,0.2564182746292112
0.028723802714363228,0.48263661818511466
0.0289008322322567,0.4742819240220123
0.034509395685439315,0.2581025794565287
0.025774349678174713,0.624734992149512
0.027580188708747233,0.5388837758900439
0.032928913873721766,0.3097143925786013
0.030650675428151364,0.39681140443624807
0.04664999366728523,0.047912924204728896
0.04752832128834816,0.04159889376776444
0.04531652050782298,0.05908026243472369
0.03366955437743291,0.28465659853977976
0.03185721996955182,0.34877338711532546
0.027899300638033253,0.5227940194689201
0.028830955061669272,0.4775683596431494
0.019012217234883,0.9184365164263856
0.021594324902682205,0.8228698922190799
0.03569967455891987,0.22373354297360548
0.028688532442171844,0.48431248546613953
0.023443815084602693,0.7385006428600621
0.029959655720673772,0.42629584514923596
0.017631511983721038,0.9542462465583169
0.01661767081347293,0.973011180193779
0.032025165770525776,0.3424302222800739
0.02013682549294038,0.8809084747204695
0.027958372387797525,0.5198489670166911
0.035085286809131255,0.24100548222711946
0.024312461460059664,0.6965001033410789
0.028449626072457324,0.49576310055724093
0.02946951924609445,0.4480860746523935
0.030088679838177645,0.42068090599500774
0.029246903557669013,0.4582237467729525
0.025127126251280885,0.6565430550086111
0.028273821193314674,0.5042992986614578
0.041852674095994025,0.09896927464777633
0.035477125161731404,0.22987623479903146
0.017616717617217725,0.9545656591677122
0.04653993946152907,0.048759799131188816
0.03792020588552192,0.1691812925429805
0.027608913111051958,0.5374230486622967
0.03693016721280462,0.19203071510812683
0.031845636530844046,0.349213954327325
0.030851950973006304,0.38849458396527936
0.03371965102294616,0.2830177329736487
0.031883063264619094,0.3477918870102588
0.038303723751654584,0.16093479206892314
0.03659313256269303,0.20034089947603204
0.029259652456740115,0.45763911682101044
0.052450956181177455,0.017946513441209618
0.018924336168477135,0.921064196985319
0.029387087283342717,0.4518224022865042
0.0405337525374892,0.11916454706339977
0.02869338943064037,0.4840814822422679
0.028283475018573978,0.5038281415853308
0.031506509719824355,0.3622886592307357
0.018452918730906376,0.934362665932146
0.019921554583217427,0.8886292097677572
0.042289476233654755,0.09294463875586809
0.027386976957822773,0.5466488715625581
0.031017155044825107,0.3817593403357828
0.02534773411658825,0.6456940689678474
0.021678925994741027,0.8192310015638979
0.024190829689157867,0.7024320989067878
0.018472775570436285,0.9338299544281191
0.02880352105109707,0.4788626667708411
0.051512450295953194,0.021201006777411116
0.028762079977855348,0.4808221316218987
0.03428610762209661,0.26497277425236143
0.025152581188727624,0.6552912752175901
0.01603525920844706,0.9810393280152869
0.024992537800738512,0.663160411255826
0.04008613071489897,0.1267454434112009
0.02746278932261037,0.5448793949578747
0.03465311124948306,0.25375242551457733
0.024384350939737676,0.6929883553901215
0.04005174457664362,0.1273437780627512
0.01806634036353777,0.9442458930132493
0.023215750378476563,0.7493473776278305
0.022247038566487354,0.7941669675191041
0.017793744043408277,0.9506537332735161
0.041346235130868325,0.10635832095305477
0.04342471370154488,0.07870714390244757
0.022288112998700427,0.7923156241288554
0.0247682513105959,0.6741791110059132
0.024261880773509936,0.6989684680276336
0.036604188648434455,0.20006389791807375
0.025852714024388712,0.6208917509788778
0.024479715706706595,0.6883240506833974
0.05855394948494985,0.005642609574241307
0.03518409678176687,0.23816095098247364
0.026378792377500404,0.5951848673749539
0.027198154124667917,0.5556451869334161
0.033504200111890814,0.2901160754104387
0.04008417216708393,0.12677946113190072
0.02888310045295084,0.47511447805243745
0.032774398938152705,0.31513971242096245
0.03137750076133017,0.3673522682784378
0.039057104445961444,0.1456747903538099
0.028879159468867988,0.47529964704137295
0.026074180051836787,0.6100475345432183
0.02057163220638758,0.8645991006626943
0.03407711056470766,0.2715270934014127
0.03462771677440252,0.25451702887264227
0.02199493650281159,0.8054183631261744
0.034290740380779505,0.26482884765034204
0.027446307912582568,0.5457243793356449
0.027528961902690052,0.5414949098131957
0.0296549659749753,0.439755859622212
0.025276999540777,0.6491725282355236
0.02618316499868889,0.6047220912014535
0.02511972372970739,0.6569070743494345
0.0297154534387426,0.4370613514819617
0.020827027020133282,0.8545983708233511
0.02829322106862786,0.5033527680561909
0.03385111543588626,0.2787504000004811
0.02116676149887231,0.8408465447146825
0.02352787061232653,0.734480552531706
0.016905729572814054,0.9683156135687806
0.035022816858104044,0.24281719993230824
0.04530199821933345,0.059213244252348855
0.023609870688416135,0.7305480540619065
0.021857760857096564,0.8114557420758133
0.03543736953976662,0.2309870705246957
0.057092397193264977,0.00753091246983929
0.03441153176033232,0.2610969378013886
0.017902581749959068,0.948151163468648
0.020564294459400112,0.8648819598054805
0.027524307883275867,0.5417325209304209
0.024182735589543813,0.7028263863983065
0.03977665285031706,0.13221414339993298
0.02805370401967533,0.5151182101282468
0.02180130497254118,0.8139222269625794
0.024066431287357082,0.7084849721891318
0.026092098909606176,0.609171399894094
0.0343697182658953,0.26238427219584354
0.02751197435004027,0.5423625209598371
0.039878485808836905,0.1303938153794065
0.02861402717685607,0.4878649688324926
0.027880181015722316,0.5237494753864949
0.03929472388608635,0.14111205100293064
0.014284788789757086,0.9950972647151486
0.034428076376702504,0.2605888872652618
0.046393743720911984,0.04990479308205542
0.02303213085159539,0.7580091960747075
0.02976284187710687,0.4349581154691572
0.02810144568603712,0.5127593117534884
0.0233225773166138,0.7442782254161371
0.038198790557271656,0.16315841995811642
0.027653068431835903,0.5351823978372198
0.021558013939472265,0.8244237234264875
0.044140790232582106,0.07071067638408594
0.022280282123423367,0.7926689637101572
0.04238465950914433,0.09167336525276858
0.036117746355124325,0.2125375416188596
0.03294022847632039,0.30931981684442234
0.028642656260493338,0.4864979211922443
0.053982900322509186,0.013584217560022236
0.0321907944207539,0.3362559513363484
0.03476679799735016,0.25035074931642726
0.03366019723296032,0.2849634892415155
0.03822499722848194,0.16260078655524254
0.02922802292909421,0.45909046706721546
0.022006975436433374,0.8048855731350897
0.03563032185385995,0.22563404657972022
0.02350562744713347,0.7355454737771072
0.018522871398453877,0.9324751943618647
0.04475230096193597,0.06443910643273075
0.037766024515940466,0.1725900672534533
0.0177715710283588,0.951154466242924
0.027512209930865672,0.5423504832000499
0.03684861859311217,0.19401615455782928
0.02389136175228901,0.7169757543613771
0.02981717204915313,0.4325551684537017
0.035388760915195494,0.23235087093217996
0.024053060520417113,0.7091346339334503
0.023221254630992727,0.7490867077467542
0.030937783281507425,0.384985030031052
0.027305780077815145,0.5505113723294116
0.02676755147883035,0.5763328897967013
0.026203262630524637,0.6037409427990592
0.021028953215997015,0.8464843315630057
0.01976812631460012,0.8939822195054584
0.020752874329087678,0.8575327906375471
0.022044677354064957,0.8032140560851468
0.02387050373153443,0.7179849934798475
0.019820154614999863,0.8921811818774061
0.014744306754729597,0.9926509030076816
0.035651047248849044,0.22506480019290764
0.021346358251204872,0.8333823254593196
0.018104175112884646,0.9433197448610955
0.029845801389659588,0.43129253546242324
0.036003711982783515,0.21554733288189915
0.025708906478493887,0.627946558514521
0.028981201592009564,0.4705203116427344
0.0262355357666868,0.6021660163503402
0.028352512377346095,0.500466937563015
0.025930854242500856,0.617062458191334
0.034970865937372975,0.24433174633184065
0.0368430244529836,0.19415294222243942
0.03176741445714837,0.3521994638972778
0.04259647232708674,0.08889658399120146
0.027335932925384054,0.549075928334267
0.03246031673423366,0.32638067636946655
0.0263981099000562,0.5942447770796044
0.022540510333240338,0.7808349146232313
0.022040084222295503,0.8034179346510351
0.060515412431882826,0.0037866295879083727
0.026648157916566606,0.5821067498778759
0.02752196256987316,0.541852285359533
0.036704802368895284,0.1975568569460837
0.03880361722011988,0.15067302870616853
0.03319861760371812,0.3004089020258968
0.029368204593454184,0.45268118567831994
0.02678274702551875,0.5755991277962507
0.024531893686720374,0.6857694754018304
0.01599803506439501,0.981488494185705
0.03009213019225243,0.42053144428287825
0.014989723262731625,0.9910209313767987
0.029373284228903535,0.4524500578362312
0.0413295096864158,0.1066099513296222
0.025114186479194722,0.6571793657722182
0.028976942501896752,0.4707191632686841
0.028376709018598678,0.4992922800894499
0.020005513213209425,0.8856468290808355
0.03578977942769884,0.2212828348885174
0.042714492323663644,0.08738024723537771
0.020578090180009723,0.8643499451682386
0.016501944391351095,0.9747599029351502
0.03682460028967302,0.19460398463388418
0.01755179702191234,0.9559511276666155
0.04572926073881056,0.05540644910574857
0.030815863355426076,0.38997676916907487
0.01810257947299021,0.9433589849826252
0.020736401097191354,0.8581813050292353
0.01962301060801308,0.8989275080966408
0.022366614598708923,0.7887637977819132
0.03429365409017815,0.2647383571476642
0.02182700126007303,0.8128009332829442
0.04730620518501252,0.043123051090683914
0.034459823683563706,0.25961608326270263
0.02070227344049344,0.8595208943222294
0.026380664564444323,0.595093743198386
0.032547167001222566,0.32324366205467053
0.02833110343581713,0.5015077335229818
0.027579031473116522,0.5389426764227544
0.024168832671417895,0.7035034968832768
0.017515484601340427,0.9567145894131692
0.0498703784377047,0.02817424057700632
0.04508346104279776,0.06124561880576769
0.026619251106724667,0.5835069003888909
0.03230759391993099,0.33195033994135376
0.02114895502697245,0.8415794682097
0.023787097221052808,0.722015283069901
0.020237446666093506,0.8772176781760636
0.0277591873116515,0.5298211768423288
0.0300687766651333,0.4215437716325814
0.030380557453862478,0.40816486733569945
0.029096182049212715,0.46517279462918154
0.026752850771240733,0.5770429965325315
0.025627864568763425,0.6319258348917114
0.020324756638679053,0.873973791602426
0.02823602269580261,0.5061467618254766
0.03043481761200395,0.40586654225438157
0.028546735685937574,0.4910879099871532
0.020668399133319804,0.8608452505207103
0.024946815715244375,0.665407745358831
0.01999671591164892,0.8859610683565323
0.026827325776482225,0.5734479825539922
0.03559495570861304,0.22660797900486426
0.019389172387743292,0.9066495472974972
0.021407912187938805,0.8307946498043746
0.04550695079350986,0.05736004648566294
0.042004747909274165,0.09683585620488422
0.036915775576769144,0.1923799380899568
0.02174642680250094,0.8163093045244274
0.037835224513146026,0.17105343324847808
0.044871224214309446,0.06327628866589224
0.044735701199846045,0.0646028599784305
0.03984013190292979,0.1310769982210387
0.04581639043062269,0.05465654239028574
0.02693935848980067,0.568051837606029
0.02127670040082419,0.8362927382624635
0.026935158773981727,0.5682538557614139
0.0315392036647284,0.3610132956457878
0.01878657753274582,0.9250900368755929
0.017969968959173716,0.9465644723272517
0.018487260457755283,0.9334398243336552
0.02239041992105817,0.7876832722565474
0.03030586670260571,0.41134314297024566
0.02253325288951652,0.7811674469021646
0.0278356186898866,0.5259806113698801
0.03024568719744336,0.41391620660466466
0.04589789979897951,0.05396293583019607
0.019844971446063953,0.8913169590876786
0.015302401815922129,0.9885780737523017
0.02108804940822806,0.8440764308307558
0.021177364705300183,0.8404094912067986
0.03754290373448954,0.17761952758229912
0.022078613372332856,0.8017056526825725
0.0528105612898786,0.016822943032210387
0.027156000743210673,0.5576601752729862
0.01919729402950343,0.9127529794987654
0.033067401443637956,0.3049101836171201
0.026529946316576236,0.5878377399292728
0.04856004227109334,0.0351183373727252
0.03417350325993118,0.2684891952712287
0.037565091067866596,0.17711424446329774
0.03462884504789332,0.2544830206419548
0.028290442001604466,0.5034882907378537
0.030316161886479676,0.4109040548633973
0.025616030199083706,0.6325071032449472
0.04727514822471879,0.04333998663886263
0.028080578417354285,0.5137895143069123
0.024235063624369516,0.7002762850815061
0.02040345685210815,0.87101740005245
0.01733227222042444,0.9604413385477591
0.03035598022467667,0.4092088265250547
0.03131448040990681,0.3698438729863222
0.03972002067705105,0.13323541589637183
0.04138522114791643,0.105773697402193
0.024427172856073376,0.6908947084169395
0.024775927557579958,0.673802260781879
0.03194136265437966,0.34558498640583785
0.033061497439148435,0.30511387419944436
0.03134024888956943,0.36882364393515915
0.02538570019576658,0.6438272248179828
0.02599684123004281,0.6138312933191932
0.031175143115066528,0.37539492313533834
0.02044992642326038,0.8692575325947022
0.027532088889511863,0.5413352975269157
0.03783422972477524,0.1710754457635846
0.031231333641769332,0.3731493639077381
0.04418583841027257,0.07023158688145534
0.02182637467852022,0.8128283018516075
0.030663926145014175,0.3962601236287228
0.04270457795416793,0.0875067868609488
0.022661307435639988,0.7752801024059914
0.033082683262378676,0.3043834181375623
0.02864970064057637,0.48616192963548377
0.021597105992857468,0.822750683435257
0.030085128650968906,0.42083477324243695
0.02455617269486643,0.6845802379914587
0.05017543496565122,0.026743105228984824
0.033107251550571815,0.30353794844914866
0.04326728891048831,0.08056409462264556
0.03343158155602993,0.2925380783260211
0.03647153985884821,0.20340714356451703
0.037336671274612154,0.18237105016635807
0.026531316095058544,0.5877712544820373
0.022339629829587662,0.7899867116142272
0.021632518725675065,0.8212302876513009
0.032217503316279594,0.3352678479425696
0.01729570724954624,0.9611601632792999
0.023271107940786573,0.7467231716105969
0.020227646080584805,0.8775794208081601
0.015711697772750055,0.984699760629557
0.019402046252948724,0.9062324607801132
0.042332572553377856,0.09236722552029872
0.03753247016906791,0.17785753131757862
0.037614087022446285,0.1760024761395077
0.027392117179559916,0.5464046686984108
0.034449678034702114,0.2599266686871542
0.019675492216536472,0.8971523916283969
0.023018378643426984,0.7586551681165419
0.025081787272108858,0.6587725186045941
0.04364226981703634,0.07620054335263846
0.035378889308227524,0.2326285897333806
0.020608397498972364,0.8631780344302546
0.03131857711094033,0.3696815432466923
0.026080132307058662,0.6097564786132028
0.032022037566220796,0.34254761141701384
0.021813379127721633,0.8133956352140781
0.025415207609052914,0.6423764303363868
0.03668347130599914,0.19808630618850057
0.029479423976405517,0.44763851862488524
0.029601452037026688,0.4421489775570536
0.028288621808844505,0.5035770660083847
0.025506966317891733,0.6378658535537679
0.014864731424545141,0.9918812126958052
0.029481303233004186,0.4475536359720221
0.01867901375398795,0.9281536561985629
0.03266919394828427,0.31887311630504733
0.03226087253311294,0.33366784663572363
0.03682430282498217,0.19461127361805197
0.03498947603052871,0.24378837334005574
0.02478560307346428,0.6733272284083016
0.02366327248927136,0.7279816310810161
0.023482695918516372,0.7366425247486035
0.02685181785472457,0.5722670671246132
0.023217483481529966,0.7492653076834992
0.02607064161381345,0.6102205693812498
0.042922201908274005,0.08476434082242272
0.0418388445714416,0.09916521528600944
0.02483136444886036,0.6710800526849058
0.02493197889993215,0.6661369042285844
0.020451481591783005,0.8691984550008771
0.017113598584764633,0.9646173471426335
0.03012298639041011,0.41919642551947783
0.01846108383148104,0.9341439105699003
0.022120018616298476,0.7998603809696466
0.029494918770232026,0.4469389666858724
0.030232512570579573,0.4144809696311681
0.031755395738369274,0.3526597892704047
0.020749632258106,0.8576605212818109
0.05116214041790712,0.022544338693264006
0.03024596527554768,0.41390429175929133
0.02668315280280098,0.5804128520023516
0.014907245030600036,0.9915957509657355
0.0412520231480763,0.10778216788924515
0.03347631194275702,0.2910444498495863
0.030304373143858754,0.4114068696692865
0.028231674073069812,0.5063595835943863
0.026126155818119834,0.6075067842566338
0.021812520961655646,0.8134330789959661
0.021051641160759194,0.8455616483837485
0.023230491637084183,0.74864913382435
0.020805622360436593,0.8554479498942967
0.039947340758183625,0.1291746275425542
0.02024139514334966,0.8770718019229101
0.02121265878002143,0.8389513884281742
0.024538435488430044,0.685449078301954
0.04854877947771741,0.0351840105433025
0.02299144652964108,0.7599190738376095
0.037067525053702755,0.18872266885983072
0.031161277439968105,0.37595049547808945
0.03342499021127966,0.29275865371900184
0.042418083712664756,0.0912304188093333
0.03629947110562226,0.2078087447290421
0.04444989819772022,0.06747847975748153
0.041192891920102226,0.10868387295091796
0.026614514393544897,0.5837364111934431
0.019514455421785537,0.9025506189625456
0.04677428380866577,0.046971843156010704
0.040905512935955346,0.1131555666171927
0.02039268759641011,0.8714237455926447
0.017116861973023506,0.9645571878569138
0.028297906474555212,0.5031243343954215
0.045421156886122915,0.058129650436938775
0.03439314936611043,0.26166229841200556
0.035747159561169695,0.22243942951999285
0.034805895923482544,0.2491889164603498
0.03399143559675888,0.27424877194458924
0.017174042549021995,0.9634924912788008
0.028793218404446874,0.4793493229924732
0.02923473231855489,0.45878234688654823
0.019295408518869683,0.9096586423873435
0.02477313751487603,0.6739392350540393
0.018533171200296628,0.9321947369257158
0.033572266903539094,0.28785940236102175
0.017139457643486455,0.9641388556352372
0.018346958833049598,0.9371640814115898
0.05079206489138377,0.024045093922456347
0.03348881339688892,0.2906280149682081
0.03510342739611538,0.24048131778381512
0.028104565848810825,0.5126053838376194
0.03252391378742525,0.32408141144729
0.023653209768768724,0.7284655503029487
0.027938596769779056,0.5208337272443704
0.03629050320390537,0.2080401666555202
0.05127552694167403,0.022101483393272905
0.04377886286874763,0.07466157197300494
0.025356357103145974,0.6452700509277283
0.025096118723360428,0.6580678178487336
0.0209308237363528,0.8504497030258765
0.02922126298069605,0.4594010472096991
0.03364942817171068,0.2853169915233124
0.0216757288248723,0.8193689872938839
0.03616358785336293,0.21133685331119959
0.04541748698993642,0.05816276757004585
0.03317696543072329,0.30114827680616374
0.05042068743131467,0.02563952477886894
0.02685350221225169,0.5721858787989562
0.026588542426716752,0.5849952421757874
0.023524243570820946,0.7346542553866084
0.03469897501555874,0.2523759229927665
0.028007393142738923,0.5174129478378277
0.029764226335393412,0.43489677163923784
0.046186242113774756,0.051569792829386785
0.030929370326440053,0.38532804406562937
0.018982053782645447,0.9193436078300383
0.03064788359936571,0.3969276227860367
0.026218794093145315,0.6029829123703765
0.034136119385765995,0.26966433683360463
0.018832799994829563,0.9237519855921201
0.024425828059990717,0.6909604778986222
0.02200007283583122,0.805191108674525
0.04748645437371751,0.041882543794187606
0.02309878053551817,0.7548729592776581
0.022142984140065325,0.798834613744835
0.04577764310864019,0.05498894660325562
0.033567140671787565,0.2880289016987538
0.023407317905870112,0.740242564746372
0.025670440667863503,0.6298350014995503
0.030723040148882497,0.39380720168201777
0.020891465066452397,0.8520284274568068
0.04096710121514169,0.11218465645234753
0.028844179451999574,0.47694526100503665
0.02301617343566542,0.7587587146958934
0.028140237091640263,0.5108476816482228
0.035450704918529224,0.2306139999973362
0.0313637033095048,0.36789675741904243
0.029093917703449268,0.46527771806750584
0.029222411704850182,0.4593482602680445
0.02933479147520912,0.4542034631135152
0.02173542882294799,0.8167864332650273
0.03716286493880719,0.1864530788260418
0.02443544729654784,0.6904900055907004
0.04567922349295783,0.05584109787712025
0.027752038882441737,0.5301812669633288
0.036124428053399604,0.21236220428073754
0.02986704599114154,0.4303571967763684
0.019575671772332104,0.9005155720512177
0.01794834914233212,0.9470766303005587
0.03115559607972762,0.3761783035437197
0.024318757879836284,0.6961926885313958
0.028983633119472385,0.4704068112961062
0.02132406784385782,0.8343157419004953
0.01682156474299848,0.969738694880592
0.027993001439346687,0.5181273770067775
0.037459722469147194,0.17952404252503873
0.03624264712029096,0.20927851598901143
0.026831156935078107,0.5732632138110109
0.022667923826467762,0.774974783221299
0.04059774817094747,0.11811183195647211
0.05095114896405334,0.02338943546882789
0.02139703545060362,0.8312529690281818
0.02097370783652952,0.8487218821207191
0.025488121217616344,0.6387920870894361
0.018877540722143205,0.9224445508102952
0.023183089926284595,0.7508929203328858
0.023712102402687354,0.7256313412220721
0.015894743939723788,0.982696212605639
0.021402402537239518,0.8310268701928407
0.01807150546691194,0.9441199853963337
0.02287487705519542,0.7653714829800746
0.0232281885414245,0.7487582507429418
0.0362919104533822,0.20800383849087586
0.05150453279983347,0.021230563503109798
0.03632687523230993,0.2071028078735433
0.05524711409714039,0.010730176182146356
0.04266145448192482,0.0880589750013582
0.025363496342766134,0.6449189990445034
0.0197154096280531,0.8957920771191492
0.03264034132342736,0.31990260809188764
0.018560863003067807,0.9314374702565841
0.03748890378683889,0.17885407390759298
0.025540017098242385,0.6362416080580797
0.032485697800520685,0.3254616461583529
0.039207425749518854,0.14277468108664623
0.03609070101498624,0.2132483990702275
0.04442667659771804,0.06771684433583182
0.026086853483802352,0.6094278511247693
0.050838772916706576,0.023850918925556387
0.027619654214897094,0.536877459884908
0.021467867907645266,0.8282601075380616
0.02458628771005461,0.6831046689015334
0.04494624599331587,0.06255200134302533
0.025278023578120257,0.6491221677887384
0.02125594879776682,0.8371560381556797
0.040436526020332764,0.12077866221875071
0.02145132521324189,0.8289607982283252
0.01496397037477637,0.9912034219057537
0.046072763255188165,0.052500471134528104
0.03337497494744335,0.2944363936234775
0.046895913958426516,0.04606645144220918
0.028268833245598257,0.5045428464716042
0.01664385524816893,0.9726046653669652
0.021086218477545937,0.8441512540695012
0.047229344741723855,0.04366165909681809
0.02610461805619474,0.6085594060579395
0.03350403789321821,0.29012146918724585
0.019451793270947662,0.9046118860331078
0.026398805957324467,0.5942109092994714
0.027532226796589176,0.5413282589385527
0.02707461820692464,0.5615569277594483
0.043979089416545825,0.072453323381456
0.04384814585308994,0.07389109670177041
0.033935032829513156,0.27605165554655187
0.027654540557412677,0.5351077951749332
0.04281840307324686,0.08606323244632402
0.04344141997473017,0.07851222050740478
0.02192186471449198,0.8086421194152352
0.031108841248876,0.3780567258517395
0.03693247563210378,0.1919747461461734
0.0534006474851601,0.015115155206509322
0.018141480631393536,0.9423977884661306
0.02569989298310016,0.6283890191044949
0.025855259139121067,0.6207669782090539
0.02703986941552139,0.5632233404458392
0.02024412185782931,0.8769710178213936
0.02963015259575641,0.44086442159989375
0.011962271126073731,0.9997171559355785
0.03247806867151437,0.3257376941761503
0.022799082931624026,0.7689003084758588
0.03003133171972827,0.4231703823166523
0.027842732319906416,0.5256240495852162
0.033589262618201055,0.2872979668326795
0.03203768939072643,0.3419605490333159
0.03176377717010592,0.35233872938568916
0.03256402517203488,0.3226372916064382
0.03365435791873983,0.28515512856557557
0.037116203959517646,0.18756114985096814
0.024738184779084738,0.6756549440897894
0.027060617225277195,0.5622281759885752
0.04065789470265252,0.11712942322200084
0.0364512424212875,0.20392254244169236
0.0349771574950547,0.24414794379086235
0.025744020572353588,0.6262231515096364
0.038763274843858775,0.15148110676015955
0.03317262282432587,0.3012967284571634
0.02481809376786298,0.6717318033716391
0.030028089410652242,0.42331142831851654
0.034139987154493456,0.26954257696396966
0.03270904775109845,0.3174550580085148
0.022077639544165473,0.8017489882244077
0.02225919834381912,0.7936194049722941
0.023938110951470803,0.7147118463709068
0.019172625658986586,0.9135221534145006
0.019571864324083754,0.9006427569608466
0.03986411710298274,0.1306494179818298
0.021920720316920272,0.80869246858648
0.05458216196062249,0.012155622214075042
0.03747288076491195,0.17922169780440655
0.03076674730246698,0.3920003544725531
0.024552034721739557,0.6847829491364658
0.026139911306685137,0.6068346719081822
0.024710914845283205,0.6769931809201104
0.02637016837078865,0.5956046583225136
0.030840052579249044,0.38898283998334604
0.025353902565061537,0.64539074713468
0.022426630996215446,0.7860366274328863
0.02381248640246969,0.7207893902129128
0.030493980613170213,0.4033706848068352
0.039433143028794415,0.13850802720281807
0.03572255767507393,0.22310918379529035
0.02860677724959093,0.48821154817405976
0.025941248654624216,0.6165533168677438
0.033269580558517364,0.29799503786056236
0.024169536834287686,0.7034692065460222
0.024056661591425055,0.7089596826727746
0.03986240786827777,0.13067985049373548
0.028788905423592442,0.47955314652144754
0.03924692625113546,0.1420204210735747
0.027524395710035898,0.5417280363367578
0.031564401636810846,0.36003251434456357
0.033049615302818636,0.3055241154806583
0.02214095780156955,0.7989251862517122
0.04031306492702774,0.12285415854948274
0.030319003054969262,0.41078293589209924
0.023951013576189215,0.7140865640037047
0.018472754715724293,0.9338305151871645
0.03161224770664667,0.3581753974279494
0.06336847812891233,0.002070590676057375
0.03027090299395846,0.41283673399349896
0.029349652250505787,0.45352599866672305
0.018943005937569923,0.9205098207006752
0.04580458074511623,0.054757671164371136
0.021078972126330642,0.8444472469753239
0.032279619303305584,0.33297793623141014
0.03573802127552428,0.22268802597940435
0.035948997208376854,0.21700314262574402
0.032671491198381974,0.31879125173071005
0.02487768179164962,0.6688048653534608
0.020558449903439135,0.8651070765697274
0.028006297012943437,0.5174673397819114
0.034343988379456514,0.2631788059557276
0.01643761307218733,0.975698471868971
0.031167256233370688,0.37571086550575633
0.019482092559726882,0.9036179632291753
0.02470858772641704,0.6771073664155101
0.02838699066330319,0.4987936784587486
0.03182207754335409,0.3501112267684146
0.032941155631631025,0.3092875003438671
0.04679422601001826,0.04682234864825818
0.0418680701492023,0.09875151868161068
0.03130256069949011,0.3703164707957378
0.028287742389396797,0.5036199610281648
0.05231762158749087,0.01837986069602313
0.03711398039049535,0.18761408289949225
0.017047512850529856,0.9658216012020179
0.02277477989679455,0.770028985727379
0.033549106999981815,0.28862577510825665
0.04542214529399413,0.058120733814595774
0.026902625630787713,0.5698194982200678
0.018884039492928217,0.9222536386674429
0.02934983663475149,0.45351759727302404
0.02742060570343166,0.545051919252062
0.03667005630070097,0.19841984339036933
0.033012703794009696,0.30680109906349856
0.02822064906322347,0.5068994029533644
0.02543807035040546,0.6412524249665899
0.03390076646329676,0.2771512779547022
0.026252641379527875,0.6013315798586352
0.020421618772358097,0.8703308325200475
0.024014448148889644,0.711009678882637
0.03272783610404961,0.31678813504261283
0.04298624049017696,0.08397125009263698
0.0269787980701629,0.5661557130611938
0.024065083293767886,0.7085504772335732
0.02225113505881937,0.793982548340417
0.021691679878099945,0.8186801981864572
0.027603722814273146,0.5376868100981816
0.027962591217186694,0.5196390348984626
0.01307414680145691,0.9986500183798225
0.0364700523516035,0.20344488023112098
0.01782033787666415,0.9500491006749112
0.025878678273604572,0.6196190178947334
0.02766594117896015,0.5345302663239101
0.02609124780752209,0.6092130094385741
0.04469920127581989,0.06496417528108625
0.03900065901076466,0.14677600908652733
0.029005351653835332,0.4693938148460785
0.045220547827590774,0.05996386002970859
0.037262952199629384,0.18409370585515392
0.02142001657491091,0.8302840639134719
0.048164889501020436,0.0374877408150742
0.015994544462703264,0.9815302328812224
0.020917637471241424,0.8509793757821911
0.05005093034648578,0.02731925442753479
0.030148126023370803,0.4181108708242186
0.03770326822156744,0.1739930933931702
0.03377515978835316,0.2812100262560294
0.029104414287808245,0.4647914667626076
0.025876430046657073,0.6197292097861092
0.01540743692494373,0.9876591385117097
0.021447754683732778,0.8291118966952493
0.048404763031543285,0.036033299676374336
0.01726369778754222,0.9617826421480131
0.02565202977372072,0.6307390522846745
0.03293434218722152,0.30952504429505584
0.028058935309490884,0.5148594002996906
0.033411570832978854,0.29320810525364843
0.02132756455523288,0.8341694456364653
0.025072967787475003,0.6592061749650928
0.04155881458624716,0.10320281544937156
0.033021041777231086,0.3065122982040485
0.05618135656891887,0.008982380891456468
0.02039829627951817,0.8712121894937515
0.030215901687864144,0.41519378512772015
0.029451888678361904,0.44888346770675364
0.052871468429340596,0.016639004709289258
0.030922876434672453,0.38559295928024895
0.02933432070430031,0.45422493529654845
0.027870983317897613,0.5242094972028563
0.024224736193993568,0.7007797656926361
0.03845750103193174,0.15772006046920484
0.02048299578998125,0.8679987814750413
0.023801849893993587,0.7213030658685662
0.03198718678064094,0.34385737372214575
0.024925393930239514,0.6664605069519676
0.0376058380372688,0.17618926512974134
0.01884063855597179,0.9235237948096149
0.015952483352811186,0.9820280693178611
0.019429323363339135,0.9053456161881716
0.02842381484824516,0.4970105284909589
0.031261917315929755,0.3719311098150419
0.029478325096133795,0.44768815804346157
0.036620229049188824,0.19966255127033253
0.030583787333464785,0.3996022905524127
0.02313539583842783,0.7531461674763928
0.03568328838974322,0.22418146251534615
0.024929932700997193,0.6662374609788557
0.02980291582089578,0.4331848347885638
0.04357072599675704,0.07701727945008556
0.03603052604551171,0.21483665482504594
0.043179380447935733,0.08161704334632189
0.04037542642987102,0.12180217415505715
0.018527210229699054,0.9323571301741984
0.042094080791152844,0.09560061408834179
0.026376805883245202,0.5952815584287698
0.029569353409659604,0.4435885827288871
0.025165236824083365,0.6546689023606468
0.04986289885767253,0.028210163261871736
0.030830232990388007,0.38938611213166274
0.02036174956802539,0.8725879389249924
0.02702045720976909,0.5641549293217067
0.026039750136458095,0.611731544520356
0.04029391707079957,0.1231786583523703
0.029130925946089653,0.463564809250936
0.027775480608296654,0.5290009993607196
0.023199373783157562,0.7501225984218752
0.04544669536119417,0.057899639297082854
0.02587053982727283,0.6200179178974816
0.01768934138080469,0.9529845613077097
0.018468225439038644,0.9339522385866881
0.02794014966063027,0.5207563560534333
0.021022333555617556,0.8467531301965101
0.01996915573596858,0.8869428847267842
0.04268336837710651,0.08777800704481857
0.029267083765931345,0.4572985646113034
0.040214177653647376,0.12453757669956798
0.03277236631514402,0.3152115407524319
0.027585616220453746,0.5386075816266678
0.026013154307961917,0.6130328819321376
0.04612677850529112,0.052055682612932586
0.024886201979143485,0.6683862681416954
0.03313423923861325,0.3026112096410491
0.03803221203752427,0.16673879480190235
0.0247727477774648,0.6739583685732062
0.02279837998535328,0.7689329740707509
0.037534032125349004,0.17782188489100828
0.022343564622139045,0.7898085203489523
0.04612015361168936,0.05211005978653276
0.023128860553225078,0.7534545702810858
0.026144488162902935,0.60661106905402
0.02307535690218282,0.7559762097295725
0.024257780556638048,0.6991684671804126
0.0358820824303166,0.21879390151287303
0.02704914898917196,0.562778180909926
0.04589318791576391,0.054002824269329064
0.03444758812177523,0.2599906813273107
0.022394632690874494,0.7874918895165567
0.032597816419533104,0.32142434308262013
0.03431473499604509,0.26408434466747743
0.022311746859344284,0.7912481577115685
0.022538523709921557,0.78092595440501
0.04099426900265485,0.11175856225036854
0.039532792812287276,0.13665763547445964
0.0209817797787486,0.8483957695947153
0.019477726684969943,0.9037614995621568
0.033978982615355924,0.2746460649995597
0.017626000193232683,0.9543654069628166
0.03271051913122708,0.317402792122456
0.019123235305481767,0.9150514605811673
0.028167293108251945,0.5095170444293958
0.04477613219349408,0.0642046358047409
0.03299072748061571,0.30756324340321917
0.026744192300247827,0.577461346970152
0.023821166158059848,0.7203701054430811
0.024283117422874256,0.697932365902814
0.023547600453125428,0.7335353084465024
0.03559598411143283,0.22657961264507054
0.03297174638418454,0.30822262863039834
0.035891816448573644,0.21853269328306654
0.03033665262774654,0.4100310818604974
0.05748094828622602,0.006979558518998164
0.016549762201574225,0.9740467792816457
0.02132028911894207,0.8344737828510997
0.036436544164549944,0.20429640130872387
0.05091504725452922,0.023536819387853652
0.028243543858943787,0.5057788100973453
0.02972641707907442,0.43657414756706864
0.031947703123191395,0.34534557547660477
0.025891594012984603,0.6189860308373596
0.03636796472327242,0.2060478364261938
0.03591195224094246,0.21799312398923906
0.03943119874594064,0.1385443319826441
0.022242924083456017,0.7943521469221502
0.020996159485626054,0.8478141236055826
0.026416885810311097,0.5933313516887251
0.05224780593341549,0.018610474533833233
0.02666262159479249,0.5814064951981428
0.037883393880370764,0.16999024600072496
0.03509406625576772,0.24075169507247562
0.014518224942284663,0.9939474641080162
0.027197125856303406,0.5556943114910204
0.017073905089651495,0.9653438654340201
0.03380187795636813,0.28034299093806797
0.027343879300375906,0.5486978489751309
0.02125176579900223,0.8373298482492322
0.02786421724092847,0.5245480633030135
0.04289390748421801,0.08511675818533233
0.015656660976529124,0.9852687825974349
0.0472966638680099,0.043189597320107354
0.0332946700076725,0.2971450295871673
0.02145845277863989,0.8286590270699545
0.017236780530509963,0.962301195680646
0.041368121786570566,0.10602978562166757
0.0568090926464801,0.007957600490283353
0.03055119958358299,0.4009668956552458
0.027422656681927893,0.5469383595402773
0.022693185226512425,0.7738080768843827
0.018669518657385586,0.9284207122398463
0.020527818119038588,0.8662842826287502
0.02776061685772757,0.5297491841566598
0.04352798700619909,0.07750870857790074
0.024626362040871153,0.6811403455329306
0.023474399905859422,0.7370391993137526
0.02211728695827997,0.7999822840257407
0.021214407049092887,0.838879030211096
0.019773315414055193,0.8938032498633359
0.026890832620027783,0.5703873380800892
0.03748896927688333,0.1788525725655397
0.018464637609703294,0.9340485708865744
0.014852540261055092,0.9919617326061445
0.02680551178994088,0.5745003391450412
0.036766086359215466,0.19604192307134322
0.036559411659826235,0.20118760401590516
0.043331007348802714,0.07980807663062592
0.021847366486938524,0.8119106710727434
0.028467866176549006,0.4948827884175099
0.031190012407313894,0.3747997774295898
0.02290860343150103,0.7637970494130981
0.02835189617414169,0.5004968749880345
0.030482803193468355,0.4038414065632175
0.031385635646751675,0.36703150737801227
0.049063384584753345,0.03229091144477582
0.03019160662164666,0.416237852979286
0.04212840972801046,0.09512944788609369
0.027569217518617406,0.5394423433503914
0.03847955868516145,0.15726320043398825
0.02184840880155614,0.8118650686848438
0.03609685897606729,0.21308638164349258
0.0215495322271112,0.824785975638434
0.02400743093293306,0.7113502676419099
0.02074481575450382,0.8578501929901234
0.025128990494047904,0.656451380065683
0.027635311921332395,0.5360827498982692
0.022847784290558226,0.7666343834656667
0.03066316423095472,0.39629180783909473
0.01668743905452319,0.9719190857135054
0.01862516592754271,0.9296608694836077
0.0241945238602278,0.7022521249252742
0.025986965951556695,0.61431469542753
0.030687854383955826,0.39526595796963443
0.06039384813240034,0.003882886495207882
0.03292044024094665,0.31001013588629683
0.02921108463019295,0.45986894445577664
0.03844736506198687,0.15793035463580243
0.025913447190208272,0.6179152244294621
0.027317751882883934,0.5499412952583449
0.04143107310160288,0.1050895287253248
0.023162071100847115,0.7518864763771277
0.045029274829218535,0.061758690890158605
0.031170582329973162,0.37557760193772705
0.03160006065308951,0.3586477847418195
0.0347448259904245,0.2510054713653427
0.027571617180456864,0.5393201407046709
0.049355539488877165,0.030743225093436372
0.06235829740880272,0.002572157577471127
0.030092125254933544,0.42053165813084914
0.02787021139389756,0.5242481164034358
0.028930054649593417,0.4729119321484102
0.036324303818130566,0.2071689685605934
0.03465147346788744,0.25380168499535627
0.033596729322872665,0.2870515692012275
0.03045001470688158,0.40522442638664274
0.0345066735697645,0.25818551615003277
0.047353046275892874,0.04279764797642143
0.027723938670906834,0.5315982455858868
0.021111006860420445,0.8431370540688793
0.042484997066907004,0.09034905247375317
0.019930384095475873,0.8883173207156345
0.029163148831108043,0.46207677095598054
0.040948433594569456,0.11247821304249056
0.05369479484550399,0.014323389022945299
0.027828465405659975,0.526339313287176
0.023082024467074747,0.7556622818182274
0.020816992037944737,0.8549969278539851
0.06231833470785797,0.002594138207667152
0.02366846020140645,0.7277320956257098
0.03328498919102585,0.29747279493581474
0.034025163265976044,0.27317490247816667
0.021090963122178952,0.8439573293093691
0.031415517481719835,0.36585495272845175
0.04220327891779507,0.09410859331723567
0.012915084047770864,0.9988927381012634
0.028161089022708308,0.5098219720973971
0.02763492250795979,0.5361025058021615
0.03268851287827301,0.31818514521501257
0.030062977476370767,0.42179541067021015
0.04103347083687825,0.11114608667956723
0.017726767002091415,0.952156872615879
0.042732400866170084,0.0871520655588999
0.021689400586513585,0.8187786766539895
0.03490179092071877,0.24635665329268225
0.027297641386647253,0.5508990369660822
0.028595671466824443,0.48874276285642865
0.03605435143790203,0.21420671448763143
0.03692828518346741,0.19207635549395416
0.03110780822166026,0.37809830273261913
0.036266402817790255,0.20866308576105333
0.0486231657604379,0.03475224937751814
0.03874528145445688,0.15184264812160975
0.029511408494262842,0.44619529640367767
0.029932375135498512,0.4274895189049342
0.02747033839620272,0.5444926309338565
0.02915893726314761,0.46227108037285186
0.02440233621147503,0.6921091804109311
0.03336383971750312,0.29481088495068347
0.04260839761112034,0.08874237008626595
0.0286847234893417,0.48449369297690487
0.02312880417953317,0.7534572302098879
0.037664999067326455,0.1748531081242921
0.022557968649911442,0.7800344190236921
0.034947416788486896,0.2450177222864381
0.03725687234818631,0.1842363509165743
0.026623359918106604,0.5833078318491746
0.029528331378392725,0.44543294904072284
0.02763478799737662,0.536109329961752
0.03607185945779856,0.21374471901744285
0.029166632475744678,0.46191608644282384
0.022517701437123366,0.7818795395558615
0.023454243024501054,0.7380025344230892
0.030541937971107824,0.40135530869756864
0.017990130389078263,0.9460842237223542
0.04962880735509245,0.029355069359392177
0.026639255703579168,0.5825378538060202
0.035709402810455315,0.2234679459194257
0.021859015881474764,0.8114007889406648
0.04681993493763059,0.046630233069924656
0.030771539600554842,0.391802591625137
0.023325277101210518,0.7441498459835991
0.02794348810639813,0.5205900458735363
0.03218239173698878,0.3365672438725364
0.02939846277892888,0.45130556781454084
0.03176668470097596,0.3522274018677709
0.01931144059040557,0.9091477213109271
0.03635738333196337,0.20631911186615956
0.04065593002895268,0.11716140673812378
0.024923944437730827,0.6665317373665625
0.018378835805762606,0.9363286182902645
0.018912064709924292,0.9214274463812769
0.03067621039223567,0.39574952458065366
0.0322106043103077,0.33552287824477234
0.025595646994385213,0.6335083646755794
0.047570709786890375,0.04131341547447114
0.03357360772149953,0.2878150802996898
0.027546684202221727,0.5405906861571366
0.032233351026105306,0.3346825462221544
0.03340766367903941,0.2933390623324496
0.030076265046965478,0.421218985698343
0.02579179600342474,0.6238791289407909
0.03322830559655088,0.29939729469211274
0.036381249608129496,0.20570764536050648
0.042088501478092594,0.09567737427200448
0.024608913250298903,0.6819957377791802
0.022390971523994385,0.7876582161896345
0.03534221715811964,0.2336625218712564
0.032131594801503016,0.33845352212296265
0.029921660901498226,0.42795894199505813
0.027351357090105444,0.5483421457682036
0.028354857409768452,0.5003530176985697
0.0373326947904864,0.18246364551665556
0.036649906505750174,0.1989216541656847
0.029775726143620895,0.4343874524949266
0.012809566115195126,0.9990332867049463
0.02946531904626637,0.4482759551536556
0.02003833304856073,0.8844709314803723
0.036432393349819514,0.20440207656906817
0.014513345240093789,0.993973404152024
0.01812224912265148,0.9428741558995518
0.03701093911306738,0.19007997191952328
0.04798644076565439,0.0386027800389365
0.036814617817802264,0.1948487092164366
0.03581620376835987,0.22056808261338293
0.024310329194272118,0.6966042013498055
0.027649010087808068,0.5353880952801339
0.026897582936775355,0.5700622868232115
0.02354551162389823,0.7336354116660261
0.026393821213086255,0.5944534591830111
0.03923475995389081,0.14225239082965668
0.028168480541290286,0.5094586958852861
0.030359699735828638,0.4090507167258241
0.030175584507867365,0.4169273729467151
0.018830449182759557,0.9238203485651272
0.023754881172945885,0.7235695863343218
0.02979454832609707,0.43355469581484457
0.03506780347179417,0.24151148077998855
0.027277304243149086,0.5518681431784036
0.03673309260690899,0.1968563887745665
0.021017344328379206,0.8469555997691284
0.05407359682334789,0.013358730436737774
0.027004297734370852,0.5649307757517592
0.03414632856300659,0.2693430345772994
0.05188659802657675,0.019845365453167722
0.032387052504106284,0.32904405729998487
0.027159211048122245,0.5575066358703404
0.024873175336293185,0.6690262591518366
0.02000327312988681,0.8857268832839451
0.016845669503207483,0.9693354703733866
0.029888259512087068,0.4294245923479218
0.030887107564741445,0.38705440534704355
0.02206744525683535,0.8022024577348458
0.019811943778915264,0.892466385636752
0.034228550679694436,0.26676581505935243
0.032172796385790625,0.33692297434872825
0.022577186994363285,0.7791523061874006
0.031023095943922163,0.38151866155387215
0.021482525685437293,0.8276383877918883
0.02305988530678571,0.7567043056863673
0.026498157223902474,0.5893811929582923
0.03135499172249345,0.36824083565082194
0.016769266479624456,0.9706015976794565
0.030509277940908464,0.4027270703861459
0.0530281993180578,0.016173932717591842
0.024113074883449936,0.7062172072044901
0.019337426110620476,0.9083164502496438
0.02660843050765005,0.5840312301618857
0.02983041946554743,0.4319706117497995
0.0212448864875594,0.8376155411460341
0.03137393968340846,0.367492744770335
0.02581511899115141,0.6227351841075158
0.031840996624167534,0.3493905409299764
0.030989817716708612,0.3828682006540449
0.020571371269898525,0.864609163733816
0.018602576359730283,0.9302878764328383
0.02722756438911983,0.5542407387427026
0.019227626582268675,0.911802324647548
0.019744518036995395,0.8947946084757574
0.021444693531877,0.8292414004840766
0.016564802797790712,0.9738197300396066
0.0288418195860356,0.47705641289618184
0.03836882066894988,0.15956758072748684
0.018433230077931406,0.9348884603315645
0.02850922435513914,0.49289046032514705
0.018687202703406652,0.9279228947872293
0.04768983989105141,0.040520215010070554
0.027370571607417182,0.5474285138910224
0.024072463737910055,0.7081918053650937
0.034377965620041195,0.26212997851156095
0.04101302136911633,0.1114652347762137
0.042081462477737475,0.09577429027515737
0.04181479361204876,0.09950674609016934
0.041786446074588035,0.09991054729945649
0.03177365731787152,0.3519605268175324
0.031190091251422414,0.37479662344644415
0.023085387572065352,0.7555039028828661
0.020789179449164696,0.8560991946571966
0.027043567360527765,0.5630459297960408
0.025033070393609358,0.6611678085427537
0.037450732238785256,0.1797308478306675
0.01866107273087725,0.9286577972730475
0.019428946748929633,0.9053578896719044
0.031349891346607706,0.3684423884184746
0.018130563610775474,0.9426684883447404
0.022904400783481632,0.7639933785150552
0.01709374872804273,0.964981867460962
0.023585655806629864,0.7317104004168569
0.023542401811418534,0.733784431020514
0.017781661281682237,0.9509269802098806
0.02759544882194076,0.5381074450321375
0.03798558842808322,0.16775206448274682
0.019695177669448616,0.8964826402463248
0.027936032197571792,0.5209615202292883
0.03988071660942871,0.13035416867402172
0.022906412021075684,0.7638994273057023
0.028497665480622048,0.4934467607604839
0.021617658247285787,0.8218688561568843
0.027228293795756753,0.5542059216826218
0.028867342406085683,0.4758551592571564
0.03455293684759714,0.25677871386949525
0.04067777353736979,0.11680621397190794
0.024876363155006825,0.6688696481467209
0.0224600874859614,0.7845120427882186
0.027194000828243303,0.5558436154331372
0.03622181134264524,0.20981946302873228
0.020653828427919435,0.8614132792731988
0.026684557143720145,0.5803449024441427
0.033650770842300726,0.2852728996107731
0.029583193163817745,0.4429674941879463
0.025940101703958274,0.6166094941623734
0.0681401672539168,0.0007089851548894776
0.015756165312895254,0.9842288494133646
0.032257556874152216,0.33378997518790404
0.02744197230078879,0.545946795327234
0.023308345850600876,0.7449547407510377
0.032049544417421694,0.34151637560737363
0.014068996434688286,0.9960045909844778
0.027470878762653195,0.5444649526543576
0.03575108343258282,0.22233275093331295
0.0253458317565044,0.6457876147026338
0.034885189199075906,0.24684522464808167
0.036164387925728236,0.21131594459149414
0.031189910110418162,0.3748038696170479
0.021327917966871224,0.8341546568301513
0.039002593301210364,0.14673816112673282
0.024914060994905785,0.667017411477703
0.03101684941700006,0.3817717248508955
0.01869980108945163,0.9275670790034264
0.015193101463475744,0.9894808175512019
0.032817735723065566,0.31361112692125276
0.04773336498825048,0.040233741584120776
0.023310039692736928,0.7448742403263465
0.01535888232569127,0.9880902923170286
0.013816453514543081,0.9968958226635837
0.025500956194349084,0.6381612417504374
0.0319491815695489,0.3452897676053484
0.05669512597820736,0.008135361573904019
0.015375731867066311,0.9879419186355148
0.024882703800924943,0.6685581363409511
0.03363190277810535,0.28589297178965944
0.030393285299424533,0.4076249485096075
0.02327607695375067,0.7464873390718844
0.039613208997292815,0.13517909695981198
0.02727738416302003,0.5518643337167586
0.03349629680889177,0.2903789468911575
0.016582043034463756,0.9735578553058086
0.023781150482000912,0.7223022942636517
0.021862261402756933,0.8112586543069269
0.023013472515028416,0.7588855237429136
0.03633128795314833,0.20698931003035292
0.015277132189034148,0.988791575594011
0.02243086548749673,0.785843834155074
0.034132275878525964,0.26978537381074685
0.02683999571706039,0.5728370010882783
0.029717835236221568,0.43695547779374333
0.04352905721305872,0.07749637062841977
0.01633403167622005,0.9771599472990824
0.01863420195196186,0.929409186512792
0.027107562080434078,0.5599784840030022
0.014872483267017317,0.9918297043624594
0.03968606314431011,0.13385086485110406
0.04385088910536661,0.07386072913445776
0.029513712400973335,0.4460914581873252
0.021998584439353652,0.8052569707516586
0.01759666429652995,0.9549964282777752
0.030172599090713847,0.41705593783763606
0.04500954854723763,0.06194638417198511
0.015690850708134696,0.9849170869521442
0.028257812941739124,0.5050812031794141
0.02468398151317336,0.6783145791477347
0.03847061882925368,0.15744823524898657
0.031568777385119706,0.3598623894644415
0.03166287314484573,0.3562178080000734
0.030133489451953488,0.41874265990943493
0.022190950981741953,0.796686965931998
0.02867880355399549,0.4847754156653074
0.02428832519244889,0.6976782296743247
0.028881585511480234,0.47518565272387814
0.028937541323201477,0.4725613616494273
0.027017202095671378,0.5643111874995483
0.03561058801116068,0.22617708946694073
0.037343340162391214,0.18221584366715043
0.021668627978967847,0.8196753201477454
0.02311246671451761,0.7542278279657866
0.04307288623536465,0.082908134192622
0.049360832244271236,0.030715799443214065
0.021379274137371895,0.8320004027918063
0.036943581396798625,0.19170565976402862
0.028844115462742237,0.47694827473642165
0.03278777720198564,0.3146672524237407
0.03165516843670069,0.3565152433570563
0.021225768001423506,0.8384085151514685
0.04020623473121743,0.12467361035284925
0.026918187268908156,0.5690704459496562
0.04284295639081437,0.08575448165819004
0.02854643726175632,0.4911022335441863
0.06080343179996189,0.0035672683430348715
0.031703107104103734,0.3546674639638309
0.02237457708628765,0.788402556383957
0.03022526979923551,0.41479167278826035
0.03510138164217619,0.24054038536751532
0.02954135794714463,0.4448467161159541
0.031489560239426895,0.36295109698283223
0.03335318747598082,0.29516946195066956
0.01816966568435413,0.9416954661247634
0.03620850040301149,0.210165616229653
0.021078347583882606,0.8444727474300253
0.029718776701940786,0.43691363328624694
0.027368660270704614,0.5475193726073602
0.01961769169326244,0.8991065618582392
0.023740597145881004,0.7242582929219264
0.025619684102116236,0.6323276299546987
0.02615689167864138,0.6060051666562184
0.028395255625687676,0.4983931055548247
0.01576609294313225,0.9841223425242531
0.030875155909567575,0.3875435840354082
0.02986481289393106,0.4304554492391429
0.0383953018590526,0.1590140765510498
0.050670553260807494,0.02455682489521854
0.022208753194082664,0.7958881321792196
0.05227043578446583,0.018535442566552037
0.021464302545616598,0.8284112117280558
0.027847096055738874,0.5254053976548914
0.037347719054869166,0.18211398958031444
0.017800849557569887,0.9504926175686009
0.01601153562068719,0.9813264482841455
0.05130894724805468,0.02197243703898522
0.03875180230978614,0.15171154425032596
0.03213449056775419,0.3383457878892337
0.019801724840296187,0.8928208322497991
0.03828088028203552,0.16141678607792037
0.025218081874691323,0.6520700457366011
0.025631386159570058,0.631752873528188
0.019484152420381595,0.9035502040412434
0.052482189189747785,0.017846333341089315
0.022186099445664853,0.7969045027795052
0.020854930411944306,0.8534877774894591
0.02074208475620065,0.8579576915755691
0.021415217440982737,0.8304865679441168
0.03204569142215241,0.34166069075960176
0.029150757478699663,0.4626486253857538
0.03153729729966029,0.36108757401212654
0.033594503599218006,0.28712500058738594
0.024904361834934385,0.6674940050572791
0.024641886663085144,0.6803791500259808
0.03999018572893365,0.12842070186644886
0.02337800214038177,0.7416401006291427
0.025233244902629903,0.651324337304416
0.04097357049919231,0.11208307191589104
0.026042172372279127,0.6116130456940095
0.02385188426559187,0.7188854665083044
0.03594783089867143,0.21703425763379736
0.04876403155713338,0.03394732934819635
0.027199812764468256,0.555565949945222
0.02910013079667173,0.46498985793073205
0.02225705655693644,0.793715882479647
0.016371394886376955,0.976639806801918
0.028392732743487747,0.4985153587156864
0.028942685993352923,0.4723205560923353
0.03452421369937675,0.2576514611885123
0.03279626923201817,0.31436762038700045
0.03826322720951342,0.16179005507025335
0.026657615585741687,0.5816488354366856
0.0231166387937127,0.7540310920359761
0.0339090327046041,0.27688571179619687
0.030924876821229658,0.38551134095765055
0.022076910564733765,0.8017814260088614
0.02907023847836432,0.466375878325085
0.04274306946191797,0.08701636977762257
0.020003390924447778,0.8857226742967792
0.03672080720968224,0.1971603364273155
0.044949828713801376,0.0625175906341008
0.04564754576408997,0.05611777996159252
0.041815478259982664,0.09949701035051571
0.02507268696979703,0.6592199826845921
0.025753098720902035,0.6257776737781318
0.026685810671819132,0.5802842517523304
0.03414315374047627,0.2694429214976121
0.017292654091064674,0.9612198104784551
0.023102310247814062,0.7547066138085705
0.05651888913805814,0.008417364456124789
0.016179732526182933,0.9792249403249784
0.02504388793423784,0.6606359659338612
0.02850847010492763,0.4929267482482193
0.026126744177129013,0.6074780335790548
0.026550319840007663,0.5868490462356155
0.019182391477541194,0.913218074967329
0.021416785723942178,0.8304204024975217
0.019176866810369175,0.9133901651477337
0.03237737943089908,0.32939687400038
0.03728306486720112,0.1836224456268778
0.04153748463998147,0.10351588184316865
0.018386164430085672,0.9361356516701317
0.01680466987581275,0.9700192396367878
0.018490161269765548,0.9333615394843976
0.02573185665255817,0.6268201045042457
0.026253300775176402,0.6012994180356234
0.026538718666082706,0.5874119838534966
0.02726672800325597,0.5523723478518127
0.02503365375264549,0.661139128260579
0.01932765322550639,0.908629538762743
0.02819951082167038,0.5079354205667247
0.022113523959771286,0.8001501740203683
0.02881614525822851,0.47826678726701116
0.029994897060886372,0.42475718519358596
0.01970075793427266,0.8962923973125821
0.027608411480865458,0.5374485370967224
0.022529545495373476,0.7813372643589103
0.03551575694660125,0.22880073926716302
0.04396467694875422,0.07261040137970755
0.019916833289255198,0.888795812401368
0.024422839388311135,0.6911066393255654
0.04940384935204056,0.030493693762960263
0.03086756000857699,0.3878547059143778
0.03365307666438622,0.2851971906140814
0.018071399494621443,0.9441225703167596
0.03178623543401582,0.3514794669662787
0.041960229871987664,0.09745638175064483
0.029144475213729315,0.462938726520663
0.03421628694284751,0.2671490366199224
0.033156263165080135,0.30185646551445355
0.027192585392177393,0.5559112447672006
0.024985892064103454,0.6634870900125157
0.0336172690652653,0.2863745769177283
0.021381714408838626,0.831897783544161
0.02385439864283878,0.7187638915056821
0.041267250065939176,0.10755097560982635
0.01941232518827149,0.9058987655627079
0.040962853210931516,0.1122514025019924
0.0480668782834629,0.038096629683691055
0.015200370885923409,0.9894224393236825
0.03251102309634424,0.3245465053374512
0.023387568181014173,0.7411842319576881
0.021803320680589544,0.8138343503448033
0.02271676289911484,0.7727177202662294
0.023631529970250642,0.7295076396001522
0.03814307001324402,0.1643491446809955
0.01979616191217093,0.8930135464886618
0.026479702033762043,0.5902776757136119
0.03542873548313047,0.23122886402005535
0.021451731812738628,0.8289435885774685
0.02296882723476984,0.760979386789979
0.02820789933243839,0.5075241259766048
0.03325154948007503,0.29860702088054886
0.03516229275834026,0.2387864246821462
0.022100743657593624,0.8007200533178549
0.02480132835295812,0.6725551006523249
0.023123133785674654,0.7537247490075344
0.026011430506872657,0.6131172424996938
0.03246547972542202,0.32619357609294936
0.02894708655554734,0.47211464347953325
0.019334878171012093,0.9083981301227324
0.026121429360735693,0.6077377552252101
0.034522898705787175,0.25769147062145376
0.0243208454640107,0.6960907578677764
0.029082262457475583,0.46581803546376993
0.016264346772588145,0.9781090113421612
0.02360149374035042,0.7309502581726277
0.024782544969751408,0.6734773739067044
0.04184198148451834,0.09912074228385984
0.03172190327202562,0.3539448329461633
0.0290686356750246,0.4664502722087542
0.028030756220301378,0.5162544863463749
0.031832168865070065,0.3497266855867759
0.03806284346175848,0.16607574738883207
0.021433321828408874,0.8297221733575727
0.02068699050796713,0.8601190533393988
0.02131220870373063,0.8348115477860192
0.03457431933415611,0.25613046409355406
0.04039267713258338,0.12151247939980873
0.03548250503223338,0.22972622857705838
0.026151148680224612,0.6062856945240656
0.026345617480447947,0.5968000636036881
0.018824667432998543,0.9239883433116407
0.04532912671854317,0.05896503410488431
0.02176142143417703,0.8156581078112446
0.050072791943929384,0.02721730241834743
0.02501231684693972,0.6621880998150232
0.017374900267252524,0.9595928603726401
0.03552795050298729,0.22846207970163274
0.022357031320994813,0.7891983346667235
0.026404922004180542,0.593913341187825
0.03347100911567713,0.2912212252588971
0.023705853339321237,0.7259323090751205
0.02575997833135546,0.6254401039542923
0.026653934134376223,0.5818270703791794
0.031353388903935686,0.36830416624389106
0.03374249879498034,0.28227262464633096
0.028921615822084412,0.47330729171427566
0.04870586988998987,0.034277666875341395
0.030399057360524784,0.4073802574562085
0.0551008136826312,0.01103015090277172
0.029584163630357124,0.44292396423757435
0.03016903762725509,0.41720934506243385
0.01860450283438142,0.9302345261908378
0.019882000106062753,0.8900213205328658
0.02693219984715478,0.5683962010586279
0.03196720080452653,0.34461010218877525
0.03223466570284206,0.33463402448426616
0.026042359332581533,0.6116038995114366
0.03669569990220434,0.197782649573948
0.02259856946180472,0.7781697411610731
0.04234589695325375,0.0921893114571403
0.027552651275571605,0.5402864452989924
0.02485890317396111,0.66972738387469
0.05353558731821251,0.014747181328354779
0.0275887755663089,0.5384468497251377
0.016137165092313555,0.9797713717107813
0.02220628391488383,0.7959989920905867
0.038384369136507945,0.15924240299081638
0.027132227950762755,0.5587975772405371
0.03469441360094416,0.25251256999436433
0.031037532226631526,0.3809342577019396
0.04235268104266965,0.09209883719146414
0.03971055442651733,0.13340675059377377
0.039348447811829945,0.14009668675331183
0.03958296667242528,0.1357335994512801
0.03093200375401209,0.38522065076437145
0.02893755114127755,0.47256090202031564
0.02781522571115158,0.5270036220798235
0.036095153473279296,0.21313124425567065
0.03086015132514719,0.3881583266969743
0.023932431027190892,0.7149870436524985
0.03380682134628088,0.2801827909038599
0.022862301018637843,0.7659579090773322
0.0409957581938325,0.11173524479079838
0.041272449646697185,0.1074721238882511
0.044882753980105106,0.06316451195958994
0.03361570858452617,0.2864259688915783
0.04798106834346133,0.03863679404396799
0.035203051622974546,0.23761822822183806
0.02264549855168646,0.7760091754059111
0.05425403705451376,0.01292011605490869
0.015122513314968944,0.9900355804783454
0.033737918228712416,0.28242188827086556
0.0315966282671869,0.3587809085138614
0.025115444266358145,0.6571175149842905
0.02756197008811756,0.5398115222601316
0.041012952529789426,0.11146631040687134
0.022055723012991524,0.8027234915874399
0.031199619204805143,0.3744156158834436
0.03549715452858904,0.22931814004069184
0.026103855433657785,0.60859668362198
0.02531678875840468,0.6472158011701974
0.053614374413476995,0.014536071677320848
0.02888510234767583,0.47502043610351874
0.052853841568726245,0.016692051420455385
0.024673744745718595,0.6788167264534966
0.024397472380907947,0.6923469624499162
0.05648415496082004,0.008473980484269544
0.02656628363207303,0.5860746267587615
0.03060762224321889,0.3986062380449936
0.02182276979108283,0.8129857344143661
0.019147056526217898,0.9143156547124921
0.03707653886080731,0.18850716539416948
0.014016229262346691,0.996205364058582
0.04437060263233439,0.06829539095025919
0.02184866802315344,0.8118537268904723
0.022244940296157534,0.7942614100209981
0.02073389669807768,0.8582797894377321
0.028891578804580598,0.4747162781662096
0.019943427271769898,0.8878558339599373
0.04789616805403013,0.03917780136425671
0.04249827276444834,0.09017503956415526
0.02424913674346013,0.6995900454151118
0.020132686540223266,0.881059186859666
0.04168026195919616,0.10143525513689935
0.0273961267000975,0.5462142098005618
0.024291459639369628,0.6975252596321766
0.025392173208686725,0.6435089551522275
0.029769455036704,0.4346651460658386
0.024059368196610365,0.7088281784205688
0.01822229844282819,0.9403706749116076
0.030802715234255595,0.3905177609427385
0.048040705767328384,0.03826067936200424
0.027767281167542013,0.5294136465364045
0.05322240067249062,0.015613849942424238
0.03311395535991435,0.30330754980695923
0.03693285852860989,0.19196546383936514
0.039067351908721015,0.14547558674673358
0.01802743297884396,0.9451889569389776
0.031574156156640276,0.3596533460309158
0.02267221524201732,0.7747766939506551
0.022699446552038927,0.7735186524898722
0.02829751429171823,0.5031434524581408
0.025578817939341247,0.634335131247644
0.04081140523193505,0.11465252265744737
0.015559519095721563,0.986236366609734
0.017842589512508944,0.9495397849859564
0.03847830736219254,0.15728908947430187
0.03183971635439409,0.3494392769315189
0.02653425172070456,0.5876287729007819
0.027366904467520714,0.5476028423529085
0.017344379585036984,0.9602014966985891
0.018414402520298467,0.9353890167156802
0.020292429928111422,0.8751792846148576
0.02743634030107267,0.5462357989461873
0.017882416341980956,0.9486204430355474
0.04058616211143806,0.1183018507890605
0.033989327889884846,0.2743159848177564
0.02236828519827727,0.7886880209301199
0.04147932838398638,0.10437347078600821
0.016458072476659646,0.9754025580772377
0.016630502555316617,0.9728124692806192
0.019592909022129068,0.8999387627652091
0.0282792255692495,0.5040355023325681
0.038279777953516225,0.16144007427451168
0.03767826135241903,0.17455468588003342
0.0386427972252017,0.1539151437867729
0.0447075366706271,0.06488151094030016
0.044251769201714475,0.06953538852024108
0.022033563187362937,0.8037072735415559
0.0264815806723403,0.5901864043503906
0.026384046396054683,0.5949291482507761
0.033924797058134365,0.2763797838050809
0.023710941053376067,0.7256872783155259
0.04436489693174889,0.06835449517031565
0.024001364549619986,0.7116446632378615
0.027240070071056777,0.5536438996097856
0.01691584558457615,0.9681417008930652
0.02813446101928474,0.511132038554046
0.03330752469157672,0.29671021776498574
0.022089106854666363,0.8012385027709724
0.028693722174646413,0.4840656592160149
0.03199999802132947,0.34337548555505587
0.02824767255618882,0.5055768975698939
0.026822034376492887,0.5737032028298658
0.02142877251539277,0.829914370580659
0.024233331471066544,0.7003607371812365
0.029461275493166794,0.4484588046306483
0.03508292012011954,0.24107393096472468
0.03167797330154942,0.3556353871822339
0.030535224667996963,0.40163701275763963
0.024204286317671464,0.7017764540544389
0.03645114693760915,0.20392496940058025
0.015001087353806897,0.9909395252063367
0.02768132737363943,0.5337514515248151
0.029909736490978722,0.42848179588195423
0.024340373763571177,0.6951370812695894
0.026942228976315735,0.5679137712009771
0.0377636692344413,0.17264256058380545
0.03313991156347773,0.3024166906503836
0.02758613316396441,0.538581280064865
0.038965939707307884,0.14745669931660624
0.016940644960323548,0.9677127413480228
0.021404078153831052,0.8309562588196389
0.03539164710250026,0.23226972166304738
0.02817896446511614,0.508943716673083
0.02029224381982886,0.8751862097118196
0.018066328558042577,0.9442461805997946
0.019888954395748226,0.8897771702607649
0.022812623097990925,0.7682708778359606
0.0522245944271334,0.01868771668212912
0.04007145188375261,0.1270005797408533
0.03584587748065948,0.21976756683341417
0.02262856966469068,0.7767892058966545
0.020966603426319674,0.8490086729625583
0.02195322520788212,0.8072607004264083
0.02236176904096443,0.7889835434066159
0.0265388797562921,0.5874041662038773
0.023144433091849437,0.7527195564065441
0.028373161311679662,0.4994643977559329
0.02542780521016201,0.6417570816306062
0.023053667336756373,0.7569967856565654
0.029651180374536457,0.439924864242059
0.017952152079929506,0.9469867537093035
0.04888506556414163,0.03326883917727854
0.059849224100310905,0.004342375756948234
0.020043138431262597,0.8842982881077727
0.035715883509873814,0.22329114738041023
0.026300269739081117,0.5990093867903776
0.03309295888685182,0.30402959245255423
0.022896002029746954,0.7643856131521024
0.026392784781468226,0.5945038930049636
0.030845170273759326,0.38877278085063216
0.061514425793876004,0.0030749002182943633
0.02169008601643113,0.8187490640910237
0.020293228284283926,0.8751495757892473
0.035339962330060426,0.23372620917146053
0.02037540370853924,0.8720747147221495
0.03341616377925394,0.29305421757890937
0.021956184096409814,0.8071301961278435
0.03271820578548523,0.31712985116206655
0.02304441058867923,0.7574320550430517
0.026089093705760014,0.6093183234698782
0.019248079145713637,0.9111582961849038
0.04908358631734289,0.0321817308640968
0.023590579990758975,0.7314741044972856
0.02685159744661969,0.5722776913346055
0.03184690232963383,0.34916579132954956
0.02630019625432628,0.5990129682806806
0.030140527016867757,0.41843880171737685
0.040059669036278445,0.12720568426489723
0.0360410806470885,0.21455741543610954
0.03276286174260823,0.3155475694237981
0.025785906650746315,0.6241680277746555
0.030653143915683023,0.396708665727055
0.03192308270784683,0.34627588647998964
0.028296644475096833,0.5031858557845534
0.02746216301841542,0.5449114901868589
0.03545908886778981,0.23037968778985599
0.04232834829483656,0.0924236899148534
0.022539498179285022,0.7808812992816352
0.05117807997283996,0.022481610916795954
0.03269750625162299,0.31786524878158967
0.04495103426478886,0.06250601540362685
0.03248793685154244,0.3253806618002129
0.02080560369487272,0.855448689859158
0.03787773247167814,0.17011493000663108
0.02223806257218247,0.7945708833260894
0.04076491050393993,0.11539811455545403
0.02543624103446096,0.6413423568401015
0.027750390800252767,0.5302643079681523
0.035196854847913184,0.23779555261436586
0.02993793765072361,0.42724594550846257
0.021144896955717196,0.841746317342142
0.030439816051403,0.40565526846483363
0.034910107059582085,0.24611219481874164
0.025196573930092947,0.6531277899424616
0.026119053094458777,0.6078538835184202
0.03181550756800822,0.35036174503015893
0.024983125286381913,0.6636230915307504
0.03137890768876428,0.3672967785952287
0.03156916948601218,0.35984714773951065
0.03080786016949988,0.3903060057868447
0.025521124006085527,0.6371700574775645
0.02573675101009032,0.6265799033397508
0.018823462433219862,0.9240233304230937
0.022304497370712537,0.7915757652627531
0.02616038013442834,0.6058347775212946
0.045509780321235704,0.057334814351838397
0.022057745881473134,0.8026336093871428
0.03626868203239214,0.20860411313553778
0.018140045250130743,0.9424334228847071
0.01983358822963638,0.8917137805772195
0.018660466378698226,0.9286748013883078
0.02018437179596866,0.8791708830739542
0.031487852977827746,0.3630178694423755
0.044277154971611166,0.06926889698484583
0.02383023417193683,0.7199319627037093
0.030608334736380582,0.39857648959203124
0.025011340575843144,0.6622360936817522
0.02909221757743663,0.4653565073617414
0.021995695761390516,0.8053847754598298
0.023173173946373304,0.7513617537872943
0.027535819034672504,0.5411449359263941
0.02266806382896147,0.7749683215077198
0.04239250429710506,0.09156924257898783
0.028462653405413874,0.49513426708952324
0.02609446314605446,0.6090558171836586
0.03442138775255271,0.26079419102555024
0.019238691195402335,0.9114542141775909
0.03274100645970379,0.31632124085205926
0.019718098875817935,0.8957001179638958
0.030844613468721027,0.38879563145874
0.03504604016744828,0.24214248157147625
0.02970919982566045,0.43733941383804953
0.028721721325060123,0.4827354109465643
0.046873071608208194,0.046235322164029834
0.02299705137067798,0.7596561693331783
0.0343713922712261,0.2623326419449332
0.02102370784699656,0.8466973409399028
0.017596388682968422,0.9550023312683297
0.032162296873909146,0.33731253465265415
0.018074157776661826,0.944055266262985
0.025719572958763592,0.6274229947447347
0.02652147440874497,0.5882489833500657
0.01881237041641659,0.9243449747575115
0.023651762475684124,0.7285351390437163
0.037593920695502936,0.17645939784435788
0.02346824204262199,0.7373335656755176
0.02324243145748517,0.7480832849305777
0.022494058432745268,0.7829609127853503
0.02669733677137187,0.5797266498430471
0.017923879106288454,0.9476527742819909
0.029905831368756464,0.42865311889780633
0.047298377115077894,0.043177641649522695
0.021080561122112873,0.8443823598964426
0.03635439406417579,0.20639579823652796
0.03913992588186799,0.1440710983921954
0.0229161764494637,0.7634431725006632
0.02305104536016067,0.7571200938605369
0.017357121641989104,0.9599481002779962
0.03671359549313857,0.1973389296689398
0.023006273203297622,0.7592234583481414
0.036563181864435135,0.201092798494031
0.038901323510061814,0.14873032389034813
0.030162969578067328,0.4174708099651488
0.04169465061240585,0.10122751979974624
0.018246984443431424,0.9397433659343075
0.032453919643643414,0.3266126066096442
0.017924217791569413,0.9476448255887963
0.03308986262405211,0.304136175799099
0.019958962367875865,0.8873050045544287
0.031294142566741845,0.37065049236010805
0.030986042826671334,0.38302149455983936
0.02882370656749994,0.47791011434293734
0.023723817844635176,0.7250669555869049
0.03318359068754123,0.30092189662229224
0.021684405904804846,0.8189944109868285
0.02260202388517185,0.7780108938409482
0.027686145144124902,0.53350773175915
0.03391891705217853,0.2765684109755696
0.02535067671878466,0.6455493715714054
0.053958850975303396,0.013644579936035727
0.02785064260817882,0.5252277339334156
0.019472361368712332,0.9039377468126244
0.03389524311923364,0.277328830159402
0.04205120968880438,0.09619175778969595
0.031812915431742694,0.3504606203404499
0.02189944693111967,0.8096276285677533
0.028200787572071506,0.5078728069433255
0.024521693291410296,0.6862690077373236
0.03646308452599856,0.20362172024682482
0.024155040377282333,0.7041750405045697
0.020679993184128387,0.8603925628369079
0.02184920866235962,0.8118300714229095
0.029825459511154145,0.4321894128053156
0.02577131353117501,0.624883949570775
0.03208476686690409,0.34019913323883677
0.018708158992228607,0.9273304935736434
0.032708586326603895,0.3174714498699715
0.024819963232123876,0.6716399937281783
0.027959648600023868,0.5197854561131948
0.0374342193696231,0.18011119062911388
0.04722011279424998,0.04372674463330103
0.025820294533778765,0.6224813676437486
0.03562153250362626,0.22587579080912745
0.034370499745392136,0.2623601685821717
0.02573518461702695,0.6266567764277882
0.049150281510288885,0.03182357558981201
0.020663985666808715,0.8610174102406474
0.025386662480499755,0.643779910177981
0.026051576981191926,0.6111529948953263
0.044087136655287074,0.07128490751972433
0.0351885949935733,0.23803207062094578
0.02415584011477745,0.7041361063885896
0.036250253802799115,0.2090812988567715
0.027396361975619288,0.5462030345398055
0.009764327036017595,0.9999978453206338
0.029304907919227907,0.4555678060469109
0.022884528311643837,0.7649211982576141
0.027406571818123227,0.5457181579977297
0.026454082656474948,0.5915226813128387
0.02173149088395865,0.8169571711518564
0.017795448706569128,0.9506151093279744
0.02229892663187305,0.7918274065966575
0.030774830813273257,0.3916668138395563
0.02550317714544814,0.6380520845385853
0.030359301693024587,0.40906763481790903
0.04059139353035285,0.1182160210216435
0.033344887466102924,0.2954490810286338
0.06019459966712437,0.004045534050426129
0.03199222114474515,0.34366795102149805
0.04811018568791481,0.03782652770096469
0.021905705508467044,0.8093526624981834
0.021232207117463764,0.8381416061453926
0.03401489300514815,0.273501567773645
0.030967059456039947,0.38379303596508463
0.020136878924125967,0.8809065285505648
0.02676720949035727,0.5763494066268646
0.028998632360710097,0.4697070635723919
0.02276819090478588,0.7703347503119002
0.022989913832804132,0.7599909558976449
0.02819870820221207,0.5079747846555158
0.028940977417856617,0.4724005201539463
0.026168107114333386,0.6054573935346914
0.021227977141547782,0.8383169625888772
0.035601803422550926,0.22641915053327705
0.040381736116769984,0.12169614851525967
0.04419673027252535,0.07011616674150462
0.03505670890262258,0.24183299744473194
0.020311640494852234,0.8744635308635602
0.03974155494831588,0.13284632383413622
0.026587477138216853,0.5850468896636843
0.050287590352356415,0.02623332504322466
0.017168790326062,0.9635911241824417
0.025411378963433928,0.6425646667854947
0.023343927735041792,0.7432626223503269
0.019552661156300055,0.9012829891461481
0.03139913763492161,0.36649955593793315
0.019076956186975025,0.9164714138972408
0.02082200249642019,0.8547979849365595
0.02295899424548481,0.7614399791001427
0.030727939053113495,0.3936043953364478
0.028749026408707357,0.48144042191865855
0.02450720609332746,0.6869783636506022
0.029866425308159306,0.43038450424966707
0.019278183619629408,0.9102059227572513
0.023895678321332547,0.7167668263455006
0.0245035740511923,0.6871561837882487
0.021893796054619385,0.809875783918308
0.023060884100859824,0.7566573171204058
0.023067138020868017,0.7563630529019834
0.024291363805335142,0.6975299367290526
0.025449878481515587,0.6406719336744069
0.027248893719528877,0.5532229147699532
0.0333783126078695,0.29432421253498897
0.02298163202712783,0.7603792780058597
0.046810237371844365,0.046702619844660447
0.034406970972044704,0.2612371213355313
0.022022220032050566,0.8042102483441298
0.02899200296422816,0.47001625547837583
0.01797843104446288,0.9463632141474825
0.027877221176099698,0.5238974838178118
0.03921093543483345,0.14270753269121417
0.04946202962261759,0.03019554740684138
0.016612691513944622,0.9730880292194125
0.016022672364237267,0.9811920397245669
0.03707600747107903,0.18851986455832856
0.05185774630945594,0.019947084474421298
0.027632997617002164,0.5362001669136782
0.03225445695302831,0.3339041864114395
0.020899825306920805,0.851693656100983
0.026946348349786153,0.567715652239271
0.026659904946761293,0.5815380045848222
0.04657387810230096,0.048497268319895134
0.02105180791281691,0.8455548587533599
0.028977449412611322,0.4706954933553121
0.03349059387400943,0.29056874156248436
0.028426598681501325,0.49687589223311907
0.01886972817692012,0.9226737211499478
0.0397026035419466,0.1335507966131565
0.02533560142033464,0.6462906821590878
0.01871640219317372,0.9270967384543346
0.04360988054671161,0.07656938251858789
0.028498037420418343,0.49342885392563335
0.024381901907925302,0.6931080532631504
0.02053225191693575,0.8661141639026344
0.02273790094794248,0.7717390362263317
0.027754907222404368,0.5300367608344737
0.02806677880417896,0.5144715096044296
0.06033676925740994,0.00392885461777399
0.0357911550794926,0.22124558076151335
0.04675168275876507,0.0471417692519383
0.031127173636007366,0.377319423067241
0.03474438455412465,0.2510186385908597
0.02633822813278161,0.5971599554902006
0.05151966147310816,0.021174118671202835
0.033784681863935184,0.280900795119636
0.03327534470779492,0.29779959517052706
0.033624724292405594,0.2861291452570291
0.04324113740268454,0.08087612688358288
0.022441756541627167,0.7853477469266428
0.04372868204759528,0.07522386131127884
0.0322348171527701,0.33462843513619994
0.04886413114289001,0.033385334676581356
0.03367415574077737,0.2845057755873829
0.02805757706025419,0.5149265896505848
0.028762557806481015,0.48079950875832117
0.03337128087939356,0.2945605906473742
0.018861931478925842,0.9229020605785374
0.0344477555845798,0.2599855516147519
0.02014059593712636,0.8807711046840246
0.03513350424716688,0.2396141793236505
0.03176020142165015,0.3524756768734346
0.029152086782221143,0.4625872564250875
0.024142550533350793,0.7047830120535814
0.033227141455348774,0.29943691505005404
0.031571300483140385,0.35976431972856987
0.027684846762429494,0.5335734070506324
0.03758599229045223,0.17663929460989564
0.02820114944743457,0.5078550609614941
0.038525618016063634,0.15631264273532874
0.05354664426743777,0.014717389155734607
0.023856976253241458,0.7186392508941973
0.030054068428446212,0.422182191599215
0.02963914109511856,0.4404626357779775
0.020258111709399396,0.8764533408817544
0.036952053181147804,0.19150059277846765
0.02600701895708546,0.6133331460433395
0.03323470575393636,0.29917954083186415
0.028521896906563815,0.492281024822849
0.017402787647202253,0.9590316809189485
0.02157120416821684,0.8238598434464905
0.02163577456307003,0.8210902745719084
0.03153297222744611,0.36125613341136703
0.01758409684759532,0.9552651105015353
0.025699170621361733,0.6284244801996466
0.020364633215499528,0.8724796263361363
0.03541067031846268,0.2317354009710251
0.04079786535096391,0.11486923765270851
0.032272084379897814,0.3332551094709158
0.029797350443354242,0.43343081263142413
0.039236391676970406,0.14222126161758802
0.031575170864861724,0.35961391951838534
0.02520422940626088,0.6527513003699652
0.03202092254638844,0.3425894606710351
0.017559783917099468,0.9557821002367693
0.016032425978113385,0.9810737769045644
0.025233320335922516,0.6513206275421393
0.051459589675980466,0.021399036029498907
0.029942252693341387,0.427057061504308
0.020190025315617866,0.8789635073730075
0.024721737999142346,0.6764620866671675
0.02822996686051124,0.5064431501958486
0.01966205509257135,0.8976083327937094
0.021591194601995323,0.8230040357482757
0.03123941685871412,0.3728271092451439
0.02431278736952025,0.696484191998407
0.04104424877464574,0.11097818322655477
0.044831694094645824,0.06366080300477558
0.018735583567154823,0.9265512061605783
0.03526257007473421,0.23592022142136382
0.02605588794119451,0.6109421315805417
0.052449393970756486,0.017951537414808913
0.0228505396697104,0.7665060207464458
0.02107983438327221,0.8444120377942428
0.019823775519614506,0.8920552940069341
0.017683723554464348,0.9531080455270582
0.023236306029864873,0.7483736130071788
0.040101406803223605,0.1264803716772045
0.054683205262597734,0.011928557437252985
0.0328037796298728,0.31410279768038624
0.029831905464272945,0.4319050736405474
0.025017455959722823,0.6619354562558961
0.02232519530539545,0.7906400173096134
0.01974864224526407,0.8946529084315996
0.045444865271435986,0.057916095885938636
0.02855648408980184,0.49062016074531917
0.030636840571927504,0.3973875527096066
0.02434819374682623,0.6947551041576736
0.019628387486820942,0.8987463435192267
0.029588837351886027,0.44271436605743103
0.025819177367447543,0.6225361541365935
0.03187779008080849,0.34799199645964846
0.02136478448623791,0.8326092497830654
0.027897573647119867,0.5228802766404965
0.022555007923764248,0.7801702297068216
0.03437638931769488,0.2621785668530099
0.03761553688998498,0.17596966177409232
0.04380918249066401,0.07432356247408113
0.02556883624340106,0.6348255429003029
0.023012302415850727,0.7589404554770918
0.04183098076765435,0.09927677600160657
0.026535944469192024,0.5875466184884328
0.02799610710682937,0.5179731537419768
0.03367825695757157,0.28437139646089976
0.026805714512305817,0.5744905569082694
0.036862619111415085,0.1936741463060145
0.0303694314223647,0.40863723798064533
0.03757896363846602,0.17679889754347447
0.01735949884337251,0.9599007143169951
0.026414818888848945,0.5934318899543272
0.034246400877600225,0.26620876438299673
0.016197726212284463,0.9789909564340605
0.025363371069390572,0.6449251589600977
0.02229446970492044,0.7920286703751727
0.031241995882894114,0.3727243320844509
0.026123313546500326,0.6076456776446648
0.030260169887591948,0.4132959763952781
0.024724863986372192,0.6763086844594521
0.024443357909790298,0.6901030535024051
0.047245141804228286,0.04355048456056417
0.02221442101003107,0.7956336030774781
0.01787701796048724,0.948745639018231
0.040393923787716335,0.12149156599575844
0.03487585629827783,0.24712020569222504
0.017004656493946335,0.9665883192716765
0.027905657394455108,0.5224765985469252
0.021347232410059175,0.8333456800318959
0.024901467304717456,0.667636230481309
0.04641966769878325,0.04970007927936862
0.03728123713119913,0.18366523190944956
0.036100595809799546,0.21298811126644146
0.024612839637333295,0.6818032683654105
0.03327183520376814,0.29791857925487414
0.022791172966473094,0.7692678141743667
0.029277656008521502,0.4568143625943664
0.023674697519953658,0.7274320218503249
0.029180523584997675,0.46127571944412055
0.03210154140935062,0.33957308525490276
0.03915121242115904,0.14385366535179323
0.024791099247396087,0.6730573708032446
0.02101366832176621,0.8471047090617836
0.023677549858613256,0.7272947790231811
0.025349208899665077,0.6456215489419219
0.025002726452073826,0.6626595598861067
0.02911199160013389,0.4644406575431599
0.02918553240588856,0.46104496110397525
0.027469763802234592,0.544522063341843
0.028498458198586346,0.493408596297908
0.02350671947396618,0.7354932098691653
0.03827551516972805,0.16153015674028876
0.020427278718531006,0.870116543699249
0.029397422910911963,0.4513527968891342
0.030057281405789005,0.42204267440063054
0.03752444992741466,0.1780406557804206
0.029268230307876147,0.4572460373223222
0.04108139648378739,0.1104010863583011
0.03147811912144094,0.36339873475157336
0.04312605956530735,0.082261347620912
0.023702373594087667,0.7260998772726337
0.031460824918827124,0.3640761168123218
0.03602093669205508,0.21509060132023128
0.043002141371622726,0.08377529569282051
0.026866848540499866,0.57154268225444
0.029789878946211767,0.43376118464964897
0.02819246014471133,0.5082812838880846
0.027440749335146064,0.5460095432873855
0.02452919941844467,0.6859014248349922
0.02829147435854798,0.5034379445877778
0.02441985726970175,0.6912524740451662
0.02233491023861045,0.790200385295801
0.015581642386746641,0.986020093348821
0.03596382359858763,0.21660790280056264
0.028445039364703717,0.4959846242506617
0.02610635693448554,0.6084744098184454
0.025229377727298108,0.6515145226100232
0.019568574398554694,0.9007525892023713
0.04453559054918521,0.06660504558462939
0.03880935563894655,0.15055836822382868
0.03133137674256503,0.36917468725840685
0.0312825868979692,0.37110935258214783
0.03264644903741232,0.3196844770998791
0.04960005294596437,0.029498489668632534
0.028352555870866047,0.5004648245305835
0.026166400094436215,0.6055407603916507
0.016529038774894034,0.9743574620014325
0.027399015617528888,0.5460769957483946
0.044050508254017906,0.07167919775333055
0.020148805846733286,0.8804717380312754
0.03360426248450876,0.2868031375088078
0.030192003726887018,0.4162207732211386
0.026871690779819338,0.571309371826883
0.03037985734238524,0.40819458047553164
0.03460716434731703,0.25513711917334553
0.024354385008720225,0.6944526506581854
0.025573492941206533,0.6345967508270967
0.024723340207124134,0.6763834617110771
0.046591139082886035,0.04836421668021045
0.02475151976558987,0.6750004334169084
0.0420362821947704,0.09639830606662725
0.022569759163050374,0.7794933535393204
0.024854595192847995,0.6699390026203748
0.02335723408915924,0.7426292546684028
0.027795276433249638,0.5280055768651515
0.027005587529122854,0.5648688385070465
0.03170658696078743,0.3545335995498316
0.029008248695982675,0.4692587989928101
0.031663564546168366,0.35619112550907367
0.04063510806532733,0.11750081603382252
0.021259843121265498,0.836994159737392
0.023039022361084127,0.7576853375311379
0.029303721973061747,0.45562200668458147
0.03915185166219015,0.14384135845077725
0.04951509850803726,0.029925836114772765
0.03162142327816886,0.35782003064000284
0.033163855416550314,0.3015966056361545
0.024183762302526723,0.7027763755224101
0.014297415465885394,0.995039693582218
0.033691267668832625,0.2839454040730282
0.030280341463413407,0.4124331739027101
0.02874712103132565,0.481530714404582
0.04466640402227007,0.06529030808415777
0.031576823825862466,0.35954970023522054
0.03128300649873983,0.37109268381032834
0.025920530697557176,0.6175681860387259
0.019585726302773,0.9001793191360985
0.030228864961380053,0.4146374263079337
0.03113811036661318,0.3768800428432704
0.019087845030188344,0.9161384545544902
0.017686009708286654,0.9530578179226826
0.018799182032311207,0.9247264416758881
0.021692855863885363,0.8186293816423508
0.042975076030147275,0.08410906575912105
0.02897031529317101,0.47102868872228815
0.05063399690304826,0.024712654466170936
0.02425369658112625,0.699367659849693
0.025144520433275197,0.6556876782886838
0.033485576552050755,0.29073579487332063
0.05405775981941746,0.013397859566014693
0.03286812780446702,0.31184049924207674
0.024344962242335122,0.6949129568651258
0.03350438518785226,0.29010992171866845
0.038105665861365434,0.16515234684034136
0.026011334901453492,0.6131219213556721
0.025041517839399452,0.6607524928083428
0.02387265764245594,0.7178807986280502
0.024494960596954773,0.6875778544251565
0.04523316686354928,0.059847036519497965
0.028072462861843395,0.5141905266677921
0.031682338843111,0.3554671321066502
0.024251642190150857,0.6994678557382943
0.030074697294842523,0.42128696814649275
0.030062133926302192,0.42183202257771574
0.0361253433876898,0.21233819335103904
0.03596064385947956,0.21669262081786925
0.03307411268040433,0.3046787644201942
0.04018215131180369,0.12508681722454382
0.015756282309108416,0.984227597167612
0.01773439223281892,0.9519871604611118
0.039937069951773596,0.1293558953010772
0.05302802154366565,0.01617445356700388
0.020109843583167086,0.8818893873597173
0.022268550558431355,0.7931979740704155
0.022157990884020373,0.7981634580303989
0.02782789473724867,0.5263679360795257
0.034951141051357326,0.24490867568244248
0.027455586256577735,0.5452485894238761
0.02386030806868744,0.7184781284029094
0.03148574433071061,0.3631003524163123
0.032507402202027746,0.3246772335692062
0.039202462978057406,0.14286967407797524
0.029277051064272586,0.45684205951107715
0.02100828108836217,0.8473231262101912
0.020556315424790195,0.8651892507179669
0.025566644848529996,0.6349332121756224
0.019357002777384336,0.9076876324049622
0.02289121698398444,0.764609011607726
0.04331300131168642,0.08002110808094046
0.018710851288402885,0.9272541927360429
0.024166495940801336,0.7036172843833024
0.033950185175391,0.2755664512012401
0.02458192768639411,0.6833183318953941
0.022892519773865083,0.7645481936014594
0.030510034784351214,0.40269524556811187
0.030393751799039137,0.40760516876801695
0.04135208432221038,0.10627043758527988
0.029024868009413285,0.46848475199166284
0.02789163652994231,0.5231768830089296
0.028123275430383066,0.5116829917359375
0.03661276722942575,0.19984917488891416
0.02003848459168789,0.8844654888157565
0.024429862665564683,0.6907631550526351
0.03734236771950139,0.1822384690355805
0.02064333300355492,0.861821825895433
0.030003588658650715,0.42437828313166687
0.03127390537966515,0.3714543467160225
0.040125796443846784,0.1260581018740432
0.03920323226630973,0.14285494568790844
0.01662175106397612,0.9729480985522987
0.03303769460470646,0.30593609466847344
0.02238869089341583,0.7877618062894813
0.026495019662049868,0.5895335816630745
0.03258579197679223,0.32185558447589613
0.0713224766706213,0.00033221471662623145
0.020696269635375353,0.8597560054784638
0.029123028093188452,0.4639300090105331
0.031078980883227914,0.37925982471751735
0.03828780184529157,0.1612706200932817
0.04636671516411184,0.05011900506732688
0.02193122379095025,0.8082301934036886
0.030102760388897948,0.4200711944054563
0.04952593361719365,0.029871030566835814
0.032488007458161994,0.32537810826301455
0.03443291688396327,0.26044038654020896
0.02287787717119094,0.7652315333964586
0.031165207304376108,0.37579297449850574
0.03547216146523946,0.2300147036674618
0.019442408409712453,0.9049186870765239
0.02852375061109208,0.49219191898999376
0.04170183936683275,0.10112386528532917
0.047648135698770355,0.04079636975339078
0.030586627528802757,0.39948350982066966
0.019724914593043236,0.8954668763537362
0.04438075901808358,0.06819029066817077
0.05922050627021358,0.004934611334007538
0.03491123601508006,0.24607902265451057
0.01602736744138597,0.9811351756304728
0.02354813536608802,0.7335096726569915
0.027132407180202045,0.5587889993077411
0.027926094003840163,0.521456927808683
0.028394859133794914,0.49841231738363106
0.02219804467635511,0.796368766265795
0.03546498254784147,0.23021508244767008
0.041142622835933895,0.1094553418880545
0.031693857017246474,0.3550234743808036
0.04121852650791935,0.10829220129518867
0.03900189788741365,0.14675176727169342
0.03899469872881023,0.14689268262001443
0.03437846557095252,0.26211456931628735
0.02666854475838587,0.5811197888538453
0.019826240694007957,0.8919695469208329
0.022926341274194684,0.7629679843899764
0.024939853508622545,0.6657499112561718
0.02835467448180362,0.5003619036019783
0.031880934142489825,0.3478726741233374
0.04500264355181949,0.0620121996620368
0.02411866839129495,0.7059451096649112
0.02488512734506032,0.6684390661182991
0.02103424854350955,0.846269174561275
0.028868833295800256,0.4757850502181617
0.027515295517558935,0.5421928304384303
0.04717555385874528,0.044042073513172776
0.030260668666728496,0.41327462717660773
0.036640583402361426,0.19915417293943455
0.022015760116672112,0.8044965087231383
0.017407623360124025,0.9589338799885392
0.023913947553667214,0.7158823225058386
0.024126949022349187,0.7055422397683938
0.02387708660567056,0.7176665308838519
0.04479804207358862,0.06398971250100265
0.02927805994616023,0.45679586923209153
0.03174053484154049,0.35322956389758553
0.041651951126570386,0.10184502680759
0.022359370403837675,0.7890922969332677
0.027455227354022727,0.5452669890635595
0.04403988312656898,0.0717939191596785
0.016769551698521012,0.9705969359018536
0.03173312116867388,0.3535140527536303
0.023181945277606197,0.7509470497192381
0.033345245802175016,0.2954370050044576
0.03788087406902796,0.17004573205597281
0.02027799503889155,0.8757158942762655
0.020930094184251236,0.8504790278889922
0.02686837375653839,0.5714691908662721
0.045609468340176096,0.05645191813651592
0.02785686698378942,0.5249160161972629
0.01724363183293287,0.9621696314386232
0.04088668275616658,0.11345379681710008
0.021307400926224407,0.8350123923555359
0.030433932637793218,0.4059039561681812
0.019556705483764758,0.9011483230603871
0.013078256965228074,0.9986432218377457
0.027101618077225775,0.5602631771867286
0.024577900086872356,0.6835156950804694
0.022110543320977172,0.800283127206031
0.018121731710039723,0.9428869403617229
0.029551370344432004,0.44439647957744793
0.023417542126448088,0.7397548132229088
0.024325998049619768,0.6958391572977585
0.013602156013027677,0.9975233152747919
0.022095531760752074,0.8009523087545114
0.017632235827417908,0.9542305835315403
0.02938024086717772,0.45213365177367787
0.02237998114692319,0.7881572842229585
0.03444888005466862,0.2599511088797357
0.041703158762873005,0.10110485053640993
0.04956856985811209,0.02965622782122198
0.019981282174099668,0.8865113791751963
0.019837935911724114,0.8915623016770218
0.02939053215687104,0.451665846387362
0.02719971584522074,0.5555705798966275
0.01811511521143494,0.9430502762546245
0.03707160492319461,0.1886251026847481
0.02474589662894522,0.6752764382773561
0.03538119353975028,0.23256374180191494
0.02069953138654551,0.8596282946830719
0.02229380132370984,0.7920588478670408
0.028724597579441125,0.4825988935178561
0.02141025612499381,0.8306958221845143
0.027888634894763537,0.5233268787719283
0.03390314563307195,0.27707482385060167
0.02493023892012189,0.6662224124590357
0.03508602467710231,0.2409841448444769
0.027790932060599238,0.5282239311016108
0.04156157581445763,0.10316234561440304
0.02461318801604051,0.6817861906328062
0.03794843542775794,0.16856302290347253
0.028146373697146676,0.5105456854551457
0.03128667603848578,0.3709469326244124
0.0356006144498604,0.2264519282362087
0.021741062986479043,0.8165420574466543
0.029487871412910427,0.4472570472492142
0.025012711427834233,0.6621687020166702
0.037582323927746575,0.1767225795871616
0.03597413056505072,0.21633346997225916
0.02809829597489491,0.5129147270353664
0.04157285672211686,0.10299714442492185
0.02019349560721323,0.8788361338411733
0.03405863255509567,0.27211237472151084
0.024141937034595606,0.7048128716436998
0.02384971076697312,0.7189905530204513
0.03366172491769198,0.28491336825215685
0.0322985097184284,0.3322837803170145
0.02739962050391942,0.546048267160695
0.0458370260318397,0.05448022140203743
0.01947317414101757,0.9039110582199184
0.026439407920529484,0.5922360838470911
0.030177112933833072,0.4168615628030812
0.022961978268531524,0.7613002249960705
0.04074485851716492,0.11572090086046156
0.023899245675862435,0.7165941444432791
0.019461971386175225,0.9042785880231297
0.03293065919980273,0.30965350356200644
0.034823151502483635,0.2486774549507645
0.04274172020423539,0.08703352141505923
0.04009596367651841,0.12657476909109297
0.02376054420280138,0.7232964664508754
0.03087783632934804,0.38743383766000944
0.039060021504603415,0.14561806229277477
0.02798162011346461,0.5186928054082711
0.029720117657828726,0.4368540376301869
0.043826687586002055,0.07412900348993044
0.05742735414399919,0.007053355464411164
0.0237943091670961,0.7216671462184616
0.01857853149546998,0.9309518412124385
0.03541812362239019,0.23152631141400784
0.017505197407834627,0.9569293799997096
0.036628743784935414,0.19944976041779558
0.042585858422700795,0.08903402866173422
0.03258928667154898,0.3217302083950903
0.03507032144650024,0.24143855621745633
0.023589020929328908,0.7315489228556253
0.026463537402112602,0.5910631471538292
0.019837907594272508,0.8915632886229944
0.019131657700937832,0.914791684964462
0.039551798442086505,0.13630701454435024
0.05101571090425483,0.023127904548440492
0.017567869156597804,0.9556105857076922
0.023615001746250475,0.7303016438910461
0.038889317878718965,0.1489679378223701
0.04097768565748061,0.11201849281976735
0.02369811894763474,0.7263047381067471
0.04069055472395866,0.11659879343510281
0.030879517202247464,0.3873650274825547
0.03072403014182573,0.39376621181930255
0.027523754741985207,0.5417607658544183
0.02733121313761233,0.5493005324834415
0.029667562864303276,0.43919379630068317
0.021179178246391955,0.8403346926309562
0.04205573774930288,0.096129177165454
0.04094491744111173,0.11253357706773186
0.03075525208906793,0.3924750071807031
0.013982623022466112,0.99632911362847
0.026944163564275758,0.5678207257537866
0.026847441936307392,0.5724780074545142
0.0281327603236457,0.5112157831545117
0.044557617625127444,0.0663820948206166
0.02172827351556117,0.8170966267720065
0.0243711223838331,0.6936348560874415
0.020688880346607652,0.8600451451366262
0.021091065308851742,0.8439531516611987
0.018058050493642508,0.9444476228342219
0.024581609225693468,0.6833339376525058
0.02536429556356168,0.6448796999716462
0.02386670311579664,0.7181688333249425
0.019193790793603893,0.9128624290276344
0.025165219711593967,0.6546697439163647
0.024042542958064073,0.7096455318322071
0.04811355914529181,0.03780555835898432
0.02663006733755735,0.5829828992521089
0.026565859113224344,0.5860952174146301
0.03896472563110759,0.1474805480013359
0.03086470925931517,0.38797151505453203
0.018354247259177406,0.9369736150239919
0.023601194194169367,0.7309646384015516
0.018248427005274848,0.9397065908136253
0.01920927455400201,0.9123781377660364
0.01887974678314197,0.9223797725786105
0.0304169693982011,0.4066215658723554
0.03543412896367304,0.23107779885582463
0.027897919475528776,0.5228630030032473
0.031152668575466946,0.3762957267500533
0.033254656430749874,0.298501503566169
0.033078231901552346,0.3045367878766628
0.022569213666036148,0.779518394297923
0.05410291762813879,0.01328655771202654
0.025825279713994093,0.6222368984894943
0.03454467398179897,0.2570295500868323
0.02521125209482039,0.6524059297936227
0.017019613508775233,0.9663220016035545
0.02750762272874685,0.5425849106729215
0.024647993011637337,0.6800797133661
0.020185195423230273,0.8791406818637302
0.02930008178023391,0.4557883990439075
0.02422118288260955,0.7009529741748238
0.04219591557554381,0.09420858591418799
0.04739863252097881,0.04248301492292966
0.025915592604926707,0.6178101124965367
0.031081733824027236,0.3791487945698663
0.03027112370511728,0.4128272939809902
0.01452881725841465,0.9938908671625533
0.037959679649982786,0.16831725991037375
0.025991231428960315,0.6141058902077329
0.053641757743483676,0.01446333636091637
0.0337336003723141,0.28256264494600275
0.03497813471762318,0.2441194045160202
0.030390480214178006,0.4077438989461402
0.030669518674251717,0.39602761177146806
0.021697479166988887,0.8184295525089911
0.023381385258167908,0.7414788965208462
0.052321199435279075,0.018368111464480277
0.030361969741064754,0.4089542434016792
0.028800071834891305,0.4790255583082509
0.039023685952730314,0.14632595639315088
0.022874174561505367,0.7654042500094561
0.018091017574823454,0.9436428406098125
0.01792620302139114,0.9475982192551603
0.0373008664049847,0.18320613347474846
0.047624480381434575,0.04095373712268769
0.02419686553889755,0.702138035704829
0.01601869048131599,0.981240173225783
0.03256401749367188,0.3226375676009363
0.02426521571768875,0.6988057865781249
0.02089004697352055,0.8520851820380033
0.022200221122418012,0.7962711078588589
0.01881119816376886,0.92437892410701
0.02832677490616209,0.5017183328549607
0.018254098298705224,0.9395618873134782
0.030694265729857145,0.3949998738556947
0.042254789129783754,0.09341157497787647
0.023911549205897775,0.7159984610616593
0.014346872216328355,0.9948092282562466
0.028309656414792106,0.5025517650957002
0.042433107681816074,0.09103190212257045
0.04434329562062078,0.0685786537007411
0.015787884191483248,0.9838867916045598
0.032052228323605325,0.3414158748823326
0.03245237736827822,0.3266685405450077
0.018932690396098295,0.9208163861298819
0.019316523577148276,0.9089854236415882
0.021591984199415326,0.8229702023206051
0.022338679043841903,0.7900297623632716
0.019684400444270556,0.8968495741369675
0.0220687076248125,0.8021463218616751
0.018455473528266514,0.934294263324057
0.03413787661693701,0.2696090129415598
0.02480570867400067,0.6723400063157393
0.027117791491047094,0.5594886438975083
0.01567933261936999,0.9850362229585267
0.03433372337007645,0.2634962926614236
0.04154826714126708,0.10335752515593696
0.016678536707690927,0.972060030543005
0.025412767624609756,0.6424963926102986
0.033041662869992106,0.3057989062445687
0.02352462547579731,0.7346359665293396
0.024714798559368034,0.6768026121748449
0.04297043862887251,0.08416636645189168
0.031040737656276907,0.38080458162652936
0.03229124583106413,0.3325505788698167
0.038596870683358375,0.1548512552978732
0.02519187957492447,0.6533586535107246
0.023815267169954524,0.7206550728126273
0.02998379583298627,0.42524146585552236
0.02262011150857368,0.7771786606677498
0.039153981768236645,0.14380035502832092
0.02815206011817961,0.5102659448558515
0.016834966669771606,0.9695149370027458
0.027138271003266046,0.5585083793797063
0.03252964055830743,0.3238749456587826
0.03143091218069194,0.36524984795368043
0.022056449390924437,0.8026912178898857
0.025827681061379226,0.6221191424867982
0.03379134977966125,0.2806844042207778
0.026826153223996285,0.573504535603627
0.028913280231958383,0.47369802638957126
0.027563550167979955,0.5397310208171197
0.03721528450424916,0.18521442517298467
0.016100980098886053,0.9802280643289083
0.022302832599320643,0.7916509756606922
0.02403703277711533,0.7099131459810066
0.03001405853951339,0.4239221625419697
0.014917905050245595,0.9915230270130242
0.04233221604396359,0.09237198975841285
0.03230859126903746,0.3319137464303895
0.034969174318997265,0.24438118351446161
0.019940778330726716,0.8879496303212122
0.03098655665128558,0.38300062622234476
0.026226440050565458,0.6026098083064104
0.0344774326199766,0.2590776918915864
0.021809982100023606,0.8135438406909687
0.02904320153291612,0.46763183657962026
0.027299571391133592,0.5508070980760373
0.04451441365886699,0.0668199928480138
0.02909969286711578,0.46501014390333567
0.029005230836487927,0.46939944605788775
0.026138584838092532,0.6068994793804704
0.025120798960830637,0.6568542000999209
0.044906555198743175,0.0629343021109842
0.017936697045081385,0.9473514454890426
0.029811352487521092,0.4328121312579887
0.048230036742242854,0.03708773913329695
0.034043430185696166,0.2725946100815411
0.021112065948349468,0.8430936649654064
0.03028512906925651,0.41222857356782905
0.027549960423417175,0.5404236296383138
0.02067586106965702,0.8605539717355203
0.027433697762438536,0.5463714320694577
0.015315904629227717,0.9884627941196923
0.030545546296172787,0.40120395214914206
0.0388235925585565,0.15027420137411482
0.02288894504863659,0.7647150630292938
0.015463001557633249,0.9871521371157628
0.03353453320151889,0.2891088043182107
0.04051741178721316,0.11943458246697611
0.020556646812351753,0.8651764942205762
0.02785314811558981,0.5251022437881819
0.01645373307933612,0.9754655214988023
0.026749358144843804,0.5772117396668613
0.02896029902766295,0.47149675350085235
0.021746087336819264,0.8163240379914665
0.03515334566303674,0.23904344559992727
0.028667076970172095,0.48533378270799005
0.023229018881371744,0.7487189117406046
0.028804362598002703,0.47882292962133194
0.022977198958934797,0.7605870778763276
0.03532245636632747,0.23422111561273828
0.03420392827955146,0.2675356428208958
0.02406395369540215,0.7086053680240503
0.024827262785511284,0.6712815002437179
0.03393046141489692,0.2761981654511646
0.04273677945447296,0.08709635201323249
0.026304358996229293,0.5988100918882118
0.021671151127986732,0.8195664912892707
0.01773895262856867,0.9518854872156167
0.020064216244488092,0.8835396043663563
0.032091092613297456,0.339962950862638
0.02468582277849296,0.6782242538190421
0.03035201878154313,0.4093772664320782
0.03460149272162105,0.2553084398063628
0.035404771449144445,0.23190098631086026
0.023546543140128273,0.7335859790343582
0.042919910835470865,0.08479283120262711
0.04706786183333661,0.04481234303782757
0.014796491579829874,0.992324338605736
0.0228237447638443,0.7677535549605488
0.023542773568003494,0.7337666175791175
0.022537259825069378,0.7809838683019034
0.02488928679298652,0.6682347059525624
0.0369705690837816,0.1910529998436017
0.018949379592518856,0.9203200853186686
0.025476609259389993,0.6393579347450924
0.015797910008678417,0.983777600293668
0.03154663604279029,0.3607238085816322
0.01827977405454273,0.9389042627534631
0.020445195262824817,0.8694371875090012
0.03161311827801849,0.3581416697504773
0.020660028295323096,0.8611717020041192
0.022375796995318803,0.78834719595586
0.026653237643055855,0.5818607920861789
0.024240710268997767,0.7000009615685268
0.027556471737661403,0.5400917084342626
0.026975844954663153,0.5662976241649188
0.027822010628209104,0.5266631197851885
0.045764193609276194,0.05510473279350335
0.026220340322022473,0.6029074566728054
0.0334911098069961,0.29055156744336436
0.028529698050532848,0.49190610121226674
0.03306781799606362,0.3048958161574038
0.025007559260868395,0.6624219829819078
0.03856416927709941,0.155520588752176
0.030586905409610288,0.3994718897845266
0.016037671222721483,0.9810099665866071
0.0361833113545873,0.21082187715064366
0.051183309098935204,0.022461066263529682
0.019518326601608404,0.9024225502421712
0.029968594378501745,0.4259052211193294
0.05367170101496421,0.014384175741400435
0.018661650164779053,0.9286416020346263
0.026519245603643382,0.5883571852320437
0.04953602902680532,0.029820046111013156
0.039149810695596615,0.1438806548676386
0.02603708481410294,0.6118619396304548
0.026805303992654683,0.574510366316308
0.026645149978584914,0.5822524050967672
0.029760759446185503,0.4350503966536131
0.024672641537722473,0.678870839519884
0.025312165692322697,0.647443146181853
0.03243864004388575,0.3271670601389212
0.026593065778605263,0.584775952706613
0.020785101190540722,0.8562605315342595
0.019202424533136253,0.9125925609241912
0.03395103479446715,0.2755392638153303
0.01962444663795193,0.8988791392603409
0.03540546739880157,0.2318814457977626
0.03647160480497336,0.2034054960666776
0.03878170872077591,0.15111143456554493
0.02049722636797613,0.8674554897122628
0.03382431626740562,0.27961638251413884
0.03182142216834344,0.3501362109911748
0.04553892422626632,0.057075479825345526
0.02792675974743053,0.5214237320118226
0.020277720964151147,0.8757260727980981
0.03149545328400083,0.36272068167791643
0.031063310454039317,0.37989226909055546
0.016896223645876812,0.9684784755734049
0.024954783727941687,0.6650161340548084
0.021104998716384105,0.8433831092857557
0.04017042366054113,0.12528843817510832
0.016660817261631045,0.9723391799161921
0.023905728470438314,0.7162802982599871
0.019048558196247733,0.9173364710314954
0.03152345131622092,0.3616273844508524
0.03793385529743465,0.1688821243774026
0.026705198143750164,0.579346417413592
0.029522855413451066,0.4456795369005347
0.023073826592860724,0.7560482482280536
0.018464082483774402,0.934063468775913
0.030471071470632216,0.40433587798285503
0.028499137496850513,0.4933758938008429
0.03219380503767155,0.33614446803215636
0.03133047309684664,0.3692104549077157
0.03265307768533504,0.319447863866337
0.04854139706647165,0.03522711561784034
0.031172466704280866,0.37550211719627064
0.041244765889250024,0.10789250061634592
0.01871508822439727,0.9271340267960453
0.02304212947752976,0.7575392897919775
0.020389643529239665,0.8715385015287042
0.04046680910875666,0.12027399937084167
0.03426906092877141,0.2655028731436378
0.02706781447513734,0.56188308774145
0.035180700248213126,0.23825830200729148
0.03801252324618609,0.1671660930258108
0.03520909628289093,0.23744535418634782
0.028980372946840444,0.47055899574910504
0.03779405816432169,0.1719662421453415
0.021832337353470788,0.8125678029917808
0.036228508838965945,0.20964546135178871
0.055748924805430256,0.009756474268422795
0.021077500660199755,0.844507325226461
0.023563372265396065,0.7327792559190376
0.024433847241520534,0.6905682679607952
0.025709571422154465,0.6279139185160743
0.03700722707294568,0.19016927901226202
0.014640863729991072,0.9932675282416568
0.03618921787380169,0.21066784927421126
0.030867135156481096,0.38787211263265176
0.028448953038483604,0.4957956020281819
0.029957525447024902,0.4263889749684739
0.0488093381595201,0.033691942103883606
0.029138527565058414,0.4632134861120831
0.038129272568025896,0.1646450612381908
0.030767067906524476,0.39198712200755936
0.032334608306688814,0.33096018913095854
0.04803766998501635,0.038279747562719665
0.01845746677682958,0.9342408677257229
0.035268673871428624,0.23574661241175743
0.034749206414093514,0.25087483986344766
0.0253187698765778,0.6471183777001059
0.029519623704248987,0.44582510651174806
0.036171500278034285,0.21113014435759925
0.027711031960719223,0.5322498674532011
0.019955572475426342,0.887425309103867
0.015046964476328903,0.9906053736480436
0.023349467178575778,0.7429989887658618
0.02578308868899659,0.6243062666219923
0.03197463795368108,0.3443298604726158
0.028423895968804513,0.49700660487632853
0.03132675242878197,0.369357750212461
0.03400730142176622,0.27374322048778066
0.02725827113119539,0.5527756255688099
0.06576885525929288,0.0012194778413691957
0.03714516191725592,0.18687286766060698
0.040615367938371116,0.11782333801091904
0.019404165028158116,0.9061637261931307
0.036720173336456385,0.1971760287842772
0.037836153620360524,0.1710328761527607
0.021492451180558425,0.8272169300218706
0.029051310449663748,0.4672549171128209
0.022343182133859565,0.7898258436652779
0.021953834875330314,0.8072338128611357
0.02587584073228877,0.619758094150803
0.021439868914290283,0.8294454360589258
0.02424402097830297,0.6998395225074412
0.02007415709797611,0.8831809883993305
0.06164445627140214,0.002991940260014203
0.036447652148898,0.2040138138039662
0.04116459371709086,0.10911760362752612
0.018289267874478654,0.9386600617388103
0.03839919215173909,0.15893289241458486
0.02719351960883376,0.5558666077287262
0.040584306709805396,0.1183323039281266
0.029867906622006557,0.43031933452612114
0.029144201417551252,0.4629513725459763
0.026741455750227655,0.5775935853634099
0.020785914496612934,0.8562283629375628
0.03549991721118939,0.22924124297224793
0.04030090176975548,0.12306020688719264
0.03931631425059123,0.14070328511643052
0.019392622079294486,0.906537877284016
0.02512804407331959,0.6564979207487351
0.03100318242089506,0.38232581943102106
0.021597661836550153,0.8227268543354125
0.019381963128231372,0.9068826987379605
0.01852342345306407,0.9324601788061047
0.02522114978611123,0.6519191677640153
0.02583748088065746,0.6216386120627599
0.02474327539984794,0.6754050937381179
0.019811823150927887,0.8924705729421809
0.027737698418818124,0.5309041035067893
0.03474716407650541,0.2509357393372969
0.03675294025375975,0.19636612324812153
0.045245287349273355,0.05973501221667364
0.029474700508483942,0.4478519165312221
0.03334980414407818,0.2952834194333396
0.019038954946788977,0.9176279241523503
0.04187847336696926,0.0986046057230841
0.042745573971125994,0.08698454022008673
0.04040093702884509,0.12137396966404304
0.032936959839965696,0.3094337666503473
0.026363648168684417,0.5959220838788457
0.01843537926411626,0.9348311818501734
0.0425604028517268,0.08936439219896736
0.030468078796211495,0.40446208049205423
0.03887286523536476,0.1492940641088149
0.03087297232158792,0.3876330042367148
0.020440184636641212,0.8696273363048163
0.0302520692595295,0.4136428125916204
0.04252588267835822,0.08981403892131296
0.037358735138882326,0.18185795202190866
0.021386365044095412,0.8317021491562683
0.024040993523749776,0.7097207868017577
0.031898026171751276,0.34722451440013297
0.020560769550250435,0.8650177492793738
0.01453432778585273,0.9938612662649347
0.023351142059093055,0.7429192671127547
0.01701763624730926,0.9663572858274815
0.019591802898116906,0.8999758266798632
0.04585691859873914,0.054310713123058574
0.02095729882578154,0.8493839509780636
0.04553234549519125,0.05713393185382993
0.022293685313561296,0.7920640856076572
0.0408966575894415,0.11329573584058661
0.014809829925095053,0.992239168820106
0.022175569131115125,0.7973764251496399
0.02308900938031233,0.7553333150877393
0.01906664557019533,0.91678604656455
0.018247448966947077,0.9397315252861899
0.026252469296463965,0.6013399732125606
0.021849837221084523,0.8118025678280819
0.032458332230070164,0.3264526129610355
0.017332923405085743,0.9604284619693889
0.019535441000171017,0.9018553517833372
0.020898195362179517,0.8517589485261172
0.028042121232506212,0.5156915424375219
0.022029748309741137,0.8038764773946668
0.037170881583366344,0.18626322639368242
0.028628683022175472,0.4871648381897008
0.023385684727729728,0.7412740001813116
0.026401883607516885,0.5940611663004783
0.017030721454880854,0.9661233381750699
0.029370546459990265,0.45257461898099394
0.023133828866943817,0.7532201212305335
0.023945804163188478,0.7143390438454456
0.0324617767903681,0.32632775790237223
0.029104025395002342,0.4648094761525096
0.032310854260096666,0.33183072632950045
0.04479535334528062,0.06401605423907245
0.02731176916941508,0.5502261569450904
0.045187103085158054,0.06027442816704612
0.019063825132921985,0.9168720038759197
0.04805574973927662,0.0381663083077542
0.04852226509272112,0.03533904043991381
0.014194157356100079,0.99549568707541
0.034062999050646386,0.2719739830422968
0.02127091849706711,0.8365334481425732
0.018239552665559766,0.9399326182673103
0.03864173440745239,0.15393675539154675
0.06076475485945143,0.0035960293434029902
0.02773926112174968,0.5308253050817275
0.027209580980880665,0.5550993746879112
0.019771444010135086,0.8938678105891471
0.02134937061323333,0.8332560322392578
0.027049838690987982,0.5627450988485007
0.02873431101177204,0.48213804387506226
0.02803109163624795,0.5162378666178379
0.03185863980804993,0.3487194119435706
0.0360576813004746,0.21411878762261793
0.023054740739167634,0.7569463008124651
0.03996346182553856,0.12889052820921765
0.03731973029319169,0.18276579162659823
0.033263865367833156,0.29818891387020446
0.031635026544241995,0.3572936410543463
0.03395581368631284,0.2753863790225448
0.022329668812489545,0.7904376101325752
0.02388722323989001,0.7171760430610888
0.032542150476463194,0.3234242606221268
0.024558401040669864,0.6844710716227429
0.03315866468440826,0.30177425095005506
0.018462635161111768,0.9341023015607205
0.022098446903467406,0.8008224129440248
0.03412410193341331,0.2700429173348583
0.021099701857632103,0.8435999096699717
0.021830777543493496,0.8126359600404128
0.018878590926509356,0.9224137165165807
0.04092991439050314,0.11277006244538625
0.017371521474256663,0.9596605240034465
0.043138013461070934,0.0821165306907871
0.019219468497435777,0.9120585348535329
0.047278953616836705,0.04331335474634542
0.024661511326163787,0.6794167512023874
0.026365460324568213,0.5958338584057536
0.021103828959631588,0.8434309975139739
0.019747139559949944,0.8947045486154491
0.019078159479435586,0.91643465400107
0.021805232035324917,0.8137510102365018
0.02128672578030058,0.8358750490381242
0.020616931244493493,0.862847277568764
0.03002900068203096,0.4232717832326467
0.033206703380670666,0.3001331332015384
0.03847846616229866,0.1572858038160536
0.022213790951552292,0.7956619023422581
0.02247068086430104,0.7840286773519153
0.020301322870510397,0.8748481767017999
0.02237633487198354,0.7883227853670084
0.03529926975914316,0.2348778543101403
0.026109474139693667,0.6083220460883719
0.02388280249343322,0.7173899679230297
0.035198012899014364,0.23776240660616949
0.029003766217592375,0.46946771443600477
0.02855757764404865,0.49056770758024976
0.029590354253251863,0.4426463531971718
0.018788802235044033,0.9250259319628221
0.020741304298885765,0.8579884059941969
0.024975958428534395,0.6639753726207422
0.023098378151071075,0.7548919209341478
0.021187895834738207,0.8399749519944593
0.02718123599615807,0.5564536136206203
0.019760386186889245,0.894248900881835
0.028846129787448826,0.47685341110983404
0.03490490255669229,0.24626516304081297
0.03696558960078056,0.1911732900413165
0.025357805302369307,0.6451988393917449
0.027097937388069093,0.5604394896964942
0.016269458709199047,0.9780403161113459
0.046615308387273735,0.04817844502420824
0.03684117170279033,0.1941982622813911
0.023798074714928674,0.7214853477899152
0.0514961804855375,0.021261783179500813
0.03626737744559244,0.2086378665559235
0.023651911995734354,0.7285279499615284
0.02473648137027351,0.6757385458981489
0.023082579638125655,0.7556361386968636
0.02293793535348193,0.7624257031766365
0.016616424118925943,0.9730304349330833
0.030481775975731318,0.4038846853696218
0.033371478071147154,0.2945539599518142
0.02298856439236191,0.7600542392496102
0.03255519185248179,0.32295491367164003
0.04272096758690935,0.08729768481377267
0.021617364945259662,0.821881451558698
0.023308678357372825,0.7449389386605547
0.047819826534802545,0.039669902773148844
0.038685112972797864,0.15305666700731513
0.046167713445954495,0.051720772956755055
0.036651228443074446,0.19888870218457536
0.035124157676892365,0.2398833917837878
0.03480409570496455,0.24924232158351328
0.03039768589067504,0.4074383881202512
0.029527417665335176,0.44547408807490335
0.02314866819096184,0.7525195795654505
0.028249968241269352,0.505464650064527
0.029671714657667658,0.43900865204273254
0.01483270851350943,0.992091452584273
0.030077102026164537,0.42118269481180337
0.029362234044909896,0.4529529509455671
0.01754548402102704,0.9560844484308065
0.027718292268075873,0.5318832547481376
0.025480088618422214,0.6391869108501251
0.021621383041669884,0.8217088734609058
0.02821607633049278,0.5071234056837172
0.026998897966702295,0.5651901001973387
0.02853121213077528,0.4918333556854194
0.030772477908655643,0.39176387874095475
0.023017002295983024,0.7587197963670834
0.026025508078107218,0.6124283568645248
0.047083750506135946,0.04469796855472817
0.027265202982635905,0.5524450633446965
0.02200267067734818,0.8050761362055641
0.025109611159623013,0.6574043526080198
0.031376988281819174,0.3673724821077025
0.020074708239994354,0.8831610909801901
0.035847741733735505,0.2197173494876502
0.03711390508194448,0.18761587585921746
0.0370985997338778,0.18798054887210142
0.027968976696357895,0.519321390086875
0.033416347188384765,0.29304807365599006
0.04299941883148606,0.08380881954589908
0.035587248045874986,0.22682066598139636
0.031042767584525732,0.3807224765586713
0.030283249236846332,0.41230890072071885
0.04477082059975185,0.06425683226838191
0.03697222094152974,0.1910131088003406
0.024966665615768435,0.6644321372950677
0.018590200255530223,0.9306300678101832
0.026227043836466846,0.6025803468808504
0.025815515662971744,0.6227157302858852
0.04232252211138832,0.09250161416785237
0.030028312059515894,0.4233017416924967
0.02535197571648451,0.6454854958715233
0.023784200422921953,0.7221550988572616
0.029060504724616076,0.4668277890601861
0.05176660203916805,0.020271480383027233
0.020383782119320237,0.8717593385139542
0.03721340106854615,0.18525881719522472
0.02958229252352612,0.44300789466255275
0.02519998384761335,0.6529600933577946
0.03067712698852776,0.39571144417405574
0.041689125858859116,0.10130724119375137
0.02848430669873192,0.4940901886996192
0.032462811440895634,0.3262902616532624
0.0335660382160658,0.288065364172745
0.034774365187352,0.25012556253471374
0.034911992987792795,0.24605678238788695
0.05016518849258622,0.026790112233496827
0.020507465126485047,0.867063996206058
0.02854819803186448,0.4910177252087488
0.03421599266010722,0.26715823755028917
0.01687455199200283,0.9688477349595848
0.02482757844762229,0.6712659971333473
0.027137770290686647,0.5585323398035045
0.03758998179557582,0.17654875391876487
0.028284236159443976,0.5037910058688146
0.03435678291287786,0.262783487068018
0.0438835826363671,0.07349962870731597
0.04573607754130188,0.055347460796242025
0.019951734946570543,0.887561426642605
0.02539176461701198,0.6435290449128819
0.014701745116145304,0.9929094997038053
0.02948484859574141,0.447393527474046
0.02997730275539967,0.4255248934392264
0.02620322475722847,0.6037427914639384
0.03284324982076253,0.312713722411975
0.022094550945401248,0.8009960069571079
0.027142704273755536,0.5582962498869446
0.05103352228719016,0.023056211627779852
0.030177565738846057,0.41684206752656033
0.03309670837106682,0.3039005598441451
0.03632149608667412,0.2072412283353735
0.033808797366007115,0.2801187732875065
0.02367459896157892,0.7274367638678405
0.0246540314862842,0.6797835868859363
0.02361337608387576,0.730379717747583
0.032198122223742465,0.3359846488134472
0.02484499978862109,0.670410331762128
0.014544374392776782,0.9938070214209711
0.03862606592586981,0.1542556457462987
0.025015836336520825,0.6620150789372449
0.035564338646593474,0.22745374065020676
0.03052918479130906,0.4018905747386314
0.02283364341072569,0.7672928798823263
0.025561405802149717,0.6351906262100917
0.017968864701474963,0.9465907023723834
0.03293454673464857,0.30951791100931136
0.0353842548500678,0.23247760888071867
0.04493274864213054,0.06268178396918292
0.037037887007381975,0.1894326285944727
0.018497219535222986,0.933170839806318
0.029754200675020187,0.4353411290870642
0.036641508866343875,0.19913108230012258
0.03252291403862917,0.3241174649141495
0.05847660623626727,0.005730515005487542
0.02673128732476371,0.5780850248890388
0.02349762716037329,0.7359283057464228
0.02726814716267517,0.5523046828598
0.018618741112628956,0.9298395177399269
0.030600760852143916,0.3988927974635116
0.039920738521422416,0.12964455402092503
0.03174032651988934,0.3532375557116424
0.046430378592764054,0.0496157107600841
0.024514984043243038,0.6865975376194255
0.03922343812777518,0.14246853522103475
0.04252253850283694,0.08985769952505238
0.031494173232166967,0.3627707223163561
0.028865572735793044,0.4759383866801808
0.022395862839954206,0.7874359955232947
0.035216245689157544,0.2372410092431385
0.029735558651246663,0.4361681918241416
0.02220986605615649,0.7958381635568792
0.02239090510756736,0.7876612331409183
0.04903417045156934,0.03244937528147438
0.04533756509055853,0.058888010093567124
0.023296632395069516,0.745511285127086
0.019190876125766976,0.9129534356546475
0.04261386103219256,0.08867179392972296
0.04975184791568321,0.02874829000657097
0.025304095400365267,0.6478400163180709
0.04239801382367753,0.09149617470775047
0.021221019862136536,0.8386052235553633
0.030542618088561735,0.4013267771556401
0.033334496006981684,0.295799434607218
0.02927846257327288,0.4567774363618966
0.027992720133267812,0.5181413477157082
0.022252761626054218,0.7939093085550382
0.0271321870551553,0.5587995345128556
0.021294177126713554,0.8355643425343712
0.03181256143901745,0.3504741247003075
0.03988855776524497,0.1302148905422334
0.05330197523529023,0.015389422883793804
0.018792705359843787,0.924913390833696
0.025612591474140745,0.6326760111153666
0.020657333023781366,0.8612767449130609
0.034417741117465206,0.26090617393427834
0.033990275788923496,0.27428575564674934
0.024828871755375737,0.6712024785717541
0.027687044557318963,0.5334622402063586
0.018987755891342828,0.9191725461469328
0.024904962126127583,0.6674645089094647
0.024499401829747747,0.6873604402282881
0.02629736303439878,0.5991510566512446
0.025759861366117465,0.6254458430596019
0.03627856485827741,0.20834855403333583
0.027720298314253794,0.5317819861986242
0.02427222333665735,0.6984639182476009
0.02829869737847779,0.503085780953279
0.03067533111184617,0.3957860570615381
0.017905844569983426,0.948074993132498
0.04325398869364372,0.08072266175730282
0.026783385827812062,0.5755682868776066
0.03744637522562727,0.17983114155735755
0.023842222272820957,0.7193525690844131
0.03616149045901329,0.2113916732750906
0.02063115303884011,0.8622953029733342
0.019909066180983287,0.8890696363498528
0.015948395791201248,0.9820759485180175
0.059726256049853044,0.004452803326184873
0.02917867909800609,0.46136071485287
0.019844253007725132,0.8913420246128786
0.033233532077326766,0.29921946433276586
0.04237998197701531,0.0917354966045615
0.04293366466459825,0.0846219179617877
0.03568582810138954,0.2241119936781222
0.02898092909175104,0.47053303269524355
0.024329725434134142,0.6956571361707493
0.028880519342926902,0.47523574740469443
0.020254522451396417,0.8765862506228885
0.03735893068451168,0.1818534096938353
0.017161134644593456,0.9637345887281026
0.030546700462206755,0.40115554723972935
0.02056562361938108,0.8648307415487793
0.03390715468512895,0.27694602946882857
0.019062523764833694,0.9169116492743892
0.02735984715546036,0.547938386638259
0.029741048313464802,0.43592453067339787
0.03054872873298431,0.4010704927372691
0.029024290747497905,0.46851162401718355
0.0236920157140173,0.7265985639707393
0.0335435994853297,0.28880824398359095
0.025348465317293234,0.6456581133520944
0.02763221354127765,0.5362399508774424
0.023016248169902442,0.7587552056819802
0.0454790635868475,0.05760923958348425
0.015477756467675047,0.9870150416435576
0.02882233842547055,0.4779746378567653
0.03001359802156378,0.4239422180306099
0.03630747466360518,0.20760237764849931
0.02774166585388721,0.5307040620342082
0.027901983251634233,0.5226600499766805
0.039268819434879476,0.1416037653584327
0.028997280244966395,0.4697701147965051
0.03199611779523248,0.34352138716688346
0.02352069639596227,0.7348241132835773
0.018311567944250595,0.9380842523062259
0.02360815948843964,0.7306302227672106
0.022232848274977735,0.7948054152590996
0.05774047989423725,0.006632051248193812
0.034044325561041755,0.2725661900946744
0.024491731361549585,0.6877359291847329
0.019894433633619174,0.8895846240464915
0.026798229245688088,0.5748517838958649
0.028122827821508545,0.5117050468115653
0.02452215782354905,0.6862462601039568
0.026313218785559228,0.5983783451401001
0.020176859815227766,0.8794461772209226
0.022749939012134734,0.7711811969805478
0.04318917339042294,0.08149917394752856
0.015288556777156626,0.9886954099578601
0.025779783088736963,0.6244684315998302
0.03192541797931353,0.3461875687205045
0.03614945738796149,0.2117063974070174
0.0372926713037012,0.18339769380698087
0.023083014208459013,0.755615674250497
0.03675924284296614,0.19621064070432206
0.022795642838687957,0.7690601570108423
0.03250922919914373,0.32461126716649735
0.02224047450413691,0.7944623707795242
0.04109805835071634,0.11014304861869037
0.027255773871322386,0.5528947295903099
0.02670882034055516,0.5791712438279684
0.030281800539653347,0.41237081232240425
0.029446805624849748,0.4491135385897828
0.029671571774463612,0.4390150228791882
0.016881620580529666,0.9687276050999274
0.039810976098106465,0.13159829152766422
0.03590759363369553,0.2181098319694183
0.055277550975312284,0.010668703014635855
0.01745951335206153,0.9578752655479377
0.020264208494447877,0.8762274296378736
0.019255482173191063,0.9109245841315021
0.028835155672550905,0.47737038047849606
0.04076559310018302,0.11538713956018573
0.025526996849300376,0.636881443425231
0.04728253212603539,0.04328832366619274
0.025429179213209196,0.6416895316408645
0.023829877663765375,0.7199491902208945
0.02017920234858861,0.8793603603979665
0.025346684124811836,0.6457457007121619
0.028726162741671835,0.4825246157753712
0.024212564729730435,0.7013730249853505
0.039232836809680594,0.1422890867219557
0.02692029857684186,0.5689688410519451
0.019103884066454024,0.9156467382187583
0.022100096590763063,0.8007488928538951
0.020496816632770087,0.8674711460727937
0.07033535035421296,0.00042184182587315513
0.021121561018974666,0.8427044585224996
0.021572003448246724,0.8238256537572043
0.02742578348552277,0.5467777705808312
0.030894189705436947,0.386764737524614
0.02789683226792472,0.5229173086829743
0.0222863718481916,0.7923942025486008
0.020785598567482633,0.8562408591984502
0.027786214404880383,0.5284611109013293
0.02881943676009635,0.4781115032545243
0.01933391101334425,0.9084291247388802
0.024336228493171408,0.6953395430982143
0.031019647476307477,0.381658353600008
0.05247659035255969,0.017864254796897915
0.02064796891193696,0.8616414308524071
0.023860585856024796,0.7184646943281798
0.02537420879347546,0.6443922552977566
0.024713910821608676,0.6768461728807931
0.0317812530927154,0.3516699644498553
0.015111652932718544,0.9901190021353812
0.03456991725823522,0.2562638198915124
0.03252379909682057,0.32408554733252676
0.03007480659327838,0.4212822283960157
0.031106674977265075,0.378143916795446
0.01801159781028383,0.9455700673505681
0.047594856059718804,0.041151559048335666
0.032551420006966536,0.32309060804516576
0.03515176871065773,0.23908876822117997
0.024580993297877107,0.6833641202434791
0.02924860991327327,0.45814546934843026
0.03211425714724048,0.33909906855895355
0.04512644484324713,0.06084121920574284
0.021426681720269736,0.8300026748863361
0.034589365387040605,0.2556750577016218
0.021124833301172596,0.8425702394806334
0.03414531008117461,0.26937507523468085
0.03697250701028909,0.19100620113450156
0.034340556310827164,0.26328492440208523
0.03303641395968346,0.3059803779735862
0.024434148894807772,0.690553513539885
0.03579262765257163,0.22120570727284
0.03767334198801986,0.1746653320433366
0.023564512310398023,0.7327245907817042
0.039792691157319204,0.13192608080488133
0.027525869593657437,0.5416527805835578
0.030767061816204255,0.39198737337376166
0.019409456077852216,0.9059919689356282
0.019247527565087297,0.9111756967369254
0.03293757418856991,0.3094123471472041
0.03133550241120031,0.36901141811028154
0.023794838412572406,0.721641595674231
0.018650027396072355,0.9289671927678156
0.01603191222835404,0.9810800188963742
0.03142874353838421,0.3653350459451166
0.049330447687551016,0.030873537596982522
0.0351993312505548,0.23772467674394415
0.028454099757267093,0.49554709665845315
0.029951876663405375,0.4266359911690629
0.03893745550740979,0.14801704990103018
0.07989624389484279,3.6266595913140605e-05
0.020678271039527796,0.8604598429293371
0.04537758622606225,0.05852387855514143
0.028156191315745094,0.5100627736224356
0.018898223557830246,0.9218360770930489
0.033021416033850004,0.3064993398372972
0.03359316678955315,0.28716911150007246
0.030382284409195548,0.4080915806797038
0.028089287023648546,0.5133594175311351
0.014808525940597006,0.992247525958449
0.02214928450226883,0.7985529224295288
0.02684134718611636,0.5727718400229089
0.028007230404847483,0.517421022958809
0.0331346080973135,0.3025985577075718
0.020237332575459732,0.8772218920808323
0.03131419230980509,0.3698552906966309
0.03575158976745285,0.22231898804756148
0.026766069719043495,0.57640445445835
0.024136999912540147,0.7050531530227879
0.02343837732455767,0.7387603152984982
0.02843899994994259,0.49627640596006495
0.025455438490795568,0.6403986105003382
0.051880394457443024,0.019867197524626484
0.04638394333176621,0.04998237341277747
0.02455865758415668,0.684458503407307
0.04038910609039492,0.12157240218694347
0.03185162973158229,0.34898595799355053
0.022588534637645763,0.7786310066792448
0.01915812306019682,0.9139726910047151
0.03862579806932154,0.15426110187322192
0.04478627223013165,0.06410509133649636
0.030512140666725474,0.40260670356605294
0.021048308601911286,0.8456973152180369
0.030959379880298066,0.3841054645879152
0.03963063958289442,0.13486034051549842
0.02699540198204023,0.5653580142972662
0.031001673184275713,0.3823870420810035
0.02828056631980924,0.5039700717412282
0.030500725939893558,0.40308679717358986
0.02971201650019223,0.43721415776724387
0.02754161297332275,0.5408493341006957
0.029747647586190307,0.43563173998255794
0.027760413849927112,0.5297594073637575
0.037019911153966745,0.189864252078969
0.02299692258525171,0.7596622109815426
0.027904414664943977,0.5225386440103156
0.02534924144904338,0.6456199483823416
0.04013870214238391,0.12583512669229258
0.020691230310865227,0.8599532193048997
0.027590519566417893,0.5383581363350857
0.02913857016155852,0.4632115179283332
0.03474650776534463,0.25095531194325693
0.016009581077371937,0.9813499689104903
0.02694644561331376,0.5677109746491418
0.03680703473644237,0.1950347731430983
0.02882026543541638,0.47807241379814436
0.02145088271216211,0.828979526726608
0.05792077431847131,0.006400011673658016
0.01885119422930942,0.9232159200273442
0.023921854645740842,0.7154993780881163
0.025810779633310077,0.6229480022220084
0.031021463290703433,0.3815847933409346
0.04295411504567237,0.0843683255737827
0.05007084224529351,0.02722638120664283
0.02943605042168329,0.44960060270254115
0.033442151769421946,0.2921846091646288
0.03760744462133778,0.17615287350356945
0.04415446389626687,0.07056496348383483
0.026991643387888176,0.5655385583443042
0.03227048071763783,0.3333141218750248
0.030959588135974103,0.38409698977317996
0.024070320631047526,0.7082959610154937
0.03750994787417661,0.17837215768434778
0.025201593965865132,0.6528809091446783
0.03395349968751882,0.2754603998167495
0.03589781626497546,0.21837181104056855
0.03310112757032069,0.30374853168808635
0.03645546006458256,0.20381536288118188
0.040088407676487914,0.1267059046026388
0.04611412125004499,0.052159616072954454
0.027072468195618288,0.5616599895207448
0.026789046698034225,0.5752950037236685
0.028992229238739675,0.4700056999470686
0.03126250309706835,0.37190780342021024
0.03485078453029894,0.2478600645002528
0.03303526746025354,0.3060200266591751
0.02834209532411175,0.5009731902502182
0.02831494015755137,0.5022944262059033
0.050521950561298434,0.025195748521915834
0.03495046947553071,0.24492833672387931
0.03251357882293193,0.32445425673535677
0.026946533001804607,0.5677067719781631
0.037406198956768444,0.18075804649921934
0.027340144666940736,0.5488755274411243
0.01492913546416852,0.9914459111035728
0.02060213144917511,0.8634206811770114
0.028887960958114522,0.47488616971419456
0.046104728764610026,0.052236856951598416
0.030918364766284734,0.38577708525777543
0.033703264144543166,0.2835530401395594
0.03031065121680565,0.4111390442475225
0.02958448725892049,0.4429094486226558
0.03930464843607617,0.14092403207906973
0.018016313594639177,0.9454567351252181
0.046527029417064325,0.0488599865266358
0.024078774792657076,0.7078850587101952
0.03320006662630892,0.30035946878887465
0.03914198307991923,0.1440314470414302
0.021985509737764475,0.8058352245284861
0.025147922265579575,0.655520387184626
0.035427830409014927,0.23125422153192635
0.021491686048220993,0.827249432392488
0.036006960500584606,0.21546113747379614
0.030899543491146347,0.3865458615344168
0.024919942555482244,0.6667283935867754
0.02089828084916856,0.8517555243731577
0.03632471398557341,0.20715841413541952
0.02169608420980118,0.8184898535531429
0.02784668885664998,0.5254257986053108
0.0355675574059105,0.22736471192811578
0.03144896045154233,0.3645413416215217
0.03137826096312518,0.36732228493461283
0.020922170296417186,0.8507973845660787
0.018901433090801834,0.9217414247785912
0.03670226417242639,0.197619798242207
0.04891431308974814,0.033106680585243235
0.038388231294021025,0.15916171303096652
0.014268065416751852,0.9951727294823862
0.024055242008951205,0.7090286520388378
0.02930226988818807,0.45568837632291476
0.015165924245732154,0.9896969975798001
0.026631009023239338,0.5829372840797304
0.031526091981928656,0.3615243893379705
0.0461820229872687,0.051604138728152366
0.027377570957381525,0.547095832092198
0.02509049665908432,0.658344266655558
0.02248530665060189,0.7833608199667159
0.022185162901703248,0.7969464880954766
0.027220797246897077,0.5545637916862776
0.022801758374548065,0.7687759712804777
0.024853716978985807,0.6699821419588942
0.02470711341217524,0.6771797058350879
0.03179805207453601,0.35102795715946555
0.04941135627766047,0.030455079271585823
0.02856735551008216,0.490098865294467
0.023721095673775117,0.725198111704802
0.043721025409408365,0.07530997070711055
0.038781282145808116,0.1511199808538266
0.034890191297401674,0.2466979405770071
0.02409397185468349,0.707146243734087
0.02105124565059302,0.845577751869075
0.03260504760216265,0.32116520804280035
0.020962903408905526,0.8491579488749283
0.039477797227053024,0.1376763434546905
0.04666557107356595,0.047794089784531285
0.022382376131652115,0.7880485577850902
0.030538681273269835,0.4014919494695575
0.026426950003374722,0.5928418670333357
0.02191251659509482,0.8090532747266447
0.037307574108562336,0.18304945879590603
0.02188071906579575,0.8104496451494254
0.03059185112018914,0.39926511586408664
0.022356963279898112,0.7892014189454256
0.019354051152003615,0.9077825817822051
0.019004318630194805,0.9186745706694135
0.026825235087145183,0.5735488190836693
0.06057707195579137,0.003738650136838444
0.02563616968274074,0.6315179392633992
0.028528177124381077,0.49197918262654705
0.03658363656707908,0.20057905369710644
0.02357490285423891,0.7322262726026908
0.03389861198903102,0.2772205251098097
0.04115158889430476,0.10931741051500972
0.03128249430158703,0.37111303107327426
0.04207745293878595,0.095829531990437
0.04834040260417838,0.03641860992642307
0.040900551303076016,0.11323408550241293
0.023988416648733912,0.7122728764544062
0.043193169051117475,0.08145112280991297
0.03142580949005869,0.36545033624968576
0.01356915544966203,0.9976103508188441
0.04310852166133672,0.08247420235559519
0.01691313773695366,0.9681883142199386
0.018599406607181068,0.9303756075142555
0.0198167762783078,0.8922985726160937
0.031746107647578015,0.3530158228724869
0.029310460118850384,0.455314113714098
0.03134363089457615,0.3686898903805155
0.020478246208691625,0.8681798934066745
0.022029431088417817,0.8038905452434437
0.015781771699075686,0.9839531096183904
0.0315755801008073,0.3595980195122719
0.020842969670800682,0.8539642558442215
0.03998366716497115,0.12853517380215201
0.024785094499197746,0.6733521984177055
0.022371942493526337,0.7885221020379566
0.03641753106106982,0.20478080432429158
0.03026292838442779,0.41317791402443155
0.02321270646231255,0.7494915064642012
0.02188725747731346,0.810162789497096
0.03774709006515675,0.1730124283144734
0.03958692856309659,0.13566085173165449
0.04342482138751935,0.07870588614865652
0.032395861085734334,0.32872300983807057
0.022163678722445956,0.7979088982853476
0.02636726929209987,0.5957457909033862
0.027207231914600505,0.5552115653089817
0.02840253117807262,0.4980406562166181
0.028600115739610077,0.48853013852006844
0.05009327433832744,0.027122087488696253
0.03768318641902024,0.17444396727451678
0.03738254038630329,0.18130563955275447
0.04176151667795153,0.10026678531999732
0.02161796082625378,0.8218558620438118
0.02022702069617488,0.8776024875020957
0.027148324743838992,0.5580273504251471
0.051421511499246675,0.021542704408333387
0.022496592857454867,0.7828450656010082
0.026458352683784825,0.5913151329018695
0.036550446692072525,0.20141317737885892
0.024959935323071003,0.6647629361455283
0.02808592875062843,0.5135252474580861
0.025476837501933358,0.6393467156706358
0.02715389578840266,0.5577608563839083
0.031919006985134835,0.34643006503547213
0.01907468092759379,0.9165408983896525
0.031029297686649027,0.38126752844041206
0.021092559922281817,0.843892043101176
0.02139319618255353,0.8314146371960104
0.029751071967700826,0.43547986212613415
0.018128591442669206,0.942717311068039
0.023069221523000838,0.7562650005200225
0.032177960530405225,0.3367314893433247
0.024583763525781843,0.6832283678517495
0.029607326072900148,0.4418858688471243
0.028113471461476247,0.5121662014000158
0.03195633812343057,0.3450197157087496
0.020806126762157318,0.8554279531450679
0.030602035494694924,0.3988395524968481
0.028449226541719885,0.49578239412373143
0.02392890316977281,0.7151579524757141
0.02303249870081725,0.7579919119301455
0.033291081913245923,0.29726648133789135
0.03944459426011959,0.13829435996189915
0.028298936141057607,0.5030741425907593
0.025749454391172377,0.62595650221691
0.03538205601187572,0.2325394728384277
0.020167022144512603,0.8798062672433226
0.01908244749189203,0.9163035881337226
0.029870857731839617,0.4301895216383708
0.018241836411625745,0.9398744986470888
0.02645198120952122,0.5916248299773276
0.04756634104931268,0.04134275899613691
0.01894605618024281,0.9204190492603281
0.031711956147645104,0.35432712614657685
0.04034742032280986,0.12227369428215777
0.025201759500212417,0.6528727683066362
0.04731582523929273,0.04305604598234187
0.028678742091298837,0.4847783411578314
0.02436085326920398,0.6941366340738926
0.023632455665558716,0.7294631579507864
0.02454440014928272,0.6851569256149187
0.026260843536995093,0.6009315457834798
0.03955215195553646,0.13630049977432634
0.03829874533295652,0.16103973759516813
0.030872981880380457,0.3876326127629574
0.03988550299147159,0.13026913634703707
0.025900732702221152,0.6185382045947184
0.03201610724567211,0.3427702320271508
0.04013308776828667,0.12593208799614272
0.030842257133906315,0.3888923429278643
0.028380710555194866,0.49909819031681923
0.035613490351042665,0.2260971587519776
0.021971375329562226,0.8064597248802259
0.04532095438037642,0.059039712176027395
0.032613684533625786,0.320855895830544
0.018085127899685513,0.9437871163549416
0.03224529601222237,0.33424186994970967
0.037672136545875534,0.17469245330454533
0.028410682974609802,0.49764594859968214
0.03044686675200292,0.40535737816712514
0.025374922804134115,0.64435714703277
0.030081737763241967,0.4209817306321285
0.045705286399535194,0.05561433775561559
0.022660114973838963,0.7753351180247532
0.020053666150134597,0.8839196376656041
0.059422260408131256,0.004736950126677649
0.043084841368285,0.0827623428123921
0.017532499661384926,0.9563578757321477
0.03803065563816027,0.16677254095556648
0.02659673857416814,0.5845979125113858
0.025060001301407397,0.6598437223926663
0.027157669148091146,0.5575803787066362
0.05413884850309003,0.013198593072673641
0.01876268770274747,0.9257765341072868
0.019357551248090243,0.9076699834156535
0.02073905484891858,0.8580769162002744
0.02449421024068671,0.6876145858112348
0.032966577096538496,0.3084023840273817
0.019773982068628626,0.893780246649785
0.027941844354914674,0.5206719278926596
0.020811092570143352,0.8552310252879919
0.033372307101065535,0.29452608451065715
0.04346854792953747,0.078196569717393
0.02322451418394289,0.7489323151219851
0.03637511734908966,0.20586462195795333
0.025229899333152228,0.6514888703515531
0.019534455998583833,0.9018880409261527
0.029180174794431524,0.4612917911960934
0.02269149026348838,0.7738864085521867
0.02081706292405161,0.8549941140668527
0.044223874080375924,0.06982922797720112
0.023552944707799978,0.7332791642564882
0.028888193457970834,0.47487525049109114
0.02847965828023677,0.494314206855531
0.031196528252048772,0.37453918834150973
0.044021167534458616,0.07199637412922373
0.029335048377569284,0.45419174590483835
0.047168817921939776,0.044089913001560226
0.030265235081727182,0.41307920614193827
0.023407591062101385,0.7402295359939131
0.02915563263040477,0.46242358411959394
0.025186303377457864,0.6536328843632455
0.03414401897412478,0.26941569658332215
0.01503510494683985,0.9906926048909969
0.039782977028287314,0.13210049419311268
0.022607239133867085,0.7777710194568244
0.028202492085819153,0.507789222848042
0.023018629242098576,0.7586434004886491
0.03944342510218127,0.138316162863547
0.030832364952264824,0.3892985317856351
0.03454956234091444,0.25688113156024067
0.020812718868676305,0.8551665075228423
0.020695736828498568,0.8597768623830611
0.02246617233617787,0.7842344341275007
0.02896979713974346,0.4710528948182618
0.028753320984871655,0.481236949780765
0.04158866483407042,0.10276601546098664
0.017952833960481307,0.9469706289280871
0.01907236947445079,0.9166114568848008
0.021596724806396184,0.8227670243017713
0.032350833695802106,0.33036651021254027
0.01598667078961591,0.9816241429189959
0.03997837994897124,0.12862808341047086
0.016463172812753613,0.9753284153455125
0.025421505963838187,0.6420667747921653
0.0246944443292611,0.6778012932974221
0.025817468384269016,0.622619964783564
0.02589555126128318,0.6187921071971262
0.030939818991536527,0.3849020617724778
0.016502079347846865,0.9747579089083986
0.031833816616871596,0.34966392476221064
0.056122086736637544,0.009085076168654728
0.04572254217344385,0.05546464025258244
0.01948633271445427,0.9034784570791696
0.023752843909532917,0.7236678301290438
0.026637617402715863,0.5826171999006384
0.027361240122596997,0.5478721515429138
0.02075461196360906,0.8574643119141445
0.037639644304762965,0.17542475841108582
0.01699643623956873,0.966734106396672
0.016531270133096965,0.9743241295021232
0.03236187521425482,0.3299629465223718
0.043820278585554706,0.0742001856356251
0.04100123733488298,0.11164948809838318
0.03356292557174467,0.2881683298376229
0.025974582627716236,0.6149209480476951
0.0336016327707469,0.2868898431469769
0.025183723171249395,0.6537597755425129
0.03460050674724524,0.25533823164041347
0.0374983602106021,0.17863739128572598
0.035187767525615476,0.23805577478585974
0.023136243826630945,0.753106144354715
0.021749333535989512,0.8161831302052459
0.03210558797273749,0.3394221860782065
0.01637675783536674,0.9765644985897357
0.026940752823821024,0.5679847708548091
0.029374683384120637,0.4523864088077056
0.03474923038827271,0.25087412505564294
0.01854106373700981,0.9319793861450439
0.03870212896532982,0.15271254544320192
0.034573289276053645,0.2561616638062076
0.022778360934684994,0.7698627632377051
0.0302449934045268,0.413945934652136
0.028920354611591037,0.47336639803048924
0.020686069277502495,0.8601550750472535
0.02441207546064772,0.6916329988274426
0.024090923214714177,0.707294474143739
0.019750314673634084,0.8945954205075175
0.02982673432432925,0.4321331691815598
0.028052866868668896,0.5151596344776336
0.027719135634350578,0.5318406787529948
0.017663742735688603,0.9535456384303989
0.02765019950408998,0.5353278045542537
0.03291059524270046,0.31035400144705805
0.03203963865621501,0.3418874872866391
0.044932099220524796,0.06268803423082842
0.02427239134708703,0.6984557213117903
0.02150291357379397,0.8267722726992095
0.03389399183172925,0.2773690655708623
0.01789326387028073,0.9483683214173863
0.030801609908547342,0.3905632643174137
0.017452604291617324,0.9580171852477397
0.01896528351595894,0.9198455878895161
0.02129875531103398,0.835373331634094
0.02021620833364446,0.8780009787825325
0.03473817717266886,0.25120384877276075
0.016870163451603415,0.9689221665557751
0.04366556127713461,0.0759362381954909
0.023398985635436464,0.7406399287152436
0.019433631994089984,0.9052051448615176
0.0639627644190604,0.001819563192054738
0.025384984391905396,0.6438624203012122
0.015632932768655572,0.9855094339001232
0.02623951620333942,0.6019718251430161
0.01988922267729576,0.8897677462940193
0.05065076986008177,0.024641047576775776
0.035555813021465044,0.22768968339801615
0.04149367598971665,0.10416135045189114
0.058650331046190884,0.005534792500162881
0.035292876634215875,0.23505918149169386
0.02843308570538583,0.4965622469553462
0.03188362030655828,0.34777075289955933
0.028877151868300754,0.4753939931811285
0.02812875649336577,0.5114129715884717
0.029205311522876642,0.46013447300717275
0.04184374881105135,0.09909569366167517
0.01598960523679216,0.9815891821883572
0.026921937650001282,0.5688899656760973
0.02717815989064354,0.5566006450531757
0.02758678949418958,0.5385478877932972
0.02398238708178413,0.7125653587190872
0.017341351011255335,0.9602615767024412
0.022382576653061703,0.788039453877277
0.04816496898480127,0.03748725049896234
0.01867421863202967,0.9282885910122278
0.030408395998722804,0.4069845842283266
0.0292964578071348,0.4559540899404179
0.04963076554968804,0.029345324729217203
0.03257334974235404,0.32230225153906256
0.023495064091324014,0.7360509327602807
0.01905506819130398,0.9171385856962946
0.03694165772015723,0.19175224810295627
0.02598558361600478,0.6143823662930944
0.03156357328464199,0.3600647262901073
0.034616559159196175,0.25485352516537146
0.032040453305781535,0.34185695616703915
0.02709534924157897,0.560563477570979
0.03326377611436926,0.2981919423463016
0.018268925902741484,0.9391826134807666
0.041164176212838424,0.10912401348756377
0.01762147088636845,0.954463184633606
0.03425680550834925,0.265884471048425
0.031445838835662016,0.3646638149100711
0.025451457299532243,0.6405943203666694
0.025685003714753463,0.6291199793459372
0.032494811576836424,0.32513210071572995
0.01964575678486663,0.8981600206262479
0.017864381739142232,0.9490379763171874
0.01646500432408382,0.9753017544839666
0.0244746510490903,0.6885719188821242
0.018643279527322615,0.9291558433320133
0.03121667667985495,0.3737341935428182
0.03122308482382269,0.3734784221436106
0.0162934584326625,0.9777158467935988
0.02398259172035133,0.7125554327756146
0.022831614824146196,0.7673873070928654
0.04755152897700993,0.04144238245519131
0.033969754503879734,0.27494075117344186
0.033829000847714674,0.27946486148478616
0.03247341344218352,0.32590621960741156
0.030073948123186534,0.42131945711292057
0.055915406130211065,0.009451572619433262
0.04874963214433253,0.034028851729218275
0.023653468897424812,0.7284530905602244
0.022219236170478496,0.7954172896902112
0.02378867566035392,0.7219390940708925
0.02513177065665445,0.656314663853613
0.021132981396098136,0.8422358360491963
0.026703056438916906,0.5794499992086917
0.02178329496890008,0.8147067696469115
0.026650792511459576,0.5819791808412897
0.024010695352364775,0.7111918319171356
0.034616073260549274,0.2548681867615724
0.016792162029596547,0.9702258379038606
0.019030599363763168,0.9178810664966343
0.032679103911874896,0.31852007513100905
0.02702890845266967,0.5637492979079561
0.02790067677677155,0.5227252925287746
0.04761179641026314,0.041038335051399775
0.023717676065569404,0.7253628563857388
0.019109549659358627,0.9154726830274156
0.04363562410727406,0.07627609975369988
0.0174141291699349,0.9588020724814468
0.01692921817415549,0.9679108540975119
0.04676158592092983,0.04706724683603491
0.03381506846139326,0.2799156792189488
0.029374347880815527,0.45240167066114273
0.017465112822555806,0.9577600281685379
0.03153368454611638,0.3612283686565615
0.02346305507414395,0.7375814719684579
0.03075741942242685,0.3923854846478103
0.02782906618384373,0.5263091813423569
0.04008565426983424,0.12675371802566163
0.026968060441776576,0.5666717572507102
0.026083637703870455,0.6095850809050317
0.02212940846298342,0.7994411741584954
0.025155480173249534,0.6551487111224432
0.03718213888814004,0.18599688530093683
0.019108406166698066,0.9155078280025748
0.041999914132797245,0.09690307298496516
0.019435829562317153,0.9051334584144102
0.03975578179795225,0.13258977458726073
0.022983061982894903,0.7603122398996877
0.0231764476621574,0.7512069916065816
0.022523910133698477,0.7815953231799446
0.023768982848825893,0.7228894030254809
0.015945637986081507,0.982108201747546
0.024628373851790675,0.6810417103463644
0.03218390391894543,0.33651120708231486
0.040321002043392284,0.1227198536020036
0.020546064002306935,0.8655836139263651
0.03272672584322578,0.3168275171493085
0.023093799601927256,0.7551076539219365
0.029004252500430594,0.4694450472447803
0.03595307442790052,0.21689439702766763
0.02049406795656561,0.8675761547201171
0.030332301709728116,0.4102163390764447
0.034209886503671405,0.2673492040102647
0.03246298732109243,0.3262838879777844
0.03564558681809327,0.22521466956092237
0.03572704996379006,0.22298677106949316
0.027077916715009365,0.5613988236740529
0.032645139328947886,0.31973124293694477
0.04367601344351657,0.07581788248755882
0.023472651729990468,0.7371227742240963
0.05456513019252074,0.012194277658018435
0.017423557306148862,0.9586105916780646
0.019410507347499273,0.9059578237700799
0.05666036717019107,0.008190291016489859
0.029621952586295297,0.4412311757929593
0.03081492391942986,0.3900154058828028
0.03111334788689679,0.3778753818412808
0.01925447549685,0.9109563833806955
0.02121062495543269,0.8390355497181551
0.026911506862351053,0.5693919694081464
0.02810741197265354,0.5124650006596485
0.03451043458999403,0.25807093169815215
0.04077873271882071,0.11517604435429732
0.022291921614834342,0.7921437100246187
0.032476350630450734,0.3257998821745932
0.022455444367598,0.7847238079781327
0.03133813655353357,0.3689072011931901
0.02436427062906943,0.6939696610189152
0.021300424873869184,0.8353036534371425
0.015367833130009945,0.9880116377162117
0.023580663554222392,0.7319499252439208
0.02039045280926799,0.8715079975315979
0.025855069134792186,0.6207762929523217
0.030284282013687297,0.4122647677911855
0.03347978029150278,0.2909288717198962
0.03293009342385941,0.3096732407711682
0.04052864265256473,0.11924893530349628
0.022881517432691567,0.765061695008293
0.03375031917767568,0.28201792318847696
0.016390054822780997,0.9763770729053394
0.02992263113983107,0.42791641857717727
0.03239559032076633,0.32873287506771337
0.024237191046671824,0.7001725578288437
0.02652103186911864,0.5882704669666516
0.022218565778594768,0.7954474101065743
0.03133620433892759,0.36898364509361503
0.02778953629159589,0.5282940963642878
0.02263356598772559,0.7765590658960664
0.02064715227059577,0.8616732157017049
0.02336968623292135,0.7420362659425485
0.03814390901828335,0.1643311640998674
0.019534670790243958,0.9018809131224879
0.03472822070800241,0.2515011372002101
0.03212112037147574,0.33884341912000354
0.02972625522375194,0.4365813374661016
0.023479070168559324,0.7368159040407727
0.050198719244607115,0.02663655660638744
0.019278022822294405,0.9102110236272334
0.020924650866601002,0.8506977525989368
0.024994116618473117,0.6630828013982899
0.02609257647475821,0.6091480524105094
0.0362324372005165,0.20954345435068736
0.015434120460158018,0.9874174869636778
0.03433907854878315,0.2633306262490743
0.05465731715436539,0.011986365717957753
0.033905873198420866,0.27698719351187473
0.04278360268012804,0.08650243807601134
0.03856049679613549,0.15559590228583187
0.02468182869054636,0.6784201862782301
0.03334030130850518,0.2956036679840408
0.019028042726215222,0.9179584401253634
0.021568943034384697,0.8239565520813157
0.016372893450579462,0.9766187799395566
0.017533425363986277,0.9563384169385825
0.03433380787450108,0.26349367784517297
0.02950896402187736,0.4463054875978554
0.04842811743083153,0.03589436749653584
0.02352439848840482,0.7346468366432812
0.029222088463996154,0.4593631136435319
0.027707853298337803,0.5324104250050038
0.022242651789283863,0.7943644002319334
0.03939312589681099,0.13925680976118918
0.0246971192753469,0.6776700575223228
0.03309687915119841,0.3038946836720633
0.022457795555657745,0.7846165813624641
0.03588915587729591,0.2186040645981338
0.030866033815401095,0.3879172384730764
0.05262600334657119,0.017391469061662758
0.034165441976043875,0.26874227159494957
0.040479610950071576,0.12006118057096511
0.016626211943418068,0.9728790206427091
0.03293683969284594,0.30943795575329863
0.04080150081521278,0.11481101642342546
0.04257875862963745,0.08912606687546767
0.0260832091700523,0.609606033802281
0.028625714886230308,0.4873065778577428
0.018534166939363383,0.9321675889404816
0.031113394438297914,0.37787350896263155
0.038987414237700135,0.14703537956270582
0.02559675911707099,0.6334537319270752
0.028220501896154437,0.5069066111914774
0.021723955907364062,0.8172837147598249
0.05518002681772799,0.010866804275133486
0.06274641188984087,0.0023674647560895726
0.030063612641551773,0.4217678445430811
0.01933007861486713,0.9085518891651343
0.033108198959178936,0.3035053798113048
0.036425360724043676,0.20458121700844148
0.013416854601196682,0.9979812997478138
0.037912983954206614,0.16933975388145736
0.01786661590053798,0.9489863621313874
0.043575687702767596,0.0769603990734411
0.01948793264620141,0.9034257910275836
0.02065284271739043,0.8614516709684507
0.03821396118361842,0.162835428571971
0.03436394852447977,0.26256228323944997
0.027396249868351125,0.5462083594695217
0.03077756759120892,0.39155393389902127
0.055411662657989136,0.010401614228395339
0.020307082461879733,0.8746335217225103
0.03159589068291235,0.35880952000865
0.024037575060145366,0.709886810235781
0.04611431736335303,0.05215800434880337
0.031396013341889684,0.366622598489354
0.03530254949546391,0.23478487328489295
0.020235695942734777,0.8772823334247791
0.03806773261519292,0.16597011203360512
0.019372443086100033,0.9071901266675865
0.0284327667264469,0.496577666505615
0.04115014231125097,0.10933965461114759
0.023511018686205754,0.7352874330591928
0.03715105304012056,0.18673308973746736
0.030305403129018305,0.41136292186128337
0.022305595496047936,0.7915261502134732
0.032421228321664386,0.327799712304315
0.02244857927503885,0.7850368066204381
0.029193818904777458,0.4606633659401433
0.018935145634025007,0.9207434771535417
0.035255440849052744,0.2361231204479192
0.02931858629383091,0.45494297936121925
0.04039625272979924,0.12145250448456099
0.021449326503403032,0.8290453860682141
0.023840487463992865,0.7194364248657532
0.03159758652749803,0.3587437392311823
0.02446215235540583,0.6891835426586475
0.02307533417135127,0.75597727980644
0.035363440018924774,0.23306373717378107
0.029695565306141702,0.4379460742260508
0.0282745878828059,0.5042618699559924
0.02432770799296813,0.6957556561863314
0.030615708764560434,0.3982686945803133
0.012826897395703696,0.9990112542638023
0.01977277815909101,0.8938217863288371
0.04884353819854459,0.0335002790762277
0.03257583241136347,0.32221308963151535
0.0309757616612254,0.3834392177576476
0.013891915154431084,0.9966475891188675
0.03692881167800846,0.19206358681347482
0.020436249886698843,0.8697765712582263
0.04987911977533177,0.028132309127011895
0.02385524032962491,0.718723192564045
0.023714020471238273,0.725538952195492
0.03519819446894845,0.23775720998980052
0.028678441026942197,0.4847926713404404
0.04541504381547218,0.05818482374927538
0.026810657970525675,0.5742520276885634
0.017733565486088454,0.9520055786867361
0.0371440047683379,0.1869003328821137
0.021663680089946014,0.819888667167655
0.022148949078512392,0.7985679223914532
0.021346489756802423,0.833376812832718
0.04661012847273405,0.0482182071287617
0.034158763381079205,0.26895207532267906
0.022866779493113665,0.7657491169429063
0.027827185850851976,0.5264034927726642
0.02823909346813469,0.5059965123775728
0.03166015787847734,0.3563226090199783
0.026188050857237133,0.6044835411303046
0.029734651537028145,0.43620846330354573
0.03299921058966793,0.3072688827048443
0.027758744166217375,0.5298434951157999
0.02046404091851539,0.8687209241327298
0.01788862378226508,0.9484762580563909
0.03570105876289287,0.22369573710381116
0.03842417285479982,0.15841237753990597
0.018936131552158786,0.9207141898885813
0.021597301699565974,0.8227422935889736
0.022752282532983226,0.7710725587353675
0.02854635936904934,0.4911059722286137
0.02666070107998686,0.581499464030246
0.0296613252831876,0.43947205209280366
0.03567669575561683,0.22436186862571747
0.03304878137590145,0.30555292273723345
0.020667173087777657,0.8608930849296562
0.031369505646215434,0.3676677104428154
0.03973958462697036,0.1328818860398347
0.018362995049059583,0.9367445762839844
0.027299450162925343,0.5508128728259142
0.025820394693620796,0.6224764557743109
0.023470356420951577,0.7372324983256244
0.04593767528187709,0.05362722678129796
0.029482182417954694,0.4475139284433625
0.027779562037756222,0.5287956711045169
0.02156874736499892,0.823964919970533
0.031464777915752445,0.3639212066306972
0.028769501845466894,0.48047082022994886
0.02966649327471549,0.4392415018421378
0.020323205082790397,0.8740317691234674
0.029788893834044927,0.4338047566273827
0.04736098808727429,0.04274268880463788
0.03619059201319064,0.2106320275607398
0.017316997407712087,0.9607426303716834
0.028690644793686326,0.4842120111515189
0.02289884909452569,0.7642526685162874
0.026198136571626424,0.6039911646166375
0.04966900403851249,0.02915560782810873
0.026653141191483376,0.5818654619776135
0.022375483064452806,0.7883614427830224
0.024243838273955487,0.6998484319091983
0.023691792632916542,0.7266093026961276
0.058108718104441626,0.0061660369281132995
0.02307942019587217,0.7557849091096097
0.03612985995347284,0.21221974626406062
0.028789437995720035,0.47952797509715434
0.02201232246062812,0.8046487883701544
0.02613166259980837,0.6072376997437363
0.015345262321720815,0.988209264333367
0.02281146828201669,0.7683245774927114
0.03419818919752457,0.26771531679178806
0.03315126321949258,0.30202768847746897
0.027419811500515867,0.5450896152898765
0.016701835667465914,0.9716901636181222
0.02069253544271582,0.8599021542167318
0.0368750942855644,0.1933697987777527
0.040294398364257106,0.12317049323787532
0.02471821510132169,0.6766349615196363
0.031229825980928605,0.3732094916493898
0.023633424941359782,0.7294165808184316
0.03269502377483008,0.31795352766997154
0.037243901907023536,0.18454095440765964
0.04553425959958324,0.05711691973260409
0.045847897208063204,0.05438752971531704
0.0271579647788619,0.5575662396418226
0.0186110512837806,0.9300530086686642
0.03031644042732856,0.410892179591397
0.017612304345141667,0.9546606772884033
0.0371748401614882,0.18616953451471163
0.014894806300688151,0.9916800265632423
0.027703247506069395,0.5326431218222425
0.029847102808450154,0.43123519837582874
0.027325751003914323,0.5495605022841765
0.040659202387006266,0.11710813902001055
0.048454654569587974,0.035737070997902416
0.032015521703474215,0.34279221854403236
0.022430336166556986,0.7858679364378354
0.03338495419231856,0.2941010782139052
0.04059983140476653,0.11807769224114163
0.049123842351929126,0.03196513335813928
0.018722157600493797,0.9269332853976263
0.028259011965388145,0.5050226115364961
0.024693027954457603,0.6778707808785114
0.026321059216810605,0.5979963253669425
0.04384256000789866,0.07395296426655731
0.019394551837001672,0.9064753794183341
0.042988048948155444,0.08394894413859981
0.03039033212610054,0.4077501793242143
0.04094075943297898,0.11259907654247737
0.02361102146086369,0.7304927936128272
0.015200797294532387,0.98941900769972
0.042828169725003584,0.08594030787997213
0.027579598657577087,0.5389138075893439
0.040746535036598475,0.11569388465230332
0.031380881559160634,0.36721893845230774
0.023012923003007058,0.7589113216155068
0.04102104959149211,0.11133985075136775
0.02943344203273557,0.44971878006241417
0.027671306976598586,0.5342585815421012
0.042375896973784744,0.09178978628125094
0.04575921111393852,0.05514768012226869
0.027206883863696296,0.5552281887328008
0.018536736436313483,0.9320975055951557
0.015513235906771783,0.9866811142939492
0.036016830707424174,0.21519940769348792
0.037313416275028266,0.18291308717085383
0.04556398135680689,0.0568533175245303
0.028845472479634954,0.47688436534613265
0.024059322173584807,0.7088304145784795
0.02183425321030863,0.8124840769034869
0.03604222647327482,0.21452711766669502
0.027320880180700363,0.5497923640013859
0.02358436071284553,0.731772541752725
0.03541208167544774,0.23169579666666035
0.02337050707146643,0.7419971669702166
0.020642502705954358,0.8618541243471511
0.025132290653897993,0.6562890926009246
0.01596800559079037,0.9818454437380681
0.02153599926433425,0.825363413559673
0.019342498968976607,0.9081537173710569
0.022493549919747058,0.782984154573413
0.03297289708861878,0.3081826247933288
0.021368300151967445,0.8324615986729444
0.02176337406136153,0.8155732502699603
0.039166825556334356,0.14355331943186744
0.031100306822963386,0.3784003120937811
0.02036297534387288,0.8725419025973151
0.03919275596964972,0.14305562512123463
0.019658085762200628,0.8977428273819639
0.021066526934314794,0.8449550821051534
0.03025924643678546,0.4133355048018189
0.02928715861415504,0.4563794386595031
0.027798327820259816,0.5278522435919532
0.03496069001373528,0.24462925049264972
0.027899379342543884,0.522790088665803
0.02854105249321931,0.4913607341403602
0.04002123207219743,0.12787664321062872
0.028082982256953937,0.5136707717988696
0.02714207355936127,0.5583264276518403
0.026093342820023374,0.6091105871881659
0.019420953653835116,0.9056181862694935
0.03343625864430744,0.2923816369558529
0.032421799884298275,0.32777893062881786
0.02063277701701116,0.8622322132848037
0.03318951144507376,0.30071969464089
0.039017947334690994,0.14643801094400827
0.0330991715973199,0.3038158136759796
0.02210118849425985,0.8007002263540527
0.02607024181436754,0.6102401206672841
0.025120126889808136,0.6568872490536738
0.03406610538682553,0.2718755629505378
0.019872334906256284,0.8903602157815638
0.03214839115384749,0.3378289727684888
0.01826256854008923,0.9393453954684499
0.012634628471852954,0.999234132068291
0.027949804290819613,0.5202754860447205
0.022135065921099595,0.7991884679083324
0.029759069447817255,0.4351252971889715
0.02835430040650655,0.5003800749864667
0.02967862373969593,0.43870066574361877
0.03853932578301489,0.15603063953425564
0.03815535405756795,0.16408604438625168
0.026698739320678233,0.5796588077323496
0.02985011951624017,0.43110230992630244
0.027450620422868166,0.5455032037230726
0.016908644652670723,0.9682655613259037
0.03845255020093308,0.15782274881445724
0.029564707072648244,0.44379722736448807
0.04263087239005925,0.0884523438464698
0.040166733268803934,0.12535193817750295
0.02866350345388735,0.4855040200950104
0.021761897771625405,0.8156374082940753
0.025925211678265475,0.6173388679684011
0.026659409026055625,0.5815620122757087
0.030926403511126077,0.3854490581550129
0.012901801860067175,0.9989112897336166
0.02962512984443777,0.4410890453099537
0.021889830872685534,0.8100498493891002
0.023055332240938364,0.7569184799627945
0.022913136456385597,0.7635852425609563
0.04584247974842326,0.05443370400009406
0.017960126650232278,0.9467979927293189
0.025320544027260028,0.6470311323127771
0.017887912280201923,0.9484927969166685
0.02365812420241309,0.7282292319473863
0.028684491522736777,0.48450472999711125
0.0346919454019792,0.25258653359732164
0.02637349692201546,0.595442626932313
0.023952091817406845,0.7140343019767832
0.020306399880489545,0.8746589695579825
0.03173777881901241,0.3533353032066363
0.026187200100987185,0.604525077727798
0.02572121923629822,0.6273421911599973
0.028850033800023323,0.47666958854621483
0.02215529729495927,0.7982839755632394
0.03123267570339483,0.37309584622876424
0.036279932766290934,0.2083132006402755
0.02225908579260602,0.7936244752139093
0.01957017646943361,0.9006991125563711
0.029713528186972177,0.43714694375877455
0.02365584125342579,0.7283390155130172
0.04475492546089038,0.06441324873135156
0.02478267770421405,0.673470857038288
0.03937861137091492,0.1395292101849546
0.02814640437292293,0.5105441761152387
0.018465005175528182,0.9340387054921906
0.029458883449993922,0.44856699618571544
0.02499758660649376,0.6629122256975158
0.022272725248360437,0.7930097711106797
0.02651703958314422,0.5884642855725917
0.03158454401717048,0.35924987022628874
0.024926803210859938,0.6663912521074065
0.02311166036585699,0.7542658476105886
0.040284888330398005,0.12333191270890262
0.0381861971253723,0.16342693068461006
0.02884041394964243,0.4771226276959809
0.029222608645983972,0.4593392106991372
0.02695716425974537,0.5671955636886348
0.024467592369950414,0.6889173480911873
0.028192615710305957,0.5082736511737511
0.0347572024174333,0.25063651884305904
0.04064012722926508,0.11741892697132358
0.04244184550172725,0.09091661298333804
0.03440103277577833,0.26141972688701065
0.023410983301114907,0.7400677255841694
0.019589685862706707,0.9000467451232967
0.03747988319305523,0.17906096412387917
0.0165766353917427,0.9736401824842492
0.026284923409864103,0.5997574269309442
0.03150892896142532,0.36219417760797856
0.04700516255451992,0.04526616643823171
0.02240114535392629,0.7871959274075472
0.02056747190517505,0.8647595052612267
0.02982392569336123,0.43225709001629686
0.02244133869831788,0.7853667856579623
0.03314626451787839,0.30219894021970384
0.04001543867165336,0.12797802390630467
0.023454104064427383,0.7380091732703971
0.031276421686666805,0.37135432821119707
0.023549409376117936,0.7334486137338123
0.026354219387748123,0.5963811717907166
0.03248286082240737,0.32556427794418347
0.028151350230426697,0.510300862116295
0.021778919301279787,0.814897211521583
0.025751121208323458,0.6258747102859599
0.0441964876945834,0.07011873556164275
0.036648186692847196,0.1989645304057877
0.0352876522600436,0.23520743921224085
0.048229607489820886,0.037090362465368225
0.017782540041355793,0.9509071382569229
0.03368561790142682,0.2841303285503243
0.032856797244652625,0.3122379833841595
0.020544284971952154,0.8656520009070247
0.040568770079603245,0.11858756353328008
0.04437344035747531,0.06826601173053226
0.035715199632685934,0.22330979898775158
0.02233814412795121,0.7900539817590689
0.031249950929137904,0.37240743942781057
0.02434304514730279,0.695006599420263
0.025649070610292313,0.6308843701122087
0.04952759172238047,0.029862651436019183
0.02954841134893449,0.4445295077382808
0.031035287748787374,0.3810250766998707
0.02305964090422663,0.7567158033647543
0.03459336387636902,0.2555541365464411
0.0411450835735887,0.10941747224290468
0.026422819610300907,0.5930427431604468
0.023213555697871313,0.7494512970953702
0.045329660876767486,0.05896015583912998
0.03257769569246327,0.3221461840182027
0.02482663241042693,0.6713124597490487
0.026492874292983082,0.5896377856339249
0.03272403301433968,0.3169230494063667
0.04331085184309069,0.08004657073975614
0.015402390495373397,0.9877044631183248
0.04504199437907941,0.06163792418062494
0.038279273487689836,0.16145073270232657
0.037476802432348855,0.17913166579916479
0.028438965853801457,0.4962780535562295
0.017974638174729995,0.9464534774171812
0.02593505924700823,0.6168564806857075
0.021547524255034645,0.8248716967237347
0.02042657718863075,0.8701431124803242
0.02346029722391385,0.737713262882782
0.03150734226633989,0.36225614279925983
0.02384054864327817,0.719433467695468
0.03608348869833633,0.21343827844052427
0.021089613185844125,0.8440125139903323
0.028575063771273057,0.48972946277348334
0.035092822213427244,0.240787644145354
0.023288313483566414,0.745906392798051
0.031952455424203385,0.34516621025041433
0.028141293820535318,0.5107956695727074
0.042237477315554606,0.09364534903485092
0.02584883677956068,0.6210818366693897
0.02763762245148127,0.5359655402725616
0.03121722013485051,0.37371249758764086
0.04006546735318717,0.12710471886791558
0.01875604081162663,0.925966923697135
0.03283725774335561,0.3129243123858427
0.018951556973781147,0.9202552118807988
0.0323729667753056,0.32955791243321686
0.024373895525173328,0.6934993389974198
0.05122269980999461,0.022306839882470304
0.020074684273640703,0.8831619562501332
0.02041075988666169,0.8707415197262836
0.028294025438481585,0.5033135468716408
0.031006752087282874,0.38218104202620246
0.024429931392627835,0.6907597936795186
0.04903191261339579,0.03246165067976049
0.022096590162483776,0.800905150496694
0.019426703255737032,0.9054309861343879
0.01635367185155423,0.9768875182793445
0.04310176543576655,0.0825563253763961
0.03996635687044586,0.12883956337296262
0.030931558162319905,0.38523882088820993
0.014355182282312529,0.994769719299949
0.02632200705141652,0.5979501461213796
0.02246715346677694,0.784189662707987
0.01944400302571747,0.9048665926459267
0.03099182488872304,0.38278670915192115
0.027236591682539113,0.5538098859599381
0.04010619038607299,0.12639745999259436
0.02826178551422942,0.5048870955237499
0.026499190576328435,0.5893310059012202
0.022133017496722307,0.7992799778734456
0.027058304706512937,0.5623390687300008
0.02162865488654564,0.8213963973348665
0.03893945284247502,0.14797770166998833
0.038217121997129455,0.16276819749876162
0.01521597178102635,0.9892963608646599
0.028800723227263847,0.4789947931105465
0.022566777410039762,0.7796302199623054
0.027089625973367504,0.5608376871357252
0.02127270986819952,0.8364588848063372
0.01760543415946192,0.9548083505875499
0.03390399286529544,0.27704760203071416
0.01810876474645029,0.9432067874293307
0.019144978381236744,0.9143799785284363
0.033083118050388105,0.3043684407428043
0.038390034328865674,0.15912405443572009
0.029853416068073235,0.4309571256801919
0.02194704852982232,0.8075330359386492
0.01851183791924249,0.9327749048716037
0.022277945353346373,0.7927743674133837
0.04557918722852827,0.05671886140546014
0.032136874883141764,0.3382571001949929
0.04328725628063945,0.0803265344280071
0.021689581288662163,0.8187708699584126
0.04492140720181714,0.06279101464287927
0.024168364149635635,0.703526312043165
0.02842724237369676,0.49684476427435476
0.027631252337774193,0.5362887247928256
0.020190410200611242,0.8789493835747286
0.025386889290939796,0.6437687581382288
0.01937846195119669,0.9069958215165128
0.03500861854340065,0.2432304163907228
0.033658072678853124,0.28503320349132555
0.03168931193907676,0.35519849495550515
0.02642915424171488,0.5927346729849117
0.04550868881381798,0.05734454667007377
0.03236592447402825,0.32981503675140267
0.03133941078598379,0.3688567950379024
0.04587607734817756,0.05414788739080028
0.022659174460500475,0.7753785072084476
0.019003877994684226,0.9186878399575473
0.03152862390018485,0.36142565524400616
0.051971105493287206,0.01955008315242881
0.026922250842773165,0.5688748945939823
0.03142993465259658,0.36528824970641
0.012519778969238837,0.9993463553579295
0.027241002786662305,0.5535993938419209
0.03212747565770718,0.3386068134116134
0.026142951910476248,0.6066861212408392
0.05505056869400593,0.011134908620134257
0.04755463234185675,0.04142149246089704
0.029849816844112698,0.4311156416356671
0.03765549775212157,0.17506715179466592
0.032138717237308656,0.33818858288891673
0.025531815201191632,0.6366446572736106
0.015182203507364767,0.9895678966387963
0.026909501015788484,0.5694885196888495
0.029133703579504844,0.46343641537346536
0.02988056415605711,0.42976274350792787
0.021320048318063112,0.8344838521672115
0.027707597757128166,0.5324233339662361
0.03321306719025385,0.2999162238925175
0.034618275977719215,0.25480172667786594
0.02154363125485481,0.8250378477808449
0.020877920474191902,0.8525701441109765
0.04503499275582601,0.06170437657357523
0.0290864397765086,0.4656243346959863
0.020665513184914608,0.8609578352855283
0.023342134670989,0.743347946401631
0.0290263893823115,0.46841393564821565
0.015551512188055727,0.9863140515329655
0.02303301370871426,0.7579677127604307
0.028178276394280943,0.5089775051646667
0.022665564125269766,0.7750836861955589
0.04208752045040565,0.095690876570683
0.04003863263591512,0.12757253970647725
0.027431770025376112,0.5464703897503299
0.02494559413663694,0.665467782114602
0.038971935251436496,0.14733897163897816
0.026987367366598403,0.5657439779627222
0.03365739545537444,0.28505542828952524
0.021755155213059707,0.8159303366039985
0.03697178634130727,0.19102360341265157
0.047669563286593164,0.04065427745803038
0.03758044349047629,0.1767652843330978
0.0270374160365906,0.5633410518687525
0.037584519106571346,0.17667273741807066
0.018690632344507685,0.9278261273646933
0.03563993655668596,0.22536983007934278
0.02045029176034735,0.8692436552555658
0.02175797158353837,0.8158079995131924
0.019227948997245115,0.9117921910283009
0.02285096282764737,0.7664863058773588
0.025293293786155552,0.6483712101554322
0.023119536307513067,0.7538944382062973
0.026232348825239393,0.6023215043643454
0.020553341646838308,0.8653037006298642
0.02299692903686823,0.7596619083208196
0.03521645899671305,0.23723491453646672
0.014996659110393384,0.9909713108711106
0.04371146348974947,0.0754176248757169
0.03434196050944072,0.26324150314239697
0.04323268817709924,0.08097715835616011
0.026728562220484142,0.5782167478407648
0.037797521571620196,0.1718892966190727
0.024165684028855106,0.7036568193740516
0.02478288282174157,0.6734607863630635
0.033822464171316846,0.27967630477633537
0.04079186617985836,0.11496536641941792
0.039446022910495815,0.13826772173825888
0.026852624556750138,0.5722281825852088
0.019859221495811208,0.8908192176704972
0.02939272690255096,0.45156612264313256
0.019859368180809356,0.8908140884286363
0.016570508012583418,0.973733261055723
0.01996495695664241,0.88709211293182
0.027614636394819092,0.5371322947163837
0.028119622356659213,0.5118630075781514
0.02519721348738857,0.6530963371277534
0.029099866281683817,0.4650021108450873
0.027021623310816922,0.5640989551082246
0.029838316719597524,0.431622390058865
0.02692325197957221,0.568826719881955
0.031848517625803985,0.3491043370166129
0.024188118368364736,0.7025641820661646
0.034899358466291774,0.24642819184012954
0.01382503072694019,0.9968683517641003
0.03747410916932148,0.17919349275180685
0.02978155688917916,0.4341293657911198
0.028337728370118054,0.501185514721713
0.02797597082746517,0.5189736081493874
0.03588871245442593,0.21861596141871273
0.01735976572114528,0.9598953923180867
0.02180351219944804,0.81382600018191
0.04268632342689316,0.08774017668846548
0.03356760522537483,0.28801353814047637
0.020154085691747703,0.8802790312284214
0.023751654658050347,0.7237251773142352
0.018686969361287054,0.9279294759368022
0.019774516606249348,0.893761800446835
0.022108111261559205,0.8003915903301619
0.033183237572382396,0.3009339591492085
0.029816559550066568,0.43258220851986595
0.03181079126605557,0.35054166004984566
0.030928578960163766,0.3853603206935642
0.028349939491844722,0.5005919454173328
0.0418990153289045,0.09831504976102537
0.03528921591429701,0.23516305819191327
0.01568112882709416,0.9850176879193674
0.02426754567821804,0.6986921235067367
0.03393321133319238,0.276110025974182
0.02306939303069827,0.75625692874282
0.03153810713512095,0.36105601878960764
0.019264974610291752,0.9106244446467701
0.04321863373699031,0.08114545001000205
0.01625687709144219,0.9782091277647434
0.01845636446875043,0.9342703996397772
0.032553851126966626,0.32300314232733046
0.032718694563388884,0.3171125012123533
0.01696717400291914,0.9672497471137905
0.04554316004586023,0.05703787176453401
0.025979792305984406,0.6146658861363345
0.027742759015570356,0.5306489521384368
0.018728961295851554,0.9267398012216757
0.014237357335445178,0.995308990983854
0.031029938221875164,0.38124159721031387
0.02348609403205415,0.7364800114505992
0.037116374607971014,0.18755708797534432
0.03982336239862588,0.13137662344147177
0.028406586910702636,0.4978442537775671
0.030097928912009908,0.4202803378077764
0.02544507767098403,0.640907940033317
0.01947776874904572,0.9037601171407046
0.02782555093436695,0.5264855034909605
0.02561461994320907,0.6325763736328203
0.0373991178710118,0.1809218053590674
0.04465314198869336,0.06542258081080005
0.04101452831610397,0.11144169052511184
0.019460835629879075,0.9043158092086238
0.045114270339098206,0.06095552636013263
0.028101849884669183,0.5127393696543354
0.0325577017123716,0.3228646428935711
0.02674641297767788,0.5773540430253232
0.02652236763196336,0.5882056213181961
0.039795538840809,0.13187498738802875
0.02431233240868258,0.6965064037810966
0.04088608968956314,0.11346320026760685
0.024006078332527186,0.7114159114992629
0.022358620273568275,0.7891263042985142
0.017426875130756025,0.9585430767878105
0.036093485623058585,0.21317512352393744
0.031709969290040885,0.354403521279282
0.029327067767255022,0.4545558317056149
0.024809801055387992,0.6721390450040902
0.055324393186957255,0.01057471813704076
0.02725458854378776,0.5529512654442206
0.043186170127715195,0.08153530641502656
0.017945810935173445,0.9471365665014055
0.031981053301823575,0.34408825262973153
0.017412947208733653,0.9588260385399776
0.03923882651086419,0.14217482131995413
0.02264903463048945,0.775846153012042
0.021401255056082147,0.8310752194005123
0.025874770564703775,0.6198105472628792
0.02052081559039176,0.8665527692650318
0.037031059931871835,0.18959646439235972
0.024200241891308316,0.7019735272202035
0.04496460320597501,0.06237585813141463
0.03226937331941587,0.3333548768911539
0.02075808735903628,0.8573273083703956
0.04133669755145841,0.10650175116370793
0.02473598695065035,0.6757628113530181
0.031484387533979974,0.3631534326094428
0.02301757597189022,0.7586928591260522
0.029883539644738777,0.42963197258251745
0.0226656414384786,0.7750801183195758
0.027982176050163426,0.5186651772532481
0.02683582566524262,0.5730380731247547
0.029059578378673512,0.46687081165857064
0.04753143699205553,0.041577851777412515
0.01989593397893294,0.8895318723907257
0.025228804489039414,0.6515427141195008
0.0215350746993207,0.8254028389901195
0.01736718787380892,0.9597472048569352
0.029905963271971592,0.42864733136996896
0.046220521424882755,0.051291471934142796
0.02309138054840365,0.7552216182311339
0.01827076375215242,0.9391355079721259
0.020038320548175892,0.8844713804257889
0.03275927772647452,0.31567434802701866
0.024476683992364134,0.6884724270932803
0.043938340240826546,0.07289818572514242
0.02497014502115147,0.6642611180902545
0.04016364379297854,0.12540511858719133
0.0251245472831525,0.6566698764107426
0.03382528230544379,0.279585131355876
0.023003627260670345,0.7593476309255612
0.042815670872750844,0.08609764679098625
0.01756161295871772,0.9557433359860564
0.034903189571292126,0.24631552610059468
0.024545262642197585,0.6851146784550033
0.017932272870744503,0.9474555669628697
0.03737379867821933,0.18150830400394732
0.029522702213543695,0.4456864369452941
0.02959458217879274,0.4424568237988794
0.022275107711209052,0.7929023423905929
0.030019738291608575,0.4236748630316637
0.029808578705083466,0.43293464380366437
0.015855743725372393,0.9831376068523907
0.02360555105173806,0.7307554667439364
0.01937013636676077,0.9072645387964069
0.038691408879806155,0.15292926952814456
0.03038749752429537,0.4078704068538211
0.03393809487125243,0.27595355222944024
0.05905494509046805,0.00510242997214114
0.030451385195048752,0.4051665540865357
0.055621435600182734,0.00999595811667655
0.023792240163180378,0.7217670286419713
0.025633973440333524,0.6316258029059298
0.02071332651306701,0.8590876193557446
0.0298566939518701,0.4308127962796503
0.01895799070801818,0.9200633581102585
0.028004854714601235,0.51753891472371
0.026719620808229372,0.5786490030824989
0.039295433023140536,0.14109860977382585
0.023347168457755196,0.7431083962020768
0.03553736115330841,0.2282009753653703
0.025763063338509973,0.6252887347033069
0.03243809189755098,0.3271869634695246
0.06386100961033636,0.0018604351061989697
0.02131537440852349,0.8346792507002352
0.0576567105036076,0.006742452346979238
0.023453360318586136,0.7380447053461772
0.024810000247908248,0.6721292632648279
0.014827086595156608,0.9921279420346825
0.029859824852012218,0.4306749691863709
0.023374292522196916,0.741816839616686
0.031865742584071155,0.34844948934465647
0.033913801744576644,0.2767325852825496
0.04390626727472191,0.07324995776768706
0.04130680572277559,0.106952316850417
0.027116018055589608,0.5595735560206254
0.029218496010494643,0.45952821331096966
0.021917577476358918,0.8088307194644837
0.0442532543556331,0.06951977386620259
0.03597979012026209,0.2161828935540449
0.0350125549379634,0.2431158010104935
0.03397234926029513,0.27485786755563524
0.03736361191015025,0.18174469633255366
0.02173450795002646,0.8168263645764455
0.038027299559566574,0.16684532666391122
0.02693980061747847,0.5680305712408162
0.01882888737781163,0.92386574831904
0.027816857096237046,0.5269217381629054
0.04684552611788534,0.046439676323661354
0.018876484413341,0.9224755576433257
0.04278181586215024,0.0865250397472028
0.02228045420278435,0.7926612011715785
0.05142867994708383,0.021515592590828934
0.023384628763782334,0.7413243263475552
0.022865460679957095,0.7658106064062303
0.023673088872842057,0.7275094182391313
0.02502763931912877,0.6614348194200638
0.02370958260297179,0.7257527065284142
0.023516151011367337,0.7350417417872173
0.022756303913923137,0.7708861095892049
0.03526102138858955,0.23596428594676871
0.020129940965932125,0.8811591132786138
0.028636169479028473,0.4868074499633111
0.05646056695243867,0.008512625443010994
0.05342015234508379,0.015061461992139504
0.025168252372787248,0.6545206038838296
0.022314820556276205,0.7911092104343984
0.028362411039670743,0.4999861808449318
0.019972276308972137,0.8868319166891774
0.019822138951642754,0.8921122012685441
0.018509502310166598,0.9328382525850004
0.025009385971150544,0.6623321822958841
0.048688274057772374,0.03437815871392621
0.0303708321712145,0.40857774670666863
0.017639814085341987,0.954066403179807
0.041039217958211416,0.11105652937745676
0.02635092198365696,0.5965417400506337
0.03200606030709918,0.3431476244533571
0.019411324164676502,0.9059312892555611
0.04380889697322843,0.07432673942018928
0.027510774509590885,0.5424238332222369
0.023985276986539628,0.7124251802637295
0.01953181042612917,0.9019758122978943
0.022813248997026303,0.7682417718476056
0.03601106736793347,0.2153522050767809
0.021619875214976797,0.8217736418069448
0.018827402610364474,0.9239088950381196
0.03442278702706611,0.26075123094863717
0.033345633910080774,0.29542392607243123
0.029302704166501492,0.45566852633422494
0.03279832571717167,0.3142950908657342
0.020160452077856883,0.8800464777671955
0.033048733015701215,0.30555459335805957
0.0432480076587024,0.080794054350652
0.027845965616893398,0.5254620346295164
0.01856148957053927,0.9314202814636754
0.024127588233520625,0.7055111380217824
0.03385339983746638,0.27867667499721654
0.028867256247504303,0.47585921106730006
0.030234624901178397,0.41439038397997047
0.021522689200255296,0.8259306761552415
0.024881406223843744,0.6686218864096639
0.03579757613642698,0.22107175574947438
0.030323491198873676,0.4105916561381917
0.02099848519933245,0.8477199671381394
0.0371002847370433,0.18794037377585657
0.021226183076020366,0.8383913148796283
0.03718071077687232,0.18603065690115086
0.039490003690804965,0.13744970618600602
0.030128514986691446,0.41895753095115396
0.019567483980955536,0.9007889788116021
0.045092687523094144,0.061158620868415836
0.042680336317673095,0.08781683751196204
0.022985193728439435,0.7602122928804524
0.048202173194502124,0.03725836126025916
0.029030631596909884,0.4682165075554268
0.036832383415297015,0.19441334546578454
0.029471446932990086,0.44799894668664336
0.050042164592060956,0.027360228360732562
0.042531050169140716,0.0897466086203942
0.030623056287511663,0.39796216906639886
0.022018671021073966,0.804367533337992
0.03142816876631793,0.36535762897957264
0.021096918013201627,0.8437138053366879
0.03026416101315793,0.413125165537226
0.04007862153172573,0.12687590988251427
0.045847239894181935,0.05439313035791089
0.021752202312120772,0.8160585746312641
0.021089323207241384,0.8440243671642171
0.020137510214303322,0.8808835334190466
0.028522726054678094,0.49224116717059346
0.034013261137088524,0.2735534993685443
0.024606179375357806,0.6821297460595892
0.01525113148206686,0.9890082293894723
0.025281703723356752,0.648941184760188
0.031812543660185155,0.35047480294930655
0.023335083815181068,0.7436834106232924
0.017765057068573342,0.9513009853704714
0.03410001543660193,0.27080290367991566
0.02999241096929206,0.42486560614578833
0.022257655363063567,0.7936889104106893
0.04043438894252094,0.12081434190908312
0.03704911945784295,0.18916331553121388
0.020999689976634636,0.8476711826303684
0.025627535705094018,0.631941987085161
0.023287018051521835,0.7459679081716919
0.030308484067623986,0.411231482331941
0.01724281871283967,0.9621852607715923
0.024148307985074224,0.7045027735574206
0.03912943723448234,0.14427339868686215
0.03961022117201235,0.13523379743113234
0.03525925302967575,0.2360146084946859
0.028788887695025245,0.4795539844570557
0.017566753520221356,0.9556342763118035
0.04288387922000936,0.08524195942542807
0.03286683193989759,0.31188594036243583
0.03029944322202993,0.4116172659415172
0.027248134936793345,0.5532591128699661
0.017834497688671347,0.9497253571348254
0.03667308075725648,0.1983446079550924
0.020556912442006886,0.8651662686453891
0.030719857330546274,0.3939390037286492
0.029495993732136627,0.44689046182048736
0.06282395319215434,0.00232842091691066
0.020575279684814735,0.864458401242494
0.02683061566624989,0.5732893170680613
0.023626524971111368,0.7297481187702699
0.017503322852467473,0.9569684485213017
0.03364395298661754,0.2854968433621164
0.030619162288281654,0.39812459946434875
0.02531213209250277,0.6474447985002302
0.028311778419039202,0.5024484051059003
0.024885846783642807,0.6684037193311745
0.02361802500479912,0.730156438831032
0.026394218767368804,0.5944341140293514
0.028171124919465995,0.5093287706348781
0.03252773174907886,0.32394375286323474
0.02602260280819707,0.6125705163926669
0.036166543166645526,0.21125962852634084
0.02296041078435443,0.7613736391497273
0.046537486262962946,0.048778823298153744
0.02528597333693014,0.6487312134881811
0.01490619136129867,0.9916029141536613
0.0191837434095099,0.9131759358893213
0.032770827291517535,0.3152659343314839
0.03336430957626202,0.2947950759227085
0.03412814092276528,0.2699156343810035
0.024784090612821275,0.6734014870066825
0.033259769620293644,0.2983279108029828
0.02836536850912663,0.4998426002090889
0.02080192767288,0.8555943890771008
0.03008489383716828,0.4208449486946907
0.025495363327715848,0.6384361295257539
0.02883388375037743,0.47743032185603185
0.03200230648963087,0.34328870516129956
0.02483962743634649,0.6706742104540284
0.02960492118734015,0.4419935753695045
0.017149846933817048,0.9639454596034721
0.016598686635608845,0.9733033982909955
0.028160383045430393,0.5098566778542787
0.03388272583450769,0.277731522382908
0.021243910432686808,0.8376560605597203
0.02007541383831593,0.8831356150573005
0.0382981611588305,0.16105205563392944
0.024208746731406994,0.7015590938792242
0.02195979187718533,0.8069710332566202
0.028528133644747267,0.4919812719517307
0.025572581119049143,0.6346415498491208
0.02877462171419154,0.48022857026872107
0.03883318379575745,0.15008300569439664
0.036681074151862614,0.19814587435972594
0.02472449845825142,0.67632662231106
0.03011563920228455,0.4195140460168049
0.02078707403957697,0.8561824945188797
0.01993524332341612,0.8881454994548652
0.023910570526618324,0.7160458510585517
0.026257378175920887,0.6011005514315634
0.0170872901144119,0.9650999529975854
0.02403352544895654,0.7100834703148297
0.021460227327616543,0.8285838650895334
0.02390572056888085,0.7162806808221468
0.05672074818511896,0.008095085357300037
0.025220116516383922,0.651969983331196
0.0281646218996508,0.5096483188005829
0.020693748611442346,0.8598546802838277
0.025058704679904342,0.6599074745597817
0.02463394605873037,0.6807685050431804
0.019707191687522996,0.8960728450384616
0.025470428338153772,0.6396617567722295
0.02213563776306307,0.7991629195195299
0.03591834120428217,0.21782213769003864
0.02984244632680097,0.43144037439489663
0.03272609661737946,0.31684983802810135
0.03299068520866022,0.3075647107414197
0.026715293736189027,0.5788582174763814
0.025415398093920905,0.6423670651514459
0.030458544093147744,0.4048643439119253
0.02042551061689063,0.8701835017725945
0.02448274654005156,0.6881757114438916
0.02696077830474658,0.5670218117639256
0.03466907890824217,0.2532725464918747
0.02302254807544729,0.7584593624826591
0.017129572890544065,0.9643222452056888
0.02944845400882995,0.44903892028694403
0.02319879194107677,0.7501501317333744
0.022042694728492296,0.8033020684732223
0.03319503675457636,0.30053108796185335
0.02150331991532517,0.8267549946655429
0.03463738365242089,0.25422576301047084
0.024569448608406153,0.6839298107127462
0.029552062368884524,0.44436537192766135
0.022713328681440048,0.7728766210709364
0.029670855700465903,0.4390469519201232
0.03510640786213581,0.24039528184399211
0.019359442236153934,0.9076091209421133
0.016187630037397482,0.9791224639635725
0.022742431216278503,0.771529146165692
0.026810032170218295,0.5742822219796659
0.029717244652044728,0.4369817283473752
0.026427493691681958,0.5928154265963531
0.025563816764521796,0.6350721656573165
0.023816978566436248,0.7205724035339995
0.03714765696357264,0.18681365794093557
0.030135206770244588,0.4186684980909147
0.02595086738654584,0.6160822227562766
0.01743104558543218,0.9584581144704505
0.02602247055708362,0.6125769877739844
0.01746872469449523,0.9576855920486973
0.02972798289939038,0.4365045951696587
0.05706582095872714,0.0075700353689277695
0.029759927515119133,0.43508726666090924
0.026201576609632793,0.6038232415771878
0.031935939232572985,0.3457898645375409
0.014503543501921845,0.9940252562047163
0.045983075627658465,0.053246244017772414
0.018601512220559058,0.9303173360969565
0.02917582075177555,0.46149245007730516
0.028883125545428157,0.4751132992212984
0.03297666308678193,0.30805172777517315
0.025051766487505733,0.6602486069576918
0.029394597262267563,0.4514811497207192
0.031349916515296616,0.36844139363069967
0.02027566258451524,0.8758025044045974
0.024833419099815568,0.6709791392161896
0.015374380336293847,0.9879538686745026
0.0200837822472279,0.8828332735518339
0.031051901929906978,0.3803531701641422
0.03173415735222884,0.35347428093021
0.026342700034272748,0.5969421499688323
0.032113617260939364,0.33912291085223517
0.029742634760003717,0.4358541325533556
0.03437594325585158,0.2621923176080822
0.020250419829505928,0.8767380909452149
0.04060642146951898,0.11796974875718791
0.023850699630900696,0.7189427431566631
0.024323482972300275,0.6959619710597522
0.04540260271319119,0.058297249353589604
0.029511274337460536,0.4462013434135184
0.04306004936484609,0.08306491915841623
0.03233469728719096,0.3309569312798461
0.040228480808013,0.124292922004382
0.02622313284388267,0.6027711865903064
0.03027882758463235,0.4124978845780615
0.012494304829932301,0.9993693168364591
0.03087995937756549,0.3873469274885669
0.026573101722440262,0.5857439493169658
0.026406180356575493,0.5938521217310877
0.023420934854035347,0.7395929224606719
0.019994726296283405,0.8860320810444707
0.034071254844891874,0.2717124680729819
0.03588657730330386,0.21867325350341027
0.03132671031915113,0.36935941750212836
0.02129476781239137,0.8355397026445883
0.023503782204743584,0.7356337819145242
0.023068946326572554,0.7562779521406432
0.04910345179337061,0.03207468405456166
0.023771745969383085,0.7227560950142464
0.023988022588944183,0.7122919927460358
0.038891507224529165,0.14892458373508707
0.03485916449194115,0.24761258769699462
0.02233739873198648,0.7900877297085384
0.02104690462100578,0.8457544564996433
0.04066815179866601,0.11696256161100708
0.01546613085792059,0.9871231479871071
0.04820536602882264,0.03723877522381472
0.02828333161810348,0.5038351382242466
0.03997001903677688,0.1287751176091779
0.025417808003790357,0.642248582455683
0.023555741343107006,0.7331451070103143
0.019498597403963425,0.9030743627326403
0.04037066325746963,0.1218822629713948
0.02875282488764097,0.4812604514529638
0.06947748703668477,0.0005177510122530328
0.02899527524126022,0.4698636213840958
0.0211557969527425,0.8412980057579879
0.05002172978416486,0.027455958010238014
0.0429495625031745,0.08442472337862825
0.054714566219995264,0.011858865236547106
0.028378093033541885,0.4992251446312896
0.026915158873530354,0.5692161940693485
0.025319073771892797,0.6471034333694947
0.03425758164974557,0.26586029205130035
0.044675593271102154,0.0651987904136927
0.02421616562298798,0.7011975246595477
0.016757080756961806,0.9708003157994761
0.03085516264932786,0.38836286436205014
0.019542693306121683,0.9016145026760837
0.027242535376659938,0.5535262668329657
0.02689928207653125,0.5699804756933706
0.036991608801130726,0.19054539726604608
0.02802418650906724,0.5165800809856619
0.015213914201351986,0.9893130512325649
0.037272155248553096,0.18387795059856785
0.023694049938002615,0.7265006368376299
0.035676345624829575,0.22437145301480602
0.019977780626583952,0.8866360572871959
0.027355207040764884,0.5481590423204967
0.03397346240442645,0.2748223164154146
0.021347380128917792,0.833339487244943
0.021323481581135242,0.834340265379954
0.02081611499945224,0.8550317395797045
0.01987984908643986,0.8900967859185279
0.026975743417794573,0.5663025036774607
0.027629697596936897,0.5363676221269142
0.02321863608794794,0.7492107236204499
0.036247805817831935,0.2091447515437112
0.04614700494486623,0.051889966651878144
0.0296936063074138,0.43803328513444517
0.05497369251508677,0.011296931247633108
0.02475720380217128,0.674721426405829
0.0335531153935551,0.2884930272106198
0.0175606777537326,0.9557631590973331
0.046293873868805346,0.050700261611333945
0.031096220326121915,0.37856490710147184
0.04072747151688072,0.1160013897680937
0.037150846236608914,0.1867379951407261
0.04709639496684037,0.04460712870456473
0.02080791725427089,0.8553569607787093
0.04669336726464224,0.04758267658643909
0.027845949129555625,0.5254628607024054
0.024455751208085852,0.6894967428888686
0.028158258128940683,0.5099611475285746
0.037941974694010006,0.16870436346095194
0.02891603778982854,0.47356874128070003
0.027523085050784213,0.5417949633550868
0.04367602129982878,0.07581779358495548
0.02976197308060602,0.43499661385991345
0.026322687680881196,0.5979169857684528
0.03711176984402276,0.18766671761599973
0.021401896490462535,0.8310481931402494
0.024074924117231222,0.7080722243396735
0.030629445575504566,0.39769575178036093
0.027901452023294082,0.5226865777642348
0.039568194056907924,0.136005132264286
0.02992401494928343,0.4278557741832704
0.029487536199007694,0.4472721807931293
0.025046793875381335,0.6604930927550101
0.01766611722288658,0.9534937664725651
0.02154196532133701,0.8251089317046192
0.040007030786336606,0.12812527329201645
0.03729367399840494,0.1833742473397544
0.03315236926784648,0.30198980573960704
0.04384532213448877,0.07392236608463823
0.03860874023357014,0.15460888287452967
0.023546691626337712,0.7335788630973321
0.028285147795289456,0.5037465298664177
0.030812262898089138,0.3901248616259686
0.02639330257027206,0.5944786967575355
0.04710862080026712,0.04451944881674433
0.03646064771498031,0.20368359364656538
0.02303968586582822,0.7576541516631561
0.02500555947020222,0.6625202915664337
0.019989882498426814,0.8862048773638171
0.029369131015855365,0.45263902681338913
0.030461971062356097,0.40471973051026666
0.030710345336683487,0.39433308193138333
0.033636709197952586,0.2857349206660958
0.02624747625067525,0.6015835189193524
0.023428981872070376,0.7392088655669038
0.024813374156171686,0.6719635787697464
0.023906000121627025,0.7162671459385728
0.019426097624347827,0.9054507136294626
0.02569860325817963,0.6284523324744438
0.029933968507657394,0.42741973816954604
0.02454484161771192,0.6851353013906715
0.032782366219521575,0.3148582816789865
0.02222338370748833,0.7952309129666899
0.02107555765741892,0.8445866418106089
0.02311763971493641,0.7539838880438152
0.02660669196865896,0.5841154847637503
0.029030968508860167,0.46820083037475546
0.025589441064834517,0.6338132360090392
0.031221797243411897,0.3735298041084517
0.0269810489733473,0.5660475536694564
0.025828607202706466,0.6220737275748542
0.027040795731045286,0.5631788984205844
0.01983480994521436,0.8916712246948435
0.036075735875793935,0.21364253411758874
0.033130508550813786,0.30273919489710394
0.03273504943257466,0.31653235761837734
0.03911047614236696,0.14463969532028856
0.027165464700419195,0.5572075810354578
0.03573878772410971,0.22266716739767456
0.028564621245218524,0.49022994242234635
0.027458759668947286,0.5450859166339825
0.026051604569038767,0.6111516454454566
0.025106972330849922,0.6575341135044059
0.023724876139387896,0.7250159634469602
0.03963822856667065,0.1347217507239362
0.030087221444383916,0.4207440912357804
0.03040611607709609,0.40708115899329167
0.031326307150989385,0.36937538081949695
0.030554298461752616,0.4008369928739172
0.023668669963990085,0.7277220049721358
0.020064475368304968,0.8835302629896374
0.026903611799600546,0.5697720210123496
0.028028239631038177,0.5163791931196982
0.028748643853584555,0.4814585496524007
0.029558270129552977,0.44408638775821396
0.031465508229714334,0.3638925921578826
0.03993741832189235,0.1293497435706121
0.03804434476018764,0.166475917651021
0.018797234627218384,0.924782680205992
0.017314157869246977,0.9607984802628168
0.03498745040383888,0.24384747238749022
0.027335136318878406,0.5491138348591336
0.023113376120209334,0.7541849475783386
0.02636196177685718,0.5960041889513993
0.042137156160816425,0.0950097133668413
0.023708241465123514,0.7258172983883131
0.01949420456681561,0.9032191945494453
0.037429771134531165,0.1802137562641531
0.03305744465028618,0.30525375487295253
0.02582529688869334,0.6222360562761745
0.03351986802198742,0.28959546686161425
0.03389877818695208,0.27721518286730695
0.034352721561991095,0.2629089240926075
0.047197917887951746,0.04388356457325386
0.031541988910939234,0.36090479257029373
0.02563101328349804,0.6317711869836045
0.02926893906414807,0.4572135685943888
0.047311064205037834,0.043089195970138425
0.029091574378131813,0.4653863175662225
0.026074569844917267,0.6100284735770963
0.029328935974266557,0.4544705843520615
0.0223490593911414,0.7895596104311708
0.029268220599971584,0.4572464820602717
0.03411313081392475,0.27038888366060665
0.0266064696720813,0.5841262581117508
0.0382983810902785,0.16104741801691128
0.02862298934810248,0.48743675601692504
0.04479544808950209,0.06401512586304792
0.025482468040234685,0.639069954515406
0.02977819736895529,0.4342780558793812
0.031525347345055854,0.36155343065499185
0.033851617488605656,0.27873419589325554
0.04016149574980962,0.12544210462421376
0.027235148427507294,0.5538787619293872
0.032556285584322775,0.3229155737567706
0.043594102757753106,0.07674960193116054
0.020897261313520987,0.8517963594427171
0.01918434796701507,0.9131570886614357
0.029604803710105876,0.44199883721891325
0.022487499339708283,0.7832606456682107
0.03606931196588334,0.21381189321657657
0.018542721852346067,0.9319340951534908
0.03810751436253368,0.16511257928234863
0.014253517988656372,0.9952376521383695
0.026887740102654323,0.5705362712637361
0.0431128679030755,0.08242140948828806
0.026452445968864674,0.5916022382763044
0.03490251415110113,0.24633538611703434
0.020390005190741828,0.8715248699050315
0.044614343560225866,0.0658108623663668
0.042130915040114236,0.09509513847169133
0.046964538792508115,0.04556232979795982
0.03650918784388246,0.20245386852811229
0.03489245338388791,0.24663135662871674
0.020073142316055337,0.8832176201050549
0.026290887511660643,0.5994666911802784
0.02888459738695548,0.4750441562313636
0.02320946482430608,0.7496449780358269
0.05540555534728919,0.010413644475686101
0.045908255584480306,0.053875358122784045
0.03603959653041078,0.21459666316798306
0.0365005057776977,0.20267339459059705
0.03238117782502803,0.32925829838652254
0.027519755857706496,0.5419649869716862
0.03521991708052652,0.2371361255331777
0.03204010982668082,0.3418698287048921
0.020622186896332606,0.862643405861383
0.022788473736312237,0.7693931897754714
0.033049545550323245,0.3055265249416125
0.019046750358208797,0.9173913796354194
0.028072000712447698,0.5142133687145497
0.03308456424272449,0.30431862680977545
0.01879793275570263,0.9247625217997678
0.021021327193875172,0.8467939782669834
0.020472257563804774,0.8684080988474885
0.01955502362834105,0.9012043358021122
0.026465924785350037,0.5909471245866064
0.057773740147488706,0.00658867623556803
0.042836453102051975,0.08583616778100638
0.018772230484464858,0.9255027279167547
0.06621262365891739,0.0011033939610575545
0.025386538702738548,0.6437859962080086
0.023193044409676844,0.7504220754405
0.01835164947902468,0.9370415398906344
0.03976450850752128,0.1324326080382433
0.037117571253383885,0.18752860666064877
0.05743077675772357,0.007048621494472677
0.012568208378019086,0.9993008068873743
0.05479748014022057,0.011676375216769098
0.023566571524998303,0.7326258464221358
0.019724490654661198,0.8954813914222848
0.03190513284355634,0.34695527098109247
0.017327155875258793,0.9605424181499358
0.032777669893037986,0.31502414928232814
0.04080479784254132,0.11475823624241568
0.034913306308042624,0.24601819996058608
0.02583898705633536,0.6215647613153222
0.024137702419295304,0.7050189646453547
0.023394912514835386,0.7408341318040506
0.023934663829630498,0.7148788669095478
0.025817048797190933,0.622640542056998
0.021541483041787546,0.8251295082272299
0.03594386723589643,0.21714002673294336
0.032378057767920854,0.3293721233543588
0.020493201964310995,0.8676092310230386
0.03478817462798911,0.2497150134090606
0.029946150818161626,0.42688647593898704
0.0277349759892227,0.5310413979038837
0.02324311593212651,0.7480508383943303
0.027521292024995668,0.5418865300222543
0.044163695105093714,0.07046673587579055
0.02286425109546464,0.7658669996300407
0.029387798361784345,0.45179008362959716
0.03608616674945489,0.21336775781026648
0.028604451844226553,0.48832274671923803
0.022193074398454526,0.7965917323165668
0.024203049215702543,0.7018367360184903
0.02254611326872935,0.780578096599943
0.02356504112079516,0.7326992336550844
0.043627126238388436,0.07637280613180088
0.02396017789573801,0.7136423297551582
0.03361196802559585,0.28654918618629593
0.057054934402783475,0.0075861148163924134
0.025985314009556282,0.6143955647383164
0.023786786249513747,0.7220302928346778
0.022241033990938353,0.7944371970794389
0.015442352053090413,0.9873422611840506
0.04224239347282385,0.09357891287539401
0.02704695704323601,0.562883323185303
0.022895015105926675,0.7644316936582886
0.01923185439533498,0.9116693949226885
0.04648924264989829,0.049154251892510395
0.023978230990210847,0.7127669387767939
0.04695373489055338,0.04564137698026085
0.04135430626436887,0.10623706897239509
0.023582440513643776,0.731864672289168
0.03721485519566403,0.18522454311011394
0.03750460196948591,0.17849448291817996
0.024860729648168545,0.6696376611831563
0.024946386186227243,0.6654288554021541
0.018490342567052398,0.9333566450518358
0.021991554828615034,0.805567937239852
0.024537441091878165,0.685497782395917
0.03430377826957337,0.26442411337998156
0.013330892145223538,0.9981695503112095
0.018122511009122988,0.942867684453735
0.031209920382331835,0.37400399405309076
0.025214002329376983,0.6522706751315832
0.024837524064253325,0.670777521130866
0.023356639240505267,0.7426575754337412
0.029369617591588404,0.45261688517025955
0.03223641054657994,0.33456963408145135
0.02595915306395752,0.6156764584021114
0.030842094895722094,0.3888990023132375
0.023347627824514383,0.7430865334202166
0.030349280653260036,0.40949371893322106
0.01967435700023301,0.8971909496587523
0.021848589964183263,0.8118571422501156
0.024898942530725443,0.6677602857275102
0.025751116927362372,0.6258749203543827
0.022407636286579435,0.7869008357843392
0.01917148708214081,0.9135575689801849
0.01731617599966606,0.960758791492206
0.026057449938578947,0.6108657320011868
0.022771650657386955,0.7701742120571369
0.029106614421373522,0.4646895885481251
0.030299563758953707,0.4116121208613978
0.04452907278272866,0.06667113857175742
0.03273750902138611,0.31644517746483886
0.026710900339754984,0.5790706589360188
0.038959713489135794,0.14757903691969848
0.023412955796030643,0.7399736282620877
0.013019042646345208,0.9987385221337209
0.022990646353250682,0.7599566019938283
0.021714064351538942,0.817712082494664
0.03163916704144576,0.3571335302246697
0.04435429333186336,0.06846445147310685
0.04023882347407737,0.12411625684392347
0.03696218013623653,0.19125568740738882
0.02924519000939363,0.4583023630434892
0.03542327062429873,0.23138200576036355
0.034196082996231336,0.26778127856180445
0.025643365229868986,0.6311645566502855
0.03468579359169399,0.2527709541020228
0.03645891990129041,0.20372747369406416
0.024023311890358223,0.7105793903982299
0.032900115942739006,0.3107203283066402
0.017956653930226052,0.9468802422545358
0.024000309100961736,0.7116958789930533
0.023096977439621802,0.7549579244357828
0.02366521908714414,0.727888001803425
0.02578749825324861,0.6240899511294254
0.03627224077337915,0.20851205986789698
0.029128156514419357,0.46369284730274396
0.01976371131974508,0.8941343753861243
0.032067470911198215,0.3408455078136024
0.0352248336283747,0.23699572598171179
0.026890949333109204,0.5703817174882725
0.028392832208485874,0.4985105385036754
0.042887384134490725,0.08519818353869427
0.027865336624022963,0.5244920413096891
0.024141485991928224,0.7048348241042452
0.01714675529884957,0.9640030794164451
0.02695551482592634,0.5672748684963643
0.016475486472988465,0.9751487971698932
0.04019763745259286,0.12482098800095323
0.03326337980867078,0.29820538974343713
0.029588313117535736,0.44273787262241754
0.018427385796015217,0.9350440732563587
0.03964244713429932,0.13464476154595692
0.04639515700840402,0.04989361402452966
0.015667948701146475,0.9851533175072906
0.02636798279410052,0.595711055634598
0.01529417620582707,0.9886478909124132
0.040196692964783676,0.12483718745227303
0.041762845521245096,0.1002477696593581
0.03842370914272464,0.1584220272805947
0.02312287673927349,0.7537368744682168
0.026861734512523272,0.5717891173340772
0.023041058220207633,0.7575896457299096
0.0267104473515008,0.5790925642164606
0.03291838161860605,0.31008201627620935
0.013704766380690736,0.9972366735791811
0.014179100986662425,0.9955594013734741
0.026138404165835474,0.606908306605074
0.040096523089237224,0.12656506481870186
0.04759207540821375,0.04117017002653966
0.02527254074190821,0.6493918050112715
0.019124101978947344,0.9150247486444391
0.04144131957775715,0.10493714167125662
0.017826662421095443,0.9499046544665599
0.02518977449296933,0.6534621790835164
0.023414444639735688,0.7399025990289475
0.02701340987686951,0.5644932452979029
0.024710309322835022,0.6770228925154913
0.02520346525756914,0.6527888805829782
0.02447940053974837,0.6883394756799163
0.039471658988966984,0.13779042679451925
0.04480144122164065,0.06395642396780182
0.02818280396643702,0.5087551997746085
0.024681436006763313,0.6784394492251715
0.026721611623728547,0.5785527536106403
0.02780077141047954,0.5277294723740042
0.052691265264573406,0.017188496724383
0.023524772821988504,0.7346289102794912
0.034329586188878825,0.263624333155854
0.028923549696002304,0.4732166705528405
0.045651075386723694,0.056086893012997095
0.03940438435046001,0.13904581503570307
0.03560399288058358,0.2263588009245524
0.023229554928385077,0.7486935147603515
0.0270133379528934,0.5644966984137134
0.03505730374925742,0.24181575071793024
0.029468099092394562,0.448150270248913
0.02713759470282584,0.5585407422252437
0.04162433145074601,0.10224612078117387
0.023908518111465826,0.7161452302224627
0.041230014187613295,0.10811706044617815
0.0380193828885419,0.16701712173652336
0.03092498228301052,0.38550703831624694
0.02159684486815705,0.822761877499417
0.03676560072452073,0.19605389198457723
0.025562205484320866,0.6351513343459879
0.03454297571646758,0.25708112735474864
0.019411274646577437,0.9059328979719343
0.03464528405885414,0.25398790898598744
0.033928155500990265,0.27627209005084724
0.030976981776526302,0.3833896279372108
0.03690148921547903,0.19272710019772343
0.022985381341066202,0.7602034961851373
0.01972921567382807,0.895319557673578
0.020556998153259953,0.8651629690672605
0.027852195953109615,0.5251499313215383
0.025417634772738174,0.642257099293124
0.013469781083230603,0.9978579682276293
0.03213203704217438,0.3384370673845438
0.02522820412647736,0.6515722395864526
0.04066256856632311,0.1170533648857363
0.025947404872778135,0.6162517995100909
0.03549333514320624,0.22942448225237105
0.045904361700056184,0.05390827388869324
0.03207635541518539,0.3405133712639921
0.03855295489170585,0.15575066010256064
0.03359502809886783,0.2871076949660517
0.023974593317509063,0.7129433584144291
0.036592496624662574,0.20035684152769187
0.025279184161019264,0.6490650923127879
0.01810491303949907,0.9433015923192618
0.023788067044708705,0.7219684714609542
0.02824812808787225,0.5055546230903728
0.03657526515732534,0.20078918759126016
0.02589724227103324,0.6187092422804832
0.03228425994152506,0.3328073124073398
0.014173391128797286,0.9955833825480254
0.019958367553307654,0.887326118434041
0.036791901075926337,0.19540652040936587
0.03789436787404077,0.16974876773210185
0.04596564197618358,0.05339226391624224
0.03757975240656003,0.17678098091264163
0.03037181224272545,0.40853612556872004
0.04358356186449586,0.0768702036514421
0.03550514217733225,0.22909586441948904
0.025697281551504136,0.6285172164860902
0.035216826498616016,0.2372244144098102
0.05400789441527559,0.01352173861319741
0.02632807472055554,0.5976545417723647
0.019525196158345692,0.9021950799091907
0.03375383631353657,0.2819034296555512
0.021667801213155313,0.8197109753895614
0.04535188121554179,0.058757532417583344
0.027374407444526794,0.5472461864159891
0.035430993830228186,0.23116560109630704
0.026346052582953194,0.5967788737083266
0.023103493068874437,0.7546508651382169
0.021205621356254867,0.839242531013795
0.02991794374752771,0.4281218831172597
0.034612849762297504,0.254965469369302
0.034708120294680345,0.2521021253689791
0.03324907031849944,0.29869123712672063
0.05225078311112474,0.01860058787838171
0.03033236037030601,0.4102138409939451
0.026436162676855113,0.5923938750456386
0.03342773204808447,0.2926668848599672
0.022926301519463566,0.7629698432996771
0.03198888144501455,0.34379360203280546
0.03315427769034074,0.3019244494810121
0.04033541220913106,0.12247632533939865
0.022745065921469965,0.7714070560121606
0.028549595265496108,0.49095067150517935
0.0506455160030197,0.02466345747491268
0.026943735371977473,0.5678413195962231
0.04419386939789671,0.07014646755263926
0.03461676333626473,0.2548473644790524
0.02397895269489403,0.7127319358185403
0.01625056276476522,0.9782935159139377
0.030535131983196545,0.4016409029555202
0.03918946328011941,0.1431187456227294
0.03621635283478025,0.20996135874171246
0.03676769378837341,0.19600231059179715
0.042018633403425265,0.09664298588224329
0.026461821864798063,0.5911465223807695
0.06473755936540504,0.0015346335815842854
0.02116622158164172,0.8408687871933072
0.028269356730979966,0.5045172825985486
0.035540251056396244,0.22812083931015048
0.039404879025799644,0.13903655028182593
0.03777225738963358,0.17245121337278516
0.03540575482636221,0.23187337592482832
0.027021087559125245,0.5641246716068522
0.037669534320673104,0.17475101221956596
0.04464628542293492,0.06549105640884505
0.03627915616243671,0.20833327128598889
0.020158856338171494,0.8801047869164332
0.025732804190295444,0.6267736013030869
0.02448771975902736,0.6879322924630132
0.036823739927569044,0.1946250672714329
0.044468690237626674,0.06728610748070223
0.021090537428133938,0.8439747322812311
0.035932018789695486,0.2174564368844252
0.0400363413988597,0.12761254899057145
0.026114794968499777,0.6080619879123528
0.02729684382530767,0.5509370316018543
0.017980417533692644,0.9463159034248115
0.03132752613248291,0.36932711711353355
0.032320747132140504,0.33146797227936725
0.06320435179827788,0.0021453725479406733
0.043384192844121844,0.07918162808533553
0.050824121425566304,0.02391167799246311
0.03074873198060818,0.39274440806006616
0.025513175980742542,0.6375606667941778
0.029576786252424547,0.44325494576615215
0.030975324440936258,0.383456989031658
0.03370427295316969,0.2835200638316374
0.025374719147801428,0.6443671609113776
0.018033227029597865,0.945049117218267
0.03469229509966365,0.25257605333788974
0.035547949591012706,0.22790746717616353
0.01733203471834216,0.9604460342792589
0.0326594525120214,0.31922043108308845
0.02065153760604249,0.8615024958273659
0.018214813178628053,0.9405601364577189
0.019791357738717874,0.893179840681722
0.028924969333719575,0.47315015366549745
0.0248673681241926,0.6693115478169276
0.02383046809964473,0.7199206585453526
0.03000571566064436,0.42428559334871135
0.02510117564193559,0.6578191555469657
0.01767911527634025,0.9532091915574554
0.038538851884251546,0.15604038199322331
0.05255353849672145,0.017619352838770565
0.03522209858315617,0.23707382153144368
0.03555973037545623,0.2275812490478994
0.02353924812046715,0.7339355376034805
0.03564401333721201,0.22525787027948185
0.041616883842183094,0.10235449983533665
0.02783063089656912,0.5262307084600784
0.034059168754887736,0.272095377568287
0.02537314301890098,0.6444446600852133
0.025372904868288138,0.6444563701148593
0.03702609668924517,0.18971564206881295
0.0287823499770824,0.479863052661197
0.024896733497540124,0.6678688255542514
0.016991876443477216,0.9668147979417322
0.03191072897026059,0.3467433610711959
0.024871713841174925,0.6690980584071662
0.028941442349469992,0.47237875973610355
0.028049549486627523,0.5153238076070218
0.022043655350091562,0.8032594262710195
0.035552118662379395,0.22779198156741398
0.023619619368848224,0.7300798571525287
0.05609960202137093,0.009124312685583629
0.03373972885558507,0.28236287965221435
0.039135695588074504,0.1441526627333163
0.01604636146826144,0.980903920406681
0.03023019485112402,0.4145803787637913
0.03202517402032734,0.34242991273575785
0.02462750167434813,0.6810844717695255
0.03334340522200435,0.2954990369342253
0.03659351891640372,0.20033121462896222
0.016513320336596637,0.974591450009678
0.04077715806332105,0.11520132525390184
0.02586336267128686,0.6203697282610221
0.04030356442502869,0.12301507630716574
0.03348252369113214,0.2908374756345918
0.02688306901471832,0.5707612481941562
0.023282147589519853,0.7461991613876386
0.020676057774360546,0.8605462898317138
0.03884522111581523,0.1498433265463333
0.036562180488646234,0.20111797566957704
0.02854842901513771,0.491006639838392
0.03295760935330838,0.30871440798747696
0.021627933268257432,0.8214274143242486
0.0416274373557638,0.10220095125334969
0.05349493512304243,0.0148571819355879
0.03341211027965013,0.29319002787819
0.018365114407285388,0.9366890148170955
0.02228915939519205,0.792268395851199
0.02346458851654687,0.7375081871129671
0.0409480546766503,0.11248417825907991
0.028566626040965937,0.49013383289356305
0.03829331731191743,0.16115422326481796
0.02403299253381208,0.7101093488133695
0.055216690708205896,0.010791941978609047
0.04368939802341232,0.07566654961608806
0.028230335676293405,0.5064250962347898
0.020796673583137304,0.8558025296581946
0.020238913350705712,0.8771635007641232
0.019407500148722945,0.9060554806119376
0.021236857356395966,0.8379487438971869
0.024418945636383582,0.6912970544568331
0.02334597437196384,0.743165224953307
0.04497826180854331,0.06224507507160745
0.04369150609098499,0.07564273807110979
0.04842894227022443,0.03588946922345325
0.026528698534149242,0.5878983055499083
0.03428193227131138,0.26510254091450575
0.018470171460570728,0.9338999551649431
0.02483522552133624,0.6708904162942897
0.01806433119672063,0.9442948245590675
0.0284520516058151,0.49564598050795144
0.03208598989652245,0.3401534601930775
0.034591620751386665,0.25560684630451486
0.023716010826713096,0.7254430758880401
0.0402270844965294,0.12431678846915564
0.0299019844115731,0.42882193535216034
0.04311139538150632,0.08243929270049385
0.031181777697907975,0.3751292911438787
0.04712458555492685,0.04440517988889981
0.027908830553635355,0.5223181939441696
0.03689368962664724,0.19291683985158228
0.018020023170873478,0.9453674867714548
0.032444574205143906,0.3269516453411747
0.0408179948635099,0.11454717320681343
0.02505403915273663,0.6601368668283709
0.042398214649918,0.09149351225372118
0.023665589891726027,0.7278701658832725
0.024662717386843225,0.6793575995238171
0.0267883706623587,0.5753276380446971
0.03356264381334961,0.28817765169739323
0.03494482575477825,0.24509360969527716
0.032338439478127534,0.3308199390661709
0.04565689865298045,0.05603596684934435
0.022162077576230788,0.7979805676683447
0.026253444446038776,0.6012924105768809
0.02549502141906823,0.6384529344557839
0.025086942774443816,0.6585190168703858
0.021557613236658946,0.8244408433510504
0.037665637242443095,0.17483873890298213
0.022096817691521498,0.8008950122345981
0.017568710666118426,0.9555927110589881
0.03136911508951032,0.36768312449620943
0.0260434350908183,0.6115512733524286
0.028486325752253516,0.4939929061027867
0.0255196503229147,0.6372424811993973
0.016187083920518694,0.979129561338568
0.021936712827929306,0.8079884674304629
0.024157815674653693,0.7040399263782994
0.061228531367024275,0.003264817310617657
0.03858199836838977,0.1551553744987797
0.03923592012357047,0.1422302571145166
0.030732717244191243,0.39340665597048685
0.024224658767661222,0.7007835400089706
0.034423415156565385,0.2607319480546182
0.0232694927945436,0.7467998177162218
0.02753095007042966,0.5413934234524987
0.04445807267493529,0.06739474090531163
0.04182596430635993,0.09934799720374723
0.01621954683599791,0.9787048045620892
0.022740407094217818,0.7716229310573773
0.031054651203032635,0.38024206461552174
0.03571000272596425,0.22345157522039105
0.04501351041815771,0.06190864829734635
0.04569820987747408,0.055675828506325305
0.02466523213025784,0.6792342607790087
0.029881169699641275,0.42973612805796974
0.020792077539700693,0.8559844999672617
0.025925452798562787,0.6173270559659991
0.028015617530745718,0.517004953732585
0.03391761513618763,0.27661018868527104
0.06382339775220391,0.001875757188849245
0.0312495330765718,0.3724240800525867
0.03135782257805342,0.36812900157673367
0.025624991059408964,0.632066968932185
0.03745854183879649,0.17955119020394475
0.030279990652075622,0.4124481686990581
0.027678185949100542,0.5339104061136148
0.026688857903324315,0.5801368213519578
0.027171555310438633,0.5569163725204989
0.03796782641211505,0.1681393762137772
0.019017167042469918,0.91828714629958
0.04396080115039347,0.07265269206541358
0.021677200273127584,0.8193054860118809
0.029018864819855716,0.4687642548574228
0.024160989549733003,0.7038853987172962
0.02442282070593249,0.6911075529704059
0.017023652514358778,0.9662498516535769
0.026515122341660535,0.5885573696461504
0.017562879093400374,0.9557164896047998
0.022337682062453346,0.790074902051779
0.030146119512800384,0.41819744367640854
0.020777886827203662,0.856545749750304
0.013972146959940895,0.9963670450841027
0.027441295605937555,0.5459815146603961
0.021422062693215893,0.8301976990691063
0.03617601847588958,0.21101217875600412
0.02121866751467269,0.838702643962953
0.038614475809023,0.15449187367364817
0.03190174350316177,0.34708366094666876
0.03695042830992157,0.19153991083396923
0.024987695001197352,0.6633984654491254
0.022130278243453982,0.7994023293611432
0.02814264309822634,0.510729263155544
0.01953807244196215,0.9017679957006034
0.024016869155154108,0.7108921600856388
0.03441719122912246,0.260923063359538
0.02292494003750173,0.763033503356443
0.02280560473485871,0.7685971881423523
0.029845410403620265,0.4313097622817816
0.03233595415123691,0.33091091607660317
0.03437577282350057,0.2621975716722235
0.022561466706416566,0.7798739312122656
0.0253702217077737,0.6445883034256394
0.014586067565930783,0.9935780482026347
0.031180540530871492,0.37517881419927096
0.033784615456266626,0.2809029508430778
0.018805017049330908,0.9245577966444507
0.04726560598986751,0.043406830218192693
0.027399910957242812,0.546034472503356
0.03705683453957015,0.18897851090248652
0.044255033409301925,0.06950107312854119
0.03090992891103317,0.3861215256238044
0.02527871215092603,0.6490883049525169
0.025709727123054082,0.6279062756714693
0.02813536673938888,0.5110874431919118
0.028063568427090013,0.5146302526661953
0.02625967943760199,0.6009883178787271
0.02913040541615383,0.4635888729329967
0.022790111853298267,0.7693171034931713
0.034771583150769336,0.2502083333559463
0.02795087596794127,0.5202221260311898
0.03436121315799778,0.26264670797283224
0.02271696526588385,0.7727083558878121
0.027952351177524426,0.5201486793075344
0.03540919839452383,0.23177671039103206
0.05247578800687008,0.017866824362340335
0.026127128153638046,0.6074592703576009
0.01526768913657603,0.9888706145428713
0.02811189467912706,0.5122439434510928
0.02479324496343638,0.6729520148888002
0.02763497900545553,0.5360996395164186
0.019294254441069802,0.9096953640789753
0.025715604497257072,0.6276177814489092
0.027053436592300528,0.5625725325015561
0.03238968841406664,0.32894796221203276
0.04318067715933027,0.0816014276689709
0.03656963727172746,0.2009305520355419
0.020652520766747007,0.8614642094041534
0.04089054266937642,0.11339261114229489
0.018407248039519042,0.9355786532455194
0.02420507412858991,0.701738064590039
0.03010662857450025,0.41990380061957094
0.02334668535846951,0.7431313880927886
0.0318713342394501,0.34823709789377244
0.0402264179619769,0.12432818254084016
0.017752133730574104,0.951590884198124
0.033932837333669696,0.27612201204880993
0.04575832761825993,0.055155298545136115
0.02343194307336327,0.7390675101462527
0.0467505722273695,0.047150132497585324
0.032594516692283304,0.32154264181516773
0.01960835640311709,0.8994204413915858
0.02767546191601722,0.534048264696671
0.026258001890714366,0.6010701321831649
0.029978179718299025,0.4254866059021241
0.024904260588363814,0.6674989799396249
0.017445680970444688,0.9581590997434815
0.02109152293528213,0.8439344422046344
0.03781874019123688,0.17141848678519808
0.024362449455818114,0.6940586450961375
0.037066752072127396,0.1887411584547451
0.02575768689977942,0.6255525381121863
0.026729516611008697,0.5781706147092078
0.02701181039345779,0.5645700390187194
0.044292750116672885,0.06910561565900032
0.03625618480113413,0.20892762729273512
0.031152590151051873,0.3762988727335007
0.03456683994306897,0.2563570747824517
0.02162602930319779,0.8215092425360313
0.0282348875607642,0.5062023098922397
0.045223315173730905,0.05993822399111203
0.04425504043077161,0.0695009993299958
0.0170153624755931,0.9663978318822867
0.039902509587329715,0.12996737256244556
0.034627752849965,0.25451594143581746
0.036590896199036715,0.20039696628857498
0.034191802343494615,0.26791537716962965
0.026121234265975568,0.6077472893760132
0.029002605132189885,0.46952183922157675
0.024126126103889534,0.7055822794710069
0.017758498328279415,0.9514482430970129
0.014293512416001741,0.9950575441468484
0.027464491424041892,0.5447921759111527
0.020999006855225377,0.8476988447240442
0.01694363222977624,0.9676608192150729
0.02805606662244578,0.5150013139076746
0.0316084164571252,0.358323854469286
0.020670704748905422,0.8607552776430409
0.02260973555521406,0.7776561724874849
0.027070845657526266,0.5617377704899298
0.023448237321035736,0.7382894291160695
0.03651278955117193,0.20236285390403635
0.029473787066345514,0.4478931920407498
0.029288596322349314,0.45631366017874603
0.029175826880842415,0.4614921675748676
0.026207480072959144,0.6035350882760298
0.03027808226577916,0.4125297457440893
0.02965418782325091,0.4397905959332685
0.029924421355088465,0.42783796486188586
0.02805756654495456,0.514927109838976
0.025305363005806658,0.6477776794128394
0.03154560412055818,0.3607639915621502
0.03144894821993427,0.364541821459007
0.035244310227281916,0.2364401670604432
0.025540041394065405,0.6362404141623406
0.03866307515744205,0.15350327475946673
0.03404654620825831,0.2724957144106776
0.03129449849072774,0.3706363654286681
0.026346576956005285,0.5967533364621854
0.03408054064688276,0.2714185512312053
0.021394866018469294,0.8313443289012459
0.0450899882313818,0.06118406195640071
0.019366780604432754,0.9073727374340972
0.03483892493443702,0.24821062312418643
0.0172687690169068,0.9616844455362743
0.04298730516385996,0.08395811754816339
0.07116634849838077,0.00034508158802777194
0.024525702894629076,0.6860726575124065
0.02004325210897645,0.8842942025427749
0.031892587180794324,0.3474306768403335
0.01921084784659377,0.9123288510478512
0.028098941162175817,0.512882889320979
0.025115365398256373,0.657121393271288
0.04626049412196709,0.050968563864397784
0.021639895678434606,0.820912996441546
0.0302140681362576,0.4152725187107141
0.03534062482763728,0.23370749564000942
0.03927198027866452,0.14154369237171477
0.03081606291159622,0.38996856225204113
0.03135238637188981,0.368343782205894
0.038382982039960156,0.15927139085411215
0.02256959847789891,0.7795007297882314
0.03930499774254714,0.1409174182314472
0.04954054321146062,0.02979727311282118
0.04278805624413523,0.08644612601953447
0.031790846893241714,0.35130321549046856
0.030018128031048308,0.4237449647254754
0.02232320841629959,0.7907298972682395
0.024605513564515236,0.6821623819783711
0.01728768831984917,0.9613166997700671
0.022991788080983844,0.7599030547132171
0.026835168951262423,0.5730697404272795
0.026781346948746065,0.5756667240714731
0.024853744016369528,0.6699808138408447
0.04798051939209136,0.0386402710507989
0.033651542854544636,0.2852475498203585
0.023469161140317385,0.7372896336740791
0.03842482153416682,0.15839887946436906
0.023483097207366854,0.7366233342571427
0.03336838606438608,0.29465794329736156
0.0409412753041829,0.11259094851457192
0.019224986117840903,0.9118852926348554
0.028092345835778326,0.5132084043030728
0.020984230020344496,0.8482967224377158
0.034808115375852156,0.2491230863498088
0.04056998599681383,0.11856757025100599
0.048317217909417454,0.036558291708789
0.027906552997846834,0.5224318868331521
0.042042317449996536,0.09631475308927756
0.018424240877885995,0.9351277240732435
0.05320932181388516,0.01565101627742542
0.035173148911230384,0.23847484653679907
0.0526407201239667,0.017345511840521296
0.01831483241426124,0.9379997011206986
0.044319006266992256,0.06883145363980402
0.01801828007108508,0.9454094345807339
0.021340833076992638,0.8336138757159691
0.02740077665882501,0.5459933579892
0.027532635293871843,0.5413074101281602
0.01666769031416504,0.972231122532027
0.02733769465077368,0.54899209979444
0.03860230696440736,0.1547402102682014
0.029410768608816085,0.4507469066941105
0.038161499869548865,0.16395453956221703
0.035600630852606785,0.2264514760190015
0.028300734252454607,0.502986500064305
0.028556740318616602,0.49060787021043534
0.04929948735419021,0.031034997574877855
0.019888055766682483,0.8898087337415213
0.030840625832809998,0.38895930649523264
0.01816801172102677,0.9417368170138813
0.030852745232823775,0.3884620063163207
0.05458255000778378,0.012154742787978305
0.02634429055704135,0.5968646869678944
0.03434394970905552,0.2631800014524647
0.044541948126042286,0.06654063083267106
0.022879356523142547,0.7651625170258096
0.03417569998649567,0.2684202621687012
0.03256789309713465,0.3224982829670963
0.03196507797579384,0.3446901231410072
0.023900042611692984,0.7165555657592483
0.029884499657968633,0.4295897863116431
0.027680240058701178,0.5338064658164553
0.02932839398988446,0.454495314318619
0.03284823941097781,0.31253844358103244
0.019063213080139696,0.9168906509447949
0.030674604672893402,0.3958162410205329
0.021652222270309274,0.8203823777728656
0.022759090168642804,0.7707569037613482
0.020905686179870542,0.851458784514894
0.02682606247320285,0.5735089126441372
0.02126168412514995,0.836917612069999
0.028605937083518107,0.48825172218514495
0.02963644203424498,0.4405832580117836
0.03168314181946463,0.35543619024950546
0.027828835694121312,0.526320741394249
0.0296045554036371,0.44200995909664875
0.030402897143250507,0.4072175359512158
0.040671385811362426,0.11690999157063989
0.027675717527884336,0.5340353276840772
0.04135903912555133,0.10616602093021378
0.020638687795055496,0.8620024825875309
0.029502674040101762,0.446589108879706
0.02736054673105126,0.5479051217215218
0.022439747360570722,0.7854392894598163
0.018916595678551543,0.9212934295380758
0.04855667730907953,0.035137947153966405
0.04185650333978552,0.09891507791189166
0.044157765785935,0.0705298153123985
0.01816972349588808,0.9416940204643854
0.020696581767972844,0.8597437863365311
0.02543217349353666,0.6415423251698327
0.046392727218709684,0.04991283491948942
0.019285397886282724,0.909976915316284
0.017929408862963347,0.9475229050280255
0.04741868243991021,0.042345270204122216
0.02661845482732761,0.583545481425682
0.018759475314553686,0.9258685813038373
0.03828115522125419,0.16141097803052123
0.04617760635024348,0.05164011361511278
0.029419872996419807,0.45033388069652835
0.02574546210594708,0.6261524111583973
0.03428870339361234,0.2648921237848864
0.027720827989004326,0.531755249338396
0.034716834321353585,0.25184144851907836
0.025499460522403372,0.6382347529284567
0.02630327294125845,0.5988630207941283
0.03834365811597851,0.1600949537961936
0.018214316697781063,0.9405726906652133
0.037585990193985674,0.17663934219829894
0.02970174722692842,0.4376709431898587
0.02867141719645061,0.48512707223826357
0.03185441003911399,0.34888022421474685
0.028566311839617803,0.490148894844512
0.021167280447966785,0.840825164910795
0.03379538155543094,0.28055362307406156
0.0342568323458583,0.26588363495659995
0.031158765804276845,0.3760511937445122
0.02248420714743521,0.7834110465673008
0.02112084816294596,0.8427336917933338
0.016095218781743692,0.9803001191198206
0.018739335428109904,0.9264442389978655
0.020954796927880937,0.8494847948702128
0.03722057120147326,0.18508986416339804
0.04888856050979884,0.03324942536043405
0.025878919705456416,0.6196071847952154
0.024566634620440397,0.6840676849167731
0.028827311145304624,0.4777401444854956
0.026188155367410815,0.6044784386506401
0.03512770646761648,0.23978114754869284
0.029574029969771543,0.44337864707684976
0.030696532730877024,0.3949058182757664
0.036827915887686524,0.19452275474021402
0.025505358726389482,0.6379448633843159
0.018543570428418976,0.9319109099770888
0.03850688565297489,0.15669867668053325
0.016862088271209275,0.9690588228190095
0.029025668894877454,0.46844747177546775
0.02965207189068164,0.4398850594160039
0.037362802465128686,0.1817634906135168
0.04402717790553845,0.07193130444925996
0.017132361343059455,0.9642705723367899
0.03765361373336773,0.1751096193036598
0.034173346945547745,0.2684941009104855
0.041801191742614985,0.09970033016899404
0.025898919204461412,0.6186270686056872
0.01911842327974622,0.9151996927339179
0.02230595201891894,0.7915100411968027
0.02103727758008056,0.8461460466838192
0.030260982383527146,0.41326119955773016
0.019010353877474184,0.9184927091584477
0.0349988786056209,0.24351418971582703
0.021217843868664876,0.838736749230967
0.027365984170836355,0.547646594414104
0.02565050741510244,0.6308138115106721
0.0354647483662901,0.2302216212092639
0.019447250133011407,0.9047604684352623
0.014622815761421618,0.9933710173813665
0.024753852649488428,0.674885922883421
0.023534646108764545,0.734156011448713
0.027291147763378043,0.5512084091559999
0.02926748483672137,0.45728018963479355
0.039931997127926444,0.12944550138806887
0.03536950459186772,0.2328928469318019
0.016688119066511242,0.9719083003161244
0.03403475811794343,0.272869983850713
0.05783273195313521,0.006512380557612108
0.028568798228523096,0.4900297123360327
0.044076946771090864,0.07139441208968994
0.03886216347638305,0.1495065048237964
0.029529783240881402,0.4453675855678572
0.02867198213381905,0.48510017034906694
0.03577121690681423,0.22178600196874557
0.04493820948170579,0.06262924801532822
0.04615957290624961,0.05178722634974118
0.02826353183676289,0.5048017818201298
0.024430485393798662,0.6907326979071785
0.03599548471550296,0.21576575286192706
0.028077570586489575,0.5139381166110986
0.04326869251771742,0.08054737595996807
0.03519148565628527,0.23794927705783608
0.01741993824052601,0.9586841584898327
0.02055982441805121,0.8650541484536287
0.029833528251441033,0.4318335103000519
0.031197417828447205,0.37450362124916664
0.03106809069522093,0.3796992648016246
0.01581770128339098,0.9835605346556535
0.016352830629771997,0.9768992316145838
0.020911301489779544,0.8512336124159396
0.020410603739442923,0.8707474210842112
0.02946143004295959,0.44845181497676395
0.02422250709607443,0.7008884258341683
0.025105608444127903,0.6576011805528897
0.039756494882031035,0.1325769263602466
0.02553344106874622,0.6365647592457683
0.024222977935279166,0.70086547456026
0.057602582227537336,0.006814677589567785
0.027812372716158218,0.5271468412292578
0.02437524538519087,0.6934333723439963
0.03172141903097869,0.35396343676264547
0.019031973713122652,0.9178394574011753
0.0250167372984188,0.6619707865915339
0.02804418470267106,0.5155893739898088
0.024370517559436533,0.6936644117127695
0.031362448880790594,0.3679462891480704
0.02212721241304072,0.7995392404228862
0.04097266072253403,0.1120973531742237
0.03394409304008206,0.27576145523204176
0.044985152919036014,0.06217918081335439
0.03754458513044601,0.1775811963169482
0.035876393741977375,0.2189466668605499
0.024894052538429523,0.6680005514302154
0.023140712439228772,0.7528952124563
0.02684054265986119,0.5728106299979627
0.03427577082359329,0.26529412126057267
0.01740067463729511,0.9590743703201703
0.031878662503950606,0.34795888363117755
0.02188165303583356,0.8104086784086495
0.035713599718036004,0.2233534386826819
0.030881130180094474,0.38729900472524126
0.02832198158005833,0.5019516121437686
0.034929531439357175,0.24554192151356372
0.025762342260214566,0.6253241148434199
0.026124089631154757,0.607607752146227
0.027712346087359577,0.5321834983478512
0.017297826506782465,0.9611187270825314
0.027080674859450093,0.5612666308949639
0.027669656476939974,0.534342141649964
0.0355045995265757,0.22911095973983928
0.016352278785393692,0.9769069134258642
0.031950763212425626,0.3452300714493551
0.022501547726864635,0.7826185316959036
0.023091782364219382,0.7552026890613945
0.02488822188237877,0.6682870271407542
0.01903401828896345,0.9177775361379463
0.031872291987661394,0.3482007283971142
0.020951031599119596,0.8496365126539879
0.023807200256800276,0.7210446956555783
0.04098795604182054,0.11185745400079554
0.02868249035487236,0.48459995274478307
0.033501062805086135,0.2902204041521516
0.020186070177468984,0.8791086021259789
0.012084737009278049,0.9996564804534216
0.02542741733425169,0.6417761507948316
0.032357681903962016,0.3301161686088089
0.031237703553646523,0.37289539747629824
0.028449909272931895,0.4957494249369313
0.04269147074744206,0.08767431372370263
0.0376305216333119,0.17563080161958297
0.054145328515371904,0.01318278486273413
0.02466348883034175,0.6793197634331762
0.02475061427908054,0.6750448789918628
0.02986502802719626,0.430445983084602
0.031752826750954255,0.352758238812954
0.020433000083340258,0.8698997713203727
0.01322956993902745,0.9983732062647146
0.04135003054496239,0.10630128846736735
0.03430054877612576,0.2645243229141129
0.023517907180417685,0.7349576620321199
0.041926878726189054,0.09792342551683297
0.02774333417655872,0.5306199578022432
0.022124196003265095,0.7996739163093805
0.01892024379625412,0.9211854362217693
0.026439012323316358,0.5922553181929193
0.029277438824101942,0.4568243060916491
0.040531371159903684,0.11920386869711935
0.022224873621868257,0.7951639486280171
0.018680231318242146,0.9281193715918211
0.01636051329519217,0.9767921077991303
0.02223391222593174,0.7947575667299595
0.023801537519317573,0.7213181493664296
0.02824357361711405,0.5057773546006933
0.02592367458493361,0.6174141678367842
0.02219660273304136,0.7964334592907115
0.025804248105500194,0.6232683485004027
0.02611382617449276,0.6081093367970588
0.02741886072294354,0.5451347441887596
0.027291170862692282,0.5512073085443117
0.03407924115616079,0.2714596687349684
0.03725660807752179,0.1842425531969301
0.039880465431559986,0.13035863221847646
0.028710243543337954,0.4832804371246658
0.023947107727583017,0.7142758681177598
0.04033603330805263,0.1224658378431761
0.02521563022099793,0.6521906164935647
0.02890041011997785,0.4743017322470123
0.03050349479279124,0.40297030544847373
0.026826962956931544,0.5734654814365833
0.045155968176708194,0.06056478517342061
0.02980859339606734,0.4329339948701572
0.015789027399630284,0.9838743669894067
0.022792342168018065,0.7692135010257614
0.030861608735923918,0.3880985864138012
0.023271820974523294,0.7466893333593541
0.028191647668933784,0.5083211486118049
0.033639300837334074,0.2856497258543141
0.03500306476250625,0.2433921950199439
0.03194087697486936,0.34560333016006073
0.032700734446091284,0.3177504782571637
0.021252425377091072,0.8373024464300745
0.029533248783289057,0.445211591219316
0.02725912552422116,0.5527348782038413
0.020569611373431912,0.8646770261192926
0.016015901106804842,0.9812738408445068
0.0364466363708813,0.20403964254697549
0.029570047885447592,0.4435574027914423
0.04497398330548551,0.06228601708435199
0.02598564155257721,0.61437953004344
0.03984937471863664,0.1309120929655161
0.020690343899663677,0.8599878968981605
0.04086798428378369,0.11375058285983727
0.027625931758531397,0.5365587542853217
0.027007191375648165,0.5647918230297717
0.031342794992891165,0.36872294594180244
0.038513650432473456,0.15655918077158945
0.04841203216660084,0.03599000620171624
0.029875744328591025,0.4299746289804686
0.023752394903476914,0.7236894819829789
0.021664371789582915,0.81985884717998
0.02573549651854412,0.6266414693154243
0.04531192778207527,0.05912229068410349
0.05267136517767168,0.017250162610982736
0.038010673711735166,0.1672062776349351
0.025245053925234906,0.6507435775527832
0.0421626041482549,0.09466205858077044
0.01758548029857919,0.955235581756295
0.03787471575044954,0.17018139850967953
0.023217878975204165,0.7492465785454059
0.03067873627818596,0.3956445916362773
0.014802014675188602,0.9922891563501222
0.02562333808405287,0.6321481569303075
0.02151019645859642,0.8264625034480398
0.0375482822445275,0.1774969352272729
0.028831141825581885,0.47755955613071144
0.018257975698155682,0.9394628398721133
0.03076279319985853,0.39216357974470134
0.01844096600767864,0.9346821545894642
0.0220406068228281,0.8033947409829009
0.04522213098635952,0.05994919287192531
0.026518743051471783,0.5883815832938508
0.039833288873765915,0.13119919701442415
0.024055589285376877,0.7090117800650748
0.017584046325379854,0.9552661886347316
0.03937297727931943,0.13963506413989973
0.03599062583268131,0.2158948285228606
0.01858611917751163,0.9307427010903793
0.020121117117576026,0.8814799991694796
0.018831264900895817,0.9237966307881882
0.01981068702902694,0.8925100067777471
0.02221274337798773,0.7957089518044923
0.022107676705772628,0.8004109683895579
0.01921387348634762,0.9122340259282624
0.022579620274169487,0.779040551657522
0.04118845633780066,0.10875176326187978
0.04812121755348708,0.03775799155173259
0.0183137068490421,0.9380288612277675
0.023860912736480056,0.7184488859386133
0.0387126829674439,0.15249942072865413
0.03267159519583407,0.31878754604973675
0.019293546900574166,0.9097178735606034
0.03178933424427105,0.35136102248756246
0.02175822421988649,0.8157970241835379
0.028900206906502968,0.47431126852366245
0.02809205490400357,0.5132227663649821
0.035278015555804565,0.23548109835377926
0.023987623088783938,0.7123113727799016
0.0243553368644589,0.6944061483133793
0.04903062365927491,0.03246866028521941
0.03138874010095227,0.36690914990836165
0.042808157530365376,0.08619234327244608
0.028683382624712594,0.48455749384812863
0.01853122557046355,0.9322477652752962
0.025660306504713015,0.630332616359536
0.022817294853529,0.7680536066768188
0.043740762209340645,0.07508817299077832
0.02922005468759059,0.45945657582338384
0.016384406019391173,0.9764568176300645
0.060410269808309325,0.0038697533264551646
0.022065186997445974,0.8023028671325884
0.02272769959898044,0.7722114898838477
0.04002832249562083,0.12775265487832713
0.052514373805102044,0.01774362418011242
0.032967353709997815,0.3083753733832759
0.02274819396255412,0.7712620834448876
0.033304222080385415,0.29682188430421724
0.027826463917731387,0.5264397054136188
0.025751946179961682,0.6258342287472705
0.03831565018765859,0.16068360460967457
0.028626819925726688,0.4872538049495361
0.022645654930669334,0.776001966591718
0.02509341427818701,0.6582008015784763
0.02660499547177486,0.584197704774049
0.03413200646481562,0.26979385952268087
0.02565014247803188,0.630831732772875
0.023919404154830237,0.7156180644811625
0.04013477046267072,0.12590302112627463
0.026729810269810583,0.5781564200863469
0.039758218397492384,0.13254587654626585
0.03632963061678471,0.20703193203616407
0.03644964018784436,0.203963270238117
0.04035438576028105,0.1221562820928681
0.024990090270217702,0.6632807234204382
0.023888009265497112,0.7171380039218336
0.03451162498172511,0.25803467284783843
0.04638321934514994,0.04998810865637136
0.025728009276836716,0.6270089294163692
0.032943267854083635,0.3092138869144275
0.03213315317945109,0.3383955410891076
0.03611723462120475,0.21255097488490185
0.020563948716822725,0.8648952813867861
0.03029171094741223,0.41194740747398806
0.020152319710489808,0.8803435028864341
0.028404272756808513,0.4979563126504074
0.021177360037624132,0.840409683705303
0.02540603091158633,0.642827608910779
0.027233623388164152,0.5539515439292637
0.039170967294833325,0.14347373115811027
0.018828357562538645,0.9238811460553328
0.021152028730600153,0.8414530464169386
0.030097957172627587,0.42027911426571096
0.051040461001066406,0.023028335929343145
0.025685452174478707,0.6290979618939759
0.02693437290321421,0.5682916606868125
0.021484523757396512,0.82755357526162
0.029100950761266398,0.46495187672057764
0.02874488910923001,0.48163649523971425
0.03350309507432203,0.29015281942072385
0.02762688236646993,0.5365105029463796
0.02976980162347087,0.4346497955940058
0.019219851277788913,0.9120465220403001
0.028233187350899636,0.5062855172633571
0.024435039706198425,0.6905099419391287
0.021476410564883586,0.8278978637043712
0.03249529593013761,0.3251145937317695
0.014629385557475033,0.9933334842579497
0.02843762109138903,0.496343038057959
0.04425832264813734,0.06946650917082714
0.04463074315438548,0.0656465014855363
0.0376111068763596,0.17606994004412171
0.02595237340073181,0.616008467722042
0.040885624885389715,0.1134705704849483
0.03102860816998676,0.3812954439960134
0.029746341384174424,0.4356896819089812
0.031168437460953657,0.37566353458302154
0.04259060832459877,0.08897249781596264
0.024104988127027133,0.7066105345319793
0.0219892624788125,0.8056693087236916
0.04760428374578013,0.04108851381497084
0.025870137720590214,0.6200376277187154
0.029667020012603296,0.4392180079894826
0.01864127350849787,0.9292118720477212
0.03361210820307095,0.28654456790752236
0.017728600983315315,0.9521160875914284
0.015507028383576954,0.986739975469061
0.018055282676208595,0.9445148805224898
0.025717178538948282,0.6275405209630294
0.026095891764626455,0.6089859767028694
0.05004062535986453,0.027367428823219707
0.03255318708503907,0.32302703121691406
0.031163961225159187,0.37584291615473453
0.03322650839717947,0.2994584621597689
0.03466353935336425,0.25343894979481496
0.04220877070298645,0.09403407385372832
0.0328415423634601,0.31277371999894377
0.029191980584740596,0.46074800301949936
0.030632367416256967,0.3975739593797934
0.01706834219946818,0.9654449149053891
0.022124145576102344,0.7996761675305207
0.03936650543012793,0.13975673844102743
0.025214466484305753,0.652247848300382
0.02928087572189292,0.45666696912394666
0.035074511583372825,0.2413172404315781
0.031217530526574333,0.3737001064430769
0.030215226116778293,0.41522279328909967
0.03911749198492043,0.14450407331687354
0.022398866795744182,0.7872994878251433
0.021645305085716215,0.8206802068599398
0.027552385853997885,0.5402999759976146
0.03315887446686655,0.3017670699564206
0.014116408113031387,0.995817310014295
0.04107083841410142,0.1105648549555898
0.04172580542826476,0.10077893706601163
0.019659927470669247,0.8976804347693612
0.03777595965270161,0.17236877768624284
0.023698756091571682,0.7262740612965041
0.028479826680522846,0.4943060901136379
0.02417906913137058,0.7030049704917773
0.030394126353074147,0.40758928802632083
0.023616575644716753,0.7302260523047988
0.02551115452683972,0.6376600143810787
0.03284467669646551,0.31266359050536435
0.027527938884039482,0.5415471345488625
0.016768195849080847,0.9706190923447721
0.022233294378141505,0.7947853532942265
0.026023803983052596,0.6125117403552252
0.019250833429728664,0.9110713811639746
0.026238797621420062,0.602006881290945
0.02317978331079118,0.7510492802397999
0.03322674513922591,0.29945040414595975
0.04337908369265442,0.0792416255862972
0.047577788807650734,0.04126590628849586
0.020041086721116153,0.8843720147823351
0.048294724376817755,0.03669425714466033
0.03809591807489965,0.16536218159032662
0.052752830003757634,0.016998968462511865
0.029406211889417444,0.4509537194540944
0.030540698433492497,0.40140731201285484
0.029267938555191775,0.4572594032038627
0.047999123573505165,0.03852258604835329
0.034767794759202886,0.25032107857000224
0.021135653030333934,0.8421261303284644
0.036520105402515435,0.2021780818436536
0.02202361881173609,0.8041482462183993
0.030729503868325764,0.39353962987231544
0.025580688428210818,0.6342432351504996
0.03212280400137618,0.33878072644385937
0.026828417034472585,0.5733953517863254
0.02878074313151968,0.4799390354958494
0.035407091926935697,0.2318358380597847
0.03126938012371028,0.37163426482667444
0.03531200712199617,0.23451690609378695
0.04294353929868788,0.08449938880669552
0.04075946261761887,0.11548573822155986
0.040273432451327196,0.12352659056200636
0.015718022244928687,0.9846333958487671
0.02329733280376245,0.7454780134031699
0.03955903840230368,0.1361736424962944
0.017951478394230724,0.9470026818414182
0.01674018769494956,0.9710743384552362
0.03300867890751916,0.306940579525071
0.03643229989042107,0.20440445643550653
0.02119764814431846,0.8395721439503254
0.030392300204517053,0.40766671902875484
0.0450364756692373,0.061690297128223257
0.012020453569761558,0.999689558500992
0.03470872925740098,0.25208390182899143
0.03298235001440486,0.30785414107069614
0.038243971953428546,0.16219798976713692
0.03075211351536289,0.39260467224716805
0.018108723316133446,0.943207807677597
0.031044454686611767,0.38065424728360897
0.04008579077506269,0.12675134723886114
0.04783020401625951,0.03960269390991409
0.02528833221313964,0.6486152089293311
0.0515150762746609,0.021191211851616598
0.02732152165553997,0.5497618265119482
0.024555503747724028,0.6846130090649541
0.025934195505862345,0.6168987893107254
0.0455941060976815,0.05658720877165507
0.03435762162740108,0.2627575885336118
0.015518310816529435,0.9866328547069821
0.03525694821825642,0.23608020931685808
0.029005080251020887,0.46940646480280407
0.0350373062591359,0.2423960641328906
0.02076964987297336,0.8568711084599219
0.023377700871610785,0.741654454998566
0.033032405125469566,0.306119029472349
0.01670933351297335,0.9715704543907959
0.019170581814785204,0.9135857220122183
0.02525593323929265,0.6502085420899169
0.025601552052153254,0.633218284346635
0.037661598608677294,0.17492968904882594
0.02254710259659283,0.7805327409052377
0.03344347249875518,0.2921404660399397
0.027566747345379117,0.5395681546645797
0.025128418970904676,0.6564794849928424
0.026582906314555843,0.5852685056814066
0.02166846652394172,0.8196822832764828
0.02887610315077993,0.47544328196652497
0.02523828231937686,0.6510766003788071
0.05883362457123403,0.005334936180004846
0.01821014944913335,0.9406780047397026
0.021547616230331412,0.8248677705902023
0.0352520489604099,0.23621970110065318
0.027999805958805316,0.5177895114552145
0.03802026442973433,0.16699798493888293
0.02167415266680517,0.8194369988249308
0.033948229080834835,0.27562905287293027
0.01823924008684852,0.939940570632338
0.019108322189391957,0.9155104087215618
0.036555293151018686,0.20129120793772728
0.02672386336942223,0.5784438940841798
0.023263421795580386,0.7470878715217679
0.019254013589173308,0.9109709723161992
0.017058123234602762,0.9656300494493995
0.029569298998947835,0.4435910256729874
0.028473206646643545,0.4946252342176467
0.018637299364716364,0.9293227984355321
0.04285150887094924,0.08564715571120107
0.026280516222020878,0.5999722847803917
0.03526726207865111,0.23578675903584911
0.034998399137741165,0.24352816553974024
0.03241146683972085,0.3281547810913043
0.01923473844459711,0.9115786557934663
0.023908900098949415,0.7161267345406066
0.022237182615728712,0.7946104681932378
0.030136386542658267,0.4186175551885621
0.022476769410541497,0.7837507259214638
0.03760719841297022,0.17615845011849424
0.04550432227918566,0.05738349464106228
0.021506649073390838,0.8266134123129807
0.017995699947251698,0.9459511070668376
0.04300896576388974,0.083691313534055
0.025766892880276393,0.6251008395813027
0.015033304487029844,0.990705795893126
0.026036662827866014,0.6118825847921971
0.032695144898378437,0.3179492200042455
0.03342206925390223,0.2928564411275826
0.022663515869383755,0.7751782043867574
0.025770848010791853,0.6249067889676918
0.01585919796280577,0.9830988330787643
0.02566866687498398,0.6299220969716295
0.028960523298217633,0.47148626990566944
0.017711507471689314,0.952495404981072
0.021506894677665478,0.8266029656131207
0.04708047308726107,0.04472154025730484
0.03158408509583421,0.3592676884557829
0.018919365283826983,0.9212114496540128
0.02562986622686947,0.6318275238621678
0.035178791652811015,0.23831301928683765
0.026443131049978974,0.5920550682397301
0.03976652450921381,0.132396321806638
0.027291186155142144,0.5512065799062446
0.021335296281938393,0.8338457926392605
0.029571094288207145,0.44351042512356664
0.023646371294968604,0.7287943310809468
0.024691722421009255,0.6779348297564806
0.03086028206528224,0.38815296730687077
0.031009000027850342,0.3820898903914841
0.036976959032098855,0.19089872406478647
0.031061576601489116,0.37996229107105234
0.02696416233777499,0.5668591323336531
0.054711950141286714,0.011864664766878348
0.022730351089479933,0.7720887159242595
0.021276867460074428,0.8362857813315794
0.023446257282094596,0.7383840032437419
0.022250349259868574,0.7940179278913558
0.03141816937284947,0.3657506669795098
0.027283048036174207,0.5515943818745621
0.033902879146164855,0.27708338656607445
0.03540221585012582,0.23197275193802788
0.042435520386026326,0.09100005601930981
0.04137672356478461,0.10590089705534307
0.02350670589226328,0.7354938598949743
0.027446803867891,0.5456989404819697
0.03086531251925928,0.38794679450501796
0.043736982540579394,0.07513060515031691
0.03958261754752046,0.13574001155927184
0.03915063939435803,0.1438646981971573
0.03309130776678337,0.3040864259136386
0.020209954670141972,0.8782311888305582
0.02141495956064432,0.8304974469415225
0.029644853215513356,0.4402074314709195
0.022998874723391016,0.7595706274835248
0.028902975602012493,0.47418135164523334
0.04368277868684589,0.07574135919237653
0.038648794218438476,0.1537932451700809
0.048746971019440255,0.034043936491254805
0.022929109600075326,0.7628385304091081
0.025887651458310457,0.6191792423916854
0.023724644676587914,0.7250271162213223
0.030824099811008754,0.38963813755033055
0.019726912303210387,0.8953984642675507
0.044108261939911464,0.07105834141249873
0.04154835608100016,0.10335621978443721
0.01895956766826827,0.9200162954759231
0.036323950255903514,0.2071780667571226
0.022920911903570318,0.7632218265492611
0.028343273611180497,0.5009159109205149
0.045423892240495256,0.05810497713732189
0.020318630019174666,0.8742026576094899
0.0233808164522587,0.7415060012586832
0.03834513109842863,0.16006404361472046
0.0346533911006377,0.2537440091690688
0.028940864658040688,0.47240579780450415
0.021618071211845113,0.821851121503169
0.033989098861653855,0.27432328906393366
0.030816597928442102,0.38994655982115967
0.039517265374446664,0.13694463404235954
0.025010138460465625,0.6622951899071121
0.016675515868828095,0.9721077512037267
0.03524193609695592,0.23650783436745362
0.024312299834364837,0.6965079940954899
0.03136854034098957,0.3677058088533707
0.023264493603433523,0.7470370218447024
0.044875973167559424,0.06323022889784381
0.02791864121735732,0.5218286347008315
0.033981875754802104,0.27455372550557583
0.0321791634963422,0.3366868949518857
0.02420137041483167,0.7019185390338408
0.02820548059291303,0.5076426967680728
0.026654827647480832,0.5817838102823327
0.036372579443478714,0.20592961584692762
0.0319529785997838,0.3451464682023874
0.05386092674827092,0.013892862801473987
0.03335717025201712,0.295035355596852
0.040293250787664714,0.12318996253848574
0.022992821455392276,0.7598545868291997
0.028322066936276924,0.5019474574631796
0.020463684866446785,0.8687344724385995
0.023320006263586768,0.7444004713461883
0.03778531740373703,0.17216055503542033
0.03102743181630363,0.3813430727764698
0.02291311634459192,0.7635861823908485
0.02044622728942358,0.8693980079169226
0.02329740883304099,0.7454744017081156
0.02326617925570959,0.7469570453170806
0.040671747009352444,0.11690412137577284
0.013504233500609697,0.9977745346519382
0.018105429891749902,0.9432888760436673
0.030189613371437385,0.4163235911980868
0.0192726758412487,0.9103805572162825
0.04252394370290513,0.0898393514650961
0.01768054300274724,0.9531778689362285
0.04012547728122845,0.12606362022855666
0.022271759699526827,0.793053304405186
0.043166268623795245,0.08177508444749422
0.03306525457924192,0.304984239770538
0.033820105543813817,0.27975262909237997
0.02542790091163394,0.641752376657736
0.022006985411059277,0.8048851315093498
0.025163044145531444,0.6547767334925579
0.02497101330142454,0.6642184401055229
0.01852080898381947,0.9325312742107617
0.028485861070230434,0.4940152944510106
0.025806408530548053,0.6231623858478976
0.0229354315952478,0.762542834585124
0.019272456534400906,0.9103875071159028
0.030917119436057516,0.3858279192814226
0.024132693720268855,0.7052627088439513
0.02624817232363641,0.6015495654426064
0.022902010107294812,0.7641050427700458
0.035619147900753045,0.22594141185912162
0.03644904933245685,0.20397829102433612
0.024868804334173045,0.6692409926251174
0.023783426465197016,0.7221924525494352
0.03798783998074229,0.1677030188757716
0.02083915666133404,0.8541160204171492
0.027432797132601605,0.5464176632695381
0.05780275192962442,0.006551053196319771
0.04383352767496229,0.07405309731471038
0.02233244361850062,0.7903120332771425
0.03241737548417556,0.32793982403689703
0.028879882633580156,0.4752656652838643
0.051649976831272926,0.020693417128107034
0.026958257713324885,0.5671429922213155
0.016689833583098723,0.9718810949368217
0.03628538582218688,0.20817231359622143
0.024685443657152417,0.6782428521682481
0.020995496435923106,0.847840962904907
0.03487946838024181,0.24701375305351983
0.03250572646929939,0.324737746892378
0.037052048721943065,0.18909313210597842
0.03419974665020392,0.2676665485179038
0.0290348856051188,0.46801858537878005
0.022601588768093706,0.7780309038318585
0.031202771738023882,0.37428961097460695
0.04098777468029946,0.11186029607486041
0.023460083854408176,0.7377234587690933
0.03134171784858425,0.36876554447017806
0.03821122763164053,0.16289358963819375
0.024534258662207875,0.6856536492069885
0.013366622663223679,0.9980930783051413
0.020736784021637034,0.858166244171597
0.03064513314500894,0.3970421417852755
0.033074404841295535,0.3046686929563395
0.03634064636394496,0.2067487664838651
0.02649695282013742,0.5894396887483904
0.031499244588973685,0.36257249809127373
0.046446467262435065,0.04948921478834198
0.03600034999701118,0.21563656717375776
0.03291521180314366,0.3101927197523807
0.03230312109943906,0.3321144869832578
0.024231831299989487,0.700433876732528
0.04014020300240223,0.12580921691573188
0.026106499408389605,0.6084674457936659
0.03380537997652988,0.28022949420663945
0.021296408215495388,0.8354712675129616
0.029858748731254714,0.4307223383423223
0.0238313320320932,0.7198789098790388
0.020678274932379948,0.8604596908602999
0.04555593686875925,0.05692456067998431
0.028092145523360146,0.5132182928462764
0.023879371112593195,0.7175559999012089
0.024321519007586445,0.6960578699547973
0.019466434931719512,0.9041322372212814
0.03076969560783538,0.39187867913322616
0.023796143883079268,0.7215785695186878
0.022908656232258295,0.7637945825456947
0.017093066063870066,0.9649943609490909
0.029889134968524786,0.4293861342113995
0.028264565546634035,0.5047512859558586
0.03173077030897431,0.35360429758143
0.03125859317800633,0.3720633862742486
0.027410650830978267,0.545524483284106
0.02834235490096526,0.5009605712443257
0.033337459864926255,0.29569947530965784
0.023269477596543853,0.7468005389083037
0.026395076587621746,0.5943923726070752
0.0428237019854939,0.08599652119556699
0.02007059624100238,0.8833095050994593
0.020526318622072492,0.8663417950802872
0.020401129855240008,0.8711052502884022
0.03668414628874195,0.1980695357116813
0.03009810478575148,0.42027272340203176
0.023248469883860534,0.7477970118427162
0.029788299245155747,0.433831057000313
0.03935443445139142,0.13998390943812067
0.025509067408072017,0.6377625901451147
0.048187253860006385,0.03735000143526992
0.04664103453627991,0.0479813859964445
0.03913129810158711,0.14423749034948696
0.035264137952669805,0.23587561725506848
0.04127947177312424,0.1073657092872519
0.06734128841238929,0.0008529443385821515
0.02887789243662947,0.4753591891386001
0.03807197490555114,0.16587849634627824
0.02892110280410054,0.4733313335931655
0.015822747034893947,0.9835048708738
0.027242646652018504,0.5535209574914022
0.01609909980742731,0.9802516003397934
0.03780592144749795,0.171702792829926
0.03357847868847874,0.287654108282729
0.03456873570602215,0.2562996225883273
0.03382233323507222,0.2796805414178198
0.032404668038460024,0.3284022481918903
0.0248133274290514,0.671965873453083
0.01937268840648898,0.9071822111197415
0.022405441423006156,0.7870006320127534
0.029339724070091,0.4539785245252975
0.02520939570782016,0.6524972255900422
0.02000877976798429,0.885530044577973
0.031231445678599146,0.3731448959849175
0.02924596675563851,0.4582667254223312
0.034702841784361727,0.25226012952189286
0.033138144144168824,0.30247729026244424
0.029657902682632076,0.4396247829864227
0.03718336070267525,0.1859679959928464
0.02458879902335287,0.682981597220061
0.024407202309416953,0.6918712705139651
0.03369371000727428,0.2838654907702424
0.025109287588686247,0.6574202638149719
0.029866230304094854,0.4303930838597959
0.027819149769128415,0.5268066757461779
0.029879499290039857,0.4298095502486539
0.02430899091426375,0.6966695348102963
0.024314218922390496,0.6964143006338348
0.020550655702916587,0.8654070368406064
0.029024331769556877,0.4685097143726509
0.030472022819026723,0.4042957648347605
0.048433398308983966,0.03586301734843934
0.02025905497202085,0.8764184012672982
0.029827288638477722,0.43210871487199326
0.02631302524817558,0.5983877757458417
0.023803247794077886,0.7212355645363012
0.020978215552415247,0.8485398016526637
0.019416248876732323,0.9057712281599979
0.041729176017319736,0.10073050498064381
0.02804545415218851,0.5155265261745128
0.02715983555489232,0.5574767691281806
0.044549773265554204,0.06646141973690867
0.03579269262761575,0.22120394804380666
0.03750125370369867,0.17857113195767021
0.029806515600855787,0.4330257822184619
0.030321613300019923,0.4106716827065997
0.02854675049372668,0.4910871992601576
0.02534602020145235,0.645778348186216
0.023779486580301046,0.7223825918657464
0.031757092591920055,0.3525947726402294
0.032768829073227645,0.3153365673994558
0.038939075522981925,0.14798513435454952
0.04385723603100922,0.07379050979054558
0.023931782560261627,0.7150184600491554
0.0366407223846823,0.19915070514974587
0.029720056712851717,0.43685674606915886
0.02498716069532375,0.6634247296747372
0.029138494288711764,0.46321502365924416
0.03719360211153899,0.18572598128802165
0.03933771045046974,0.14029914371793387
0.02602260192126027,0.6125705597926916
0.023479838595210856,0.7367791605210213
0.024886460890143014,0.668373547504841
0.019832344708129224,0.8917570877707116
0.030707858786475528,0.3944361436929997
0.019061563591393327,0.9169408939594887
0.027999985189886,0.5177806139506879
0.023560891474028345,0.732898202917347
0.01941182957643872,0.9059148689209544
0.023209885744572167,0.7496250511857026
0.02517432843143863,0.6542217945359963
0.029685560848115883,0.4383915758444843
0.022455034536467855,0.7847424969111239
0.0408754382173534,0.11363219575467198
0.018507761316650106,0.9328854509369202
0.02007024624623055,0.883322133391226
0.020955087841697737,0.8494730704134476
0.03105410183195295,0.38026426437094624
0.025976657589746543,0.6148193576112061
0.030161615394246888,0.41752917532827644
0.02620908787007792,0.6034566146861507
0.030344894002531375,0.40968033029893686
0.024588090433038334,0.6830163233859491
0.03798914991474156,0.16767448982917219
0.018283653581908532,0.9388045409031485
0.023814644446114586,0.7206851526545164
0.02086017722059852,0.853278560668832
0.01891283595992635,0.9214046430642744
0.039329624482143055,0.14045176437052734
0.031162882239801792,0.3758861646067834
0.030197520755428142,0.4159835315844355
0.014409555291454712,0.9945055518498104
0.0319910997347963,0.34371013866087696
0.016102550749036326,0.9802083894079496
0.03765840277499355,0.17500168595441334
0.03598158045419153,0.21613527738648938
0.017680536779767442,0.9531780054887041
0.03378896815363114,0.28076167980454736
0.03284428728190236,0.3126772716293904
0.02984651605040589,0.4312610487549648
0.025573783260468108,0.634582487107825
0.024989011115273962,0.6633337705844526
0.03162096659658295,0.3578377118480964
0.03251053292478864,0.3245642001854082
0.022093382513948823,0.80104806010348
0.0578076255436899,0.006544752264085055
0.017690569874271866,0.9529575317280142
0.01940966298253656,0.9059852491837299
0.015420207705672095,0.987543902555905
0.030996575505878088,0.3825938815415953
0.021622238698092322,0.8216721152699129
0.04212251636439529,0.09521019632421589
0.035529855000936084,0.22840921968108785
0.029789129823948435,0.43379431841401805
0.020647444910925836,0.8616618260776289
0.018914926194572357,0.9213428237978991
0.04095171970372813,0.11242649155060325
0.026514846674236148,0.5885707538696321
0.03631339466138789,0.20744983670599215
0.03522625224068121,0.23695522716482614
0.032053237183650385,0.3413781029034731
0.02793330415718498,0.5210974804727893
0.025650360177735365,0.6308210420107339
0.02733001060846324,0.5493577631629691
0.021949975828086277,0.8074039841622457
0.034238638749952144,0.26645088934534583
0.022638386520265258,0.7763369635158195
0.042575939613879954,0.08916263334024783
0.02210152650377689,0.8006851604084221
0.04080384497719913,0.11477348804934767
0.027652809515509413,0.5351955195640805
0.03266356482179744,0.319073779942855
0.03019136373785042,0.41624829980679856
0.02422820155277386,0.7006108337549313
0.03152808724127448,0.3614465810761689
0.02278986694767371,0.7693284791248414
0.0208837563466725,0.8523368372463687
0.056731132241802595,0.00807881406812694
0.02393891699710693,0.714672789717135
0.02619600493191271,0.6040952234280924
0.022598235713984005,0.778185086519341
0.025139839071656706,0.6559178912247193
0.02424760122040792,0.6996649296140163
0.03059899305702629,0.3989666507446212
0.029737607603022798,0.43607723747405946
0.03508522634884581,0.24100723065837631
0.02001197205045596,0.8854158614289749
0.034311245423329806,0.26419252082730477
0.029356172674031122,0.453228960883964
0.020058665299845346,0.8837396314132814
0.027211387309127977,0.5550131100854048
0.02859969007857907,0.48855050054858584
0.03772280138170514,0.17355542692122886
0.03930878931053888,0.1408456440280735
0.042351286148711864,0.09211743376187638
0.02781662784157396,0.5269332446346489
0.02843264682690405,0.49658346256960384
0.01841762583440465,0.9353034760935268
0.02485033382472579,0.6701483259064293
0.03433050022649342,0.2635960408229999
0.04445334188850414,0.06744319199293555
0.021651778947031186,0.820401470839038
0.01873675966703936,0.9265176842514815
0.043681681979581666,0.07575375986710542
0.03990039196546208,0.13000491633570332
0.01669761576781617,0.9717573915680516
0.02355919661591216,0.7329794611721319
0.04703566357374661,0.0450449013291772
0.020467607426482015,0.8685851795100279
0.033418899354820564,0.29296258990209284
0.027353418583195732,0.5482440986555643
0.03064911621817168,0.3968763083877936
0.03559629782510618,0.22657096004817207
0.022232143144759298,0.7948371248798742
0.020162808078669214,0.8799603645206578
0.0623610394018842,0.002570655734442551
0.023128371603406306,0.7534776406142069
0.02682117653334426,0.5737445821698266
0.036643543740306206,0.19908031887918792
0.0422479466758372,0.09350391520892078
0.018857749864011564,0.9230243754751344
0.04435112093347232,0.06849737759980529
0.02341346899884722,0.7399491449853453
0.02154171360310042,0.8251196714051963
0.03644988247666692,0.20395711099653246
0.04311881807120732,0.082349180271577
0.029695015480705744,0.43797055023628134
0.024225236378338955,0.7007553829822002
0.017441196574560336,0.9582508618320519
0.05266909723552296,0.017257203001262014
0.0170605885317634,0.9655854445660189
0.05981901556909197,0.004369268087893435
0.020898671609608233,0.8517398721846748
0.04298710614336848,0.08396057229608492
0.04856578505764175,0.03508489263456128
0.028755996771122644,0.4811102022853418
0.01882829088002924,0.9238830838932104
0.029844122737179235,0.431366500059262
0.025122865854513787,0.6567525607849225
0.023082361512868688,0.7556464103359118
0.037050378308220666,0.18913315171092437
0.03281654933204892,0.3136529014116379
0.015802456729417658,0.9837279115701095
0.0138987591527363,0.9966243355221179
0.02169389020658026,0.8185846817037352
0.027552249039723087,0.5403069506168795
0.024306500443204815,0.6967911132164692
0.019632142287365095,0.8986197369921188
0.03266519970907775,0.3190154910244989
0.02962989072584965,0.4408761308573749
0.026003129116714208,0.6135235264523062
0.025150407177315204,0.6553981867937819
0.04723419509561988,0.043627497689756434
0.017900258112896417,0.948205367953116
0.043603144035397,0.07664628542952803
0.039478784329043726,0.13765800466034486
0.03404688234429132,0.272485047801673
0.034180977477022534,0.26825470925442196
0.023360036545112373,0.7424958213206093
0.03599585015477541,0.21575604742939142
0.03115882296739092,0.3760489017105669
0.030988134908255693,0.3829365322673242
0.050627299819609894,0.02474129703158308
0.03672805848667335,0.1969808912847318
0.03248526728825685,0.3254772190533816
0.03855201476338199,0.15576995994978904
0.025165833273757737,0.6546395702290886
0.049879674403498275,0.02812965048215177
0.03873754854043521,0.1519982391356513
0.01979673199984705,0.8929938048777678
0.025194386805592273,0.6532353505521878
0.04818018571405491,0.037393485396437304
0.019554922809978004,0.9012076929675288
0.033380085588539776,0.294264634266587
0.03446959260704596,0.2593172952396802
0.030315516751769134,0.41093156034870315
0.03657506813186151,0.20079413527479462
0.025656677274384865,0.6305108299556752
0.020485511535995538,0.8679028066421814
0.040417831579670715,0.12109106976898872
0.01629815697696535,0.9776519456566836
0.013061525164338894,0.9986707184250134
0.014642513866895635,0.9932580062186709
0.02717710144337271,0.5566512395241052
0.04601486340192551,0.05298088342884535
0.03616306846466133,0.21135042763520065
0.015780881725166673,0.9839627494883194
0.0292161952604294,0.45963397026796426
0.031164135144391536,0.3758359453599722
0.02778779011605287,0.5283818847442278
0.03303859827962419,0.3059048494066682
0.018667536685121222,0.9284763871528926
0.031693088935723424,0.355053047141482
0.023083409377485098,0.7555970649257767
0.030503214976585258,0.4029820768793075
0.03409072397091728,0.27109649978017675
0.029446467515101826,0.4491288450085777
0.03575899900823454,0.22211766982278397
0.024116794214380344,0.7060362828988951
0.02156829133686737,0.8239844216710563
0.02074718338688092,0.8577569698917978
0.0538977912743146,0.013798921424221521
0.028553833573561282,0.4907473097679666
0.026606732195240623,0.5841135352339666
0.021819884558073488,0.8131117063456738
0.02260257106824387,0.7779857295173873
0.05538649033118903,0.01045127997765854
0.017727876319243108,0.9521322055644348
0.028099773462090805,0.5128418201047918
0.031941092474195854,0.345595190824704
0.02371155968797145,0.7256574816380501
0.017975232917043837,0.946439329610394
0.029583290870957124,0.4429631114376612
0.0321277563887607,0.33859636460259823
0.02354360274672007,0.7337268850892393
0.025458582498016136,0.6402440574966395
0.03399684517261414,0.2740763218382961
0.022635199408627127,0.7764838138194281
0.02577073938582808,0.6249121183472477
0.019184222628146674,0.913160996306827
0.031290790795177714,0.37078354565008914
0.03837413287340963,0.1594564224345135
0.029112831663596073,0.4644017755808835
0.021882199281822445,0.8103847170617194
0.02684300959756325,0.5726916897136021
0.02461972927970052,0.6814655221615438
0.028347859648270024,0.5006930126012008
0.02689616963982977,0.5701303375993416
0.029339393327511787,0.4539936048998753
0.025930769932199838,0.617066588136222
0.049933361768048135,0.027873344034214702
0.039027331655239306,0.14625480496997484
0.020754630689400894,0.8574635738716885
0.021346427320128147,0.8333794301447603
0.03199816343874201,0.3434444627455687
0.023294404294665894,0.7456171213348187
0.04350449998521899,0.07777989893138451
0.03417503591436699,0.2684410992970351
0.01465085231101615,0.9932097355479454
0.02402613608256443,0.7104422727467476
0.026336664849043845,0.5972360996415023
0.02610728045375081,0.6084292690821185
0.01845030956376914,0.9344324826266194
0.020568825719692985,0.8647073165526337
0.02246231396277895,0.7844104760264021
0.035650147378452735,0.22508949313633617
0.03555147127799252,0.22780991152253152
0.02847450285955727,0.4945627348945338
0.02332561882501133,0.7441335954986321
0.04483607040152093,0.06361813604491
0.02384051536021059,0.7194350764709494
0.026986583633463623,0.5657816308372672
0.03185046765145749,0.34903015812425153
0.047591458060838976,0.04117430294416665
0.03060098153399035,0.39888357868699387
0.02929582999351238,0.4559827981218917
0.03609371678812451,0.21316904141167858
0.05373951333290805,0.014206338533556044
0.022982514057361736,0.7603379278486917
0.016213629191633272,0.9787826683729361
0.023824629161833255,0.7202027945006821
0.022278157494085543,0.7927647991256002
0.028726800474278558,0.4824943530896995
0.023986596500170654,0.7123611725009646
0.015999962652346766,0.9814654172282784
0.02985485264595883,0.4308938673137502
0.038472018968480515,0.15741924398897786
0.060361314762201024,0.003909026057850453
0.02902038467165391,0.46869348165883895
0.01839929591782774,0.9357890601636769
0.023418392033417834,0.739714260037658
0.029034454200728144,0.46803865441942144
0.03427178713910495,0.265418042976311
0.04105586653135895,0.11079743164790387
0.024971019841316666,0.6642181186540805
0.026384543607549882,0.5949049496096416
0.027042972837246215,0.5630744511778292
0.04865521566609965,0.03456765772031161
0.02504626295406101,0.6605191960679668
0.023588745412804257,0.7315621443353608
0.05240110711663171,0.018107446159070964
0.053976294509216594,0.013600773766290673
0.019876983747076443,0.8901972737474068
0.018382277254687406,0.9362380445440234
0.021503386025233828,0.8267521835498466
0.022986459494258038,0.7601529427693838
0.014806564626783425,0.9922600833019597
0.03012818562028252,0.4189717605137364
0.03054482427248606,0.40123423535814084
0.028833517065480874,0.4774476033809248
0.021241323006377044,0.8377634549800398
0.020605382910545922,0.863294794438957
0.03971385734501898,0.13334694892848156
0.034182347459104756,0.26821174596433256
0.032030709418523706,0.34222226189993027
0.029779617377790446,0.43421520307301853
0.027012110303791248,0.5645556396105664
0.03490270630087089,0.24632973603222952
0.014937419809720298,0.991388694642524
0.0329326733680263,0.30958324636478673
0.02548103768264648,0.639140261113156
0.017869284919070638,0.9489246607436177
0.038660909509736996,0.15354721928827977
0.03773893642037185,0.17319456057298355
0.024945401702101078,0.6654772396363866
0.029809276970693577,0.4329038005790559
0.04622650482943591,0.05124302458570259
0.04733523808697038,0.04292110823788445
0.019529986434388857,0.9020363034421686
0.022524100590467694,0.7815866030041618
0.03601476447392138,0.21525417790713855
0.025905165747665215,0.6183209861479182
0.04310589055729508,0.08250617566230692
0.027818394251553857,0.5268445911856522
0.030651781336532236,0.3967653741417005
0.027546536717527964,0.5405982072418563
0.028121510896200852,0.511769939290126
0.038743164337285974,0.1518852330639537
0.03530826938681397,0.23462278099710865
0.026337140884863663,0.5972129127598391
0.02883774789430446,0.4772482330235342
0.046518432875388316,0.04892679805061654
0.025748423519955432,0.6260070883850964
0.027859513793979995,0.5247834986183683
0.028002649550985692,0.5176483593798774
0.03769112577579159,0.17426560305018546
0.03811918527731606,0.16486167484071296
0.020050912459233627,0.8840187353516141
0.025323855294132835,0.6468682985589485
0.029716639191113114,0.4370086412483886
0.04613558178933691,0.05198350094905986
0.016595185485461905,0.9733570602821746
0.0294887646527372,0.44721672277019325
0.025392532437705007,0.6434912924881904
0.03925868107059083,0.1417965881936396
0.0219615923462938,0.806891586894543
0.035158934469087855,0.23888287261818966
0.028679299347837972,0.4847518173595871
0.04004650352598721,0.12743517741838467
0.04485572512802394,0.06342681287906357
0.023592915458904573,0.731362020017833
0.02201246136041024,0.8046426361866036
0.01860328291261132,0.9302683123657768
0.04834727134658329,0.03637731729979708
0.022050723904426972,0.8029455618472351
0.03862500324959339,0.15427729293588938
0.03378982831112887,0.2807337688197588
0.026688397131078623,0.5801591137000095
0.0178291085632592,0.9498487198065879
0.022143808695930245,0.79879775446802
0.018219248240247343,0.9404479215831126
0.032394921704524904,0.32875723679015834
0.01676600789846272,0.9706548233880475
0.03834709192899932,0.16002290348320877
0.025968062717972806,0.6152401797333329
0.03267781305644435,0.31856604557134277
0.02506402592595547,0.6596458385559381
0.02224629665263722,0.79420036231397
0.02594487121771971,0.6163758895643929
0.02675068902139044,0.5771474379981757
0.030071632164815676,0.4214199029192482
0.025103422245448703,0.6577086831499399
0.02878613608874314,0.47968404986441787
0.03996916358473246,0.12879016925202375
0.03519496348540885,0.23784969523349353
0.04093116818904968,0.11275028375817107
0.017165356040837076,0.9636555259007612
0.022053113266381597,0.8028394315136337
0.029645152123676105,0.44019407967283825
0.024149291758759017,0.7044548861264652
0.03702244007532543,0.18980348263694372
0.03647338267677308,0.2033604005807758
0.0316554319143009,0.3565050690613633
0.02230376684585017,0.7916087696151108
0.02980994811202131,0.4328741568603481
0.033144220421543136,0.30226898997885043
0.02526626214293437,0.64970057796804
0.0385116059178523,0.1566013299979758
0.03394869653584648,0.2756140917577544
0.025680230947494387,0.6293543062456438
0.01616259722057406,0.9794461016841045
0.01729012575985031,0.961269160889491
0.031563766918009106,0.36005719632987865
0.02441610511076986,0.6914359572146836
0.02170255179774863,0.8182102153109487
0.038521551035452184,0.15639638948987328
0.02109339843725433,0.8438577555915552
0.03065322282467403,0.3967053818296839
0.019520847996755797,0.9023390905833596
0.017548350726605433,0.9560239389109756
0.017917851855996453,0.9477941091534561
0.020686460296020504,0.8601397860231
0.020626378995043604,0.8624806978783217
0.02164454766891266,0.8207128080434735
0.02685571327125791,0.5720793076579691
0.023653592221164144,0.728447160722444
0.024400452227740232,0.6922012862782267
0.03676952127216028,0.1959572828518238
0.02886551609628374,0.4759410505874572
0.016851690141133524,0.9692342136320206
0.019470626711221573,0.9039946943819787
0.03776446204370654,0.17262488943109833
0.032567439201033055,0.3225145932028633
0.029335493318725203,0.4541714527994992
0.0266632967050342,0.5813738151667163
0.021385673443307107,0.8317312474645284
0.024734673460547862,0.6758272751981638
0.03446320573029832,0.259512612060416
0.024149586911842935,0.7044405186953724
0.018936954758309532,0.9206897316214346
0.04050983038695455,0.11956003798989498
0.02266643792055023,0.7750433611322797
0.0268400555444146,0.5728341164692876
0.048142250191976876,0.03762762558880389
0.022801471659281224,0.7687892967431404
0.03003100914551804,0.42318441342040647
0.02528061035361473,0.6489949546869607
0.02101604252407674,0.8470084112603593
0.01815977579865069,0.941942469790062
0.046674439467734974,0.04772655007301005
0.030223305324074412,0.41487597296713297
0.04302498044583136,0.08349451248621616
0.0428633526696342,0.08549871325639734
0.04704614271171448,0.04496909895760042
0.03169090508052985,0.3551371397417381
0.050409584681236574,0.025688599910923704
0.021414134278754937,0.8305322607461973
0.030324995795044773,0.4105275455430343
0.022084138304407253,0.8014597360320689
0.054902953057255455,0.011447898239787643
0.036946947749821546,0.19162415355867057
0.024243203974394167,0.6998793626924977
0.0223152018104964,0.7910919738479428
0.023024340262125575,0.7583751862538012
0.033109197417674485,0.3034710590329774
0.023519299749335087,0.7348909868170805
0.022422500165348747,0.7862246536972447
0.020923051446217866,0.8507619963100906
0.016258756963572818,0.9781839611182611
0.031312785707554636,0.36991103938569986
0.022635620907197618,0.7764643941927284
0.03535260911702065,0.23336917446651106
0.0271116907600783,0.5597807640308134
0.02279861345752654,0.7689221248528724
0.02606264094295485,0.6106118434261196
0.033916911356722756,0.27663277451271406
0.03485919875366619,0.24761157626648814
0.026030920434323868,0.6121635352535699
0.02685575886589378,0.5720771100944944
0.04118001529960258,0.10888105744397239
0.01832404553264677,0.9377607201974566
0.01635909842475386,0.9768118612779169
0.030390905636389354,0.40772585726610827
0.02590236321167827,0.6184583087304342
0.02581081972925925,0.6229460357296293
0.017372963968629418,0.9596316453136388
0.021541648758961973,0.8251224379788341
0.020277039070062813,0.8757513951874535
0.02700312534829208,0.5649870766853342
0.019042411916999735,0.9175230700478588
0.05816798728190453,0.006093888282920734
0.0246404067816125,0.680451716086776
0.05206711061577918,0.019219385354809927
0.018474696568997584,0.9337782894909477
0.019142276692796223,0.9144635646889656
0.018006677111710834,0.9456881757128004
0.03811397951608242,0.16497355200165764
0.047369511077201665,0.04268377604242067
0.026160831052790656,0.6058127536157754
0.03882349866093593,0.1502760741387248
0.021097971379281516,0.8436707126953803
0.025413198183044106,0.6424752240623507
0.03710119228678577,0.18791873810618007
0.03007867597140934,0.4211144552945406
0.023785362301280255,0.7220990213888133
0.017774093561400806,0.9510976552367114
0.020365505254590244,0.8724468636490323
0.01821216262329084,0.9406271416288788
0.017757001602427852,0.9514818100121458
0.03481429470136843,0.2489398739489832
0.026640297215431014,0.5824874127750215
0.021949917975461808,0.8074065349027503
0.01995293328819603,0.8875189297004058
0.034008653834460056,0.27370015925078434
0.020449612854656074,0.8692694429916737
0.032976464426383245,0.30805863171409054
0.023486201632060888,0.7364748652222635
0.025076914608139877,0.6590121099484147
0.036943680236130594,0.19170326627567244
0.021810904479943938,0.8135036030156
0.018158059508956104,0.9419852725897928
0.030331730021203707,0.41024068518962753
0.04827585452600747,0.036808659689824344
0.027192004087355004,0.5559390202018697
0.04789304579560816,0.03919782263608067
0.03524885169446523,0.23631076775929155
0.01944898331637157,0.9047037988415538
0.02652263116620618,0.5881928280407938
0.01797956760624042,0.9463361485346192
0.03391592729472925,0.2766643575315175
0.030771392563403943,0.3918086583506147
0.032316345156274406,0.33162934956460755
0.0486721680985881,0.0344703680425175
0.03425028644294986,0.26608762363349914
0.052674032591946585,0.01724188542469112
0.04264724851430346,0.08824151929305675
0.01730928639794513,0.9608941792450352
0.026977083593118123,0.5662381004682411
0.03411288628242337,0.2703965985700297
0.028206997753217555,0.5075683208913347
0.02208203415253096,0.8015534038061253
0.02627536401958075,0.60022348259977
0.03469170158640661,0.25259384081948255
0.024767037469173747,0.6742387000744046
0.02094768181692319,0.8497714349532872
0.025058160103773375,0.6599342501595656
0.041782647434824516,0.09996476121731442
0.0588284115161416,0.005340527800431467
0.03186639772326805,0.3484245999899798
0.02295750927246143,0.7615095193156273
0.018840257838968144,0.9235348865418405
0.03056412985547008,0.40042505967108893
0.02303312989122447,0.757962253504825
0.024781481455836918,0.6735295890462509
0.031013954434170876,0.3818890479672495
0.013868364454893367,0.9967266576329867
0.04265672651369623,0.0881196933599844
0.016440912048111045,0.9756509196121751
0.030703558888412696,0.39461440850586477
0.018800734444868517,0.924681593586119
0.030223294382854538,0.41487644251293226
0.027276621375644683,0.5519006931086166
0.021443093423864357,0.8293090797361888
0.029074316616860663,0.4661866272401045
0.03460300558705953,0.2552627327441905
0.04007173466907005,0.1269956606126814
0.0374082032012108,0.18071171718622334
0.017430577847495077,0.9584676488185326
0.02228433277703845,0.7924862150052457
0.04065853499094865,0.117119001329358
0.036339803388242026,0.20677042494330825
0.04457368415464277,0.06621987650691943
0.03585422244316128,0.21954284780316585
0.0204076610884244,0.8708586120848917
0.024228517443449393,0.7005954339495652
0.03273961400316411,0.31637058025638287
0.02167277038032922,0.8194966374600037
0.030602518291594993,0.3988193861582669
0.03929360574895807,0.14113324667105753
0.019457119871705897,0.9044375315528609
0.029051433657186043,0.46724919170597806
0.043274594971302704,0.08047710263632883
0.02209255982062741,0.8010847082090148
0.026578980791342244,0.5854588506538454
0.03885220535873324,0.1497044025650318
0.04763538936573408,0.040881099345052255
0.02592386193952534,0.6174049895521322
0.026940149864163876,0.5680137726209165
0.030625824156939263,0.3978467407347334
0.02747715995861144,0.5441432850909879
0.029374505099015513,0.45239451885262744
0.048444144665203304,0.03579929518283871
0.04791406297438938,0.039063223456110546
0.02440030087934364,0.6922086854219733
0.024423212541003325,0.6910883905793115
0.01864666336730847,0.9290612759055984
0.024169211562737436,0.7034850462222226
0.020018018297538243,0.8851994500623359
0.02611770388254675,0.6079198212859676
0.03726800348670278,0.18397525928821365
0.044397543454542165,0.06801690398898422
0.03068279152173914,0.39547616477822395
0.02499862731282676,0.6628610667981923
0.04902505403842655,0.03249896435112345
0.03269378961434172,0.31799742205913595
0.02122895736883701,0.8382763330670903
0.021197933302920413,0.8395603599523074
0.03718475649897146,0.18593499729101023
0.03423139753837412,0.266676914536875
0.03658284046734456,0.2005990294888688
0.03459858515050851,0.25539630145198805
0.028186240156336473,0.5085865227709133
0.03320003617167877,0.300360507683434
0.044557142430810825,0.06638689785331255
0.02066098803561245,0.8611342898850987
0.03414460914781925,0.2693971277220164
0.03144761252317613,0.36459422259811985
0.029797162945913835,0.4334391012553543
0.024687754696372965,0.6781294797468416
0.052227959040394234,0.01867650237324848
0.0382343533188122,0.16240207484509292
0.030631323820267065,0.3976174571040594
0.038460702247009815,0.15765369058952688
0.035824480995335306,0.22034455926537144
0.03612436964886212,0.2123637364125296
0.03892711926709386,0.14822081267258772
0.031298410680268146,0.37048111218824326
0.020733448622509143,0.8582974067990643
0.035692330640538616,0.2239342051414827
0.0298382426509054,0.43162565516655643
0.017030615136353677,0.9661252432204
0.04285261482094305,0.08563328528486051
0.027469076664649733,0.5445572618535146
0.026296574050121202,0.5991895121078259
0.0216234349096337,0.8216207227030738
0.021148092633517357,0.8416149315403167
0.04076965906080826,0.11532178360726289
0.04359717148865927,0.07671452171715215
0.021594414237463444,0.8228660634081916
0.019875389647753483,0.8902531600112538
0.02128394390487562,0.8359909910444969
0.02878476750803094,0.47974874970466463
0.046337737623323716,0.050349545678442
0.03029986515284877,0.41159925615156034
0.029634321520689788,0.44067804021490703
0.013418267571336073,0.9979780820538452
0.02777668520660781,0.5289403933434764
0.019906017346747018,0.8891770331329519
0.034553822829977335,0.2567518290520213
0.024445271928609125,0.6900094217798787
0.021416384510781872,0.8304373304766107
0.031409656060740476,0.3660855278135921
0.024983272913837423,0.6636158349123398
0.0326302057472696,0.32026482895867897
0.02444467282905005,0.6900387293475765
0.03374126201304861,0.28231292098229316
0.02116362363643076,0.8409757956008014
0.02070125698445635,0.8595607107490713
0.017487520138040863,0.9572969296413425
0.02052647136776997,0.8663359370859309
0.031219364101954583,0.37362691418274613
0.022264283089502568,0.7933903071140038
0.03053373742032564,0.4016994391524655
0.0392425948518238,0.1421029708903415
0.023041699684194894,0.7575594931112937
0.03231327552990981,0.33174191620447513
0.054020940054091304,0.01348923059703051
0.019101542753891088,0.9157186114928603
0.02158120001484687,0.8234320959938308
0.024375258223235413,0.6934327449518147
0.02675889352145877,0.5767510775952518
0.03335000117692788,0.29527678207642954
0.04779442183179605,0.039834854190320845
0.026797753265196955,0.5748747560547665
0.03774553695360444,0.17304710923305247
0.0227308616584998,0.7720650727129404
0.021263645557442756,0.8368360421039626
0.03930920494297796,0.14083777792984467
0.028152701856465567,0.5102343809675428
0.019864265377382243,0.8906427783476469
0.014630532373701266,0.993326916244865
0.02938772586953231,0.4517933783466616
0.01628423271363988,0.9778409578549419
0.03971985213938234,0.13323846477995543
0.049596977992853564,0.02951386330723324
0.05909258566480541,0.0050638233641541325
0.03149826595322128,0.3626107440823096
0.026866924248617474,0.5715390342526734
0.022116194137734246,0.8000310458253455
0.01843666074824213,0.93479701511475
0.02783894224831429,0.5258140033452905
0.029970280963058094,0.4258315436556616
0.0410469539168008,0.11093607427554845
0.02232306892340541,0.7907362070182327
0.02598676649980547,0.6143244593217618
0.03126383168116431,0.37185494702758937
0.035891388507852645,0.21854417181537583
0.0252946576314087,0.6483041396061582
0.04114629461027497,0.10939883891572752
0.02480038706561638,0.6726013213843873
0.020181739625342032,0.8792673778069348
0.02358741562070843,0.7316259567506097
0.036622555818649816,0.19960438558389876
0.04435514854629041,0.06845557756244738
0.025988502348577414,0.6142394839362032
0.025896489344955975,0.6187461378979686
0.03616948828724492,0.21118269190965966
0.02278337416008458,0.7696300114288096
0.024832935335041606,0.6710028992813761
0.06091692713379565,0.0034840890670877656
0.03334746462992022,0.29536223801423744
0.02960022971598375,0.44220374069299395
0.02611153706965863,0.6082212171089509
0.03131798796815721,0.36970488464931095
0.03425628390645463,0.26590072135008036
0.029988702824274127,0.4250273568897249
0.020485692894621932,0.8678958866987823
0.021514217053014595,0.8262914068380255
0.01592026285618353,0.982403082830966
0.028531298840268837,0.4918291898490684
0.01838324009428799,0.9362126909160223
0.026429279316276366,0.5927285906270588
0.03100764899472741,0.38214467155016113
0.03961411049862856,0.13516259600297012
0.021822072380739077,0.8130161865929524
0.02072303007346199,0.8587067832373002
0.03047258658129859,0.40427199535962616
0.02094539803711748,0.8498633929449506
0.053518803217394106,0.014792508409684919
0.02744186384332914,0.5459523598868932
0.0214336017033342,0.8297103467446048
0.04131161511279191,0.10687971742556715
0.040281538456938715,0.12338881342137545
0.028434984663868623,0.496470457008852
0.03622970861636621,0.20961430286749255
0.0379453900624499,0.16862963415640086
0.03581955569448342,0.22047754402120665
0.035603553844325675,0.22637090140381458
0.03715798460616712,0.1865687309900302
0.028481992586710664,0.49420170301775107
0.02660527710710514,0.584184055238355
0.039520085450790554,0.13689247327386064
0.01944234866076555,0.9049206387312596
0.02381261706047344,0.7207830793562731
0.04518500542574161,0.06029395290801362
0.027461642958916843,0.5449381417444354
0.029950783559762273,0.42668380277508655
0.02991774815083853,0.428130458241545
0.02026821625712294,0.8760788238759916
0.02226049316722875,0.793561072701649
0.02584213649264233,0.6214103417516215
0.031160513833129955,0.37598110854197375
0.018715005983988703,0.9271363602985656
0.0192547061936576,0.9109490965674708
0.035520252264697794,0.22867584296660545
0.04092252106931049,0.11288675045439103
0.024139846892245354,0.7049145982107607
0.024746851442921547,0.6752295732932394
0.03578345916346126,0.2214540567214385
0.019156725328533963,0.9140160478225353
0.027278457944833523,0.5518131516713165
0.023427904454333515,0.7392602933621322
0.026086076524357682,0.6094658385453993
0.031638352986331886,0.35716500528239803
0.024914532517189558,0.666994241364043
0.024081776806322674,0.7077391325264952
0.03060057923127346,0.3989003846147369
0.028109347434336296,0.5123695491858684
0.024231005498826175,0.7004741371151104
0.01620383333499703,0.9789111345442044
0.035416642991791064,0.23156783641052664
0.03060372983656867,0.39876878324219794
0.021279889238604355,0.8361599246584667
0.023052727209197377,0.7570410002883969
0.05355601325540188,0.014692187389226055
0.034943163669921395,0.2451422990390193
0.029631937490174065,0.440784617329985
0.028551305046392028,0.4908686265767574
0.03374741468775583,0.2821124993207834
0.019610979657908034,0.8993322888709979
0.02590549835726269,0.6183046887487723
0.020420076646184282,0.8703891912968327
0.03946630427523656,0.13789001054794
0.022800091944988776,0.7688534180603417
0.020662968384068225,0.8610570794397161
0.018642103510861124,0.9291886928131291
0.03929050272801726,0.14119208178871165
0.032860311998605396,0.3121146437195313
0.022620319719445003,0.7771690757973546
0.024097207501359796,0.7069889104516759
0.022195978026807395,0.7964614849044431
0.03833162012975244,0.16034774745577823
0.048041337808712004,0.03825671045955513
0.02860623985914512,0.4882372441928434
0.03781574916007191,0.17148479111036738
0.018579543496895834,0.9309239677214906
0.018324175019021754,0.9377573576663868
0.03168287751665,0.3554463746718338
0.03571383476983225,0.22334702693535569
0.018246719758663876,0.9397501121158226
0.030709352123865274,0.3943742460732109
0.03110882184992625,0.3780575065837136
0.03595552098873711,0.216829163828535
0.028363283177526066,0.499943837140502
0.019162329595695693,0.9138421376573778
0.03833382397409568,0.16030144355175607
0.03707060448261612,0.18864902358468452
0.02446201589664132,0.6891902197018298
0.04237082000065939,0.09185729673592426
0.026050815337737898,0.61119025060618
0.03387555250124252,0.27796249159414704
0.023963380285627472,0.713487073442393
0.023033676478997345,0.7579365697222078
0.02841502997032136,0.49743555024544495
0.018075754568875224,0.9440162816385073
0.021102290992966122,0.8434939510428597
0.024713286991907335,0.6768767835868643
0.023431846485576197,0.7390721210764368
0.020662024689435482,0.8610938747670132
0.020596685819165628,0.8636314083836477
0.0230933462350858,0.7551290134423224
0.020848805722168406,0.8537318453166054
0.03263035688207361,0.32025942557940534
0.02540243229494127,0.6430045406996943
0.029145141801471985,0.4629079392931861
0.03423682557063279,0.2665074719069892
0.0258712769704047,0.6199817860048167
0.04158681144202869,0.10279309140360403
0.021177475432894888,0.8404049246905028
0.03461694252959402,0.25484195772631946
0.02538765229541423,0.6437312420294133
0.033339727188679225,0.29562302421385683
0.026768489855860778,0.5762875701694647
0.026505680022045675,0.589015854137129
0.03693030636615757,0.19202734089112516
0.0362627588319403,0.20875739757884584
0.022676934715423702,0.7745587930952675
0.037047957272233145,0.1891911664924531
0.028304553735299443,0.5028003653010843
0.027746981966745216,0.530436092693571
0.022966332998851258,0.7610962404218838
0.016876811130852543,0.9688093738201609
0.035249308367814924,0.23629775883935136
0.021646837980124456,0.8206142207884577
0.020644256768718172,0.8617858878021283
0.023397078517724768,0.7407308620687378
0.03631463727362516,0.20741782933291716
0.019322543697755046,0.908793011084696
0.02805366781036811,0.515120001812854
0.019684680700613688,0.8968400402932111
0.029785540892209306,0.43395308089590906
0.02962454343030363,0.441115275473147
0.029474445962261786,0.44786341840102234
0.01541396703560527,0.9876003105655927
0.024332011699397804,0.6955454844929123
0.022707793586094482,0.7731326687954387
0.03626369838958471,0.2087330772434521
0.02820156512274452,0.5078346771735994
0.016964977226966438,0.9672882478224215
0.02515978995051249,0.6549367672179778
0.02261974101135167,0.7771957160273634
0.03136836285569933,0.367712814098444
0.023759793180251065,0.72333268967211
0.026039453958759007,0.6117460341550061
0.037110600619191025,0.1876945624158256
0.031217618594326813,0.3736965907438142
0.035228282781676334,0.2368972681076102
0.0348618697803208,0.24753273532829886
0.02377150647606774,0.722767649879518
0.025541555499497104,0.6361660113746019
0.05166145957733981,0.02065152954522476
0.033637319603997295,0.2857148531243141
0.019335944279097128,0.908363958197963
0.025256170281867635,0.6501968845645308
0.03809565453767649,0.1653678575548657
0.020414564560317205,0.8705976908733358
0.03881791994139583,0.15038737409832412
0.03239088587555272,0.3289043140964278
0.022679308861700775,0.7744491565413374
0.024312631157033082,0.696491818514905
0.031996163879402184,0.34351965408098933
0.02419105386121581,0.7024211779664661
0.02952239232430942,0.44570039441422854
0.04590701505550443,0.053885842676817654
0.03581811053344164,0.22051657561971644
0.020499098224616152,0.8673839541086279
0.02033192393048866,0.8737058141663244
0.024212043782392056,0.7013984139538303
0.020159328132727805,0.8800875486543593
0.034958821821310604,0.2446838990956111
0.021788824579930033,0.8144660102898391
0.021244920501439557,0.8376141290429565
0.04339242621526057,0.0790850231931071
0.04075464850200605,0.11556321398342875
0.030526832721146313,0.4019893475424181
0.02543300684520991,0.6415013557347431
0.025258223333082364,0.6500959175426815
0.028422533757250845,0.49707249454337493
0.02206633618753684,0.8022517724858789
0.02437965158894606,0.6932180350300445
0.02793495191557871,0.5210153567243089
0.0294921012958006,0.4470661145469203
0.019856021066876006,0.8909311006857854
0.037787376841003195,0.1721147566528909
0.032709955723771555,0.3174228045583747
0.03751433596771814,0.17827179881251906
0.024367122626704596,0.6938303049618728
0.022651805696710436,0.7757183778060205
0.03870571793801425,0.15264004377943227
0.02786869664994185,0.524323903914791
0.037502053409858016,0.17855282258381744
0.02141251547806,0.8306005408383224
0.024392236241559395,0.6926029267280533
0.03354603788710142,0.28872744700860764
0.02270095945674172,0.7734487053620842
0.03017283583459407,0.41704574164356994
0.04567302427222436,0.05589515107019385
0.02336003742731496,0.7424957793141336
0.018378581356581103,0.9363353120945012
0.02859496842632603,0.4887764034143505
0.027084367495520123,0.5610896647863935
0.03362688154900573,0.28605815590375727
0.029530525717632816,0.4453341614178537
0.02209406577160833,0.8010176217678812
0.02683705017169613,0.5729790276918638
0.03276405990145703,0.31550519482956824
0.01618476313990358,0.9791597040012471
0.03094035711795906,0.38488013174551433
0.03299595654851456,0.3073817722915623
0.029399514771003332,0.45125779142449307
0.032198260565477976,0.33597952840304846
0.042648545021829465,0.08822484622540493
0.01886729590326086,0.9227449936354768
0.054434734598869605,0.012493916819189611
0.024429805604735066,0.6907659458392471
0.024546214111955678,0.6850680724694929
0.035475309117611764,0.22992688831293132
0.03558880650956284,0.22677764898959857
0.020846514451729914,0.8538231092095623
0.024434199236906484,0.6905510512085014
0.04035844368605224,0.12208792275802717
0.04864695242822309,0.03461516747929549
0.03425507611988848,0.26593835233200774
0.030109977722980297,0.4197589045189495
0.02129219554195594,0.8356469923096034
0.03515784841057734,0.23891406990168276
0.02533738953596698,0.64620275251167
0.03717072431245089,0.18626694946012115
0.029194658603030554,0.4606247092662752
0.01733966227825709,0.9602950526247851
0.030885213613170204,0.387131895737283
0.039430841614147866,0.1385510013955851
0.022860506638586853,0.7660415525572233
0.02332402006190848,0.7442096219962882
0.028117597893720883,0.5119627861434273
0.0237890431282215,0.7219213564562244
0.016250061286923176,0.9783002084044824
0.028968091232394966,0.4711325938674584
0.028102759909849562,0.5126944731970023
0.03976268456628346,0.1324654443418502
0.031774239242427504,0.3519382603216276
0.029093829588263675,0.465281801392579
0.027663058516256722,0.5346762587133399
0.03506226933867895,0.2416718171803226
0.027609165827945648,0.5374102080959029
0.04455232988025842,0.06643555747538504
0.03610263149437137,0.21293459212126703
0.03550082809257504,0.22921589366194278
0.03311761941755195,0.3031816766327463
0.024832175436383386,0.6710402214816918
0.03437382730330868,0.2622575535138576
0.04201662110103355,0.09667091699495918
0.022675817525394715,0.7746103793937857
0.0354541928330363,0.23051649853069592
0.038909602054861936,0.14856665431348437
0.02752937791508389,0.5414736734184908
0.02263470977922097,0.7765063718640498
0.026344562810151406,0.5968514276728498
0.031384529544134676,0.3670751097253177
0.03996411519677012,0.12887902471723434
0.030867291100328154,0.38786572335640157
0.03341702634289634,0.2930253238570314
0.027562595399769463,0.5397796631791917
0.034660575864988497,0.25352800435907885
0.04114971662233702,0.10934620113966034
0.021631736601237017,0.8212639161951096
0.03544058105771464,0.23089718275166402
0.024441819416559207,0.6901783131134002
0.04081582267795825,0.1145818914434212
0.03775181159630758,0.17290703066784385
0.015300113339576149,0.9885975288508251
0.03384578449545861,0.278922503234067
0.03352909616340938,0.2892891611295588
0.024530698138708784,0.685828026858704
0.040690975354850834,0.11659197235324327
0.0224467508999191,0.7851201457094426
0.037068863420509524,0.1886906587162452
0.017174370752830237,0.9634863222239499
0.026613146440512825,0.5838026976065217
0.025953188620381817,0.6159685439533711
0.017814526648540774,0.9501816022215733
0.05129399020678849,0.02203010786240156
0.01933292728216815,0.9084606449692938
0.01904251878360297,0.9175198275252334
0.03754730691535635,0.1775191609165202
0.022663580280840367,0.7751752322341886
0.02341852035656633,0.7397081370118221
0.034894459051139914,0.2465723317543313
0.028556054641447837,0.49064076055146544
0.02021893169621547,0.8779006644721931
0.03488163401218436,0.2469499458621634
0.03752629893365489,0.17799842455835035
0.027618469943459317,0.5369375974969465
0.026983341935510358,0.5659373796046918
0.036070380036771044,0.21378372751869165
0.031382992374743846,0.36713571070263906
0.027987899875634548,0.5183807765372227
0.03342419714193201,0.29278520159671667
0.01950973797747957,0.9027065703076617
0.017565308158969423,0.9556649570809876
0.027412543405245793,0.5454346305502427
0.03283963335977713,0.3128408095886554
0.02627813094406295,0.6000885774462403
0.02820049627128851,0.5078870923090982
0.03088677010468821,0.38706821162164745
0.023894848097183008,0.7168070121063329
0.026352351387606276,0.5964721336117029
0.04708672131522046,0.04467661135865687
0.04153297701735453,0.10358214255867966
0.03993328747552294,0.12942270394895516
0.021618545268848155,0.8218307624872982
0.030767043293833868,0.39198813784950587
0.01885215944649593,0.9231877342652535
0.03297712732356484,0.3080355948436635
0.03248446137403896,0.32550637279247
0.02943093599493174,0.4498323396832204
0.027335854038429502,0.5490796821305823
0.03177616260492311,0.3518646727922451
0.020228090567049994,0.877563025158952
0.03598517480506247,0.2160397056777785
0.02031964230261829,0.8741648555846744
0.05140695724299671,0.021597843619152603
0.01949543381219765,0.9031786773038853
0.028258415804689685,0.505051743060598
0.02131131169011813,0.8348490274168967
0.021324751458089986,0.8342871444757115
0.01924961450392515,0.91110985138836
0.024358252047665507,0.6942637244823618
0.03721033620276981,0.18533107313423097
0.023852573254672382,0.7188521533369281
0.020393096850332637,0.8714083139877127
0.02914551304489832,0.46289079351380963
0.0449780526008835,0.06224707649380383
0.04179752306952844,0.0997525970272947
0.026817399700008848,0.5739267731545201
0.03009900206086419,0.420233877579043
0.027008730816815874,0.5647179032221592
0.045760682763574645,0.055134992031966826
0.03362074866538922,0.2862600064283813
0.021440137952019267,0.8294340606560213
0.02821292536404396,0.5072777974857646
0.022090253233657764,0.8011874473471505
0.04102724923188633,0.11124310515443808
0.03715260312772051,0.18669632471675424
0.03306038725175703,0.3051521872728524
0.02414396811366415,0.7047140156337989
0.023908639370050166,0.7161393589489087
0.02537189884060409,0.6445058372627284
0.016857055848997216,0.9691437884124802
0.04345272560842206,0.07838054168818046
0.022797911775390034,0.7689547309338466
0.04812055200098764,0.037762123260006504
0.029091582695324192,0.46538593208328943
0.033278829907983365,0.29768146974483123
0.019375954732034018,0.9070767864909153
0.033042588526651095,0.3057669115046667
0.015379112329763078,0.9879119917942184
0.02527655041800858,0.6491946153570793
0.027331311252612955,0.5492958630911315
0.023576043421495163,0.7321715622998703
0.019415341529280594,0.9058007288020039
0.02727481743034721,0.5519866840236266
0.03531474892939512,0.2344392650800846
0.029216969457100617,0.45959838152256155
0.023280918268218265,0.7462575236465858
0.031389048850387735,0.366896982578453
0.02138825217466167,0.8316227408647359
0.024107656825674395,0.7064807403562612
0.03295626920291256,0.30876105707155516
0.05732799526954557,0.007192052387154559
0.030804439070471812,0.3904468024452887
0.04136178595359283,0.10612480459507621
0.04581569895306892,0.05466245922049122
0.02472417949211725,0.6763422751427419
0.02447087849676599,0.6887565396035296
0.03735809751733726,0.18187276395201296
0.019597410449655128,0.8997878589969432
0.032826055263170284,0.31331829834694747
0.0333804196180357,0.29425341072058087
0.02254551722471776,0.7806054209774786
0.024838974492219612,0.670706281063565
0.04143612532956237,0.10501436832911347
0.034217512138665473,0.2671107326805632
0.0318378553678198,0.3495101277126546
0.04864624227687142,0.03461925318753154
0.01985627583784444,0.890922196222604
0.03866259828023033,0.1535129505075377
0.021824627362361237,0.8129046161299028
0.04044502530700883,0.12063684763000192
0.03647677950458106,0.20327426220102662
0.022170548846873417,0.7976012943835326
0.04860182257062684,0.034875654326768826
0.031002437630057278,0.38235603124688344
0.02643918617176877,0.5922468654842059
0.023903863541105852,0.7163705886946286
0.01917268372562153,0.913520347041708
0.05159726823976407,0.020886663484303333
0.02687222348342,0.5712837065672935
0.029599230285697664,0.4422485211173428
0.021469679850899315,0.8281832967928159
0.0335039765850505,0.2901235077054122
0.03302205061954888,0.3064773686810574
0.04014331621198208,0.12575548661878275
0.012866037558026233,0.9989599940212343
0.040665326690215275,0.1170085006981329
0.031747462654478864,0.3529638664543896
0.04406628066165985,0.07150918745656049
0.031741618736348065,0.35318798467005985
0.02235161806830066,0.7894436746378259
0.03212188131708571,0.33881508305049557
0.04667636958934096,0.047711861653650975
0.05271803534124753,0.017105853419160398
0.03169356850046712,0.35503458268084637
0.034299023747293544,0.26457165371527275
0.042494490914552596,0.09022458199966422
0.03756030584472264,0.1772231241317064
0.04638438917001475,0.04997884187496981
0.01975292611588353,0.8945056245069658
0.02347282687096619,0.7371144014972094
0.044593354596885904,0.06602173128560115
0.027639976831983118,0.5358461225346174
0.025697692607205336,0.6284970372475812
0.0332850049365927,0.2974722616186252
0.03270382147931411,0.31764075459593316
0.024232133505396658,0.7004191431265564
0.023397210333627516,0.7407245771492746
0.03248770670473622,0.32538898531932275
0.026128639614943272,0.6073854129483598
0.024342976053073118,0.6950099743486846
0.0487538234802245,0.0340051047530772
0.023058246586931563,0.756781395297023
0.022905408005799016,0.7639463291305291
0.021728336893592548,0.8170938800258847
0.04459785445059361,0.06597647431404713
0.02815511542021293,0.5101156809489515
0.021432458429319956,0.8297586559317508
0.02338599838623745,0.7412590511669432
0.025342302436038855,0.6459611647215382
0.025127833474326372,0.6565082770431359
0.027501347252870845,0.542905718005442
0.017139276633652,0.9641422192544143
0.020356642116628854,0.8727796793005171
0.031023549165208997,0.3815003049200322
0.03892441317712675,0.14827419639745348
0.02425505412102058,0.6993014485009943
0.017780077408353467,0.9509627310528499
0.034659513462822644,0.25355993594068044
0.01982274270045692,0.8920912092042075
0.03329925696726632,0.2969898210159462
0.020809995797953174,0.8552745292348893
0.029153228752209825,0.4625345402308803
0.030751806481745136,0.3926173584348564
0.023682442552694583,0.7270593357632675
0.025373500419288098,0.6444270864746342
0.04241681199607589,0.09124723906060395
0.04268184896393212,0.0877974638061751
0.02690611092914058,0.5696517103060577
0.03132964277137751,0.36924332258216547
0.022195555352288232,0.7964804462940013
0.018163575219098227,0.941847650057453
0.027396594065190683,0.5461920106853025
0.021032456388729304,0.8463420058246272
0.03151226114024469,0.3620640704549651
0.04257619690612979,0.08915929538822759
0.018419612630436122,0.9352507182792642
0.0405216566258399,0.11936438700058394
0.039950319168571835,0.1291221009196256
0.03440830677788842,0.26119605720923866
0.028268945037901783,0.5045373871395687
0.03011048613728118,0.4197369116749356
0.01553090918482744,0.9865125130659586
0.028723385779821975,0.4826564068570306
0.019805067686299527,0.8927049468738809
0.021677701460708104,0.8192838551811209
0.029793508518698664,0.43360067234554905
0.044382560912058,0.06817165871103205
0.021201095194306296,0.8394296745621411
0.036045018272260476,0.21445331122030376
0.02870460452863771,0.48354835353401227
0.01639923377160213,0.9762471052931556
0.0355612886721256,0.22753812565678033
0.01719734150186636,0.9630529091423673
0.04011043751827592,0.12632388366406033
0.030897370516431044,0.3866346877198929
0.02862830133261962,0.48718306381140686
0.03533337523311897,0.23391233704505027
0.03154609600663161,0.3607448371571952
0.029442813304849658,0.4492942953025641
0.024771858328982432,0.6740020343693132
0.033923037861080585,0.27643620774328037
0.02285700327001816,0.7662048379527131
0.03995645389965863,0.12901396509513122
0.02192276684120989,0.8086024262013657
0.020025639364532194,0.8849263993250303
0.022457365546996177,0.7846361931529037
0.05187072916795171,0.019901255009066674
0.03371758682260306,0.2830851224039337
0.033503429525251524,0.2901416981061655
0.04570720751048951,0.05559765453489526
0.02576084918899657,0.6253973739698694
0.052798115163693704,0.016860753300198237
0.024689290731318647,0.6780541252749022
0.030427839200750872,0.4061616316921511
0.05005757223041141,0.027288244247089456
0.022325296593554145,0.7906354350831386
0.0306112954398593,0.39845288888366664
0.03962085686921757,0.13503916341504904
0.03499582863956763,0.24360310242452965
0.03792907172667648,0.16898692274841784
0.032026167642784875,0.3423926320708318
0.028754446015986868,0.4811836563091598
0.03833792077138476,0.16021539621775313
0.021492200352617563,0.8272275852879045
0.025649638578059387,0.630856478272531
0.030332935667605365,0.4101893422963447
0.04259724349197408,0.08888660474002807
0.01645293434911116,0.9754770990633683
0.01845651453647995,0.9342663796195242
0.029283340867739927,0.456554139840515
0.04618385891736293,0.05158919087034881
0.04254951785805838,0.08950597170382331
0.02662931076838515,0.5830195480433619
0.03334488307391825,0.29544922904872617
0.036420526387783814,0.20470443198472674
0.02663736250639115,0.58262954526899
0.031019547145938575,0.3816624183611696
0.023309264519345896,0.7449110813463714
0.03552110988130219,0.22865202121374234
0.040581328993374466,0.11838119136640259
0.0405668110510905,0.11861978160264974
0.05962799015073694,0.004542894519411088
0.025979613985620875,0.6146746163092411
0.04270853639093297,0.08745624587478977
0.03720792868208456,0.18538784739606015
0.015179599117346065,0.989588629016679
0.03078388480480282,0.39129346299600065
0.024832502564217762,0.6710241547173045
0.017517883126672573,0.956664414701714
0.032359141479946785,0.3300628303850345
0.040985513963155945,0.11189572825410013
0.01192254635478418,0.9997347907978679
0.0346213800944577,0.2547080919643535
0.03885339595041781,0.14968073080865146
0.016484654753438077,0.9750144933922554
0.02018229554747175,0.8792470007720514
0.040585775632593524,0.11830819362445236
0.023097732321212594,0.7549223538418302
0.022204103499840366,0.7960968681167323
0.025334261602245278,0.6463565671955679
0.023132241094947825,0.7532950517056778
0.027848163960025984,0.5253518972807646
0.02356581129722901,0.732662301954341
0.02832283389264667,0.5019101271460107
0.03227523423822984,0.33313922125717554
0.044430151980863974,0.0676811247066735
0.047300334616430906,0.04316398500452895
0.028278987583239656,0.5040471169639809
0.018215948242951918,0.9405314290070006
0.049893083679385164,0.028065439731537464
0.01919726395963539,0.9127539192587503
0.030712318546185835,0.39425131021611654
0.0238808092609335,0.7174864149042868
0.040268511030636445,0.12361030110915391
0.02732436608841604,0.549626423874348
0.022826419486837723,0.7676290978109234
0.0288844720607363,0.4750500434503557
0.023158290304160167,0.7520651026669386
0.027964621858824312,0.5195380076540587
0.02511311035081165,0.6572322835030152
0.0442188452156409,0.06988231287462002
0.03387746989208823,0.2779007408129435
0.026569419710009035,0.5859225213589724
0.04428115944333261,0.0692269388239885
0.027615770144111873,0.5370747096133675
0.02708003132543113,0.5612974734303853
0.020354787715702094,0.8728492641354628
0.031337877613014875,0.36891744496889256
0.037728158227982256,0.1734355527449528
0.03445135991169057,0.25987516255508836
0.01738569796330358,0.9593761507627815
0.02729819059376759,0.5508728740689925
0.024134347662029487,0.7051822238277825
0.02797918061891802,0.5188140509034898
0.02519573978744971,0.6531688122630284
0.04100714003317929,0.11155716298491712
0.05314725031785272,0.015828489416169145
0.024593344651013593,0.6827588213151752
0.02937056494876905,0.4525737777148506
0.02046892949504331,0.8685348447649448
0.02551921565710008,0.6372638428186886
0.026638598739159303,0.5825696715435443
0.0250479179179528,0.6604378278649311
0.02514921315153662,0.655456905393774
0.029689972228508277,0.4381950982736039
0.042931022926330165,0.0846547232512709
0.023422524554426213,0.7395170600697125
0.03030788358659986,0.41125709790290693
0.02572268313653414,0.627270340007833
0.03006372522573264,0.42176295852457923
0.027653978080877994,0.5351362989425787
0.020583811277141484,0.8641290549053249
0.028794424231066318,0.47929234791864417
0.03237588375185413,0.32945145194983294
0.026286253517709968,0.5996925849193253
0.026178442622697307,0.6049526755540716
0.022630258681359927,0.7767114136700282
0.03756810143782896,0.1770457757857807
0.017308782272608902,0.9609040742881854
0.030156615797535702,0.41774470619874965
0.039470817617787035,0.13780607023844926
0.02586950641790442,0.6200685720643505
0.02216488691179147,0.7978548130136431
0.032177309600409765,0.3367556213296417
0.032437920276396026,0.32719319525671975
0.026644998599824082,0.5822597356459926
0.025693607346705005,0.6286975905570171
0.027124865321844105,0.5591499891685017
0.02224196161391334,0.7943954573274183
0.0396829364898601,0.1339076488675825
0.03051069717043864,0.4026673940454
0.024164015653254434,0.7037380567949083
0.0319633570188772,0.3447550051168534
0.021117040245900887,0.8428898135297158
0.02642251335896295,0.5930576378787125
0.02776806196941836,0.5293743430536091
0.032330648883595686,0.3311051792786793
0.027911551025930015,0.5221824115347083
0.031156617787618246,0.37613732853101955
0.02328079248817433,0.7462634949219398
0.02881701788847954,0.4782256157750585
0.02862601311544566,0.48729233508646164
0.02356604827028186,0.7326509383777665
0.02871890783987119,0.4828689733337508
0.030283930747886156,0.412279777824497
0.025550883000341112,0.6357076729170201
0.017936574400686023,0.9473543335372391
0.02724209804171146,0.5535471337956148
0.03191860611280384,0.34644523209163003
0.019569774865685785,0.9007125193161423
0.042325849234320645,0.09245710770818993
0.03264515222729486,0.3197307823506603
0.024278634713878033,0.6981511015634139
0.02720883530447682,0.5551349871427824
0.02172031462098245,0.8174414458454623
0.02637296910069553,0.5954683202576845
0.0446441979366381,0.0655119159970552
0.022817968992975057,0.7680222500257401
0.03242934356064808,0.32750473636034044
0.031053777434812857,0.3802773734897586
0.028061319611057955,0.5147414679741955
0.02373117076162118,0.7247126360016236
0.02265442787017624,0.7755974504403766
0.03643115621067672,0.2044335810480328
0.019207359475346353,0.9124381121807466
0.03780090752059517,0.17181409845968337
0.019591908034190558,0.8999723040818943
0.0532879477201339,0.015428773866422127
0.028145436838674542,0.5105917830547679
0.014549465148028462,0.993779397623185
0.02301024554596237,0.7590370107349129
0.030262381491655332,0.4132013189483521
0.024061794529920244,0.7087102850775033
0.0508281423558391,0.02389498972609197
0.023234004534896546,0.7484826792392787
0.02590936992436177,0.618114991698663
0.02068917552844038,0.8600335996188183
0.03700575673500284,0.19020466265701955
0.016650031225806994,0.9725081962773274
0.02106708918685643,0.8449321530618427
0.025800671119754176,0.6234437939879208
0.025920645450145385,0.6175625642474035
0.03518986847985872,0.23799559306338822
0.025585478680674123,0.6340078971471903
0.03461191946748077,0.2549935501518678
0.027734070186451243,0.5310870831956707
0.02807109925728457,0.5142579255908212
0.03020986390095612,0.41545308901065375
0.018818716484962306,0.92416104354176
0.04007650660158457,0.12691267505312623
0.028029633158441425,0.5163101360770904
0.03656634533954167,0.20101327674855246
0.044800888415093776,0.06396183670442798
0.021867109354373415,0.8110462767167803
0.02061605497991381,0.8628812561416079
0.03057149605764764,0.40011660863297466
0.014480297745520287,0.994146884007368
0.02793077905732755,0.5212233464123374
0.02757683339410988,0.539054564364341
0.02781468571861473,0.5270307276123933
0.03133269388826704,0.36912255702976704
0.02840555517323795,0.4978942118731044
0.03549069689356449,0.2294979605300274
0.020455488778199082,0.8690461764933113
0.019196710828063956,0.9127712050879817
0.020773005092943275,0.856738614692283
0.02138408143034809,0.831798222523435
0.025774860763870255,0.6247099179893694
0.02314711669267723,0.7525928437512811
0.054567785286769976,0.0121882443497253
0.02987850884391463,0.4298530889111637
0.018032970691100825,0.9450553084048613
0.0305038480735631,0.4029554438158269
0.03207057310835115,0.34072950949288916
0.03519065428324897,0.23797308675772974
0.028458176334314578,0.4953503189778117
0.02427817055299264,0.6981737495318587
0.020463752066340102,0.8687319154304615
0.04652060177673217,0.04890993410067474
0.023029657575487417,0.7581254006393475
0.03306024603778179,0.3051570608846626
0.051455730817944856,0.02141355652900149
0.03352205241042888,0.28952293969106974
0.040398012460477695,0.12142299674986123
0.039468052227917494,0.13785749674309414
0.024125207197397858,0.7056269887583655
0.029884546125205858,0.4295877444529349
0.01979899037360111,0.8929155821869768
0.0315101624085532,0.36214601298521343
0.032944779699762894,0.3091612051951074
0.017129108520126224,0.9643308458339147
0.02077892642261292,0.8565046640678808
0.02745302794865312,0.5453797529863889
0.024798896860898645,0.672674495361646
0.034310008057344576,0.2642308869723999
0.02287062828483366,0.7655696450717383
0.02681421928589056,0.5740802058083
0.04173797730515438,0.10060413038768702
0.03531846384316917,0.2343340996054564
0.028797989198687812,0.47912392962855815
0.050237640103841685,0.026459292907988843
0.0393674508923027,0.13973895786816548
0.016832398168401652,0.9695579038726942
0.03405926491606287,0.27209232941133055
0.02357009044891578,0.7324570903989743
0.017698606843812192,0.9527804674282339
0.030969095781668954,0.38371022172779
0.01898876620668366,0.9191422167665813
0.026358700979995098,0.5961629535524666
0.020149072101601995,0.8804620235220947
0.024831284964339506,0.6710839565113618
0.02320226655822799,0.7499856999856425
0.021076798476733383,0.844535991349558
0.03615290223275214,0.21161626055215518
0.05647826438614578,0.008483616236790182
0.02134311734989014,0.8335181604238031
0.025103135825923495,0.6577227673066222
0.02103424053352898,0.8462695001087595
0.028023338521578733,0.5166221166451853
0.02679598603117106,0.5749600499408875
0.03457744555432629,0.2560357907554153
0.023906280332238294,0.7162535791101033
0.02980742032286826,0.4329858141894848
0.03549537721840168,0.2293676205369087
0.02792606269611464,0.5214584889302013
0.021660582934175387,0.8200221681920995
0.035433017285770474,0.23110892946667114
0.022249132436232166,0.7940727101742711
0.018041709436396214,0.9448440148330599
0.01918413221273685,0.9131638150989367
0.02111789421933663,0.8428548065143985
0.03342621217118924,0.2927177522789409
0.02479553905090387,0.6728393719846916
0.03588242737341385,0.21878464098450995
0.018081625112855493,0.9438728190782925
0.022019373936875475,0.8043363847222227
0.022908812104505127,0.7637873001108719
0.033169182962308086,0.3014143580699637
0.021271341003363864,0.8365158630622925
0.019098566706104714,0.9158099231412767
0.021267345598341092,0.836682126712596
0.014422838710447416,0.9944395071959075
0.02037333871076019,0.8721523914954756
0.03253580970151515,0.32365263787597853
0.052020611773149594,0.019378926201261235
0.02214545862964587,0.798723992933748
0.02356335154271466,0.7327802495527622
0.034460849191905285,0.2595847053088236
0.019245119127228594,0.9112516543194051
0.04249934334927047,0.09016101898902547
0.03738127270722846,0.18133501783592013
0.027947798115231293,0.5203753850384641
0.05198179719270979,0.019513005265903403
0.027906916038955232,0.5224137632106838
0.04161720942899494,0.10234975983633354
0.035870129849873256,0.21911497432205845
0.01802669032766041,0.9452068656683903
0.03517606209643043,0.23839128929174705
0.044289394343360544,0.06914072294783262
0.022950657216408932,0.7618303341114483
0.022521423738966484,0.7817091554478284
0.03694495263414266,0.19167245604757438
0.018757162678230355,0.9259348084188558
0.028772821884355204,0.4803137213616557
0.026874623566394473,0.5711680764258104
0.029873135944819385,0.4300893260825478
0.024398962025453108,0.6922741387983098
0.01984103583744068,0.8914542341197997
0.027740788520932758,0.5307482938688334
0.038125373794200224,0.1647287561722323
0.041753871270849174,0.10037624896050147
0.019290188910381367,0.9098246642143668
0.018413360189284633,0.9354166644387057
0.019359601210869548,0.9076040033204225
0.019040553085114903,0.9175794594811919
0.023353781359930936,0.7427936305934112
0.03672652786166353,0.19701875852906156
0.022669341467956294,0.774909350758809
0.02464211979364342,0.6803677183575971
0.030831625942272955,0.3893288885426719
0.03996622399248628,0.12884190221717257
0.041858865743915286,0.0988816542527012
0.03621712912476066,0.20994117427507605
0.033425901864585716,0.2927281384606712
0.03158821275481605,0.3591074491339517
0.02816096675194868,0.5098279828057853
0.025313363689492607,0.6473842330384855
0.022462150361747035,0.784417939586759
0.023893868913123062,0.7168544069826679
0.03611900681902325,0.21250445663679668
0.0262624363949836,0.6008538651998208
0.02235503866652827,0.7892886555730633
0.045901192371050836,0.053935077633075285
0.015758948541014728,0.9841990407618761
0.036211767190062805,0.2100806217824853
0.03757802833582402,0.17682014453033063
0.025383493664700496,0.6439357183334105
0.028083451900694723,0.5136475748239205
0.02948631575811156,0.4473272816152751
0.03299186846910246,0.30752363950839023
0.030160332722974303,0.417584463620006
0.032892393499179606,0.3109904855163656
0.03277254564233212,0.3152052032522907
0.022829742731207192,0.7674744413766443
0.024822909731709086,0.6714952883020662
0.032082797999844814,0.34027266822048197
0.03239042119089042,0.3289212516053555
0.024256090224353433,0.6992509135288787
0.019647463518780772,0.8981023175342977
0.034085246914760725,0.27126967812127667
0.016578005736559542,0.9736193361766842
0.022617918469928555,0.7772796092941152
0.021675399927022276,0.8193831800328448
0.04347804542040479,0.0780863143465704
0.030616551514755508,0.3982335282810988
0.025457575113577602,0.6402935782690153
0.02489235846939966,0.6680837865525378
0.03664971556299418,0.19892641415628207
0.036611391341818345,0.19988360138897987
0.027469450004173557,0.5445381374230456
0.03803752513008163,0.1666236363743366
0.04339951012260085,0.07900198507139279
0.04745616345452486,0.04208881429694739
0.032151608410589505,0.33770943805928266
0.025909366396988542,0.6181151645275065
0.038035519452012334,0.16666710090397235
0.0315529132350556,0.3604794434030757
0.035790838922019286,0.2212541422162662
0.02191673363063229,0.8088678339635791
0.035937211199658314,0.21731773079078284
0.030019132309666574,0.4237012431570136
0.044665937285120694,0.06529495934310525
0.024527570344613975,0.685981205182306
0.023787957569456175,0.7219737556922898
0.033185120568753224,0.3008696394999722
0.0425131698588091,0.08998010866726482
0.028923640775683435,0.47321240284636035
0.03552052345505208,0.22866830998908375
0.02750162914210419,0.542891305095523
0.03085609233975306,0.3883247410140667
0.02428745300491153,0.6977207934993299
0.062156259594155716,0.0026850764979644524
0.03004405502613361,0.4226172045071395
0.019745819528430908,0.8947499016937825
0.023539342584527168,0.7339310116589187
0.045387005779157386,0.058438456403650266
0.03477709970515763,0.2500442257491453
0.03988975269082129,0.13019367641394078
0.03306910875450042,0.3048512992988401
0.016295416381052752,0.9776892333750403
0.02437066496011253,0.6936572087891959
0.03813788924458589,0.16446020775077896
0.028446599213780788,0.49590928127895495
0.04605507051154545,0.052646872895407475
0.02886827922248103,0.4758111047115454
0.042839958405921086,0.08579213044220951
0.0220863926582896,0.8013593665806487
0.017696877261891397,0.9528186063975705
0.039776829284877246,0.132210971685662
0.03350372987520889,0.29013171100179175
0.029280525563226745,0.45668299731878836
0.031454625979859874,0.3643191348230994
0.022665639702494467,0.775080198432519
0.028527126391494018,0.49202967505160916
0.020183503482171794,0.87920271913983
0.02726054134274758,0.5526673577594126
0.02491794517672291,0.6668265451052136
0.043186864800217384,0.08152694755957289
0.019756731414135698,0.8943747105412063
0.02704481114240731,0.5629862626147504
0.022775300478634408,0.7700048235529152
0.02979989621453516,0.43331828330322825
0.037290650655882995,0.1834449507360529
0.03026747926034179,0.41298318900469616
0.030544158177023495,0.4012621742141857
0.0224415502205315,0.7853571478592412
0.030825434924036277,0.38958326527005976
0.028289420663466347,0.5035381026786038
0.023765703649583747,0.7230475963207537
0.0429178558875023,0.08481839213454664
0.04208955674414233,0.09566285197609405
0.02420929499555935,0.7015323752114875
0.0366629505174032,0.19859669259959528
0.014739438641417274,0.9926808309182384
0.03819535580045341,0.16323161905012065
0.022752583198883514,0.7710586198604995
0.0355711594018262,0.22726511495032348
0.03839760210474319,0.15896607011246813
0.025413550765228277,0.6424578892632706
0.01923048500058655,0.9117124624380946
0.024409504620985456,0.6917587015892257
0.02179967340427158,0.8139933464512532
0.021138308148026252,0.8420170735008633
0.03878040630731283,0.1511375292095926
0.03155722524097365,0.36031164899963386
0.014970600209879392,0.9911567044424288
0.027545565491577217,0.5406477372000139
0.01944086154855562,0.9049692076096219
0.02361897710888794,0.7301107071126316
0.015470899701700402,0.9870788806711001
0.02912048259809108,0.4640477539911162
0.03313069921782685,0.30273265289567974
0.055436696189154644,0.010352434193614877
0.02049379384777139,0.867586624608709
0.03558799493509246,0.2268000494283465
0.019330424129154533,0.9085408246627722
0.025503161250521322,0.6380528657522431
0.018973134006754377,0.9196108099831087
0.020945212388694456,0.8498708672126942
0.015720420056515166,0.984608181949278
0.030176975149854512,0.41686749514144866
0.02291661558502539,0.7634226483878913
0.028268539277849003,0.5045572024475353
0.01881088142381332,0.924388095717791
0.024386927151451687,0.6928624367654383
0.028523849708907312,0.4921871557433711
0.042570370553573544,0.08923490861764381
0.05699228741930579,0.007679250060697947
0.038873784049168914,0.1492758360905637
0.024521015090014253,0.6863022182857277
0.022944119140194674,0.7621363529825365
0.036838279060164014,0.19426903572542445
0.025670459393366457,0.6298340820595338
0.04450418310830728,0.06692404554074229
0.02398129371637775,0.7126183913461257
0.02852905128602312,0.4919371777815383
0.03623440161430658,0.20949245928769292
0.024639038572120686,0.6805188053290085
0.021640157474469207,0.8209017326843728
0.025796353278024153,0.623655584879673
0.022657928994134213,0.7754359615541688
0.0228160556482081,0.7681112438231171
0.04773699855656521,0.04020990621879412
0.02367396075738737,0.7274674699592237
0.019881828471662172,0.8900273429833666
0.030146933849029778,0.41816230687669287
0.023550800048769527,0.7333819606986907
0.027843505200585206,0.5255853190202877
0.0258368362001265,0.6216702223413058
0.012989156413100833,0.9987845289711784
0.01963854540714771,0.8984036527226683
0.040621253890612774,0.1177270948358154
0.02275985511639156,0.7707214279199356
0.03694108995057743,0.1917660002664242
0.027307010685397648,0.5504527636678627
0.03391161958556543,0.27680264318844455
0.02077160495690833,0.8567939106397795
0.0465295217420183,0.048840631172844574
0.026900873603409425,0.5699038490253705
0.05061447328028551,0.024796236612526668
0.023098793692142433,0.7548723392894512
0.026101115459353286,0.6087306188036439
0.01588736426405124,0.982780343860974
0.019396505145153703,0.906412097180299
0.024663014187222942,0.6793430427352393
0.0239414646432521,0.7145493394760041
0.042702822002737395,0.08752921455502656
0.03276100147281785,0.3156133687362176
0.027689014685541524,0.5333626012239454
0.02797023605147375,0.5192587580561234
0.0210170071215664,0.8469692802424259
0.029072749236762258,0.46625935749587877
0.02443146855214945,0.6906846118631156
0.03445949761316719,0.25962606078962924
0.042126904059361536,0.09515007249244041
0.030823967708006772,0.3896435671897631
0.035098426842992,0.24062571960948267
0.031319683667364595,0.36963770510011434
0.03582975852763831,0.22020213297757207
0.04248434314227628,0.09035763114483904
0.02649700297866278,0.58943725260958
0.040600631858445785,0.11806457668959949
0.03200794991302991,0.3430766226112
0.021415818673840764,0.8304612032065671
0.02568668687925213,0.6290373435514779
0.022725666365275177,0.7723056247210823
0.033465058917586,0.2914196760951245
0.0255488360814079,0.6358082533391385
0.02213768081488321,0.7990716331759085
0.02193275944997597,0.808162576092499
0.02703162806127024,0.5636187846254403
0.018212215033537316,0.9406258171395482
0.023565832289152253,0.7326612953314349
0.0349714772085325,0.24431388393838827
0.025276432663724147,0.6492004063211319
0.032575028064081524,0.3222419747825342
0.03851955831064713,0.15643743658886541
0.033932072238683886,0.27614653330640443
0.026280123577490155,0.5999914276019038
0.03056440631955501,0.4004134801051778
0.017807920193496307,0.950331978585616
0.01930869649308753,0.9092352772891692
0.019689264387187766,0.89668404976391
0.02595019696522416,0.6161150561500816
0.02921642179592654,0.4596235565577075
0.0193432962081298,0.90812812918633
0.03384449611905249,0.2789641088645559
0.04045581944033433,0.1204569397168925
0.01987739149135137,0.8901829767813076
0.03715656804348921,0.18660231072062033
0.04111008618358353,0.10995708716038231
0.0330333386386682,0.3060867384136776
0.0435183008602133,0.07762045154334195
0.032879080819792184,0.31145661124692336
0.03672215670404677,0.1971269311986087
0.027380473566374186,0.5469578904962813
0.03200204142937252,0.34329866856039315
0.01909753841838302,0.9158414611181338
0.024271049903796582,0.6985211673286612
0.027285405614717553,0.5514820278745525
0.027928237101340736,0.5213500718433353
0.020181906477816647,0.879261262081835
0.02808427122477941,0.5136071077757721
0.027642882208968655,0.5356987801703742
0.025411109887440442,0.642577896065585
0.020115597492152637,0.8816805210693708
0.0311829035744543,0.3750842269633027
0.0214739217243769,0.8280034293241678
0.0410314443896721,0.11117767901049565
0.027941112320782557,0.5207083961263795
0.03734113881208323,0.182267064621675
0.028878275077533544,0.4753412070458963
0.022030441330430084,0.8038457428169579
0.016319995246843466,0.9773533114413853
0.04054216584882811,0.11902571073339319
0.04898978733220638,0.03269142633760998
0.021398956051602025,0.8311720728193608
0.039363886291798544,0.13980600413420205
0.022329435844707812,0.7904481523435332
0.023469269499982626,0.7372844540935389
0.038424212815394876,0.15841154599127458
0.03200051952730798,0.3433558796265168
0.027494002152832098,0.5432813538474232
0.02570657388674702,0.6280610594446223
0.024097549527698325,0.7069722788083352
0.029314012449879467,0.455151848885935
0.020206204236489778,0.8783691549814359
0.026265006856568185,0.6007285129118605
0.029373074960169665,0.4524595781996647
0.030393671583456572,0.4076085698890351
0.027081638271724884,0.5612204585971472
0.02062738554153165,0.8624416185630487
0.04024894473730101,0.12394357288715278
0.024245852208103047,0.6997502227504907
0.034413414976005696,0.2610390705389877
0.028188289231761865,0.5084859538682597
0.031965500834704175,0.3446741822302792
0.025328255476738226,0.6466519179927469
0.022042254764389146,0.8033215976002017
0.025194539247273107,0.6532278536257534
0.026798701536765557,0.5748289900465948
0.035152417812867265,0.23907011181261903
0.025143959809322824,0.6557152478866037
0.02075305455971027,0.8575256885366773
0.04213916034777149,0.0949822947406683
0.036209371276982566,0.2101429554342941
0.032290747608781145,0.33256888395739154
0.06118999112478252,0.0032912306299821142
0.020144019848810757,0.8806462969019195
0.045660364700130684,0.056005674136502565
0.02695306856204449,0.5673924909175698
0.05476489010510982,0.011747799990064811
0.034503843846886095,0.25827175273553327
0.03312774337888996,0.3028340827621696
0.03305163749612128,0.30545426890344296
0.029645508052811576,0.44017818118349344
0.024437640474384736,0.6903827293593606
0.0271907846099797,0.5559972897404979
0.04616216766262915,0.05176603666718209
0.026341752543686314,0.5969882964559605
0.03017663447224328,0.41688216338437845
0.01835891496321751,0.936851462080985
0.02315120562120332,0.752399747920414
0.029497258903455892,0.44683337874164514
0.02751632765914125,0.5421401012431822
0.02847174779193551,0.4946955816822663
0.029050680573848853,0.46728418792209325
0.0347431790860524,0.25105459813629283
0.04186966180951618,0.09872902963515755
0.03282264637412402,0.3134382592105407
0.030300386239278054,0.4115770147245996
0.03291870672463926,0.3100706638213084
0.04055877007720088,0.11875209845168494
0.027476259574396977,0.5441893876588775
0.04709315385044499,0.044630398116567174
0.022520284702908178,0.7817612974092973
0.02000848534838673,0.8855405728366902
0.029214655773828646,0.4597047437306656
0.026986454710538288,0.5657878247502974
0.021741824542651944,0.8165090172421767
0.0183805176180164,0.9362843646992055
0.026429405183870158,0.5927224697180491
0.0188186949334348,0.9241616685919173
0.03798456996232635,0.1677742534981394
0.023122422762220762,0.753758289271662
0.020951633807276826,0.8496122517897812
0.028261555282556194,0.504898343796742
0.03294999305992519,0.3089795910291108
0.019913036904850245,0.8889296913561967
0.03831783443589187,0.16063763534323874
0.030918681617322308,0.38576415223296834
0.02787505666579082,0.5240057379518968
0.025931999405778644,0.6170063626834364
0.018705953242316664,0.9273929725955925
0.026463063554153343,0.5910861759309094
0.03450102898389246,0.2583575580515205
0.02236087946209081,0.7890238785513786
0.02801192459551516,0.5171881271775068
0.02281751687711253,0.768043279677612
0.030693937583080255,0.395013489617059
0.022144372918370014,0.7987725314127851
0.036872347965799745,0.19343676641423316
0.021548631973859478,0.8248244096371701
0.04123507342119026,0.10804000197346059
0.039259988107512744,0.1417717175441971
0.03667693712590325,0.198248710553199
0.02521554426101713,0.6521948439494301
0.0343578991808271,0.26274901842837184
0.02284325564278722,0.7668453183319043
0.026270387135272633,0.6004661523310767
0.047135612612014544,0.04432640171223036
0.032774272928835724,0.31514416496011605
0.02664444627203244,0.5822864824360607
0.030218600727058953,0.41507790561187463
0.039951802892685906,0.1290959407865444
0.016732439762116358,0.9711994510059035
0.03247007600139212,0.32602707821482146
0.024625221668087588,0.6811962548743153
0.03977216500149458,0.1322948410621926
0.024789701194119773,0.6731260151262971
0.015513504044936233,0.9866785675588462
0.020918095253053437,0.8509610000937459
0.023594724751717755,0.7312751822516581
0.029752382187595627,0.43542176078338796
0.02259738585118931,0.7782241609906351
0.039224582170917455,0.14244668226989804
0.022363573963248506,0.7889016980582481
0.028612710274740605,0.48792791090960125
0.03343935946918353,0.2922779532822507
0.032059383837332756,0.341148035350515
0.027394810760914323,0.5462767165535782
0.029502723561245392,0.4465868754551347
0.025568256500962394,0.6348540271192026
0.04808725876213138,0.03796931043545878
0.029025667677636924,0.4684475284350161
0.033940840364102276,0.2758656128307213
0.03863814767917384,0.15400970685997104
0.02279033442528816,0.7693067651151744
0.050441938883357906,0.025545822848259656
0.018924433469646562,0.9210613131529021
0.021374136107736863,0.8322163934950866
0.033437575728568814,0.2923375936943155
0.026219968909365565,0.6029255813835357
0.04571779120302333,0.05550582130617885
0.062395688614433786,0.002551747419734485
0.025302425889863533,0.6479221178223096
0.03633312806877681,0.2069419954705802
0.03430693696025633,0.26432612846342773
0.028795621839076357,0.47923576552843244
0.01825510012497844,0.9395363048191641
0.028002379585639336,0.5176617590536727
0.033495842293485345,0.2903940698750829
0.019877419504106986,0.8901819945217108
0.01574164613875023,0.9843837113240036
0.03491915262750023,0.24584650397797297
0.03383955258627763,0.2791237936814799
0.03390646496440253,0.2769681841785041
0.04170405573161706,0.10109192538509491
0.030581624737854862,0.39969274949062894
0.037371950436918766,0.18155117588320452
0.022408176250381995,0.7868762826252529
0.017334053101624947,0.960406117024594
0.027742711179676055,0.5306513636294791
0.030998896777117813,0.3824996857578196
0.03419038650126416,0.26795974189434957
0.030040912697376188,0.42275377954705995
0.04195600708775593,0.09751541394825029
0.03024810398014227,0.4138126622533247
0.031485597018434675,0.36310611525743963
0.020678852238947276,0.8604371383808468
0.026617158306846078,0.5836083013150185
0.0389070416726186,0.14861725837805304
0.04822130575999217,0.03714112955696171
0.031317595861080905,0.36972042021727936
0.0364664712801126,0.20353575109091818
0.030467387561442155,0.4044912340389952
0.015946149302942914,0.9821022248093503
0.024712493737010344,0.6769157075740772
0.021376154589737933,0.8321315535023358
0.02436844167286223,0.6937658508518627
0.023845729795565984,0.7191830137539985
0.017614239529578496,0.9546190275990647
0.02933390368078581,0.454243956585885
0.030331139575965116,0.41026583112010756
0.02733296935751439,0.5492169542448149
0.03416900189504324,0.2686304892602351
0.02803858448162516,0.5158666870326359
0.01897657876108816,0.9195076746226474
0.04382195938525635,0.0741815120759057
0.03836730629022178,0.15959928060234427
0.04270135576131451,0.08754794565935917
0.02749525369988831,0.5432173371489496
0.03893825329711803,0.1480013321385039
0.01718366954855803,0.963311263066166
0.027924324202519585,0.5215451813968881
0.03146199428488161,0.36403028680433225
0.019408874338873616,0.906010861069622
0.02081948994864069,0.8548977610216006
0.017211831839271996,0.9627778347979853
0.025041699658468475,0.6607435536150301
0.031521956133020224,0.3616857109804498
0.02762021916154367,0.5368487732174732
0.012923000539788898,0.998881559712582
0.027047981338615856,0.562834189497091
0.04253893023063293,0.08964386388120256
0.032753386492285874,0.3158828213017193
0.019889929722844646,0.8897429079567888
0.02572508549304986,0.6271524293460968
0.022416090240826525,0.7865163263310768
0.018086533335076455,0.9437527079784246
0.030617300613478227,0.3982022716713159
0.018309882176049064,0.9381278884997134
0.016643922186373117,0.9726036209903557
0.0230049478854627,0.759285656612771
0.02613107077304333,0.6072666178999988
0.04995782565920037,0.02775723739101674
0.02804556770015737,0.5155209048853906
0.024876096500639433,0.6688827484446429
0.022184342186959027,0.7969832786110489
0.019945504186175578,0.8877822665134948
0.02622889899576697,0.6024898270298149
0.02052877579196677,0.8662475459611425
0.03165825665633215,0.3563960034386748
0.06576104491711454,0.0012216193379329936
0.01696039343729433,0.9673684892190425
0.03287152086186307,0.3117215403379843
0.04043274760750171,0.12084175078028177
0.035022578218160016,0.242824140692858
0.04313189540317136,0.08219062177189185
0.037233646840547585,0.18478207037559696
0.038602491679224804,0.15473643828817177
0.046371005874088655,0.05008494652960259
0.020081774153616616,0.8829058568424176
0.03106664450077623,0.3797576482913854
0.017799558404347993,0.9505219176628744
0.02348518217415274,0.7365236224901843
0.020206330957239227,0.878364494503227
0.03237789440386302,0.3293780839351645
0.03313759213834744,0.3024962187484596
0.023466690887463393,0.7374077062955198
0.02563931599375885,0.6313634177932161
0.03507525369994663,0.24129575900276162
0.04503896079231162,0.061666708420984366
0.030143232456279034,0.4183220299365757
0.02342788727649503,0.7392611132868107
0.027018211584873275,0.5642627266783862
0.025378227166899636,0.6441946706448383
0.024351917959215208,0.6945731736711159
0.03291142707281733,0.31032493654407306
0.026571145949742192,0.5858387997021146
0.02066864510604724,0.8608356530087323
0.019216712156658433,0.9121450120231895
0.03831250984401957,0.16074971415151543
0.020957817828976766,0.8493630281409902
0.04233407229048641,0.09234718593308901
0.03791407765382976,0.16931574866869947
0.014814827492381999,0.9922070779230906
0.03846493133204065,0.15756604456166376
0.0211369677968673,0.8420721310017285
0.0385964716044227,0.15485940966989653
0.019123393183210657,0.915046594925438
0.04184348074301236,0.0990994926965465
0.028287363539548083,0.5036384407227541
0.0349128251687133,0.2460323342291766
0.025066681275596192,0.6595152784065149
0.047938869909433524,0.03890487294515134
0.02165291992168117,0.8203523298631493
0.047925237799608555,0.03899182152168851
0.031066874755059648,0.3797483524073494
0.02419389570051539,0.7022827287217559
0.01878136011680856,0.9252402594444373
0.04221589624427152,0.09393745908394177
0.03567231938735138,0.2244816888866214
0.02648722462322506,0.5899122192826698
0.04169054804101313,0.10128671431906514
0.028910261740763943,0.4738395714808805
0.022664535477494363,0.7751311551656525
0.05502780292983833,0.011182669082016969
0.02641900323713131,0.5932283606248674
0.026591955595969385,0.584829771854386
0.01725270896265485,0.9619948790113637
0.023662293286926483,0.7280287276121031
0.0292757616903373,0.456901096230601
0.031189936425514375,0.37480281693004214
0.0349115851870242,0.24606876360433036
0.033873753066207435,0.2780204528499946
0.03843148835346655,0.15826020612954583
0.03251777498962127,0.32430283789761416
0.05046264548784257,0.02545481494084335
0.01745831923210084,0.9578998153334493
0.01719248053429845,0.9631448968206442
0.029726466641282145,0.43657194594224086
0.026078582052238286,0.6098322814423317
0.03700853971906638,0.19013769459584093
0.027710086604453066,0.5322976152366911
0.029957188712387728,0.42640369735806466
0.03688083286146793,0.1932299252757657
0.01913169734320508,0.9147904612747911
0.020651778549342026,0.8614931133845599
0.027952534262294104,0.520139564463182
0.020721842427739112,0.8587534179622988
0.023292591857455025,0.7457032066300668
0.029799700636019277,0.433326927655974
0.028669780840872072,0.4852049996959331
0.02752906148838108,0.5414898261653528
0.043835792959318165,0.07402797342365999
0.01681310620000015,0.9698793650373565
0.04883434635398298,0.03355169753933876
0.030824015794634063,0.3896415907482978
0.021332024026520013,0.8339827992295127
0.0323580671954683,0.3301020880487905
0.03898618881635629,0.1470593955231175
0.02560930376443271,0.6328375045889794
0.07154652798587713,0.00031453797899186163
0.013286751872547242,0.9982606294339756
0.04511700584368139,0.06092982653196789
0.03256979699433704,0.3224298751273206
0.04237571614662661,0.09179219009528407
0.028721848611129364,0.4827293689604452
0.020126499714929302,0.8812843045293276
0.029582063830798172,0.4430181536391865
0.03838524784526015,0.1592240417227618
0.03668160191677594,0.19813275844104603
0.030601868679452637,0.39884652050261643
0.03943406785857617,0.13849076095661716
0.043283954650946366,0.08036577444526868
0.015556225176966199,0.9862683628283301
0.04144099487932851,0.10494196781657972
0.03426124776075565,0.26574610468816234
0.04096202181593561,0.11226446949395485
0.027528737972524114,0.5415063411022356
0.030536992179774125,0.40156283111737584
0.027140641383896727,0.5583949548168667
0.0365232040064809,0.20209986203145502
0.04697704836218275,0.04547095143862487
0.03014297205514445,0.41833326836808893
0.0391494836148909,0.14388695323103046
0.03727278457295885,0.18386320409011545
0.032402459823454244,0.32848265323234416
0.0310124035692394,0.38195190922644906
0.025130821298064,0.6563613492167503
0.03341841762981945,0.29297872366876043
0.035384612457633136,0.2324675488438726
0.035541403465921606,0.22808888941580796
0.03304264607336643,0.30576492251974663
0.04518871007594899,0.06025947417172061
0.025631590247533476,0.6317428499597815
0.028418214945564152,0.4972814308568002
0.05712411866203437,0.0074844562505871045
0.030550404201573234,0.4010002421818252
0.026572739086593855,0.5857615360240034
0.04036705421439535,0.1219429748440036
0.018077798589787974,0.9439663549438257
0.05209097544832139,0.0191379593206423
0.022319108481088867,0.7909153284140616
0.03747794338833249,0.17910547894029827
0.04005679802326145,0.12725570115883272
0.022446782227788842,0.7851187178317732
0.038222906496548914,0.16264521769637222
0.0676532966312659,0.000793739796395812
0.03159277167031482,0.35893052692663635
0.023807046280398203,0.721052131727506
0.020692992451383785,0.8598842712677874
0.04340805327814812,0.07890193954980758
0.02640838013329705,0.5937451048115336
0.03190374946231439,0.34700767007892963
0.02464502879463959,0.680225071820636
0.016159436432232582,0.9794867206416961
0.025524925989391767,0.6369832124949217
0.030669066347781188,0.39604641393786233
0.04023400161687524,0.1241985943220293
0.03433122955797424,0.26357346736492127
0.02727824999068429,0.5518230637274264
0.027198829320834672,0.5556129308366801
0.01740527009802839,0.9589814922062918
0.042579955007406856,0.08911055203390168
0.02321548549298591,0.7493599206026177
0.024074333171256845,0.7081009464654853
0.03586734067479991,0.21918995018099838
0.04335601672602263,0.07951298270542816
0.023910699307777228,0.7160396152311336
0.03060115843167238,0.3988761890588554
0.04009564697302931,0.1265802632957906
0.037399414640063355,0.18091493985056445
0.03220970683400204,0.33555606482872574
0.026711142759262202,0.579058936276694
0.029878514332685735,0.4298528476240645
0.043380196708911356,0.07922855200474976
0.024079308858598103,0.7078590987418125
0.03324112824853953,0.29896114428575504
0.022251663702893887,0.7939587458245968
0.04078775399345802,0.11503129707571268
0.048923037942165126,0.03305844148801702
0.025570591435939705,0.6347393063882432
0.020601285531941183,0.8634534244028531
0.024475533399070826,0.6885287372020289
0.016276404113717113,0.9779467480984142
0.03560481421062234,0.22633616520937574
0.02740948795055763,0.5455796953036329
0.024849657687345483,0.6701815380226573
0.020636730305063855,0.8620785812083458
0.03679103736144407,0.1954277536854165
0.038769808057345145,0.1513500066651595
0.06026132959271657,0.0039903773540624935
0.029347660725648983,0.45361674826730264
0.021061071998891068,0.8451774688225376
0.023746538269749595,0.723971874181919
0.03349717366611249,0.29034977307596005
0.036927993809360266,0.19208342226038946
0.024937414718276818,0.6658697657678894
0.028558252871996537,0.4905353215593534
0.022526673894068483,0.78146877339695
0.026874089936818613,0.5711937848227733
0.03838630848967972,0.15920188103697444
0.02629416324179057,0.5993070190702625
0.02003687215517269,0.8845233932612203
0.032362121373538444,0.3299539535451062
0.028801072930026428,0.47897827721327463
0.02064710369369338,0.8616751062866013
0.01941166689855202,0.9059201543255225
0.02528090569605257,0.6489804302800981
0.029621083324569586,0.4412700664153506
0.034607363821953785,0.2551310953036782
0.043808054428025045,0.07433611507305683
0.01955098837376945,0.9013386618849426
0.021922092149333605,0.8086321126264617
0.03404731297274832,0.2724713831203273
0.03466719111129357,0.25332924493057773
0.020739295824974358,0.8580674354998703
0.052181782411958255,0.01883093562732157
0.02299665435562548,0.7596747941948385
0.05556880291957106,0.01009636955745608
0.040303110435916834,0.12302277021885613
0.026324005866225075,0.5978527646801894
0.020446701974986548,0.8693799853450481
0.026886133598116146,0.5706136436301463
0.0211398012067725,0.8419557344757386
0.02978731899372225,0.43387441867598875
0.02277827588385345,0.7698667114281577
0.030924748314726802,0.3855165838253548
0.02759817178886148,0.5379689917956653
0.04494528103224382,0.06256127220758222
0.03542927909867938,0.23121363453956548
0.021330558960099666,0.8340441266645361
0.032844603396843974,0.31266616567409256
0.03162805660164564,0.3575632800492405
0.03712883651080423,0.18726064982641508
0.02050971068118812,0.866978067149364
0.026709263409722975,0.579149817444671
0.03414163893749855,0.26949059033505646
0.028995107409592547,0.46987144903769723
0.028175961080755596,0.5090912116887268
0.026796319598215268,0.5749439503768639
0.022664326179368838,0.775140813316332
0.02602695855513304,0.6123573846085386
0.015277054601031154,0.9887922266580617
0.021323284047076563,0.8343485279609811
0.023824655879053747,0.7202015036302689
0.03103251502093818,0.3811372913138872
0.026135588223141437,0.6070458898802547
0.015218156611887357,0.9892786176020214
0.027758197375841176,0.5298710340999486
0.035348253098605786,0.23349210308400375
0.047134328491266975,0.04433556932428121
0.022868742479306148,0.7656575857061764
0.039483567910175876,0.13756916141494163
0.042733406436666455,0.08713926794265785
0.03703285330407913,0.1895534163371863
0.030220320064553607,0.4150040997328753
0.03772390088782662,0.1735308170734959
0.028804736710248968,0.4788052650384956
0.01958729300194534,0.900126873352868
0.04024111581428197,0.12407712880604811
0.041264848480517424,0.1075874118728967
0.0193387573946191,0.9082737581331985
0.02800528093437271,0.5175177626564029
0.038067978272804615,0.16596480575656977
0.029260623434423094,0.45759461062437795
0.025568157652664736,0.6348588837962884
0.028260586131457544,0.5049456947049907
0.02903909893132961,0.46782261004548603
0.02401663983140917,0.7109032920316344
0.024184835600302906,0.7027240944742601
0.01668706314900642,0.9719250466285079
0.018331839136681127,0.937558148634868
0.032120957112751536,0.3388494987651571
0.017505720038610506,0.956918483690304
0.043438770905929736,0.07854310173398459
0.03358279495637251,0.28751152337015395
0.017494420815870382,0.9571536810814297
0.031243222452964847,0.3726754587996897
0.028961652283760464,0.47143349744828483
0.024445909442788794,0.6899782347258678
0.030804985558945785,0.3904243091356011
0.030422900349237558,0.40637056515096087
0.021602881147100156,0.8225030467079624
0.04278079342703389,0.08653797488228014
0.027821659852670044,0.5266807201474779
0.030247385160113216,0.41384345744628026
0.024980951969603926,0.6637299202696161
0.016734652456955906,0.9711637570492329
0.033244974608962696,0.29883040527622495
0.03179748284482825,0.3510496977545599
0.023267607707679994,0.7468892676722443
0.03138247228471458,0.3671562161969567
0.027506144034798563,0.5426604921598975
0.011774619639054906,0.9997925612541049
0.06159224374159422,0.0030250006794478967
0.016327028838131308,0.9772565565013334
0.042590492618176046,0.08897399626782891
0.04436335520117041,0.06837047312566176
0.03892681977862422,0.14822671999374537
0.03705480458317287,0.18902712204080963
0.027204503971431815,0.5553418602388571
0.02595263215607896,0.615995795651103
0.054849820684693795,0.01156248487663705
0.046308586962420684,0.05058238750170949
0.024863595083597645,0.6694968990791258
0.040173805551229735,0.1252302696478063
0.017204188673639376,0.9629230883642437
0.02925364045863965,0.45791474931885734
0.031657783903161874,0.35641425517834235
0.02495924426744378,0.6647969014735859
0.03526562943476447,0.23583319244968623
0.03220890677651689,0.3355856510832151
0.021405744089288414,0.8308860446653696
0.03519853527696104,0.23774745613982085
0.0241121215515811,0.7062635791737775
0.04358002167246772,0.07691074408134006
0.018143505294164308,0.9423475028089586
0.02858276414975497,0.48936061722695284
0.027672060167414747,0.5342204523280284
0.0414495814912792,0.10481440294666183
0.0281667589329071,0.509543294326204
0.025362800796813634,0.6449532003030174
0.04335593098801849,0.07951399277983374
0.02866212515296096,0.4855696907675009
0.028547477155607015,0.49105232260407866
0.036798455787857454,0.19524544050629739
0.02788117487410513,0.523699782820736
0.021049176772653944,0.8456619769462725
0.024520682101958235,0.6863185241300227
0.02065929952339407,0.8612001077783398
0.04393435915664301,0.07294177163246507
0.027034283601670483,0.5634913548292808
0.023163847548158284,0.751802537281451
0.02315194021734268,0.7523650538211313
0.036322815077401205,0.20720728034525365
0.020842068042505435,0.8540001481003364
0.02215951449464837,0.7980952783275364
0.033334714221184114,0.2957920742479486
0.025865531417837873,0.620263417801128
0.026706384716828402,0.5792890318587252
0.018134444384096393,0.9425723454854031
0.03391123158642717,0.27681510123292674
0.030727122341531687,0.39363820079119083
0.033244984781048925,0.29883005957964937
0.04020847042419129,0.12463530867431023
0.027411325406833748,0.5454924562136221
0.02540068121726899,0.6430906359217989
0.0254009241855504,0.6430786898764453
0.02234415783314142,0.7897816523471866
0.023620893012748723,0.7300186778403948
0.023539341802608083,0.7339310491221385
0.019959937086531654,0.8872704013421944
0.01776765704876629,0.9512425356508382
0.03112239987965082,0.377511319825546
0.04008537911966953,0.12675849687146434
0.032891070171297165,0.3110367972354711
0.03291537883334372,0.3101868856238472
0.033876612606372536,0.27792834897415114
0.02028558423219462,0.875433899553232
0.044818081358946604,0.0637936772618607
0.02363025777173966,0.7295687694217241
0.03541945547355249,0.23148896389366938
0.01979895039263864,0.8929169672369567
0.027649939746866192,0.535340971116843
0.04112468088966825,0.10973178840963621
0.020979805125385942,0.848475573027136
0.02487957651688799,0.6687117792334902
0.01861694937098113,0.9298892938035376
0.040873367149993595,0.11366507927521524
0.045054117428470875,0.06152300922126275
0.034664241286124,0.2534178597762207
0.033343242146254615,0.29550453343861194
0.02903606282458837,0.46796382370343265
0.048092934007392674,0.037933922749339814
0.04530185550813237,0.05921455234370977
0.01436240807007727,0.9947351802131661
0.03180681787552553,0.35069328596923727
0.03415786006299604,0.26898046191054437
0.04237817623548612,0.09175949158476437
0.024235350564232205,0.7002622949149137
0.02084998399518123,0.8536849042849075
0.039435885718187014,0.13845682725560163
0.0279619412660711,0.5196713734796766
0.023471727653452734,0.7371669494690664
0.022575020693813702,0.7792517861617346
0.03213056668233971,0.3384917782473867
0.017946141973936403,0.9471287517747685
0.02464694886756763,0.6801309163119669
0.025240276827833863,0.650978511794259
0.022870956533413533,0.7655543370564627
0.023588142324325878,0.731591084929119
0.045677244350806,0.05585834982845029
0.02575487752184097,0.6256903894180346
0.021214978686410424,0.8388553683105063
0.03908699808719904,0.1450942948844783
0.01713376519197579,0.9642445395463115
0.03978371480430942,0.13208724111556852
0.02266068609068833,0.775308769323304
0.022056118889320353,0.8027059026126515
0.02527182347943252,0.6494270789329917
0.04484949046951614,0.06348744899223928
0.025232777243387905,0.6513473364949203
0.022335346628313824,0.7901806309459345
0.02399475533256401,0.7119653559511965
0.04393211365555638,0.0729663656966278
0.017750894511745108,0.9516186276077978
0.033317221104784134,0.2963825456939345
0.04550931930084545,0.05733892482157635
0.03030378599457073,0.41143192382015664
0.019964928332642295,0.887093129934154
0.027815289081546624,0.5270004411887071
0.016301512770503956,0.9776062302709723
0.030092456725605954,0.42051730144804955
0.042644209218904994,0.08828061495708395
0.02278478754223523,0.7695643808357954
0.019340067610661343,0.9082317316847708
0.0399260058106686,0.12955139701620833
0.03481694579367525,0.24886130242787438
0.03428303475291783,0.2650682719968077
0.02698190016882812,0.5660066540083242
0.019980216532974736,0.8865493298354972
0.01982857524589765,0.8918883131289436
0.03191013998354031,0.34676566002141873
0.019336326391530156,0.9083517087706131
0.04294294086779493,0.08450681016823876
0.025682423841635715,0.6292466414701804
0.018012019943565827,0.9455599280950509
0.033739070922571224,0.28238432073243286
0.04353747199199365,0.07739941818111076
0.03045051249897046,0.40520340521085363
0.0344653604966928,0.2594467048254103
0.025049684398629424,0.6603509763642637
0.02574091956017463,0.626375330263049
0.03202661343113511,0.3423759070593243
0.020842227863281937,0.8539937861766984
0.03781047418546446,0.17160177500551055
0.025754009501152225,0.6257329823465921
0.032150935021128146,0.33773445481305
0.022699717267188335,0.7735061367481239
0.02752751508883272,0.5415687700528661
0.03176839521817376,0.3521619189469827
0.033395713383334025,0.29373987184816575
0.023301552771572143,0.7452775322177233
0.029578209118226617,0.4431910969099872
0.01875477898244593,0.9260030365097309
0.02441469546121533,0.6915048874885352
0.023439823577355856,0.7386912563670014
0.04156502928928729,0.10311174845930479
0.042026500917251075,0.0965338480508936
0.03006420231907614,0.42174225367158913
0.020588751751625778,0.863938180288608
0.028030626490760102,0.5162609144847292
0.03012792874928183,0.4189828582972426
0.021705798290862388,0.8180697913017962
0.04186425938996241,0.09880537939448535
0.030429755975871914,0.4060805641850916
0.025899904969282767,0.6185787644936458
0.01667321037007926,0.972144135324442
0.0477319888438148,0.04024277198784818
0.036432948074389904,0.2043879514109418
0.026424350174952815,0.5929683044575769
0.021522961695361553,0.8259190692905295
0.04249008667271825,0.09028230656493555
0.017091927400934348,0.9650151933645119
0.02305637819711287,0.7568692824161353
0.026765207216629228,0.576446111902031
0.04400269477361238,0.07219667761326976
0.05219235548326434,0.01879547474379667
0.029499383016831665,0.44673755210668276
0.03016784271713402,0.4172608234776158
0.02014321667260177,0.8806755795191439
0.03627855667751412,0.20834876547808362
0.03174858523162198,0.3529208264500474
0.03195846799525248,0.3449393743720788
0.03119973548322974,0.37441096777441224
0.02403707047043624,0.7099113154309984
0.02502559505765478,0.6615353213092464
0.041385545341746766,0.10576884708173935
0.0427387270900349,0.08707157974379179
0.026110355139704805,0.608278985466207
0.034602904536404966,0.25526578551833234
0.030705451218334012,0.3945359495855886
0.032799419111238626,0.3142565332696948
0.019204088796300922,0.9125404904037433
0.033036875306041824,0.3059644245790303
0.028028077232079895,0.5163872412712917
0.025536455157257665,0.6364166432762545
0.026005979642441945,0.6133840123285454
0.06587162115797202,0.001191624772966759
0.024181604271364676,0.7028814914323125
0.025283570614335726,0.6488493745967367
0.05324028994649532,0.015563141967294478
0.030827618425221248,0.38949353634688144
0.047189795968500925,0.04394107267436021
0.031151733564009465,0.37633323579168493
0.027141042805989113,0.5583757471814026
0.017699567173228292,0.9527592831388155
0.02928564923426802,0.45644850303441387
0.059052923973601956,0.005104510568247989
0.03558583864469578,0.22685957393420944
0.026807733491815422,0.5743931348521987
0.024321616770109356,0.6960530963579217
0.033393731849359176,0.2938063710410049
0.02249246980743369,0.7830335192419398
0.02388434604950923,0.7173152762149164
0.013717617077790178,0.9971990189740779
0.02411376342757876,0.7061837144800762
0.03304845178236926,0.3055643087993027
0.02825068930618546,0.5054293968734662
0.029893625653860112,0.42918889835513446
0.025337369371792207,0.6462037440727864
0.044141412142709946,0.0707040434726814
0.01886274337421856,0.9228782999217068
0.0342247628538751,0.2668841342467251
0.01774961790882068,0.9516471979037032
0.028735626904763945,0.48207563384735
0.038600470362322614,0.15477771873551177
0.03902463735394879,0.14630738565444001
0.01920717964195795,0.9124437429148574
0.05068328065871952,0.0245027762528566
0.030103272117364577,0.42004904701171336
0.022979966029316068,0.7604573765259262
0.02698298045470049,0.5659547478971599
0.025633772385311615,0.6316356773611054
0.025877048358875387,0.6196989043220419
0.04185335048189048,0.09895969970293339
0.026303335314779686,0.5988599809941467
0.028699555108275265,0.4837883392186353
0.025099212749730926,0.6579156765610753
0.03647248500155209,0.20338316901933107
0.01916181214623791,0.913858202726688
0.022113218804473644,0.8001637869171758
0.03332297510222476,0.2961882264469786
0.02348413887450962,0.7365735182891547
0.019856112549358484,0.8909279033348789
0.024712669108976987,0.6769071023232025
0.045475442507794006,0.0576416647430911
0.031054534705455383,0.3802467721370146
0.03209627251238184,0.3397696382711065
0.025122341818514582,0.6567783302438046
0.019179888888514074,0.9132960512799767
0.021224015225362436,0.8384811407205885
0.03470233801628414,0.25227521297526895
0.0338967274514968,0.27728110679673923
0.021938893843500784,0.8078923924951275
0.03743588885199711,0.18007270830430364
0.03571191646347083,0.2233993586834233
0.0420315334252932,0.09646409127689064
0.031256871334936265,0.37213191606930107
0.04783465628823069,0.03957388961695741
0.017758458636941643,0.9514491334317166
0.02744362108873466,0.5458622062798736
0.03616064521334228,0.2114137687339889
0.042624033650533966,0.08854051015771822
0.05180591981586158,0.020130970525415022
0.020757474862272085,0.8573514575800717
0.031006760700267533,0.3821806927497475
0.029212229179306215,0.4598163140222679
0.01910781836055464,0.9155258910877236
0.04229123877740043,0.09292096473012583
0.028121972531615635,0.5117471912671824
0.0351561466948733,0.23896295834492584
0.018239565632474086,0.9399322883608169
0.02670846288200164,0.5791885303181681
0.022332702313467054,0.7903003246378995
0.015180103395997208,0.9895846170198059
0.03338343572983238,0.2941520822876682
0.031501504223405696,0.362484200381762
0.029455560892210464,0.4487173035108352
0.033376850652908185,0.2943733459705919
0.02153600295370267,0.8253632562307396
0.01656491582469133,0.9738180188295044
0.03409273671279234,0.27103287997913944
0.018814438973560887,0.9242850474786489
0.02209775227361732,0.800853367343142
0.039590483489187644,0.13559560366009477
0.06192388262858428,0.002820608520045121
0.036238257510762206,0.2093923904960934
0.021216554697375933,0.8387901252892341
0.029049998998865456,0.4673158625859859
0.04152027396628083,0.10376906326735218
0.02137211876613182,0.8323011697033583
0.03182383462234267,0.35004424963012964
0.03759208919225221,0.17650094201896382
0.030655669478926284,0.3966035705381349
0.016231432398028295,0.9785478278948
0.022013634764231127,0.8045906610309149
0.03851199189058874,0.15659337217788272
0.02728625693630382,0.5514414587324359
0.02027971048926247,0.8756521777632285
0.025797888181814083,0.6235802966325268
0.04996799419154929,0.027709102883418654
0.03378691769897191,0.28082822271361846
0.023110203008569946,0.7543345592488244
0.027170614367770463,0.5569613583353955
0.049834395837039636,0.028347427411891484
0.023724019270105312,0.7250572503603858
0.023063511914846346,0.7565336810112423
0.04116746792915632,0.10907348487832663
0.030768620511651745,0.3919230448742115
0.025694339814030548,0.628661631873741
0.03619275707659053,0.21057559727855557
0.023062550794070907,0.7565789024640209
0.03847307326069965,0.15739741666111554
0.03682836951282259,0.1945116433041008
0.027397560677513644,0.5461460991001335
0.029341868921502312,0.4538807370002718
0.04320057640081343,0.08136210650007855
0.026954134861419732,0.5673412197226537
0.02664438443967046,0.582289476722927
0.024511298326748032,0.6867780033053641
0.041731154941611615,0.10070207879279458
0.03437161579908024,0.2623257484011115
0.031954001111294345,0.3451078860280256
0.04506408165571141,0.06142869522952343
0.031909465014930194,0.3467912154931135
0.01767773445934967,0.953239472901908
0.03718587185392924,0.18590863196213903
0.030231808060922516,0.41451118498224276
0.0500442707819595,0.02735037840581126
0.024323193784886454,0.6959760920519708
0.021345825217860104,0.833404669165281
0.017362108168389012,0.9598486609553766
0.014675236876186923,0.9930670919621506
0.036545513419696474,0.20153739097701212
0.02189782734195722,0.8096987628550868
0.0316244178267151,0.35770410692819243
0.05035459839288514,0.025932871466273905
0.021775162447323637,0.8150606680319792
0.03344777322591652,0.2919967557678014
0.037758871729440924,0.17274952425693665
0.02330435941943146,0.7451441768657535
0.022253570422149815,0.7938728878314313
0.02912530026759297,0.4638249234095302
0.030959962985524836,0.38408173586902383
0.026243488678653226,0.6017780342578603
0.03161756756126699,0.3579693307796154
0.03021373671160754,0.41528675132984966
0.04155197579416259,0.10330310475530094
0.023071821250371216,0.7561426414050599
0.039485226445022725,0.13753836909793474
0.02812213757320725,0.5117390586627717
0.020173758463545854,0.8795597497671483
0.048981486880550484,0.03273686989054985
0.03318858002131442,0.30075149740912327
0.03085430198542527,0.38839815949185874
0.0402777945753956,0.12345243220827494
0.027955778502274153,0.5199780671756166
0.02093848584994709,0.8501415788415918
0.026356000923204337,0.5962944230471662
0.01956282700159584,0.9009443175395977
0.029927535818797923,0.42770150094383597
0.03365265596774747,0.2852110025871377
0.040908482475436936,0.11310859453889698
0.026876058786511003,0.5710989341955627
0.029237008384030094,0.4586778524944917
0.029853938236504174,0.4309341317565581
0.034018107691847044,0.27339928709067335
0.020479607561582847,0.868127993131477
0.04353267792840196,0.07745464129448017
0.024351271905449057,0.6946047346303661
0.02729465944285203,0.5510410968493655
0.030193959769206802,0.4161366495201049
0.03595776337925771,0.2167693878199194
0.027075373010567505,0.5615207472951848
0.03643011111996214,0.2044601978536211
0.018558419653856184,0.9315044762677017
0.03792246098390743,0.16913183611711666
0.022700278750714564,0.773480177589052
0.027561485812286568,0.5398361964880725
0.04088985079528468,0.11340357642681234
0.0285421195744312,0.491309501002436
0.029908398854429308,0.42854047460682293
0.013062008930271318,0.9986699297644079
0.05086208291571048,0.023754535615295846
0.02630276382968183,0.5988878326784267
0.01792913897820758,0.9475292478622966
0.0180374489897398,0.9449470876220304
0.018586067284816266,0.9307441326141173
0.039084215812791534,0.1451482438951335
0.025869536597216747,0.6200670927709262
0.0323493286205738,0.33042154778575095
0.03026372735285203,0.41314372285158923
0.02413990790529935,0.7049116287844674
0.032677473527273626,0.3185781378166877
0.0269361241416467,0.5682074170022915
0.030585361285784124,0.3995364627740316
0.017948116816694393,0.94708211802302
0.01922875107388644,0.9117669788455167
0.027896236914510597,0.5229470478984724
0.020788825601812944,0.8561131959115124
0.016300605403615887,0.9776185974135989
0.019549394206342385,0.9013917036078872
0.03664176267025043,0.19912475017315082
0.02597013577122631,0.6151386750500456
0.03298542776806457,0.3077472462774517
0.03546134132904777,0.23031676783753535
0.04135806385945062,0.10618065805589078
0.028193133843332607,0.50824822987315
0.058431116820861995,0.00578279962583778
0.03911070063377359,0.1446353541217783
0.021267820391494552,0.8366623721536366
0.025331517517832525,0.6464915069724227
0.04131580694764164,0.10681647354262093
0.03583206246706083,0.22013997822388856
0.017687235249258082,0.9530308788824692
0.04342059833738099,0.07875522338550088
0.03688640604212623,0.19309415927824947
0.02777715793638036,0.5289166104420058
0.03197980844079029,0.3441351257374292
0.025904679542198217,0.6183448096309265
0.028326225170575037,0.5017450836086235
0.03097149372564334,0.3836127169970744
0.01895324652801586,0.9202048533633111
0.01728304342541853,0.9614071902731247
0.031032979605491173,0.38111848757961375
0.03422240796246828,0.26695771316817407
0.04255213014105874,0.0894719769763786
0.03467472692893203,0.25310297023415645
0.02973044183661211,0.43639538629815083
0.02417718398768165,0.7030967863151157
0.024197618333527293,0.7021013576409856
0.021223290296669972,0.8385111742080262
0.027923136747709076,0.5216044007281314
0.022155266258816808,0.7982853640649106
0.023616388589571186,0.7302350364281253
0.03201264868649373,0.3429001120627467
0.026931914937400714,0.5684099077803247
0.03105115722735252,0.3803832695078635
0.02713507440803692,0.5586613505397208
0.028994895456272096,0.46988133464311854
0.031341768824489025,0.36876352841471804
0.019643453008371836,0.8982378836222045
0.03163912735572261,0.35713506460883343
0.031027949289887224,0.3813221205425204
0.021309731368678086,0.8349150497241391
0.031949420746706814,0.34528073983655144
0.025768831326859865,0.6250057327294075
0.044593160862238745,0.06602368035318833
0.04032418522891701,0.12266602438063558
0.019971779337688345,0.8868495924971816
0.046899725672270964,0.046038324041743045
0.022468767761944786,0.7841159927631552
0.0247702321039473,0.6740818700327607
0.026165651191031203,0.6055773357297576
0.02562504271399524,0.6320644318649503
0.016760894894560396,0.9707382119022622
0.02799478057109306,0.5180390241832012
0.0216410237825706,0.820864458073051
0.02179340672025576,0.8142664240184206
0.029876678316829608,0.42993356421891427
0.026557735793666493,0.5864892604516942
0.022634075151354238,0.7765356093315186
0.01939360491002695,0.9065060496126696
0.04856155784060956,0.035109508314036045
0.02534920114135808,0.6456219304433128
0.01954353298006048,0.9015865980463071
0.030084603658076747,0.4208575235845659
0.03522815833347398,0.23690082000171644
0.02605031283221726,0.6112148308103231
0.023424457124734732,0.7394248297975816
0.030049926063988208,0.4223621117650931
0.023068348493116897,0.7563060875521781
0.02470146259640077,0.6774569625814495
0.023319767033266214,0.7444118454363108
0.023478924391971856,0.7368228744677137
0.02333849079412431,0.7435213250293784
0.036744181908447415,0.19658234882853695
0.020259908006491134,0.8763867999720493
0.024614038876680316,0.6817444806669567
0.03281541830112683,0.31369273037720874
0.049283373591978874,0.031119325377287555
0.02852229291125008,0.4922619883786993
0.023533917325827547,0.734190923048353
0.02624596954586289,0.6016570151576353
0.025335871966754853,0.6462773781626685
0.02156390365485461,0.8241720184275134
0.02286081008581392,0.7660274081405172
0.019405304978705407,0.9061267347839979
0.019980637025442644,0.8865343555576884
0.04928478893349514,0.03111191043479238
0.019732016602835967,0.8952235671372026
0.02788521328792226,0.5234978939625403
0.027110078458224107,0.5598579735823139
0.026537068663347485,0.5874920593076002
0.018447157297800054,0.9345167755763084
0.04007305393547589,0.12697271367233057
0.03688929307341693,0.19302385896105018
0.05351322431963601,0.014807602437891285
0.03151515010181327,0.3619512957717161
0.029968452155481495,0.42591143444337515
0.02293529962970481,0.7625490078468823
0.020576316494327784,0.8644183954445023
0.03182269977839347,0.350087507084656
0.03675478714569491,0.19632055110017393
0.04361554980016902,0.07650471387582337
0.05635102011390963,0.008694205612908209
0.04064091463849684,0.11740608443520904
0.022147315414457025,0.7986409740243389
0.029335421996384503,0.4541747056651088
0.027118421618166355,0.5594584743765145
0.047816146836129614,0.03969375790591015
0.03305101755852691,0.3054756803088221
0.04753885194092966,0.041527811986061494
0.023159355285009897,0.75201478975609
0.051515423182745046,0.02118991818229983
0.017139038527352435,0.9641466435638871
0.03072491431175539,0.3937296059699857
0.026489554069530852,0.5897990624892887
0.01740802969365296,0.9589256553875575
0.04068290058578361,0.11672297276437549
0.02538696019162412,0.6437652720247118
0.022299708536331897,0.7917920918168622
0.03249965011918943,0.32495724193400255
0.04552910203058713,0.0571627689627346
0.02935110922696238,0.4534596149359588
0.0236468781854684,0.7287699630788981
0.02557502050257754,0.6345217002400166
0.036453652742185816,0.20386128551730306
0.015983554918108323,0.98166121482442
0.020679752763839154,0.8604019563075755
0.03473838049375755,0.25119778062153614
0.0223053009664842,0.7915394578682434
0.022683826218295677,0.7742405094730149
0.03022966539983113,0.4146030897013679
0.019666766060448038,0.8974485961383493
0.029935656786162168,0.4273458094698352
0.02551518952705789,0.637461708765951
0.021915459337944032,0.808923876164192
0.031093448434778903,0.3786765812214208
0.030945109402903404,0.3846865017625199
0.01792706709992327,0.9475779259630818
0.03299145159055039,0.3075381089970622
0.02042320845193378,0.8702706620671786
0.019989379152784148,0.8862228265097326
0.026710557683563785,0.5790872288378992
0.025622853732135076,0.6321719466561958
0.03760624597714024,0.17618002409223574
0.03993114040334611,0.1294606395302109
0.018261029776324267,0.9393847581092263
0.06223516543783392,0.0026404415966627174
0.03000258047519988,0.4244222222041773
0.021055448447420633,0.8454065980507909
0.026644512499791814,0.5822832753024895
0.01864117772576457,0.9292145466731803
0.04301259962814427,0.08364662350752897
0.02043397410338388,0.8698628515937896
0.020638151212004074,0.8620233443566909
0.022409938720670985,0.7867961342108285
0.019226444027065165,0.9118394876067891
0.026661474051969947,0.58146204532567
0.02056677257556888,0.8647864605913742
0.018832910220542787,0.9237487793463649
0.03341936229319031,0.2929470859498652
0.022188702568106067,0.7967877908019345
0.021704879468501553,0.8181095378815769
0.020432681652916285,0.8699118402622987
0.050713233628513876,0.024375992657798502
0.024512797418060894,0.686704603515613
0.027056721226076164,0.5624150056101729
0.02789741431097703,0.5228882353746778
0.021276277175171665,0.8363103623579617
0.02176856248669254,0.8153477066635832
0.045545622387211715,0.05701601945924963
0.03014298998203202,0.4183324946701834
0.01652640569812963,0.9743967583326819
0.018087090073605372,0.943739074288475
0.038028200483064545,0.16682578519294108
0.030116034790131696,0.41949694050518516
0.031044363969777666,0.3806579158092563
0.03031615359825257,0.41090440822612045
0.04845089496194949,0.035759318973698044
0.021741817264305796,0.8165093330236801
0.018427048734844464,0.9350530415813607
0.05309376833654145,0.015982848276862135
0.03779377225298797,0.17197259538037826
0.03314205168157802,0.30234332423971594
0.015536528679738093,0.9864585868570191
0.02743795362060264,0.5461530025477396
0.023717517434088814,0.7253704983003944
0.026253768868101435,0.601276587146511
0.019630529320799006,0.8986741335018505
0.02101208926732792,0.8471687422717589
0.03631358681628796,0.20744488690271531
0.02820807443598569,0.507515542781054
0.06009659957613134,0.004127808784882555
0.024061176789645755,0.708740301101306
0.043093900050593215,0.08265201723514816
0.030895773224906775,0.38669999036004366
0.030317841521674493,0.41083244908856964
0.024485693366824157,0.6880314780934234
0.025972720876782596,0.6150121017320891
0.018095958557940994,0.9435216370477859
0.03619516742092632,0.21051278781767355
0.0228050119988783,0.7686247414266494
0.040989245101433425,0.11183725516788844
0.035866580740447185,0.2192103814285093
0.024308787014994504,0.6966794888373662
0.029954679949085294,0.42651339392838866
0.03459852265100599,0.2553981903273986
0.021345878063539436,0.8334024540284746
0.019606577415507087,0.89948020117585
0.025571982010924033,0.6346709849435268
0.025981602633133427,0.6145772575352969
0.032789312536561754,0.3146130643925092
0.05597315483029136,0.009347843594324034
0.025028255201828137,0.6614045406849676
0.026817193510032644,0.5739367200303046
0.03390290503927346,0.27708255456410447
0.042530019900169636,0.08976004915322298
0.030671330213092984,0.39595231646932705
0.03500271761903384,0.24340230984482897
0.023697508225690028,0.7263341422338616
0.05694137018484091,0.007755712205661668
0.02502993881449267,0.6613217686610788
0.03589434896042287,0.2184647739889069
0.02198983424971479,0.8056440256584297
0.016656658029504,0.9724044358454456
0.026406716200046754,0.5938260531008049
0.04138503595704057,0.10577646815801434
0.023790582277340544,0.7218470600566553
0.019929597088106044,0.8883451373454797
0.04331956234885648,0.07994342816926615
0.030445761801001947,0.4054040521378288
0.03034124593417295,0.4098355661500164
0.038425603032263056,0.15838261885001195
0.02912070982013404,0.4640372427596773
0.026072918413108548,0.6101092296183296
0.04400843626775697,0.07213437092630105
0.03250117757023546,0.32490205594599614
0.028972977413953965,0.4709043377072699
0.01629164314397835,0.9777405018807673
0.032134316588914635,0.33835225991105145
0.03140522293471448,0.3662599850605251
0.022096868634660205,0.8008927422829841
0.016662396837131235,0.9723143706192391
0.04452541167349916,0.06670828833810002
0.0299634651233599,0.42612934263659896
0.030511582840011542,0.40263015613333797
0.03208289062443559,0.34026920854003156
0.03785177647447846,0.17068750507892888
0.03161532655510679,0.35805612677792986
0.027078644310218114,0.561363950439097
0.027618620232763513,0.5369299655357195
0.025242288118303535,0.6508795979273982
0.02849709027257674,0.4934744546544557
0.038098250207663,0.16531195978668042
0.024332643953401845,0.6955146071155972
0.02818312026606995,0.5087396716539498
0.018707512037427154,0.9273488219771204
0.034506357598500625,0.25819514438230595
0.024717854255865424,0.6766526685446457
0.03435794139175552,0.26274771508658684
0.030760464228167694,0.3922597416824976
0.027266617863560882,0.5523775993869122
0.03817068105048016,0.16375824258295293
0.030121822553985655,0.41924672751434866
0.014500850941008725,0.9940394410585652
0.0324719074355343,0.3259607525469467
0.021227686708698235,0.8383290000167832
0.0176118847166839,0.954669705583286
0.025978263319821338,0.6147407425301891
0.019231938402444193,0.9116667525409051
0.029542307438800736,0.4448040064069013
0.026225560190200392,0.6026527411314468
0.01703518857728803,0.9660432328230558
0.026760601590508526,0.5766685697415234
0.03674425339680126,0.19658058317216592
0.02088754569570661,0.8521852660092513
0.01711414523322563,0.9646072744389339
0.023127302756620338,0.7535280708237246
0.019228640267963282,0.91177046210108
0.03892026658073411,0.14835602748527274
0.02899909589022187,0.46968544975797355
0.01976968969187709,0.8939283147482124
0.0300760471617052,0.4212284334130723
0.03270430154857007,0.3176236937804607
0.021743600580931333,0.8164319557350175
0.025611295622479324,0.6327396634193637
0.03005752230385486,0.42203221513835504
0.03345828866864331,0.29164559897134235
0.031219187947709504,0.37363394543245587
0.016415906721896523,0.9760097989131957
0.02040229003141833,0.871061453899421
0.04824150251235748,0.03701772727701653
0.02615655034596781,0.6060218390684571
0.04086958136155039,0.11372520870507494
0.025469058185146998,0.6397291074024845
0.03131910663352894,0.3696605648370836
0.02603688932619952,0.6118715036239791
0.014576003222815131,0.993633892630282
0.03954775323798371,0.13638158016926227
0.0359542610139601,0.21686275691938736
0.021326256401681287,0.8342241821320925
0.013111139956313078,0.9985878501241832
0.04177429407924976,0.10008406590641654
0.021913267167160466,0.8090202732231233
0.027215470176454676,0.5548181412130543
0.028607591079441663,0.4881726355092595
0.029749544752933094,0.4355475926208746
0.026231713085192232,0.6023525224624222
0.018562701624693423,0.9313870240132373
0.03956652993414711,0.13603574789263437
0.030817791364283142,0.38989748318186196
0.02643082248703066,0.5926535475887142
0.02263466811900461,0.776508291191938
0.03438482757233585,0.2619185430438428
0.03884267745596881,0.14989394846538953
0.04579776406798858,0.054816117065761116
0.021607350569987693,0.8223113158082361
0.026803539953983824,0.5745954911996689
0.024385027555657635,0.6929552846102578
0.01534094994940327,0.9882467544121946
0.03287142759908945,0.31172480964110655
0.040184992731343294,0.125038007773188
0.029511920666128788,0.44617221117153844
0.015564786666958902,0.9861850888476003
0.02799644389109668,0.5179564312263363
0.034430275252255615,0.2605214205892385
0.026305212773579723,0.5987684836962939
0.018352378353791388,0.9370224860296166
0.02329379233864204,0.7456461880649938
0.021639725980038937,0.8209202975718067
0.01848845338056193,0.9334076369468655
0.02831109231876794,0.502481822649353
0.03709284127231516,0.18811789749417915
0.01708361066131736,0.9651671119743921
0.022016618738853078,0.8044584679913008
0.03341815530687631,0.29298750957410813
0.028486035601693382,0.4940068854605975
0.019420453405214866,0.905634464866155
0.021390451969460766,0.8315301585847864
0.0246496567602999,0.6799981250117151
0.024513076814011325,0.6866909233389595
0.02614846798696846,0.606416646020628
0.028395328644072237,0.498389567534906
0.030889679539121973,0.38694919115196325
0.025423112026643546,0.6419878144832503
0.026005572612505357,0.6134039334203678
0.01859505361794178,0.9304959873602614
0.03850849675158663,0.15666544530468704
0.019246309220386504,0.9112141252385408
0.024974142407472366,0.6640646359745993
0.02667325523843922,0.5808918073456041
0.01850304321437901,0.9330132648550932
0.017621518668158143,0.9544621538006282
0.030833828442112243,0.38923841998448705
0.017386915691076088,0.9593516655521056
0.03396771288423933,0.2750059792276571
0.026720918422161954,0.5785862671803907
0.05106199564204805,0.022942012760710877
0.04523912821137477,0.059791915923490424
0.019911281193981556,0.8889915803295692
0.021269114382366006,0.8366085289250107
0.023374434352603557,0.741810082765245
0.03522235258416839,0.23706656804351972
0.03044262567526526,0.40553654457058014
0.049605599978713055,0.029470774384551465
0.02230149781254498,0.7917112723745683
0.018688833338891597,0.9278768953004968
0.036985152416691425,0.19070105047242547
0.04320619870728559,0.08129459638410148
0.02944332256381299,0.44927123534705504
0.02783916046981816,0.5258030651850427
0.02283188898822819,0.7673745457814186
0.02562078120105349,0.6322737431912617
0.02884352010832658,0.47697631501050364
0.025839353617622685,0.6215467882589647
0.027540692161286795,0.5408963064831651
0.042723387752015285,0.08726684348672394
0.032543371144955535,0.3233803089252249
0.03717145361307456,0.18624968525855093
0.030105952705020533,0.4199330452630025
0.027960529704270043,0.5197416106678965
0.02030653497572682,0.874653933153673
0.024259809876871596,0.6990694833945763
0.03561848716271898,0.2259595970760413
0.01524018334266114,0.9890985433239019
0.02213295019859965,0.7992829840872719
0.027291987031812015,0.5511684210556074
0.03237900524104198,0.32933755492423733
0.031290518195174144,0.37079436836747576
0.028497145119267375,0.4934718139695372
0.028991396348904186,0.470044554380597
0.024649420670672884,0.6800097026634988
0.026394734018862498,0.5944090418828407
0.029982928844895507,0.4252793031259899
0.022845125361841037,0.7667582364537728
0.019354826595021024,0.907757641780135
0.03571271750546623,0.22337750496087339
0.025923158089590892,0.617439470443175
0.010622393427804744,0.9999790212640792
0.03525677981459685,0.23608500306266514
0.02114181699947071,0.8418729054280736
0.0403511432293317,0.12221092796676065
0.04147941183797027,0.10437223593480448
0.026337554559182075,0.5971927635498666
0.027183820025428518,0.5563301120991899
0.035918213209105376,0.21782556217469798
0.028238262674946904,0.5060371593575058
0.01743342628498218,0.9584095653072536
0.03523897388368846,0.23659228396525603
0.018877632403436928,0.9224418592860384
0.035827619833229574,0.22025984196054346
0.017575947225822564,0.9554388154338961
0.030984504228723397,0.38308398751307704
0.02088416152627831,0.8523206333749902
0.026346029198636434,0.5967800125422585
0.015116609056381902,0.990080996175538
0.025999456275465904,0.613703294490982
0.041708792054655386,0.10102369865995561
0.024330166803958164,0.6956355818256719
0.02396111722823585,0.7135967908201822
0.02587714373808786,0.6196942294981198
0.028526957386106333,0.49203779682924564
0.041926179014969145,0.09793324411296263
0.024471153455452033,0.6887430840222807
0.02372577315216573,0.724972741201547
0.02731016515612547,0.5503025391319312
0.027134748205059123,0.5586769615362788
0.021763579643365727,0.8155643152884455
0.017151723203972846,0.9639104623421579
0.022561342524460237,0.7798796291177109
0.017554424556711856,0.9558955648686799
0.045219777146392914,0.05997100111072942
0.030091138492664524,0.42057439882332914
0.021984841400893518,0.8058647682013259
0.02645620629655565,0.5914194578859473
0.020076892734795793,0.8830822105131331
0.03812688600786851,0.16469628946104062
0.024129125277740304,0.7054363492714829
0.02810515254340018,0.5125764435244446
0.014772970104660943,0.9924728384813029
0.027712666749341253,0.5321673043059827
0.015299262729937452,0.988604754067899
0.0616824033388636,0.002968122185684078
0.02405962622672897,0.7088156412618872
0.02338785964725265,0.7411703396927645
0.028746698911408686,0.48155071941195227
0.03426343698161949,0.2656779352125611
0.043674092968032485,0.07583961737765575
0.04174100528638447,0.10056068320155959
0.0364415640459409,0.20416865753384933
0.05677671520644234,0.008007739025696558
0.027308068705120758,0.5504023763257155
0.03893421561843258,0.14808089487178858
0.02638119270016559,0.5950680380053252
0.03358042214372553,0.28758990109619287
0.017970259579395798,0.9465575677941688
0.029276845295012732,0.45685148075469084
0.03312925661542665,0.3027821528008834
0.029172428162057118,0.4616488396323053
0.02187793775820568,0.8105716244027767
0.033357997708662934,0.29500749947247545
0.027884054519702356,0.5235558182484655
0.02582015004554622,0.6224884533992117
0.03899806078504586,0.14682686058340752
0.027387844307648457,0.5466076626438496
0.02579261453144062,0.6238389777180602
0.023056739873713483,0.7568522700864218
0.04088353412103418,0.11350372780220966
0.0182109390301413,0.940658058883622
0.020936129128351577,0.8502363792596956
0.05640736285008052,0.008600379682443973
0.02560876093377218,0.6328641689396586
0.04583053161773443,0.05453566006449678
0.017204255945891034,0.9629218114663819
0.059808200362542474,0.004378933149219831
0.03664788591395096,0.1989720297953341
0.026658467071283942,0.581607613321822
0.03328397087339541,0.29750728781110575
0.04645553233373123,0.04941806423266308
0.02550308071898677,0.6380568237665815
0.025539554641542672,0.6362643331892226
0.02320346117858718,0.749929160796032
0.024391937581238185,0.6926175258868532
0.03803005934115222,0.16678547142821334
0.026774855415999332,0.5759801660091637
0.012497193376498295,0.9993667470605332
0.021946856251532615,0.8075415116666436
0.036123317198689775,0.21239134690972308
0.028854943923805165,0.4764384582083835
0.02100056455863597,0.8476357646727639
0.03814329026119423,0.16434442443054884
0.017589881450306544,0.9551415628455342
0.0249316185954348,0.666154610817226
0.02079993257579993,0.8556734393888218
0.01892050766877751,0.9211776218493388
0.03638766699263596,0.20554346997098688
0.026426469500350325,0.5928652348844131
0.03608436548628302,0.21341518815181562
0.01817412679540531,0.9415838483258019
0.03343328772968057,0.2924810022836232
0.021565489740298927,0.8241042130261627
0.04507441772725651,0.061330992477331356
0.02251354386935933,0.7820698041217886
0.028305911380765547,0.5027342137808042
0.03491504816095947,0.24596703530137112
0.035424191210959854,0.23135620270595159
0.023884115039664033,0.7173264548202862
0.024974651639578793,0.6640396056266465
0.02011789492888627,0.8815970767635908
0.02732870622900152,0.5494198433913824
0.0405487699836421,0.11891682264669852
0.019538326438263254,0.9017595617185943
0.016585947536396417,0.9734983062281741
0.03853592476326573,0.15610056888182774
0.036380468934954974,0.20572762423050042
0.0282806914220044,0.5039639668468662
0.016414819620146792,0.9760253200103219
0.019269339135044083,0.910486268312526
0.02328817805549585,0.7459128239294256
0.022166368942701187,0.7977884630269081
0.03437162787113124,0.2623253761059257
0.033577938973121724,0.2876719410945106
0.026602811414921823,0.5843035583719054
0.016750566582000914,0.970906183192185
0.032795019615903864,0.3144116986647932
0.021511579285126203,0.8264036640224172
0.033292938429348606,0.2972036364118641
0.02037700508443363,0.8720144630990765
0.04014353853326308,0.1257516503368717
0.037063649053151404,0.18881539653631357
0.035616059540850564,0.22602642118247793
0.021511549487916892,0.8264049319725755
0.030548329733489643,0.40108722359668325
0.016607230831750863,0.9731721408740669
0.038999053479486206,0.1468074302601568
0.022211601528845937,0.7957602317223968
0.028421561001231888,0.49711954981574635
0.02355901192788007,0.732988315585322
0.029056917247873792,0.4669944179286734
0.024038266353945972,0.7098532373918822
0.0284924920729257,0.49369587489453093
0.029900503054020047,0.4288869539003082
0.022513029705464704,0.7820933308442923
0.025829871177243835,0.6220117470832118
0.028115584589105097,0.5120620269620261
0.018922350573938762,0.9211230340666099
0.04789873381233167,0.03916135529260759
0.030501611777584703,0.40304952551658985
0.027230379754849043,0.5541063557261358
0.033222369383931,0.29959936799114184
0.019334070633101275,0.9084240097563114
0.02502628536189211,0.6615013840060269
0.03176116540976648,0.3524387533904578
0.02719684211400819,0.5557078672616355
0.04520553545686745,0.06010309493367272
0.03379413972169809,0.2805939003447156
0.0495077508614673,0.029963051950862244
0.028503254870848038,0.4931777066852439
0.043514852117939984,0.07766027039523948
0.030365305689448396,0.4088124966618472
0.03083620589633196,0.3891407814880823
0.023401115604570893,0.7405383622421015
0.02752118143326343,0.5418921780596972
0.01964527450287118,0.8981763232140927
0.04259548395657309,0.0889093753642525
0.03179550051767552,0.35112541627983757
0.03122545728477144,0.37338376011214786
0.023658115090340326,0.7282296701481203
0.0436708700582884,0.07587610436550461
0.02827809653340807,0.5040906051326033
0.024381070075773725,0.6931487085440446
0.014925025511082657,0.9914741926424888
0.025734231824457665,0.6267035366284
0.020576223297778806,0.8644219916859336
0.04216033250212925,0.09469304913009634
0.024227252379466324,0.7006571058296447
0.032687471446348204,0.31822220432933374
0.026405112193852942,0.5939040882798892
0.021544351220692926,0.8250071242813419
0.03364535045714423,0.2854509304912443
0.029712267279621063,0.43720300690181363
0.020466824512334947,0.8686149832080916
0.0323714082111394,0.3296148053181599
0.018917771947792206,0.9212586177672522
0.02762842903522511,0.5364320022615592
0.022704305851925066,0.7732939693650608
0.024432142519290045,0.6906516479022503
0.023213766432072735,0.7494413190989576
0.03306653047320926,0.3049402261775715
0.04547348778543692,0.05765917492966401
0.031077154200202906,0.37933351007214516
0.04454958288476207,0.06646334593876765
0.037931134479382955,0.16894172564582843
0.02770209937577528,0.5327011382511488
0.026387555381790273,0.5947583749450427
0.02212185113809917,0.7997785899069846
0.03147948337291506,0.3633453374557438
0.03679165326340783,0.1954126123665317
0.036262104960681496,0.20877432425874815
0.022658249093528926,0.7754211954858106
0.024644737159116276,0.6802393727270339
0.027836755063328944,0.5259236419246923
0.027665556427539317,0.5345497506197787
0.038730143580189225,0.152147351903222
0.021614183826101308,0.8220180397264752
0.01791001582970775,0.9479775181439071
0.02284987358489801,0.7665370527157057
0.023509662470043824,0.7353523499507315
0.04597005894091333,0.053355235922623
0.04072434480677911,0.11605188957847982
0.032512305207192393,0.3245002253453523
0.02379039203468014,0.7218562434443088
0.022152187556742864,0.79842308513539
0.017958273118788573,0.9468419020376198
0.022111509210911207,0.8002400461116457
0.023780367698008287,0.7223400707943394
0.03316283120219621,0.30163165180136947
0.03427783963002384,0.26522978342762527
0.03694484478909377,0.1916750672889331
0.02242451019095293,0.7861331676434302
0.023877824756081356,0.7176308177511482
0.031187640742992517,0.3748946592842665
0.022106448980410587,0.800465712943041
0.03531056259616566,0.2345578193189562
0.029487571200424,0.44727060060563884
0.027252466954557186,0.5530524623956375
0.039163120869605494,0.14362453954880516
0.0275622847062148,0.5397954925983933
0.01978286858968803,0.8934733828068085
0.05829932370844182,0.005936751882060062
0.032094117723444116,0.3398500448916636
0.02219931600321995,0.7963117228091583
0.041517179832205264,0.1038146347272177
0.020704451909533517,0.8594355437599088
0.024614155675839217,0.6817387550357854
0.023355723444717813,0.7427011752932147
0.04300201673563153,0.08377683014475028
0.014471955037862472,0.9941900765836373
0.02387229849767858,0.7178981725538038
0.023695249088296344,0.726442907261295
0.017951613679226763,0.9469994834900866
0.019187601067474913,0.9130556357854612
0.04741345245425088,0.04238116315448739
0.02735453220059786,0.5481911361649405
0.025352617192562876,0.6454539525888854
0.043903368814764976,0.07328181854629723
0.03744247322990446,0.17992099890545352
0.029112466665229486,0.46441866910441687
0.03732754330487098,0.1825836569269804
0.024381908239394456,0.6931077438145616
0.04378236217721601,0.07462249454549193
0.026358087673817088,0.5961928157444846
0.024242926794172587,0.6998928789116345
0.01869013143733589,0.9278402649459002
0.030231344584518816,0.4145310636018464
0.025818892342327315,0.6225501320276371
0.026939512010313083,0.5680444532347024
0.029622263228531676,0.4412172782680618
0.03201465468991893,0.3428247758808624
0.020980973996891805,0.8484283364066881
0.02297984208091225,0.7604631867318373
0.02801468594167955,0.5170511576668546
0.0340349288832516,0.2728645593410578
0.020307487301068072,0.8746184275106835
0.024024235832174612,0.7105345329478847
0.02207491367789563,0.8018702740253943
0.024995027053081098,0.6630380469945467
0.05209005306211778,0.01914110074491029
0.019980930107687533,0.8865239179716274
0.02899637365450497,0.46981239359860133
0.018157548985739236,0.9419980010533552
0.03881017311549606,0.15054203979109704
0.03156703807522397,0.35993000533868513
0.02645626108886659,0.591416794658526
0.03268370481813895,0.3183562651506886
0.02036776588592326,0.8723619138559225
0.040699180484920494,0.11645898114513245
0.026481998097932752,0.5901661246746821
0.03362398194534094,0.28615357687306175
0.029893141735751527,0.4292101496324567
0.045266736535525265,0.059537207433314365
0.020998210308456833,0.8477310972987485
0.02412457659254097,0.7056576702848685
0.023143596779100162,0.7527590420194633
0.020882460460215246,0.8523886572496656
0.01871045108690969,0.9272655374111327
0.034316650473869115,0.26402497935897884
0.03930027414813064,0.14100687716115767
0.02857025274534053,0.48996000021760594
0.024097776758253198,0.7069612292504965
0.03703347343771557,0.18953853245846075
0.027029661240128733,0.5637131709215326
0.024647606090319463,0.6800986873541085
0.029599863320960207,0.4422201570184959
0.04317825205556358,0.08163063408891508
0.0368242798206212,0.19461183731883552
0.028610254279356817,0.48804531059077705
0.027362621236879714,0.5478064827681113
0.028409705885513836,0.4976932484006208
0.03346950353195527,0.2912714299867881
0.03865546190761343,0.1536578048115394
0.029160659348612117,0.46219162188951185
0.034397978900472914,0.26151367411752685
0.028589539812014397,0.48903621343500625
0.019774933014738358,0.8937474296523102
0.02450480212727507,0.6870960596750078
0.03662087445477624,0.19964641578574413
0.02460620767056193,0.6821283591139176
0.03480867475530092,0.24910649694960443
0.02828613085409515,0.5036985721538613
0.03425444219712048,0.2659581050536022
0.029636618042199747,0.440575391464008
0.026299421388172983,0.599050733866443
0.018463421158084914,0.9340812142597452
0.024414588787691205,0.6915101036464341
0.029075623647760174,0.46612598351674056
0.02566544971818696,0.6300800662213879
0.018432377741706488,0.9349111682409147
0.03615060066052739,0.21167647954617128
0.031160106932887705,0.37599742192101515
0.045705782074681234,0.05561003282482904
0.021870529001509043,0.8108964223672976
0.025977107235874763,0.614797343197587
0.017151221145040085,0.9639198291489194
0.02241089496000548,0.7867526455922164
0.030177614665947927,0.4168399610336488
0.026422300153290168,0.5930680073134755
0.022285280762924242,0.7924434389344045
0.022405640268285065,0.7869915914492914
0.032248811717303066,0.3341122476621885
0.029381803307219123,0.4520626081192257
0.02948222246867227,0.44751211964772863
0.045171656929465676,0.06041832601107111
0.03371175822165229,0.28327547172870304
0.03577528798248447,0.22167557330157275
0.018738005197538682,0.9264821742263796
0.03576481854185576,0.22195964464851575
0.02595139834843138,0.6160562194631383
0.024262825250261855,0.6989223965960272
0.03729262561924929,0.18339876212378708
0.03612506598273374,0.21234546997891657
0.02900390871807329,0.469461071960686
0.01832100045191626,0.9378397655055439
0.05036813727742595,0.025872536266960726
0.043453160070742514,0.07837548515246724
0.031238257321807184,0.3728733246449883
0.036445052103988684,0.20407993166356772
0.042886366819163524,0.08521088771468188
0.02962982154258953,0.4408792243541292
0.020831793929877496,0.8544088869535067
0.01970469007080078,0.896158239865772
0.04356134421534008,0.07712492825545293
0.01803420197261074,0.9450255662597904
0.021480734040969077,0.8277144252324966
0.028182057001779393,0.5087918717581438
0.02155260878251508,0.8246546073528142
0.04444366806591393,0.0675423603841688
0.03067936664704901,0.3956184072056032
0.0272197939145995,0.554611694478179
0.027068191437289224,0.5618650152491831
0.04116174850522569,0.1091612917780491
0.03914710889710715,0.14393268819887
0.02230692475810192,0.7914660873970444
0.0392726328033447,0.1415312934768237
0.020484561010698316,0.8679390724250542
0.02464433581683001,0.6802590532454176
0.02638593994273508,0.5948369929046503
0.041684861733652656,0.10136880762241321
0.02715905029751975,0.5575143237751033
0.019571922735297113,0.9006408063902749
0.03686338466796746,0.19365545876091
0.04592655610251406,0.05372089206890204
0.024663999881899046,0.6792946983250707
0.03462529047126217,0.2545901737539089
0.03960500641480136,0.13532931127563422
0.019734803160192493,0.8951280265884944
0.038893293148032027,0.14888922588235418
0.025345021306346638,0.6458274674931963
0.04188608696297236,0.09849720296975449
0.03579039984609145,0.22126603269255563
0.02536507281294248,0.64484148133953
0.016738478802112655,0.971101964040618
0.03490207549374452,0.246348285025449
0.020066758724448297,0.8834479332629568
0.024332966469152062,0.6954988562991284
0.027565026139932836,0.5396558301365958
0.039163527570662326,0.14361671959565328
0.03641470455192963,0.20485289268463946
0.02889784753031155,0.4744219970313297
0.03990571095695772,0.12991063160866942
0.019946065721296202,0.8877623721708132
0.023261916670228477,0.7471592754578811
0.03784399460979743,0.17085946757558437
0.023871097040941036,0.7179562928676663
0.043047989308462487,0.08321244393404176
0.04647960936568146,0.049229516071588694
0.0364052869214565,0.20509322642503516
0.027147414128724567,0.5580709140711342
0.03108213395777193,0.37913265847977584
0.03393573020354029,0.2760293104158915
0.032938694751816766,0.3093732810684172
0.03444670680673778,0.2600176789859514
0.030109084360958827,0.41979755122098583
0.040071444124550715,0.12700071471649688
0.024624203387897725,0.6812461777852588
0.046875848783502316,0.04621476222263802
0.041487556746819754,0.10425177578093203
0.021524936703481545,0.8258349360006458
0.02622756913959634,0.6025547152034066
0.03593628907152094,0.21734235881552114
0.03293735977679646,0.3094198225738385
0.021003499069733866,0.8475169017789184
0.058413308940650166,0.005803386164761923
0.022909612942456747,0.7637498836817065
0.020694132573046864,0.8598396536198781
0.03520889229306501,0.23745118661661554
0.017597252432886235,0.9549838302003211
0.01787182526568365,0.9488658924678626
0.030566760065228155,0.4003149039370794
0.028492223255748073,0.49370882140562217
0.03092746875420438,0.3854056046743181
0.018135543420261135,0.942545100700096
0.031594657668312154,0.3588573532607358
0.016358546580320765,0.9768195626862888
0.021615569220259534,0.8219585593788554
0.029415631572694223,0.45052626412784647
0.014656465374667249,0.9931770967037957
0.035083251637984536,0.24106434200112478
0.021750458856543642,0.8161342748291429
0.01828663347771531,0.9387278801725935
0.013724639283270723,0.9971782738350139
0.049813474824856985,0.028448552995214125
0.030978807070623726,0.3833154498481204
0.020173243375736838,0.8795786077135512
0.038122583129674925,0.16478868422183282
0.02187740416893713,0.8105950229618274
0.02573920812441216,0.6264593187403731
0.027862050080015466,0.5246565342955432
0.02185639594757971,0.8115155006736321
0.037713159496084725,0.17377135666727678
0.03156546449386688,0.35999118624933535
0.05637763142375318,0.008649775369831494
0.028969577760898257,0.4710631435826622
0.03580061753106689,0.22098945872276787
0.028527774257611993,0.4919985417865988
0.022915716625901028,0.7634646630618446
0.02247319139457099,0.7839140799121063
0.03665909672012141,0.19869265779127754
0.030430280954012845,0.4060583628555254
0.028566129180759514,0.4901576511463114
0.021799051832441407,0.8140204381459477
0.044504693116922844,0.06691885508463061
0.0361534589711664,0.21160169588914168
0.019938815355383,0.8880191133515651
0.027989154565408847,0.5183184476676395
0.020058535655096243,0.8837443012204609
0.021795812361434463,0.8141616115479829
0.02110282773626418,0.8434719816742016
0.0319946776614618,0.3435755493861295
0.025104459181739647,0.6576576936335605
0.02681471255513601,0.5740564082889489
0.03414586112050816,0.2693577396047298
0.036089571377401264,0.21327813048456185
0.0417706713533218,0.10013584342817042
0.025814610528141935,0.6227601205658707
0.02644299634146499,0.5920616174465467
0.027962757270254213,0.519630773063738
0.017392967903569534,0.9592298352827594
0.024116602389591346,0.7060456144190538
0.024336678420576185,0.6953175685505584
0.02945812217119234,0.4486014322910622
0.03320774582823027,0.3000975936557233
0.02415895364940779,0.7039845224667406
0.028957466049992442,0.47162919502398953
0.028995320045577422,0.46986153172928347
0.03420066525914006,0.26763778738799254
0.048528182822311305,0.03530438763674627
0.022898459959931228,0.764270840354
0.02662225211095276,0.5833615025326806
0.022090210613670114,0.8011893455549228
0.023197543401542453,0.7502092116041873
0.01618833377427631,0.9791133157182587
0.027092028317846073,0.5607225824510328
0.027722315857849733,0.5316801493445588
0.01893559236244846,0.9207302075494962
0.020969235125188,0.8489024619646636
0.03334108680704989,0.2955771867176432
0.02269315749031975,0.773809358752148
0.033217164525187415,0.2997766280604329
0.01872977726708061,0.9267165776491958
0.018945678417554734,0.9204302940274286
0.02652379203467564,0.5881364744241413
0.0358320256535698,0.22014097125682822
0.023699475899286948,0.7262394037586452
0.049258498451771215,0.03124989968275757
0.020605501366507073,0.8632902072470439
0.030057646324390896,0.42202683050900935
0.04024175808554015,0.1240661676688037
0.02941200003984923,0.4506910273768662
0.04187504193947056,0.09865304376744641
0.02406174600239852,0.708712643046039
0.04034880814996733,0.12225029312733106
0.02316120255321863,0.7519275139679013
0.02521803757602903,0.6520722243168102
0.022872348734341852,0.7654894084508492
0.03737721331761468,0.18142911896799288
0.018046777902179123,0.9447212456916222
0.023826643205703768,0.72010548132022
0.02951475923409791,0.44604428222264086
0.02873691886578522,0.4820143639588882
0.019884604285804408,0.8899299235956297
0.026212248580739783,0.6033023518049173
0.029868857147191674,0.4302775201117744
0.022608963418994765,0.7776916960328465
0.022526601681842284,0.7814720801777829
0.029349969856468427,0.45351152714348497
0.027322413950047753,0.5497193496790986
0.03890203020700378,0.14871634657640034
0.02853666302088831,0.49157151943740685
0.02406161407447116,0.7087190534558281
0.02689576559424567,0.5701497929732389
0.06552706722954077,0.001287422274923629
0.018273402360511004,0.9390678416309592
0.03584750762443267,0.219723655197694
0.02341687192998615,0.7397867906889393
0.04638127816820714,0.050003488988868805
0.04659220381975898,0.04835601979627539
0.03118501291977699,0.37499980881267236
0.03600672263662347,0.2154674479932515
0.03948544353659311,0.13753433899597758
0.0473025100672681,0.043148812225963944
0.025001332164120316,0.6627281011316314
0.02488524629481581,0.6684332219997984
0.039809596369886346,0.13162300234353896
0.054771627512260945,0.01173300194509489
0.02530268808273528,0.6479092239541296
0.015376854082621016,0.9879319896998313
0.03174123951906782,0.3532025314067059
0.03234566519635679,0.33055553951030975
0.018235402237895965,0.9400381603376945
0.02905379341196576,0.4671395436772217
0.01926960855783999,0.9104777350490221
0.024859326717667773,0.6697065780435689
0.05973898481809503,0.0044412542062863625
0.04977686798112502,0.028626264790164658
0.02618803347346499,0.6044843898555572
0.021987309786501763,0.8057556466284305
0.02855784854989074,0.4905547139327274
0.019107333281509042,0.9155407958709388
0.024133416463801183,0.7052275386310014
0.03669498922740544,0.19780028683442152
0.04599185762695529,0.05317281864411897
0.03893534078297395,0.14805871995644102
0.05215831618494415,0.01890985213441049
0.029421872962818063,0.4502431847207985
0.0322011525847784,0.3358724996224277
0.04061041876034488,0.11790431379814678
0.02108796798661078,0.8440797585244818
0.016904598310219288,0.9683350236750238
0.04538639161602609,0.0584440227398994
0.024893758131955324,0.6680150166355772
0.024769177177634494,0.6741336585931341
0.029492347959539256,0.4470549820668863
0.03141116855012818,0.3660260200815
0.031190257712395142,0.37478996460670566
0.05003714924904579,0.027383696079851257
0.033891714431628195,0.27744230703357614
0.024825120649195398,0.6713867060772826
0.026063385451025656,0.6105754314278993
0.027245241388054176,0.553397158213506
0.022269881365129418,0.7931379842927562
0.035600924317782834,0.226443385418134
0.019106665367760622,0.9155613162571861
0.04783818968462017,0.039551043064487916
0.02172668937789965,0.8171652772727405
0.024646846302032288,0.680135945912073
0.023683912687445408,0.7269885842023569
0.017241862092781647,0.9622036431569738
0.02267627164401259,0.7745894108190744
0.031290453885912284,0.3707969215948576
0.01860799646160849,0.9301377184683701
0.01772609467632358,0.9521718188665108
0.019796365080923972,0.8930065111437524
0.017543310273355095,0.9561302970072718
0.017075922407039812,0.9653071743339238
0.03001527918144875,0.42386900687610346
0.025380589575934365,0.6440785111874129
0.039939353213917284,0.12931558042727428
0.0336414393003549,0.2855794424936688
0.022815712858081066,0.7681271868345056
0.02286978817920693,0.7656088226520652
0.048582966492002,0.034984998284555556
0.03449311593555904,0.2585988864454422
0.04708307895319075,0.044702797588279365
0.02918381421137292,0.461124110423627
0.03410497918274058,0.27064615462453945
0.03319396794098456,0.3005675651666168
0.03287656536440986,0.31154474389884873
0.02136725134359313,0.8325056516286082
0.014853833425751639,0.9919532196650989
0.04112151880523607,0.10978056912031646
0.04455042732750736,0.06645480254475677
0.03265472788608237,0.3193889788475073
0.023885456305607677,0.7172615498310968
0.044888493753283576,0.06310893001192047
0.028706429226972918,0.4834616493836916
0.04289674602922183,0.08508134752467594
0.04110505640615325,0.11003482055886715
0.014152390158781114,0.9956707333566586
0.028016814855522987,0.5169455739510143
0.01453027434972487,0.9938830505725786
0.04043411766784544,0.12081887160848424
0.03363805512378401,0.2856906737683285
0.029556923332296314,0.44414690449934807
0.029008124133453328,0.46926460367192274
0.03228859974620807,0.33264780647472453
0.017167762051075453,0.9636104145937558
0.034696921443270745,0.2524374352338221
0.03754101445321767,0.17766260589960686
0.017263166738006985,0.9617929159229466
0.048406350565436296,0.03602384076197893
0.03170077395767534,0.3547572364190411
0.02492427922265439,0.6665152855391556
0.023094254438186607,0.7550862247544028
0.028028802531558816,0.5163512975632999
0.026693637385436175,0.5799056011335431
0.020902312073040857,0.851594018592658
0.03154058381282765,0.36095952720359864
0.016728344321662647,0.9712654397524855
0.030945241422790537,0.38468112363287
0.028832842257633995,0.47747940752345597
0.022522927930836545,0.7816402923987413
0.04935949716281163,0.030722715448677544
0.03792771993477162,0.1690165471745663
0.02839640384965081,0.4983374715745549
0.027413805813674696,0.5453746987435013
0.04292330161817415,0.08475066836465635
0.03533999401986543,0.2337253140051685
0.020794562039794906,0.8558861434105445
0.03733599956603206,0.18238668878384884
0.02922487694062814,0.4592349896158394
0.03194700143936613,0.3453720646470911
0.016165959287709808,0.9794028357902604
0.028063621420046397,0.5146276320799317
0.035857024772024015,0.21946742459446636
0.04020256574063691,0.12473648805647682
0.01781417771999011,0.9501895513887556
0.048514233095031334,0.03538612154818788
0.026872333186644226,0.5712784211888808
0.032158185507721204,0.33746516565375817
0.03627364713021808,0.20847569062736968
0.04137286282236957,0.10595873011805876
0.03267876391540969,0.31853218274767126
0.035044810990784825,0.24217815756213826
0.042021407687072965,0.09660448938161677
0.01692044774747764,0.9680623770268886
0.015092577391712214,0.9902642920249723
0.044861926882949765,0.06336654590120135
0.03009342723509284,0.42047526858204376
0.028647697853747434,0.4862574400919998
0.04058147135655088,0.11837885370345189
0.044022670478117185,0.07198009822418462
0.03710726408390275,0.18777403908930249
0.03927148651977519,0.1415530750767636
0.02163345185040577,0.8211901637439921
0.0331451224258128,0.3022380774486167
0.022404621351301002,0.7870379156753482
0.02992239912421779,0.42792658705288716
0.02064014004708098,0.8619460138764135
0.019432231532077293,0.9052508147401945
0.026062920628261987,0.6105981646871486
0.028239994920902678,0.5059524106907426
0.024309596968212333,0.6966399480553302
0.030719483056437125,0.39395450460634046
0.04310472459004022,0.08252034789498806
0.01853451035525311,0.9321582245813841
0.040597999423338305,0.11810771404014836
0.02831362464719822,0.5023584888325268
0.023031387369597478,0.7580441292261619
0.03516631207587806,0.23867103157567146
0.044377519311580294,0.06822380081542431
0.036499006606783735,0.20271131995552216
0.03098264723471461,0.38315942216941923
0.029355908710982315,0.4532409832104935
0.03916021295531663,0.14368046229616227
0.03339452399197185,0.2937797858347281
0.027279470186928,0.5517649043843023
0.024446735519836116,0.6899378228076429
0.02224224211324137,0.7943828353505769
0.024734868896570394,0.6758176835784298
0.02313696471028348,0.7530721191599113
0.03659206571242157,0.20036764444191693
0.018715241295692908,0.9271296834170107
0.032402702172631304,0.32847382817198906
0.019298082569399466,0.9095735270012079
0.034073267433314514,0.27164874481711837
0.03147074452214138,0.3636874752361608
0.01904660688051099,0.9173957365859035
0.027495456902599136,0.5432069437581175
0.023293109513037202,0.7456786201612198
0.020471430331326423,0.8684396080897845
0.016431688933793542,0.9757837073566406
0.025830243415187193,0.6219934940959917
0.027642340173563595,0.5357262668744954
0.030441549992856698,0.4055819959521727
0.03028156914024549,0.41238070200823707
0.024032341422447923,0.710140966539162
0.025307931506073245,0.6476513688510208
0.045924573914841504,0.05373760433486486
0.05434045234624807,0.012714686795448763
0.01775360829101913,0.9515578594652292
0.029356913409860574,0.45319522483644004
0.024403725933626497,0.6920412368072377
0.028852425873993504,0.4765569792382414
0.018325228298452845,0.9377300020016536
0.019286434229258076,0.9099439932383389
0.028931961553187224,0.47282262348556786
0.03057017303720949,0.4001719964892448
0.018946970921254247,0.9203918168604648
0.024758198997595404,0.6746725748472644
0.02828155085416978,0.5039220284680528
0.027276946782887557,0.5518851819916701
0.0237424300529126,0.7241699344512351
0.030281848292750824,0.41236877144222694
0.028536287746409927,0.49158954305998565
0.022560784419601965,0.7799052364391835
0.036427101268041495,0.2045368691293228
0.021821041291095522,0.8130612057242621
0.037367183859563446,0.1816617785885373
0.029628041850091824,0.44095880745507676
0.025511250105547917,0.6376553169915911
0.04117005905871418,0.10903372406501616
0.030831685507066164,0.3893264417030139
0.03165519280946172,0.3565143021842321
0.0183572031268342,0.9368962762162107
0.03399207035567198,0.27422853246902196
0.03862430102897668,0.1542915988242493
0.046260145468977665,0.05097137275165258
0.021882967693941713,0.8103510086009049
0.033881135700158604,0.27778270965811164
0.029176752993769567,0.4614494822623688
0.02840169868347031,0.4980809766387111
0.028278129755917703,0.5040889836471696
0.04794579911967711,0.038860741839896545
0.018849772253833885,0.923257433578331
0.024384968973972132,0.6929581479053251
0.01774726500743634,0.9516998289388917
0.03126346441505323,0.3718695578154776
0.04241413017128637,0.09128271850539318
0.039133031731285656,0.14420404376778215
0.020895780460879795,0.8518556633279449
0.014828011197883684,0.9921219494220752
0.03630022839359415,0.20778921165759542
0.022057146208513678,0.8026602560254376
0.031706036185316144,0.35455478459173406
0.02314268003198705,0.7528023236698127
0.022368527549263773,0.7886770274621796
0.030017546059379535,0.42377030243427277
0.024185790802318086,0.7026775650549926
0.02471642690723841,0.6767227093279286
0.035719985248537645,0.22317930454291784
0.03952841198879925,0.13673855803520507
0.017919595208759492,0.9477532521347625
0.027175635515512053,0.5567213142815355
0.029393626452327903,0.45152525357871354
0.04060701712839182,0.11795999602955674
0.024008889231101227,0.7112794918618057
0.02671538968391718,0.5788535781784949
0.023078330634562882,0.7558362091666583
0.01607797322066795,0.980514724904039
0.017033044691102853,0.9660816925917379
0.02625864040646242,0.6010389913851393
0.026624747031808782,0.5832406311462983
0.024111020246293968,0.7063171477432408
0.02512533960894975,0.6566309136503369
0.017294572520354046,0.9611823383400081
0.01964197869808426,0.8982876969259266
0.022361495298653278,0.7889959556246594
0.021757963025277216,0.815808371307497
0.032619157792206144,0.3206599954979389
0.02810675151683717,0.5124975750390907
0.03747730202916133,0.1791201988385718
0.017645024332522463,0.9539533165211724
0.014372341511798337,0.9946874164458761
0.024261538411165184,0.6989851682233188
0.0221986803835571,0.7963402431786628
0.02049875209945118,0.8673971830281515
0.029735210832296632,0.4361836330063993
0.024744133084142583,0.6753629970908284
0.02710626833483143,0.5600404452075703
0.0212917897281385,0.8356639164402484
0.035054072049227114,0.2419094605385514
0.024163826029063862,0.7037472899095809
0.02595402249985701,0.6159277067390037
0.02740838017453376,0.5456322928574658
0.032457537048241336,0.32648144084843317
0.0284013052684301,0.49810003173613293
0.027639555075126054,0.5358675134666072
0.02214175950302244,0.7988893536061241
0.03714093861483864,0.18697312420700524
0.017953566521794084,0.9469533024264252
0.035277337833367284,0.23550035321178128
0.04070311510412977,0.11639525201121874
0.030436920804645634,0.4057776354105672
0.03498327768690285,0.2439692486806293
0.02334105188606128,0.7433994686388294
0.02511140003798973,0.657316386510794
0.04020321622564743,0.1247253384075207
0.018547780462603636,0.9317958160575975
0.03709634645751403,0.18803428373987421
0.042516590165492196,0.08993540331285838
0.02695834939723829,0.5671385842733323
0.029944254242648682,0.42696946609129316
0.04453059825726813,0.06665566458507693
0.03889769380900332,0.14880213017774233
0.01995374161110619,0.8874902597552048
0.04629322507068012,0.050705464921951875
0.017199280188973876,0.9630161813738592
0.02996848769661281,0.42590988174548655
0.030484562451863373,0.4037672927750616
0.04280522994536462,0.08622926559858506
0.02080045882380771,0.855652589975016
0.04066039060032378,0.11708880212120695
0.031054169531179454,0.38026152863694285
0.033483651827133976,0.2907998980658914
0.028838622798780467,0.47720701145308075
0.033382227693402045,0.29419266403956906
0.03137549831259823,0.3674312557066206
0.03695507818377752,0.19142741175507638
0.03394252422175026,0.27581168845931897
0.01807658897720066,0.943995903766405
0.017570271706126128,0.955559541023759
0.05623555996088575,0.008889387348075612
0.03097489992934016,0.383474244296963
0.045221701699548034,0.05995316969114527
0.02189094069304376,0.8100011352387549
0.03443710732947225,0.26031188047258486
0.029719545073188858,0.4368794841512334
0.03302707163672747,0.3063035675468121
0.046351759756177224,0.05023787370332782
0.02090265209057174,0.8515803929661263
0.05563245512636472,0.009975050131409856
0.03556970573204116,0.2273053055992809
0.017327770601517523,0.9605302820601147
0.026072509840293467,0.610129209352394
0.019927410728688977,0.8884223965701439
0.02404411449313354,0.7095692008454787
0.037210067722042495,0.1853374037786791
0.0471429376527987,0.04427413816018565
0.02745175276989764,0.5454451382066351
0.025806186404406795,0.6231732804013699
0.035605786771689574,0.22630936384786024
0.030593951032226896,0.39917734351359285
0.029904458967558,0.4287133389844344
0.023918570245876847,0.7156584521797555
0.048912029682580016,0.03311931558152013
0.022255481923960985,0.7937868037739488
0.023570882271311988,0.7324191145875556
0.03960662195518605,0.13529971505888155
0.03588504993213881,0.21871424427818353
0.020099289616217764,0.8822720519297382
0.027487245086908696,0.5436270584202478
0.051347407028253966,0.021824760975716576
0.02449678491449958,0.6874885490772409
0.019677938140695128,0.8970692908106063
0.040673699500121896,0.11687239367137231
0.026306216259427417,0.5987195803181936
0.02719967484966168,0.5555725383085739
0.015686065687665174,0.984966661139361
0.024693674996777326,0.6778390369888003
0.023865234581506856,0.7182398631352376
0.03643483769598632,0.20433984099161334
0.03393997839156082,0.27589321995167004
0.03398024059672111,0.27460591151866426
0.0245631218036505,0.6842397926344088
0.03949292506808566,0.1373955100197738
0.022320454798557973,0.7908544427083749
0.047087929076849167,0.044667931273797354
0.02383163423598078,0.7198643059569823
0.029399016514407128,0.4512804194096864
0.02518018877383052,0.6539335922221116
0.018651836749698725,0.9289165612508918
0.0433898994681311,0.0791146597626104
0.0338611384123505,0.27842703435784044
0.02313490420319808,0.7531693708928144
0.023445621830662206,0.7384143534244842
0.022749830694626993,0.7711862179213143
0.03751673530309513,0.1782169432158535
0.03326883711527409,0.29802025237416274
0.03191543223139104,0.3465653330544639
0.023073954062773017,0.7560422478325626
0.020653711588243695,0.8614178302090585
0.021609899027549617,0.822201958588706
0.03705369248333146,0.18905375754772694
0.04180916246151234,0.09958685154429249
0.019682428400624924,0.896916647486015
0.03310944497526623,0.30346254998745303
0.03080775397500002,0.39031037573288313
0.028810432275238385,0.47853638796565784
0.02588661846556528,0.6192298672565685
0.046361199736200676,0.050162814494705055
0.04119909063342597,0.10858905524025016
0.03247797190373408,0.3257411966547058
0.02157171344542813,0.8238380590759348
0.030806606060983843,0.3903576150193426
0.020435318212088993,0.8698118962872633
0.03778810685349504,0.1720985247446897
0.018714347830494804,0.9271550333686359
0.03372915958443168,0.2827074634922296
0.024292558859407065,0.6974716126125966
0.01964405814350667,0.8982174341191849
0.029124326456150817,0.46386995921511576
0.023009837489565754,0.7590561649869878
0.03437997018198116,0.262068199192521
0.033183500873155025,0.30092496467675106
0.02986707181356879,0.4303560607221358
0.024421831064575183,0.6911559501372171
0.020747783829899835,0.8577333240111114
0.05673384147482585,0.008074573731048642
0.05211878128691433,0.01904347506083747
0.027700828340432027,0.5327653698057461
0.0257922612445034,0.62385630745226
0.026425659544302427,0.5929046251727638
0.027470088429019046,0.5445054348743718
0.022561041031198326,0.7798934625235043
0.026193376477796987,0.6042235394264712
0.020255479085840244,0.8765508328980213
0.03514499183798514,0.2392836146546821
0.01797692406872664,0.9463990881671449
0.03167679868558698,0.35568066844929097
0.029051761198056053,0.46723397122972965
0.046321970227825915,0.05047537300474965
0.018223748344096263,0.9403339356864605
0.019670759076881775,0.8973131075046313
0.031796547587239266,0.3510854201385408
0.02738220503023725,0.5468756113355622
0.027334594870152773,0.5491396002094031
0.02616815642123571,0.605454985531526
0.022780114903663273,0.7697813374894321
0.052004675420546875,0.019433876153794345
0.025491037975451436,0.638648723945153
0.02957627547716174,0.4432778674982266
0.030729492676718206,0.39354009305075544
0.02086144268346224,0.8532280819881121
0.03468378536024452,0.2528311794607141
0.03538922058641883,0.23233794516396422
0.022495295823598105,0.7829043544606658
0.020646574118619365,0.8616957163303085
0.033973835736320845,0.27481039386481226
0.027089308099800424,0.5608529181161238
0.0222790924678703,0.7927226269853066
0.032250042705324666,0.33406687031046567
0.019978444437935172,0.8866124261960716
0.025145731021301465,0.655628145574642
0.03419926639324711,0.2676815860177114
0.024006585071631337,0.7113913188759979
0.02040712594580965,0.8708788284432616
0.031226583042314626,0.3733388478796998
0.04406895868805866,0.07148035514578803
0.027105237869401028,0.5600897987043344
0.035514310807762905,0.22884092942122375
0.02009798101570598,0.8823194589984638
0.04259199012810144,0.08895460445593883
0.03111828563549135,0.3776767601299205
0.028175813176155806,0.5090984759255323
0.015468908106122004,0.9870973810735646
0.03714296095422198,0.18692511080522814
0.020320878186673053,0.8741186966796268
0.026083284715813004,0.6096023400301789
0.02073626957669339,0.8581864777270808
0.025995743815204975,0.6138850097636617
0.03938760166596755,0.13936043445208732
0.029373564474158287,0.4524373087118495
0.02745152680634988,0.5454567250664796
0.022830525464103357,0.7674380110114825
0.027881211153400143,0.523697968924783
0.027421254775148535,0.545021112399449
0.01667284466778507,0.9721499037588877
0.020668737665064718,0.8608320414127945
0.032191931389331796,0.3362138462042229
0.05214277765160885,0.018962270259573477
0.02374603777582507,0.723996004597477
0.01752277269007929,0.9565620188369259
0.02859433049529847,0.4888069297699218
0.020306801506506073,0.8746439965138149
0.0222020868358338,0.7961873809199254
0.036146064278932744,0.21179520972453691
0.029245719587496555,0.45827806545833427
0.01765166402530105,0.9538089580617255
0.03264445829616541,0.31975556258019283
0.026749862753311315,0.5771873591440977
0.024077650702897135,0.7079396977019949
0.020766647239159886,0.8569896358223349
0.03842229628604027,0.15845143140902307
0.028414996610401394,0.4974371646774758
0.03887390190406065,0.14927349813953109
0.02246139047253623,0.7844526051604006
0.0391971270604512,0.1429718666330891
0.019142974720649464,0.9144419728659894
0.026479080206591177,0.5903078871371377
0.046080786251557426,0.05243419921443762
0.040340802583280655,0.12238533133958715
0.01776620960320463,0.9512750806594644
0.0223051184861357,0.7915477027064084
0.057656385110100405,0.006742884437201759
0.02577443323798012,0.6247308926494626
0.03872975830593317,0.15215511334772563
0.023015656547993868,0.7587829839199642
0.036798192232859295,0.19525191527253793
0.030988387639431514,0.38292626939864166
0.03530896813294332,0.2346029855647241
0.03278658979291216,0.3147091654560311
0.029551968336127,0.4443695987711369
0.046028426229424935,0.05286801000642859
0.03611296182528745,0.21266316361449147
0.03706362650278894,0.18881593612596312
0.024818022506270077,0.6717353030143353
0.023439603360543737,0.7387017719992716
0.021987301120811806,0.8057560297527819
0.03164668083117983,0.3568431060036922
0.04087561790504446,0.11362934312072512
0.04890887441430042,0.03313678189686324
0.021007141193865014,0.847369325573163
0.025654097678763782,0.6306375038806342
0.022982572560580672,0.7603351851203466
0.03232542637532687,0.33129649246458365
0.02597144477555946,0.6150745824060098
0.03389620487888234,0.2772979075392011
0.025211306519725876,0.6524032532146937
0.022273186174995074,0.792988988547235
0.04365424869062226,0.07606451321742443
0.019680182949400882,0.8969929939432263
0.018372334884282693,0.9364995124086748
0.025385820858375985,0.6438212919438435
0.0299592602278336,0.4263131339896208
0.052033470483892064,0.01933468930078127
0.017616554415802343,0.9545691750768626
0.01862529722816131,0.9296572159071007
0.028021103381556778,0.5167329252928652
0.02337254430265917,0.7419001225616206
0.03941618387363932,0.13882495889172805
0.025056977393286883,0.6599924012670052
0.02162010865643113,0.8217636149230493
0.025011180873233285,0.6622439447079655
0.030497922449635118,0.4032047697602072
0.024757582619740037,0.674702831281697
0.032926444158472346,0.3098005682574126
0.02465550831161384,0.6797111607250181
0.03671285295280319,0.19735732537264905
0.015837211028026266,0.9833445769604344
0.047252450946582036,0.04349912852906517
0.017577196400142214,0.9554122168681812
0.04149997864002891,0.10406828298719392
0.02286207352976133,0.7659685136804183
0.03069073554873908,0.39514636834347283
0.022541100853418372,0.7808078512185348
0.02536213370554677,0.6449860024429617
0.0315767449046902,0.35955276622152815
0.022082816313367143,0.80151858699037
0.0278947129011069,0.5230231805600044
0.029102967306900318,0.4648584778917921
0.0458673017860477,0.054222416583751085
0.03948318799369277,0.13757621572391354
0.020869051148846268,0.8529244345849787
0.02293600236130372,0.7625161340825053
0.05242110853259996,0.018042719330459644
0.019803700003890756,0.8927523671883905
0.05144673529338428,0.021447439831984355
0.04387575509112529,0.07358594737602711
0.019893909549732164,0.8896030478368633
0.04873472932135281,0.034113404934363344
0.04632499187970068,0.0504512385296136
0.019079638855390213,0.9163894481904601
0.018471456390757424,0.9338654203558557
0.023496625448815034,0.7359762327089241
0.03715085880901081,0.18673769691899386
0.03378669929557532,0.28083531119867583
0.01982837065304799,0.8918954333793346
0.02007114100960178,0.883289847837107
0.042667431638402475,0.08798226437814162
0.018623850402964715,0.9296974695010798
0.028921034502115195,0.4733345345314641
0.02614985175960849,0.6063490482953264
0.03347497661847654,0.2910889568259505
0.027751397520489496,0.5302135819495911
0.03223814406070136,0.3345056706151147
0.04029960325370502,0.12308222096583106
0.019136497979868217,0.9146422054849364
0.017125116696538267,0.9644047240957632
0.05711625038536414,0.007495954980557663
0.033806846820331304,0.2801819655451498
0.028369215851591023,0.49965585704425364
0.027045715195996634,0.5629428942231358
0.0386870648890309,0.15301716090672252
0.032053405828649295,0.34137178908375915
0.03337661213315246,0.2943813627262247
0.03381915001148228,0.27978355418615847
0.02794126288436416,0.5207008952686972
0.029943887256370316,0.4269855258977069
0.024765690712009958,0.6743048134796435
0.03125778154023451,0.37209568856070113
0.04202245441236796,0.09658996814390512
0.03815179108235606,0.16416232166403733
0.044253891498006404,0.06951307597504582
0.02841537688810307,0.4974187615797694
0.03660229357566491,0.20011135618288534
0.015607196949980362,0.985767288214993
0.037646436631584124,0.17527147273762578
0.02334070782144504,0.7434158398581834
0.025262192489603263,0.6499007186792516
0.04281751554861668,0.08607441029085251
0.02147636198671965,0.8278999243998295
0.02311638369188651,0.7540431224570275
0.019179923465241555,0.9132949741789108
0.026505528791669675,0.5890231980057361
0.034909677058894695,0.24612483044869032
0.02958913284732373,0.44270111646777205
0.030033019515087522,0.4230969729354456
0.026430181260337915,0.5926847296250868
0.036883826835978906,0.193156980952669
0.023937148401535865,0.7147584853959974
0.02809416704338938,0.5131185048185097
0.02854964437644819,0.4909483147616217
0.022403539526125282,0.7870870968239841
0.014636192387583846,0.9932944294109503
0.01830691508534231,0.9382046488847041
0.023902916300459667,0.7164164476986972
0.049988359922458536,0.02761291974720324
0.016524879625219868,0.9744195152228283
0.027867822120264008,0.5243676625715116
0.03465651996800645,0.2536499248731207
0.06567458485420391,0.001245560956523552
0.03121126288727727,0.373950372672494
0.020823251923350272,0.8547483582848008
0.03601739969945911,0.21518432716484837
0.044895336160326815,0.06304272519793126
0.026109114288786317,0.608339634663553
0.030248930178636946,0.4137772687578483
0.02598157876037227,0.6145784262672568
0.015853333016348725,0.9831646302405869
0.03820278739511529,0.16307327526829687
0.02791314913707843,0.5221026579989048
0.02366085403496998,0.728097948572567
0.045443115251052685,0.05793183622882774
0.024515351427342513,0.686579548738794
0.03907031864396071,0.1454179566151092
0.026971019342667157,0.5665295402709325
0.021775097339551852,0.8150635003680028
0.029408102561339078,0.4508679011502811
0.02755168795225743,0.5403355547303841
0.026615483607204893,0.5836894474808889
0.021233718819667402,0.8380789199722865
0.025557527736478125,0.6353811748501528
0.023827896395002657,0.7200449279818111
0.043813517054925866,0.074275346015951
0.05155493156496593,0.02104304479883824
0.021145317050901946,0.84172904813049
0.02873885476414928,0.48192256547346196
0.03451522694037634,0.2579249820921911
0.026592561036088425,0.5848004213340943
0.034691867447875,0.2525888698866001
0.02349662438581457,0.7359762835674035
0.024894117469828114,0.6679973611234274
0.020191797006566592,0.8788984868939836
0.04509989299630279,0.06109075294712666
0.029756891884255676,0.4352218193339336
0.0299768651328417,0.4255440005812407
0.040362359240237344,0.12202199157401
0.03720455729876154,0.18546737458941298
0.01912469545403217,0.9150064544679852
0.026003653135205806,0.6134978788992691
0.031530478078947655,0.36135336222445114
0.02041537199051402,0.8705671583529234
0.022141095859532722,0.7989190157879604
0.023284578140626455,0.746083762394488
0.030743258922601435,0.392970645282229
0.026063715224595607,0.6105593031526704
0.03210806560278323,0.3393298172869367
0.022395274823196365,0.787462713626629
0.023926679162783127,0.7152656881266737
0.022424775408713737,0.7861210954623862
0.025469751602987478,0.6396950220186696
0.03345427433173248,0.2917796184020532
0.03384129577286521,0.2790674779035917
0.023205152065172485,0.7498491295786205
0.027654212597831518,0.5351244145691727
0.03741183057117611,0.18062789226082596
0.03355109361138714,0.288559977882708
0.023129784007029863,0.7534109972599032
0.04089842097666713,0.11326781216813661
0.02019307904348605,0.8788514266191165
0.023772053034119056,0.7227412799105333
0.048056479359794735,0.038161736561853045
0.034427937981597545,0.2605931339936266
0.026335351445503002,0.5973000742192645
0.027835476091063585,0.5259877605034795
0.017761430852909155,0.9513824349752519
0.03006429576707348,0.4217381983047861
0.027123616724007205,0.5592097602185382
0.02156084148087145,0.8243029005844851
0.029704945184334974,0.43752866119868455
0.03510094904059813,0.2405528774041953
0.02908668141493742,0.46561313162847706
0.024163274462328133,0.703774146411129
0.02895653853272878,0.47167256168034805
0.03072422327452462,0.39375821565927044
0.030656855114188142,0.39655423983661725
0.023758584760094126,0.7233909724503664
0.050373277519325216,0.02584966164786071
0.023738431052169995,0.724362707356599
0.025135434963167336,0.6561344684034334
0.026908469427810985,0.5695381764265424
0.03550779962197437,0.22902195134659128
0.04189886238657403,0.09831720298720044
0.036324703616773535,0.20715868094012763
0.020707247420555852,0.8593259861104678
0.016924544811502525,0.9679916515974136
0.026954245585796843,0.567335895807105
0.049099636901721144,0.03209521661361497
0.036656651821069475,0.1987535581840138
0.03439790445220292,0.2615159647085671
0.026252645672773856,0.6013313704557894
0.02358517885724354,0.7317332857515261
0.017091460588746665,0.9650237316389415
0.026185115302567563,0.6046268663470233
0.04288236175050747,0.08526091827460867
0.014112978406960353,0.9958310797273883
0.036106006451309014,0.212845885860077
0.034501649906426124,0.2583386286524246
0.03052997159385118,0.4018575374914942
0.06342361230398363,0.002046016778845175
0.02125505378028278,0.8371932334397494
0.03694567882434441,0.19165487360560082
0.03334332621662231,0.2955016998187584
0.04175908491062197,0.10030159152947506
0.028675187034988725,0.48494757365057956
0.03833466614233416,0.16028375199471495
0.037247482886272276,0.18445681740008996
0.032656662021862626,0.31931997206782625
0.025085960204426105,0.6585673311610492
0.02718515997501275,0.5562660738152171
0.019891361860703227,0.8896925891278553
0.03231889806579874,0.33153575250465367
0.029288466848925887,0.4563195836308732
0.024237485749908916,0.700158188598752
0.044619560025475014,0.06575854358815042
0.034622810825397254,0.2546649431844677
0.02087716103082643,0.8526004941325053
0.023591356218064907,0.7314368524788095
0.02553928009499007,0.6362778244372858
0.023978670921861345,0.7127456019899123
0.052073082484202726,0.019198980590884603
0.033942969976777815,0.27579741478318887
0.03609283605931923,0.21319221471503272
0.0337030560345464,0.2835598432707583
0.022678363456602457,0.7744928164120137
0.040618342984578115,0.11777468394216305
0.022154762658760763,0.7983078938237858
0.035332268462234695,0.23394362159402993
0.02031048391317153,0.8745066751036663
0.05001434948450312,0.027490604677334364
0.030170292421516365,0.41715529140835605
0.019078057899018175,0.9164377575552546
0.03010125363863314,0.4201364105329928
0.01793945072927644,0.9472865765119426
0.026140600267394398,0.606801011729549
0.027320722014239074,0.5497998936239463
0.03475682886505832,0.2506476487501865
0.025131901159428705,0.6563082462842267
0.0354231877328427,0.2313843292272187
0.03207027564716031,0.34074063102665797
0.02369620902364794,0.7263966925333452
0.017858769509964678,0.9491674934936631
0.031718055121667144,0.3540926923177804
0.02206427441601841,0.802343438861941
0.03719732279591714,0.18563811940228178
0.02762043370450662,0.5368378794771788
0.04558208642194472,0.0566932566760903
0.020710112912788348,0.8592136486553088
0.031071882792701122,0.37954620599132566
0.034074972424085415,0.2715947695850995
0.035841359364003456,0.21988930807132095
0.014532897281804957,0.9938689608495276
0.03594457733716949,0.21712107496767952
0.02889361065468299,0.4746208812857329
0.04925426546519296,0.0312721673437343
0.023270966417702876,0.7467298877225437
0.045474884725750675,0.05764666082720018
0.028591749415787016,0.4889304524620256
0.020767233259052276,0.856966506205734
0.03304790214958231,0.3055832969790529
0.02768753583622996,0.5334373927557917
0.02820767569283089,0.5075350884384913
0.020054023091663375,0.8839067894447872
0.031241520814919155,0.37274326260952984
0.02502216161137777,0.6617041180266494
0.023329751506851015,0.7439370516555741
0.042370705873020165,0.09185881481260354
0.0179249645440889,0.9476272973191427
0.0304065729530808,0.40706180501177436
0.02552116728797371,0.6371679304097084
0.045959707267267,0.05344205022455407
0.036034815109043605,0.21472314659301156
0.03882709745495316,0.15020431055548067
0.03695942965806398,0.1913221792492009
0.05467344858899381,0.011950314540247744
0.03302606620003534,0.30633836467365294
0.02213246672139091,0.7993045806538353
0.03188533991183634,0.3477055170465063
0.018372162531243685,0.936504039604171
0.024421534451859794,0.6911704554756899
0.02486898239877533,0.6692322449876063
0.028458156457931816,0.49535127829554565
0.02241804924460189,0.7864271972257202
0.017705152459317586,0.9526359606078303
0.026505970536832346,0.589001746565166
0.01776845572704533,0.9512245721927466
0.046656459384881055,0.047863568555288186
0.019985685110917185,0.8863545141278206
0.03716255259055229,0.1864604790347809
0.03188895454731494,0.3475684188159236
0.020395860727511664,0.8713040759200397
0.024453113889217615,0.689625775679598
0.013638101427994098,0.9974256963434298
0.04907965952977544,0.03220292781504149
0.028924363447141,0.4731785416328016
0.015260313547301618,0.9889320678725005
0.02037528916756215,0.872079023833741
0.030563753686511985,0.4004408156984152
0.017353985566250174,0.960010559637681
0.0373468396771115,0.18213444050201377
0.026530119981366007,0.5878293105987801
0.03382222886821623,0.2796839184005692
0.03046185456792587,0.40472464583287704
0.017633232024275358,0.954209021780373
0.03432466972137449,0.2637765524877286
0.02896428880412405,0.47131027294962946
0.029567213303291817,0.4436846764682499
0.03261223347251818,0.3209078471772335
0.02281661258613632,0.7680853403140444
0.01761286743512136,0.9546485606925582
0.02427407832487083,0.6983734152947625
0.022413708378021507,0.7866246800684576
0.02558531334345182,0.6340160198117244
0.023082836248554228,0.7556240546457037
0.034084042939790504,0.27130775756725634
0.03388311887572726,0.27771887126126904
0.034371587292792716,0.2623266275203838
0.027146289387883937,0.5581247229453179
0.02460487911165074,0.6821934806094575
