statistic,pvalue
0.04250132810960061,0.05241441475609392
0.040762409849230075,0.07011097771102501
0.03620091537609643,0.141963206091065
0.02458291699357784,0.5813437798070344
0.034860116510144756,0.17192950094362838
0.030596418766857925,0.3013421192068546
0.01666216817079011,0.9440918471060291
0.03643602096091031,0.1371731303620302
0.0230086251752325,0.6649387618404734
0.020201251432439893,0.809105285038916
0.0307493650445686,0.2957088298327371
0.021577636458031457,0.7403897075447592
0.02469157032773517,0.5756463819319781
0.028265986640045017,0.3971029107871551
0.020709036798409443,0.7844200469411108
0.025259885571886742,0.5461160800243161
0.02193462865185558,0.7218054055665972
0.02197518803189291,0.7196804800975136
0.02019313742808415,0.8094920722427619
0.013629512496730056,0.9924080011835743
0.029010539427467785,0.3644523551663619
0.02759848861667369,0.42804524109218817
0.018047835722559857,0.9005170905066062
0.02942865646411852,0.3469707062148333
0.024155974780806222,0.6038595229703403
0.014963374349684866,0.9785660169975623
0.01895764529263999,0.8649528913988496
0.0329067178583935,0.22435189226740948
0.021095617703616343,0.7650667062706623
0.01990179185646839,0.8232041154645705
0.02986859293578037,0.329232442718547
0.031082469570088866,0.28370976564127204
0.019548488730731728,0.8393379831500873
0.03533402271927888,0.16080873990520939
0.019682038540251634,0.8333064494738556
0.025409604647536443,0.5384224317484267
0.02625898505876173,0.4949325215583352
0.029789987511727678,0.33235280077137475
0.016527463359297945,0.9475900481847338
0.012719814033050558,0.9969587662672164
0.027228973007921375,0.44585737839229106
0.027189055105327375,0.4478107545616731
0.030656556387570144,0.2991177934532075
0.021655246090195313,0.7363691333342706
0.023759534642385005,0.6249074941451501
0.027081564195610808,0.453099090764868
0.038668281210772704,0.09793590177765747
0.03462684417149327,0.1776240358561814
0.024584695681093505,0.5812503941357654
0.021277944521485098,0.7557966313242688
0.0396825855571091,0.08348104898549007
0.0210246685609487,0.7686506382094351
0.04220907151472897,0.055087324864875185
0.023470569536205632,0.6403018436653587
0.02198458282581303,0.7191879306226565
0.03296204251535184,0.22271404107672857
0.017330855897193354,0.9247619510401317
0.01817165272765764,0.8959795111463147
0.04081174007575594,0.06954639875269182
0.029997282431186323,0.32416972664887583
0.022921334630103818,0.6695910707616448
0.016844066223272947,0.9391562398491055
0.02440132522292282,0.5908971441410387
0.027859209756729203,0.415770542146898
0.016910831687140915,0.9372837709711266
0.03317672750475442,0.21644573435240078
0.030904224917768564,0.2900846590017227
0.030888084933051507,0.2906671021799945
0.031881795079311964,0.2563999581403254
0.02603009597058248,0.5069870741387864
0.02449788932509167,0.5858123300533051
0.018804945797764372,0.8712676056040349
0.030999351014738386,0.2866694042478494
0.02759187352744119,0.42835983118969967
0.01911576264580682,0.858277469087986
0.022697920575575847,0.681484041950775
0.015326001555235447,0.9729228462352772
0.029324529768180146,0.3512672564399936
0.023762341064589743,0.6247581512089708
0.03276741025764096,0.22851714481156182
0.03007610587496201,0.3210967764365869
0.024715850205898615,0.5743752811648072
0.03803060152830784,0.10805061271325843
0.029907133024045462,0.32771029548480624
0.0421664747708288,0.055486538103659076
0.019078928359766545,0.8598447121678393
0.02686424443469948,0.46391676965608897
0.022394993722193723,0.6975583698699104
0.023544520906657262,0.6363594759456486
0.017711784611855408,0.9123200818101458
0.03285353637124444,0.22593503844384313
0.040270970412863094,0.07595142115648128
0.02383228750763433,0.6210372998510878
0.023482569605963177,0.6396620252224463
0.027227141144789857,0.4459468957716572
0.028136956783633704,0.4029605964898061
0.015639899019301295,0.9673079524636339
0.03448628378647056,0.18112693715446004
0.023532421378166996,0.6370044068713699
0.03515573880482137,0.16492278091171228
0.029881572286031277,0.3287192514887082
0.026777789076182,0.4682671736881048
0.016501133065630946,0.9482582037233085
0.023356830173961507,0.6463674981418874
0.04215811041432371,0.05556521986426925
0.026574789674542076,0.47858677701324304
0.022528923317953642,0.6904606112366446
0.0257092052856287,0.5231492728442
0.03164120730129727,0.26440227736356076
0.015473258096761672,0.9703748576533755
0.02380500748897907,0.6224881680205163
0.016326989328242614,0.9525485410320661
0.03878324549294365,0.09619912083901049
0.01882855320505944,0.870300002336645
0.016954437008921297,0.9360432591423085
0.016543450831140616,0.9471818570652137
0.030378209587977656,0.3095152431657201
0.0325432105375415,0.23534522129073043
0.016123541087425308,0.9572779399057479
0.0167154093833715,0.9426723650100404
0.0254742387092583,0.5351133382407327
0.03176994804398081,0.26009708233294565
0.03302710580094498,0.22079971341366997
0.02406025222664948,0.60893142546951
0.03135082406588646,0.2743095284964356
0.020869806671146296,0.776424647087456
0.020838492439263945,0.7779881459312269
0.02926420801215346,0.35377356709412594
0.05457288135290289,0.0049801952563614015
0.03684380113728919,0.1291772079404359
0.033706730764516024,0.20155651098549676
0.03454871883947319,0.17956430171202617
0.05485064724135158,0.0046852892418972674
0.039765068442148666,0.08238901816518619
0.026228692908850493,0.4965190418031735
0.025307785425764784,0.5436504052174418
0.03565440204405251,0.15362277254111795
0.028929237709730327,0.36792263905159905
0.02836768355810193,0.39252771302638395
0.03584301409781754,0.14951463874111706
0.027999066807932182,0.40928590145180643
0.03929740254436598,0.08874339203831032
0.02825787974754651,0.3974692067642336
0.021425502899625637,0.7482354714989496
0.027019592080826715,0.4561667399939258
0.04136227009723181,0.06350382954629358
0.045902213565901295,0.028651905259131742
0.02382474037782578,0.6214386471475426
0.01813862293157742,0.8971997156878502
0.028767313897701374,0.37490339124752164
0.02242027650038736,0.6962197211461734
0.025328630967468874,0.5425785996703214
0.0192365562515604,0.8530871511826095
0.039387256244301505,0.08749154657672273
0.019986545088346616,0.8192514659974163
0.030092922710773684,0.320443916162344
0.024972166232102633,0.5610058146787091
0.022020081911717337,0.7173256219356934
0.038893530877393556,0.09455727019238362
0.026150414635145114,0.5009829789753202
0.025679400544823316,0.5246610125414344
0.04400952081782339,0.04032877172808799
0.05586249912841884,0.0037413429072716553
0.022758066871170324,0.6782847623266861
0.026110488206474214,0.502971876550939
0.022980701355224398,0.6664272673928571
0.03550394566848958,0.1569645888232956
0.02401972873794589,0.6110807594949517
0.02826837683278091,0.39699495855540623
0.018049173634631183,0.9004685943605348
0.023525689020506335,0.6373632738296409
0.029839504645291504,0.33038466853076054
0.017539178034322367,0.9180834421650028
0.027786761648202596,0.41915707433134347
0.021348117884479212,0.7522070735834698
0.019023470973252854,0.8621904704056685
0.025505425336117327,0.5335193886331001
0.021795597719996396,0.729069590154912
0.021940960762949935,0.7214738276281695
0.02262511891812151,0.6853534931520786
0.02744575271095928,0.4353486340451954
0.02327957047336693,0.6504885598508914
0.02330819091116254,0.6489618935322711
0.026420870468844282,0.48650918523020364
0.02481558853802468,0.5691619997093342
0.019468722492722468,0.8428998902356951
0.026088988400934432,0.5040443139763084
0.015227906881988384,0.9745370389468234
0.030257904902034727,0.3140901173788775
0.02092839584887074,0.7734915642733227
0.041819598675109926,0.058831082482668814
0.029870771266098606,0.3291462731879466
0.018351105428672132,0.8892280517983309
0.05121047247095922,0.010173832866468476
0.032862575058302645,0.22566536252465874
0.02413092038489284,0.6051863138777968
0.03562734711793522,0.15421943507338134
0.01824858479188418,0.8931102277854509
0.035224690055884245,0.16332180669025567
0.02545014001321158,0.5363462432162984
0.017909680083179724,0.9054612055037173
0.02416400598512891,0.6034343323894301
0.017735523277071175,0.9115113744447341
0.02901449565772274,0.364284079050258
0.03493857258632105,0.17004725954205555
0.038030616924533245,0.10805035843000237
0.02604460126285335,0.5062615737630315
0.03774189553629653,0.11290679100646502
0.017558525146851064,0.9174477267847797
0.032785306685268134,0.2279787401294332
0.035172898173506884,0.16452319073896693
0.022758671875186487,0.6782525707657538
0.017792377888853877,0.909558854353054
0.018400664885809048,0.8873276895824403
0.02386956753879621,0.6190552735532233
0.01801124821516842,0.9018387361435631
0.028914938441853194,0.36853538876471953
0.01847310306782507,0.8845226257850032
0.025878383211584033,0.5146019072367585
0.02962642697161033,0.3389138160181955
0.029289524248348603,0.35272015736298046
0.020783149879832652,0.7807441333073941
0.027968259786175564,0.4107083268818765
0.031764620554998124,0.26027418219668014
0.026190283944843795,0.4985353533329517
0.03491384596323632,0.17063869599607281
0.022898080510446367,0.670830007789383
0.0389587848458498,0.09359689312135028
0.038489349854179955,0.10069102046590242
0.029050351568201682,0.3627614693826454
0.018134882786139506,0.8973374411113604
0.025068864538302205,0.5559869353220515
0.02699434724874794,0.4574203009172998
0.031091041730384017,0.28340583054453866
0.012232515074943051,0.9982981605769888
0.04393603413330838,0.040855772881276356
0.029583751346248188,0.3406408936489913
0.03310856115452987,0.21842104748483962
0.02506355048618783,0.5562623732614168
0.022136287657351095,0.7112170836786541
0.03623845711985385,0.14118934908072706
0.03129515868886967,0.27624003842527184
0.02383558134124142,0.6208621478264753
0.027724861336902495,0.42206537565402563
0.05666442840029129,0.0031211977874881203
0.018823623419756852,0.870502324772677
0.023759817422553564,0.6248924459030974
0.020991491822053177,0.7703218168327535
0.02407745216432025,0.608019534637079
0.033116140723458476,0.2182007208632118
0.022642229139868075,0.6844443900283219
0.03523916179352049,0.16298737263581647
0.039197775839246884,0.09014893617957975
0.024270427136563966,0.5978055816647194
0.017621181696648947,0.9153710489080576
0.019101131375252156,0.8589008824589092
0.025991539829513688,0.5089176966145247
0.03012567191924964,0.3191753019333931
0.05358344104730667,0.006174266487125675
0.01925120549502246,0.8524524821199593
0.023229353927587182,0.6531672324233326
0.021118590275976845,0.7639033857627457
0.03991875305935022,0.08038642741411578
0.024081826277366547,0.6077876688597452
0.024116108112524598,0.605970966111933
0.02515325499592158,0.5516188033651519
0.022417487727707408,0.6963674082125149
0.014021490472646364,0.9893573501037334
0.04405461102453012,0.04000835451700769
0.03088669600868066,0.2907172646994814
0.0369520044650552,0.12712068646385216
0.022389169106746182,0.6978666791476844
0.017656581732659826,0.914185723414737
0.032745113882566346,0.22918928754581316
0.017898770031896077,0.905846226255817
0.032440709929073774,0.23851851366270438
0.02001541833782472,0.8178979776293593
0.032592558883298095,0.23382903921972661
0.038661310477219546,0.09804204522935886
0.021375046406945986,0.750826566113963
0.03263908084226641,0.23240656541685004
0.04145618799957684,0.06251914466170704
0.031650377587694956,0.2640938519657617
0.018801644614568458,0.8714026570429453
0.03007186536112033,0.3212615533769946
0.018060274508386764,0.9000657607547613
0.01933707701482762,0.8487098875941029
0.017868745930620156,0.9069016679866337
0.023610276837016442,0.6328553328776472
0.029000745852463927,0.3648691556943287
0.0353660025263039,0.1600795550933319
0.03377746630739442,0.19963143010389517
0.017414641118972424,0.9221127367089245
0.019893763835496014,0.8235769269652267
0.029245835742726545,0.3545394378396728
0.01914228353129252,0.8571445347553284
0.0323150730449277,0.24245258417997562
0.023093037306225334,0.6604379331613361
0.032380461192829224,0.24039894964352868
0.03024162741437142,0.3147128786728806
0.039734011032981464,0.08279878032419294
0.022865617229612223,0.6725592392922437
0.03484675968893969,0.17225159074694954
0.01895318089551057,0.8651393739452178
0.021979081492269903,0.7194763699306049
0.030202044078986967,0.31623105699880866
0.021906046999574325,0.7233012983500018
0.042071732470766676,0.05638338868337529
0.020386584922400197,0.800202274710946
0.034445940558576915,0.18214236693346306
0.021115255558573742,0.7640723404290481
0.016960096948148595,0.9358812247680945
0.030532256672105018,0.30372869065812197
0.025963837166943782,0.5103068035129016
0.02933953631170566,0.35064571854773
0.03236367690929898,0.24092481898613188
0.02854996094610146,0.3844189929478856
0.037156361153462325,0.12330977414287805
0.03463244736190796,0.1774855206441605
0.02672620234992021,0.47087569795598033
0.019803545837634884,0.8277472155773864
0.02414767443910848,0.6042990203767762
0.013967113129429942,0.9898263704977298
0.021433040310221085,0.7478479169708743
0.022750594826727255,0.6786823246419027
0.02187954738470843,0.7246870747364977
0.024481774374823573,0.5866601811816443
0.03986422045040838,0.08109226069054135
0.02970050180269934,0.3359309647997083
0.01969972652886287,0.8325013620457904
0.019565906020131862,0.8385561438392422
0.024052209358871035,0.609357913755009
0.035144821487494204,0.16517741605883554
0.030285423825840985,0.313039315565901
0.026843332565241296,0.4649666032571272
0.03704677171378551,0.1253416146098629
0.021253831678453405,0.7570273629272194
0.0357736409120509,0.1510152181982752
0.022338051308111284,0.7005710077685597
0.031113342033918023,0.2826162843480723
0.016526915279717058,0.947604008308023
0.021364558883321116,0.7513644126880679
0.027246234084767007,0.44501447228763447
0.029287101723650788,0.35282086203470736
0.03757465245833691,0.11580142675681446
0.01891089821276848,0.866900046019256
0.04077451210652433,0.06997210904105625
0.02642965155032717,0.4860549450282682
0.022465985382086745,0.69379806235378
0.025937861319440925,0.5116107926491263
0.02012002614345243,0.812965533271047
0.030784898289287765,0.2944112758369355
0.03164200317228949,0.2643754989943806
0.027540669940020968,0.43080017273243754
0.025646904483292376,0.5263112352371131
0.025780783342046865,0.5195259031744195
0.021248037966904776,0.7573228667527467
0.027060963672227545,0.4541173052882921
0.025966093057419426,0.5101936247049877
0.018467619606838015,0.8847360960861481
0.025230145240130897,0.5476489421292237
0.021638785298304986,0.7372228621249466
0.01953161279204574,0.8400941344248746
0.026949041462034584,0.45967571556729725
0.016289700966874543,0.9534381474543766
0.022270628682542704,0.7041337566401649
0.01735384174288973,0.9240401171267912
0.03472437974923115,0.17522509731999236
0.04121411670809971,0.06508409414365066
0.025689919383913185,0.5241272829883261
0.021976429825040666,0.7196153829672087
0.021893099293099627,0.7239785279339979
0.03368845132788373,0.20205634214816715
0.018876972073627374,0.8683054842803724
0.02514571297263951,0.5520087214754161
0.04013109924727909,0.07768718800395301
0.028778782801042513,0.374405915601595
0.026058025055793688,0.5055905691830944
0.018461324490340436,0.8849809363763588
0.0247287864734142,0.5736983561590948
0.022560015715632542,0.6888106537799971
0.028110250044305063,0.4041804130008275
0.03299054083250419,0.2218739766291262
0.019287211555654993,0.8508878180551238
0.023273199425597135,0.650828406560447
0.024906405889091765,0.5644269782300113
0.01603995602658695,0.9591329064612796
0.030364714160397877,0.31002599756595495
0.048666978000778904,0.01694623086984933
0.03149250308876783,0.2694415767225157
0.026560803886249706,0.47930315946380087
0.02087623885964346,0.7761031313836637
0.034488726538683845,0.181065597820204
0.033362047610314804,0.21114552796015873
0.02795813539405012,0.4111765288620794
0.020693577007872888,0.7851846469435344
0.028974198047262534,0.3660006843262289
0.023042844547186248,0.6631143864235821
0.025413294728078795,0.5382333065380867
0.022618649810686176,0.6856971580349508
0.022441417069026137,0.6950999293571047
0.029213556369029836,0.3558878963442289
0.028010604164870556,0.4087540663865533
0.022977470622652263,0.6665994702121817
0.03355218828277312,0.20581289416350385
0.015006002819369035,0.9779482160014982
0.02780228760067721,0.4184297509459852
0.029986037589719072,0.3246098416408719
0.019660840965809057,0.8342693771610403
0.02388688472994588,0.6181348707232722
0.026483492383441165,0.48327578667797877
0.03616124268376175,0.14278472266840325
0.02541503656174407,0.5381440419863289
0.027376310119668013,0.43869671208447186
0.03339793763178045,0.2101308241119092
0.024598475786941743,0.5805270331404417
0.030578264644201547,0.3020159757218972
0.023236618529086428,0.6527797223964363
0.02738635189558375,0.4382114971717411
0.033327289355850276,0.21213186101272377
0.024402797403242055,0.5908195466831532
0.021416162686812457,0.7487155478920631
0.02856314147845368,0.383837205630828
0.06376219949573125,0.0005607707396571863
0.015948280672908433,0.9611086998085329
0.044971747969802855,0.03395612918862167
0.02678072493201497,0.46811900516134847
0.021132791034493392,0.7631835738588344
0.031492338167636746,0.26944720532002087
0.03519616093115563,0.1639827076335974
0.016397004609104426,0.9508504700041516
0.015445416211437052,0.970868191539697
0.019017180594679606,0.8624554826871267
0.02108292533359679,0.7657088434899992
0.03259775598864173,0.23366979995762768
0.01782061887576447,0.9085808208198313
0.024928451539114993,0.5632793500773776
0.058870819626962,0.0018706102640502517
0.022104785587904907,0.7128748340289753
0.023768671123978125,0.6244213134697989
0.03716450561409135,0.12315985687462554
0.03939249129475436,0.08741907126366019
0.042039267327089624,0.05669356432413104
0.042810396323177735,0.049710193545675664
0.04876506850697693,0.016624036805927903
0.029321520244238976,0.3513919986997297
0.020266130114717118,0.8060034184156879
0.017411875356987405,0.922200981337326
0.038529875108399836,0.10006143980166098
0.030712228721586077,0.29706942966060673
0.025320452045236808,0.5429990418019321
0.024374731487149887,0.592299273088589
0.029345134026222852,0.3504140743985924
0.020422733549509298,0.7984509444448731
0.016949756380658737,0.9361770811233627
0.03438556283178068,0.1836704684325525
0.035075374264612436,0.1668045664162166
0.01909418859396561,0.8591962995332126
0.026296180145561232,0.492988922466161
0.026820582476924648,0.46611049220300327
0.0451916941651232,0.032630035920180774
0.02098062694073155,0.770868436980434
0.028912041015551893,0.3686596362808436
0.02281300314996504,0.6753608863928913
0.01983285661992118,0.8263962577982187
0.03896347012114687,0.09352825255129449
0.021442617700557443,0.7473552922648622
0.056537736184886,0.003212404623431657
0.021622096827702664,0.7380878683398818
0.022620253306268157,0.6856119766645798
0.017682872007853845,0.9132998294551238
0.034878082832031976,0.17149701286337554
0.026149158031933406,0.5010455220805212
0.02948836670480265,0.3445239025147206
0.02384563715490387,0.6203274609038608
0.03257417817480662,0.23439289164596855
0.019891579628945055,0.8236783106726681
0.01682527619394436,0.9396773326824737
0.040716386091865564,0.07064122522832392
0.04543052959571059,0.031241776019375132
0.03439086097441346,0.183535973292462
0.028936226011784083,0.3676234388072004
0.05050508914445623,0.011750791917207222
0.03127986465442606,0.27677221885094233
0.029931897784082895,0.32673489759058705
0.04610840388503956,0.027580569497201578
0.02760313831140604,0.4278242115881604
0.025688949747980416,0.5241764735982612
0.022174392080847843,0.7092101954576213
0.025476227965839038,0.5350116139361838
0.023121730899166026,0.6589076849643641
0.016352231289900376,0.9519405165131852
0.04057218013109809,0.07232477842213665
0.014714116853835613,0.9819433153938488
0.020745117476587083,0.782632641182992
0.0296359476070151,0.338529376448773
0.043506802081889284,0.04405542364495062
0.04100364437108539,0.0673867336643351
0.03031083305129323,0.3120713535459888
0.026550388223894106,0.47983712480708646
0.020384400149125015,0.8003079711503205
0.021954246441964365,0.7207779305895261
0.023888267284093878,0.6180613963505563
0.03461983676951874,0.17779738494321573
0.024669140413772772,0.5768213104510043
0.018125056114195015,0.8976988615935166
0.020411506523320494,0.7989953764412655
0.022938528649707246,0.6686748785070069
0.025515461804627604,0.5330068059142716
0.01913736451936432,0.8573549518632494
0.022435253709087277,0.6954264381067443
0.021923046715533356,0.7224117283800118
0.019979853516190693,0.8195646483109041
0.0427848678517222,0.049928894471919484
0.037259205625411296,0.12142764258983003
0.03355110099769054,0.2058430864475994
0.020398422558297935,0.7996292842361334
0.02811553095314076,0.4039390091724238
0.030535897341664398,0.30359290193095
0.030811250100527876,0.2934517169406317
0.022093991819883974,0.713442540308051
0.01887830697941728,0.8682503068070618
0.028217845716641682,0.39928149526500956
0.027689027705730118,0.4237552121673054
0.02787955174301998,0.41482303339690463
0.020981504324074307,0.7708243074575085
0.05846062999131868,0.0020604440375395273
0.0295674362893823,0.34130282759032515
0.02930338840664637,0.35214421601914025
0.02625096341472488,0.49535232990411887
0.01408365236025344,0.9888021990660623
0.01585613391366758,0.9630330117134386
0.014783356108712953,0.9810449017096705
0.01642901048291101,0.9500621989587861
0.03483166573898666,0.17261614792593719
0.027161558870829827,0.4491595874549626
0.035526361557412844,0.15646303398339514
0.03912839693445902,0.0911387281460695
0.038661348258555384,0.09804146967396034
0.02324969880516753,0.6520819886969309
0.024176490887449775,0.6027734634951327
0.028094673928870884,0.40489301434634817
0.021439955227955804,0.7474922598900595
0.03853155357044841,0.10003543490022128
0.022173773558051404,0.7092427864069976
0.026690409616861976,0.47269116124476895
0.029463359598674965,0.3455471359715657
0.02399382964762775,0.6124550646517961
0.018737313187975002,0.8740218841375842
0.0393266796338233,0.0883338613773248
0.020065159632402907,0.8155581573952286
0.028246689870822517,0.39797518517482366
0.02133421397155255,0.7529192133455197
0.021425905378988808,0.7482147801883818
0.018303179024578675,0.8910511591995628
0.026625733705313515,0.47598320342761535
0.0221230150044458,0.7119156951620799
0.033947337864878746,0.19506713958638242
0.04352066365865759,0.04394878773204087
0.031496588977020235,0.2693021575071577
0.014749833714357119,0.9814836371754717
0.026860935705896094,0.4640827730891122
0.014946337593912853,0.978809595551077
0.0450559907865819,0.03344273003366318
0.023060216133892752,0.6621881308022053
0.01644030841388555,0.949782138856035
0.016345964224022902,0.9520919148414368
0.021808166616002933,0.728414193317383
0.01922442919357384,0.8536117026035355
0.04387741102995141,0.0412804744931026
0.022090344809850837,0.713634322411964
0.04463372491928641,0.0360862966387941
0.030326529353873144,0.3114744982045249
0.02106706252132856,0.7665107766470676
0.01634972504541987,0.9520010965233684
0.04128358355146955,0.06433899949211773
0.02498810192876133,0.5601777319513328
0.024907321499053503,0.564379300325067
0.020214595262731505,0.8084686395837273
0.033405560408377555,0.20991579768100205
0.02095458031449532,0.7721775089766099
0.05967698107050179,0.0015439306409961533
0.024745535050716916,0.5728222702379318
0.03495737893332285,0.1695985250103138
0.0234017235818145,0.6439731172583131
0.01888551737123212,0.8679520955393751
0.030815132350445418,0.29331054667307127
0.029889398919379806,0.3284100734474419
0.036484774416987054,0.1361964608916297
0.020908543780537747,0.7744865166779569
0.015066776476386178,0.977046720958016
0.03215352151418688,0.24758376051658282
0.04280907296856773,0.04972151026116673
0.026474084581526114,0.483760655416038
0.028841870479162868,0.37167770138919753
0.025432403866006287,0.5372543098022347
0.019576880590023493,0.8380627659087533
0.01747991539362559,0.9200144276406579
0.029269953042735025,0.35353432006357616
0.02149533427317346,0.7446402042836413
0.01719229916114856,0.9290332242167549
0.03735419105369986,0.1197103597705995
0.027029950579763873,0.45565303511454
0.03394194114303822,0.19521087370889376
0.02396807049566463,0.6138224191712709
0.026370566165157205,0.4891166815407133
0.033882539907996057,0.19679844104105237
0.03081864880350582,0.2931827212227482
0.024164095404864472,0.6034295986140457
0.02564916422814395,0.5261964140696733
0.021504698124955812,0.7441573145158284
0.020386958892723517,0.8001841807821093
0.01878768554753174,0.8719730288371013
0.030147027665544557,0.3183500092874136
0.018806439495397953,0.8712064778217534
0.018804677131582515,0.8712785990836074
0.0430764502173242,0.04747978089500089
0.02964694179984595,0.3380858250624416
0.014171128510311437,0.9879859521233012
0.014513452779968627,0.984379420566191
0.02579556871026467,0.518778725789582
0.023747951491010832,0.6255239294534274
0.025480152314331178,0.5348109563861652
0.02140218880539746,0.7494334285011623
0.03950012942647457,0.08594004657262148
0.026235115723882152,0.4961823814201199
0.03635121590211465,0.1388855808127806
0.022432705255300445,0.6955614342198555
0.051596657304383675,0.009394083535039736
0.0378759376275819,0.11063016806897698
0.020191916496014067,0.8095502507236232
0.022447878528627063,0.6947575913413231
0.033267603167821624,0.21383391983586514
0.023793141993862676,0.6231193526003634
0.01502392489517923,0.9776849069187186
0.025485166381526148,0.534554621046736
0.03327146587956431,0.21372344782509398
0.017504001514137224,0.9192325850745097
0.023959839191838472,0.614259452915323
0.02308422296042445,0.6609079804474316
0.019818538113316797,0.8270566845632303
0.02108478901931926,0.7656145820332534
0.03780016159514227,0.11191246717818168
0.024186785188107185,0.6022286531569458
0.029868124081687764,0.3292509915955938
0.026750405311292427,0.4696506742127065
0.022827874325334396,0.6745691392989772
0.037413489809614286,0.11864843283375467
0.017934061623624875,0.9045978914461713
0.021860392684290075,0.7256880531850188
0.034871486422211495,0.17165570191053958
0.01811989443030637,0.8978884547725786
0.05043827512447324,0.011911048830734105
0.02491305651616582,0.5640806925753141
0.020129419938607507,0.8125204292752178
0.022107755419343067,0.7127186064284723
0.027658452913927156,0.42520067322053745
0.03596449510781974,0.14691594305753544
0.02045763185106428,0.7967557456986338
0.025388958798924444,0.5394810281807778
0.01563976673234113,0.9673104651940274
0.021245094045844792,0.7574729878102765
0.025473640047289248,0.5351439533423097
0.03282068497530366,0.22691727591038982
0.02060043085638208,0.789775009980286
0.035508934419738014,0.156852854067627
0.04052950286696544,0.07282950785814181
0.023275289437509644,0.6507169203112804
0.03637635329134681,0.13837618534292329
0.019303164028270703,0.8501924591189214
0.03991587247386141,0.08042358158279005
0.04220685315430639,0.05510805397789726
0.023143396868859287,0.6577521450402846
0.038096530631957504,0.1069662667545395
0.025353024989007822,0.5413253031334981
0.017076014345992263,0.9325114529336336
0.022700888712072653,0.681326211857728
0.01859866702352886,0.8795843412823677
0.013879979486221605,0.9905462897464514
0.014369203498741268,0.9859812554420931
0.016124592281453798,0.957254285305023
0.023455007532204475,0.6411316233254776
0.03201266954097415,0.2521245112944249
0.0185905345463373,0.8799070678733089
0.030384971314469267,0.30925956733031806
0.024998518719696827,0.5596366406834737
0.027478786858600224,0.43376198019746376
0.022478848225517573,0.6931162507077306
0.021394748690807652,0.7498154720259782
0.024531591496549543,0.5840401295402313
0.027072183291433904,0.4535625694145633
0.02491774231463978,0.5638367505104747
0.027564848366740335,0.42964667335654194
0.02252022915265589,0.6909218397696733
0.024524836418275298,0.584395234356162
0.033272939447977434,0.21368131603385074
0.02906912064188416,0.3619662430949936
0.027478065596554968,0.4337965813407666
0.04068607231359078,0.07099233486824481
0.027022034832298925,0.45604556309041966
0.027980876348109474,0.4101253851741036
0.02990491078371832,0.3277979246983711
0.01830605427438614,0.8909421933866656
0.032495320458499066,0.23682379021949534
0.0415741243062938,0.0613011645666799
0.03822588385030534,0.10486498602170352
0.016639745562746278,0.9446834216262096
0.032308087762494886,0.24267275865128318
0.021482355361843036,0.7453092150584713
0.032864104310148634,0.2256197607096803
0.028682927438798966,0.3785779935459042
0.020989409289769667,0.7704266161491813
0.01957820563057988,0.8380031579635915
0.015257482743471329,0.9740572934827143
0.02071677887883633,0.7840368579947198
0.024034521448019763,0.6102960223619145
0.020774365695787944,0.7811807125795109
0.032431921512301454,0.23879210797623301
0.02333523389743808,0.6475194104563077
0.021156631762807188,0.761973952243572
0.03422282507733804,0.18783969113207538
0.016615712516908077,0.9453133737719096
0.018426858738035207,0.8863171117214824
0.03744978471939664,0.11800229320839346
0.04426775275524608,0.03852360955752501
0.04106088314986531,0.06675374882770578
0.01896433323029445,0.864673321766199
0.034302539805681764,0.18578822679124657
0.02005938689445863,0.8158302274401776
0.027536945892004394,0.430978024228135
0.029958602291624836,0.32568545653852465
0.04850964205162217,0.017474709098999876
0.030071032716871948,0.32129391529471346
0.03584617704056098,0.14944651044388035
0.045619357354547585,0.030181238642871585
0.023482850294975988,0.6396470598642966
0.02282452576256233,0.6747474271717986
0.02249613937313749,0.6921994852803822
0.030838764873361124,0.29245228020219904
0.029292413341162726,0.35260008414129035
0.02139336966931571,0.7498862699747516
0.020286886615681787,0.8050076458940691
0.024516990678530373,0.5848077402621596
0.019174489631296088,0.855763697092071
0.019837503108246668,0.8261817488173631
0.04338888485791692,0.04497167585973111
0.027000786307797786,0.45710034598960503
0.019621136624122446,0.8360673755727094
0.02152220598496729,0.7432539494175334
0.04012681378695748,0.07774089501594687
0.03759781174365451,0.11539697407089305
0.025203318865648916,0.5490328852115076
0.03512138781301721,0.1657250435173927
0.01764731883474302,0.9144967164750326
0.019814013745876102,0.8272651779790245
0.014354948902611686,0.986132952814423
0.025210524486217134,0.5486610375625107
0.019412465466274342,0.845393292187121
0.02961492285187345,0.3393787661148498
0.03420900811544228,0.18819708102153862
0.02731369816172155,0.44173021873537116
0.030604433711479584,0.3010449674947666
0.03517344821277968,0.16451039479338717
0.03180420684432861,0.2589604012470545
0.02834916115846714,0.3933582781221417
0.03434405446223776,0.1847268701361003
0.028881692802431136,0.3699628018235193
0.028619207665082413,0.38136930850858014
0.02584257491054598,0.5164062104330389
0.026472891994753667,0.48382214264066564
0.021295723307626302,0.7548882980100723
0.02609131797977049,0.5039280630102213
0.037342282620073,0.11992455652511261
0.027713329639720063,0.4226086859504839
0.0233408315051703,0.6472208386191984
0.022965066689741298,0.6672605888264778
0.02515260356722715,0.551652478202022
0.034890383604197606,0.1712014066907379
0.0169236577740689,0.936920326739785
0.02031036266338143,0.8038794466638417
0.03684386616366764,0.12917596392576344
0.0396978268204814,0.08327834902113566
0.0211725565110783,0.7611651549922578
0.03960531985436844,0.08451504307509751
0.030333176716980437,0.3112219824337774
0.04333817899754433,0.045370733963449844
0.03974874284260982,0.08260419959294174
0.0374469185750973,0.11805321214632856
0.02360362539537264,0.6332097239580725
0.02199885446339306,0.7184394498611382
0.030344854531690613,0.31077873556094465
0.02773001298991684,0.4218228112376954
0.037762587866275066,0.11255283933925747
0.02670262608872276,0.47207100939829894
0.016890397162858783,0.9378603282033876
0.026421655080227313,0.4864685865866703
0.018790045480581496,0.8718766801464851
0.031523751544909384,0.2683766888231551
0.022595540232141498,0.6869245885753866
0.0215358054025494,0.7425518119695893
0.03845521791060047,0.10122383313141213
0.04138577048545622,0.06325620350010473
0.02630738568907587,0.4924043488184594
0.03523971282316851,0.16297464947865287
0.03024462082603757,0.3145982860312939
0.03816756177989922,0.10580811902977941
0.02523118586367251,0.547595281701367
0.026917473895255672,0.4612515437498747
0.03005753811388734,0.32181873269129585
0.03768221030202554,0.11393288695429477
0.051901119401884244,0.008817983218984884
0.031925009610100585,0.2549821889073217
0.02041039025445701,0.7990494828795363
0.03341986030003302,0.20951288228282727
0.03870866738507733,0.09732282565638113
0.016157744579394867,0.9565041128262872
0.023918840231666905,0.6164369358063331
0.02947736863611894,0.3449736508856595
0.026804526604818135,0.46691890288449717
0.03263737166951719,0.23245870796770512
0.017737358922020552,0.9114486786848375
0.021559927152248082,0.7413054738902263
0.0419726568085802,0.05733456270502381
0.016392830562097505,0.9509527156079352
0.03386738770815434,0.19720501769756218
0.018005820894793967,0.9020340348155564
0.021161456958041086,0.7617289553110864
0.034929790264690896,0.1702571366568801
0.020959838682207077,0.7719133843777652
0.04724562948653388,0.022283889792354832
0.030832265824792593,0.29268812186775034
0.020290394406517587,0.8048392021311701
0.050131751999562546,0.012671825060324248
0.03864076863041943,0.09835539430396575
0.030874552124248,0.2911561274451722
0.04444032122319713,0.03735697396529489
0.020907809262503685,0.7745233075798701
0.04458113945934156,0.03642798687014536
0.02755452408353848,0.43013896694347886
0.023311528096645773,0.6487838843116007
0.02443954925092623,0.588883140277861
0.010615850125200055,0.9998685205691671
0.027888499896800117,0.41440670433961463
0.02046746693504664,0.7962772223129998
0.02388001736100459,0.6184998471830093
0.024480899524582045,0.586706217834893
0.025421716168741587,0.5378017795481134
0.02336582278916577,0.6458878593203135
0.03003128777940095,0.3228414147705676
0.03590163966479076,0.14825593824201508
0.02673315104713006,0.4705237785487881
0.02266257031854002,0.6833633619242196
0.01928139761163032,0.8511409193276864
0.03382284309289063,0.19840409084738495
0.029050320393557705,0.36276279124679883
0.025683577737781516,0.5244490344274999
0.027575767366980974,0.4291264356299566
0.01698858604746667,0.9350620871230476
0.022034834328316988,0.7165511662100827
0.028585674583718856,0.3828440185843992
0.018569212064184604,0.880751335950324
0.01342138394980917,0.9937354197803754
0.04430545752371995,0.038266027767503485
0.04628125037167863,0.026709902709154833
0.017803225093270675,0.9091838370194817
0.02504777623057841,0.5570802438299101
0.02169495410640193,0.7343075963634504
0.024294406453619133,0.5965387408979111
0.04388337817289456,0.04123706978346584
0.016584302996877853,0.946130263418437
0.021533113351599686,0.7426908327471656
0.021208338297386553,0.7593454994478328
0.01622229315866386,0.9550203464322944
0.04707289866353126,0.023025166470612306
0.02625595132734493,0.4950912633738436
0.026583544973865947,0.47813866608204364
0.03019027675143776,0.31668340832351166
0.02185395586509109,0.7260242918693534
0.030975362316402383,0.28752782822565476
0.02997234906158175,0.3251461851021702
0.01889723222783435,0.8674669597369509
0.03870036688403289,0.097448568013439
0.019359894046621667,0.8477091077793711
0.029057427346110387,0.36246153104613404
0.019624170277223962,0.8359302577394949
0.024112443477382395,0.6061651212020722
0.043201197787472445,0.046464183124632234
0.020059591600950832,0.8158205819219106
0.01923572828602471,0.8531229889193273
0.032643776358761256,0.23226336325684369
0.016362313093377767,0.9516963551820231
0.02640436795337886,0.4873635925612161
0.017338728256428793,0.9245151551221213
0.014335595547702917,0.9863370406880387
0.02870529404222666,0.37760159637349083
0.03203775130893982,0.2513113417214304
0.0413822491364364,0.06329325565180646
0.03759470594386116,0.11545114589417227
0.027204511197285952,0.44705373822813727
0.02720279249791449,0.4471378754112485
0.029541797918983037,0.3423448893528261
0.014638975114339758,0.9828844473792739
0.02361301089997514,0.6327096656126219
0.03732544072567978,0.12022802919407781
0.03284959548337807,0.2260526954603539
0.029103973551207626,0.36049283380966607
0.024374534863973674,0.5923096426168475
0.02204557797380549,0.7159869650366059
0.02793560141269802,0.4122199213155705
0.024497059146338596,0.5858560007917456
0.023281725656746577,0.6503735974849905
0.023436085830178643,0.6421406105207565
0.015729311084738073,0.9655810143970455
0.021519722835774302,0.7433821130185599
0.020310441903771737,0.8038756350696605
0.028775279037048573,0.37455784587503566
0.036531753062068795,0.1352607066756116
0.019228987834639666,0.853414610275175
0.031411794524002334,0.27220663715983795
0.02260603621392762,0.6863671577852797
0.03370037603037468,0.20173016447896336
0.024187838472149392,0.6021729149507715
0.040230980922840054,0.07644429543102753
0.03423671813689155,0.1874808726568924
0.0488649746648922,0.016301528265126996
0.013276636503158135,0.9945500647333531
0.032286951217879944,0.24333990655615265
0.03224744407526681,0.2445906473104517
0.026347881699866016,0.4902954612293947
0.01622184306148046,0.9550307987658029
0.029903204186021104,0.327865232172253
0.02726460274390341,0.4441186482258725
0.01770898370259849,0.9124152459671965
0.023543781254674878,0.6363988997847624
0.024057749577963583,0.6090641278144553
0.017789453685433332,0.9096598152698505
0.01533911753035111,0.972702005044886
0.016292422550566288,0.9533735638035904
0.03604310402743549,0.14525390115902825
0.024074067883035677,0.6081989411328459
0.01814558771993635,0.8969430058781314
0.02614184603096592,0.5014095208146122
0.04684228368145227,0.024048947553073352
0.03116896869712038,0.28065394999945426
0.0293785611893721,0.34903306479562757
0.03246772974091905,0.23767885477870654
0.017753158034308214,0.9109081139473088
0.024046138773376358,0.6096798508780266
0.026462217328307336,0.4843727309765188
0.016308311059921143,0.9529954378217543
0.021930857457167274,0.7220028530927904
0.030183850802469436,0.31693062904941577
0.035322400257322695,0.16107440711724988
0.0284697667534638,0.3879719941929498
0.02155751412548723,0.741430205014187
0.0269528190956696,0.45948737730169037
0.0296209295437464,0.33913594276678766
0.03195512107954546,0.2539978150148016
0.014201631246380741,0.9876915298498155
0.041282450794739134,0.06435109063466071
0.029747283094293364,0.3340569308206547
0.02098603320651682,0.7705964850967768
0.02292515074579543,0.6693877360731827
0.0333718107412766,0.21086912250636197
0.02937554661782324,0.3491574492607433
0.017649012715498097,0.9144398902865813
0.030309662924730252,0.31211588131398244
0.02502943901490806,0.5580314847706627
0.03510408547338584,0.1661303165815995
0.01998724048589584,0.8192189088736274
0.020964428668132917,0.7716827680814693
0.020785793414266285,0.7806127014646861
0.016927184340461615,0.9368201862908883
0.023729937616040808,0.6264827261446835
0.038777674375728655,0.09628268747712751
0.03058594145083332,0.30173088793442593
0.024572534091768017,0.581888985016503
0.02054193331057047,0.7926431213400766
0.028667649516368007,0.37924595398529104
0.033437876616398965,0.20900610956868756
0.029025310989571285,0.36382433482512583
0.03390058294671594,0.1963151527102774
0.02478526445353957,0.5707456032923648
0.025110158638700364,0.5538480940710089
0.017215688579183763,0.928321848009618
0.022609562485591206,0.6861798632947066
0.02582541551031517,0.5172717660400958
0.04235443290466734,0.05374356633753306
0.021413456998439717,0.7488545811746232
0.025796534762896756,0.5187299217310255
0.02086347317687559,0.7767411098374761
0.0210652642499618,0.7666016443836418
0.03595942257130358,0.14702371843123616
0.041877978072722366,0.05825637211224554
0.019086437717727445,0.8595257941622454
0.028157872782233417,0.40200703869596527
0.019925928593288955,0.82208156407858
0.02752924480082497,0.4313459666348319
0.01878008277737142,0.8722832075217548
0.02889453322720137,0.36941103335542863
0.023547369712735855,0.6362076345760277
0.02894698281212199,0.3671632275569284
0.025390697986120703,0.5393918237103033
0.04126735626552247,0.06451239631477741
0.03463955783181755,0.17730986771220747
0.024953599611983263,0.5619710903605036
0.028293939454739125,0.39584169899875815
0.04250711606831903,0.05236262934745835
0.046761542576681026,0.024416811608497062
0.024665171955985943,0.5770292540823703
0.014566235930045912,0.9837624085890837
0.03166205488196752,0.26370150022315253
0.048615470209732226,0.017117644731811994
0.025475133400922445,0.5350675856360183
0.032941002513672824,0.22333582580564473
0.03169199094744368,0.2626976674202741
0.02061810414872217,0.7889062374679159
0.039668549963293415,0.08366808169793839
0.02022149280069152,0.8081392814262469
0.023543710550599006,0.6364026683574583
0.018688444485747246,0.8759954401471198
0.025554480182689188,0.5310158392054655
0.024418571518813326,0.5899882508625828
0.04036108471398758,0.07485061286861718
0.02759317144122997,0.428298094719836
0.04432883179223834,0.03810710187321634
0.01978735074540927,0.828492024003467
0.03617075580359519,0.14258738078163052
0.018331128603622404,0.8899897206178781
0.02252536675441308,0.6906492956184573
0.018480812975644134,0.8842221683272781
0.024758143280193656,0.572163004448258
0.034185199640995756,0.18881416897033376
0.019980474043502783,0.8195356139917443
0.03290949689169459,0.22426939975592108
0.019340607785933772,0.8485551966177202
0.0226876085014035,0.6820323424006283
0.020551703944496236,0.7921648769944101
0.030479780745545693,0.3056908818669223
0.020364237526226237,0.8012825906425767
0.01923819141590921,0.8530163640883416
0.025749515566423006,0.5211074623394152
0.02488731918705607,0.5654211426335072
0.031067141864257963,0.2842538300460518
0.03201251667829752,0.2521294733268891
0.015397732362523509,0.9717005259557964
0.025651518077686286,0.5260768217991802
0.022637578272915737,0.6846915205046624
0.01795562274115514,0.9038311392006192
0.025968754532866734,0.5100601113687068
0.03392737886851527,0.19559913431143558
0.037345298699258844,0.11987027659523057
0.02973008700152102,0.3347449199361116
0.027544619667678627,0.4306115974003932
0.01857564078764301,0.8804970773227024
0.026321827240434026,0.49165161605964547
0.023639217069725937,0.6313135741074534
0.050916699065918336,0.010805725569885594
0.029580103187511475,0.34078882662512017
0.03577130143338514,0.15106603327951504
0.015713932829375388,0.9658821104468792
0.0349003446565217,0.17096232501045855
0.020811371595543138,0.7793398928501517
0.02220567650202465,0.7075611588675246
0.06042563486852248,0.0012888511767405267
0.027758504366155345,0.4204830097426667
0.022605866691792986,0.6863761615639355
0.022028143326749516,0.7169024611415105
0.02863824773434076,0.3805337360740804
0.0493408792611324,0.014840918474742
0.02155301237294799,0.7416628723483367
0.04456380951732608,0.03654121206178971
0.04270155685608917,0.050648410269932574
0.03566062772843115,0.15348573621093417
0.024866305079417006,0.5665163047655625
0.02727872126392228,0.4434309186809906
0.03548037819721819,0.15749330231279815
0.022945648378572714,0.6682954701417245
0.02785094099761687,0.4161561137420829
0.01775183306525352,0.9109535130942439
0.02388232959865899,0.6183769566695048
0.0320613705408046,0.2505474094931537
0.04886529508130716,0.01630050300496929
0.020045369178106065,0.8164903163989483
0.028092953492897754,0.404971776523163
0.024248656750075037,0.5989561990594519
0.02146514162103695,0.746195961221447
0.028723574022226916,0.3768049076209524
0.028958913087716587,0.36665328631166116
0.030855320447389367,0.29185213610859945
0.022334119128113783,0.700778925134465
0.03803371608770334,0.10799918290626617
0.022113773019842464,0.7124020156933937
0.01836858374010686,0.8885595942001466
0.03212428426325881,0.24852115257697985
0.03342668891948841,0.20932069075373055
0.018050627972686195,0.9004158647135327
0.027064143471842494,0.45396003962244497
0.04981127150909459,0.01351380441484722
0.02261517704392174,0.6858816331755416
0.025887861298801884,0.5141247686410695
0.04290361616379135,0.04891860359438967
0.025049486017044376,0.5569915753696109
0.02950360059471102,0.3439016303248183
0.02511879725579308,0.5534009962578206
0.01710219840700411,0.931736773260714
0.03882118350252539,0.09563166066760212
0.015684847665392465,0.9664469447355176
0.028210987552010403,0.39959252621395375
0.024451387583782153,0.5882597069148107
0.017733345404181478,0.9115857289799089
0.01842062018144619,0.8865581854492659
0.033500578958998495,0.20724982117823446
0.02847081379252897,0.38792545859052135
0.032681134223594976,0.2311264487282913
0.02892216953181559,0.3682254336049278
0.03924341087608352,0.08950281206375758
0.039196925867710286,0.09016100751514829
0.03839615606618585,0.10215135352838671
0.01922827080472933,0.8534456181730073
0.03127765842403046,0.2768490513394795
0.023114638035684143,0.6592859639901187
0.0135531349919229,0.9929173272407947
0.026256424068367812,0.4950665247675923
0.036590763877845545,0.13409271177515109
0.027822807818909,0.41746978576996574
0.018704232104622687,0.8753593905024563
0.01643731869869236,0.9498563413567556
0.01928296810857455,0.8510725672671056
0.024500673957534802,0.5856658529429933
0.045364574365211685,0.03161985895094679
0.03349590498362898,0.20738034095988914
0.05247990915247708,0.007810409193460965
0.016828108195796082,0.939598959978588
0.030910610674013905,0.2898544552786079
0.0355946031638909,0.15494405474484205
0.02014404148944804,0.8118269187940975
0.026345570223770043,0.4904156778559422
0.030085507985408592,0.3207316503353584
0.020577097997595384,0.7909203948426478
0.016315480766198487,0.952824199180632
0.033904808421553245,0.19620210672266294
0.01600730008049478,0.9598437412267421
0.030225425841989284,0.3153336294704648
0.02779830329555441,0.4186163163870406
0.028396805079993426,0.39122432960429365
0.04420661391340047,0.038944500748146406
0.030280367952723486,0.3132321798199055
0.02802279388821205,0.40819267378893775
0.021490244279805948,0.7449026155146552
0.03759767724296681,0.11539931961770286
0.02785507050481406,0.41596352469908743
0.023881445032205018,0.6184239691089313
0.020102753107138716,0.8137830535782887
0.02276188990647887,0.6780813397235421
0.04179853282896723,0.05903965427224901
0.037085544775120216,0.12461963004118111
0.03251405461529888,0.23624454314465937
0.03016699302178444,0.31757985392092664
0.024619834882055547,0.5794062859632607
0.02663980054607845,0.4752659245616743
0.028226869624698336,0.3988724980765414
0.03473412431382095,0.1749868457185356
0.023139319454376417,0.6579696158350018
0.02159044471592808,0.7397269880933501
0.024282287161727645,0.5971789405606514
0.03818543506361094,0.10551834299502832
0.02846495082105316,0.3881860880436902
0.023121262234221007,0.658932680190297
0.03285308156396105,0.22594861451496398
0.02645780256366581,0.4846005585036885
0.01795184127436711,0.9039658388944334
0.034969024398531334,0.16932112846574726
0.054461707393823056,0.005102924088030808
0.01849778899497906,0.8835593249424687
0.020481753294532834,0.7955815168575523
0.03487552575153269,0.1715585143748328
0.025016980362012275,0.5586780713000685
0.01645874581677531,0.9493230795190764
0.025113977049385228,0.5536504547982017
0.025490590790250123,0.5342773597115711
0.02779165280093082,0.41892785240471225
0.027254992791867105,0.44458716724700476
0.02425533946619729,0.598602953806836
0.024139150981875468,0.6047503925104813
0.015076590703729853,0.9768988419582405
0.015268237053197992,0.9738813681066121
0.019343732036552153,0.8484182634739592
0.02603277520278302,0.5068530349709418
0.0227533356000143,0.6785365008837967
0.017846674019636577,0.9076736976063444
0.0239998354924304,0.6121363282523553
0.02529066220239018,0.5445313830082177
0.03467696272385917,0.1763881092647199
0.024209315232296524,0.6010366124836292
0.041676512672404464,0.06026028916076214
0.01695771294952303,0.9359495030285929
0.025823050977842987,0.517391084966254
0.03239643323977892,0.23989934309283986
0.025561317885783696,0.5306672294125891
0.03172737087470179,0.2615150036797242
0.016460846883179836,0.9492706074885428
0.019580615069962337,0.8378947461313593
0.019909792290799477,0.8228323086050874
0.03897183642909974,0.0934057885799079
0.026368908789306977,0.489202743793684
0.013136135697775081,0.9952614852809867
0.024152212530524797,0.6040587242605611
0.016980546498755245,0.9352938441650863
0.030659163418037927,0.29902164080173166
0.032899203031576896,0.2245750787476897
0.025940364673296967,0.5114850624201985
0.018388465219380368,0.8877969077976209
0.020319765018154218,0.8034270140000341
0.01990269363982411,0.823162220372259
0.019303318119159862,0.8501857360225407
0.02819321556431542,0.4003992970739939
0.030779761041281828,0.29459861020658296
0.022466766063442112,0.6937566854686401
0.03664413901234287,0.13304335400386466
0.0370094433602145,0.1260399319987977
0.021707565952357677,0.7336522091597776
0.026217349530677225,0.49711397758516174
0.026371162232334433,0.4890857320563648
0.022667037119973477,0.6831259380798806
0.03411279989857935,0.19070048545625695
0.017329539569603203,0.9248031744545923
0.02661984276001711,0.476283796619169
0.014934987597847227,0.9789708179517432
0.01484671377627289,0.9801962151635433
0.022978003594586793,0.6665710622347396
0.035580438054586105,0.1552583743303385
0.020365557277952973,0.8012188420356461
0.023189648945868002,0.655285146577797
0.03100625974443988,0.28642253195608997
0.02317314847916918,0.656165273209506
0.022154742761404833,0.7102453166021931
0.03331520476344718,0.21247562229394204
0.02464216417535625,0.5782352343933821
0.03785448186689422,0.11099200797345707
0.024404609398518018,0.590724041015523
0.03159818195733882,0.2658529752338475
0.024357203585847143,0.5932238183398282
0.015104851133235897,0.9764694309995409
0.015571957302084605,0.9685820925222274
0.026131718233915358,0.5019138870027702
0.021160740634467982,0.7617653300608387
0.02896599463376015,0.36635083283373104
0.023710057616860625,0.6275410250681682
0.019240078616785894,0.8529346488986147
0.0222336820611857,0.7060839591457584
0.02046189530361342,0.7965483504666226
0.02167021309649264,0.7355924322697258
0.027649361277186646,0.4256311346345883
0.028065485714725114,0.4062306863680675
0.024066941833586375,0.6085767344775768
0.0288092319010822,0.3730874013068153
0.018618425050245274,0.8787986201572542
0.020294992548013924,0.8046183295953181
0.034391417887481845,0.18352184038915634
0.027792493873461666,0.4188884444657426
0.020142153085833975,0.8119165349872927
0.019413406259152582,0.8453517235916627
0.020528021722409445,0.7933234901746493
0.04740326126935698,0.021625998631760245
0.035133130643135946,0.1654504412734917
0.04825431886055742,0.018363736536340304
0.02015882793258922,0.811124723239625
0.027093118303827657,0.4525286732347243
0.024400999183395278,0.5909143297378996
0.03113438594024731,0.2818727236724276
0.020431611753745083,0.798020093832278
0.04319762988637843,0.0464929664849056
0.0262125978295297,0.49736332976115366
0.04171673937043796,0.05985551081004108
0.021206297795289375,0.7594493541243003
0.03554022938952539,0.15615338704847498
0.031229204081511863,0.2785405048161412
0.01787773708716267,0.9065862357503858
0.029455178582135977,0.3458823557002498
0.026421560182930848,0.4864734968011818
0.015781776232203004,0.964540995875222
0.03550997856372906,0.15682947610906967
0.024423902212270532,0.5897073837784315
0.037718411740889524,0.11330960510716684
0.02468172219025533,0.5761621696176906
0.02833694989460478,0.3939065099196859
0.03315425955497664,0.21709527160898376
0.027576409232012877,0.4290958670927759
0.03814843958413544,0.10611887422097964
0.028879781288382173,0.3700449914350812
0.04415383362865233,0.03931107279165023
0.03252761895492112,0.23582582080211156
0.016110431222974064,0.9575722653133688
0.026850355575558704,0.46461385475912464
0.037560460489298286,0.11604985159146501
0.046193996513341995,0.027146335796767684
0.024732782826241917,0.5734892808400608
0.032356347461159674,0.24115473369730525
0.02700872726127726,0.45670596616586884
0.029558982618138163,0.34164617220193666
0.015801591531980685,0.9641430407046206
0.029121225192138334,0.3597650926811708
0.028951075697240813,0.36698822718514235
0.02029776023214036,0.8044853450326634
0.029318077105897067,0.3515347526132345
0.03190518561036948,0.25563183012640694
0.01630647323513157,0.9530392707803291
0.019004934336997778,0.8629707914767424
0.040409298958913764,0.07426721659671359
0.03174080858324929,0.2610668677695636
0.02510332072472951,0.5542020795618441
0.03081484401185497,0.29332102980375935
0.047788952567620724,0.020088575089446344
0.02169707508682961,0.7341973979584713
0.0393087617399559,0.08858430973744032
0.041565040448579005,0.0613942498339789
0.05743196430751393,0.0026178215545298693
0.026513581997353985,0.4817271125488082
0.03004547626451093,0.3222883556284412
0.016619453255472094,0.9452156013878433
0.0228994223354681,0.6707585233540156
0.01576170424719653,0.9649412218695693
0.01991754716050298,0.8224716512264192
0.0324487172523269,0.23826944451901208
0.022250622285281185,0.7051899742591408
0.028096675351594505,0.4048014017345112
0.03160271313688434,0.26569991471434307
0.03869711423031058,0.09749787865930444
0.038012726680804576,0.10834616737005723
0.019671972551316766,0.8337639695473257
0.016352342837612388,0.9519378191471919
0.01841323190259181,0.8868433756988563
0.0172773632830463,0.926427233025455
0.023937263254090846,0.6154583383416399
0.031427952875905385,0.27165135980473015
0.030257298286631373,0.31411330976677954
0.03132481679944332,0.2752102167698279
0.02830226763295246,0.3954664732088545
0.01601933150011925,0.9595827549116984
0.030150716493877627,0.31820761198306263
0.0501833142973338,0.012540862847785942
0.03339065839091382,0.21033631984634046
0.025998303246882334,0.5085788026870055
0.013634415189307303,0.992374403551736
0.011142693617557708,0.9996558300595563
0.03840171699015443,0.10206372314599921
0.02220098420474015,0.7078085707222662
0.04540623027431445,0.031380604715280445
0.029921192636478966,0.3271562780090059
0.022016406196342875,0.7175185372578905
0.030211999606810203,0.3158487214620577
0.02119653191708254,0.7599462601752723
0.01202885889858929,0.9986940155463777
0.03223736067307004,0.2449106569424822
0.016516810527584802,0.9478609893807579
0.024173518891714207,0.6029307691691776
0.025403669808731877,0.5387266571383733
0.025656852974865085,0.5258058108538342
0.026291649017688767,0.4932254301154724
0.023598029052554703,0.6335079109796176
0.025833053839949494,0.5168863987668894
0.026994990520249007,0.4573883302943018
0.023974511882651095,0.6134804520846142
0.02798538279977686,0.4099173042048158
0.02224246968499055,0.7056202519825496
0.02306785060422417,0.6617810393856054
0.01927392729884786,0.851465872508097
0.01998532436493272,0.8193086129232517
0.021762976633951547,0.7307693245923548
0.036636385078744116,0.13319537974647877
0.021821975746260103,0.7276938159193549
0.0465270447183066,0.02551363761719117
0.02891009369072184,0.36874315809115804
0.030972737000229178,0.2876218895749881
0.023716913896094108,0.6271760149367795
0.018178173002476705,0.8957378029446993
0.01843820759931547,0.8858779457924584
0.019377899762005546,0.846917501744316
0.028623157716191033,0.3811958555062517
0.03258351408302668,0.2341063702472236
0.019947724315479032,0.8210657465661861
0.04223541401041797,0.054841684174281174
0.026172004557773354,0.49949678316956103
0.020613827784863092,0.7891165473902911
0.01866069509745938,0.8771098439253093
0.027564799852844102,0.42964898575902605
0.01904890654033159,0.8611166668930339
0.049656561215005224,0.013938008364502484
0.026144644399989758,0.5012702012924125
0.022918194570561545,0.6697583791054174
0.03987691978154051,0.0809274236782833
0.03771940600671653,0.11329252658797763
0.01539977809250237,0.9716651424815008
0.029014264859705402,0.3642938944117649
0.040651658398672186,0.07139273130955878
0.03253140916432029,0.23570892117352554
0.04161438688057695,0.06089003447130225
0.024508640985071772,0.5852468207493102
0.029113660411080544,0.3600840762727305
0.02223408494625012,0.7060627015815069
0.03709236099795099,0.12449305966385857
0.022613534198090535,0.6859688990116193
0.04352091493190946,0.04394685677993824
0.04324529217844392,0.04610973330521285
0.039991512054552314,0.0794527670937487
0.02924576039480903,0.35454258123552845
0.04050506238797691,0.07311990130710781
0.02267230242981394,0.682846054533665
0.02692917385442284,0.4606670762094812
0.026616438699234468,0.47645754963317394
0.018571913094017817,0.8806445394429915
0.012799782692681227,0.9966766377559316
0.040079602777316925,0.07833464290280702
0.023586758733836533,0.634108453966878
0.022005121162531838,0.7181106968532238
0.01822828449898417,0.8938710357760268
0.02945040987678632,0.34607786212649644
0.029170345961445743,0.35769869029677204
0.023044566931741117,0.6630225515997665
0.028450091877780692,0.3888471645486549
0.02950623264763419,0.3437941980916598
0.025794694095763626,0.5188229121051305
0.02093380404542655,0.7732203173836156
0.029081187419135707,0.3614556378433597
0.01889266929054123,0.8676560122730823
0.029189778953998546,0.3568835158008704
0.02074471584219123,0.7826525603803188
0.02724075073654053,0.4452821240518279
0.028375089387080166,0.3921959676124656
0.03821801736568098,0.10499178721039532
0.04058258984249369,0.07220211794531856
0.01786268222085302,0.9071140909586938
0.017868051567476173,0.9069260053602768
0.040209588690041376,0.07670906671124218
0.022997114887139736,0.6655523550020916
0.03522032767466998,0.16342272661699747
0.03104915708156597,0.2848931974170023
0.03507735186154409,0.16675805485129314
0.03553700752016242,0.15622528237801164
0.028055647086758895,0.4066822652496635
0.018847027934174698,0.8695405483204365
0.027348284306610737,0.44005281337410596
0.017377032768700174,0.9233080365784612
0.022677451238518817,0.6825723465273716
0.02471442316689168,0.574449968281437
0.014865171735142901,0.9799441420730779
0.03273436465143886,0.22951387474257956
0.023091388636744536,0.6605258536812537
0.021539164692575996,0.7423783132680333
0.02777574713335218,0.41967357736255656
0.017122720787423273,0.9311261333196347
0.019516720350468808,0.8407602726781253
0.02699931128148414,0.4571736265408627
0.01698125678107637,0.9352733877174725
0.01868793947789582,0.8760157616385387
0.03628706637451615,0.14019244253818544
0.02988119667207073,0.3287340947790753
0.01855833965079512,0.8811807773694444
0.03876505968681354,0.09647213157511846
0.02197139261727854,0.71987942865233
0.03569570603974903,0.15271545020651237
0.015979842114474896,0.960435404506538
0.024090931977128194,0.607305036811513
0.020915297542981603,0.7741481574535536
0.03626477802596301,0.1406488332588195
0.031350849033491335,0.27430866487477396
0.03615729819113911,0.14286661282915106
0.02493280154068342,0.563052986465634
0.0328977720158945,0.22461759857593633
0.05085158708982351,0.010950494846614162
0.026141883728411086,0.5014076438961235
0.029654899178622074,0.3377650519717012
0.018813438671966387,0.8709198741200521
0.021984218988506665,0.7192070082826374
0.029043758469391223,0.363041105099726
0.026525678548233955,0.48110542658748856
0.02241392181031729,0.6965562404335823
0.022675922908767743,0.6826535935126556
0.017583688871072756,0.9166169834239746
0.01690835599429108,0.9373537847058409
0.02233206876548044,0.7008873334239716
0.02235245168138511,0.699809439526583
0.02189091374777652,0.7240928166289242
0.036760338731236575,0.13078201121618926
0.045334468282523965,0.03179377285011518
0.015761371767396892,0.9649478269446543
0.021351077153482056,0.7520554461310209
0.01755383962945406,0.9176019250887442
0.031611025831269846,0.2654192892455606
0.03489642259877368,0.17105642910245492
0.03084194270842988,0.29233701206362206
0.026944063907594518,0.45992395502510314
0.03441551215196448,0.18291121837272845
0.02372870324782217,0.6265484316048135
0.02337532392780345,0.6453811072251368
0.01947083741133293,0.8428058495374706
0.02096531717185679,0.7716381197815697
0.03770673531319779,0.11351033039511255
0.022058751001276466,0.7152949652960482
0.023392362885238605,0.6444723465435644
0.02431900902077444,0.5952395560813006
0.041407422968391394,0.06302878029758656
0.04044587492111218,0.0738272207151831
0.039408767343613926,0.08719406377733135
0.027187349386964432,0.4478943503611223
0.02328132438960695,0.6503950019751015
0.05247370735052037,0.007820626064044513
0.03771308783481209,0.1134010900914688
0.020681152217282867,0.7857985888794023
0.019167057940138843,0.8560828196206687
0.022222683319598535,0.7066642163384628
0.04084965532771356,0.06911509669344036
0.01832633777944248,0.8901720106877518
0.0319430744325937,0.2543912858594108
0.043708115909408735,0.04252860847166123
0.02543697113127441,0.537020417656579
0.0318769810049947,0.25655826526022574
0.02897276236775742,0.36606194677251797
0.05169035714083681,0.009213251514472758
0.02133681137880966,0.7527862116612474
0.028031858019693545,0.4077755716518978
0.022971304648760127,0.6669281170319533
0.031974686894859494,0.2533597337916937
0.02763973808596476,0.42608708470297724
0.04585819759639376,0.028885304169518584
0.022401467949324405,0.6972156367438636
0.0192749059202314,0.851423319568807
0.029773127165158952,0.33302486641910173
0.02301453579995366,0.6646236631020843
0.03562076276746595,0.15436492647759892
0.023596460789069185,0.6335914738830877
0.044676156179655646,0.03581263482293093
0.022675297890820456,0.682686819436831
0.029197852077285202,0.3565452526453267
0.029560979025650497,0.3415650660799894
0.028300372123483297,0.3955518537021012
0.02017730663437667,0.8102459708031923
0.03413213542248095,0.190195268267396
0.033247381855221025,0.214412964775707
0.024020021815187698,0.6110652104912744
0.03937012553574604,0.08772906120178167
0.03303148425827085,0.22067134618583473
0.021043848483089822,0.7676831248801249
0.023079061200179662,0.6611832378015388
0.031017183754705413,0.2860325023165112
0.020033773809876365,0.8170357274281815
0.026367287294330577,0.4892869523154182
0.04629457623405875,0.026643797228564838
0.017149709171912053,0.9303184685111305
0.01569045619030618,0.9663384984267375
0.013528955069761754,0.9930731313974285
0.024270687983994454,0.5977917979747848
0.025626492421569058,0.5273488504581627
0.03221108200776246,0.24574614249785787
0.02287165670451452,0.6722375653333861
0.02031549273976463,0.8036326330369028
0.02027182173450283,0.8057305311517204
0.029030320274117782,0.3636115362813966
0.02913397567503384,0.35922789709015823
0.030215292583634423,0.31572233102957725
0.030486699441357734,0.3054316455127083
0.030912654782187854,0.28978079467990087
0.020909381420704698,0.7744445586297156
0.03500462649535124,0.1684753247776922
0.020012068048202658,0.818055207049296
0.016567829624456798,0.9465557918494601
0.02827388414096199,0.39674630003365413
0.027959454740751177,0.4111154950709788
0.019204773271238706,0.8544602791900752
0.029031661836488032,0.3635545605368819
0.0302647064449022,0.3138301633392611
0.03206080011868817,0.250565838231646
0.023090018558667214,0.66059891706941
0.03139450673751365,0.2728016682734871
0.04015705231657907,0.07736260447621078
0.019589500545292293,0.837494709159282
0.03316858285483837,0.21668101789318273
0.024137309811178315,0.6048479024500399
0.028464715868120438,0.38819653505297935
0.03956987652701438,0.08499295190158034
0.03134055867752328,0.274664777455864
0.02168064898478006,0.7350506207811391
0.024573492013320264,0.581838679213422
0.025995168624077913,0.5087358568521859
0.03321782829750414,0.21526142960533887
0.014557298646618644,0.9838680619504108
0.020286256088511978,0.8050379188224048
0.031505955814900954,0.26898274536866756
0.024668088170078692,0.5768764451232387
0.05333165362354386,0.006517264121001635
0.02509905967581616,0.5544227033589448
0.04658542648338748,0.025236564362329135
0.022382689827074143,0.6982096023284199
0.022460018355280914,0.694114302865223
0.02060806858187858,0.7893996868932848
0.0439560792340265,0.04071142993461462
0.02169340046415913,0.734388312677321
0.01589131467276511,0.962305601433905
0.030166464900387324,0.31760020850238263
0.056002858328559835,0.003625206806535665
0.019216495300379943,0.8539544645687399
0.018733682154893905,0.8741690035617558
0.028332030436837463,0.3941275212073893
0.017917319086399264,0.9051911472321976
0.04802574524732928,0.01919366658021043
0.021830267025478856,0.7272611325992384
0.029172397859705712,0.3576125550231896
0.0316013815484944,0.2657448880907223
0.027029925494501006,0.45565427869527025
0.013679839107399672,0.9920578492627538
0.03156688964685739,0.26691182136995084
0.021366256105314174,0.7512773886386865
0.018671495393560944,0.8766766491720197
0.027422457508468667,0.43646986118116754
0.035898828946883676,0.14831608886839592
0.027509946705710164,0.43226891984191274
0.04615840291404538,0.02732617231153497
0.042241872849305806,0.05478160038855452
0.02233886009920194,0.7005282402615258
0.0326344011516444,0.23254935234060298
0.022727595843540782,0.6799058274560825
0.02822767865625586,0.39883584386660714
0.03539279181104882,0.1594707643202726
0.026575100026622334,0.47857088800546627
0.023819289356871054,0.6217285457343121
0.021177055279352874,0.7609365512869466
0.02700825878922558,0.456729226132624
0.027341351826274007,0.4403886919167993
0.019195896863828943,0.8548428231521585
0.03214129126580201,0.24797555377677102
0.02418269548633213,0.6024450833003886
0.023422413659396124,0.6428697110877031
0.02301306475093201,0.6647020864089648
0.027875343286597243,0.41501893804655293
0.044632119241986734,0.036096688354484645
0.04057665798698962,0.07227199294946855
0.03578051941169191,0.1508658922965738
0.03084789220942885,0.2921212989482146
0.030965939573247836,0.28786553781651725
0.019984628004471205,0.8193412095300204
0.03915611604907382,0.09074218727605404
0.03074177962640884,0.295986369688132
0.03581374619756894,0.15014624526982862
0.02754405690578199,0.4306384624374869
0.03382991705357308,0.19821328998993168
0.02722017310136937,0.4462875115628993
0.028937144682394833,0.36758411919321793
0.03829856700351775,0.10369939802652106
0.034717012975137185,0.17540538368350114
0.01296887737280987,0.9960134080560857
0.019271298694577887,0.8515801464183512
0.01637389850306903,0.9514148542698226
0.04582130727558098,0.029082208443432015
0.04155819923296089,0.06146443389214143
0.025646198745087,0.5263470969213526
0.017108922164574825,0.9315370442913995
0.026349248332429465,0.49022439351926683
0.022673626680715542,0.6827756596602512
0.030107549042410753,0.31987688015442933
0.034664910806803284,0.17668468501791154
0.017501185463995553,0.9193242049722345
0.02601845627794186,0.5075695742419621
0.02006790923800507,0.8154285201783275
0.022194251365088374,0.7081635284060466
0.0453545913451891,0.031677434970719114
0.02643082943279429,0.4859940347171932
0.028349345828533434,0.39334999130908826
0.03096835102875578,0.2877790836353745
0.03219989273827106,0.24610254432708378
0.018688876756276923,0.8759780444089946
0.025155563517258006,0.5514994726279703
0.02107765530969008,0.7659753404909738
0.014243355032123595,0.9872804679671181
0.016711771096734163,0.9427700302735849
0.023206987694758596,0.6543602856058524
0.033818770361845996,0.1985140069470504
0.025912101876713778,0.5129053145308516
0.020096732431880704,0.8140677254065944
0.020580041842594654,0.7907759853864917
0.04047378722655243,0.07349293497904917
0.019600584252988718,0.8369951801553402
0.02273476897603177,0.6795242624350926
0.04046382734095033,0.07361206974112254
0.022082526934194324,0.7140453739860617
0.03619239397744489,0.14213933778810178
0.039150837256108906,0.09081759234203504
0.023971733567097142,0.6136279466749532
0.04600327523206371,0.02812230038812365
0.026142863247574838,0.5013588757027341
0.02167011098020838,0.7355977329449154
0.025681892007307416,0.5245345753246449
0.02651120404289936,0.4818493855759726
0.030055272153106827,0.3219069189755596
0.03320152227346668,0.21573067912321597
0.040253028061382645,0.0761722284608752
0.025033889283262112,0.5578005799196164
0.022002013875341286,0.718273713242454
0.017894758140676648,0.9059876071603596
0.028601669135167263,0.3821401185407011
0.0224459974742931,0.694857256389377
0.049254339518895573,0.01509744347899347
0.028296661503726006,0.395719030111638
0.04442978899228189,0.03742728099523572
0.020294348638981025,0.8046492646731345
0.03909564022228906,0.09160920614220164
0.022480280163226563,0.6930403400697993
0.032039540599790306,0.25125340771568233
0.02950465834738042,0.3438584532550871
0.02841495122303278,0.39041368718754205
0.03289676986996548,0.224647379075411
0.022080791860508264,0.71413659025264
0.038711576821913285,0.09727878333199651
0.028703507396504624,0.3776795262104498
0.02045822217760984,0.7967270331522275
0.03785449457650103,0.11099179334341629
0.022874142226954053,0.6721051772427792
0.020868100951130453,0.7765098877022842
0.018118400591569273,0.8979432924739167
0.02381406314175527,0.6220065040666629
0.03019447106509887,0.3165221194303816
0.025747914224070856,0.5211885126025261
0.022484202148487398,0.6928324166327953
0.015842230418983805,0.963318013750882
0.027881692217887222,0.4147234179809119
0.02525377049318711,0.5464311387338631
0.022530971034897984,0.6903519702078178
0.0257516228272881,0.5210008133256132
0.03160255296448233,0.2657053241114494
0.024599391531186288,0.5804789710415094
0.010126378684237047,0.9999533724680996
0.026960725048089274,0.4590933817841606
0.0445440207416713,0.036670878471319335
0.02533326648391432,0.5423403599254095
0.017221615473424906,0.9281409608996927
0.030567801941745354,0.3024048400960407
0.02659944470598763,0.47732558913474066
0.05071469280895652,0.011260595995916037
0.023246191024894003,0.6522691024515351
0.01873046686726737,0.8742992138993715
0.028348077961781515,0.39340688750466785
0.029934722768078403,0.32662376495515916
0.027567443525729707,0.42952298800480476
0.025072678470030973,0.5557892788647731
0.01959712016072901,0.8371513649531991
0.02343934406505649,0.6419668624532069
0.027293421945846053,0.4427155876540541
0.022109038875073622,0.712651086802714
0.029864801289267717,0.32938247005854704
0.03690709332435915,0.1279709954867835
0.025876828525505047,0.5146801897594089
0.020249118216886797,0.8068183259131273
0.03305941454745559,0.2198538457433843
0.03358438597509361,0.2049203769976376
0.02599847070534722,0.5085704130950788
0.026637369565782165,0.4753898316992166
0.03604272388090707,0.145261901899071
0.022950760134457848,0.6680230556279575
0.03855507134508368,0.09967165879372286
0.02305741661705632,0.6623374058780138
0.030615932256867928,0.3006190389259691
0.033874030495615326,0.19702669180289967
0.022154296807275736,0.7102688037387067
0.029400092288399515,0.3481455876751582
0.03391315696706898,0.195978904539071
0.04405393957905945,0.04001310957057369
0.024326978947614708,0.5948188176943701
0.017506882713950733,0.9191387880156899
0.01881407294273718,0.87089388796868
0.026101668626240804,0.5034116864512859
0.027228965483171053,0.4458577460786237
0.019079778294351923,0.8598086312526643
0.02914987314324674,0.3585589111207712
0.023889007476162294,0.6180220601141988
0.029559826702154013,0.34161187873041765
0.019061722781791413,0.8605742714054776
0.01627422749217866,0.9538042990580039
0.03919369692751884,0.09020687743010596
0.03125423624843654,0.27766571670580015
0.0365519994173813,0.13485904267663731
0.023692783301137332,0.6284607572340799
0.02188639471009185,0.7243291064664391
0.024467174998257013,0.5874285469343798
0.039565275199887145,0.0850551614921013
0.018767162163223272,0.8728095774929844
0.019460963962676076,0.8432446884926819
0.0347284748041331,0.1751249431125456
0.03274014338230419,0.22933933444557753
0.030190717882801033,0.31666644216153833
0.030666231455985238,0.29876107157044635
0.023781107611187513,0.6237595973458008
0.019232112622230957,0.8532794477795891
0.037697966131967076,0.11366127119102172
0.020200698346659662,0.8091316582863038
0.0186373496918692,0.8780438550336864
0.03245247208488544,0.23815271834863935
0.022751085869826992,0.6786561988342019
0.01959160602797283,0.837399862400793
0.021620143944448444,0.7381890560635396
0.030916887781169966,0.2896283002645403
0.026225727892185025,0.496674506476627
0.03886721790699377,0.09494685599144304
0.01925826591450608,0.8521461959622048
0.02056352006739237,0.7915860778774415
0.02357831699993751,0.6345583025249825
0.027517166329900533,0.4319234775646811
0.024487864697819883,0.5863397181894975
0.01765459933161556,0.9142523304743289
0.02587607514024004,0.5147181264773387
0.03378010212380006,0.1995599750135199
0.019704253827226514,0.832295066184248
0.05092566583190283,0.010785925087916592
0.0368846536949235,0.1283975879614058
0.0251112724885994,0.553790439283323
0.02693636799404564,0.4603079379003582
0.022565371826400837,0.6885263486177136
0.02082726599667728,0.7785479596659378
0.02501924951412615,0.5585602877805615
0.02039211643701333,0.7999345898123764
0.025102394950705986,0.554250010796141
0.01835247896361547,0.8891755902122804
0.03275418238788691,0.22891572671730037
0.04202341048160829,0.05684559477221655
0.023163968032512583,0.6566549434996785
0.03601908236745066,0.1457601732361561
0.02602261955682486,0.5073611926103299
0.048382941144964886,0.01791094958470494
0.01628677233018344,0.9535075835771784
0.023363500311192498,0.6460117324166782
0.02363138062214687,0.6317310214335878
0.0335099016679169,0.20698967767722398
0.028912442431206553,0.3686424210034859
0.026518164182342097,0.4814915560347995
0.03275660035708694,0.22884282860589603
0.02394103422634547,0.6152580587027046
0.018895074454523653,0.867556375673923
0.021993598120431224,0.7187151551946055
0.024907767412059634,0.5643560810555915
0.023562703475948132,0.635390386483129
0.0255122967411745,0.5331684319573661
0.03185198442256665,0.2573814472972065
0.019073469012471977,0.860076375879935
0.03131160531846283,0.2756686052851719
0.021334690815989682,0.7528947974354722
0.027927911341802614,0.4125764088632475
0.030904169143369187,0.2900866702409874
0.01605449503389189,0.9588139227832202
0.015026499052566034,0.9776469135242908
0.0252372720903421,0.5472814778250716
0.020020651611457607,0.8176522863092981
0.020265792428974527,0.8060196050404411
0.020708858175664507,0.7844288855010837
0.015552144872107487,0.9689474776235045
0.016879402396145604,0.9381692812181693
0.022797758817487024,0.6761723898940919
0.03397261071671254,0.19439513784746293
0.04192521853917408,0.05779485208964372
0.03805581832429927,0.10763479752405557
0.025745442486980796,0.5213136270039871
0.03723377444919185,0.12189084236415497
0.04082100721349363,0.0694407701929272
0.029748983790601258,0.33398894398494394
0.03228501241337445,0.24340117238614756
0.02323420161305556,0.6529086462292004
0.015390532684502356,0.9718248220060893
0.019456513465435255,0.8434423404228458
0.021621107399015904,0.7381391360460723
0.03816774036796122,0.10580522035415069
0.024488388561198615,0.5863121553023879
0.03234554783419746,0.24149380835182188
0.02000697379776184,0.8182941912570703
0.015528780784832219,0.9693747979996894
0.023044243312744794,0.6630398065048211
0.015126673833620166,0.9761341844228394
0.023672916691699852,0.6295186704007442
0.0409401239584265,0.06809516706445326
0.020157651215846756,0.8111806362319788
0.032414445440702155,0.23933687264827283
0.037363224447711785,0.11954808620456314
0.041088355189024095,0.06645174980219296
0.028480365335159852,0.3875011198288963
0.027066314438767503,0.45385268926394107
0.031240495626124742,0.27814564989816415
0.04506828867559687,0.033368355948863115
0.03342087134258298,0.20948441782709826
0.027807247515967304,0.4181975815120751
0.027569103103006976,0.4294439051007826
0.02414723576341718,0.6043222495870216
0.03196003298169048,0.2538375135151688
0.02389966508965702,0.6174557173156539
0.028518082892427632,0.38582862562842507
0.031590604642061565,0.2661090805357138
0.04364775497190443,0.042981494857878416
0.017115215053597366,0.9313498181866636
0.014606541225015701,0.9832799133517571
0.025104139687633586,0.554159679526021
0.025069299735080874,0.5559643801605602
0.013616647932365611,0.992495638031942
0.029924337463374195,0.3270324492647472
0.021216078075265876,0.7589514765021184
0.02827782712175464,0.39656833800182567
0.022021889637415804,0.7172307386283691
0.021514439685629383,0.7436547513649583
0.04243600604924347,0.053001926545750054
0.025840363094440377,0.5165177452804071
0.028355461519552594,0.3930756264409061
0.0389962107433261,0.09304976788180187
0.01800390815635211,0.9021028171152443
0.024833151421630117,0.568245400747321
0.0201248893403973,0.8127351456308552
0.021714385207050463,0.7332977183792595
0.015778937657835113,0.9645977718567263
0.02555991322366019,0.5307388367773573
0.03385127701178803,0.19763803558580448
0.03720018917428669,0.1225047819523958
0.020771553071192828,0.7813204513278185
0.030138161857251378,0.31869243964909383
0.03416209733368869,0.18941447698288913
0.02291308859127325,0.6700304277048519
0.015627763953480367,0.967537933729459
0.03099975823064048,0.2866548486655581
0.02484879966988479,0.5674290888601854
0.019480184737984352,0.8423899546294068
0.014110404007230182,0.9885569618014891
0.026929438561973607,0.4606538584833416
0.02044671612753829,0.7972864468427454
0.02813827006537828,0.40290067840513233
0.028992503901098587,0.3652201820130803
0.02911807321432014,0.35989797757436753
0.02400712133510985,0.6117496958893229
0.026190951517446215,0.49850026384965684
0.01837989442300436,0.8881259999698029
0.027848907234801157,0.4162509852623173
0.02455618847438501,0.5827475537088652
0.020989477360694342,0.7704231908061723
0.020042368836357682,0.8166314965040168
0.03353837877196486,0.20619662040801562
0.035055758532841375,0.16726647459526378
0.017027385605982714,0.9339369984897019
0.04612622752949902,0.02748964313432044
0.0329388668800481,0.22339901394802722
0.019181883798257693,0.8554458959474298
0.03759025017468537,0.11552890070282577
0.021089212659488488,0.7653908062229299
0.04412719178874569,0.03949724773872994
0.039773376735542265,0.08227969132485068
0.04141764931454872,0.06292161294320783
0.016263119438692075,0.9540660639376357
0.04471500994356481,0.03556364162486412
0.04004851472862203,0.07872771089152322
0.02609914183331269,0.5035377224215927
0.0133658214520882,0.9940582728350174
0.03865517152219572,0.0981356026176553
0.020136296996009717,0.8121943517030562
0.023787130314566918,0.6234391722343553
0.02176445522060977,0.7306923223824888
0.027532944606850296,0.43116917104707425
0.03322943078359797,0.21492801927718816
0.04280092750247044,0.0497912155692587
0.038113587806865856,0.10668719856460215
0.028248708680005896,0.3978838667908515
0.02815313628842331,0.4022228387363721
0.03359816153160866,0.20453944358076742
0.01939597449632835,0.8461212233321427
0.024454342008776497,0.5881041442865103
0.03115902335384313,0.28100404315262406
0.02181201516613092,0.7282134593993825
0.02568737008960731,0.5242566152035824
0.024206928899785374,0.6011628492733664
0.02915861873890846,0.35819126199165136
0.02067663398810826,0.786021723373646
0.016731792530159578,0.9422313742949602
0.013901427696811228,0.9903726473563322
0.0198089841587063,0.8274968465892617
0.03581714225848465,0.15007284745716168
0.025279558007440972,0.5451029548110438
0.02418013572060357,0.6025805555508987
0.012229456452428303,0.998304741635428
0.034278873936674226,0.18639541527970668
0.023158340820613188,0.6569550859077559
0.029373741006080034,0.3492319658842021
0.039596963787902006,0.08462750988386561
0.027409646433701113,0.43708729973593546
0.023226364150642886,0.6533267133574134
0.023585528439833137,0.6341740132064129
0.01955663732900681,0.8389723838962252
0.020133379919080485,0.8123326887542429
0.01934601139103609,0.8483183301639234
0.03605816824754993,0.14493713953054888
0.0151993347824525,0.9749948453657695
0.02201832739193621,0.7174177081231734
0.026850534260686176,0.4646048821408613
0.02004666846958436,0.8164291671726277
0.02605067434688113,0.5059579551938169
0.023649355940783323,0.6307735117545493
0.038849183624673156,0.09521464288934568
0.019882002022663825,0.8241226279181302
0.022774967351276376,0.6773854334327624
0.038377644805435096,0.10244350942882278
0.03197096118949072,0.2534811429319182
0.024873309840087288,0.5661511775816499
0.04136864272058638,0.06343659879170097
0.027218662590467985,0.44636137206344073
0.030381091311419306,0.3094062599181816
0.021282057568944523,0.7555865594273685
0.02766897852415809,0.42470268571268305
0.03594391078703685,0.14735369139543053
0.021057873248469305,0.7669750246788941
0.017295638017858495,0.9258606165017433
0.026838034832237623,0.4652328117484577
0.03145702277672635,0.27065451855876843
0.015787160163268865,0.9644331492371641
0.03663122535485741,0.13329662115962304
0.030059399345006343,0.32174631073229554
0.02047727605703345,0.7957996227954021
0.016698380350956776,0.9431286497908982
0.055193748285556066,0.004343152957980164
0.04282408136069438,0.049593295961514114
0.017628937724584903,0.9151120895064413
0.04770461023287664,0.020416199053443138
0.02999798250687713,0.3241423405042359
0.02085833701464479,0.776997658611338
0.017810298884717524,0.9089388467316405
0.044199910763302014,0.03899088975487807
0.01904207397968838,0.8614054616820398
0.026442318359105488,0.4854001815400866
0.02023807071572259,0.8073469328202247
0.019361203542748173,0.8476515919742702
0.03410465771056781,0.19091354818664563
0.017217112887558145,0.9282784015412242
0.0253487225085971,0.5415462769930232
0.028066118474878055,0.40620165536667485
0.022994872577515646,0.6656718843440281
0.027506940566427662,0.43241281148606897
0.01799334385653928,0.9024822748116477
0.03920001670405748,0.09011711780860227
0.02674845168691442,0.46974947868605066
0.031356487798772203,0.2741136738472024
0.02587033991551846,0.515006962093946
0.03914256229110458,0.09093590199659655
0.025075259092253388,0.5556555514299122
0.022840936513728538,0.6738736184007412
0.03327195625869539,0.21370942634781628
0.04866119097659782,0.016965412720626124
0.03000790337860887,0.323754427887948
0.024522649687826248,0.5845101990306039
0.034309865426479624,0.18560059221692993
0.014006640392035752,0.989486962591303
0.023210000592601837,0.6541995737555524
0.02311225434583014,0.6594130900700532
0.021831334642406497,0.7272054102729486
0.025741855263275104,0.5214952267334579
0.03016434644296795,0.3176818665387135
0.02138943029352014,0.7500884910960972
0.022781063765888093,0.6770609865394175
0.02102693067987399,0.7685365800945289
0.021243699343549527,0.7575441012687989
0.019924223747482206,0.8221609350823305
0.03470534929588273,0.17569112911232113
0.04232607488386697,0.05400347548531916
0.03358492049102535,0.20490558579088816
0.021963279501704847,0.7203046309518497
0.01968184927561001,0.8333150562611364
0.022558374807551296,0.6888977496146365
0.024238233469612513,0.5995072521608367
0.04701616118865559,0.023273389037763884
0.030574122129970183,0.3021698954103213
0.024678602849576903,0.5763255684049362
0.02126458011347887,0.7564789310702182
0.018044105239702568,0.9006522495755847
0.02176978671685509,0.7304146355314454
0.021908073305591053,0.7231952885036219
0.021134230951224686,0.7631105576433558
0.030679787677762915,0.2982617781786578
0.026004453727359433,0.5082707056107425
0.03434249595307792,0.18476662800437835
0.01967923818469658,0.8334337784393998
0.023434903884693603,0.6422036392222383
0.01825531642151612,0.8928573617101424
0.023657815795254056,0.6303229156567008
0.03408103281338071,0.19153281904665434
0.026058696014784055,0.5055570406787186
0.022166419152026717,0.709630265398758
0.025201220856858386,0.5491411695985005
0.022380089390649616,0.698347221776042
0.020408294749566402,0.7991510415440115
0.01924815692140358,0.8525846515245854
0.04212365046546496,0.05589039056477705
0.03318508642909268,0.21620446675296864
0.021646872392685812,0.7368034946086351
0.023718034802053367,0.6271163429140301
0.03164203815444799,0.26437432200981265
0.022707064246148545,0.6809978118472801
0.027066432025662723,0.45384687528656753
0.05356475295396734,0.0061991463555426275
0.03264786342879877,0.23213877241994987
0.02797329888366873,0.41047543005175113
0.025514892644454168,0.5330358690825248
0.023297227631609463,0.6495466910836828
0.025865981082513256,0.515226525598728
0.027877983679810925,0.4148960197403354
0.02396233723674912,0.6141268165296718
0.037473373841428015,0.11758390329350261
0.029836807998459114,0.3304916336119035
0.03501077812125475,0.16832952187631595
0.031150894380549743,0.2812904385507005
0.018892582525203205,0.8676596060138515
0.024411879824020266,0.5903408705980333
0.04236033240866888,0.0536896313786061
0.019414806449560285,0.8452898485258713
0.023208276300479502,0.654291549774608
0.018671476399448772,0.8766774116222869
0.01753902145794939,0.9180885763575475
0.024076728426222146,0.6080579004644537
0.029932375162343983,0.3267161159858589
0.013759189016016415,0.991481679199661
0.030340899254703513,0.3109288115914154
0.032478637117052234,0.237340542141225
0.023914248212975497,0.6166808898563456
0.02709366288582149,0.45250179939693763
0.03442791028246328,0.18259763866836423
0.03927744526884358,0.08902346871875493
0.030691816606340128,0.297819252239384
0.019083940723065074,0.8596318738869985
0.02440626579100494,0.5906367398371821
0.015809542748897565,0.9639825583696529
0.029871995504976434,0.3290978523849708
0.01946024631766241,0.8432765665536339
0.042385030514401456,0.05346434022811611
0.028318132131311513,0.3947523793222589
0.030589618432233012,0.30159440876922267
0.022412252447324366,0.6966446369866978
0.025474752383652877,0.5350870698594742
0.02637641299671234,0.4888131521617688
0.023746882102159042,0.6255808438005303
0.012924579520975255,0.9961962348262635
0.024643843145841005,0.5781472065773359
0.016437945513433805,0.9498407897438622
0.03496467858391705,0.16942460401286405
0.028031511101687112,0.4077915303228614
0.038134827164578444,0.10634055093863527
0.029822991862617027,0.33104005616893484
0.03445949028874484,0.18180082220205313
0.03140932334468982,0.2722916334732578
0.0185259139912769,0.8824572897934124
0.02639659193687366,0.4877665265494597
0.03179337173827301,0.25931949551709205
0.04231269074804106,0.054126520446816165
0.024117229796690787,0.6059115406571872
0.027466247451972126,0.43436379828604704
0.03182253868366186,0.2583537075936219
0.028038045250845633,0.4074910230206278
0.030981815275910624,0.28729672486350105
0.025994505115517708,0.5087691033342086
0.023062111026698306,0.6620870909109802
0.03800714736896044,0.10843855645452753
0.01762163565405095,0.915355903588114
0.020229059750802594,0.807777747204208
0.02500025815036966,0.5595463034623914
0.0206743217888381,0.786135886736166
0.02863790622475071,0.3805487119330978
0.023496081369148825,0.6389416461067402
0.014527857335852823,0.9842126991801482
0.019497766694149488,0.84160651647168
0.029786915195500918,0.3324751925867375
0.022676056857092286,0.6826464727937049
0.018877852013577057,0.868269113661295
0.027343526238769067,0.44028332320411884
0.030037536671912557,0.32259775165627463
0.03355278927688188,0.20579620693633613
0.019940322155441885,0.8214109607167099
0.01497832332226745,0.9783507240938377
0.0318598844147312,0.25712107093870534
0.050424745172655605,0.011943740220991544
0.03518702012986186,0.16419491387365268
0.023324229908285643,0.6481063614440653
0.030418100697178097,0.30800910627287265
0.015326169484212837,0.9729200262205489
0.013236114787555098,0.9947630411846727
0.036180044026172614,0.14239491754711675
0.026985977624999102,0.4578364062209017
0.039067339355554176,0.0920173223073299
0.017067023993502795,0.932776295987547
0.033621441100822935,0.20389695368364089
0.0155942766219197,0.9681671446009615
0.030467768083214164,0.3061413672460827
0.0244085382544465,0.5905169730275703
0.01925123952252994,0.8524510066018955
0.046136647815096465,0.027436607333280648
0.03189384288554273,0.2560040991897205
0.027345269319778875,0.4401988683463924
0.02708321286775517,0.4530176679255062
0.01913800033090285,0.8573277614652619
0.03696311130022789,0.12691111385849554
0.017074244071861533,0.9325636490005621
0.022711363107451588,0.6807691951997763
0.01996416723716088,0.8202980669384231
0.02730103422006258,0.44234547975247307
0.021939342395164624,0.721558578520404
0.03098195288094041,0.2872917982410722
0.015336920317231495,0.9727390835883222
0.047905241210461136,0.01964454199553205
0.04069479032154372,0.07089120680791054
0.0517190034712135,0.009158600233478486
0.022433865660527186,0.695499966240598
0.023970501626373292,0.6136933493822438
0.03704862477544446,0.1253070313489293
0.028244346465261222,0.3980812044209471
0.03189760968841765,0.255880426978671
0.026515383654537872,0.4816344857913191
0.035655332896722625,0.15360227686552114
0.024226117372290412,0.6001479268653107
0.04658652653583645,0.025231369312309015
0.018929984885064588,0.8661065063502851
0.0313959523800236,0.2727518731804425
0.03062769937219556,0.30018362135774973
0.025046416473376465,0.5571507632276957
0.0324768424037285,0.23739618318308908
0.024832487660878116,0.5682800343060153
0.027179319253739787,0.4482880398937926
0.02711590418209675,0.4514051484773475
0.016893038366857516,0.9377859787098084
0.03393077016874374,0.19550866108731094
0.02431679994194258,0.5953561862096236
0.022662505797043653,0.6833667913393339
0.026916681378290952,0.4612911513337399
0.016621466565736875,0.9451629364552682
0.02781351266359189,0.41790444055326564
0.032289870406496,0.24324768296753652
0.025400898077594602,0.5388687602256158
0.02666231988390222,0.47411911423177855
0.036133726003901745,0.14335677997641466
0.01970281755846276,0.8323605229684881
0.0232342520092782,0.6529059579807425
0.01849803295796093,0.8835497863567041
0.03656632470927773,0.1345754328831549
0.02929675978492885,0.35241949695333863
0.022259093836494215,0.7047427824979527
0.038079057775367686,0.10725276305845922
0.03359021578834778,0.20475909852010696
0.027771912402733967,0.4198535006420006
0.037283236903212336,0.1209912699124634
0.02099310183196057,0.7702407879689288
0.0264399890866428,0.48552054178078424
0.039115800948693935,0.09131940159186389
0.027208926867041572,0.4468376219533965
0.020838434483831936,0.7779910368897746
0.018876359049102454,0.8683308198740217
0.030551405864357117,0.3030149687701356
0.021078399321764585,0.7659377214424659
0.018931854842160756,0.866028651946869
0.032388489801145226,0.2401477150601543
0.02231570786840109,0.7017522208246947
0.026740581896256943,0.4701476308455704
0.026699042414688234,0.47225287438687963
0.046221152698268875,0.027009833349835206
0.025974293696365947,0.509782286332374
0.034487911612132494,0.1810860594068504
0.04497633161935949,0.0339280183273869
0.01670180297246171,0.9430371135070833
0.01645282759840183,0.9494707060934485
0.023634315468730738,0.6315746795166401
0.019630093481676714,0.8356624108677994
0.06712810326746621,0.0002314684373443688
0.034507876153557104,0.18058530629967193
0.02393080127051972,0.6158015618375612
0.023912651650061734,0.6167657114997112
0.021436829461471102,0.7476530413487661
0.02589980366172895,0.513523840005226
0.02573650071770528,0.5217663429978857
0.029360572456680334,0.34977576789855275
0.016529413578051322,0.9475403562425531
0.028271091026053116,0.396872397527928
0.016065291284001207,0.9585760543050377
0.025904806007602255,0.513272214486179
0.024080369373678856,0.6078648956610266
0.020426601664814803,0.7982632632472106
0.034633475645850675,0.1774601099771059
0.030842001492125903,0.29233488014653547
0.029604980554677085,0.3397809624157858
0.020835278849424266,0.7781484324047738
0.028502340209180632,0.38652608516084463
0.021564824918721914,0.7410522685399483
0.026295448526265974,0.49302710527616533
0.019141857811373564,0.8571627505773319
0.031175626182369853,0.28041977677923674
0.029981839934901194,0.3247742457961501
0.021560857307314496,0.7412573903450959
0.033338673587978596,0.2118084177958832
0.02374353787280814,0.6257588318752328
0.029154192102008647,0.3583773164314589
0.034234006717609455,0.18755085847115996
0.019801197352295796,0.8278552943054283
0.03271191920282879,0.23019278407088306
0.03208361032026358,0.24982970644120725
0.017243816634355646,0.9274611482537726
0.03334423555631938,0.2116505333089535
0.033689532858733884,0.20202674192850867
0.025902593492954207,0.5133835008913592
0.028334214728223228,0.3940293792635542
0.028362296175285295,0.39276916390191075
0.024836510140027246,0.5680701597445028
0.029298990518455248,0.3523268394205968
0.024391237355524287,0.5914289294921036
0.0291089151895495,0.3602842698977532
0.037044945610954505,0.12537570239429877
0.025681204525308088,0.524569462582329
0.02009236712991745,0.8142740356758272
0.026894117087828184,0.4624197861211537
0.02681837645814311,0.46622151042084653
0.019981190739566057,0.8195020779467937
0.02570411514390822,0.523407328783469
0.028137304025323162,0.40294475309620165
0.022768963179351287,0.6777049521756264
0.014163847253744422,0.9880554783049297
0.019358800256894182,0.8477571426750309
0.024919619503771417,0.5637390332711285
0.021122989111181933,0.763680472663011
0.028278244785796214,0.3965494904326105
0.026548647643765078,0.4799263943872337
0.03829554971556143,0.103747569897742
0.02211874734225,0.712140276777427
0.014666723238222407,0.982540981848887
0.0391953746318392,0.09018304173367298
0.024574940111328852,0.5817626336032751
0.04756279254306961,0.020977824033715762
0.030284358113726095,0.3130799616207655
0.02437173518221386,0.5924572968140749
0.027396000966475792,0.43774559675048147
0.02235546505018715,0.6996500497203275
0.01645142473744282,0.9495056617863865
0.028084014083838704,0.4053811952544262
0.020809730520830905,0.7794216151753738
0.029137707450017647,0.3590707797955346
0.018241674385273424,0.8933695090596409
0.048141209314599254,0.01877033412748461
0.034213069442291466,0.18809197505904487
0.02915182643411718,0.35847677508782194
0.0269559451801355,0.4593315612785897
0.026462298330686695,0.4843685514304918
0.016951125336744338,0.9361379583692554
0.031207926143115627,0.27928571122270873
0.021772424657730327,0.7302772220310221
0.016800088515453754,0.9403717890598908
0.03223331297798959,0.24503920538169616
0.021556170548525877,0.7414996503798494
0.02634607053865423,0.4903896555712933
0.024991316744140124,0.5600107236153791
0.02493665715893756,0.5628523726244833
0.02082145491510523,0.778837583608451
0.04705185637557491,0.02311694949113537
0.02023948910608353,0.8072790911025385
0.021571542445253944,0.7407049063461757
0.03005425637064696,0.32194645672361716
0.04086317854998392,0.0689618161773815
0.027238437121126613,0.4453950878475245
0.025348029193520444,0.5415818884420014
0.03353925070862174,0.20617237532900923
0.015294868023389752,0.9734423124719341
0.023393900795992684,0.6443903250726242
0.027480307644846214,0.4336890295207762
0.02882964326481552,0.3722053705800344
0.020617957806121245,0.7889134355416847
0.031408006179082015,0.2723369455598545
0.020722785368585184,0.7837394398567411
0.02148598915827185,0.7451219434201862
0.018273378434539855,0.892177458186082
0.04299561789954304,0.0481480729046484
0.02576371590847537,0.5203889506812294
0.02772910456054517,0.4218655775580631
0.033019983018068966,0.22100866184667106
0.017809252564827793,0.9089751058532206
0.0270305494501841,0.45562334728592613
0.01775148882531208,0.9109653062762855
0.0206680785546412,0.7864440560601265
0.031757104212918885,0.2605242000852737
0.022433521180902694,0.6955182138460635
0.018329385218951333,0.8900560728230675
0.016724784126567083,0.9424202633258715
0.027347459174712818,0.44009278200371293
0.05820255322904966,0.0021888758359907127
0.01849195848298968,0.8837871810204878
0.015717990079271493,0.9658028369104488
0.031506533161474115,0.2689630669756405
0.018261894460291583,0.892609986458595
0.03545511554435743,0.1580616328418112
0.03203948748647911,0.2512551272828013
0.018562839166535228,0.8810031408196392
0.02094651825420457,0.7725823086022398
0.024645119823326955,0.5780802732066661
0.029823730905983892,0.3310107037011173
0.024688237315095285,0.5758209315942312
0.02353198742319934,0.6370275383747988
0.014696975596000694,0.9821610910791747
0.03115941592706062,0.2809902177359739
0.04117328800045594,0.06552544728970316
0.016700353094938225,0.9430759002667964
0.023154662903381862,0.6571512556950654
0.02353046111833096,0.6371088968325203
0.02842237364831446,0.39008244133275405
0.019604970205742034,0.8367973502979984
0.02454912113607166,0.5831188706366506
0.042085249142848224,0.05625467968015265
0.04635366129355706,0.02635243375586445
0.04314361508087794,0.04693061265479729
0.024260894652948006,0.5983093412335426
0.02145027087537532,0.7469614981656851
0.020389469122802262,0.8000627143434527
0.025908352259996992,0.5130938641480292
0.02114866668676496,0.762378244320365
0.033026460297413185,0.2208186431104444
0.03526863822698978,0.16230788350045286
0.0224343538803482,0.6954741043127792
0.02690383272309571,0.4619336006899728
0.02206321889532284,0.7150602052920371
0.03809242258762957,0.10703356780180699
0.029594446239628813,0.34020748080800034
0.020584148721894846,0.7905744749230472
0.03083096212347053,0.2927354483576355
0.019819675802918768,0.8270042429075267
0.018479054087320312,0.8842907448167001
0.03686150833334806,0.12883881446279236
0.025171571003709675,0.5506722615904935
0.02247832165100766,0.6931441653063716
0.029923364816853204,0.32707074396439023
0.025131273940147025,0.5527554673608747
0.05035676936956013,0.012109213170993042
0.027023166980961633,0.4559894081250996
0.03204603199142164,0.2510433132532787
0.03285839365695287,0.22579008687821106
0.02437879419328698,0.5920850227978962
0.016126939911493055,0.9572014282610909
0.03138347442312506,0.2731819000934474
0.022979319679111238,0.6665009131508567
0.026369248793918387,0.4891850876403488
0.03894952830436549,0.093732627871858
0.03764741541074412,0.11453461640993923
0.029574482068958297,0.34101685339135007
0.026488615959703532,0.48301185512303685
0.02369339987088681,0.6284279270991375
0.032808797206382107,0.22727352241307877
0.02823032065885095,0.3987161607402631
0.02779545548116974,0.41874970021472724
0.03545789592865223,0.15799900238543282
0.03139579894226957,0.2727571580142627
0.02709415635163348,0.45247744893659386
0.023255848370690613,0.6517539553083362
0.019408151328305756,0.8455838543845078
0.03774554608833669,0.11284427996166335
0.03846126008637257,0.10112934190032975
0.01913181389236944,0.8575922320335921
0.03619565967842259,0.14207181697337345
0.02204074142457671,0.7162409758500154
0.04415339138248536,0.03931415697631287
0.026167713336711917,0.5001223498637721
0.01975098130544939,0.8301603647026569
0.023999226590321554,0.6121686421387817
0.021074007774928016,0.7661597472370412
0.039197701447555966,0.09014999263974052
0.037891601206157255,0.11036662680070794
0.028562969468610255,0.3838447941733361
0.03493147095275184,0.17021695614699942
0.026769745439045534,0.4686732822403347
0.04002263895928149,0.07905614648394324
0.024056449443690786,0.6091330690282724
0.017064894583377954,0.9328389396098423
0.02970341146470734,0.3358141850818269
0.022357524071533574,0.6995411340785243
0.03701341272932246,0.12596552425686025
0.02101987238530767,0.768892419281356
0.02225105671984884,0.7051670435457049
0.023821038723624177,0.6216355083424757
0.02340789281074729,0.6436441039448655
0.018587112261968505,0.880042758060029
0.04063813777237735,0.0715505643438168
0.03357941154794364,0.2050580700698704
0.024697837948117862,0.5753181859450509
0.040216666469943874,0.0766213793544131
0.022114142787966196,0.7123825603474807
0.02408595904680555,0.6075686103015323
0.013430090563161912,0.9936836579368864
0.033581241383434046,0.205007411490275
0.019825697899903183,0.8267265597735608
0.046811220724044644,0.02418988760550726
0.024821058837710575,0.568876461244068
0.031166315304074876,0.28074732218124476
0.02438625858995963,0.5916914264265325
0.017828367320904093,0.9083115342122283
0.017169936624570004,0.9297096902768768
0.0288850324380725,0.3698192379094012
0.02628017109611397,0.4938248602393483
0.031096380877048274,0.283216647860732
0.025998530775475315,0.5085674036238795
0.026105246146182315,0.5032332642199767
0.011235051599753187,0.9995983526456416
0.017803766282320832,0.9091651057274763
0.03185696012068223,0.25721742971153533
0.02281272839093007,0.6753755136784949
0.02174111055717448,0.7319076208425592
0.03649548614657172,0.13598263467631677
0.0166150459995415,0.9453307838421433
0.029745539056816983,0.33412666061220275
0.03002330839852907,0.32315274894914425
0.02530096970630935,0.5440010087796325
0.018865444463989856,0.8687815504377037
0.025920378996929783,0.5124892028811161
0.026328102884796145,0.4913247434051732
0.02783321152889784,0.4169836584695277
0.01701797367558333,0.934210925804435
0.022638841400891757,0.684624403844896
0.021086409410980278,0.765532618377811
0.0224046809142866,0.6970455336005379
0.021869355994862456,0.7252197261790063
0.03060122584190972,0.30116387242696374
0.03680964988783686,0.12983190714687337
0.027527590323208673,0.4314250418126741
0.019030667219919528,0.8618870281009028
0.02578135217606925,0.5194971490560077
0.018295556339852304,0.8913397898634723
0.019665248974384264,0.8340693089504672
0.016756784275631542,0.9415548639890111
0.019487105920970693,0.8420817320470737
0.016011380694770483,0.9597553427316591
0.017748906919640484,0.9110537329874662
0.0240373600242072,0.6101454576778184
0.03730825486771061,0.12053835014641039
0.04855499606414837,0.01732087681542044
0.028984689009041165,0.3655532398771623
0.031199086479019145,0.2795957351199056
0.018752654710262107,0.8733994400470937
0.03421595496462593,0.18801732669961643
0.020462383571871245,0.7965245946085079
0.03264950998765159,0.23208859298133785
0.02201435001109814,0.7176264451239369
0.03464613449462456,0.1771475244623388
0.014806191488628495,0.9807419640149275
0.022742967899872818,0.6790880959209122
0.038026682515118204,0.1081153550577156
0.0453000190752203,0.0319938068331853
0.025716855350660373,0.5227615319364844
0.032038787799811064,0.2512777807841832
0.02318305625908007,0.6556367997790862
0.014570821286247537,0.9837080145607339
0.02594880517301651,0.5110612376335518
0.02094585936523896,0.772615383518532
0.01960921627732115,0.836605743348745
0.04138858865729622,0.06322656364461633
0.021880337515920112,0.7246457716578697
0.04395361144461951,0.04072917624041099
0.018780367756982885,0.8722715869152883
0.02505028027443701,0.5569503872196417
0.0276260487540978,0.4267362590299991
0.022393434491869812,0.6976409064737498
0.02253736597914191,0.6900126665739597
0.018103431509555845,0.8984919946406252
0.028271705184194862,0.3968446684742683
0.03504132972803675,0.16760689320522082
0.043691543553838474,0.042652535063947256
0.025832041827970276,0.5169374497355052
0.03791517479247564,0.1099709780145174
0.056977952966598966,0.0029056618999027317
0.02649099327730875,0.4828894237307121
0.04710365757195145,0.02289158326488235
0.045073269687972206,0.03333827355432442
0.02860840769620865,0.38184383349419754
0.020326101344085024,0.8031219298338735
0.043588528464178045,0.04342994036043064
0.02531086816569178,0.5434918540437306
0.01867649363234669,0.8764759388016835
0.03312936234164479,0.21781680027454045
0.03773903438174875,0.11295580461560392
0.026588550812710984,0.47788258150210977
0.020824772183013818,0.7786722636889218
0.042022871040351184,0.056850772921904484
0.022724825215803962,0.6800531992814853
0.016618136061796795,0.94525004088256
0.041171921616897256,0.06554026179406013
0.017368412876331285,0.9235805898419723
0.024471129156366733,0.5872204158360268
0.03323481405979034,0.21477346096127797
0.03535866021376438,0.160246735290959
0.03133449535701177,0.2748747692363449
0.01925708399836379,0.8521974863588938
0.026833007396036,0.46548553054130043
0.01375506908234414,0.9915123312224897
0.026233587188659147,0.496262488351044
0.027089039288685612,0.45272999668212005
0.017919572057797817,0.9051114244057646
0.0243619908750079,0.5929712714087745
0.019412298673129658,0.845400661422574
0.014518646138366342,0.9843194547923462
0.02444235214089735,0.5887355198509787
0.04310194314912569,0.047270687978814487
0.022931503366955375,0.6690492368758738
0.05114738649331746,0.010306636987931064
0.03314387805886576,0.21739590508465226
0.029172876360018085,0.3575924704924355
0.025349711659111263,0.5414954717040563
0.027220845585726128,0.44625463124899867
0.023215855817477732,0.6538872472563906
0.03873981526087378,0.09685218038495604
0.033696412675289555,0.20183852884900827
0.03077747095474076,0.29468214864526204
0.028604174143695205,0.38202995811408597
0.024812735270434816,0.5693109509009944
0.02573903895604679,0.5216378174863856
0.028092666482029793,0.40498491700782757
0.029446730958443912,0.3462287436518175
0.02447666426891204,0.5869290990250553
0.03604080323369563,0.14530233018281918
0.03261305731764047,0.2332014502774779
0.03197195443015946,0.2534487720012585
0.03524986697213783,0.16274033461460813
0.01858591743204724,0.8800901153190708
0.021506652282289,0.7440565162484087
0.018850893506677346,0.8693813970695139
0.03500976666855138,0.16835348792790986
0.05164343219764611,0.009303413936121463
0.02132139588029669,0.7535753406893244
0.026353343996356304,0.490011450302338
0.02759272355194431,0.42831939830887744
0.026403248509226512,0.487421586147991
0.02841514363605452,0.39040509777152044
0.022435906988644505,0.695391831768355
0.04808883504799216,0.018961312934568618
0.02649091205076526,0.48289360654999686
0.041294489556589986,0.06422268712701686
0.019850341391627502,0.8255885653619273
0.030446451897910565,0.3069419411259208
0.017548018329656564,0.9177932881865447
0.020214101138114282,0.808492227013149
0.04596123865539237,0.02834153084957054
0.01571996649598084,0.9657641774683204
0.021098071317108835,0.7649425228084499
0.023345403120203834,0.6469769943897687
0.037581615743190966,0.11567969760145896
0.027670247450328644,0.4246426769844272
0.021995709190252177,0.7186044303524886
0.024803107358585708,0.5698136467361092
0.023682586606162515,0.6290037185959565
0.019499794948540594,0.8415160421877258
0.02873661851552789,0.3762371150842249
0.031229067829637025,0.27854527197149626
0.02288464891166095,0.671545524465075
0.027738498763212327,0.4214234667988674
0.030937985614326813,0.28886913451562135
0.017560028279683337,0.9173982269202202
0.042914780214780845,0.04882453755388194
0.018230766026024137,0.8937781750512688
0.031173040990288725,0.2805106921245133
0.026355420341744262,0.4899035189838626
0.02618888781751083,0.49860874280002354
0.03385495674818412,0.19753906725419423
0.029321480570587255,0.35139364335024065
0.014152653147358585,0.9881618020945113
0.03777142282973822,0.11240199277364372
0.054228773213847226,0.0053690996207809176
0.01194438121961177,0.9988347073699546
0.018844390975694347,0.8696490668782747
0.02401735637303748,0.6112066259488064
0.048065792581033384,0.019045883500361783
0.024390085704654507,0.5914896460015721
0.022276593637412412,0.703818755787187
0.029793399717980784,0.3322169068531919
0.03248405172751723,0.23717273481952875
0.03260677088382263,0.23339378092501478
0.022415612553606912,0.6964667090606189
0.031125175544077566,0.28219798228757087
0.031913512524544885,0.25535880106409636
0.03141902896812368,0.2719579224252344
0.023593077756971725,0.6337717372568274
0.05148778473348564,0.009608234876596913
0.02657430761003232,0.4786114578139322
0.02876123442229106,0.3751672827175175
0.023524084462846706,0.6374488062826162
0.03287037183882788,0.225432939149148
0.022799899653435873,0.676058433406787
0.02340270984152104,0.6439205183108906
0.01700943203579619,0.9344589668122677
0.030818354728984754,0.29319340945215233
0.02885270020956765,0.3712107802368875
0.015837621160824433,0.963412188332404
0.027391069777563004,0.4379836551438099
0.024177100419677577,0.6027412023306857
0.01885281422429072,0.8693022866749834
0.02753797027391436,0.4309290973000805
0.016137823531740203,0.9569558546908977
0.020941890172720357,0.7728146028529951
0.03140027793074451,0.2726029204282854
0.028270784332509707,0.39688624514929327
0.020136475309315616,0.8121858944196604
0.02340068991384818,0.644028244725437
0.016823807943697866,0.9397179418474889
0.022994637851197097,0.6656843966661152
0.023116058031863562,0.6592102328624181
0.040930160218569434,0.06820686480026625
0.01551007538795457,0.9697141371639859
0.032015150002310366,0.2520440040859783
0.02075030883628315,0.7823751284332865
0.022295423009746074,0.7028241450776251
0.03487899521872939,0.1714750728841182
0.022397287448605807,0.6974369490307718
0.02379146043275937,0.6232088092538002
0.030718756424258753,0.296829933886258
0.024655804450297913,0.5775201823499008
0.02030679737766916,0.8040509184985223
0.02720903975164285,0.4468320979511176
0.021663920111724688,0.7359190533027442
0.02575015846485476,0.521074924146695
0.023063472162106136,0.6620145116896226
0.023489789146546203,0.6392771103354358
0.05042059544915278,0.011953783090200685
0.02684303779747993,0.4649814125626152
0.025837299581483952,0.5166722449939217
0.01936383586044582,0.8475359489087801
0.02093531425413403,0.7731445581904479
0.04064510191289128,0.07146923145915589
0.023055973995443638,0.6624143283075035
0.0161605742011402,0.9564397103203053
0.05419887096682474,0.00540417455083553
0.026732191025079177,0.4705723889816375
0.021338861083125216,0.7526812443537447
0.04739036541890751,0.021679164448468853
0.04133073662082232,0.06383740277265137
0.02342653861648064,0.6426497346311004
0.029148845633869103,0.3586021233247557
0.019035282350328253,0.8616922738756889
0.02743337148531816,0.4359443167036694
0.022976175184576786,0.666668518100481
0.03548801303833721,0.15732186561901843
0.03467815202785818,0.17635886409507184
0.034464812579749204,0.18166680322816073
0.028386802618848184,0.3916716680678574
0.034673135835654234,0.17648223916673045
0.02029053960249938,0.8048322288345858
0.04299430660099951,0.048158981022408814
0.02840103812738598,0.391035122433912
0.019863787380125814,0.8249665289171886
0.03200401615303489,0.252405523082305
0.032198953361075144,0.24613248336482257
0.03700841858340942,0.12605914778016067
0.023408367561905882,0.6436187850646959
0.027283055909318288,0.4432199158491205
0.020343280750608816,0.8022940179859379
0.031262489602106314,0.2773777404962001
0.028802347549751584,0.37338522359095394
0.0274751582709086,0.43393607345765756
0.023837432310054862,0.620763723907912
0.016166653465318592,0.9563011467564986
0.024754188509404917,0.5723697707021821
0.016895216722014217,0.9377246199742936
0.027750736262923736,0.420848016386203
0.030217029846085486,0.31565566659924443
0.02458269680930003,0.5813553403141669
0.03486114600536083,0.1719046953471408
0.0319162109226494,0.2552703713471858
0.03246721543607678,0.237694816007867
0.038601956740409005,0.09894971752035929
0.019019660442611885,0.8623510331535144
0.020613496294227873,0.7891328474398036
0.047448206104442336,0.021441609444707844
0.04805386520018645,0.019089791507106584
0.033155309403231525,0.21706488742532926
0.025266419901873893,0.5457794908153153
0.02735963489055826,0.43950324822727016
0.025251574887916683,0.5465442752800098
0.017247464015074265,0.9273491254414958
0.029156525796388832,0.3582792211943831
0.024232305977363977,0.5998206690394646
0.03314534919097539,0.21735328357622258
0.03334362109682032,0.2116679711316859
0.015504918766263587,0.9698072513809534
0.02669378531952349,0.4725197453068655
0.01846729004720704,0.884748919913085
0.020661641711734124,0.7867616497357695
0.02196604762903942,0.7201595665431053
0.026370484899286728,0.48912090119109963
0.023006243311665453,0.6650657377248211
0.019843497776466962,0.8259048596618692
0.02625074746554895,0.49536363464303346
0.016385730333280835,0.9511263445486698
0.03761683964479701,0.1150655439544329
0.02851347771821311,0.3860325613112206
0.026954539533979527,0.45940161975154914
0.017794789658017396,0.9094755420053535
0.0190257183153959,0.8620957377628461
0.027958731163660794,0.41114896742575613
0.018538308229218953,0.8819701135057146
0.01975727215278293,0.8298722163967089
0.023980090572137847,0.6131843081306996
0.03009590868408185,0.3203280961543329
0.03214285436983122,0.24792545383188969
0.034014490799102126,0.1932855563189713
0.03445667770370808,0.18187167663166157
0.029341696718471644,0.3505563038490823
0.03953248908988011,0.08549953726671364
0.02949341211532172,0.3443177189925999
0.03477595576768017,0.17396700255214068
0.024248019798888576,0.5989898701879399
0.03264311354242422,0.23228357348260115
0.02227907990040079,0.7036874480589985
0.019527162551073007,0.8402933056562133
0.028744525282306088,0.37589324619749576
0.017643315721682346,0.9146309338544354
0.024820823099590328,0.5688887654360697
0.047274938702939195,0.022160235394574335
0.03078219719047348,0.29450976285904196
0.023925446588957344,0.6160859925993599
0.014321186033444316,0.9864876007015027
0.029685787739910652,0.336521963436825
0.01510264184815277,0.9765031928609406
0.033121165753802584,0.2180547456916995
0.020073050193532893,0.8151860538832838
0.01883559824953651,0.8700106265859578
0.03369099293745903,0.20198678667874206
0.037131344927709864,0.12377119088765431
0.020671195729592196,0.7862902064355106
0.02795075561854221,0.41151803606910786
0.0171992677792272,0.9288216886518006
0.038590894102981776,0.09911966593840028
0.03891788815651298,0.09419783201288295
0.024139270436221993,0.604744066206981
0.02452469928250403,0.5844024439380313
0.024904446555473414,0.5645290092994113
0.024718627489291767,0.5742299337944277
0.021837316608542157,0.7268931572642845
0.03078850628513724,0.2942797596486967
0.04426059877543542,0.03857265281386526
0.0355182026615275,0.1566454397556111
0.02713137582817038,0.4506433300410291
0.03963830439444771,0.08407232207719637
0.029826994207634572,0.3308811181318376
0.017584093748378993,0.9166035809726827
0.03468445525474079,0.17620393103313814
0.028797546510306582,0.3735930189585046
0.021089931024730335,0.7653544618349646
0.025132096956801686,0.5527128942392795
0.015229966842958853,0.9745038179087075
0.01809119436533213,0.8989394712126471
0.02643331257864101,0.48586564317679826
0.03732577965150802,0.12022191590030487
0.02771847191800869,0.4223663514435597
0.02548881415554649,0.5343681640416351
0.02102032504744089,0.7688696027346658
0.04328042375508001,0.04582901112458966
0.01856886744313646,0.8807649588221508
0.04394434620586085,0.04079586437478017
0.03424656185405334,0.18722696459425983
0.02663290229669013,0.47561758343352034
0.022043887135104134,0.7160757699459934
0.01907967804825833,0.8598128870432638
0.026889942944392398,0.46262877015519416
0.030168497224137725,0.317521884938044
0.024781949161072903,0.5709188129508904
0.040576169734366174,0.07227774693705066
0.023498833539224218,0.6387949196259525
0.016577412564198035,0.9463084954932883
0.026491309123570672,0.4828731592234074
0.0364472171897634,0.1369483359141011
0.021023409422011752,0.7687141190636366
0.019106654396386813,0.8586656911857917
0.027718235465574614,0.42237749241014405
0.02250897581216893,0.6915187414160955
0.04291833193862671,0.04879464427632528
0.01719888419171034,0.9288333417030804
0.03368558071809241,0.2021349237827546
0.01308136394081394,0.9955187285262056
0.031780549592706375,0.25974492932745324
0.018240256639956764,0.8934226657934125
0.029142443213888147,0.35887146212090204
0.023388068182422117,0.6447013978681034
0.0438539656937168,0.041451400283886074
0.026909268725540558,0.46166172165469677
0.02150114921389301,0.7443403520108518
0.022358007833095134,0.6995155440162637
0.024832812825624995,0.5682630678563074
0.02267261141828686,0.6828296293447444
0.04232451481083466,0.054017805356147884
0.022096034870925096,0.7133350964118687
0.02778543346899434,0.41921933364030056
0.032083590375697524,0.24983034937488144
0.034633447243537174,0.17746081180842005
0.03890501518998357,0.09438765461610939
0.057676798788678596,0.0024737691596021572
0.0210287919868678,0.7684427207564073
0.038824978541776245,0.09557505029600884
0.03291528845321823,0.22409755888240393
0.028642755633898842,0.3803360945013503
0.035348798274199844,0.1604715061833817
0.020316044835681446,0.8036060652327983
0.027213137783673735,0.4466315917660517
0.018188904222030233,0.8953393977242163
0.023326991409597098,0.6479590625749021
0.019980150074164427,0.8195507726387007
0.030313468311748193,0.3119710888572838
0.025746300858897925,0.5212701765514614
0.043026471500162033,0.04789203182317306
0.01914113973979026,0.8571934734339602
0.022065618663127617,0.7149341011053989
0.020728529516666094,0.7834549050480277
0.04989378960752666,0.013292328794938725
0.039529027806581296,0.08554656451704531
0.023990397883549452,0.612637203496979
0.024197880940175942,0.6016415320689971
0.03136919495140866,0.273674635064312
0.021340614685858517,0.7525914329573036
0.03198648195433518,0.25297566012008754
0.016266509989049993,0.9539862608336945
0.042781493948109095,0.04995786063608767
0.01719207816365942,0.9290399269845829
0.03424864439177805,0.1871732825564272
0.019697504692649637,0.8326025702759601
0.05348717228375771,0.006303413239995714
0.02608446096971162,0.5042702762173615
0.02453500755303284,0.5838605726056241
0.019199129332993975,0.8547035623148492
0.03404518693004155,0.192475450764382
0.026130529456138696,0.5019731031369159
0.032432678633423584,0.23876852841550078
0.027102637055231027,0.4520590977700592
0.026319565555147806,0.49176945229494345
0.023297026172403368,0.6495574372662799
0.01925905993395216,0.8521117346543037
0.033112981810397124,0.218292524775296
0.03042071084442899,0.307910744485977
0.022594467055163603,0.6869815793863286
0.02398854658255961,0.6127354636787423
0.02826711838100282,0.39705179356997844
0.03339605997457962,0.21018381613453396
0.025655413278400097,0.5258789415073364
0.05694597299194959,0.0029270001972279865
0.025890629334632376,0.513985457344003
0.01877758039133641,0.8723852270910994
0.028196924800605816,0.4002308212910786
0.03191615040403936,0.255272354359913
0.03686508284337098,0.1287705917547608
0.027685408096556507,0.4239261596982066
0.04211543645560789,0.055968140655797034
0.020377317361635394,0.8006505075575783
0.03135634202665938,0.2741187134058432
0.019581357642624253,0.8378613287876384
0.02520212072761696,0.5490947237367971
0.031498331563896365,0.26924271320046533
0.032208385351094604,0.24583200073824962
0.035848676211003794,0.1493926972107572
0.03154087420281232,0.26779452310771057
0.024246859542381594,0.599051205762783
0.03894508328158919,0.0937978666561532
0.03456713237304304,0.17910549007369342
0.028432252423749638,0.38964187679158724
0.029075414357041585,0.36169986113913516
0.023412279945008607,0.6434101357094495
0.022505857203647395,0.6916841406136784
0.029607436663346448,0.3396815735106045
0.047318373392727486,0.021978107694040402
0.027094648109648845,0.4524531836136443
0.018067203717597735,0.8998139007534646
0.014696429195344973,0.9821680028585126
0.02624652827032259,0.4955845388055917
0.02841333838832172,0.39048569011207945
0.023274526563315023,0.6507576138420448
0.01718333693645302,0.9293047633046088
0.030640419625701132,0.2997134573183184
0.021468677575192233,0.7460138623416672
0.0344817324810241,0.18124126771432134
0.02773793930932761,0.42144978705487574
0.023826311042193127,0.621355118464544
0.023789775846733197,0.6232984283267864
0.022674740768279023,0.682716435834245
0.02712769514217861,0.45082448826028315
0.02349591720419142,0.6389503982937139
0.02914626417302657,0.3587107036957041
0.022601989332152295,0.6865820929615768
0.033149735583630935,0.21722623981743291
0.01809212697368262,0.8989054028401224
0.01737251385843719,0.923450986180987
0.01632660509157796,0.9525577601850992
0.04072521873550494,0.07053919924775186
0.0367397491309045,0.13118039843787405
0.016234719675231463,0.9547311845336063
0.03251738885217026,0.2361415646859209
0.023598082958853683,0.6335050386667768
0.023634583328582703,0.6315604105434696
0.03353618801906172,0.20625754631446866
0.03639199743247434,0.13805993255021137
0.026530526730619286,0.48085640698735016
0.014026901550118875,0.989309835021854
0.026363380091694366,0.489489902067675
0.02057313446356218,0.7911147787318954
0.0240179591024961,0.6111746475839483
0.02743633223292402,0.4358018201228684
0.018293553045938493,0.8914155830310315
0.027653940087721818,0.4254143050009193
0.03332877469969886,0.2120896383955633
0.020477110167005153,0.7958077026783383
0.028288651985784813,0.396080053405661
0.022611071725739174,0.6860996987539487
0.020912526374819773,0.7742870072383903
0.0309197491618165,0.2895252522955502
0.018251840352596305,0.8929879723545759
0.018998084660890896,0.8632586582751836
0.030180012516320964,0.31707836360843034
0.038320033123480646,0.10335722140774954
0.02665554303689216,0.47446403902247386
0.025025047470175643,0.5582593725757694
0.02478762124845857,0.5706224800810464
0.024937856297546634,0.5627899840310244
0.016454694087162824,0.9494241754845995
0.025841200550944493,0.5164755138381782
0.01955594093002122,0.8390036413205689
0.026223975131354327,0.4967664236290636
0.04126408566881157,0.06454739260293929
0.01332874579959542,0.9942666211928886
0.0156605985428816,0.9669132372187991
0.024183410762242397,0.6024072292890692
0.024808079684473405,0.5695540139860527
0.03225274997159977,0.24442238589366305
0.03519756995733525,0.16395001622346297
0.020022022916045268,0.8175878876234542
0.020090594101344672,0.8143578094690962
0.020200881851562325,0.8091229082021076
0.032431927888456724,0.23879190939166828
0.0244938880517426,0.5860228203420454
0.06126688226874433,0.0010493272565683294
0.022066543583120102,0.7148854958417343
0.016171066130078904,0.9562003996978169
0.015512216607892926,0.9696754177014073
0.026412686438836777,0.48693278718334837
0.019924026799162387,0.8221701034301716
0.02430220932600835,0.5961266310728093
0.029616848382198413,0.33930091205443336
0.013629988369466717,0.9924047449033307
0.018141820230357514,0.8970819079155802
0.022678198950100592,0.6825325971609131
0.03741632415392376,0.1185978698831379
0.02032646428340079,0.8031044503489239
0.01471212833019625,0.9819686731099692
0.021229477526318208,0.758268974722853
0.02414710349589569,0.6043292535860911
0.03379944163845788,0.19903630693751626
0.03067024069701829,0.2986133418785455
0.02775603258644843,0.4205991300804381
0.028702540583604164,0.37772170130766847
0.03780091822689541,0.11189960283178868
0.03051822938446383,0.30425229379900776
0.02379945822834162,0.6227833513515211
0.0234111900998758,0.6434682574558559
0.037831308134036123,0.11138391929918662
0.02531748792889521,0.5431514425200992
0.02350202555133965,0.6386247461725567
0.023716203885131126,0.6272138130443825
0.017758991258749246,0.9107081000844272
0.02288562491347157,0.6714935341376962
0.03503124431802329,0.16784516633498253
0.039398700673785314,0.08733317250588829
0.015573172662330048,0.9685595881397193
0.02041511266450946,0.7988205532697055
0.03570388378917222,0.15253632298690745
0.04652687581158993,0.025514443120536263
0.031118194602461846,0.2824446953955455
0.027196171680979875,0.447462089351363
0.01718499731246592,0.9292545005369245
0.036524294766473564,0.13540891581620726
0.0301353601322788,0.31880070835582525
0.016764904648813694,0.9413340633326978
0.023785961649037457,0.6235013471152043
0.018454806749872987,0.8852341786715421
0.03762590844970548,0.11490785895762871
0.02153293077181906,0.7427002608485431
0.028100665681428216,0.40461879189050975
0.030780552459709898,0.2945697446847311
0.03486398626693163,0.17183627426789091
0.020605213138506995,0.7895400280813163
0.01939496117798184,0.8461659081377843
0.04827989284316536,0.01827290284617602
0.04306073737296323,0.04760905623878939
0.030073349478718314,0.3212038768810861
0.034985562918008445,0.16892780054142895
0.04948597396801574,0.014419592669421409
0.034077555652024416,0.19162409787759374
0.018979725039059647,0.8640289688623087
0.04387904331450437,0.04126859738214798
0.024539710906794077,0.5836133742918037
0.021961418635916163,0.7204021436294724
0.0197534350603783,0.8300479932587739
0.03718305673310207,0.12281893965333383
0.03315191388439648,0.21716317073940797
0.025606359557986957,0.5283730571755693
0.03688778484930627,0.1283379928877038
0.049840943575370555,0.013433786194266988
0.02939929534309621,0.34817840773906006
0.02823294496661788,0.3985973037201176
0.03537120895367485,0.15996109252821084
0.01966679263383464,0.8339992248986839
0.027286320287821575,0.4430610559894979
0.024724339268869522,0.5739310432630518
0.020443150259612075,0.7974597207804868
0.01639896114419903,0.9508024993671546
0.024205635117801272,0.6012312923766957
0.027155190430847242,0.4494723774572561
0.02014332524573692,0.8118609105667648
0.018764482964018447,0.8729186037440659
0.0543086399983308,0.0052764360958877455
0.013733551970052216,0.9916710975199966
0.036385929311910564,0.13818253230900454
0.02224410045088887,0.7055341895713103
0.03623509797593416,0.1412584522339248
0.014944113787242808,0.9788412500263188
0.023718764639647283,0.6270774899328557
0.027804401779401577,0.41833077731137536
0.02930941694242828,0.351893989096297
0.023050359935280762,0.6627136729104771
0.020369875947249483,0.8010101906619335
0.04016346959381095,0.0772825236047548
0.023180981503770348,0.6557474663152448
0.018870070028715324,0.8685906148188216
0.026064966259870453,0.505243757138217
0.028769989106972926,0.374787309827129
0.025212420171879968,0.5485632246040537
0.02294802509180982,0.6681688119659803
0.01995766123640036,0.8206019530533464
0.039219053868038256,0.08984718594603297
0.0192020263848679,0.8545787052004277
0.023084303520070654,0.660903684463914
0.02104772092388213,0.7674876614741221
0.020019402305554268,0.8177109489514849
0.02841166359097469,0.3905604690282767
0.016876292441121765,0.9382565106013933
0.03337980414618913,0.21064302957717385
0.025807740685279912,0.5181639469905046
0.016270652062108648,0.9538886543612451
0.012990311615234867,0.9959225516215621
0.03234690159839787,0.24145128443242878
0.02835531932836255,0.39308200398054044
0.03370270208376269,0.20166658770178938
0.01880094621941475,0.8714312203600368
0.027471740433111125,0.43410009828581986
0.021745221594413652,0.7316936747337354
0.017981474951258347,0.9029077112214707
0.03605765618437656,0.14494789770969632
0.027028409354964644,0.4557294442034105
0.037739442386299005,0.1129488141338895
0.03659471115960389,0.13401487778466684
0.03415156125525709,0.18968875319997144
0.023420989531259373,0.6429456579219831
0.03445888249490969,0.18181613184794923
0.018471134927017574,0.8845992664350324
0.032055642932109996,0.25073249917294754
0.025151310783677827,0.5517193091594805
0.03226097118634741,0.2441618476676879
0.025350463329471662,0.5414568651464968
0.038719635509312456,0.09715687976944479
0.015923603096485106,0.9616300912217703
0.014491690304978266,0.9846289518773034
0.020701173470805023,0.7848090415709772
0.018412498521268528,0.8868716660299453
0.017205482834787275,0.9286327333851996
0.02113680791157241,0.7629798700597572
0.0348052684423763,0.17325518511728133
0.054437485741168246,0.005130028148583241
0.033948783848194,0.19502864196307776
0.019354485725239456,0.8479465608278397
0.03051352421704101,0.3044280741596134
0.03135273257408544,0.2742435196584676
0.03462535663405275,0.17766082333762365
0.03065315760401799,0.29924318179024684
0.02102638588279021,0.7685640505481489
0.024593439299189113,0.5807913874205693
0.024394192107204393,0.5912731576005399
0.028872595172271365,0.3703540886918871
0.023010921858457434,0.6648163254501884
0.02553540130670301,0.5319890101768725
0.023157486528054383,0.6570006516039426
0.019156036421743794,0.8565555530585429
0.016561223820519166,0.9467258664404135
0.028216530678107254,0.39934112185122234
0.023872516674664834,0.6188985151196904
0.025196639214747685,0.5493776669031543
0.04587381511973232,0.02880229954136042
0.041878149890756666,0.058254687804582775
0.023383349740983217,0.6449530514886951
0.019977997605718723,0.8196514762413581
0.030638273534214333,0.29979274276866286
0.026167667163948805,0.5001246461281889
0.02504985527996223,0.5569724262205666
0.0242973012005937,0.5963858474755641
0.022827467725259093,0.6745907882276861
0.024543256014437964,0.5834270681072289
0.014955437077223355,0.9786797339916183
0.023546346354596848,0.636262179293701
0.018799530979442258,0.8714890929490993
0.029443467621128927,0.3463626205178985
0.04098375258745535,0.06760790499450446
0.01716793562944552,0.9297700448711698
0.02602680175770472,0.5071519012350547
0.03004474577685201,0.3223168128211311
0.02592348706069758,0.5123329895915045
0.02601618212941076,0.5076834162290508
0.035785325334660056,0.15076163080257116
0.030659826805573442,0.2989971773383804
0.02263666699813255,0.684739940670684
0.0257392756287107,0.5216258340490147
0.01894471618470106,0.8654926489207277
0.020263619839640618,0.8061237355382161
0.0174027860874989,0.9224906034365663
0.04657959261175282,0.02526413093242401
0.025506152278192085,0.5334822559701522
0.016722070752451745,0.9424932966815452
0.021659311824103883,0.7361581871353591
0.03325507810338191,0.21419243654946968
0.01684552714118781,0.9391156167274408
0.01760601029797637,0.9158763888427638
0.03475871868145297,0.17438666564511923
0.020142699235119535,0.8118906183519539
0.025755091030922744,0.5208253059219518
0.019529222929488665,0.840201104967302
0.025618850909053636,0.52773750097166
0.018964885722628,0.8646502153259625
0.033161016360103934,0.21689977715568337
0.023645469669736158,0.6309805151573729
0.02609623818489326,0.5036825730553663
0.034946050584187094,0.16986871531763617
0.018380823433575222,0.8880903509461356
0.02720209458725953,0.4471720439297758
0.022908700367511137,0.6702642263020668
0.03997987612479681,0.07960146375388252
0.025179915731686958,0.5502412011543443
0.041236997128062,0.06483787134900859
0.029380221754680858,0.34896456158915556
0.03506667745211009,0.1670092317495002
0.03153679170599477,0.2679332406937995
0.03883442096184575,0.095434319759484
0.020361425621766627,0.8014183941243691
0.02311476163209103,0.6592793723680307
0.0163204291081972,0.9527057939031168
0.03528841799573479,0.1618531944711049
0.03214984309798774,0.24770154821939033
0.02454110801354481,0.5835399503204389
0.024272576124163336,0.597692026882245
0.01835063812447124,0.8892458975898091
0.027857945509902726,0.4158294781066209
0.025554977563491843,0.5309904780449408
0.035217734561956204,0.16348273968640697
0.025295725497029714,0.5442708275925683
0.050394025433433826,0.012018266728488606
0.03691364731699892,0.12784661864882776
0.025698596514519334,0.5236871654003515
0.0254905541356652,0.5342792330796959
0.02145359967743117,0.7467901749758334
0.023437146338292913,0.6420840578343269
0.030669182249488447,0.2986523375773524
0.025968006499506202,0.5100976350695051
0.026951036769463033,0.45957623087694816
0.029288322472692863,0.3527701127785217
0.024980875351601706,0.560553206567423
0.031800323167986755,0.2590890698342412
0.0172637345776101,0.9268482438664419
0.023580642416036524,0.6344343819228762
0.02988738849653827,0.32848947175821175
0.028542558624378656,0.38474599991108355
0.04731748794721269,0.021981807163227333
0.03629063262031845,0.14011952945179698
0.031581788194681604,0.266407300654265
0.028172831399806864,0.4013260303421358
0.05074864055390321,0.011182964605000161
0.02773636673636748,0.42152377682837405
0.01575468195041696,0.9650805585115937
0.026881240599370138,0.4630646645182405
0.02256447127238914,0.6885741520375224
0.021398680112185264,0.7496136123372628
0.0269245942589057,0.4608957901890145
0.03550816574198401,0.15687006623857577
0.04293264597057503,0.04867432989660155
0.034092989770761584,0.19121919843948684
0.019745181952288138,0.8304258419905969
0.01865820037347976,0.8772098079755207
0.02094962271613872,0.7724264541166739
0.034921039278847266,0.17046647018545732
0.026605550610432793,0.477013586043363
0.01870109021421895,0.8754860873657114
0.031586927026709066,0.2662334469242029
0.02684055016093001,0.4651064052296288
0.03854326506224892,0.09985414197290882
0.02536776173794264,0.5405686753135179
0.021511251967077927,0.7438192262943184
0.0190593862984329,0.8606732201974214
0.026099286579933434,0.503530502110793
0.02397283572273734,0.6135694350423958
0.03278569803023612,0.22796697763708387
0.01820728366365909,0.8946553260040894
0.025621981479853007,0.5275782652873608
0.015979023063921183,0.9604529689191963
0.01635635886913203,0.9518406452897196
0.037444166013986424,0.11810213022804388
0.024923718601708833,0.5635256722778262
0.024958634692785475,0.5617092665210598
0.035228049773211256,0.1632441165287969
0.04147190291739691,0.062355663465892705
0.022053431806593804,0.7155744199075795
0.028226489921209907,0.3988897018300378
0.01974497118463628,0.8304354874462787
0.028205079936514887,0.399860581804425
0.03283571815149988,0.22646738541150419
0.021130938760847817,0.7632774922084155
0.022667727472975296,0.683089242598808
0.029539390430012302,0.34244285778999967
0.022001991330528714,0.7182748959509433
0.025534960037239207,0.5320115264057823
0.026195101008756216,0.4982821904261982
0.01639126064637353,0.9509911383223255
0.02860273909904254,0.3820930630246286
0.045900321258639964,0.028661905076043
0.019375665960744082,0.8470157975758413
0.029933507036350893,0.32667158752495434
0.03661206846406345,0.13367305665919357
0.022389082716788633,0.6978712517034823
0.02087913677749076,0.775958237790718
0.022681716391940387,0.6823456004039135
0.05410028043305504,0.005521310820309518
0.01640116030416794,0.9507485463213199
0.02044897359572595,0.7971767277927162
0.018943453651665443,0.8655453065306802
0.018708762128361256,0.8751766151011032
0.019235629737340443,0.8531272542718285
0.02245054414602332,0.6946163518304165
0.03125542689750438,0.27762415877758934
0.018804335046538778,0.8712925961691425
0.016757242355605828,0.9415424212462894
0.014963100796256623,0.9785699430413003
0.038328642403133606,0.10322025070256283
0.0258620653866114,0.5154238006838217
0.029125531834399365,0.359583584240407
0.01897759799645804,0.8641180922325087
0.035616847054541934,0.1544515025665411
0.020812770209516884,0.7792702381318196
0.024830801242597622,0.5683680306271606
0.025210225091518268,0.54867648617663
0.016474756148203817,0.9489224163514982
0.024839298932814113,0.5679246665912931
0.02034801827237398,0.8020655146499506
0.029031438725539482,0.36356403555345185
0.037329202646894266,0.12016018875814674
0.026213457067727708,0.49731823409988635
0.023638409722147924,0.6313565804086758
0.03414888188485593,0.1897585526929922
0.02928249904807345,0.3530122522313974
0.03233010285974469,0.24197936468003703
0.026417937946496106,0.4866609439726123
0.02282485020691638,0.6747301529769301
0.023736026700839297,0.6261586144846533
0.028430559370888786,0.38971735747093256
0.02507143742002682,0.5558535935989928
0.028338967110200564,0.39381590940540623
0.020150628924514857,0.8115141941926641
0.02340167246245245,0.6439758435468371
0.028346132408275937,0.39349420633390125
0.023038069272795447,0.6633689929565413
0.026387234710106955,0.4882516799404089
0.021958630135533286,0.7205482562641273
0.031323352668808147,0.2752609884767327
0.027255171541191947,0.4445784495781348
0.03287000012031038,0.22544401595210545
0.028631920101216735,0.38081128193317315
0.02584925174384667,0.5160695796517363
0.030462868345791705,0.3063252514347902
0.027783805874525336,0.41929563681670884
0.03234019486467998,0.24166200976244998
0.02624131610142877,0.4958575192685125
0.02016454216010044,0.8108531276221981
0.023675465511192928,0.6293829343463928
0.0341771389762314,0.18902345293207903
0.024738018205061496,0.5732154159651324
0.017658128848962784,0.9141337227281694
0.03136064243358461,0.27397007108862526
0.025445301961880884,0.5365938883799786
0.028668563959569626,0.37920595078137775
0.01529737555768984,0.973400720903854
0.03659761662716721,0.13395761020426133
0.02866194842180869,0.37949542042594486
0.03439913420249496,0.18332611032062798
0.026872561694402386,0.46349965388905345
0.023852511763202744,0.6199619584060593
0.03423609147328943,0.18749704595782485
0.030255671953688973,0.31417549461220484
0.03717890612743324,0.12289514874629477
0.029505393855022266,0.3438284323947142
0.04109746363599859,0.06635187859837556
0.022599150641483323,0.6867328524664442
0.027943055286270613,0.4118745840522075
0.025320757322753407,0.5429833467532873
0.0200998928536103,0.8139183114027797
0.027083063566962856,0.45302504103221863
0.018646579771132932,0.8776749614903804
0.03989316008778482,0.08071703701598854
0.022908546092332394,0.6702724457430629
0.03228562526121945,0.2433818052471991
0.0418511599087954,0.05851977974410116
0.03332383920918092,0.21222996062691127
0.025306508466539368,0.5437160864597878
0.024689383400333442,0.5757609095648664
0.020054434372778318,0.8160635318800987
0.01824838494643949,0.8931177303423663
0.022914811704156185,0.6699386206389838
0.027418587886563484,0.43665629851501186
0.03149419880022064,0.2693837088603005
0.019363881920837378,0.8475339250710939
0.03724877424752149,0.12161746301496063
0.025870152602731955,0.5150163966253434
0.025197538230468663,0.5493312583604091
0.016867796424792636,0.9384944499846624
0.019615995045724255,0.836299670612082
0.02845978666292326,0.38841575357845626
0.034605782014484,0.17814547592213867
0.025612763487474655,0.5280471898732111
0.02777243296360732,0.41982907316109846
0.033581051233465886,0.205012675294189
0.030809280540087802,0.29352335527766604
0.020444575595781944,0.7973904657530427
0.01822890963607038,0.8938476463554734
0.03468187456465954,0.1762673512201692
0.02427130125293897,0.5977593918966383
0.0266332777575935,0.47559843882950736
0.03200738630024169,0.2522960520487813
0.033723260113635134,0.20110536695432918
0.015633467624905806,0.9674299695503539
0.031711421602297674,0.2620476505988921
0.030714071370476742,0.29700181002936926
0.01684167868920393,0.9392225953489277
0.019382028324775702,0.8467357631656274
0.029708037215577687,0.3356285900273686
0.03809828459640424,0.1069375426901663
0.03433840096890317,0.18487112405010253
0.03874176445920002,0.09682279121486793
0.02136467524845742,0.7513584463448462
0.030845502227596078,0.29220793918875304
0.023483766845422527,0.6395981927207551
0.02200419059633585,0.7181595182506109
0.038045550215875024,0.10780395431990333
0.01502266689628795,0.9777034584827545
0.04206742270862185,0.056424480471199974
0.030925619061151932,0.2893139424721125
0.0190013289862081,0.8631223433871833
0.04385920937714827,0.041413118338091436
0.043582264947029103,0.043477602821183806
0.02476255635481822,0.5719323016010914
0.020964821664554933,0.771663019849816
0.014149096754522361,0.9881954384340302
0.02919454542082267,0.3566837737303896
0.03392739166202441,0.19559879294402896
0.02041357016148837,0.7988953384496726
0.03836017320771529,0.10271989381457095
0.019748970031821356,0.8302524521094505
0.018905080539665775,0.8671415123425668
0.019826279359754784,0.8266997397659152
0.031004273251924563,0.28649349988024975
0.04262536594803967,0.05131425712432891
0.021529986494088493,0.7428522887299573
0.019796954850994475,0.8280504745682271
0.025290770816538632,0.5445257932997412
0.03387400033509391,0.19702750117747295
0.012570879122953696,0.9974341460467901
0.022760881062128036,0.6781350208081651
0.028737780488043763,0.3761865665614285
0.024330629487882782,0.5946261241740847
0.026460232354996283,0.4844751585627929
0.0165446092507317,0.9471522071511932
0.021998943285823747,0.7184347906071424
0.021453508369074892,0.7467948746559101
0.017193057813843393,0.929010211903938
0.022124848070573355,0.7118192245464016
0.03795766717602239,0.10926076897573722
0.03283547038361989,0.2264747946667031
0.03758787269191732,0.1155704063119445
0.021428375748067774,0.7480877716464174
0.01597194354732595,0.9606045842567181
0.01945031962997823,0.8437172539243275
0.03636778884658454,0.13854956835117863
0.01866044406414266,0.8771199045445174
0.02024569550010985,0.806982147979113
0.041186383633678436,0.06538360768425436
0.016225320442823987,0.9549500069400043
0.03264132140321124,0.23233822515028435
0.022955234230593535,0.6677846160808749
0.034142338744954426,0.18992909112392972
0.023165140669577006,0.656592397365079
0.05015889577116528,0.01260273023599726
0.03645310302343552,0.13683028216504914
0.018165066289125176,0.8962233936775004
0.03807479283599463,0.10732279027101337
0.0511038655175412,0.010399166561976992
0.03166513439799057,0.26359810307499937
0.04092587158880723,0.06825499017759869
0.029360267935474027,0.34978835039742556
0.023823078548745547,0.6215270255160747
0.029368338770752733,0.3494549809676682
0.03404578000112937,0.1924598252762154
0.02103340740456483,0.7682099400968931
0.02133248586677816,0.7530076932244482
0.020292636497388328,0.8047315128500592
0.03181744604341219,0.25852214109462385
0.019905199035593624,0.8230458061870876
0.027977942361701924,0.4102608979485912
0.03496019469707723,0.16953141995264726
0.026570690918003376,0.4787966520716734
0.03983036512618249,0.08153308697151529
0.02470679717072205,0.5748491361319117
0.028153102307488242,0.40222438723432485
0.016436052465639214,0.9498877484451794
0.02232724902342617,0.7011421490938461
0.02725652192135275,0.4445125947381728
0.03418683943082207,0.1887716164642889
0.0348500002881752,0.17217340201705622
0.025028916599679096,0.5580585925983302
0.021866267999477662,0.7253810866269526
0.028373876355342387,0.39225029227399105
0.03334509198804386,0.21162623038893272
0.023871620140964445,0.6189461689376006
0.04376588537911408,0.042099059572678565
0.03463243041073838,0.17748593956093844
0.0286086221052759,0.38183440886161657
0.029386228250098623,0.34871685607665276
0.045145802073311425,0.03290290987095163
0.01757001487748533,0.917068957176437
0.024704156637560565,0.5749873673625108
0.020161519432844666,0.8109968130613143
0.03350620743199073,0.2070927322195304
0.030987274017934274,0.28710133561248824
0.015600908748633957,0.9680431629049144
0.018056374979966372,0.9002073607648123
0.03711442579288704,0.12408406122619521
0.020940700699611403,0.7728742954019672
0.023744819607406126,0.625690614180876
0.02719894720509919,0.44732615601202674
0.02928908791341217,0.3527382943532992
0.05298525834833501,0.0070175759425905645
0.02432807017714228,0.5947612158169351
0.022476474833064808,0.6932420663209558
0.024839796496241268,0.5678987095263062
0.014175219014577967,0.9879467660103947
0.02702972959226485,0.4556639904605183
0.022141526830214753,0.7109412552774376
0.046530772070356385,0.0254958678859872
0.031078205820324722,0.2838610316996637
0.01736457799004021,0.9237016761028061
0.025112384132404325,0.5537329006593412
0.014710825541790706,0.9819852729213914
0.02310516095157711,0.6597913871806897
0.042921840340925166,0.04876513116467639
0.039659125114722804,0.08379387144063428
0.026076253345986816,0.5046800288289816
0.013395116100877957,0.993889654829108
0.020324807910147236,0.8031842187943931
0.021671202387252564,0.7355410789272598
0.026326747575263654,0.49139532409187553
0.0309496579725706,0.2884497611388275
0.02548079472696485,0.5347781115977472
0.025276669262126017,0.5452516831767272
0.022168264008648575,0.709533072404145
0.0231553984580658,0.6571120233870622
0.02372477161811981,0.6267577171363442
0.019647200839255308,0.8348878955424144
0.03162809933836458,0.2648436097890453
0.028098538265302064,0.4047161419935661
0.019701892395465076,0.8324026815131332
0.025987307101268065,0.5091298349714707
0.014262145841905882,0.9870921714609855
0.023173195536510094,0.6561627632265374
0.015409365520137497,0.9714989277844193
0.022384922559944953,0.6980914370658537
0.04045741890331411,0.07368881060040847
0.03967586796816225,0.08357052089869371
0.03596721277146753,0.14685822757015732
0.02053917820394824,0.7927779169498823
0.027264585915972916,0.4441194683585903
0.02540922481686514,0.5384419003374885
0.03482793655781319,0.17270631162788283
0.019782708492443568,0.8287053041901977
0.02031225675652254,0.8037883312130988
0.01315479790705476,0.9951713106787847
0.02269063461610399,0.6818714485172335
0.030090610935435858,0.3205336062638092
0.02716874044476819,0.4488070335717142
0.035793238519251036,0.15059008582151961
0.02787726261056206,0.4149295852347099
0.035925297694831604,0.14775042628275334
0.04483287799623126,0.03481754008975696
0.020184227339362204,0.8099165118032576
0.03562516801901627,0.1542675734114856
0.03532192393236788,0.1610853024911533
0.018433019691037056,0.8860788005739566
0.025241549513364714,0.5470609724834476
0.04614615620807688,0.027388291643907405
0.021265445264185723,0.7564347751470272
0.018187846648868133,0.8953786939074138
0.022493905809916587,0.692317921732252
0.01740899695132625,0.9222927625688873
0.02354817755586791,0.6361645769683253
0.027107138517144913,0.4518371459991896
0.04247897099654507,0.05261486101722934
0.03526439064453052,0.16240565842781501
0.034640482384195925,0.17728703824291886
0.022575891096201284,0.6879679164818551
0.03494196143358763,0.16996632910684772
0.029609871580396296,0.33958306274648103
0.026700486756692066,0.47217957113041426
0.026448685698923613,0.48507126116965865
0.03903142681171845,0.09253739448124876
0.021115812144699098,0.7640441428172924
0.018737076345360038,0.8740314826902665
0.04223033231255274,0.05488899687765459
0.029528715961119598,0.3428774781066752
0.03863603478859878,0.09842772346573385
0.019539906003850138,0.8397227159291485
0.02997550249077474,0.32502257065267726
0.031089784652597985,0.2834503864168921
0.02398667700738799,0.6128346962529359
0.032593607680513476,0.23379689738155518
0.01746120487714263,0.9206189645036185
0.01906984189710703,0.8602302007870348
0.026812445535547236,0.46652007103350074
0.03278770783804286,0.22790657704127265
0.025739606062499087,0.5216091033945385
0.02895017914466458,0.36702655624669905
0.032809595830286975,0.22724957618085703
0.016028742243089866,0.9593778796027014
0.03726277716336868,0.12136270704294463
0.01612874036344414,0.9571608635791977
0.026632785122976288,0.4756235581780004
0.04681785486477569,0.02415972557591976
0.028939247235276938,0.3674941399114979
0.02033582065182396,0.8026536702850586
0.028588317809218777,0.3827276312335121
0.01994971972440468,0.8209726469324978
0.0223329359508746,0.7008414834912634
0.03243781469121004,0.23860861951858933
0.023150117688424343,0.6573936826829534
0.031174803199239043,0.2804487168471441
0.025573506038690463,0.5300460535348207
0.03724411715220055,0.12170228711662016
0.0468573273186258,0.023980953063942625
0.014920961491111329,0.9791688950340848
0.022021711036139535,0.7172401132006341
0.02612572086601206,0.5022126632451994
0.018567284323359745,0.8808275303580895
0.027165710888385097,0.4489557364346709
0.02302097042392645,0.6642806193987204
0.04079635000908599,0.06972211967795341
0.021757215492703152,0.7310693180716097
0.03749790782248935,0.11715005143184717
0.033796158576743784,0.19912512852676523
0.023434073915594822,0.6422478985003839
0.03151942763162424,0.26852385088315817
0.02061415513812548,0.7891004504258842
0.02054421582329291,0.7925314280839125
0.03248704421461884,0.2370800318900981
0.05733963572117717,0.0026741297931733546
0.03861441833804663,0.09875856870903592
0.038639634713014015,0.0983727155800288
0.03412671762032893,0.19033672343409455
0.019475264972362072,0.8426089053230246
0.0261505142075156,0.5009780232517252
0.02700671849063485,0.45680570856265873
0.03134402259682678,0.2745448649515153
0.01766373309105962,0.9139452182894128
0.020103280186496875,0.8137581250519214
0.04253529302248471,0.05211115742149937
0.017923360864016136,0.9049772785761818
0.020853133874591923,0.7772574728317405
0.022559888451028187,0.6888174087830492
0.03145040634483326,0.27088116237985277
0.03858069223549063,0.09927660642795663
0.02076667235397711,0.7815628803125396
0.029852721994553938,0.3298607512820913
0.03174607991961209,0.26089123154315585
0.0124419644950029,0.9977966424304431
0.022543966933964876,0.6896623981491015
0.024260637199099988,0.598322947996127
0.028152415484187565,0.40225568638352854
0.023582409585967135,0.6343402112414117
0.027248998007069647,0.4448796011256151
0.019936964256308587,0.8215674859899149
0.028068584856853485,0.4060885114848772
0.02619182975184975,0.4984541038002876
0.023711377072922646,0.6274707790667813
0.019142361703214567,0.8571411898084431
0.03539212286645543,0.1594859435528913
0.021857975397213236,0.725814332415746
0.02753768168421153,0.4309428806551006
0.024746708550500318,0.5727609006929022
0.025015101047095367,0.5587756257364447
0.021708217937605134,0.7336183201600934
0.04176230223535593,0.059399855224629934
0.013867081469618903,0.9906496010583066
0.03346462549465706,0.2082554633539154
0.013495147580032896,0.9932866614739406
0.020842685859331855,0.7777789411325684
0.03424368595878935,0.1873011171489979
0.018459390387915442,0.8850561118472551
0.03294255883122721,0.22328978688899528
0.024581167165181217,0.5814356540306458
0.03369161308048785,0.20196981825093852
0.02083292153994329,0.7782659898311914
0.02008451323943103,0.8146450272606398
0.02338738744406295,0.6447377042239071
0.01759510998008451,0.9162384788954854
0.0155227654350929,0.9694841929014176
0.02862158155852157,0.3812650604813075
0.029501625761419292,0.34398225267040095
0.024951666514574977,0.562071621292402
0.026493347748294815,0.482768188757525
0.021227906190519508,0.7583490337840596
0.019021578866634692,0.86227020727036
0.0397465854070187,0.08263267132655806
0.03096177972373504,0.2880147197481968
0.019011868494726636,0.8626791111387768
0.013009465786667451,0.9958400203683195
0.027129705592280687,0.45072553072247906
0.02331949848632131,0.6483587373701901
0.020461054020141534,0.7965892797029896
0.025494483334792983,0.5340784309009188
0.03787616134304622,0.11062640037331095
0.029522127578606727,0.34314592697327306
0.04853252811157771,0.017396931821813226
0.02975038349181458,0.33393299717280733
0.024351566052898788,0.5935212488959551
0.020344777098346922,0.802221854090285
0.02980644846610217,0.33169759944172594
0.027772697476347252,0.4198166611885609
0.027451043838067457,0.4350942354431545
0.029039536436973323,0.36322025584146506
0.0369167368919292,0.1277880212788371
0.02050993818136289,0.7942069002998509
0.045163465836606576,0.03279764499801499
0.04381886421730413,0.041708456017915146
0.04411836075215575,0.039559129130627764
0.028650518687488136,0.379995904068814
0.014501129073199448,0.984521072662092
0.028165079101983514,0.4016788634416016
0.02763964196732871,0.42609164050260306
0.02091561001304909,0.774132499698746
0.01548184254327356,0.9702216529963933
0.02675731757945432,0.4693011957856542
0.019158734087571294,0.8564399047391432
0.018134117923877813,0.8973655948814506
0.021948169088848113,0.7210962925235846
0.020249340472371258,0.8068076865106963
0.015416542127513866,0.9713740899330598
0.03368870428571913,0.20204941868779785
0.026728116766923937,0.4707787244009245
0.022039803238540268,0.7162902446629127
0.037078089219271027,0.12475819295244867
0.0188865909150161,0.8679076701895707
0.04080663600067297,0.06960463432037976
0.03947275807134454,0.08631413899635927
0.0315239452570282,0.2683700973531317
0.03309779542813579,0.21873428684566001
0.023584537690164442,0.6342268081018243
0.018304105641752888,0.891016048093049
0.02602058852738698,0.5074628456482201
0.021446285926764785,0.7471665595829559
0.016088030958748667,0.9580722514473292
0.024655452429839353,0.577538633056569
0.0243746290296164,0.5923046764968827
0.02173989725191834,0.7319707577652013
0.025066772349000788,0.5560953724033209
0.01927931816735673,0.851231402536042
0.027273687437308847,0.4436760405981536
0.031060178967144636,0.2845012375820542
0.04292434198422479,0.04874409646729865
0.02601482177876635,0.5077515195351192
0.013339199708580163,0.9942084422492946
0.01475639584695232,0.9813983110705639
0.04055326876680876,0.07254806898753237
0.01906601932419777,0.8603922377704818
0.015188087565699004,0.9751735376351734
0.019155647789037444,0.8565722104682285
0.025663755838035263,0.5254552296791457
0.05219169419650338,0.008298261099758349
0.0194730055124592,0.8427094213083468
0.0222245999463071,0.7065631116560533
0.03274915147439822,0.2290674583851025
0.024052297082056695,0.6093532617989621
0.024525517584007672,0.5843594240374633
0.02551891672399631,0.5328303994001901
0.03814389059239176,0.10619291135254502
0.02900288887192226,0.3647779231058922
0.019764526072088506,0.829539733602403
0.017881840548979733,0.906442095432203
0.022696071708461274,0.6815823523820763
0.01675304043555842,0.9416564994697858
0.035568787280869096,0.1555172857088337
0.02588317135413365,0.5143608430404878
0.04175034640105013,0.059519131805390396
0.03490540530926356,0.1708409629183259
0.025795254709825466,0.5187945891981518
0.0322862380241572,0.24336244196621262
0.02771645207663065,0.42246152704925327
0.02441977242166732,0.5899249742272075
0.03554371312016119,0.15607567826652977
0.024150683087673812,0.6041397077070085
0.01248596322406792,0.9976777880575031
0.024420400109953166,0.5898919013939905
0.02353839169608163,0.6366861708559579
0.03416603163420606,0.1893121390297382
0.029193892704794777,0.35671112155424123
0.025941990575908402,0.5114034089662556
0.017748646436745397,0.9110626516399856
0.02574313697906838,0.5214303381733618
0.02354776494721622,0.6361865687652234
0.030206638097544924,0.31605458483034643
0.029977916803991755,0.324927952576208
0.04049704079477101,0.07321542509458111
0.017550857977374573,0.9176999702213379
0.014623666824195122,0.9830719045150519
0.019414302070769968,0.8453121383833628
0.04334689077630938,0.04530195391317676
0.03972363071746027,0.08293611751802608
0.023987782413285363,0.6127760236551343
0.02562182005196567,0.5275864758160278
0.028738059264398208,0.3761744398455504
0.021266978296744565,0.7563565271468005
0.0191628606689222,0.8562629243808272
0.03164608904118993,0.26423805545738055
0.04217883280789192,0.05537046406491063
0.03144495719783111,0.2710679280474735
0.044234410922037615,0.03875264588099986
0.017409803885830577,0.9222670384545042
0.020769676544974636,0.7814136685693523
0.02869383883656451,0.37810144432037535
0.035106929783037366,0.16606363992950424
0.01801567999890974,0.901679116971779
0.04280960349825841,0.049716973149620626
0.033164214915406776,0.21680728102234442
0.01943588049051237,0.844357400898853
0.017370935437359514,0.9235008832681442
0.02527235723847443,0.5454737161349965
0.02178139699695225,0.7298097513691255
0.02950270960043233,0.3439380033905244
0.024253637384771487,0.5986929210538439
0.020452265390823565,0.7970167052638726
0.026365652937938355,0.4893718382207448
0.03291623087695045,0.2240696059282736
0.048387844538360536,0.017893887431640863
0.020730797142225865,0.78334255014289
0.01877497294166322,0.8724914914614904
0.01993657757736611,0.8215855075757068
0.03278863977025359,0.2278785739359248
0.015290551321240797,0.9735138108784118
0.018693883434196347,0.8757764819637048
0.025984357210802778,0.5092777017903535
0.026492940860150763,0.4827891385817983
0.02284378078865823,0.6737221593336093
0.03607490419152448,0.14458588168539757
0.024891573689744484,0.5651994938587389
0.017518709051206616,0.9187531740639182
0.020636208629949415,0.788015196587531
0.03797292326519319,0.10900670994525312
0.02451222243401205,0.5850584753268688
0.060258221462995254,0.0013422240855470275
0.02991407701060833,0.32743658369272594
0.025266998242639477,0.5457497034525864
0.031300006271699266,0.2760715187106944
0.02662223050908963,0.4761619436990315
0.024645714823698484,0.5780490793556836
0.028168835562808858,0.40150786764096474
0.02041349145063115,0.7988991543589978
0.023413770645572596,0.6433306365363388
0.024412794856985776,0.5902926499776794
0.022783685467292758,0.6769214555040035
0.035388505480765275,0.15956804687135376
0.015997765207420467,0.9600498217274419
0.04679532290255595,0.02426230273001933
0.02524790838071783,0.5467332235375352
0.0331176533162405,0.21815677267630812
0.03338837182411658,0.21040090274847573
0.02878287098245097,0.37422869846066475
0.030117804506494927,0.3194797299679561
0.039405278485664885,0.08724225431476647
0.030628515061741246,0.3001534556833042
0.02432697593373262,0.5948189767874531
0.012255579852738452,0.9982478743382244
0.020243457491526895,0.8070892418866158
0.04536145554190929,0.03163783654615185
0.027118393015675202,0.45128254150379454
0.02253585986567702,0.6900925810551111
0.02570493182886796,0.5233659217087583
0.02649084186145423,0.4828972210179665
0.037315330989801,0.1204104986639608
0.031758699235490795,0.26047112932564515
0.018395128985136178,0.8875407236733723
0.043005561329586106,0.04806542744741412
0.03017892150712176,0.31712036540051197
0.03076725538672853,0.29505500823551856
0.03347091610060471,0.20807923716866508
0.018226900949280034,0.8939227922199746
0.03153563400177706,0.267972587700173
0.01667394103217701,0.9437797626697747
0.02146616852544747,0.7461430792119945
0.02790643585364705,0.4135730600292955
0.021525348700210833,0.7430917250884722
0.036054453075054727,0.14501520802560355
0.024920713474817724,0.5636820888890706
0.020223195800144977,0.8080579346933341
0.031625755808150635,0.26492257256592255
0.03243330780854009,0.23874893492251073
0.0216313832934516,0.737606593349327
0.029861791765966594,0.32950158562002557
0.02921585526066839,0.3557917407192032
0.03176713303878076,0.26019064923683727
0.023304694028193795,0.6491484218228978
0.02903689655481234,0.3633323039773553
0.018632293924870702,0.878245701358525
0.03447865669512784,0.18131856499380666
0.019812475223675352,0.8273360560061975
0.014663828878930474,0.9825770301641354
0.026364048310149157,0.4894551893050929
0.03617203208233488,0.14256092224980974
0.018901775869668846,0.867278589997935
0.040868684554915824,0.06889949068741272
0.04387484117169049,0.04129917977344149
0.02140223646713857,0.7494309807123509
0.03163022616314065,0.2647719640047229
0.025826754114863293,0.5172042224823368
0.03133606130471156,0.2748205240653091
0.02572961138673091,0.5221152536160402
0.022490140135832865,0.6925175899629178
0.018275366946251134,0.8921024785388747
0.027886525838960674,0.4144985264407465
0.02485171144896567,0.5672772299926626
0.026865664807047773,0.4638455196215546
0.03153546233250748,0.26797842260988286
0.026225846641188544,0.49666827951229287
0.016419100029596567,0.9503070903949536
0.029151475471136834,0.35849153212526175
0.04398104025705801,0.04053230928284125
0.03230187051238287,0.2428688531757347
0.030846944807752186,0.292155641332135
0.03292184538199083,0.2239031314805809
0.023596563169095197,0.6335860186693416
0.02380407241530902,0.6225379064859139
0.03667015764096415,0.13253425923145057
0.03991415606580451,0.0804457269307473
0.02918473974734115,0.35709477353904184
0.021952564985880607,0.7208660192093275
0.0221187488569361,0.7121401970727408
0.025034366730884883,0.5577758090745366
0.03013826481037052,0.3186884616808065
0.023609103049858193,0.6329178715238931
0.02690582840271158,0.46183377548921933
0.018593812885035824,0.8797770190651464
0.02989740814830777,0.3280939000177637
0.02523002109105077,0.547655344078128
0.024150399825532576,0.6041547065539503
0.020689239797548664,0.7853990163958989
0.03382095873455382,0.1984549405529662
0.04460227438893005,0.03629031736843488
0.017788791651142888,0.9096826645696738
0.02203062864731642,0.7167719827622081
0.01285565367419006,0.9964677613837299
0.025488103615948443,0.5344044815573743
0.01885182350136716,0.8693430951307399
0.027437319872188448,0.4357542934062147
0.023220098542666504,0.6536609329695723
0.032589849741976984,0.233912080276426
0.03027045590397104,0.31361054230189805
0.023825015542144223,0.6214240136775453
0.03607520625433536,0.14457954825827293
0.021308857567418626,0.754216774543266
0.028919889573117974,0.36832314247016545
0.01246263699092734,0.9977414132432881
0.017545416847943196,0.9178787300270215
0.015698674199991824,0.966179188607734
0.01937645336517979,0.8469811516192282
0.0397316713524854,0.08282971881960664
0.03571271441220669,0.15234308517987621
0.02748693499718763,0.4333712180652372
0.03203830794812734,0.2512933176639294
0.041274902195850394,0.06443171460984037
0.046170323879374586,0.027265824815036855
0.026977389669268742,0.45826362603498066
0.028482098765846398,0.38742414469458003
0.021962054673201947,0.7203688147293037
0.01868332928311589,0.8762012061888562
0.028422093520621305,0.3900949392482073
0.017454276240630617,0.9208422039733073
0.027168904399846372,0.4487989869289933
0.03290124321783616,0.22451446934237346
0.019900978527769175,0.823241898119209
0.019246416035380243,0.8526601051274955
0.019915288357981953,0.8225767284933181
0.029378616210833375,0.3490307948447423
0.017388299425134923,0.922951000867728
0.03927244009132158,0.08909382667385357
0.038711286827294855,0.09728317245135194
0.04034778565146668,0.0750122144868827
0.04239505747894434,0.05337310905772685
0.020840448476873386,0.7778905680809167
0.02957122882408303,0.3411488747770846
0.0207368242186734,0.7830438455078889
0.05309850363957469,0.006850286190799683
0.01659165238162652,0.9459397742003832
0.02276384100721024,0.6779775191747683
0.026771337070588985,0.46859290536011916
0.042678945318657124,0.050845233604139506
0.033269183020606,0.213788731322546
0.023637483004819604,0.6314059456806089
0.018317513169453625,0.8905074075849281
0.02376542582013169,0.6245940013984386
0.02470327252290211,0.5750336525659168
0.02719003773243428,0.44776260156259695
0.023677169634368778,0.6292921836692413
0.026434789374317258,0.4857892955677903
0.01949182788721507,0.8418713135571384
0.023998686925008728,0.6121972819135816
0.02703307337764252,0.4554982425906978
0.013532944823339443,0.993047601258297
0.023510623344189407,0.6381663909096543
0.029974976220518923,0.32504319808303567
0.030037015956137822,0.3226180508313115
0.03222968111077673,0.24515459151952723
0.037383071043752714,0.11919220230997192
0.026063696355649313,0.5053071991685806
0.04395892942898899,0.040690942069278535
0.019106823897975134,0.8586584705676694
0.023991198821378956,0.6125946934459546
0.0336224494553054,0.20386915988381465
0.027905303471085552,0.41362565809561963
0.027469784764411226,0.43419397117774594
0.03782373980188547,0.1115121615626394
0.023216947378765063,0.6538290215644376
0.028634420184580844,0.3807016051168432
0.024198317075113995,0.6016184566444375
0.026400894253271134,0.4875435645617433
0.01886091416374408,0.8689684359489269
0.021241324094425876,0.7576652001552338
0.024227584486207265,0.6000703416571513
0.023152618368231237,0.6572603048350257
0.012643162462926794,0.9972113166196908
0.02849819637182105,0.3867098183271228
0.01815677252186554,0.8965300967448439
0.018793591375286467,0.8717318519506143
0.033313992182547325,0.21251013954393927
0.02794510102459591,0.41177983977610283
0.023130641277809838,0.658432463432336
0.02303687603121135,0.6634326129989802
0.029448187420256566,0.3461690049351793
0.03862865415051331,0.09854058194568249
0.020149724815102577,0.8115571250787044
0.036486385711178126,0.13616427896508435
0.029043630620823824,0.3630465290972542
0.020875184479458575,0.7761558434079917
0.03555959650482532,0.1557217742153157
0.02800453912861489,0.40903358602078616
0.04141983570002461,0.06289872087246257
0.024409725479086153,0.5904544043116962
0.028153433177688425,0.4022093097828819
0.02983254362925769,0.3306608349405064
0.02113257043843375,0.7631947595086449
0.023299577011293038,0.6494213712323327
0.02557368989205344,0.530036685494138
0.015518316587099457,0.9695649353848651
0.020863748282453187,0.7767273662375163
0.022798643631454008,0.6761252916101449
0.02973455434944705,0.3345660902135425
0.01477073841886034,0.9812108726032439
0.0198096095208109,0.8274680477969679
0.024038291044787316,0.6100960755005236
0.04107446451215546,0.06660430348759293
0.04471106649889578,0.03558884375875907
0.011442947527567277,0.9994393192168817
0.025226744002523893,0.5478243417955209
0.01869486091432948,0.8757371126549163
0.0404408832347089,0.07388713833222899
0.02361035956744406,0.632850925070614
0.013234206285407502,0.994772913817639
0.03085047165741217,0.2920278116199385
0.032170217356688124,0.24704967317319781
0.015446349172276122,0.9708517481506455
0.01781777336839141,0.9086796105137298
0.04001002320811897,0.0792166949318672
0.018674708819898855,0.8765476270563575
0.027851286046215007,0.4161400192832777
0.025755513566893984,0.5208039252554961
0.043080378842640266,0.0474475062043224
0.018780526420685284,0.8722651168860371
0.02086886138614752,0.7764718872496632
0.04028556790464527,0.07577217749316226
0.02184392774858901,0.7265479928139399
0.022949152869238265,0.6681087105668471
0.042638793950209086,0.05119636157433054
0.02235112081347257,0.6998798318091617
0.029968037515001766,0.32531525288789337
0.02132085188904992,0.7536031778037982
0.03509954042212299,0.16623690661658094
0.022161638727336896,0.7098820938287655
0.03552662578156429,0.15645712966485842
0.01868637702322473,0.8760786252252781
0.04361076869353031,0.0432610693043205
0.021480456387213853,0.7454070696079411
0.028879299955772098,0.37006568937861306
0.0333724498448294,0.21085103856691467
0.03733721006518553,0.12001589211529104
0.01868511919937177,0.8761292218879898
0.027339710973236897,0.44046821632690175
0.0318503766681017,0.2574344617846143
0.02695084664790348,0.45958570959800715
0.01536368554279921,0.9722851403235678
0.02730891429230453,0.4419625694708557
0.026319221318720665,0.49178738897624463
0.023687341169434495,0.6287505384362139
0.03350938565695277,0.20700406993616868
0.015351061403967803,0.9724998655037462
0.027985110242265687,0.4099298872264346
0.031406738957594715,0.27238054483929336
0.026470960903898222,0.48392171628811187
0.019158577969782598,0.8564465985268384
0.017826642379367486,0.9083715173458013
0.0288194261238357,0.3726466978552521
0.03698062382565376,0.12658124814041405
0.017255637834326154,0.9270977351386778
0.022586900615969352,0.6873833693508142
0.02529464399664727,0.5443264775392488
0.01832969013725652,0.8900444691889071
0.025819366971992996,0.5175770097447658
0.02462140818307501,0.5793237544711887
0.029431400067161162,0.3468580075474449
0.051475605460651996,0.009632464476677554
0.020843745384338086,0.7777260743279102
0.021460849344200505,0.7464169740131603
0.02300760627453391,0.6649930790816712
0.02911754516530185,0.3599202431031836
0.025306875121826944,0.5436972270147944
0.018211944959289517,0.894481490726752
0.021639651046232417,0.737177973551396
0.021257645784908297,0.7568327827388189
0.021116662901169814,0.764001040459807
0.02670054573471936,0.47217657803513435
0.020762949127469038,0.7817477661365302
0.03726921436594688,0.12124574174723908
0.03825672900134647,0.1043690139293444
0.021370692135599945,0.7510499027972587
0.02297319884045612,0.6668271577140754
0.019317952155155527,0.8495466889714518
0.027374542079026898,0.4387821804266626
0.025051057809174715,0.5569100672124369
0.024345719146574407,0.593829760100888
0.025876373640393302,0.514703095360951
0.022706335152591822,0.6810365844849927
0.02280626960656229,0.6757193480112804
0.04985539199538869,0.013394976951792628
0.027324100985671562,0.44122523951263726
0.029502515264367757,0.3439459371388617
0.047596092443492666,0.020844728717145142
0.024972574165696426,0.5609846120559583
0.031464215066181245,0.2704083102446378
0.022553664659187317,0.6891477424555115
0.022950118449236112,0.6680572526427158
0.023844743278753522,0.6203749876590063
0.01727651321341883,0.9264535317597373
0.03286880644144652,0.22547958910587682
0.02013079445088095,0.8124552714897846
0.02784506892780536,0.41643007579368685
0.04177572621406511,0.05926617616815921
0.017330728685602703,0.924765935462173
0.03414533824665544,0.1898508980375174
0.028939412253657815,0.3674870785651789
0.028364604593539622,0.3926656929823375
0.01582136996439909,0.9637430009253168
0.030506132721185963,0.30470436362864317
0.03161606622697671,0.265249240830925
0.03438634247388894,0.18365067206726257
0.026958799153212087,0.4591893387837342
0.03197293650492791,0.2534167680611289
0.030709167077896227,0.2971818078164251
0.031171881452564387,0.280551477573551
0.03518194214031045,0.16431289567811816
0.03532321107841285,0.16105586189532783
0.025042111912642162,0.5573740241995593
0.024555286184077874,0.5827949566137868
0.027582544424317457,0.4288037554534058
0.025161488486659445,0.5511932422144372
0.039270118892004546,0.08912647168761409
0.021668799507790062,0.7356658074101964
0.03684311985324018,0.12919024212219724
0.04594325493431439,0.02843577975802205
0.039576014103600454,0.08491003193922693
0.02774357264111288,0.42118481037491295
0.025985536858263436,0.5092185683236964
0.03704129220083685,0.12544392324530296
0.014870709161127427,0.9798680927392968
0.025303570183635826,0.5438672296585773
0.02032303573229899,0.8032695529087814
0.01896286828251942,0.8647345808822505
0.021662244501634925,0.7360060089114633
0.025080906930695535,0.5553629178326991
0.01960906734673118,0.836612465384301
0.022334115678986355,0.7007791075029595
0.02187224331207349,0.7250688380112575
0.017226142130873368,0.9280026388381705
0.03932305171050243,0.08838452282447143
0.01154661679044322,0.9993424259845914
0.04430156823934339,0.03829252782071076
0.027086942863885466,0.45283349071579815
0.03246707469991894,0.23769918383678573
0.02122055364727715,0.7587235624548632
0.03766138399621466,0.11429273480104175
0.030101777179673772,0.32010055746946653
0.03270900763338769,0.2302809635284835
0.021835200916168307,0.7270036012270802
0.024560015003126323,0.5825465331755517
0.03077090582584663,0.29492173030630625
0.026935299043421707,0.4603612892521008
0.032316848740455484,0.24239663897258876
0.023752056784202003,0.625305445284251
0.036501773580090574,0.13585725301018906
0.02352570301639889,0.6373625277685224
0.02981033203044592,0.3315431564935245
0.02355900357197191,0.6355875748429197
0.04244880381392624,0.05288637728242632
0.021144932225584445,0.7625677422030417
0.040453232982626486,0.07373897351900383
0.024893995691342596,0.5650733253751422
0.01781661579398397,0.9087197832352214
0.02112436231607917,0.7636108744849288
0.031178887402313005,0.280305118396762
0.038248924314774224,0.10449432427832961
0.05003886449978734,0.012910861513614681
0.024971993318524177,0.561014802053414
0.02447610065276762,0.5869587609608056
0.024956511615252863,0.56181966180411
0.029874903234445083,0.3289828672014993
0.027483182025482583,0.4335511707465728
0.014626038706624711,0.9830429538682276
0.025067244950527978,0.5560708771136127
0.04287162035047165,0.04918906288896374
0.02041651306961989,0.7987526500150779
0.03997208282364251,0.07970118649071457
0.02349641582552675,0.6389238151306643
0.023298098196334383,0.6495002536744192
0.025348663846061825,0.5415492901040235
0.014072106362222558,0.9889068614534681
0.029842500052737864,0.330265882135425
0.032807923299254305,0.2272997281911389
0.028911074807523973,0.36870107579810335
0.027436267058139008,0.4358049565559764
0.029810131457655376,0.3315511316715316
0.026919220735654337,0.4611642499020016
0.04766043349170607,0.020589693915837405
0.034138153209611,0.19003824493764512
0.022453002892178775,0.6944860678503377
0.018681777942971267,0.8762635804977539
0.02357641066064803,0.6346598919799002
0.039475522508720995,0.08627629456180452
0.022089865109597484,0.7136595466608111
0.021531856539364402,0.7427557309482471
0.020360168566645326,0.8014790953594082
0.02121872263321123,0.7588168110308964
0.03227291046868197,0.24378385723205429
0.025204993785861163,0.5489464429006081
0.03896411938436095,0.09351874398988294
0.03360500821120782,0.2043503191080771
0.0408644368340787,0.06894756873998684
0.02166969934020535,0.7356191002486847
0.03358494942649071,0.20490478510803053
0.046087933468529296,0.02768532582808126
0.01401745377313586,0.9893926967763477
0.0160977671436372,0.9578553862093141
0.03760870029541463,0.1152072198472346
0.021746940694798877,0.7316042005886496
0.020109183861327456,0.8134788308208412
0.02374683871610561,0.6255831528777789
0.02430059229547965,0.5962120298778768
0.03605503425856704,0.14500299312505033
0.030773864113161853,0.2948137555385893
0.018582900282427928,0.880209662310546
0.015933357137654314,0.96142453582262
0.029753740830853914,0.33379883004463023
0.02974990831770158,0.3339519893811863
0.042753022151774844,0.050202880138331636
0.03288651440869028,0.22495231287975898
0.024124455341207995,0.6055287650260384
0.02748923942628967,0.43326074701834155
0.03528900497045118,0.16183971694567828
0.020909851249365063,0.7744210236537249
0.026176954284519827,0.4992363284094719
0.02282820718534917,0.6745514165132719
0.01798992275876965,0.9026049984791862
0.035226137854775796,0.1632883241364904
0.0380974930293454,0.10695050511605722
0.03295172597024254,0.22301875361467358
0.021432335088051604,0.7478841829956385
0.03181449819681936,0.25861967579326683
0.018691318244055566,0.87587977166624
0.02349393722886517,0.6390559579632146
0.032616297157970764,0.23310237629451788
0.0420483377308955,0.05660675737263
0.018927147018758694,0.8662246216010643
0.022005941619045566,0.7180676512306237
0.02528379933896935,0.5448846137379385
0.04779625801523446,0.020060419104007805
0.02850690350016749,0.38632382415328376
0.03218057677412256,0.24671872418006474
0.01761688447952503,0.9155143456698049
0.031536254005730846,0.2679515150254904
0.03870613310075843,0.09736120257360657
0.041842611308639754,0.0586039585387627
0.019198132561670023,0.8547465109543102
0.019147106369914235,0.8569381063509536
0.0424763551006031,0.05263835739325934
0.04273492960669156,0.0503591180311945
0.022833054764953897,0.67429330635952
0.027407377344780715,0.437196721109152
0.016595580899896878,0.9458377874223292
0.030752144331158138,0.2956071877275451
0.019673105839703664,0.833712482637605
0.026870455230809276,0.4636052710160362
0.016505375418726653,0.9481508955785617
0.011367532927629959,0.9995021310281492
0.04167073185711878,0.06031865057881358
0.027490193489921988,0.433215016115028
0.018268205118141395,0.8923724078059564
0.028357018563214487,0.39300579482188547
0.02134493949618499,0.7523699058063935
0.03388500641935743,0.19673231977503788
0.0169962557864497,0.9348405522305839
0.04278137057626874,0.04995892010248925
0.03292708936405653,0.22374772952631644
0.05229025610355198,0.0081283974517642
0.03008846626957795,0.320616829320052
0.03710957386156932,0.12417390318396403
0.024119547272584252,0.6057887669014839
0.021975694037024984,0.7196539546340537
0.03486008154273107,0.17193034353041212
0.029452981143985757,0.3459724360178425
0.025241463281864607,0.5470654174979146
0.027835872338186296,0.41685939051050586
0.021970608970355854,0.7199205032905638
0.03620434575430809,0.1418923524100035
0.04068458004072789,0.0710096573772823
0.019341201066439953,0.8485291974647938
0.017191645174472858,0.9290530583600503
0.018158164586166703,0.8964786493184537
0.04501085724798726,0.033716932824442235
0.02179458812491772,0.729122223104594
0.015195389004155513,0.9750576323041971
0.03562405581262773,0.1542921477535541
0.025259952974113986,0.5461126077055736
0.04415268833002062,0.039319060435078025
0.023629570353215334,0.6318274577031842
0.017336565067125692,0.9245830143356109
0.014111335441733375,0.9885483539823429
0.03143320585445569,0.2714710255835452
0.035462470031345894,0.15789601029095088
0.028723851565729375,0.37679282063657293
0.020614977663155037,0.7890600027779661
0.025014515769222867,0.5588060083637945
0.035601282821983604,0.15479601280108912
0.024423781819551516,0.5897137267704571
0.017273459697376148,0.9265479562578899
0.020330416958393535,0.8029140542470841
0.01501718462269297,0.9777841829052157
0.01546877960138171,0.9704545791647717
0.02135085609428733,0.7520667734911617
0.029068003789016916,0.3620135284682994
0.021298521940970705,0.7547452448155991
0.026101465458701845,0.5034218198964926
0.03551694283904239,0.15667362041866453
0.02944493092120848,0.3463025847512733
0.04889363267069868,0.016210057274248246
0.03310195907290292,0.21861310031788003
0.03008376553131531,0.32079929485441033
0.04421719057632684,0.03887140315541749
0.05916013871926229,0.0017466212796056124
0.016889374076654362,0.9378891142243213
0.022862623579758323,0.6727186810948771
0.025317330021114054,0.5431595618115587
0.028702818881099934,0.37770956085055857
0.02696307209669102,0.45897645885189603
0.02329296715482554,0.6497739526292068
0.04248662984740545,0.05254612005241823
0.020367917342939523,0.8011048267632717
0.021681568209379165,0.7350028866331859
0.028961519780000333,0.3665419337756743
0.024077888904624256,0.6079963829492006
0.014231263479035916,0.9874005896780186
0.02638227595063236,0.4885089078305457
0.01625566023307351,0.9542413327913556
0.027870871829282717,0.415227154564789
0.03563812665426508,0.15398148278077106
0.027290335953681633,0.4428656871758182
0.01642457687769705,0.9501718447273987
0.018654024319080253,0.8773770607188576
0.015038266908981524,0.9774726671944927
0.034528847889035263,0.18006047223501231
0.023728541990412688,0.6265570153947547
0.020142145764129427,0.8119168824189402
0.03172720501236814,0.2615205386663587
0.038647262856688624,0.09825624004457506
0.029367810373947756,0.34947679969725404
0.024317448661836605,0.5953219360076913
0.030811952245035246,0.2934261811370929
0.02197840521538663,0.7195118245785856
0.019255597531909974,0.8522619827333711
0.027030061077827114,0.45564755729307366
0.024928411315995325,0.5632814433213276
0.019812297267565115,0.8273442535713944
0.02185933346995239,0.7257433877842424
0.013324116740353054,0.9942922417508303
0.027474608396913486,0.4339624595456831
0.015769197308667438,0.9647921530243748
0.027540302740602707,0.4308177070863456
0.03563016520503623,0.15415719881257578
0.01971422004743928,0.8318406035635951
0.027830774332989194,0.4170975051298808
0.028061786324802163,0.40640044266897213
0.039601808938490635,0.0845622822108178
0.03220562290773202,0.2459199772241052
0.02607506486854505,0.5047393737917494
0.02243962413301276,0.695194915113015
0.018892159509290907,0.8676771263365803
0.029294743311572502,0.3525032697298734
0.024012528662046062,0.6114627742062936
0.021890554154285646,0.7241116201184229
0.016473335674793504,0.9489580405290723
0.022497675581474114,0.6921180241669256
0.029686520475136535,0.33649251502980976
0.025656012546180218,0.5258485006830352
0.031145748505086335,0.28147184748594806
0.025150559393264604,0.5517581538299494
0.022835800397290607,0.674147109929909
0.018740405572857388,0.8738965286245876
0.013874500942061552,0.9905902736315748
0.022118265782493318,0.7121656169051709
0.034583286616201,0.17870373900582195
0.0144439740498854,0.9851662295849578
0.03174860389976697,0.2608071663393196
0.019811092593733523,0.8273997432923016
0.02517058836205588,0.5507230290380517
0.0214704978639762,0.7459201084309405
0.01900382994806138,0.8630172223743329
0.03972762914314881,0.08288319346654739
0.04825517213893982,0.01836069936949382
0.019230071726302145,0.8533677323782922
0.017667047922736656,0.91383361859104
0.025154429317568394,0.5515580999347843
0.017651515806234808,0.9143558805075547
0.028790593963942124,0.3738940782479144
0.022326591132510565,0.701176929340031
0.025537289953279863,0.5318926441480294
0.023824164140141296,0.621469292089694
0.02371736543743226,0.6271519768250766
0.03796615565592032,0.1091193502388346
0.0381261693219368,0.10648174266073737
0.023620451277779675,0.6323132657126371
0.019917745102514983,0.8224624421158467
0.030767577363531307,0.29504325103897355
0.0212973077791567,0.7548073094371515
0.03257530535718545,0.23435828386910923
0.023017303538779843,0.6644761102627393
0.03491607065100438,0.17058541665427027
0.02387949705859005,0.618527500600037
0.017388457643827238,0.922945980579071
0.026263895199558962,0.49467566472706104
0.03397802786063964,0.1942513336048558
0.037537869859386175,0.11644619764041683
0.02554338392424771,0.5315817517135428
0.03205797237918884,0.2506572097572485
0.027370324223102593,0.438986119647936
0.046068889239159305,0.027783099030296993
0.027983367501024647,0.41001034970844014
0.05445975055140018,0.005105108916355791
0.021339556628253487,0.7526456226119229
0.017802068918579828,0.9092238471470404
0.022343755004919752,0.7002693914827862
0.041486116153370445,0.06220811932218409
0.04416890352785141,0.03920610277805121
0.018054703198077338,0.9002680361024167
0.0386265478414094,0.0985728096260144
0.03502243630081445,0.16805348145277924
0.04133586684263596,0.0637830315286678
0.024927149160397538,0.5633471281333626
0.03021532496066831,0.31572108852326436
0.014034750527604889,0.9892406394646609
0.02921609929302288,0.35578153467360757
0.02072536258590285,0.7836117909997092
0.024223502958382492,0.6002861894913507
0.021792350159658483,0.729238888107603
0.0170377721882079,0.9336339579281867
0.018536923398392302,0.882024592846064
0.016610974070833645,0.9454370754436382
0.016793360985164374,0.9405564884689617
0.03042453608380119,0.30776663428177714
0.02047304155148366,0.7960058394893794
0.02160248990276621,0.7391034542451094
0.016339315707389057,0.9522522117295649
0.03235105123157156,0.24132097336697872
0.03147286962562168,0.27011226783738274
0.02560127771988341,0.5286317048934354
0.024483584170319483,0.5865649482774634
0.030579164507438028,0.3019825479337504
0.023759092960919367,0.6249309984530425
0.0251382968596926,0.5523922198377726
0.021842126470099865,0.7266420438763159
0.018064460467610344,0.899913648884873
0.02430951927136671,0.5957406094526485
0.021385021088610484,0.7503147886638319
0.03636052463013295,0.13869676719248003
0.023750483041548365,0.6253891990717291
0.029415076774659155,0.34752890272754233
0.028017397475270933,0.4084411381198735
0.033035251510128094,0.22056094440421897
0.033014963172228295,0.2211560119275758
0.02970797475757625,0.3356310954846998
0.02232928491522007,0.7010345161894844
0.018620320450173533,0.8787231227809211
0.032418629356592954,0.2392063650793279
0.023541842786661604,0.6365022219001333
0.01611021183607636,0.9575771799794552
0.0330078810144136,0.22136402719239234
0.04906449600075452,0.015674175830096147
0.016170274697804965,0.9562184796829051
0.01991006146412988,0.8228197944325518
0.029506906394269228,0.3437667017072387
0.028871581369778965,0.3703977101104849
0.02500585439844097,0.5592556938494464
0.031218223665976985,0.2789248808362552
0.019350520473079336,0.8481205618132831
0.021028015787768584,0.7684818629739143
0.02187234002283278,0.7250637837750018
0.014477514801557234,0.9847899734980664
0.02739869226435443,0.43761570809648764
0.020918580522642227,0.77398363448581
0.023730578960068804,0.6264485876641364
0.026945334171869118,0.4598605962924815
0.01857652723672787,0.8804619983786148
0.01631995750956433,0.9527170862213499
0.024793305865703275,0.5703255366395414
0.046331199983596305,0.02646286255349731
0.021496504013489237,0.74457989136951
0.016270634514761573,0.9538890681246149
0.01938618730302502,0.8465525992231341
0.04377291845972764,0.04204702332491633
0.02843306260681433,0.38960576032347405
0.028495690021789588,0.38682097659466863
0.04052471732023266,0.07288629088808576
0.034947970328833344,0.1698229037226512
0.028151474806524468,0.40229855662139735
0.027712387563765706,0.4226530923484031
0.034518388363392605,0.18032207880287457
0.021195056617986652,0.7600213053439275
0.03358590437856468,0.2048783616824512
0.016957532237863004,0.9359546769626126
0.024242225244202276,0.5992962049385805
0.03368779202591976,0.20207438812602882
0.02751359370219686,0.4320943962681118
0.021563245410652465,0.7411339314410297
0.01397329616784282,0.9897738120953301
0.024117817259856872,0.6058804179905761
0.018882820825202262,0.8680636551706609
0.02961713703528812,0.3392892421853888
0.02581736031882642,0.5176782933173246
0.03253295632179998,0.23566121568982162
0.04094427749009577,0.06804865025929045
0.042551733469601616,0.05196491261275171
0.02186585557845866,0.7254026361482135
0.03146136265114774,0.27050593474882706
0.025659739767004974,0.5256591858068639
0.014874267214695425,0.9798191233629523
0.046041967822101015,0.0279218338347173
0.02058026204441793,0.7907651822779982
0.03989563988791073,0.08068495286203035
0.05796533616286004,0.0023134300984588995
0.037790880682868344,0.11207036185731006
0.020405429104221107,0.7992898994472674
0.02479766083259205,0.570098079139461
0.02079832199021836,0.7799895108643652
0.03493419889540206,0.17015175482148268
0.019132616136738556,0.8575579475810993
0.01997291305096055,0.819889280594199
0.01978673217433452,0.8285204487339781
0.025927097650606523,0.5121515443376243
0.04065979963269711,0.07129783740032049
0.028248284653700773,0.3979030459063961
0.03191320317485702,0.2553689403027716
0.015173883432448187,0.9753979844275487
0.03461932758532582,0.17780998636830475
0.031334789639689886,0.27486457453380636
0.02987624531914196,0.3289298047097149
0.03392569007050683,0.19564420037586266
0.022650514399414234,0.6840041047130982
0.015067345064602777,0.9770381710693685
0.035404012449288536,0.15921632598282612
0.027764462099626575,0.4202032142611786
0.038004805810811115,0.10847735027996043
0.04256371984484986,0.05185851202149517
0.027395101668015065,0.43778900486910527
0.03888917499476918,0.09462167026807493
0.029840811105227738,0.33033285553647423
0.034366987974551955,0.18414261287804462
0.05508697707540722,0.004447082284058556
0.02211832011804926,0.7121627577322205
0.019424395731822253,0.8448658317621276
0.018010673537769306,0.9018594247532447
0.0192236807692458,0.8536440502710279
0.02774942009851955,0.4209098814605746
0.03602489244843826,0.1456375913244432
0.019392547247642056,0.8462723357415428
0.02528844879939507,0.5446452977778129
0.02178832680119669,0.7294486038893078
0.022548446694832858,0.6894246676142958
0.020765199382759225,0.7816360294113978
0.02503737771207115,0.5576196020314703
0.03500665151812499,0.1684273175346814
0.035874721562550116,0.14883280760190604
0.029096582880519306,0.36080491966090456
0.022863066108345986,0.6726951122604423
0.019435363616938428,0.8443802969545494
0.022708761231093777,0.6809075662473246
0.025893564515231393,0.51383775121567
0.028121249667065418,0.4036777039323392
0.012770644080479787,0.9967816979230024
0.02916488038016929,0.3579281981066965
0.033630752642606176,0.20364040727398727
0.01981658608755038,0.8271466495895219
0.02471449399817499,0.5744462611129073
0.02124214603551311,0.7576232961562593
0.030083106438215212,0.32082488447776325
0.03432328930256351,0.18525714846195965
0.02466911666196281,0.576822554964876
0.03697735721875728,0.12664272459941878
0.019749069379122575,0.8302479038612313
0.015803556260283624,0.9641034283110068
0.03781423959802299,0.11167331133317714
0.024383564923554313,0.5918334562652455
0.02081493222329256,0.7791625523620116
0.026240766486226696,0.4958863102584019
0.01835631768266177,0.8890289093040239
0.017370511404147693,0.9235142848055369
0.017288517933578162,0.9260816615480281
0.03613469174377515,0.1433366713601757
0.011145506291789398,0.9996541871899041
0.0239721810981659,0.6136041878838826
0.028030164614338715,0.4078534745140642
0.02343004330313314,0.6424628383817368
0.04197428931380609,0.057318778861526073
0.031017564174096957,0.2860189269765488
0.037167821369110565,0.12309886573253004
0.03308461678931229,0.21911820539037802
0.026006177684221754,0.5081843615992078
0.02497007860382433,0.5611143244630075
0.031851949717791095,0.25738259157376847
0.025496365462617687,0.533982254610779
0.03786840064232999,0.11075716395859087
0.017629586894701038,0.9150903960333215
0.018492165477346223,0.8837790952493094
0.022719945078629344,0.6803127666657554
0.0325001977723704,0.23667288249726776
0.02387272807616389,0.6188872784810884
0.024679193709009256,0.576294616766555
0.03098485578742538,0.2871878811573797
0.016092372329027493,0.9579756369036738
0.02721830664037661,0.44637877838827256
0.043792634359141824,0.04190144795948576
0.018420630916742287,0.8865577708169472
0.03769624194294635,0.11369096852562861
0.032450624450888865,0.23821015012743577
0.03899301323182203,0.09309640716454703
0.03324248811476499,0.2145532815718804
0.0419728360563254,0.057332829469393345
0.03255515310831092,0.2349776077963989
0.019999919214078843,0.8186249611235792
0.024762902607385784,0.571914201620785
0.019600661436769418,0.8369916995405635
0.02781479770585904,0.4178443317976841
0.038516393243982705,0.10027052256606123
0.03923424897459249,0.08963221834175858
0.032487121778961625,0.23707762942753935
0.022015447815048494,0.7175688335201496
0.02642732339634718,0.4861753523558495
0.04982997732776989,0.013463309645287554
0.030197865462605666,0.31639163448268576
0.02220153673992542,0.707779438444591
0.028727682155170242,0.3766260266858861
0.02657107655333668,0.4787769032314165
0.015145618051737086,0.975840566000177
0.030028551080046872,0.3229481689530066
0.0365611101240062,0.1346786141035929
0.019325581506567602,0.8492130926818583
0.03309937005318975,0.21868844989268085
0.018101813295436142,0.8985512240192962
0.033760311627516804,0.20009697065874468
0.018524682365730905,0.8825056499576772
0.022977659108315063,0.6665894237333003
0.045476746531871004,0.030979216274054585
0.03648484088709847,0.13619513318036733
0.03192547792852407,0.25496685703233113
0.036928342252404156,0.12756810840217922
0.020699363769377088,0.7848985385967785
0.02356105325495428,0.6354783353736528
0.030714780643952888,0.29697578486838105
0.02699648765973378,0.45731392811230565
0.04691357483735936,0.023728232512602244
0.02208297055667985,0.714022051218788
0.03488118311180324,0.1714224701657576
0.028948228324015723,0.36710996671088436
0.03406767689485435,0.1918836114772271
0.03606614965367855,0.14476953788944102
0.03563341206516368,0.1540855183414538
0.026848551023862854,0.4647044761463986
0.03972332046336563,0.08294022530060544
0.03002361276943666,0.32314086921268187
0.028031161572911856,0.40780760952543793
0.017731271682156713,0.9116564975543929
0.02521841502129496,0.5482539436996532
0.01981279779758946,0.8273211962500416
0.030154812755530003,0.31804954113889156
0.033620759889301466,0.20391573194619142
0.03575664625701086,0.15138466751637064
0.03657326664453342,0.13443817244428521
0.03399232414454029,0.19387222369589888
0.05426350654644252,0.005328619566463099
0.028996906491149055,0.3650326451985815
0.02421165107708173,0.6009130514687403
0.022782200432020283,0.6770004918318767
0.036515575839106695,0.13558234347065184
0.02361913667558302,0.6323833021190222
0.020019357831854295,0.8177130371475485
0.033242874407345635,0.21454220292783077
0.03988058948328954,0.08087984373372041
0.027382705748330516,0.43838763604041286
0.03748483138162406,0.11738112707673096
0.029291488230380858,0.35263852938686957
0.05588805002416414,0.0037199499229877563
0.02149063572010046,0.7448824370135485
0.026762481134490534,0.4690402419795452
0.017892797511200403,0.9060566613859757
0.026930493780206982,0.46060117042153226
0.023958187935134684,0.6143471305106976
0.018005262201427286,0.9020541279944424
0.016887800211018877,0.9379333822881165
0.020316383205453148,0.8035897817354835
0.047955833011791515,0.019454111010985712
0.02698888158175461,0.4576920044037076
0.022071684898841704,0.7146152943637964
0.01443592998863863,0.9852554809363253
0.03123529589945384,0.2783274276248195
0.03350053846982859,0.20725095155487924
0.027287672343069225,0.44299526982715853
0.028336044996714993,0.3939471568731304
0.027479527286795036,0.43372646152674743
0.02302676494205111,0.6639716921930221
0.014010830142637543,0.9894505108319503
0.026187474378383535,0.49868304932877366
0.02446237343348323,0.5876813056028256
0.022726532845120717,0.6799623696880022
0.024487698425169346,0.5863484666314468
0.034091377745746665,0.19126145687477442
0.01617590590607043,0.9560897366718211
0.032750943634784035,0.22901339820434327
0.029588303470738597,0.34045636943740876
0.035922897791073494,0.14780164257374856
0.030631571459500684,0.30004044441519745
0.014145761227187137,0.9882269232866912
0.041190472706231995,0.06533937242128106
0.0353006089917578,0.16157346153035507
0.022198543045179542,0.7079372758408617
0.02597668945779169,0.5096621434275735
0.04955316653211167,0.014228144826416534
0.013049767903573095,0.9956621808428234
0.018350279958844307,0.8892595745827049
0.031013806464507687,0.2861530425582232
0.029124309793699288,0.35963508197127386
0.02783195526027893,0.41704233883473674
0.021980141822176447,0.7194207794670918
0.024803104624859795,0.5698137894884857
0.022159531272310407,0.7099931035649321
0.019800076807375305,0.8279068538173568
0.04269110414857147,0.050739314470740655
0.036195216606037806,0.14208097630187155
0.020826775528810515,0.7785724084974938
0.025413912790665294,0.5382016317777278
0.026310357884154256,0.4922493694206764
0.028786513385599066,0.374070854782229
0.022461753399929285,0.6940223522187452
0.04484324794238048,0.034752559919796866
0.018278024674365678,0.8920022259687576
0.020372263940565016,0.8008947883004772
0.032203190803059,0.24599745313851507
0.03291709309750013,0.2240440342134194
0.03598421585963829,0.14649754602209483
0.03231711763010242,0.24238816817220868
0.03274060982525551,0.22932525049525698
0.029731423820671732,0.334691399315606
0.019204141091673677,0.8544875377427379
0.041083402219299514,0.06650611132798989
0.027345263919245077,0.44019912999350563
0.024266323908049614,0.5980224128456331
0.018415818582965787,0.8867435673707346
0.01615890042473811,0.9564778127595751
0.026774558462935527,0.4684302537285387
0.018068064413919838,0.8997825945573856
0.02203642290463037,0.7164677525455863
0.020599757278364828,0.7898081007396045
0.02137744939620076,0.7507032949888063
0.018729206295696077,0.8743502471216824
0.03327680429198654,0.21357084429489412
0.024889900036330903,0.5652866838391564
0.026965443482278417,0.4588583434905192
0.026174657385930805,0.4993571804745155
0.05102944897442124,0.01055912565907456
0.021239042164499455,0.7577815282664262
0.035444408122272675,0.15830301257982735
0.022013535636111137,0.717669181553894
0.022462987994319006,0.6939569218692733
0.02766970198374774,0.42466847191537366
0.02854192115539933,0.3847741699710953
0.01419140768459548,0.9877907813137934
0.031087624746196973,0.283526954320756
0.02984162085163966,0.33030074468761483
0.019963207810895944,0.8203428916366036
0.023964961994782707,0.6139874567837342
0.026233362840475616,0.496274246608704
0.023981503974720653,0.6131092813121897
0.02074096389519775,0.7828386150592945
0.017078437501618055,0.9324399700288638
0.03327128727219919,0.21372855494721854
0.02444423608344598,0.5886363026715054
0.028252102634715448,0.3977303779636698
0.023703404405794992,0.6278952446773984
0.045463926743057936,0.031051850579860964
0.044428656873168215,0.037434845242594016
0.024388148492334394,0.591591781470024
0.025191591255647794,0.5496382749225639
0.026978468118411425,0.45820996262857655
0.026657510038519905,0.47436390663673306
0.015767858380235922,0.964818819654768
0.024200468309651724,0.601504639655418
0.03729859383393158,0.12071308597429517
0.02510704628106597,0.5540092055377053
0.019271015961836863,0.8515924355981542
0.02837290346890972,0.3922938659866775
0.03420782078120077,0.18822781763245336
0.03546699370075318,0.15779420679234776
0.01893577590101303,0.8658653377791858
0.030046613957858015,0.3222440387875515
0.029852693036798605,0.3298618984706301
0.01930901125981871,0.8499372549872275
0.03081346870603971,0.29337103563094247
0.021742191896316876,0.7318513488418873
0.03701462163150246,0.12594286994950243
0.05333824883742255,0.006508062386022473
0.019856797238993362,0.8252900045353307
0.04283836151240583,0.04947156838636835
0.027166797175374957,0.4489024133135836
0.02893312137601678,0.3677563408796744
0.015785484985317733,0.9644667274604055
0.02089331945534678,0.7752487587539496
0.029283835462863228,0.3529566733167533
0.03134690466544665,0.274445124560041
0.017136082866146096,0.9307269115866349
0.025501087801597766,0.5337409729490372
0.0340329948699139,0.19279689283662424
0.01873246586041022,0.8742182672518106
0.013940204625954578,0.9900528165430537
0.05635339463876965,0.00334950935059745
0.023288152362719916,0.6500307831569845
0.01455502248134627,0.9838948928333417
0.041862729948323074,0.05840601386848096
0.02369891206729624,0.6281344297286519
0.03658546820017272,0.13419719179701448
0.02055484993187795,0.7920108207665444
0.03519200672529954,0.16407912146463832
0.01512658476861295,0.9761355591553604
0.018068395712470875,0.8997705429077569
0.024595310185185126,0.5806931850788326
0.03364115134858647,0.20335420595776002
0.03443700208463163,0.18236795462496272
0.02164448312195666,0.7369274065873588
0.026327312398345737,0.49136590891037835
0.02426134411352665,0.5982855868219594
0.03443993950875479,0.18229379604326096
0.042085026211454046,0.05625680043588267
0.018549509356571625,0.8815290333946335
0.014232286293306695,0.9873904602425954
0.0176206767354668,0.9153878941833404
0.03496619484973107,0.16938849540516013
0.034276182107696285,0.18646457784806855
0.03698659278694988,0.12646897737697044
0.031012490415601057,0.286200024410167
0.026934776524475568,0.46038736966922583
0.024577072457894727,0.5816506598635285
0.03194584873451367,0.25430062996896863
0.01613706439819529,0.9569730116631258
0.02170624982101038,0.7337206168880295
0.02490424402923197,0.5645395560438831
0.019393887218734807,0.8462132614503828
0.051162044592382716,0.010275640655741176
0.0371292182324634,0.12381048236280032
0.03704019118377211,0.12546448871775837
0.01620252222688129,0.9554780703359674
0.02973489783927713,0.3345523430275123
0.025805444402690947,0.5182799040799826
0.015995835958995175,0.960091438539369
0.04000309562307047,0.07930497271635524
0.013604878186897151,0.9925751561831127
0.021461710392432276,0.746372641126307
0.032735650392803184,0.22947503148785744
0.03139502752667511,0.27278372892916036
0.03726066973686343,0.12140101954870056
0.015468827349378267,0.9704537299462757
0.030031813150793674,0.32282092381887706
0.01682002462063925,0.9398225089687782
0.031074984998979566,0.28397533730392144
0.02395275068792113,0.6146358478376901
0.024016567150769053,0.6112484992646128
0.017419109921933185,0.9219700404935987
0.021515153379977447,0.7436179243747162
0.02652144108196286,0.4813231461964011
0.03110878875268519,0.2827773609183259
0.0173386476219331,0.9245176852221195
0.021951044815263915,0.7209456546734108
0.022938494968313017,0.6686766733382277
0.015565608365841754,0.9686994834202544
0.016785606687309662,0.9407689651508799
0.04951031351645141,0.014349977688241868
0.02987919742281364,0.3288131080821089
0.05930050682921301,0.0016892566301427098
0.04471949713751944,0.035534983459170166
0.03732216160381774,0.12028718876899124
0.021955474631266014,0.7207135851420359
0.025523978909959166,0.5325719666672523
0.02505657528281857,0.5566239789153775
0.038400351456836845,0.10208523575561987
0.02744091313373509,0.43558140952458596
0.027414323699433307,0.4368618077980145
0.029137407576929064,0.3590834034216154
0.04326195295903279,0.04597641839739912
0.024248259045765164,0.5989772228440733
0.028018883735880684,0.40837269663264836
0.01985979682073949,0.825151222105903
0.027463219375310044,0.4345092123564512
0.016498062451201667,0.9483357905440221
0.036488502612106566,0.13612200810271774
0.023493472837554485,0.6390807164861095
0.02731863850860511,0.44149035370632866
0.023964691520212245,0.6140018172286787
0.027282869249438457,0.4432290007380561
0.024563053817446945,0.5823869063675355
0.034855017093120555,0.1720524129636458
0.024464283450626456,0.5875807575127607
0.02733595021807278,0.44065051865943333
0.0298018935420796,0.3318788073969821
0.02861837123095967,0.3814060447239945
0.02885474661023496,0.37112259651609847
0.02891096490038647,0.3687057897927398
0.03197469369492273,0.25335951223909803
0.02496095705777407,0.5615885164196595
0.033654958009571634,0.20297469387267592
0.03029091721638444,0.3128298598328643
0.017032517425274674,0.933787369616606
0.02936372185572378,0.34964565694180527
0.023404649263579658,0.6438170859796841
0.037905387644046384,0.11013509853265475
0.023285535185931572,0.6501703888565578
0.020342203912708245,0.8023459451915901
0.034789113711863884,0.17364719312401053
0.040087341656077635,0.07823705318057758
0.027874907914023583,0.415039208343921
0.015048039149103909,0.9773272729344628
0.027590476781587436,0.4284262754117747
0.034132191931897315,0.19019379328085756
0.01868455783071768,0.8761518002448173
0.020685258152741137,0.7855957586036012
0.03109910051035386,0.2831203188656189
0.03208168466214856,0.24989178781480978
0.021511346786537516,0.7438143342537057
0.04233059075445322,0.053962013933883966
0.043974338928431056,0.040580330533405616
0.03961372093586252,0.0844020972605826
0.01911403837840292,0.8583509969436837
0.03654249202396148,0.13504753709716433
0.032341550748016146,0.24161939664062368
0.026733065989833105,0.4705280852672224
0.02358783978202128,0.6340508480727585
0.025149191472467525,0.5518288736544956
0.02880280331268742,0.3733655017824121
0.0258196098448277,0.5175647515650252
0.01944730937975092,0.8438507956990542
0.017700991202151517,0.9126865045349012
0.027373862198162513,0.43881504932191756
0.028047283738438622,0.4070664015800003
0.02234820540705751,0.7000340272012155
0.018040198493374238,0.9007936967976576
0.018357516045030525,0.8889830999034903
0.03394511717714155,0.19512627442913558
0.021167063749598813,0.7614441983717828
0.026597949922999575,0.47740199066765265
0.04581078192998961,0.02913860465529252
0.016874235472247534,0.9383141665014382
0.029281804707171954,0.3530411309890106
0.02745994184173456,0.434666642709693
0.029741871955172194,0.33427331221021134
0.022620934575445673,0.6855757855335605
0.03190133092528902,0.25575829519238313
0.02510210992956896,0.5542647678192729
0.02545338700030486,0.5361800636181573
0.025042030659486625,0.5573782387633457
0.03430222768379909,0.18579622464081172
0.026559849199308205,0.4793520859974101
0.01790595621868829,0.9055927120253321
0.019174449218554934,0.8557654332367063
0.025345506570548237,0.5417114675965548
0.042336362504085456,0.05390906170644006
0.01930655943902304,0.8500442867269828
0.02418203387941864,0.6024800974283521
0.03272168745281001,0.2298971335542004
0.025210189731955546,0.5486783107219056
0.026369594633117555,0.4891671289233001
0.029809638279687634,0.33157074200922837
0.035317577106945386,0.16118475830575055
0.01873609488305855,0.8740712550588903
0.027935791645550212,0.4122111053859811
0.021654330511376885,0.7364166328243023
0.020742096155211887,0.782782472257592
0.02385799546590045,0.6196704260404534
0.02800105031278921,0.40919443454463733
0.024832217567207104,0.5682941273688626
0.02867534366421398,0.3789094580492243
0.028720878565559105,0.376922308541214
0.027438038106211038,0.43571973306977174
0.02823421739262938,0.3985396833169972
0.020284782121817557,0.8051086811902012
0.014868622489561042,0.9798967736198144
0.024048234635323185,0.6095686993162746
0.042704535673153465,0.05062253012457173
0.027206582626363718,0.44695234753574375
0.019290379614373354,0.8507498282131952
0.021573245896126025,0.7406168067625156
0.03372262721678476,0.2011226263795597
0.034842071732516244,0.17236475112135716
0.03294536825505079,0.2232066971842594
0.018870758959148692,0.8685621665300486
0.016513851223037834,0.9479361070062866
0.03271665126786827,0.23004952465980802
0.035913061089140885,0.14801171730024684
0.030830530796105482,0.2927511074923597
0.023687548673545167,0.6287394890773861
0.029816940806673076,0.33128045566703107
0.03231123384555745,0.24257357597846826
0.034777796717790355,0.17392222931986173
0.033120473358521585,0.2180748550121473
0.03258251711961274,0.23413695449441313
0.02026096217693818,0.8062510907824316
0.017784062665888944,0.9098457930366541
0.02165543792718727,0.7363591807843416
0.027717705156281747,0.4224024798014852
0.02305168287960535,0.6626431334492087
0.019308489115382674,0.8499600512480273
0.02168620169747687,0.7347622516198735
0.020756549312109573,0.7820654637099704
0.018959938710644275,0.8648570498008648
0.02749722196333515,0.4328782220994812
0.02406242655820512,0.6088161359919024
0.02455889161304975,0.5826055468610627
0.02734590917587809,0.4401678690919849
0.03113396831373505,0.28188746581210766
0.016303690018287798,0.9531056043992097
0.026320723622017983,0.49170911349573865
0.02705287094044695,0.4545177162470822
0.013501722596364,0.9932455242151548
0.01755023267876299,0.917720523936825
0.022111402776530953,0.7125267217583928
0.0258968386016889,0.5136730114978404
0.021621049006689763,0.7381421616121049
0.024300002092430106,0.5962432003886786
0.020400643004584468,0.7995217489187778
0.022035604424948008,0.7165107300812805
0.041377082677427235,0.06334765147817885
0.022703921397135396,0.6811649438650127
0.023006032170390933,0.6650769934811744
0.022915358170239986,0.6699095048206865
0.025032821864481747,0.5578559608047443
0.02140927726455552,0.7490693271630647
0.027485579569230673,0.4334362042018302
0.01974915915467279,0.8302437937817893
0.030403414856741917,0.308562962222922
0.020142173107740025,0.811915584900912
0.019094875566698533,0.8591670802523674
0.01874475767207412,0.873720013871632
0.019340077393891653,0.8485784383167664
0.02824762292621058,0.39793297774884917
0.040672576343417643,0.0711491286849318
0.024092321214221224,0.6072314084909491
0.03666307699752949,0.13267264537655896
0.023896778422985487,0.6176091070251306
0.04418505612835377,0.039093862842115516
0.0269144249634522,0.4614039323486821
0.018884630932306967,0.8679887732119749
0.018401854479447755,0.8872818864458665
0.01663333688970614,0.9448518211254182
0.021882036061179888,0.7245569790252805
0.024438656261162345,0.5889301733741416
0.028189141819137786,0.40058438536720425
0.03139989675484467,0.27261604398476924
0.028917403492094818,0.36842970562984484
0.030608409105296275,0.3008976609542689
0.020943324405295227,0.7727426219063197
0.03552367119399347,0.156523162688619
0.02016709024082952,0.8107319765143752
0.023210597270682698,0.6541677461239872
0.02521919043629728,0.5482139435543327
0.02627728004616514,0.4939759179841733
0.02619610355774346,0.4982295113712624
0.02517015886768137,0.5507452190400701
0.027616620009433795,0.42718377690520043
0.033597009934075495,0.20457126734920822
0.033458082748553275,0.20843887633563388
0.0243093498314102,0.5957495565960778
0.019846096285848547,0.8257847874392552
0.030045286230665158,0.3222957584934711
0.04127061362734841,0.06447755775505928
0.040327977913720336,0.07525345346751494
0.05096863292894338,0.01069149925699257
0.03529882550570562,0.1616143609569846
0.0251855466956048,0.5499503891379334
0.03202555897270032,0.2517063774272004
0.0499446627344976,0.013157420502807366
0.034931213849816234,0.17022310226321843
0.025015022029898915,0.5587797276037088
0.011544065794560132,0.9993449652892112
0.04061042299734058,0.07187501969680005
0.030112141483907062,0.31969899021232456
0.021889825477113822,0.7241497227167886
0.040751570451943775,0.07023555450329456
0.025903011910202167,0.5133624543069821
0.027419832441581637,0.4365963303608549
0.029739088041860318,0.3343846750512559
0.017500355127216066,0.9193512092803988
0.02790556342440975,0.413613583113306
0.028775784666259824,0.374535918103264
0.028934589149423373,0.36769350477288254
0.015095869179574728,0.9766064880431444
0.04604457759123204,0.027908358129268777
0.02354248360857092,0.6364680653869401
0.018429506220299707,0.8862147334983289
0.020586185536805635,0.7904745143911418
0.032726295356670376,0.22975776989904206
0.03358682275468505,0.20485295281812926
0.028781569224977765,0.37428512150183874
0.019607308758708752,0.8366918319783441
0.02432144662293867,0.5951108665131839
0.01813908748557036,0.8971826028302742
0.014503883319266442,0.9844894932737591
0.025386715598033405,0.5395960919003284
0.039986060141246615,0.07952240837306887
0.02539384952026985,0.5392301924005245
0.027115072192075873,0.45144613958825847
0.02719733628288945,0.44740504876537146
0.021222695341554743,0.7586144812344766
0.028069615652882796,0.406041230707253
0.0295359388322243,0.3425833494019618
0.016072639725869448,0.958413661842788
0.028890578785544185,0.3695808987092699
0.022987611881533754,0.6660589158177155
0.027233239857428315,0.4456489173556077
0.02095880796204147,0.7719651630075279
0.024343698608661035,0.5939363816002285
0.018685153895550616,0.8761278263399666
0.023373024462920666,0.6455037503589238
0.02642457442052551,0.48631754854020554
0.01636274890915912,0.9516857836921482
0.02054249174532785,0.7926157963476804
0.03509484732327406,0.16634702596916787
0.018918489632399393,0.8665846730866351
0.02112836651398392,0.7634079015367325
0.02636450192404477,0.4894316257727071
0.02826745897927979,0.39703641069533646
0.014269444835354972,0.9870184965335224
0.015221938241459454,0.9746331322159133
0.031777001141588546,0.25986275858848346
0.01895737453167584,0.8649642045281173
0.03187162373598429,0.2567345218176528
0.016824012287867673,0.9397122910010242
0.025170398974445063,0.5507328137890383
0.027536038237240823,0.43102137911745253
0.020267146409224168,0.8059547007488939
0.02457121918140176,0.5819580400864725
0.020516193556913587,0.7939014427880215
0.028789557398064436,0.37393897822059896
0.026306439636172074,0.4924536855112266
0.014437264960783791,0.9852406953201376
0.022185515405090284,0.708624009361572
0.03319541237059587,0.21590671206389653
0.035355053735111164,0.160328903968701
0.04075066984048148,0.07024591366357436
0.024503677312301242,0.5855078805494187
0.040383911215964075,0.0745739279084479
0.022694164321604926,0.6816837723014687
0.025012044549408974,0.5589342987542831
0.027613491165889348,0.42733235173674244
0.027641206428468512,0.42601749278264384
0.018891562986072863,0.8677018312066618
0.03772087494410481,0.11326729851789742
0.024303474514074053,0.5960598156018657
0.02250768481162546,0.6915872121846229
0.024488137754359873,0.5863253513770373
0.04711597925831301,0.022838264626222703
0.027198660159502785,0.44734021300650034
0.021947200139655898,0.7211470457126447
0.02600586788992884,0.5081998771134395
0.034670520762073775,0.17654658501875092
0.026756558944162234,0.4693395434211346
0.018141790988210116,0.8970829856728139
0.016341726892231456,0.9521941152945406
0.026656758617871035,0.4744021569056244
0.022575691948772847,0.6879784893180108
0.020160111600978636,0.8110637220783017
0.028950349792371988,0.3670192605658867
0.019870891890124365,0.8246375422662179
0.014665851454989554,0.9825518450811597
0.035607513851079575,0.15465801646611266
0.031956211143068125,0.2539622338232915
0.03129775987313976,0.27614960218849083
0.02665403686064874,0.47454072190437485
0.027264043105790142,0.44414592351398313
0.017791607048774805,0.9095854739822009
0.014263131362505649,0.9870822412491796
0.0212530444880083,0.757067517775072
0.029161445845592993,0.35807247269856596
0.03210641998203212,0.24909523565325545
0.018838220871028433,0.8699028297454046
0.03929222056992043,0.08881604372102297
0.034140103330292826,0.18998738195148462
0.035625288935833166,0.1542649019288188
0.022181106651617655,0.7088563636725198
0.028746966254086764,0.37578713172621087
0.025169040168461554,0.5508030185067002
0.028791980978033038,0.37383400414943263
0.018694847235609352,0.8757376636222839
0.01898814426163775,0.8636759566207852
0.027640829159235047,0.4260353726795283
0.021485844506194174,0.7451293987576417
0.031971239069077506,0.25347208617999484
0.03227158574474753,0.2438257751748361
0.020559263569075392,0.7917946321434637
0.0316350465346954,0.2646096354155514
0.017443722089562796,0.9211816072029483
0.022025934487487797,0.7170184170033161
0.04541875547526586,0.03130897719294787
0.021661849271208733,0.7360265185799792
0.020219310957042325,0.8082434845994646
0.03246418787660044,0.23778879163496236
0.03224902876634017,0.24454038409831425
0.021610952133436223,0.7386652256733897
0.02244060659619268,0.695142866765986
0.023822765136316953,0.6215436933952332
0.01992625122857622,0.822066542032389
0.014483971879289237,0.9847167746238866
0.035226076928979,0.16328973302757918
0.04425796373694013,0.038590730740245945
0.01896751783259565,0.8645401114400556
0.03421035098846259,0.1881623227345568
0.02526285975950271,0.5459628679696681
0.035919865701874776,0.14786637082696208
0.022129552691281418,0.7115716097980405
0.030155234635352635,0.3180332644445298
0.027034985870163064,0.45540346032088935
0.028539512325870042,0.3848806302736374
0.02009586420921272,0.814108764960539
0.0193106046650795,0.8498676800191802
0.01660384672675906,0.9456228300752079
0.03112612497087719,0.2821644410406523
0.023131955920481007,0.658362348042346
0.018983392874470484,0.8638752272339394
0.03735637846468426,0.11967104907286841
0.030620833836271677,0.30043760974640027
0.029913959388124578,0.327441218651989
0.028382177533750552,0.3918786348402532
0.034046631394413496,0.19243739558462838
0.025842361821542648,0.5164169553981939
0.03375847925487396,0.20014674743626293
0.028720356798574986,0.3769450371198893
0.03420630219357684,0.18826713519147226
0.02374556544958406,0.6256509186272792
0.02090452588563957,0.7746877477924055
0.01784982496317955,0.9075636850886462
0.020380365619114826,0.8005031107182027
0.020376943426481997,0.8006685866560522
0.022115643198450108,0.7123036144268964
0.022080520308138563,0.7141508659311682
0.014382747992122136,0.9858360278433197
0.030873692772997452,0.291187201752687
0.028432646834359532,0.38962429440307816
0.02123158459477137,0.758161610694462
0.017269381357335356,0.9266739676357457
0.03734284261230825,0.119914476900491
0.01959485717794085,0.8372533649372753
0.030399830850609266,0.30869823865363893
0.032896966630173274,0.22464153176533605
0.020100898148259105,0.8138707760333532
0.02190519434106919,0.7233459047837085
0.01725362383354595,0.9271597212502405
0.019112408942925208,0.8584204662213558
0.016431772581335505,0.9499938172897833
0.01865428980579062,0.8773664309408546
0.01805379252999116,0.9003010800026983
0.025037998318082177,0.5575874072790878
0.024293968850230996,0.5965618547447951
0.022093078233597296,0.7134905839361296
0.020115348160651414,0.8131870571875462
0.025264914786788162,0.5458570142258024
0.02591949893857648,0.5125334388431197
0.018292917960048685,0.8914396057441836
0.04834050994305411,0.018059204260696526
0.023272251626309193,0.6508789644721713
0.015758844371297598,0.9649980104339195
0.0354461052542549,0.15826473404465446
0.031190336715371525,0.27990285869877185
0.0214128690811482,0.7488847894804906
0.022851615504865586,0.6733049381335738
0.03461090755481128,0.17801847025004303
0.031132783642471296,0.28192928761590447
0.02286886380119768,0.6723863225951963
0.02662275044730711,0.4761354126196511
0.03631660841717543,0.1395893738426787
0.026263835401758362,0.49467879232491574
0.025853841971820918,0.5158382037127323
0.048982292081166445,0.015929978094987852
0.03571769154433235,0.1522342590634674
0.030211348629146817,0.3158737115329164
0.029487328473077695,0.34456634139278436
0.023453925032483003,0.6411893450195401
0.016611309625480297,0.9454283209099781
0.030468142352000238,0.30612732449336344
0.031085821908941158,0.2835908760322583
0.025735076983038313,0.5218384404177236
0.0371732282105639,0.12299946358017808
0.02291309541434583,0.6700300641752464
0.035631124767840416,0.15413601188757345
0.02558218781665489,0.5296037531078117
0.024532318656507512,0.5840019069529049
0.02794269064259547,0.41189147335851845
0.019745372882836176,0.830417104175676
0.0293998824734657,0.3481542281286699
0.026924493732130322,0.4609008115327224
0.03670753680691677,0.13180566000620625
0.03040032888979971,0.30867943782811275
0.03130100641983147,0.27603675946554207
0.024790855679840962,0.5704535198985594
0.01626697958311976,0.9539752013649562
0.020330424061287156,0.8029137120560887
0.03571927819613219,0.15219957973327347
0.02554055198677818,0.5317262183193225
0.029443546889799554,0.34635936811990786
0.04118090034638877,0.06544296557619743
0.021078666091829512,0.7659242325428959
0.025722347683816538,0.5224832261331197
0.03537251129357566,0.1599314712016992
0.04532376149161599,0.03185582520140236
0.03588670568435126,0.14857575801986275
0.03130880897528687,0.27576570098085856
0.020419520247561662,0.7986068132799795
0.020622889090720742,0.7886708440959116
0.031627604017648414,0.26486029762147323
0.018905030059733985,0.8671436067117388
0.0195227997183543,0.8404884721764689
0.02424721361062382,0.5990324882344755
0.02062377577481206,0.7886272157016805
0.021748236360866757,0.731536761487245
0.027940911647784034,0.4119738783618283
0.023730763241971986,0.6264387784495435
0.031008136505590422,0.28635549620446515
0.026198634856779868,0.49809651982851144
0.016886071909702594,0.9379819732981362
0.051997480663991236,0.008642445425264997
0.025367589033910343,0.5405775402305198
0.025686101542470335,0.5243209765801911
0.02516326338609609,0.55110151814731
0.021342541382486147,0.7524927482826784
0.03649336282078297,0.136024998517136
0.03404490468535171,0.19248288734137364
0.027225674252685128,0.44601858680527573
0.02198651130649279,0.7190868082729641
0.02593453474928409,0.5117778889980668
0.028648299910906005,0.3800931129876308
0.024492285673400643,0.5861071198898644
0.025118135647125284,0.5534352340723535
0.015557676542766533,0.9688457408032097
0.03020042364405362,0.3162933206466877
0.020830484361851587,0.778387512654926
0.015626952320381804,0.9675532782209946
0.05085379254512867,0.010945562718044241
0.01993937512893973,0.8214551103193978
0.028709190589304878,0.37743167598971056
0.02244250337352549,0.6950423779374723
0.042354000544324866,0.05374752093521484
0.020074624618560855,0.8151117766881144
0.02339495541701697,0.6443340791084207
0.021896308326055602,0.7238107042537071
0.030631958673748128,0.30002612928283595
0.020762309689071556,0.78177951466338
0.019237873806583372,0.8530301146468635
0.03106634773515682,0.2842820391701791
0.030313072248287276,0.3119861565209258
0.025914146096575275,0.5128025331840179
0.037864136065683646,0.1108290741611464
0.017443054607732877,0.9212030458751267
0.024595795597328995,0.5806677066121995
0.024324350303632114,0.5949575787594616
0.039089597951927124,0.09169621191641326
0.02117091038016289,0.7612487898332615
0.02938147770731714,0.34891275621790313
0.017252475605050055,0.9271950479716565
0.03177873306208978,0.259805243692949
0.037461067232352985,0.11780202757582141
0.0327952502937367,0.22768001405349755
0.026169402522522534,0.5000383464991226
0.04013632514535714,0.07762173754590794
0.021376015605648835,0.750776848693518
0.029228602183551056,0.3552589106293335
0.03140925053306792,0.27229413813345293
0.019501198918736362,0.8414534036182737
0.013946048723730398,0.9900039513904572
0.016579953462587976,0.946242811811363
0.031608596503174324,0.2655012770518238
0.02771852130982555,0.4223640242667118
0.01960133562690783,0.8369612956332108
0.018749696884471256,0.8735195530685311
0.013550468557776973,0.9929346355341567
0.030897001621079057,0.2903452189263068
0.03221431184740109,0.2456433384157613
0.019119627914494952,0.8581125846681651
0.039370416410929865,0.08772502374709672
0.03690808249170474,0.1279522174593348
0.022485131479136222,0.6927831463686571
0.02073952563494605,0.7829099249948125
0.02400971213683767,0.6116122210208724
0.02393956619427909,0.6153360260477826
0.01700309277091705,0.93464271010528
0.026134662258988306,0.5017672507629135
0.02231240843194704,0.7019266048759536
0.025791807101954,0.5189687765952078
0.024850991417215806,0.5673147809064163
0.03064224170802754,0.29964615422102664
0.01706372045883603,0.932873466300272
0.022055473875663423,0.7154671403246236
0.054307077391406555,0.005278234940212022
0.03122178059509384,0.2788003250958251
0.028611085767746736,0.3817261269868678
0.031380187859307185,0.27329524911210706
0.02291782952667193,0.6697778291055668
0.031462191550635565,0.2704775627656282
0.0219760233871914,0.7196366894550664
0.03570487888719165,0.15251453769661807
0.03465970498584045,0.17681291315495887
0.02002808463270589,0.8173031262614797
0.023848612422719018,0.620169271378869
0.021970274274604518,0.7199380459973668
0.030293734947225093,0.3127224631972631
0.02585381707867551,0.5158394583651011
0.033657426714507555,0.20290689343412674
0.03291353455750495,0.22414958783061825
0.02625827872159464,0.49496947815643955
0.02950130594916367,0.3439953102423175
0.03169574465348901,0.26257199949321974
0.025143390761797196,0.5521287969367707
0.020073607407208538,0.8151597671747801
0.020634152805852124,0.7881164316024962
0.026418502078928208,0.4866317476068724
0.032475593624268134,0.23743490466458
0.029634415867644814,0.33859120633693923
0.027245734461782023,0.4450388553094564
0.03376715097536598,0.1999112639441333
0.019694544091865218,0.832737395189816
0.01768430224832107,0.9132514986417689
0.04061803248006457,0.07178581166566458
0.02831384925636904,0.3949450724352615
0.024617785936458914,0.5795137731871836
0.016943833682052545,0.9363461857088082
0.034263029707374715,0.18680280058473045
0.03899110763327468,0.09312421175350764
0.02467404513092064,0.5765643354181387
0.03067626641441651,0.29839141174791706
0.02167686134472324,0.7352472914113177
0.019833888262541233,0.8263486393747155
0.023317580901221158,0.6484610225359794
0.03548757921276918,0.1573316029458825
0.03506521618761527,0.16704363989919568
0.025236278205104268,0.547332717981341
0.02994410701497785,0.32625479254030487
0.02127317306946147,0.7560402800173609
0.030278350635315754,0.3133091577841739
0.04371139192333706,0.04250414784947064
0.016494059350983248,0.9484368345615333
0.022078672106224273,0.7142480244141487
0.024447834883102093,0.5884467839762246
0.024913578688489924,0.5640535067673688
0.033975167962524366,0.19432724243611119
0.02041661865651101,0.7987475300011433
0.02445193687297753,0.5882307838495243
0.01627829289474536,0.9537082694582285
0.027027704197695263,0.45576440651507877
0.027449533369873325,0.4351668489081805
0.039162234706989596,0.09065485080714657
0.03258246213477922,0.23413864137537882
0.032317122868435244,0.24238800315184017
0.03560356470834064,0.15474546520357366
0.02474776962840991,0.5727054119625864
0.032054838696308374,0.25075849664202393
0.029436731933759508,0.3466390658787955
0.04336446400484162,0.045163487464597814
0.01868706369684492,0.8760509994643385
0.03278809490176382,0.2278949460602951
0.0215870829599783,0.7399009622473981
0.03983159731322994,0.0815170074288544
0.02649778972368072,0.4825395190079131
0.026130831463859583,0.5019580590475077
0.014628680090545021,0.9830106731437811
0.027371640739846326,0.4389224574078492
0.019327819879262798,0.8491151627169448
0.022223690156244147,0.7066111048657091
0.029505009301845297,0.3438441282820504
0.025957020841230805,0.5106488461302736
0.025880646636426086,0.5144879467746911
0.023133579610820187,0.6582757495327773
0.03455593794999645,0.1793843116301402
0.02060466598243188,0.7895669169660933
0.03274577599813268,0.2291693056418736
0.013353296649592533,0.9941292846210711
0.02162599043875818,0.7378861006332404
0.018130470509546637,0.8974998001415826
0.027294802398029616,0.44264845486980475
0.026358899734510555,0.4897226896608847
0.027685527133688215,0.4239205370489244
0.024808303655420638,0.5695423200210394
0.02669006690843778,0.4727085660217834
0.02002845450468549,0.817285745856593
0.031016778782228305,0.2860469543639998
0.021847166205503976,0.7263788881447496
0.0404229885674931,0.07410227574777618
0.028193751808071488,0.40037493753339065
0.02323086391506557,0.6530866864420897
0.02566868235224601,0.5252050795040811
0.022900814376981493,0.6706843629504842
0.021062078814142904,0.7667625850120328
0.021494666457929745,0.7446746361735945
0.015858248009337883,0.9629895531696475
0.02142975532351482,0.7480168379978156
0.0329650040672782,0.22262662720673243
0.03810774719345966,0.10678268733641075
0.03993395869183469,0.0801905432384212
0.01849555820929985,0.8836465284504604
0.021434299993024042,0.7477831351151689
0.02348326121217259,0.6396251512267261
0.027426603124852622,0.43627018581264954
0.03052986620795095,0.3038178738159017
0.03146598198694417,0.2703478502646732
0.03364435933127541,0.20326597679305305
0.02128960184261408,0.7552011340585489
0.036703096082479014,0.1318920476975546
0.030288858815034736,0.3129083319662798
0.013860190996369814,0.9907044528139555
0.01957260260709992,0.8382551571589354
0.02252042909851107,0.6909112332640883
0.0219276833518528,0.7221690219627521
0.030525450601132098,0.30398266133651974
0.0174357828983841,0.9214364004810691
0.026364651568462794,0.48942385246956127
0.029585643815467355,0.34056417209904033
0.034241440081786645,0.18735904131562786
0.033462708975803224,0.2083091761583157
0.016624643608878054,0.9450797694290352
0.027605920290521335,0.42769200333955676
0.03023656554216425,0.3149067246020349
0.029190442907327196,0.35685568762194264
0.029484457499566408,0.3446837151052035
0.02412143021472335,0.6056890168598043
0.029901269394683183,0.32794155159506383
0.01759043166244493,0.9163936316244982
0.0326494229201309,0.23209124618497945
0.0234447235588571,0.641680000842095
0.020409406702878552,0.7990971526864429
0.021641022157897982,0.7371068791929254
0.024302911053705467,0.596089572145842
0.03771427687849893,0.11338065250471771
0.020973617141112233,0.7712209293743272
0.03712843407354438,0.12382497256766054
0.019993523370861355,0.8189246648907299
0.027488246530231297,0.4333083427165757
0.025017025739816234,0.55867571582438
0.0339762160700014,0.19429942034470332
0.03473131967849291,0.17505539179169155
0.025583623796429644,0.5295306096741863
0.032264501829794456,0.24405002315571317
0.02985208443320103,0.32988600953773173
0.029155143033895603,0.3583373423654307
0.025343468170232586,0.5418161818974586
0.018369001881276104,0.8885435790047727
0.02302970581142255,0.6638149003971592
0.01808063504123114,0.8993248092296968
0.02431077977879781,0.5956740502408024
0.015490661002748651,0.9700637333300156
0.02818536049154119,0.4007562405730174
0.01576527055941984,0.9648703231508716
0.030564384672206124,0.30253192852126193
0.026683233769377535,0.47305568094278827
0.02247239262173517,0.6934584564386589
0.040693296995871486,0.07090852054614917
0.017573265069511734,0.9169616447450445
0.02389915067225351,0.6174830516911609
0.028532236695710367,0.3852023075818582
0.03754315885462778,0.11635330389273267
0.025601715147544946,0.5286094394237675
0.024922749764669905,0.5635760987244733
0.027661133885521827,0.42507379363202313
0.019866692243851625,0.8248320407588547
0.024699153214997105,0.575249320125216
0.03305283467655584,0.22004622285307324
0.039367833592395485,0.0877608796798567
0.025111578575144566,0.5537745960634609
0.024517892353661752,0.5847603292098794
0.017404768418969874,0.9224274878864431
0.03450361723448814,0.18069203692254684
0.01823434976394156,0.8936439992693278
0.02868377346315959,0.3785410288853871
0.023168092416668035,0.656434956444323
0.024980402295919357,0.5605777880828801
0.03561797847020154,0.15442648304738124
0.022932814119326628,0.668979391715699
0.021219851628399455,0.7587593153534167
0.02449021191129991,0.5862162228056782
0.017715727442676243,0.9121860283679308
0.02299460889489635,0.6656859402097298
0.04373506975821406,0.0423277190392044
0.02019158382705566,0.8095661016807385
0.02121586433612388,0.7589623597107453
0.0279439391453985,0.4118336480579688
0.05703912515728626,0.002865245025083203
0.024362523025878324,0.5929431999705423
0.028118078181368744,0.40382260429835026
0.025061757884790342,0.5563552973275983
0.025268407191579467,0.5456771381064304
0.02936508403450816,0.34958939201554756
0.04566470975476428,0.02993129129738433
0.029057797607554225,0.36244584069655567
0.01686486242260521,0.9385764969644695
0.02782512619077049,0.41736142334420767
0.020411623074987117,0.7989897268307494
0.02323891691377039,0.6526571211784895
0.02106063248665857,0.7668356500863773
0.025336027325944865,0.5421984857851383
0.04428664939506266,0.03839432768009438
0.04149981175572087,0.062066231344998356
0.02574115129632415,0.5215308673822895
0.017816384599083683,0.9087278055874819
0.0172931876650515,0.9259367292413807
0.039346009342014154,0.08806434616055807
0.03539735333690974,0.15936728819021898
0.03275980782810062,0.22874615576537044
0.034868395988839396,0.1717300883060154
0.029882367854273895,0.3286878142933349
0.028433036220625985,0.38960693653451794
0.030049477257394153,0.3221325235742862
0.02549363526859111,0.5341217690175457
0.0326956458515113,0.23068596988652174
0.0271838714171887,0.4480648348722956
0.03882751297780995,0.09553725985991506
0.018359422110359347,0.888910218860278
0.020526070570951238,0.7934188613071187
0.031429619639288364,0.27159413026611445
0.01380414101112537,0.9911419186594832
0.01984575007258732,0.8258007870133385
0.017234107809016574,0.9277588729971801
0.03348722058942577,0.2076230208982741
0.02164992092383089,0.7366453763507246
0.022030481500330934,0.7167797081663907
0.0212491196170993,0.7572677042258975
0.03161489617254798,0.26528870778600866
0.03358116362041408,0.2050095641430953
0.03359553330088577,0.2046120789551261
0.03536483849384792,0.1601060501050148
0.021784222713066903,0.7296624989038887
0.04337462464994302,0.04508359541641609
0.022691614712709862,0.6818193370615706
0.03023886486605265,0.3148186605054568
0.017555215912242406,0.9175566481107017
0.025087328250076313,0.5550302685665585
0.01698541420556221,0.9351535783813756
0.030757015545220867,0.2954291033568663
0.02422906216697207,0.5999921996415695
0.030645775094191308,0.29951567162360127
0.012528457010472671,0.9975582550457562
0.026756492734023474,0.46934289032070176
0.029882173457297267,0.3286954957664713
0.033675733349763703,0.20240467254761088
0.020287866699194468,0.8049605870554389
0.032625056319007806,0.23283468372768804
0.015288723249230807,0.9735440510360434
0.031245412895132968,0.27797382817091093
0.05328341626080402,0.0065849273554796
0.022250826429709325,0.7051791989524239
0.025269373422478036,0.5456273760955968
0.022819155006124248,0.675033371915555
0.025757711670822914,0.520692705143209
0.016528550110217255,0.9475623610254583
0.02020256492113237,0.8090426480959098
0.023006960452000347,0.6650275075128234
0.014436409489378077,0.9852501713827972
0.017363098835125768,0.9237483524241068
0.04292722450326614,0.04871986896723567
0.03326649830372819,0.21386552665759512
0.022356212388774166,0.6996105183971377
0.025604981274876426,0.5284432020773162
0.024176706555056604,0.6027620486585441
0.04096435895221395,0.06782413284019476
0.028485710842241885,0.3872637801300115
0.021525806798163738,0.7430680767481275
0.019611147365719117,0.83651857351793
0.022105294606460046,0.7128480580009573
0.02162052445706475,0.7381693405632722
0.029026851742024573,0.36375887302196236
0.01943680535625608,0.84431642863187
0.026334308486348823,0.49100165657623607
0.013785492851132508,0.9912840544009687
0.055113965262792664,0.004420598991661809
0.016732359627687765,0.9422160742149664
0.019209385092414544,0.8542613615079324
0.01753584277503406,0.9181927694223955
0.02264934530267748,0.6840662342379975
0.02565408705786809,0.5259463116051291
0.015947522043054718,0.9611247942595766
0.023521708678477762,0.6375754509784857
0.023841382442142567,0.6205536850631449
0.03145802143457921,0.27062032219834514
0.025814720615653486,0.5178115418283717
0.023005030996447462,0.6651303650241092
0.027738132811506,0.42144068335996
0.03913954880702203,0.09097901875338998
0.026329195876489297,0.49126782824289295
0.031012120161640122,0.2862132432012916
0.012773893683143966,0.9967701110308608
0.016739400195105003,0.9420259255407245
0.023880738510644317,0.6184615192626401
0.02205573764681454,0.7154532827525603
0.034368820552483914,0.1840959889499856
0.020236921757482873,0.8074018819114729
0.05596681162759365,0.003654711600521615
0.028136620377215316,0.4029759459174109
0.028133902035021058,0.40309999218188974
0.015089786129808491,0.976699004022685
0.025710278042696988,0.5230948935696448
0.0392425609336563,0.08951481038372987
0.016590789005577422,0.945962172737086
0.022647696571905296,0.6841538514904764
0.03293759653825845,0.22343660677849692
0.025704131812262387,0.5234064836613871
0.015504228583018143,0.9698196999680027
0.01805271849409984,0.9003400447640975
0.02325189586526577,0.6519647919737507
0.024778744234768557,0.571086270667053
0.02214376282071495,0.7108235256906712
0.042318451996581796,0.05407352573952469
0.027601559029049594,0.4278992762536967
0.023747187350515397,0.6255645980059445
0.0165616053121046,0.946716053219124
0.020570300332953595,0.7912537407122358
0.038499324218580544,0.10053575841754386
0.031663781175568784,0.2636435348102703
0.020853857398099196,0.7772213491527726
0.026997344826440117,0.45727133376349427
0.033196653834687895,0.21587093512307517
0.025499410470493422,0.5338266692514069
0.024816700653719492,0.5691039461823113
0.026579365656689613,0.4783525365041221
0.027066054543489093,0.4538655397253474
0.030692415620762747,0.29779722807224035
0.03434645047810436,0.18466576049208028
0.02673856835310484,0.47024953644597917
0.012044449937379006,0.9986666141778213
0.020860255782628956,0.7769018262729228
0.044540187055428976,0.03669604527979433
0.017436061928138548,0.9214274530863797
0.011951931024160367,0.9988226553299459
0.01992512287116832,0.8221190769233325
0.030173087866937842,0.31734501828547546
0.0300547653407931,0.3219266454137253
0.01955173849581826,0.8391922156269058
0.030054510255059785,0.32193657433830214
0.03779131815221026,0.1120629151294281
0.03630463905426751,0.13983346104854183
0.029725867689641694,0.33491388387496557
0.02653372087562822,0.48069239025329413
0.021869318822528072,0.725221668678184
0.018252227635677742,0.892973424295978
0.028890668814980425,0.36957703083082166
0.02836539685612896,0.3926301855127755
0.04312605828929439,0.0470736303913443
0.049179085343782014,0.015323742687039926
0.0375696352597884,0.11588920070215365
0.037126728808233644,0.12385648838382655
0.034778859231218096,0.1738963923985102
0.029624281472688307,0.33900049370665647
0.02158694652690618,0.7399080223181704
0.03051060676928885,0.3045371045417573
0.02369562252069446,0.6283095803184907
0.02361224093549108,0.6327506880340401
0.03110632628051402,0.28286450163079513
0.023656640396889417,0.6303855190378204
0.027666429749603094,0.42482323704153346
0.0220686471096474,0.7147749495257135
0.02694703203309068,0.4597759187061724
0.02389988200119869,0.6174441914305495
0.02124669867824691,0.7573911644940414
0.03288989237471318,0.22485183789678048
0.018256636535238208,0.8928077392886513
0.014687232490981056,0.9822840593030536
0.02134356343202476,0.7524403958036783
0.04357903981205136,0.043502162331253605
0.024150780984339842,0.6041345240541566
0.024672892338227115,0.5766247314377098
0.03937424508239701,0.08767189492214077
0.022724358755178448,0.6800780102432664
0.02335336969817392,0.6465520716735789
0.02960254710329613,0.33987945505461736
0.02990846161174532,0.32765791361382857
0.03159785991885339,0.2658638560235824
0.027863007205769785,0.4155935489993341
0.03862254803627496,0.09863403301834062
0.014743016913161627,0.9815719878010863
0.020544031168798105,0.792540464691485
0.02067851434422696,0.7859288692612898
0.026134443044310673,0.501778168769364
0.040033977402077925,0.07891208780838473
0.017981087869255008,0.9029215703111038
0.015972575892016172,0.960591056783145
0.0439717545973205,0.0405988629129991
0.034890343974982474,0.17120235838876505
0.03752052048378174,0.11675134407573017
0.020772540021917474,0.7812714197521399
0.0344454572658921,0.1821545585439487
0.016803508948156076,0.9402777563036173
0.019241901109757098,0.8528557179464411
0.046111672264789516,0.027563876174068424
0.02094978571526296,0.7724182702501832
0.03000244182875922,0.32396793640678806
0.018705956995716422,0.8752898095533042
0.01880432736624693,0.8712929104157348
0.039508608007174595,0.08582444425478884
0.03481736647890754,0.17296207739832367
0.03506957010674536,0.16694113558577064
0.02848814875279737,0.3871555708398718
0.03791978084784636,0.10989380921407
0.02363352679753239,0.6316166924212352
0.023124675883740453,0.6587506198992324
0.027652372112219492,0.4254885480830374
0.029117971723421426,0.3599022569280972
0.01681832011568654,0.9398695854389695
0.020676825226323525,0.7860122803356387
0.02698499220754813,0.45788541381458275
0.029780661193790636,0.3327244335807245
0.042576564403142836,0.05174470223925497
0.047951873280695057,0.01946895609812549
0.0249272522326327,0.5633417639841571
0.02361098150486929,0.6328177888498769
0.021645993053158563,0.7368491000436557
0.014722386763508663,0.981837592167103
0.0431522458652992,0.046860444385075715
0.032905216736124565,0.2243964611456594
0.024110880272249724,0.6062479443192712
0.024928204701082923,0.5632921957672709
0.045463995753567576,0.031051459179644428
0.030617929424238632,0.30054510517728955
0.028340623850041935,0.3937415099612146
0.015028638036279296,0.9776153097754849
0.01879804004736274,0.8715500482986582
0.03430851436469462,0.18563518634197612
0.023513796239811258,0.6379972460608838
0.029019511483480476,0.3640708125075748
0.03306783138662095,0.21960795043912573
0.02727252809105124,0.44373250771953565
0.024971534963144526,0.5610386257984996
0.028209304688228132,0.3996688728355451
0.05345514098327653,0.006346927783636537
0.013540265604077506,0.9930005734913582
0.033909137576062065,0.1960863399156048
0.02986484058584893,0.3293809149235936
0.02143446265645682,0.7477747695502113
0.04283977735409472,0.04945951348777139
0.03036350552760081,0.3100717701290528
0.05299048566131365,0.007009772744633135
0.023590856214452338,0.6338901132804213
0.034803756892928694,0.1732918342485895
0.02990026365449422,0.3279812289128232
0.015268604570589095,0.9738753420535002
0.025102112874953897,0.5542646153207526
0.0201750683375424,0.8103524843078291
0.03298294805398372,0.22209755462177508
0.028800406563665948,0.37346922227705476
0.021628867858965006,0.7377369732727664
0.028980550752026046,0.3657296923630726
0.016173159927882513,0.9561525454566551
0.02035760140910392,0.801603041373201
0.027312569428155298,0.4417850335347241
0.029784500892942267,0.3325713939270776
0.02084369431835781,0.7777286224291413
0.01816045126843918,0.8963941117323857
0.030350633921789716,0.31055954202726416
0.03239903045926684,0.23981817696144214
0.04799195869046835,0.01931914086014707
0.02564858253313962,0.5262259699581129
0.022533234031896054,0.6902319036256492
0.021513000990567605,0.7437289855328317
0.029949152225088094,0.3260565483658239
0.026117679648281766,0.5026133835204035
0.0296363579221674,0.3385128151259929
0.03617799899125551,0.14243727506201875
0.01971304721564271,0.8318941086354599
0.025607045290057084,0.5283381595945007
0.03931332548357147,0.08852046324891776
0.02650159385587736,0.4823437407924447
0.02885568012617984,0.3710823742368422
0.018335346870805014,0.889829096789382
0.022207691531673568,0.7074549038266378
0.021313437187951256,0.7539825335906527
0.028979035289154687,0.3657943257077619
0.018043533858182303,0.9006729432150089
0.025606287408419304,0.5283767289903973
0.028131634904304814,0.4032034683678409
0.024500792900440382,0.5856595965109517
0.02133143568840301,0.753061459518327
0.01398873379011889,0.9896417240283356
0.022061440145283773,0.7151536708218089
0.022531039796748753,0.6903483220090301
0.03994645429655347,0.08002987241243342
0.023712075879804395,0.6274335758816159
0.03131654948217383,0.27549699468591193
0.03157462215023521,0.26664988023847697
0.023020040019492344,0.6643302219203041
0.03950799215257311,0.08583283679785922
0.031998467862278335,0.2525858242626967
0.03748114809872449,0.11744628260246502
0.02492692912860056,0.5633585792167533
0.02375665388144821,0.625060797077031
0.03365309079019135,0.20302598688571344
0.020225767937749495,0.8079350508224445
0.017022679833773965,0.9340740369693676
0.03327451751811089,0.2136362035129045
0.025996941506709226,0.508647027456926
0.02704860893725901,0.454728684980362
0.02985252272958938,0.32986864540819844
0.035500292358172536,0.15704645380697635
0.021219788950222918,0.7587625074111303
0.03137648791334724,0.2734228972322054
0.02958955516768627,0.34040564341724955
0.01882899765338908,0.870281754976054
0.025668869910331016,0.5251955569307548
0.031077387441617338,0.2838900723748302
0.02351634602810615,0.6378613205276684
0.028990987884524866,0.3652847754000323
0.03126776777843848,0.2771936912029447
0.03261862947094879,0.23303107439788354
0.027367070992664888,0.43914346126419807
0.026615918508434255,0.47648410529780205
0.0213696126571995,0.7511052640879049
0.03950689544024888,0.08584778392643459
0.026859079245310058,0.46417593135102503
0.025031910815848435,0.557903230126513
0.04038119557533859,0.07460679926542961
0.019908429711608555,0.8228956516711693
0.023514119776968934,0.6379799986678849
0.01989944281743078,0.8233132307625316
0.04320452731705382,0.04643733671694462
0.022022403125307788,0.717203785995545
0.027261492418489408,0.4442702514596407
0.02086720614214077,0.776554600895722
0.03263523134741886,0.23252401645957987
0.023297386997102293,0.6495381902537609
0.02092472358330244,0.773675697936701
0.019683778897377713,0.8332272991924623
0.02949392117890845,0.34429692072979984
0.02748732934480047,0.43335231225858767
0.018322348422665558,0.8903236948706421
0.023073427107196953,0.6614836771414021
0.019088595290008094,0.8594341069779717
0.024430451596274716,0.5893623476151411
0.03023538343123755,0.3149520064387568
0.0436781198820112,0.04275314624032941
0.032164288858052836,0.24723922090303777
0.01284133175830715,0.9965222478626539
0.02414450598400697,0.6044668033677602
0.03908610773968779,0.09174650081715705
0.026625148576472857,0.4760130548622815
0.04153496304827975,0.06170332716508935
0.06178377511029298,0.0009234941277073543
0.031619354128615496,0.2651383606918703
0.028951102860100775,0.36698706597332625
0.03583391522199808,0.14971076401519148
0.02616572276345941,0.5002213493599228
0.016487813264280282,0.9485942587422607
0.022757493541477603,0.6783152683499544
0.02997646639974272,0.32498479221030263
0.024730760092317894,0.5735951006249355
0.018804732697489945,0.8712763254311657
0.031476779243644226,0.26997861313401916
0.039526708357584095,0.0855780902367924
0.0129234140015127,0.9962009562284507
0.020055930255958504,0.815993074089526
0.027322160885001945,0.44131938756717176
0.027468698972699768,0.4342460955141768
0.03505063112540108,0.16738738217696092
0.0433635270756457,0.04517086062108052
0.01899773987598352,0.8632731414868745
0.023030906705629184,0.6637508743858249
0.02026498958427292,0.806058086847942
0.02458965899812149,0.5809898274751009
0.04599120685539085,0.02818508608196946
0.017268786797386193,0.926692328245729
0.024064611669626645,0.6087002786253565
0.02999475714651545,0.3242685267805126
0.03212563389810574,0.24847782186414263
0.023197608217855326,0.6548605957769109
0.0247732600505233,0.5713728521717971
0.0427165271298342,0.05051846313423202
0.027270489957948008,0.4438317886686641
0.022835587706985683,0.6741584351539618
0.030583923763605636,0.30180579808488445
0.03967525976947639,0.08357862551459955
0.02935750335317988,0.3499025948224524
0.02197734739713586,0.7195672806433928
0.017099579248985197,0.9318144867764735
0.016871246524134742,0.9383978901965274
0.024159896109643475,0.6036519117961915
0.0177572354005896,0.9107683306543077
0.033326128405289535,0.21216486692250436
0.02434441438683904,0.5938986103210384
0.03116283456891311,0.28086984340618343
0.019277670148278636,0.8513030972395114
0.02953762362197354,0.34251476764756833
0.019513291206556205,0.8409135063133758
0.023066749139323273,0.661839773324574
0.022158790167914666,0.7100321397542743
0.02363125799071597,0.6317375541908191
0.034239380970227995,0.18741216096572455
0.022117498946127523,0.7122059679314712
0.030582405302965077,0.30186218259872494
0.02564421910077741,0.5264476965537886
0.01861551185304769,0.8789146165111618
0.02942398523715173,0.3471626458490838
0.03425495472469409,0.18701069382854812
0.02667429675140015,0.4735099214321444
0.030049215474997643,0.3221427178927827
0.016723017687726105,0.9424678150569126
0.032563547215729405,0.2347194857548534
0.018302091085046324,0.8910923761642962
0.030743366728999078,0.2959282839204414
0.011471561789880846,0.9994138366818058
0.025009651689169243,0.5590585300834265
0.03243051412451847,0.2388359439840203
0.027380477303248885,0.4384953116132346
0.01800338591477313,0.9021215927818127
0.01457503228731094,0.9836579491278247
0.01984842166478254,0.8256773109347376
0.03204116354335895,0.2512008684996997
0.04270178628218235,0.05064641659581117
0.039944384863543625,0.08005646277118586
0.03451143011830837,0.18049628039976534
0.03605132297722441,0.14508100850977815
0.02080287361770919,0.7797629868446447
0.02478780145704551,0.5706130659716478
0.025686586634875885,0.5242963644190639
0.031185909758717184,0.28005834414823416
0.02664808805329333,0.4748436683220528
0.02760789529389429,0.4275981618306404
0.04529176150873704,0.032041919549352205
0.02248435258169701,0.6928244411752982
0.057787652216573004,0.002410989539776774
0.02464596011341097,0.5780362197777245
0.02337063916303911,0.6456309722108899
0.03559890927873138,0.15484860484446716
0.026555419623537024,0.4795791387780847
0.013650540808239409,0.9922631176965174
0.023583982010281834,0.6342564192163502
0.017933208560563185,0.9046281641760079
0.04067436685303938,0.07112830993810701
0.017055624675760495,0.9331112615365634
0.03298641112910755,0.221995558865465
0.01979891263555933,0.8279604148080819
0.01953805186287061,0.8398057839206227
0.01864215382855139,0.8778519139060768
0.019664883693009005,0.8340858915610767
0.027865089402302007,0.4154965228857648
0.01612716205864062,0.9571964245100596
0.018251661482434955,0.8929946911833236
0.026991550376043616,0.45755932278943284
0.023449121657772853,0.6414454762441089
0.03838801560996552,0.10227974564851904
0.03036123854260353,0.31015763725876677
0.031045428518308105,0.28502588324281375
0.02306818060868676,0.6617634423524941
0.03418610565265123,0.18879065705565876
0.02957164635714113,0.3411319286313244
0.03443214185688437,0.1824907089587519
0.04361179016896932,0.04325332692670193
0.031071976173557392,0.284082150183979
0.029784950299229895,0.3325534851700929
0.02158334409517476,0.7400944257670179
0.030175285529634777,0.3172603729177532
0.026772504663390706,0.4685339480438192
0.0372558375481572,0.12148890507969659
0.022869108067725102,0.6723733124576439
0.021822686568588212,0.7276567259256488
0.016637990649555512,0.9447295652201184
0.025358294706175732,0.5410546965779093
0.027614934062278995,0.42726383068082546
0.01883796696743667,0.869913267587743
0.020786230962976937,0.7805909452440488
0.03797891398570841,0.1089070805583597
0.025526257406630448,0.532455661298429
0.02832015914194752,0.39466120368039664
0.03179277745554354,0.2593392019522872
0.022721435774767706,0.6802334801881382
0.016897709620421808,0.9376543588022493
0.027153977064269585,0.44953198915505554
0.02492142133065184,0.5636452438612998
0.02358537741185296,0.6341820611380828
0.017369628846871696,0.9235421738712772
0.023211821635068408,0.654102436784941
0.022241220447522247,0.7056861774522081
0.022626738041094385,0.6852674742861286
0.032984306799524576,0.22205753203707773
0.037825618361263635,0.11148031876718473
0.03762480268277413,0.11492707607422023
0.01655732763095999,0.946826027853719
0.028816006552188994,0.3727944875875681
0.012112594599885507,0.9985413678540195
0.03317538308976101,0.21648455831084965
0.04226853260520419,0.05453419551592162
0.04003547622362291,0.07889306139617061
0.02850884812070964,0.38623765415358113
0.03690204471106817,0.12806687181612095
0.016837641543613335,0.9393347026722151
0.03483140949254254,0.17262234222349568
0.02845568331487669,0.38859830901377984
0.018563451342232917,0.8809789632698332
0.033312496187755836,0.21255273043744716
0.049299450708501835,0.014963230504000464
0.025426430644870462,0.5375602584884842
0.0171446543451087,0.9304701411938874
0.013963026119226452,0.9898610036992889
0.023622839547140284,0.6321860305086255
0.016551352114069995,0.9469794262211378
0.02374756676252432,0.6255444051690728
0.034317789093548545,0.1853978080679344
0.026600677258313166,0.47726259675456667
0.023127887818067183,0.6585793162005074
0.04940564107297957,0.014651516067429747
0.022466967219188616,0.6937460239276813
0.04055806726859024,0.07249135669405966
0.02441098140993736,0.5903882163057446
0.020472539326728545,0.796030293215441
0.0531868127763474,0.006722365127737485
0.028004556242938683,0.40903279708795703
0.014864119834511302,0.9799585662662559
0.01961367207708753,0.8364045808985685
0.033164220397493005,0.21680712251708106
0.025443734154312225,0.5366741487922848
0.015501005622901909,0.9698777869779575
0.02167604561215769,0.7352896442611809
0.024577138627778605,0.5816471852394446
0.022407716447372272,0.6968848151164527
0.03213055628734157,0.24831983471979674
0.03757245139092902,0.11583992682903134
0.020045487559852693,0.8164847452250164
0.030382717015470462,0.30934479017737493
0.03255048488591905,0.23512125153418645
0.03759507268306378,0.11544474808270663
0.026528392485218544,0.4809660189846438
0.018470954335487733,0.8846062975932498
0.037493848727380374,0.11722174014538335
0.03386798008127884,0.1971891102801792
0.03587287590921556,0.1488724272405369
0.02126940366809804,0.7562327214050749
0.024281290595710048,0.597231590325703
0.019225841237952734,0.8535506646270886
0.04108014304403815,0.06654190322988568
0.024724253659255735,0.5739355227940057
0.028739527344293775,0.3761105831813047
0.01827165473973058,0.8922424322323989
0.021379615469284574,0.7505921662265602
0.036213046197635435,0.14171277532000812
0.023081839992913022,0.6610350558018363
0.026822629743185722,0.4660074787582756
0.026962468072565082,0.459006547646169
0.02613496912130797,0.5017519676352217
0.024873586704118933,0.5661367473215595
0.021199446500419272,0.7597979857707352
0.04114394972132934,0.06584416554840311
0.03526300647971514,0.16243753064762317
0.020373701465530136,0.8008253082993685
0.023339286221812028,0.6473032625129966
0.02618857020886567,0.49862543932633424
0.018470937191170295,0.8846069650804252
0.02229112479960027,0.7030512206848085
0.03665993676391191,0.1327340567206967
0.034164907075471485,0.18934138629855113
0.028195819599523442,0.4002810150910823
0.03410880500468488,0.19080499943830423
0.017621934090866376,0.9153459461030504
0.03215692007005566,0.2474749721711299
0.023745145057788797,0.625673292878564
0.023806470173160066,0.622410365830723
0.020044553143275468,0.8165287183189481
0.019640761990922795,0.8351795672345579
0.02960590044687028,0.3397437356093008
0.04180845126805782,0.05894137345517446
0.023459669382271287,0.6408830441024768
0.024788990652818976,0.5705509434110612
0.03958637631784234,0.08477019072997903
0.02108054261242165,0.7658293432188942
0.021477444572768678,0.7455622532721521
0.025933924064926672,0.5118085666920918
0.024726951954480214,0.5737943388913669
0.015472332097349772,0.9703913528638071
0.02761552612514445,0.4272357166233171
0.017927003117532092,0.9048482311409676
0.026855111788694597,0.46437506182532345
0.03256600484941102,0.23464395371542174
0.028629393033171913,0.3809221649709904
0.03156572111678668,0.2669514225311253
0.03315740216207497,0.21700432967332053
0.022307543534102914,0.7021837065425541
0.03082325307285172,0.29301541519656593
0.03452012027408802,0.18027874064138924
0.027540395845509658,0.4308132611340197
0.04039032220361327,0.07449637508719081
0.02619660562689441,0.4982031314281362
0.026210408343651848,0.4974782530589754
0.01726051025244746,0.9269476537228772
0.020622099994131005,0.7887096686111043
0.023234441309781584,0.6528958602633462
0.052727838466474275,0.0074117813498795525
0.015302852878075493,0.9733097202719005
0.03378547215163785,0.19941445936923896
0.026060099585162866,0.5054869059796412
0.01715850297381047,0.9300541669372633
0.02699696788170733,0.4572900645872719
0.017355346132608696,0.9239927432350585
0.018510206527345086,0.8830733569081267
0.019290096617876784,0.8507621566746804
0.033662504806970306,0.2027674844907502
0.027664637681831472,0.4249080117051226
0.04211504579856806,0.05597184075416606
0.02973203971119509,0.3346667437211469
0.027051300582060067,0.454595441286467
0.016551836008893428,0.9469670138810972
0.028318095161780577,0.3947540423598683
0.03196685362043883,0.2536150469116303
0.024907102790827806,0.5643906888520023
0.02609364868813513,0.503811767491638
0.04083066109361694,0.0693308787021404
0.023556699136072612,0.6357103931001591
0.017706674938604117,0.9124936484521453
0.028362399879328842,0.3927645151395332
0.01948938734009703,0.8419800818741284
0.045686477001544434,0.029811975956324985
0.01716823012118529,0.9297611641356185
0.030741155989344904,0.2960091962482723
0.025062648931334253,0.5563091070299246
0.03819938150511504,0.10529268980003649
0.024884166420290788,0.5655854105541345
0.021188920276409673,0.7603333885808417
0.046112714763807516,0.027558553464151404
0.02258757683982182,0.6873474625063631
0.031832141490744315,0.25803633084980415
0.028327547873456593,0.39432897930756167
0.0314863934400752,0.26965015199480447
0.022281639649512158,0.703552252131699
0.03596550529913678,0.1468944873112349
0.027736008686288227,0.4215406243658381
0.03593851664592973,0.1474685779003929
0.031955628159013316,0.2539812627650273
0.0181983299344608,0.8949888494327765
0.03231326064073303,0.24250969609109504
0.022576477440795495,0.6879367869818085
0.03005083764579647,0.3220795511603608
0.030123573934209835,0.3192564624249611
0.01584637394466215,0.9632332236522497
0.03221976411068794,0.2454698700679489
0.04056412077295135,0.07241986554236286
0.03231419233467758,0.24248033556274365
0.03928118620618215,0.08897091268484392
0.030509804009881125,0.30456711016454086
0.03322435134733259,0.21507393319297852
0.029435477708226188,0.3466905590762621
0.019746275883468556,0.8303757766910016
0.037320133975702496,0.12032378175806767
0.02495651605840088,0.56181943076335
0.033661222593435514,0.202802678051838
0.026528534167564177,0.48095874186585524
0.023073170929587827,0.661497337727284
0.019408526622580996,0.8455672807332192
0.021805279260582622,0.7285647764131369
0.016502424068859933,0.9482255625077021
0.019182871296685056,0.8554034314228236
0.0228763456055055,0.6719878150404809
0.03275516360140718,0.22888614246174996
0.025014784940177587,0.558792035242236
0.024793423937053527,0.5703193694959594
0.01877053508847812,0.8726722618782923
0.030678091344059605,0.298324222682386
0.02470042772076797,0.5751825906508083
0.020324504734696214,0.8031988181630028
0.026421366624593157,0.4864835120746932
0.018050075851121505,0.9004358845113523
0.023214047654738446,0.6539836975450337
0.029799706202957577,0.3319658514067819
0.02100279984450476,0.7697525518882118
0.04159931427078206,0.06104366679196294
0.021243584366539947,0.7575499635353632
0.016181062837209548,0.9559716324502958
0.04059754117451009,0.0720262514566989
0.018802360575251656,0.8713733724082648
0.019831459734748202,0.8264607275639635
0.03159206759601885,0.266059619781872
0.022705541855551403,0.6810787710508206
0.027471235263484634,0.4341243453254571
0.023827072414773998,0.6213146288038962
0.024347623545048158,0.5937292709507724
0.019158080867921257,0.8564679116632408
0.02983346188787392,0.33062439505934305
0.03135374668569424,0.27420844980642906
0.019102923291838048,0.8588245938129904
0.02613025291122839,0.5019868790078591
0.026807626474138202,0.4667627533208328
0.03864780279721078,0.09824799995301618
0.019550745486071247,0.8392367622386083
0.02035350067849026,0.8018009802126141
0.024996266509719922,0.5597536158816665
0.03700394442301014,0.12614307170368205
0.026730390599081222,0.4706635618792275
0.021516990437311728,0.7435231264060503
0.025677071440853905,0.5247792213149078
0.026064505159052453,0.5052667924662095
0.018136133761706974,0.8972913858479661
0.024268885542222618,0.5978870438595629
0.02726903982567186,0.4439024361220456
0.02027609535122568,0.8055255498406189
0.0321654117300062,0.24720331161596296
0.03176995621569434,0.26009681075339014
0.03728479853944611,0.12096295753433624
0.01634306781319969,0.9521617878554689
0.0289562367177148,0.36676764015191504
0.04114320991844411,0.06585221951451355
0.023520032179918826,0.6376648201235049
0.03368804146897686,0.20206756038727866
0.04226620365415085,0.054555769968518075
0.027983752779469795,0.4099925604458302
0.02034585839702907,0.8021697014883444
0.03853792067812867,0.09993683861973517
0.04096224611613314,0.06784772530019041
0.023437335578859464,0.6420739664081088
0.02562386943190792,0.5274822441753624
0.038696048860873855,0.09751403432145134
0.016232799312441037,0.9547759450935736
0.017363394396555543,0.9237390269072892
0.025886947740895283,0.5141707501872981
0.029333311066641,0.3509034592579873
0.04691331498847623,0.02372939456293982
0.041703913652153535,0.05998431483169798
0.019152475543385727,0.8567081478924381
0.04488653346866739,0.03448247054256409
0.023551066817396826,0.6360105824477975
0.0389358309987915,0.09393378252097954
0.02337857731891968,0.6452075870474807
0.029084632943566335,0.36130993418267493
0.03140393770334082,0.27247694170318076
0.05433252004618716,0.005249015570880713
0.03149732070694955,0.2692771950395
0.024118163529704195,0.6058620734144035
0.03522511970119946,0.16331186991491384
0.05121949125043679,0.010154974243664298
0.012552332188404902,0.9974890018908089
0.018858212046963807,0.8690798490796275
0.02436948158242097,0.5925761567635973
0.01814276043993518,0.8970472523208161
0.024759594829213333,0.5720871187525053
0.023129025514243895,0.6585186385417858
0.02829969471205962,0.39558236981443107
0.0341401475907831,0.1899862276751916
0.03577463448028251,0.15099364138475727
0.023553133180416463,0.6359004490506133
0.023017274876101668,0.6644776383286835
0.02692492128555779,0.4608794553554634
0.034550774434851994,0.1795130361248431
0.03106135349318906,0.28445949278503746
0.027003477575474166,0.4569666615523034
0.053445830031877806,0.0063596280630348855
0.039121054071925565,0.0912440157534992
0.02743249864792166,0.4359863311007961
0.017809921237668946,0.9089519345511027
0.02220746900198617,0.7074666383347641
0.03042705427090886,0.3076717923055435
0.022809579568046162,0.6755431442573999
0.02284375489094609,0.6737235384161353
0.02908982262194032,0.3610905525372593
0.011389370117380199,0.9994845743545967
0.054066487300082344,0.0055619923083564385
0.03210436493100555,0.24916134094540351
0.018461643337598005,0.8849685410849724
0.024726169505112527,0.5738352782921639
0.019778751861838306,0.8288870085213015
0.017336527486906395,0.9245841929323525
0.03230736442430959,0.24269556681342366
0.027072681870319526,0.4535379284185851
0.022093079479661215,0.7134905184089451
0.02006619969898027,0.8155091244153123
0.02239549114309103,0.6975320387992907
0.03273215564921528,0.2295806222355631
0.025832673840776192,0.5169055675895483
0.018584567184947498,0.8801436222385094
0.021482169374985483,0.7453187993380068
0.03159646198258326,0.26591109230614596
0.02427501394872361,0.5975632149960419
0.05171790800810916,0.009160684731878197
0.034849305559490285,0.17219016195524076
0.022831156372907002,0.6743943878412575
0.02353266527896114,0.6369914060245738
0.034714538055612754,0.17546598521206344
0.02698609800651597,0.4578304195455437
0.0298237914348487,0.3310082997690641
0.029403483822385,0.34800594110317234
0.02469543565525617,0.5754439729508707
0.02116822809465646,0.7613850537127986
0.03454594073937578,0.17963360466226055
0.020546169844472773,0.7924357952120946
0.025045571698724567,0.5571945761689834
0.01718122550561274,0.9293686517189159
0.03845869476243213,0.10116945102947644
0.021653407930230295,0.7364644939791009
0.024895874827776915,0.5649754420046369
0.03959093098996713,0.08470878540874978
0.02565684017943537,0.5258064607912908
0.02716012765023823,0.44922987015531163
0.033605763486604934,0.20432946464837712
0.0429041025914314,0.04891450178892163
0.02799917898928672,0.4092807279720254
0.04076440243332541,0.07008809747888577
0.05048470661113935,0.01179947298997229
0.038049518543823824,0.10773855399565031
0.028922007474183387,0.36823237806975767
0.025046740654989685,0.5571339503393501
0.02093307119935167,0.7732570780397257
0.03394874976727369,0.19502954925928806
0.031437209479529216,0.27133364180248026
0.02879976072474888,0.37349717473304017
0.03951356245919457,0.0857569526908756
0.0240255964318572,0.6107694652720206
0.027475108618895794,0.43393845599987746
0.030681716987678798,0.2981907691932101
0.014456645627273723,0.9850248620988694
0.016928992519967268,0.9367688059892153
0.030592575097025176,0.3014846986619025
0.02645539653629636,0.484724752697785
0.020902966438737014,0.7747658380303237
0.030978303461848378,0.28742247827482165
0.026173963285976987,0.49939370444971976
0.019179904912245527,0.8555309767402084
0.022260042618566123,0.7046926936181774
0.019618809344936317,0.8361725367722964
0.025472740412515793,0.5351899611888515
0.024555787400833723,0.5827686244702532
0.01768515199197107,0.913222777364701
0.03735447759050292,0.11970520971716696
0.03567710282882097,0.1531235701619442
0.022753556107309336,0.6785247685398852
0.033349577020169496,0.2114989942767564
0.039563543902896625,0.08507857841340945
0.02167180418302017,0.7355098392609063
0.032131119223424764,0.24830177180282545
0.01815906619573643,0.8964453212642443
0.018511306464441435,0.8830302648444361
0.028829936159641578,0.37219272446490026
0.021681241564450004,0.7350198490635069
0.03245771816260945,0.23798970721281465
0.04436219773304201,0.03788123990228225
0.024420440273699273,0.5898897851846769
0.03448833170296428,0.18107551132589209
0.02806057259431255,0.4064561485078063
0.023885332211734944,0.6182173790610253
0.01704921279303262,0.9332992587688128
0.020108600414546762,0.8135064390844031
0.016608340921374642,0.945505744836584
0.03577452280731852,0.15099606640544513
0.02428142386020843,0.5972245497486924
0.03066278810751477,0.2988879926332464
0.034207178010614014,0.18824445873388201
0.028860506227580185,0.37087448151450797
0.03261621596706321,0.2331048587095379
0.025883695427906972,0.5143344608564602
0.025773656395453037,0.5198862198708529
0.025999943556399674,0.5084966265061592
0.01896470901143077,0.8646576059599658
0.02451095682644816,0.585125030889319
0.042343298012913644,0.05384549192610273
0.016604756290766742,0.9455991456219452
0.029084225093658544,0.3613271790904794
0.01937044703042723,0.8472453527675783
0.037651133799796344,0.11447018715246496
0.02939365515879233,0.3484107467935988
0.025051979029448113,0.5568622974328299
0.023291237037694645,0.6498662404045796
0.02373421845284568,0.6262548626265843
0.018445092523553086,0.8856111329473264
0.03654839258154918,0.13493052688185372
0.023774822153464048,0.6240940218003367
0.020981730160009926,0.7708129482962944
0.01768869725185218,0.9131028942415449
0.017252199576385505,0.9272035389400192
0.016149628468382908,0.956688510328183
0.02841597822535452,0.39036784279460035
0.03389914575781161,0.1963536140996599
0.027290715110241337,0.44284724355407823
0.019829598367075096,0.8265466209959612
0.03366224971248655,0.20277448581731142
0.0200399225726485,0.816746577226243
0.020269835815532544,0.8058257609077433
0.032098453158724116,0.24935158058683815
0.03035644731553311,0.3103391729383728
0.02293808267987746,0.6686986435420641
0.035424675719001986,0.1587486194558907
0.025346948491605126,0.5416373993141024
0.03028092243189573,0.31321102410262763
0.024380136050674073,0.5920142625839013
0.041450512402089745,0.06257827757311087
0.021097565203929802,0.7649681397559183
0.03218755731921852,0.24649590925374032
0.04865036179110427,0.017001359689529663
0.030314176584507302,0.3119441449665385
0.021258881421847398,0.7567697379911608
0.03716555235179736,0.123140600142553
0.022942654109949667,0.6684550359680366
0.02558295262013166,0.5295647963955642
0.03517333855397542,0.16451294579878553
0.02035932416548694,0.8015198669191491
0.0208623856958145,0.7767954355240029
0.02361485802164376,0.6326112549219501
0.04729924906388411,0.02205813406460405
0.02903719976088967,0.36331943334481437
0.017755748235269375,0.9108193279000694
0.024102698615582507,0.6066814646070123
0.03373777199859357,0.20070993806762494
0.023568952104148777,0.6350573721278785
0.04375027799236619,0.04221473549827108
0.01992486407149313,0.8221311255401839
0.024680588751966104,0.5762215404767485
0.0198718604216801,0.8245926756992313
0.027404122124493585,0.4373537283996849
0.022870212617300878,0.6723144815640526
0.02338192163729136,0.6450292186244604
0.02184545453374731,0.7264682698102272
0.02136413401438697,0.751386196560839
0.02744887281361663,0.4351986067066022
0.02423320843096055,0.5997729495994008
0.02321872609409975,0.6537341418266509
0.030812873363310622,0.29339268412072833
0.023449725922274234,0.6414132546870981
0.05508229295564354,0.004451693578950209
0.02338721075063316,0.6447471279640894
0.04028574503439064,0.07577000470640126
0.01763904052088644,0.9147741515805005
0.020560975961104566,0.7917107380124676
0.016644722268094908,0.9445524410634374
0.035288203985983535,0.16185810857225477
0.02271444905132769,0.6806050755960562
0.038131165093097,0.10640025288026937
0.017763735373788725,0.9105452592678488
0.034454545237397216,0.18192541212462807
0.02271834015878782,0.6803981269634952
0.037935745302413504,0.10962669111745617
0.025866220477455237,0.5152144657619343
0.026601584636894215,0.47721622657369245
0.027094470145152483,0.45246196499965813
0.02911980536257419,0.35982494727073544
0.022278222972640538,0.7037327060077132
0.023213373242149282,0.6540196717520222
0.02165759912198989,0.73624705264777
0.022750719937151165,0.6786756681902142
0.032781633508327745,0.22808916604289176
0.03861379521209829,0.09876811953960658
0.022089802833433647,0.7136628213278248
0.027869945470632596,0.4152703000038442
0.03267803129148572,0.2312207173947364
0.03206336778964697,0.2504828920939623
0.03965811168706945,0.0838074067398905
0.025052635520590893,0.5568282559589126
0.02188737055455303,0.7242780846174497
0.03243278058166077,0.2387653535051586
0.029594518240606105,0.3402045642945693
0.012301785250091624,0.9981435753614066
0.03603668781945113,0.14538898743557602
0.025590206035536522,0.5291953851107635
0.012427822396082089,0.9978338060201868
0.0407036971695342,0.07078801472080332
0.018014328043199468,0.901727823984869
0.021123780279102056,0.7636403744806952
0.0262735256239075,0.49417213133958704
0.02451795758670683,0.5847568992223978
0.01820452102631187,0.8947582882084476
0.034326171539672934,0.185183473223842
0.018979574530736842,0.8640352760048882
0.03186667639743834,0.25689737279845704
0.02941857815455906,0.34738491631306495
0.025247119241975147,0.5467738936504308
0.022007186707570625,0.7180023252371089
0.027926043376674592,0.4126630336431526
0.045457352864712475,0.031089154914277294
0.03974984532890924,0.08258965324548039
0.026268737081116933,0.4944224624499846
0.0260456192313564,0.5062106757720282
0.03754194879151662,0.11637455155681432
0.0317022704044983,0.26235363588992827
0.017188731841769833,0.9291413767056389
0.01533456232263719,0.9727788382739373
0.0213831302390588,0.7504118209928159
0.02931783054322956,0.3515449767861939
0.02773947664695997,0.4213774636300636
0.03253041928789324,0.23573944717868472
0.022446603066163084,0.6948251702961497
0.04966893384701998,0.013903648236200071
0.02784640030380542,0.4163679495350024
0.04158895507641602,0.0611494485531294
0.028276681068758747,0.3966200581373196
0.031299099438284794,0.27610303771456085
0.02317757638314588,0.6559290931989288
0.03402103550498675,0.19311260977123
0.020594549182660904,0.7900639068861934
0.025546669423239216,0.5314141662270677
0.03285938741899741,0.22576043977283686
0.03610468441224729,0.14396255187492918
0.026815586567543348,0.46636193693040506
0.041201903148117336,0.06521585431251661
0.023694839383437638,0.6283512788468746
0.029303124145225123,0.35215518763690895
0.030778489411848575,0.29464499491203744
0.031155415380317075,0.2811311304135063
0.029976757326931003,0.32497339053881474
0.038026997855795774,0.10811014442119354
0.026532968661225842,0.48073101257821343
0.021748964227027878,0.7314988749233053
0.04324161404133697,0.04613920986199217
0.021351347287246636,0.7520416039734708
0.02209747820572283,0.7132591881903177
0.021510041891814602,0.7438816563167239
0.025593800013294393,0.5290123833964653
0.026716113287447163,0.4713869687520256
0.02402835625181332,0.6106230595069398
0.02924111575381827,0.3547363865565706
0.02564356798942735,0.5264807857493459
0.02751843815151167,0.43186264311919786
0.0325370824960014,0.2355340242533664
0.03441867470106996,0.18283118917051708
0.030355622637237234,0.3103704271640106
0.02935031196406901,0.35019989854435973
0.024295248634151778,0.5964942581481901
0.029086373641998703,0.36123633967399643
0.03201059601597589,0.2521918257193713
0.024463276330829786,0.5876337743170554
0.020939854077249243,0.7729167798532667
0.014730659012215042,0.9817314109341562
0.019069599192996445,0.8602404912515529
0.030509083275685245,0.30459405168972853
0.02542671708390637,0.5375455855995792
0.0366126530149945,0.13366155735191826
0.02024579922396158,0.8069771840864093
0.032794054055237054,0.2277159355223601
0.034833482278719685,0.1725722414115524
0.0260282331318632,0.507080279070168
0.013316784318810532,0.9943326475526021
0.028149825254210004,0.402373740547043
0.03222568998649933,0.2452814391442427
0.019589524159517424,0.8374936455136524
0.022054676723171518,0.7155090192170419
0.021023129906264093,0.7687282105620827
0.016974850705058275,0.9354577527369583
0.029301580233462077,0.3522192927006237
0.03018392861463126,0.3169276345997221
0.027753706913924592,0.42070840641638213
0.02173415456756911,0.7322695548328816
0.022937233651058264,0.6687438867722297
0.026931418647699434,0.4605549941651864
0.02374961210146953,0.6254355505835312
0.04967558779306164,0.013885201026195346
0.020367882109131763,0.8011065290664735
0.021081688913095364,0.7657713740295864
0.03992857627082452,0.08025983529940015
0.03534004251209655,0.1606712770934942
0.01408018852409837,0.9888336727182325
0.02170716171355258,0.7336732203623322
0.03436794364616225,0.18411829778788888
0.021221542959509787,0.7586731760097203
0.023694193836044097,0.6283856515367987
0.02388757035769684,0.6180984336166622
0.02705080273245153,0.45462008423852124
0.023506426078135967,0.6383901482062508
0.04729411018154123,0.02207968198762346
0.03598622886096631,0.14645489227000366
0.018390802090569758,0.8877070997695103
0.023024458504124268,0.6640946579337412
0.02743042534982587,0.4360861410827521
0.01774973129091867,0.9110255043533753
0.028566713430751234,0.38367964576781016
0.019299630587073402,0.8503465923217454
0.01884136653981827,0.8697734824372165
0.04905480281376051,0.01570414633215636
0.0170063460553202,0.934548450307538
0.019035282850689977,0.8616922527545726
0.010992132070628935,0.9997347498154343
0.02535699505529121,0.5411214307437511
0.04001368088949592,0.07917011882906147
0.025440376657742986,0.5368460433112225
0.03978038687500213,0.08218754174593303
0.02270843125986477,0.6809251142412385
0.025676384365040494,0.5248140944242248
0.023739120716553402,0.6259939320238576
0.027560420366381455,0.4298577674590908
0.01323789864597813,0.9947538005394819
0.02870960746256257,0.3774135001764675
0.027955119726743083,0.4113160587537185
0.015117141835502612,0.976281010342272
0.031887680324356626,0.25620652679154604
0.025466202260915477,0.5355243705076771
0.025553654194666264,0.5310579568853592
0.030301317137966244,0.31243360489311855
0.026066634993233362,0.5051603956535173
0.020896679553779607,0.7750805856195291
0.027914492488291365,0.41319896900194303
0.030908174568687552,0.2899422598363863
0.04155164661678512,0.061531721609738695
0.022638531845145637,0.684640852276935
0.02185309718032158,0.7260691416635441
0.03428874237098117,0.18614203357719847
0.01856110245737541,0.8810717189061419
0.038059829697784875,0.10756877394518156
0.024007137042485804,0.6117488623992522
0.016005833972111305,0.9598754719031114
0.03664777235650002,0.13297216635939196
0.024439527477193246,0.5888842870735522
0.016547866758465535,0.9470687777532787
0.02097238340328228,0.7712829543827497
0.024910954036315713,0.564190157799403
0.01703918785618408,0.9335925935281792
0.03199135427122446,0.25281713538980627
0.02412724974523206,0.6053807421348728
0.02060557458998913,0.7895222647285768
0.025203781134317982,0.549009027149739
0.020571849714375756,0.7911777754099096
0.020154258784753354,0.8113418006687555
0.014736823253010706,0.9816520089191707
0.032279055797419076,0.24358947381653703
0.03457450101447668,0.17892214551325175
0.016039338173957196,0.9591464278204942
0.017938548573536772,0.9044385827049157
0.010642996486595724,0.9998613338162068
0.020715337322114558,0.7841082212833681
0.026151418078018296,0.500933038555831
0.018187052993707153,0.8954081789791755
0.02240725861109688,0.6969090561505024
0.034562780804043736,0.1792138345653883
0.028055292339433158,0.406698554071212
0.03276177949893955,0.2286867454055065
0.02730815853572638,0.4419992837567081
0.028740896204012184,0.3760510491120359
0.021633896237310102,0.7374763303307577
0.02149682313546286,0.7445634366387344
0.028108258797264196,0.4042714637205781
0.022378506297018735,0.6984309984776517
0.029171282282860533,0.3576593832569009
0.02969567667168843,0.3361246865559918
0.026341530806650915,0.4906258078471925
0.03977132420420504,0.08230668870997337
0.018788946540758952,0.8719215504227437
0.020448936105541438,0.797178550064597
0.024360268961310938,0.5930621059088386
0.018236134807683768,0.893577136310006
0.024859783940376412,0.5668562856173109
0.031185526528148655,0.2800718071625695
0.022255673726574776,0.7049233312731888
0.016758835845640807,0.9414991255640178
0.021564913642698746,0.7410476812299281
0.017867149823973277,0.9069576065560365
0.03576190796473283,0.1512702046848059
0.029042661139071835,0.36308766139185455
0.01831542215492679,0.8905868088799828
0.027234605870123385,0.4455821932277319
0.02399048819776567,0.612632410016043
0.023298954874097055,0.6494545570505732
0.03006191675942782,0.3216483749983599
0.02072265245452571,0.7837460224833273
0.016550599850883363,0.9469987190248959
0.016977654601495473,0.9353770941759341
0.04053120519617315,0.07280931788375267
0.023690989059849232,0.6285562951080947
0.028028531646286714,0.4079286066986667
0.016239695394847153,0.9546150823177129
0.01735350092673793,0.9240508473434033
0.022483198289468945,0.6928856373268115
0.022307226012207373,0.7022004861589688
0.027323901643183213,0.4412349124672369
0.018512824982537368,0.8829707619883613
0.03351520903965127,0.20684169300444055
0.02488269250056052,0.5656622107676215
0.033146895308588165,0.21730849657029536
0.01862403769667334,0.878574995547973
0.03673036876859631,0.13136222681967819
0.01660848418865568,0.9455020099109585
0.0398921384430001,0.08073025839404209
0.016269090601902625,0.9539254644454697
0.03708130926756903,0.12469833226359663
0.030921616135699548,0.28945803091865335
0.023012781536012605,0.6647171848558763
0.04344945678414325,0.044498968111191126
0.023011861679116036,0.6647662231257023
0.05438263071247873,0.005191899179235915
0.022718746582992444,0.6803765107679399
0.028664736000589497,0.379373428230664
0.023745162354652516,0.6256723722966444
0.025415734271527546,0.5381082876575214
0.016694893656132817,0.9432218110947287
0.0265941065961785,0.47759846780013815
0.03231926028905796,0.242320676297249
0.01502375365806985,0.9776874327473299
0.032054822601829236,0.2507590169278864
0.043818121976493485,0.04171390655948767
0.016002395046216644,0.9599498382941631
0.024811513743956903,0.5693747225738558
0.03350507976865247,0.20712419752251052
0.025646596053073484,0.5263269078242814
0.025805991597641464,0.5182522710011407
0.018600714080270975,0.8795030440817175
0.025734235282920292,0.5218810657053988
0.041381099836633795,0.06330535276920705
0.023378946083994823,0.6451879189810379
0.03703857816148093,0.12549462272553516
0.024424238089604977,0.5896896878804312
0.03993140438660753,0.08022342048114893
0.04212678070719522,0.05586078557219058
0.018193998056141414,0.8951500256791837
0.034463842037319226,0.18169123632825768
0.03085345280598617,0.29191979297686743
0.04181248857745923,0.05890140837692183
0.021765694510148564,0.7306277793916549
0.030441893736972148,0.30711333138337676
0.025954357347964585,0.510782526577187
0.030889411936256272,0.2906191819991905
0.024742075707735678,0.573003191305471
0.02926248885780125,0.35384518222920314
0.030961597819394948,0.28802124457177797
0.03279863675636757,0.22757834668607
0.030937085347839233,0.28890149874422955
0.018946724024425148,0.8654088878093213
0.029214047855382702,0.3558673374183134
0.018079143844314693,0.8993791682849738
0.02616044565991904,0.5004838441083322
0.026013483608387067,0.5078185162859454
0.03026209392349974,0.3139299949702189
0.034173197454174686,0.1891258555903818
0.03453617521427582,0.17987738529029512
0.038858693326942695,0.09507335696520247
0.021939548747506532,0.7215477724573798
0.04427728588416596,0.03845834095917137
0.0139884620370061,0.9896440598803048
0.02003892514181166,0.8167934927551532
0.03383930472712776,0.19796030504912604
0.05143811246640595,0.009707401474312448
0.032024492392702,0.25174095736408725
0.043700064673760974,0.042588775711751854
0.029812551228577122,0.3314549259465993
0.028730594668595177,0.37649924279363384
0.026234795331254723,0.4961991717563048
0.034356200977398665,0.18441724173399468
0.015430615111946877,0.9711282464094434
0.01840137492616528,0.8873003518292399
0.024034979167760095,0.6102717434327886
0.02948850522776647,0.3445182405171119
0.018847946865694243,0.8695027222856095
0.02788433404389523,0.4146004927148048
0.02932836449640175,0.3511083558617246
0.0176224068657784,0.9153301704825852
0.0186297130835425,0.8783486801416176
0.022734839494493647,0.6795205111551174
0.01753290923744244,0.9182888643045629
0.023679752807692855,0.6291546227427134
0.018150765523681056,0.8967519576024576
0.026975275261247933,0.45836885058836163
0.02151431594031794,0.7436611365778187
0.023954093086072825,0.6145645647531968
0.020544601769030946,0.7925125403249047
0.02106692836130236,0.7665175561342987
0.031526650542943124,0.2682780569047284
0.020058107827849878,0.8158904916023766
0.033288898935644795,0.21322542048003465
0.03300683844113683,0.22139466214031797
0.030446948111227612,0.3069232873671995
0.028046630158942487,0.4070964315701544
0.015447818006288541,0.9708258476877727
0.026105654171951875,0.5032129164586814
0.018344882631132098,0.8894655807899257
0.03133173441285242,0.2749704291567257
0.023726408738735646,0.6266705702954962
0.03807633024234258,0.1072975428061201
0.016974267771392396,0.935474514567032
0.023039350946867043,0.6633006575907864
0.012452879804259687,0.9977676153860188
0.015340074139669757,0.9726858515942414
0.026205283174542043,0.49774733309035446
0.030234224079057237,0.3149964210935001
0.016059309275376354,0.9587079583153556
0.021261600170128958,0.7566310087994713
0.01906192957653835,0.8605655123319774
0.02821542439510366,0.3993912877815533
0.036374173022118705,0.13842030709191833
0.03093597192628822,0.28894152953255786
0.02686304072882284,0.4639771567004959
0.030576485633691475,0.30208206975617896
0.033809659076200926,0.19876007781592117
0.02109503105411914,0.7650963956943977
0.032021050561810704,0.2518525706609788
0.02453807593917945,0.5836993017858173
0.0378318214592136,0.11137522563300781
0.02780509193870262,0.41829847148813865
0.022312687634184036,0.7019118487395736
0.022347379208933385,0.7000777231099448
0.03471461834810047,0.17546401888814467
0.021074127987786406,0.766153670258164
0.021614159672826982,0.7384990820602219
0.020232289368136203,0.8076233750870809
0.020936894685520846,0.773065269287437
0.0215334448938983,0.7426737123057368
0.03216756870247561,0.24713434307042426
0.032641086849378165,0.2323453786498187
0.028013983742742665,0.4085983683855098
0.018201856067487587,0.8948575635740932
0.030855141314744483,0.29185862483495767
0.02584254474463621,0.516407731536628
0.021543648264810478,0.7421467122268663
0.027567655656430545,0.4295128789118907
0.042394169157849604,0.053381186100759766
0.017380945000816772,0.9231841614953662
0.03940306649061048,0.0872728195222805
0.03878290148663563,0.09620427917114728
0.04109523947616689,0.0663762539757894
0.02561026215437401,0.5281744621881221
0.02709057380516333,0.45265425227668393
0.01487706985418838,0.9797804933168012
0.022169302546845904,0.7094783570006427
0.027301854788827074,0.4423055961456098
0.02989344795583948,0.3282502055983597
0.035840537531973915,0.14956800029766174
0.037096169035226695,0.12442239415061872
0.020031427713626093,0.8171460132515223
0.021283840088047068,0.7554955055399447
0.024640030201890373,0.5783471229538985
0.01922834733984158,0.853442308546484
0.017215275331934454,0.9283344507942068
0.02903214573457802,0.3635340110807652
0.022022426838314513,0.7172025413067455
0.021570747026966486,0.7407460420326684
0.020973718906095673,0.7712158130440867
0.02160555603207981,0.7389446866391451
0.031243607331628676,0.278036909886462
0.02244098574562589,0.6951227801781625
0.02288756253461932,0.671390318488712
0.03333312198563598,0.21196609928756815
0.02879051532830945,0.3738974843028265
0.01793603230887833,0.9045279389874077
0.029971763214783287,0.32516915405319696
0.029045789030154368,0.36295496588820086
0.01829692213469447,0.8912881014595913
0.050806992963834674,0.011050653973574956
0.020415614345892674,0.7987962284055884
0.040418486680377896,0.07415648294268658
0.020823703371131208,0.7787255328119292
0.016447182911836,0.9496112688974381
0.02748885815972013,0.43327902308588384
0.018396549287682584,0.8874860853580093
0.033372703276106086,0.21084386786284226
0.024314771740890473,0.5954632710162344
0.02686988084517339,0.46363407319753297
0.036141109342794464,0.14320310228259045
0.022630246481890146,0.6850810757185849
0.033063603668894825,0.21973143527700373
0.016738472782990343,0.9420509935241336
0.042851554403790015,0.04935933857067404
0.019383345482571257,0.8466777641188155
0.02405640264820441,0.60913555044058
0.02176377997889023,0.7307274882679274
0.017270327108803718,0.9266447566697533
0.03090084170636609,0.29020667717374277
0.023208632657455874,0.6542725412352367
0.024787690073124202,0.570618884670389
0.028143265674238305,0.4026728112431408
0.029423081652224403,0.3471997826973161
0.021357813127514558,0.751710232201174
0.01734004713854498,0.9244737654805968
0.026705007066070485,0.47195020440615815
0.02498631757838904,0.5602704349519955
0.027196682850366027,0.44743705238764897
0.022145882936356498,0.7107118912734495
0.021164373193405694,0.7615808559855932
0.03286308640071478,0.22565011366236332
0.03063180293628287,0.3000318867647335
0.02476614432645108,0.5717447520770618
0.027893640410509235,0.41416766158699037
0.02049243302057313,0.795060977231526
0.020470553182575957,0.7961269914801272
0.026105544219293897,0.5032183996315913
0.023219065699765506,0.6537160266610782
0.026811212633270354,0.46658215066312103
0.027533441308970064,0.4311454398073534
0.06338969722808935,0.0006167351896640097
0.025205773736198533,0.5489061913999898
0.02196714827715124,0.7201018836130391
0.018560382019710164,0.8811001617568753
0.027096451633110863,0.4523641978845196
0.01847822506213395,0.8843230607266968
0.02242620980304888,0.6959054826879628
0.015181317399608818,0.9752806867659354
0.0525242251770901,0.0077377554616889855
0.036526655514445505,0.13536198940537988
0.020561954393448406,0.7916627978362802
0.028064041111816762,0.4062969700061601
0.03473971598760606,0.17485024729392834
0.025628357237305832,0.5272540221700965
0.02731297151746548,0.4417655063103859
0.023732823086838883,0.6263291352394535
0.02376986438724693,0.6243578193192024
0.04451638052017004,0.03685266533773016
0.040696392751646604,0.07087263210159013
0.027159011329260352,0.44928469421189177
0.027265979632180137,0.4440515470765592
0.014762616868789713,0.9813171698860961
0.025665746120870803,0.5253541647953083
0.04878850657504408,0.01654786728792532
0.025326312192363254,0.542697785823811
0.02303174138737224,0.6637063728898529
0.024567938437319414,0.5821303437657563
0.021261226201886085,0.756650092288136
0.013978349771009702,0.9897307078954659
0.021716206718703057,0.7332030149342601
0.01958863508521258,0.8375336898906582
0.0441893090952008,0.039064356837443845
0.026385275468280067,0.48835330209958744
0.021567727293706165,0.7409021983498152
0.03388081824416678,0.19684460505451137
0.017919927551039994,0.9050988419513726
0.024629052322553746,0.5789228054424524
0.03469125782186866,0.17603684548371598
0.015423139539203878,0.9712590105620474
0.017423639453568396,0.9218252611619437
0.03679687197713505,0.13007756294892145
0.03753769329025053,0.11644929988226993
0.028581376454816065,0.38303332787024336
0.02608734729567086,0.504126215722469
0.025310183880320303,0.5435270467245918
0.03512425882747533,0.16565787216954117
0.019851826379485932,0.8255199059226846
0.03148504980322464,0.2696960382144188
0.046714196307211076,0.024634837847926284
0.024751048796613606,0.5725339384099948
0.033134572451084754,0.21766565631800947
0.015869009725149208,0.9627678274601096
0.025708135203586613,0.5232035187761666
0.031216835248088715,0.2789735114035375
0.041030810852121125,0.06708567344320193
0.023698553400255784,0.6281535265803571
0.02764894661797035,0.4256507745196925
0.01729789584146868,0.9257904461645546
0.026115833849855163,0.5027053856941516
0.02580761351188443,0.518170368680839
0.026167969445740957,0.5001096131321072
0.020898430655302613,0.7749929297944301
0.032605424232136665,0.23343499695453715
0.026437930916187846,0.4856269094564653
0.031027338035210128,0.2856703089171192
0.023338468069403207,0.6473469020393706
0.03711690360400871,0.12403820080252946
0.01673481857572623,0.9421497053740938
0.03699919254169015,0.12623225506550084
0.03398847174459402,0.19397432466509282
0.021617925794987558,0.7383039794366937
0.017782371350978682,0.9099040987868313
0.03018034219224125,0.3170656725058265
0.04170698370845216,0.059953461761959564
0.044683813319411625,0.035763443854865226
0.027911494509843898,0.41333814613553216
0.021739821575958107,0.7319746956377813
0.019698288706237577,0.8325668597778921
0.028118393640800016,0.4038081898350115
0.03708021359031649,0.12471869825767187
0.01877302580650919,0.8725708196228101
0.04297510751805511,0.04831893489977016
0.029254432690381416,0.3541809168622157
0.027815254054233796,0.41782298719733924
0.036928997148443665,0.12755570784858966
0.03374723269709978,0.20045247478189615
0.038139269851958923,0.10626816009218752
0.05293162326335821,0.0070980995764620015
0.024672436463012426,0.5766486156874833
0.0316519465127022,0.2640411112596849
0.029218036116677337,0.3557005392212184
0.025646749961772186,0.5263190870776818
0.028549306424615173,0.38444789946011515
0.027395577877584232,0.4377660184126931
0.015275836800716563,0.9737565695139069
0.026405864392442413,0.4872860754487034
0.03499719178791405,0.16865167310555212
0.016276006429724543,0.9537622934305074
0.02150014283096202,0.7443922520788192
0.02526370629067004,0.5459192625746779
0.01567554276362393,0.9666263678786745
0.0413028667317632,0.06413346673692914
0.020474354241283854,0.7959419193849969
0.015286743640637007,0.973576772057015
0.024515941623064474,0.584862901914796
0.02224924477314394,0.7052626819087802
0.02410205807616972,0.6067154070746374
0.03675278628238304,0.13092802832468592
0.03724224006598753,0.12173649000624207
0.025874162069053228,0.5148144644434909
0.015208852906401449,0.9748429540870909
0.021667958400662657,0.7357094649702782
0.017074279013702953,0.9325626189691689
0.03715437323731885,0.12334638896917303
0.027528337506962042,0.4313893292174997
0.03337855716892124,0.21067828783057133
0.025919755096117603,0.5125205629674502
0.017944204621190063,0.9042375739850498
0.024146844664429956,0.6043429596040848
0.03709035804549268,0.12453024153091997
0.04579155148047942,0.029241893021855016
0.023091959506263027,0.6604954103105561
0.015347697742075672,0.9725568922793187
0.026281929787579345,0.49373298289365347
0.01869984580104178,0.875536252349816
0.031511764524222496,0.2687848094440605
0.04206141179662415,0.056481835008056695
0.026596584895684283,0.47747176706468886
0.03638040022488265,0.13829431851132337
0.02186647889228832,0.7253700671033785
0.03343225201074873,0.20916421897407877
0.032864741820302745,0.22560075245251937
0.018088266321373392,0.899046396355308
0.03321658959433771,0.21529704880168848
0.026740638968024366,0.4701447426489375
0.04630388172997979,0.026597721347325118
0.02576919271777378,0.5201119417030347
0.027488745456265118,0.43328442564146324
0.03058831890116373,0.30164263850343026
0.020904324469949276,0.7746978342021988
0.03667818282342322,0.1323775551007744
0.01488385165637407,0.9796868071825847
0.017831102793645387,0.9082163695964475
0.02620266415082423,0.49788487223169536
0.022949377219854405,0.6680967544466611
0.03409738477996732,0.191104022774549
0.029821235973752858,0.33110980206249785
0.02169911319451373,0.7340914975063466
0.028106677324370666,0.40434378736300297
0.028521943482259504,0.3856577209316372
0.02236428128843082,0.6991836688094435
0.018207701758788164,0.894639739528548
0.02136181682424021,0.7515049962338073
0.020147148186986374,0.8116794563384714
0.02296233436350406,0.6674062129948322
0.023068013655663938,0.6617723448950528
0.026529155434917184,0.48092683304351036
0.017047692623008648,0.9333437866203306
0.019833141212880046,0.8263831220624911
0.027878286737771374,0.4148819130622863
0.025163458315669462,0.5510914448002409
0.02720961294753199,0.4468040493411867
0.035650361686710874,0.15371175934777434
0.02517600127778402,0.5504433944046612
0.025956987843010662,0.5106505022161076
0.015614667248773528,0.9677849636829472
0.032282530968433476,0.24347960270192978
0.027226443714735038,0.4459809801300385
0.017183055900148347,0.9293132688501534
0.025040284269109758,0.5574688256967499
0.021810420671513286,0.7282966286122122
0.03459531955762163,0.1784049480029972
0.025980946372160696,0.5094486971893271
0.025751601400512636,0.5210018976956934
0.018252230696234273,0.8929733093241884
0.016095413587455587,0.9579078733175082
0.05421319422952586,0.005387347471564793
0.020061449699907474,0.8157330227419619
0.04155465418471893,0.061500829571723786
0.0327902980923771,0.2278287504986715
0.026630108955877696,0.4757600305522919
0.027938725746589066,0.4120751471435268
0.019564932533917445,0.8385998806193352
0.018467228871580366,0.8847513003061641
0.058582303346970566,0.002002349034143091
0.024811375503054345,0.5693819397831985
0.026638213162934465,0.4753468311418898
0.021741677895309897,0.731878097292344
0.021721566738352294,0.7329243035584279
0.02517823799106278,0.5503278583983839
0.032874337883706806,0.2253147814876185
0.033893711656088565,0.1964990924618774
0.01779336411241339,0.9095247909419577
0.03934434065079173,0.08808758555235284
0.02957222654223418,0.34110838203423893
0.014405315793779017,0.9855916869253005
0.027781861033091215,0.41938682521284915
0.024143916099259366,0.6044980411796183
0.01992976405053376,0.8219029546317236
0.035634099819339404,0.15407033833313477
0.025297408492140128,0.5441842309815993
0.028742233923815697,0.37599287575072127
0.031552905281334254,0.26738603748539486
0.02061106675784269,0.7892523014143721
0.030739419735300755,0.2960727540100332
0.026713724712671305,0.47150806468978657
0.040045734227784846,0.07876294779460243
0.03591891465233232,0.1478866783031648
0.024064005101566976,0.6087324392581803
0.0206853991424428,0.7855887928494063
0.0376957412451383,0.11369959371644751
0.023530016118858965,0.6371326172943885
0.03376800796687862,0.1998880038305643
0.034633021677672016,0.17747132795670015
0.016871157598540965,0.938400380098296
0.05041411646288957,0.011969478311083413
0.03276485554656838,0.2285940816846003
0.03226890527719739,0.24391060941413406
0.0426586426600048,0.051022521691815266
0.027479057436824994,0.4337490002124857
0.025890020472203207,0.5140160991617391
0.01615759379817394,0.9565075429739837
0.019659241419315632,0.8343419541751775
0.025620060544905343,0.5276759709252331
0.02769934249210282,0.4232683198996715
0.027866814482505997,0.41541614936170307
0.04068728909518843,0.07097821295853166
0.026907721998012724,0.4617390697520232
0.022234380260833353,0.7060471196759306
0.017670402924356232,0.9137205893857822
0.023130124249245654,0.6584600386641082
0.02768851702548314,0.4237793278320396
0.02809997677824916,0.404650314190151
0.018438715117229942,0.8858582878332071
0.018370566462242777,0.8884836444115822
0.01862866313007483,0.8783905632387021
0.02092405486836299,0.7737092242604119
0.0316889611866884,0.2627991318937745
0.01822903723733682,0.893842871864151
0.026177800916086125,0.49919178733338665
0.0344197548347312,0.18280386242661248
0.02554796647809965,0.5313480121118123
0.03229934954686031,0.2429483998521543
0.033677763107549774,0.20234904842605184
0.023136406949144095,0.6581249543911682
0.038459963492786575,0.1011496126328185
0.03436830016726733,0.184109227494606
0.03238947812897608,0.24011680176131617
0.03361366228407625,0.20411146472561942
0.02582959432109383,0.5170609229059493
0.02550926583655999,0.5333232244894455
0.02308119784548368,0.6610692991068011
0.038002092541491006,0.1085223168163348
0.0321054586392598,0.24912615772508914
0.04411973620129417,0.03954948544012048
0.032275664777613566,0.24369672083563582
0.025009013829204507,0.5590916476540649
0.019134927228419363,0.857459162303349
0.02544978657408503,0.5363643332550827
0.029514474047181882,0.34345796513425775
0.03498633024922515,0.16890956916309988
0.026287678046000018,0.49343275968756833
0.02946825243660628,0.3453467614494519
0.03365882508667528,0.20286849643383895
0.018392166267280574,0.8876546575400375
0.029834993072700766,0.33056363845941794
0.03391817347835613,0.19584488166511052
0.03247927145866203,0.23732087819645736
0.021199037958364975,0.7598187709280874
0.014937515313341587,0.9789349853601412
0.015432369146876013,0.9710975079977399
0.021879519917801182,0.7246885105152082
0.03667310978062255,0.1324765965451217
0.020177977271876757,0.8102140534422367
0.0195557247796877,0.8390133426185262
0.035018920040543966,0.168136700805495
0.020533476229242842,0.7930568077143102
0.019526375622510805,0.8403285148300144
0.02682130950169237,0.4660739083781737
0.018178458553374632,0.895727211239642
0.03791451969058349,0.10998195708341522
0.03919816567526724,0.09014340016349458
0.019150793609358285,0.8567802006107679
0.016976210458648222,0.935418644401694
0.023732998741754774,0.6263197854199178
0.02795517709394585,0.4113134041670059
0.026737922244560897,0.470282239120925
0.026614606950820546,0.4765510644021417
0.03613972213257355,0.14323196565377064
0.03325548538450934,0.21418077122530346
0.01965360262648097,0.8345977110794561
0.025023489951386146,0.5583402030824249
0.0446591552970631,0.03592206365067763
0.02348512023856164,0.6395260350647376
0.027946065047942947,0.41173519812819775
0.021196909076902026,0.7599270740204509
0.025390187393354746,0.5394180119135891
0.02918616316573794,0.35703509083892415
0.026798320912727713,0.4672316048836457
0.02206177636815443,0.7151360041151544
0.015940261626133947,0.9612786132817551
0.035825876402696966,0.1498842125693444
0.022773353401030427,0.6774713234743039
0.024341683775522815,0.594042706194479
0.032363996973546194,0.24091478282618647
0.030126907813930237,0.3191274984078239
0.018036623725895096,0.9009230364984343
0.01999797774531903,0.8187159547677739
0.02669003607723297,0.4727101318347035
0.02009212096249735,0.814285667596238
0.01846220803119475,0.8849465869034907
0.014756054878340585,0.981402751295866
0.019779751001482437,0.8288411306431973
0.032601221067879216,0.2335636761814533
0.0224511221857997,0.6945857231624779
0.02293349788000354,0.6689429563931097
0.01941480577762489,0.8452898782213486
0.0482319657585486,0.018443460400665777
0.02438760327166889,0.5916205278018958
0.02369662090920155,0.6282564210206685
0.027486614769014928,0.43338657084726073
0.037293744555573716,0.12080087165000662
0.02599510956017237,0.508738816334575
0.03765589449051043,0.1143877413826709
0.02155508561082975,0.7415557248043232
0.02460572808094197,0.5801464304243883
0.04746735027587612,0.021363494861806314
0.01979367981373987,0.8282010908849025
0.03539220868894538,0.15948399606291766
0.0410173261636565,0.06723496775908758
0.020626817468375913,0.7884775325172184
0.01929500703919651,0.850548180680935
0.02532979969479282,0.5425185300668324
0.042483145888386864,0.05257738023942007
0.01463648004082221,0.9829150988929838
0.021470246970771878,0.745933031098665
0.02111644615845587,0.7640120215989072
0.025890370022153664,0.5139985074982101
0.01368791726106594,0.9920005500622421
0.0255085413543375,0.5333602273271627
0.022456797685817542,0.694284978764266
0.020950430327621394,0.7723859047855747
0.035047599548142294,0.1674589015411542
0.01759390012017839,0.9162786175242269
0.029276850861832737,0.35324721818481686
0.02567593682565522,0.5248368101563206
0.013855644176938742,0.990740518555498
0.03697978869536689,0.12659696269050508
0.030639760010365474,0.29973782457920156
0.020937767867259205,0.7730214594274762
0.033867388097391427,0.19720500724477116
0.030442488250208677,0.30709097326428597
0.03313978900119946,0.21751440690166146
0.02839584071372636,0.39126744336428915
0.030601234646055187,0.3011635460396321
0.028890800654669535,0.36957136673599156
0.020225348505906182,0.807955090921592
0.02247628567159965,0.6932520937251341
0.02170647171122453,0.7337090840626737
0.023337537936374164,0.6473965145810434
0.028090086385063162,0.40510305712735434
0.02462628523635635,0.579067935772612
0.03573720547905562,0.1518081865459021
0.016114506136069018,0.9574809156987365
0.020998922254295498,0.7699477964299608
0.022716616992091487,0.6804897747250573
0.0208476814236892,0.7775296494925337
0.030992246821291647,0.2869234258332496
0.056805021154322455,0.003022783865859773
0.044216674070227335,0.03887497005656621
0.03131990201501589,0.2753806746164179
0.03312717506308965,0.21788027688709624
0.014923604981193384,0.9791316613979363
0.020201190324984963,0.8091081989348514
0.02954643447829225,0.3421562694927542
0.030262380942634448,0.313919026046219
0.03352038358507409,0.20669749131906884
0.025312773889432094,0.5433938472565666
0.01442208273488399,0.9854082310172052
0.023140038206606983,0.6579312809992279
0.036015522984580994,0.14583531081801807
0.03729433900482909,0.12079010761419205
0.020043870385842655,0.8165608462109701
0.02267372974703863,0.682770180786739
0.031065756678171796,0.28430303609978036
0.03012583338028557,0.3191690564398095
0.03279354523414357,0.22773121607291644
0.016201089228926935,0.9555111344876288
0.021712542345260544,0.7333935257061371
0.01394768880891245,0.9899902065190288
0.026056806225517315,0.5056514778593231
0.030124148157868347,0.31923424710722453
0.027127893278157456,0.45081473505263514
0.02376795569804241,0.6244593819970146
0.017555971748411947,0.9175317769784147
0.03458159202543387,0.17874584938656346
0.027417131179705123,0.43672649610428727
0.023628171120508523,0.631901998176768
0.02359267622006178,0.633793133232007
0.02746161042827927,0.4345864904043563
0.0199933228813165,0.8189340568951207
0.0248714671187302,0.5662472237158156
0.02656928733218633,0.47886853582824923
0.0534531647770512,0.006349621421745138
0.031147297652216688,0.28141722581856476
0.03530895679293772,0.16138213752004024
0.040801996900026116,0.06965760069783257
0.016631163968155727,0.9449088499193271
0.01763973744452474,0.9147508135017366
0.01246206935847416,0.9977429441950076
0.02637983014425982,0.4886358123985282
0.031247860919523363,0.2778883175977463
0.02507283068226096,0.5557813909611817
0.022132510914022352,0.7114158972433637
0.03442531437701046,0.18266326038601072
0.030239596167883354,0.3147906554135343
0.02864104716124577,0.38041099128372463
0.021887174612044147,0.7242883295577416
0.019661613774087927,0.8342343078924175
0.04207621801419392,0.05634064822015263
0.029705441976105695,0.33573270751350104
0.017955339441068446,0.9038412339352635
0.0228580552804305,0.672961981363539
0.02696586050117422,0.4588375744442657
0.029987449343225947,0.32455456286251994
0.029403311893694828,0.3480130193127521
0.028936207496601196,0.3676242312978106
0.02201246463171036,0.7177253838237958
0.03252932740480596,0.23577312239772613
0.039305797581697055,0.08862579882997074
0.03888023923120565,0.09475389691333234
0.021399290924051795,0.7495822469616441
0.03563365792293827,0.15408009166683423
0.02191023302063483,0.7230822920231323
0.02559377430969767,0.5290136921104458
0.027935089841633398,0.4122436296077907
0.026081375940716134,0.5044242742572483
0.03464288388276038,0.17722775024160134
0.02182571246248266,0.7274988283331454
0.019394281689740125,0.8461958689943997
0.03757271089889447,0.11583538708487323
0.028553359554663427,0.38426891997350604
0.030270152092274905,0.31362214466187754
0.03329446833952765,0.21306650388457485
0.039902079608796326,0.08060168472611216
0.02734832982693175,0.44005060848240196
0.027180730664021713,0.44821882667480584
0.03543203067431455,0.1585824086923376
0.02788008789843542,0.41479807976437727
0.03211851838962054,0.24870633356283733
0.02687624260592525,0.46331513265965735
0.029879424714505443,0.3288041244849024
0.027586625915719754,0.42860949996450864
0.02347325529898958,0.640158641669444
0.021622132853517162,0.738086001609729
0.019707071867535064,0.8321666088103992
0.01490378169986839,0.9794097679217927
0.01737857329962675,0.9232592708787463
0.024613499093795177,0.5797386767568371
0.035035274540304515,0.16774991779969348
0.0143926158511396,0.9857295529108804
0.02767757564772244,0.4242962318797821
0.02315328090003943,0.6572249675010199
0.05291714489161259,0.00711998014297025
0.025078722807682308,0.5554760786811523
0.025214284930510145,0.5484670132373985
0.020854168278914495,0.7772058271888505
0.027551502738327016,0.4302831059132672
0.020508784932139923,0.7942632000658956
0.017479272437193716,0.9200352423916961
0.02875344946389069,0.3755053941078134
0.03737840225045996,0.11927584338942918
0.01705212620691965,0.9332138740578706
0.018560483467866984,0.8810961567771458
0.02009436531783071,0.8141796080866762
0.02194854185366546,0.7210767668645135
0.03053959902578407,0.3034548832285094
0.03313928804239524,0.21752892824048536
0.019689472418770615,0.8329682640831964
0.029175466051696297,0.35748378488253046
0.017501338075130546,0.9193192412095298
0.0348429004280964,0.17234474332483674
0.026255378409013985,0.4951212453363902
0.03461769544718152,0.17785038372992398
0.026225642037629004,0.49667900855195546
0.024435782764713254,0.5890815241762595
0.023069146817561496,0.6617119204704982
0.02969181744563798,0.3362796865220926
0.032700244561968295,0.23054651755085084
0.03717266252203605,0.12300986040292072
0.031305729222985246,0.2758726668947519
0.01503030657972304,0.9775906358350062
0.021495145004353122,0.744649962891361
0.04671347970172479,0.024638150976387267
0.020344937305822874,0.8022141273241041
0.034797217385815316,0.17345046263958663
0.029252753569902423,0.35425092144154696
0.03407412440619467,0.1917142049235008
0.021299293528878965,0.7547058015399908
0.030998295790003738,0.28670712490203615
0.02597582047434438,0.5097057199007816
0.019439098372758812,0.8442148279871131
0.037760980533195654,0.11258030062458282
0.04354132300955538,0.04379027335206274
0.027842855909650188,0.41653335626372534
0.023889912535832503,0.6179739627330239
0.021674511459371715,0.7353692941294885
0.04274542771174333,0.050268410724295526
0.02874918781710656,0.37569057369020264
0.02463190293295503,0.5787733043310219
0.015494710883527718,0.9699910256162743
0.017048226568223246,0.9333281485474194
0.026448427769034888,0.48508458236058066
0.034201988294611296,0.1883788611169359
0.021442293148636882,0.7473719892662125
0.026672168799941387,0.47361812046227525
0.013702467899427417,0.9918965699444463
0.03487129813291928,0.17166023327931618
0.025034249685031595,0.5577818815923108
0.022446360223940864,0.6948380368532272
0.045575806264618324,0.030422986680570533
0.04220712729337428,0.055105491965884316
0.02480516400389088,0.5697062537323183
0.02124378346998601,0.7575398119421397
0.032161984289073464,0.24731293312317681
0.02656485748122861,0.4790954538424896
0.04463334738486019,0.03608873975254879
0.0392929255782572,0.08880615651677769
0.03009223638808267,0.320470541565462
0.017610051859355325,0.9157419255145782
0.03573760914931945,0.1517993828565255
0.020502192140948616,0.7945849609815127
0.027302957559945606,0.4422519999270167
0.023621291314694925,0.6322685124537131
0.029866911264517793,0.3292989767568513
0.025634254376346033,0.5269541890458553
0.0487257574532447,0.016752495775760275
0.026285208836637097,0.49356170853884207
0.029691645509014486,0.33628659329231675
0.018581781522874402,0.8802539764491517
0.01850560381682126,0.8832535966027896
0.021224820514281595,0.758506230267762
0.02317372906932036,0.6561343052030957
0.018127709834613037,0.8976013207526163
0.044544374322515345,0.036668558097507804
0.01841523308450191,0.8867661627462329
0.042549196556928126,0.05198745640300439
0.02375952643950663,0.6249079306646845
0.022208583856511782,0.7074078488675106
0.020400955672888688,0.7995066050869509
0.032635162646442006,0.2325261129928038
0.022409128868643463,0.6968100304614067
0.01893602096062985,0.8658551280620532
0.03189176375434516,0.2560723808905227
0.025498030725493614,0.533897165512611
0.023287835876673713,0.6500476651753302
0.025355917266263184,0.5411767750497912
0.03391042966919494,0.19605179817468127
0.027341655692033895,0.44037396603098233
0.050177595771184746,0.012555326852869256
0.021090520273657543,0.7653246488293481
0.03004877187288002,0.32215999316153143
0.023658345167108186,0.6302947207432218
0.03269785535732904,0.23061896024564754
0.020658957457760974,0.7868940509966558
0.026465906105073045,0.48418242181741733
0.018987447280424563,0.8637051954478584
0.01956549426836629,0.8385746435708619
0.02518052598172993,0.5502096821790767
0.03071596004459254,0.2969325131955098
0.03079533433406706,0.29403098712198905
0.022205104322375435,0.7075913297319645
0.047471569881891884,0.021346311557587715
0.024374432633066045,0.5923150340942588
0.021662807238447823,0.7359768063350964
0.019128346079735736,0.8577403917604737
0.021880210943087564,0.7246523881550933
0.022910545956875694,0.6701658966836909
0.027138135013160536,0.45031077836992905
0.032682236193407044,0.23109297742592858
0.026417891822893336,0.48666333112451493
0.024103664335922925,0.6066302912864358
0.02368679706091359,0.6287795116864144
0.019321322911589736,0.8493993379545112
0.035798247172101116,0.15048158774790424
0.03448942245758102,0.1810481257867263
0.0301404681691555,0.31860333555902626
0.022206384573155158,0.7075238219423916
0.027608276378082053,0.4275800563667271
0.022149102604513415,0.7105423491318289
0.016014134435178518,0.9596956196501681
0.023615105900060662,0.6325980485834997
0.023403316295602217,0.6438881751307617
0.031799930449467606,0.2591020835278743
0.015585612388892112,0.968328644453374
0.03285765230538229,0.22581220572441357
0.022402070211434533,0.6971837520958566
0.04385012161740276,0.04147948385503861
0.025668606296154417,0.5252089409924696
0.017516961241118845,0.9188102254795562
0.02416325918905321,0.6034738671629291
0.019197078333111683,0.854791929611452
0.025032564396410217,0.5578693192826587
0.04032606419149226,0.07527679553157945
0.023701411528288308,0.6280013501172321
0.015708158650829224,0.9659947271200793
0.017102294684411823,0.9317339156507991
0.03281796635177142,0.22699870826247778
0.02866677166658349,0.37928435915023917
0.03369461233558804,0.20188776800126143
0.03061417645710296,0.30068404846994734
0.019897068488503145,0.8234234966068776
0.028603313112314566,0.38206782038944725
0.030899557776509406,0.29025299306204916
0.03330488600742321,0.21276949454099947
0.04271882764464774,0.05049851942638979
0.03568668349964621,0.1529132784559398
0.020523147851809753,0.7935616975926303
0.02924923086722464,0.35439781917670754
0.02608889236071754,0.5040491068418014
0.022907546043029914,0.6703257259458354
0.03381470511770668,0.1986237685542997
0.020903350968337286,0.7747465831384136
0.027628784364352343,0.42660647771323357
0.021291181126549763,0.7551204336620119
0.025371854481092138,0.5403586097542508
0.026296517387265628,0.49297132264651916
0.03689695330763143,0.12816362024931663
0.02701774546590291,0.45625835865144543
0.03577182820585756,0.1510545902176424
0.01807925843863789,0.8993749914589477
0.021692771146658574,0.7344210063153498
0.026921384143315297,0.4610561542717742
0.025743548008666794,0.5214095299470637
0.026825361371635215,0.4658700531587693
0.01388877072056395,0.9904753962494504
0.014724269506880994,0.981813463241398
0.020097072882310774,0.8140516320055273
0.03576155836714323,0.15127780764248308
0.030014738218494985,0.32348737709632197
0.014370042548075751,0.9859722897550137
0.02790318028054406,0.41372429053305004
0.04841303349607751,0.0178064671633345
0.02311151234358344,0.6594526620867398
0.01465916764361086,0.9826349755046937
0.03036503289599235,0.3100139274405408
0.023489483262599142,0.6392934185057346
0.02415755908813655,0.6037756416764477
0.03625418159860938,0.14086623507188653
0.02097863312265602,0.7709687114951886
0.028260793873930018,0.39733751013548174
0.022531571025555752,0.6903201372364973
0.042104313108263236,0.05607357747720141
0.030547933891875045,0.3031442833378187
0.019260856034353985,0.8520337698950017
0.037412268069685256,0.11867023338905215
0.0338576044641799,0.19746787965733245
0.024382296441100515,0.5919003425949493
0.013454592483672034,0.9935362671542771
0.02551201632797906,0.5331827523366472
0.02736357117100363,0.4393127713855681
0.022136812080765456,0.711189475776157
0.029092166022434973,0.3609915216059638
0.037562757768938804,0.11600960884416554
0.025502865257502394,0.5336501668518062
0.025707576475151372,0.523231843429804
0.04550816369882854,0.030801844756753235
0.021969333084731146,0.7199873765254079
0.020530187731815475,0.7932176015878296
0.03676385863774845,0.13071400368677166
0.018980842983214674,0.8639821168088884
0.023252121505402568,0.6519527557583493
0.03299605934888716,0.22171158676954608
0.03540341295405436,0.1592299118506056
0.03971952012656177,0.082990555899557
0.09227165884889188,7.355687059099878e-08
0.0178778472899528,0.9065823661890083
0.03145554356175584,0.27070517626314283
0.050225162627951514,0.012435471116763606
0.023169355941786096,0.6563675620182878
0.048413457372680546,0.01780499933819499
0.034561531432870995,0.17924495075408878
0.033689520260310496,0.20202708671293523
0.021725943972046385,0.7326966566727501
0.03026239408776632,0.3139185236893641
0.026299450529040258,0.49281826618518026
0.038853443438798874,0.09515133302803042
0.021431844700204317,0.747909400530176
0.02585472496606639,0.5157937002822869
0.03361965980049186,0.20394605982253303
0.019471324734899376,0.8427841773938387
0.02573144612452466,0.5220223240083655
0.02720443949291379,0.44705724823206644
0.034587448113710506,0.17860035965745108
0.020686524041185705,0.7855332136763331
0.0181664619339843,0.8961717391391786
0.03566991383697338,0.15328151840203824
0.023382756164053886,0.6449847095603436
0.031802862835263346,0.2590049236326761
0.033873873972508295,0.19703089221694536
0.038235720343592516,0.104706608850479
0.019979230186984998,0.8195938121004909
0.027148323728622414,0.44980980216454325
0.029505704701423108,0.3438157452912964
0.019506452301368826,0.8412189373714233
0.022604485141269948,0.6864495386748544
0.029821455919008644,0.3311010650068729
0.021546927679629846,0.7419772864677607
0.055864866395133994,0.0037393561188513677
0.02362441507337243,0.6321020953938704
0.02396822588157882,0.6138141695430848
0.021969659391284813,0.719970273989426
0.0172947050989386,0.9258895998354487
0.03147734378284939,0.26995931782408045
0.048254457850753885,0.01836324178277531
0.03725874988280431,0.12143593067947546
0.034540852926524646,0.17976058104165285
0.02623518053400209,0.49617898505760555
0.030852744608850458,0.291945451043854
0.03424855648702746,0.187175548251283
0.02689091600078014,0.4625800472381613
0.018070881116546797,0.8996801084247242
0.03151067407720187,0.26882195886712684
0.028807169541761102,0.3731766030402143
0.01898199147483287,0.8639339773341765
0.015058096177203883,0.9771769801053769
0.021843787647063906,0.7265553081979993
0.014570516604391404,0.9837116328149258
0.02369869865074886,0.6281457928628342
0.018281077876120766,0.8918870003874124
0.023413663668391593,0.6433363416256126
0.02076691316275553,0.7815509208876223
0.021796868735338037,0.7290033261667728
0.024037156586326214,0.6101562482947214
0.027464268048465912,0.43445884934847334
0.022298325547573716,0.7026707918410873
0.022410057280298545,0.6967608720364639
0.03891222066725952,0.09428136448894037
0.026176129865266184,0.49927970334389005
0.025766782401565602,0.5202338445630457
0.019270287791684382,0.8516240841312651
0.0400709575606405,0.07844378352494279
0.025687658726918916,0.5242419712566098
0.031462531954828954,0.2704659118883307
0.031292164297974934,0.27634417280815105
0.024376479041203686,0.5922071122176877
0.030712298477046485,0.2970668696397666
0.03134577821479262,0.2744841046616309
0.04104409131973841,0.06693891646939104
0.027981641607452173,0.41009004498351914
0.021131603085962902,0.7632438090545386
0.029745429710214544,0.33413103283762113
0.025304723588753658,0.5438078975398017
0.020284881016334855,0.8051039337072944
0.01931348187835291,0.8497420155623479
0.021037964608484172,0.767980038318206
0.030161317819476896,0.31779863437290157
0.02675477603145726,0.4694296744971196
0.03764844023046321,0.1145168561715204
0.02556279760099589,0.5305917999820129
0.03554758084862397,0.15598944036894824
0.02287390423772373,0.6721178535375906
0.019935708885602685,0.8216259915598876
0.03391317585185716,0.19597839987154736
0.023510851697149365,0.6381542174859931
0.02558678989487126,0.52936935428663
0.0374709694729638,0.11762649254115486
0.02626988741033276,0.49436231915018114
0.028679968532088207,0.3787072945280085
0.029367957624865354,0.349470719267696
0.041278100759652936,0.06439754132599385
0.019882951414020744,0.8240786022062735
0.02008971244857105,0.8143994619262148
0.023438507060115632,0.6420114962461616
0.023478317025223544,0.6398887601789278
0.02461060780960654,0.5798903769739592
0.02538873856590751,0.5394923245130434
0.03045820333307714,0.30650040180614246
0.029170088773018465,0.35770948767668526
0.022698065536335688,0.6814763338150583
0.03982618782180558,0.08158761901674341
0.025291102951980865,0.5445087004375505
0.032608110269013,0.2333527928334345
0.018844929137898175,0.8696269231489092
0.021748248659294922,0.731536121342778
0.034364655399209354,0.18420197109459466
0.030528489638978307,0.3038692394171334
0.032971845953369994,0.2224247817640481
0.037658515304693996,0.11434237496628473
0.018312818481476645,0.8906856386526592
0.030361595493839877,0.3101441157781275
0.04639071322695018,0.026171162024092847
0.03515727841178817,0.16488689643247756
0.038119974781423704,0.1065828583451945
0.017065396349827636,0.9328241814541401
0.03511743937582179,0.16581745820446003
0.031948250320313065,0.2542221730874592
0.02487833337137474,0.5658893662250818
0.014240356080143846,0.9873103366713886
0.026224523665629718,0.49673765657665403
0.02192085494127588,0.7225264459972159
0.02324959884806066,0.6520873206600921
0.04552823342079548,0.030689005736042215
0.016318309002104125,0.952756546469056
0.016372725692777285,0.9514433960887734
0.024728423181166526,0.5737173633957457
0.04267578625980312,0.05087278432583014
0.0401799133633422,0.07707764273505471
0.048537675499096156,0.0173794813597603
0.015132172177225067,0.9760492134695923
0.03472126245080431,0.17530136869270838
0.024154229523048354,0.6039519282884058
0.03452593587494246,0.18013327534031934
0.03970011995089695,0.08324788763430042
0.022592957464379004,0.6870617444224334
0.026794829895854633,0.46740757599912275
0.025132375232945647,0.5526984997781454
0.027498758619132646,0.43280461131983655
0.03083586294157098,0.29255756999678645
0.03836924766873129,0.10257626702127821
0.01970944103281619,0.8320585847858006
0.016532104528231506,0.9474717442816233
0.019023989771810315,0.862168603848389
0.019552645741334973,0.8391515122856039
0.017930962000877404,0.9047078648171075
0.03265511531923171,0.23191783102705568
0.03228414218901199,0.24342867512361516
0.027026641412021588,0.45581710370804224
0.04795392417181421,0.019461266017875904
0.035554278470266154,0.15584019555747364
0.028688907483097603,0.37831676643460266
0.030063100540980825,0.3216023294713906
0.028668751783006208,0.3791977346283653
0.0265296569890609,0.4809010737962854
0.03827591354824941,0.10406152137676654
0.02955345415901503,0.3418708436295649
0.025734767011056314,0.5218541378223334
0.015142402503926344,0.9758905741652893
0.029646884898325454,0.33808811963046853
0.027097928277343752,0.4522913490010397
0.02699283288821458,0.45749557053612105
0.024993572940819386,0.5598935244540386
0.01992012914262148,0.8223515131555693
0.03535652375020615,0.16029540761041947
0.022332576661512893,0.7008604799777091
0.032325036373563876,0.24213880613261377
0.030205384596774132,0.316102729015757
0.033067209236071315,0.21962611908733562
0.02233859626982404,0.700542191187953
0.018477747157693958,0.8843416878210139
0.023326483899717143,0.6479861331829613
0.0278469304684007,0.416343212118647
0.013261907848564625,0.9946282217032032
0.031918014535684436,0.25521127772781693
0.030614491289842893,0.3006723908368702
0.027524950993103092,0.4315512078901786
0.03385455123208858,0.19754997190530074
0.04169874556150566,0.06003628320795751
0.022445234694887573,0.6948976702814667
0.03797307059279431,0.10900425889133256
0.019904494771645465,0.8230785328168312
0.02596449764122044,0.5102736661777256
0.01865387109844463,0.8773831953040772
0.012968448552223788,0.9960152097176259
0.01755902575299828,0.9174312430072805
0.015796121618646464,0.9642531771272147
0.025009736910376446,0.5590541054611764
0.024052261961688415,0.6093551242295874
0.014934356368448753,0.9789797596922106
0.04204740419072994,0.05661568640259029
0.025387533123385375,0.5395541563654338
0.035974454441622505,0.1467045244698658
0.05040944177717638,0.011980814191726785
0.015414818582072165,0.9714041039337804
0.029128608439921266,0.359453956861494
0.0251610702220455,0.5512148582320848
0.023187652883633975,0.6553916166620566
0.023581205145053963,0.6344043945571711
0.031141329846857524,0.2816276891643623
0.025699706231786856,0.5236308894626522
0.02312776505041264,0.6585858638553208
0.023384725817638452,0.6448796594365401
0.04404072158423744,0.04010681737629025
0.02999880541212624,0.32411015155540507
0.030173413792176307,0.3173324638820617
0.03458542831299405,0.17865052934532208
0.027715279830155648,0.42251677036824425
0.016112401068023252,0.9575281213902896
0.019768876960746917,0.8293401973163222
0.016324661721797806,0.9526043716140503
0.031910193899411965,0.25546758815003007
0.026980018815684126,0.4581328075284187
0.0318186533679386,0.25848220265745353
0.04547922139647831,0.030965211424352445
0.01835170398314445,0.8892051917165245
0.021111635302703324,0.7642557289893974
0.02801141265775242,0.40871681521905096
0.019115223807055548,0.8583004484778419
0.04388571644428013,0.04122007215395591
0.0400165620897297,0.07913344655979249
0.014335700565807685,0.9863359390320351
0.03245820964502322,0.2379744397757469
0.02019245360635824,0.8095246576634633
0.027697301860779455,0.42336461439141565
0.018903846141648195,0.867192722346384
0.02450612120895701,0.585379342520528
0.03729029724075075,0.12086330970945353
0.02153470068803709,0.742608862571073
0.02994219463450032,0.3263299595491204
0.01652629222092264,0.9476198755351644
0.028671583708189452,0.3790738699090709
0.023869616130647864,0.619052690658447
0.027433955936773724,0.4359161854058161
0.03998123978836987,0.0795840252147175
0.036141274088925646,0.1431996747599607
0.023708340228890623,0.627632457586385
0.02554707907652698,0.5313932722051977
0.02026296071380429,0.8061553233687088
0.023142264519481037,0.6578125396235477
0.02013988126433741,0.8120243278867993
0.047324152836567046,0.021953974263628905
0.024860180625837835,0.5668356026198696
0.020782554186987545,0.7807737471274813
0.01490193260695416,0.9794355794986077
0.029854725236093782,0.3297813979924843
0.02580210181171727,0.5184487164486522
0.022517957417789725,0.6910423459354083
0.03508773198070403,0.1665140922269323
0.022196129969558692,0.7080644932246649
0.033880030903575165,0.1968657193234456
0.02328552963250141,0.6501706850883893
0.046192287692370604,0.02715494565227702
0.040896422553209244,0.06858623794185326
0.03176473388383744,0.2602704138984085
0.030180767063650582,0.31704931733268593
0.020366169306699988,0.8011892767481612
0.02689358321097124,0.4624465119078275
0.036435625975066444,0.13718106624329177
0.026404502342550762,0.48735663073578894
0.030164234221114694,0.3176861926673192
0.04173590414457773,0.05966348787111002
0.06938658258261066,0.00012460589503388258
0.020187108186864977,0.8097793141941864
0.020409445458451247,0.7990952743855625
0.030520143682847833,0.30418079885518046
0.016645819186554167,0.9445235470364889
0.02201118425196391,0.7177925711562736
0.013421686436655977,0.9937336268219231
0.026567419042418994,0.47896422998640226
0.03003352222844463,0.3227542715461659
0.023416176344535966,0.6432023411828369
0.01836262351626783,0.8887877575306804
0.030216085904712253,0.3156918874373831
0.019481031093248502,0.8423522762566983
0.025020202187232332,0.5585108402976235
0.02088762565500868,0.7755336583150672
0.03820474618845898,0.10520599604552776
0.028025909961344464,0.40804924917607077
0.0348297585383735,0.17266225531637344
0.03040185014972363,0.3086220159281168
0.02881458520684782,0.37285592851389837
0.03407080881354263,0.19180130649158983
0.016801690672044733,0.9403277540862666
0.018526601912871574,0.8824302743244975
0.03293407548063032,0.22354082986272641
0.02904204032322083,0.3631140025349688
0.028211841954438266,0.3995537683159714
0.03892926193377069,0.09403038192285505
0.032411970155274916,0.23941410906495347
0.01519226651535266,0.9751072438848822
0.024369193317774984,0.5925913608730706
0.021203882542574437,0.7595722689003653
0.02357244559329358,0.634871195481483
0.033251787017857026,0.21428671773425942
0.02452204638638622,0.5845419178420854
0.0506201804494435,0.01147929680125309
0.02505642168840383,0.5566319423478174
0.020811948654513412,0.7793111544901077
0.02529047953572916,0.5445407837939344
0.018431665860688784,0.886131188048188
0.031115400602203136,0.28254348299674376
0.01887157437472964,0.8685284917596336
0.02619581142971028,0.49824486090521625
0.027105712609857426,0.4519074448077313
0.013315964381023643,0.9943371524015442
0.028223392753192522,0.39903004863680924
0.022382585689901147,0.6982151135697517
0.04057870198860192,0.07224790890478561
0.018980795215425617,0.8639841188562858
0.03163665113237857,0.2645556163509656
0.02205203618277074,0.7156477353261806
0.03457530530306918,0.17890214242923397
0.04225360632882791,0.05467259387434509
0.02187360764842361,0.7249975345342818
0.025400204246492586,0.5389043341984561
0.025222203455627146,0.5480585250608556
0.028066085625709336,0.40620316244971355
0.023110276746460434,0.6595185580193974
0.022568479813132536,0.6883613649690747
0.0235799867309453,0.63446932297153
0.03658207567455041,0.13426415880685477
0.026494391999321798,0.48271442514032775
0.02599709173903042,0.5086395004489684
0.01980164693506245,0.8278346061314124
0.018742693145774703,0.8738037617820678
0.03543340864873512,0.1585512841138922
0.032325683384954784,0.2421184403312238
0.025976324434810905,0.5096804478556753
0.03064601176561038,0.2995069332023103
0.038724300008906976,0.09708637826911007
0.019031199664274023,0.8618645653887583
0.022105699704567022,0.7128267482809789
0.02199974669534438,0.718392646575293
0.019623807097468693,0.8359466753473329
0.032057206741126,0.25068195384009456
0.031546755620519784,0.2675947755345034
0.04320773941492362,0.04641144992137363
0.029247120541542798,0.35448584111560605
0.0756080622286639,2.034812326126071e-05
0.02411482794929229,0.6060387888576172
0.015311369800929064,0.9731678095874964
0.018483363930134722,0.8841226766640788
0.017467260597979373,0.9204235735650984
0.025881939340879567,0.5144228655519172
0.017691019125814278,0.9130243331334813
0.030209322721981513,0.31595149233817715
0.01742145547039825,0.9218950868264277
0.021858219786231037,0.7258015659517245
0.03854366397302522,0.09984797169005481
0.018755289392421437,0.8732924065913737
0.014631717502589903,0.9829734995818304
0.04606163397408847,0.02782042773030592
0.017862557009163393,0.9071184747471226
0.018549358907818836,0.8815349628257201
0.021922339329772944,0.7224487538153318
0.03815268537961547,0.10604981040061798
0.027603439628931303,0.42780989071454906
0.02911137742414488,0.36018038215745557
0.02930023569500753,0.3522751263135246
0.030519782380501015,0.3041942917792503
0.02272205964626295,0.680200297604392
0.0246333651820404,0.5786966201713367
0.021496992191053832,0.7445547196207463
0.03085569826616294,0.29183845071959336
0.030295411556722773,0.3126585727058917
0.03295137209147542,0.22302921158883918
0.029050281061721694,0.3627644589962558
0.03842174756133432,0.10174859466819498
0.0214765295003988,0.7456093985225908
0.029383665937060988,0.34882250951065696
0.024166520170111117,0.603301237035587
0.028052082355583263,0.4068459662370804
0.016728047392247092,0.9423323573793054
0.05138575388732314,0.009812934106234275
0.02743003062886884,0.4361051449570211
0.026545118308314963,0.48010743743097295
0.04600465750246491,0.02811511701524309
0.027114584941830527,0.4514701469477255
0.026773191985071776,0.4684992441748134
0.024528131640012107,0.5842220026137503
0.01872266361630104,0.8746149730548561
0.02318689693409412,0.6554319389819913
0.025374695595897445,0.5402128030970743
0.02082540672532543,0.7786406367401055
0.017204428143947237,0.9286648185216301
0.026745611184842755,0.4698931612392233
0.03000365650013065,0.3239204423985272
0.022645634721276037,0.6842634202944418
0.025800762496795804,0.5185163628089162
0.03098186529601929,0.2872949340046368
0.027364915658133177,0.43924772424772296
0.03421884936395714,0.18794247215842383
0.03542160663503946,0.15881801739471607
0.024981915572019675,0.5604991545073104
0.035751251800172634,0.1515020906365164
0.038961451610279474,0.09355781912498454
0.020954826028166784,0.7721651686783919
0.026664154378848365,0.474025771112345
0.034358978860134504,0.1843464880051361
0.024401837793485703,0.5908701266912887
0.03276479355780537,0.22859594876624117
0.037699985478210074,0.11362649822691413
0.034501512403514234,0.18074480347052985
0.022128160611289305,0.7116448810774707
0.03800485348956084,0.10847656024640266
0.034722166161709145,0.17527925475845596
0.01641565580905721,0.9503920289237804
0.018568260206997977,0.8807889611280982
0.031048435088287696,0.2849188869121529
0.02180169674261434,0.728751594306086
0.023151459364180713,0.6573221222986647
0.04073130757275645,0.07046893999462187
0.02345508939444363,0.6411272582280725
0.02012831981905927,0.8125725742292539
0.03041256660067948,0.3082177314175732
0.021224595809792413,0.7585176766789269
0.027743204602179272,0.42120211847627226
0.016103260771891947,0.9577327138123796
0.034083341802101264,0.19147222477222356
0.02384932053146005,0.6201316232952268
0.02625913750730613,0.4949245454589305
0.03886519183325621,0.09497690927277548
0.01573431499288208,0.9654826752669107
0.03067081642505709,0.29859213227784853
0.03288210689058779,0.22508346313715255
0.04842267777729442,0.017773097126932647
0.024014749781149924,0.6113449241465416
0.023952518140430035,0.6146481965353708
0.02454164080654303,0.5835119503600499
0.03748509978880327,0.11737638024499344
0.03359149015944374,0.20472385696414416
0.032656944320599735,0.2318621328374971
0.028307980218531148,0.39520923508829303
0.03497357348446317,0.16921286693542975
0.025271220698731667,0.5455322436461938
0.018723971939336392,0.874562056496697
0.014469625184655999,0.984879076370925
0.029100131588157552,0.36065504452198327
0.0275236620762368,0.43161283012842866
0.037820359657218416,0.11156947613426559
0.04598138359685339,0.028236282849793345
0.03428049267644731,0.18635383390126226
0.026525075042484525,0.4811364306090263
0.032607270444049374,0.23337849265294122
0.022921839904751884,0.6695641484342258
0.04048118864699668,0.07340450918626694
0.0371405836903651,0.12360062005040211
0.03337806545917066,0.21069219217402285
0.04435891189460728,0.0379034304787693
0.02443564787347706,0.5890886292949942
0.033493347621394165,0.20745178186871954
0.01867061188112358,0.8767121123420214
0.02840130060079138,0.3910233925854646
0.02842065757375023,0.3901590084751721
0.02700997524558922,0.45664400669030386
0.019270813180690127,0.8516012493707965
0.026426961158779405,0.4861940882695744
0.021520601421013863,0.7433367677706391
0.016079847047126616,0.958254004022047
0.031562910592013216,0.267046688521673
0.0220757155391417,0.714403439129198
0.020319991542803173,0.8034161097712132
0.027254208122103746,0.444625437223148
0.06002201714049027,0.0014210362381799385
0.026435845425622828,0.48573470442237643
0.037845125485040154,0.11115010448598119
0.02492996915085044,0.5632003740595287
0.018773865376200682,0.8725366174360972
0.03109414261472554,0.28329594506130784
0.013042425379308331,0.9956950074164103
0.04319978413528186,0.04647558564517529
0.027315619552325976,0.44163692051574754
0.03643489262414812,0.13719580139644671
0.021796523882112673,0.7290213052558234
0.02949949549178732,0.3440692358543016
0.02756957485863276,0.4294214265885575
0.024194922498106397,0.6017980644966836
0.027764627581991164,0.4201954444508097
0.02195099330154937,0.7209483532029384
0.023201908862861553,0.6546311959368676
0.03767623311055146,0.11403606820586717
0.013488684419352803,0.9933269159090912
0.025287913993143896,0.5446728233196463
0.03049538630522758,0.3051063862015201
0.030227130322476425,0.31526828161829323
0.027209526727779876,0.44680826831985987
0.03525044572125058,0.16272698765770455
0.042791746158515304,0.049869886720090364
0.024080067800967442,0.6078808814819762
0.017878865519587173,0.9065466091306194
0.01651869514220483,0.9478131175329233
0.02536985750693528,0.5404611034524713
0.04465808968837073,0.0359289323454396
0.03275051632000958,0.22902628718310455
0.024467805506581564,0.5873953583218754
0.05148678631975401,0.009610219053411976
0.020302509625784504,0.8042570741397035
0.04200785031258891,0.05699512124592052
0.0312901236109866,0.276415157528732
0.02660827410433686,0.476874462179309
0.038500655603644074,0.10051504901962506
0.020359053873381328,0.8015329173080582
0.02043231329556794,0.797986036674644
0.03037288853383091,0.3097165527378705
0.03990173626444116,0.08060612247289493
0.022628581882752158,0.6851695146124472
0.026854268239267676,0.4644174076236002
0.037245713226031596,0.12167321083698827
0.02711509107920712,0.45144520901543894
0.023587355329057202,0.6340766631053708
0.020558754000433554,0.7918195951944063
0.03263504108520815,0.23252982268689093
0.03875119517665432,0.09668070404695821
0.020206458868492372,0.8088569161718672
0.022814024004200406,0.6753065390847133
0.032214175415630875,0.24564768030413453
0.03511447740006168,0.16588681141079567
0.026780556571778358,0.468127501235606
0.021941937716598803,0.7214226644551194
0.024860273833923086,0.5668307428255555
0.029764784373694675,0.33335777825182766
0.01745208718677821,0.9209126646503412
0.02830856388541736,0.3951829590445238
0.04055664926213387,0.07250811183826916
0.033496686737418235,0.20735850618992369
0.017374944540836892,0.9233741128325996
0.022258361200306442,0.7047814597298991
0.03127297636763282,0.27701215782785177
0.04294246264417251,0.04859196582927928
0.023781230709720214,0.623753047961418
0.03331656187215326,0.21243699608978747
0.03462985401346963,0.17754961957149412
0.031390561600844524,0.27293759297219206
0.016555637327655748,0.9468694465744282
0.02877024723799626,0.3747761104608485
0.032808696258831316,0.2272765493997848
0.03224284102012942,0.24473669159505906
0.03250145197577525,0.23663408841203792
0.020928191780099276,0.7735017976494252
0.021603184752122695,0.7390674757874769
0.03581548777815913,0.1501086015137578
0.024718090886767297,0.5742580157596366
0.04034991161818291,0.07498636127236781
0.021143894764199422,0.7626203797513196
0.026521635040487768,0.4813131792760023
0.026361724712058665,0.48957590293644104
0.018689630544405644,0.8759477072987278
0.022742425442098674,0.6791169547723616
0.03236195905162076,0.24097869079649306
0.03500532826554603,0.1684586866661059
0.023566825228897192,0.635170720436831
0.015013245522843555,0.9778420621843451
0.03710318480520941,0.12429228903980383
0.019663951460503037,0.8341282091418765
0.03552076281606058,0.15658818482921452
0.02813106173565494,0.40322963177459686
0.04705207443972731,0.02311599666786538
0.02904781669073453,0.3628689641237377
0.028756040503706726,0.37539283799985296
0.025533193984013436,0.5321016447284155
0.047303005787108,0.022042393522737253
0.02971745788560587,0.3352508408182558
0.02741824254317582,0.43667293966370685
0.027400892410245903,0.43750954285372223
0.0309063486934269,0.2900080827884121
0.04149654893801458,0.06210000934552204
0.016702377804319712,0.943021731469878
0.028466432085441418,0.3881202292107283
0.021453548055397786,0.7467928319861463
0.016324883712578453,0.952599048606745
0.04416549784182355,0.03922980380947097
0.024583468484296128,0.581314824716197
0.017351390521269106,0.9241172727331698
0.02024747178622388,0.8068971348998588
0.016427915190211362,0.9500892996993815
0.03929045212958154,0.08884084881340973
0.020154812093989838,0.8113155176812741
0.03132150439323528,0.27532509119094895
0.02321543466309417,0.6539097123168647
0.0318066103030642,0.25888079735816616
0.017410155630632335,0.9222558238070324
0.030971465343633542,0.2876674594319996
0.02341544599974038,0.6432412901981189
0.030125209529374197,0.3191931881831147
0.030311033697615786,0.3120637186561959
0.02763356157952726,0.4263799037077794
0.023985333093885453,0.6129060294923065
0.04319652237575189,0.04650190425846011
0.03459138185081878,0.17850268190217558
0.024593538060962317,0.5807862033330938
0.031178194490725564,0.2803294769457459
0.047415535460854086,0.021575503476303513
0.022830391663941407,0.6744351049441557
0.01792430459925498,0.9049438499231914
0.03286048330257457,0.225727749533244
0.02973989435734342,0.33435241785599623
0.046105373356757295,0.027596055965178962
0.017242767573000917,0.9274933506606098
0.030744593285898403,0.2958833993927553
0.016858592445142567,0.9387516206364074
0.037265153768881065,0.12131951284361317
0.02390645574452424,0.6170949008575601
0.027038599314648304,0.45522441527452334
0.027001757211225136,0.4570521149266158
0.01935064503266193,0.8481150971689443
0.027616838780290143,0.4271733897587277
0.042503564241762604,0.05239440263810657
0.04355808800433619,0.04366200486505759
0.03160247490574919,0.2657079603676852
0.026389666488339847,0.4881255671934536
0.02138467220986212,0.7503326926084714
0.01658634808434234,0.9460772966219327
0.038357597974317814,0.10276068398237975
0.02103396905790833,0.7681816088803405
0.022559578526363144,0.688833859039652
0.03130041526844801,0.27605730400272965
0.021025715854390614,0.7685978344580296
0.028477262889393007,0.38763891431331926
0.01933945692138217,0.8486056255167992
0.013379008596057895,0.9939828081747456
0.04109833236702176,0.06634235993268991
0.03147376584790873,0.27008162508351613
0.014144504555996917,0.988238769623109
0.02787684643170285,0.41494895904229845
0.028126529707100945,0.4034365462105057
0.028681646778044412,0.37863395322745436
0.018086303396448677,0.8991180463192617
0.021587826768697582,0.7398624713530769
0.01842265053337222,0.886479753911785
0.01895782239956323,0.864945491169376
0.025367332666348053,0.5405906997026999
0.01411311700074476,0.9885318767606822
0.03215805331365407,0.24743870493651435
0.02011800188368318,0.8130614020182856
0.02176218541879843,0.730810528117243
0.03308094582377463,0.21922524031310173
0.028453375052650554,0.38870102837360465
0.029886468738799132,0.3285258006894157
0.03440200812460814,0.18325325334378606
0.014638727537912954,0.982887490520179
0.023404680287247792,0.6438154314448277
0.026068509363652514,0.5050667687621351
0.019755305923827737,0.829962297472077
0.03540692626570385,0.15915030580040018
0.027669755654044725,0.4246659338180362
0.0174220038583818,0.9218775570947941
0.029008016576114404,0.36455969194409593
0.02319998602051543,0.6547337620217235
0.04232952701577708,0.05397177796548722
0.03833058411503831,0.1031893795868694
0.01969399167751751,0.8327625475220476
0.029903988084331146,0.3278343143212505
0.01931022162766216,0.8498844062754323
0.023293714389949982,0.6497340937042073
0.023622600716487363,0.6321987541329297
0.030957369914198285,0.28817292844723064
0.04219146569555232,0.05525202447895829
0.024546096098118864,0.5832778237474631
0.03829418174795035,0.10376941601938847
0.017318511601671083,0.9251480526215867
0.01771605206553062,0.9121749866732436
0.018956368439653648,0.865006238213989
0.028999785936047462,0.36491002646316323
0.03703964098557183,0.12547476669239774
0.02156933860207136,0.7408188767226089
0.026325781494270853,0.49144563884083636
0.016844249029480673,0.9391511574902691
0.023162407245291172,0.6567381925836222
0.049090310968706974,0.015594608198579104
0.03463369155268048,0.17745477491420186
0.03102590354191187,0.28572145523368714
0.023491763649542974,0.639171840450977
0.0353911284186636,0.15950851102320326
0.028110544662793724,0.404166942626828
0.03602700473683629,0.14559304664111677
0.033595665435527056,0.2046084267216557
0.02055420431011823,0.7920424390400378
0.0280027262559448,0.4091171613802833
0.029610611340862958,0.3395531379170136
0.018589645754476636,0.8799423143500518
0.04426311871121141,0.03855537147818308
0.016519814728580245,0.9477846660722382
0.022107670151133463,0.7127230921140392
0.01677613304597947,0.9410279550500541
0.03277057865293631,0.2284217540946959
0.029348050397898617,0.3502934325789487
0.026041725297648033,0.5064053828412572
0.02145566301600066,0.7466839692487686
0.02347725085657737,0.6399456057616085
0.03747759381708654,0.11750918438963573
0.017444370573423407,0.9211607757141508
0.02475963503493911,0.5720850168730863
0.028212091686683594,0.39954244030663044
0.036983479152298354,0.12652753185254437
0.021250685876928688,0.7571878222800803
0.02714181008905825,0.4501300332139648
0.047451335344943,0.021428823756989585
0.03702570875111488,0.12573525769092592
0.018081741807500662,0.8992844545426899
0.01704051597588266,0.9335537739768063
0.02644416040252101,0.48530501149775057
0.014235862018038614,0.9873550022678662
0.02054494343215965,0.7924958192836596
0.03105182602906925,0.284798247608316
0.029936944330284432,0.3265363896780965
0.052589969359171373,0.007631103757653806
0.019257043922968342,0.8521992253426423
0.03135288355854293,0.2742382981245174
0.028307863126839306,0.39521450657346635
0.029068833616190948,0.36197839478622207
0.01249404192277237,0.997655425896004
0.026333897036066922,0.4910230739820106
0.018527834316265257,0.8823818692441375
0.014623289279405094,0.9830765095574218
0.026605958520398487,0.4769927471525022
0.03643436777912196,0.13720634784993216
0.022113934750601305,0.7123935062532916
0.03899253708667216,0.0931033539474259
0.03469887911678726,0.175849799701717
0.0226767355436977,0.6826103935061694
0.04387060829879019,0.04133000576667803
0.025755491842676004,0.5208050245100443
0.034259663408518604,0.186889444950053
0.016078678950835118,0.9582799057159994
0.02076783447221875,0.7815051637044368
0.02070334388413858,0.7847016920889822
0.029850843816828343,0.3299351630167597
0.049849192327481195,0.013411617221496298
0.02659583341257532,0.4775101836221195
0.01979212477595338,0.828272589066358
0.02338374818804234,0.6449318005779237
0.0291745794510892,0.35752099158766665
0.02040139101290042,0.7994855191634306
0.02342127589173959,0.6429303866760867
0.043794329549406985,0.04188895176991859
0.021591881585320077,0.7396526218589261
0.043427532185642104,0.044669568650246946
0.03359509578060771,0.20462417248470327
0.03145483674010896,0.27072938483030373
0.03340452525621146,0.20994498763152838
0.022023053815549476,0.7171696311639184
0.027625203091265038,0.4267763839022362
0.04807532174135498,0.01901086879914499
0.015398373160526169,0.9716894456791467
0.023344537601449056,0.6470231599352828
0.036500256862378566,0.13588749021729457
0.02062610470965434,0.7885126104517275
0.02184563162602926,0.7264590224652192
0.03341186863325907,0.20973798215699455
0.018161576115720834,0.896352514252149
0.022132771857783284,0.7114021613535214
0.03246168304259872,0.23786656331682748
0.028064735292608778,0.4062651175392856
0.02917684356397854,0.35742598223601973
0.023878894891170677,0.6185595052449766
0.023753054000773877,0.62525237455254
0.023121143044285142,0.658939036921369
0.022800384870136928,0.6760326050527063
0.0219832913442842,0.7192556480438979
0.017528132280609232,0.9184452159729326
0.019209621101261787,0.854251178941809
0.027687634755516305,0.4238209931320352
0.026819581473121218,0.46616086571463045
0.032419302729738225,0.2391853658460507
0.02029978595050308,0.8043879929580704
0.02765919026856878,0.42516577463934485
0.039162030675952725,0.09065776196834095
0.021485409398346422,0.7451518238563526
0.03342421642337412,0.20939026331619365
0.031155255136021576,0.281136775851624
0.03120100203524534,0.27952853113419784
0.019280122752480783,0.8511963951305828
0.015283204568697029,0.9736352024906764
0.018249834910726515,0.89306329030413
0.03526992901169368,0.16227818032014632
0.028975637602519033,0.36593926375834196
0.03077315880713344,0.29483949590886094
0.0322654165143087,0.24402105912372923
0.016042513577226636,0.9590769062105284
0.01962268426978886,0.8359974290640468
0.024500702456061563,0.5856643539105761
0.016484753832779697,0.9486712626059908
0.023337511670041444,0.6473979156069781
0.033653675854379506,0.20300991392753304
0.023222740903732386,0.6535199845071498
0.02468102445716369,0.5761987175199397
0.02848592468990252,0.3872542874295693
0.02808958342102308,0.40512609011554646
0.016072658909571436,0.9584132373868711
0.02173168701294953,0.7323979257665969
0.029795674856596732,0.33212631986181185
0.027293293343067793,0.442721842083517
0.023758765573076546,0.6249484206293018
0.02558261054196198,0.529582220657393
0.021447730057267744,0.7470922500757512
0.016683215888383063,0.943533179099489
0.04155621567849044,0.061484796028001915
0.04391932075787097,0.04097646507870831
0.024556403997273768,0.5827362310980713
0.03143888609694623,0.27127612441627313
0.031090360866720762,0.2834299624333316
0.028179996502276983,0.4010001122897886
0.013005664238093018,0.9958565016379359
0.023661071318329174,0.6301495247876927
0.03492456958077017,0.1703819966858901
0.02892413400575289,0.3681412596539407
0.02394053115503192,0.6152847767141139
0.02307196126424621,0.661561842556233
0.024029684411090546,0.6105526039695359
0.02305347488067183,0.662547583248436
0.026414269250806144,0.4868508429238143
0.02736031583770293,0.4394702931981892
0.02344297984186916,0.6417729839845735
0.031055899687533584,0.2846533695073801
0.0397296350413594,0.08285665367469251
0.02918204581871575,0.35720774701041047
0.034831719020035956,0.1726148599744774
0.016698196753488603,0.9431335575778235
0.018014279612101322,0.9017295685920003
0.023500073000860322,0.6387288407973231
0.0483118818423422,0.018159849445261774
0.021063868607758218,0.7666721610287833
0.03895308620835225,0.09368043651955102
0.03405288700183007,0.1922726565741985
0.03254639922428193,0.23524702476889484
0.026390105356743132,0.48810280958606544
0.027231837723939445,0.44571741276524873
0.028596492315588418,0.38236784493959103
0.013041886313541529,0.9956974099149004
0.03784266236190997,0.11119175527904356
0.02609347099843573,0.5038206332707876
0.0279792274631179,0.4102015388732944
0.04091339536427732,0.06839515813622302
0.02932427276764371,0.3512779076660008
0.015215358412757951,0.974738784527262
0.0442035168946584,0.038965927609454803
0.04962366955949793,0.014029723607235181
0.017333505971497472,0.9246789212968017
0.025234835137326106,0.5474071188763421
0.02934131598216505,0.3505720605454805
0.02765006898247835,0.4255976163556729
0.02146284377136687,0.7463142842837311
0.017755630375164366,0.9108233688637491
0.04082374371235786,0.06940960519306125
0.025022705373567933,0.5583809217039573
0.01190363424413024,0.9988980434858745
0.024824148344254837,0.5687152136747756
0.023576504716055102,0.6346548797084481
0.029904644893802956,0.32780841062407917
0.014986227001235503,0.9782363044024334
0.019812903130671522,0.8273163438547166
0.04100671148877877,0.06735268615367705
0.028995630349741286,0.36508699790574484
0.019987381733777454,0.8192122956822658
0.03725217963513,0.1215554681925916
0.020849808955336113,0.7774234574604504
0.024448770537990994,0.588397513188449
0.02896226789105172,0.3665099804139836
0.022991589149406355,0.6658469093674466
0.029032276877112906,0.36352844205823975
0.017630110698343415,0.9150728898357309
0.02238667958696408,0.6979984446475511
0.038369214499556215,0.10257679170495386
0.016598824156011327,0.945753504783281
0.034047674468882794,0.19240991891330786
0.04245011475618793,0.052874553237288416
0.020064038492431324,0.8156110075570365
0.032324209859710074,0.242164823985508
0.04161588861536375,0.06087474572699961
0.024618280588888986,0.5794878233570633
0.01922603870718309,0.8535421278597151
0.03821364393378185,0.10506233833232814
0.02212935145110262,0.711582202106721
0.016438976553329543,0.9498152027832932
0.02530998064024753,0.5435374994828552
0.03164913441581085,0.26413564784417176
0.028018046841623956,0.4084112341883007
0.01513707810004028,0.9759732262758862
0.032340781151202425,0.2416435830640049
0.02086527841218233,0.7766509206092138
0.02253496250695447,0.6901401941058507
0.01586461267754971,0.9628585220469262
0.03657705502882816,0.13436331417237507
0.030866434291754508,0.2914497678010537
0.02217218876328253,0.709326289601971
0.017848357287594152,0.9076149360691219
0.02704038653969354,0.45513587605878764
0.019158579284290378,0.8564465421658576
0.025303292215851536,0.5438815288952741
0.03932536989286073,0.08835214819383932
0.021257991427113043,0.7568151477333463
0.0342998242439031,0.1858578197854867
0.02793186979498319,0.41239288110673517
0.02060655798982003,0.7894739338337509
0.03685081406189805,0.12904310062261976
0.0312569265529018,0.27757182202726666
0.02539981834092131,0.5389241206451987
0.03474977514225516,0.17460472658264609
0.020744949052643236,0.7826409942885212
0.016701388569641984,0.9430482010851754
0.038363141448588434,0.10267289534294492
0.023505154372497117,0.6384579440338869
0.017753105949264714,0.9109098988315073
0.02266803528654658,0.6830728807727559
0.02130862252697574,0.7542287951875153
0.02295236068769424,0.6679377575431058
0.017825793479660623,0.9084010296021204
0.034609933246748326,0.17804260708230682
0.03538404940643963,0.1596692323925189
0.028906385593782447,0.3689022372042884
0.031531208919437836,0.2681230234040313
0.025314235123146456,0.5433187037727802
0.04027619589086934,0.07588721590668271
0.018587971201535075,0.8800087085667996
0.014634647321038474,0.9829375891377569
0.017552071692795435,0.9176600673181236
0.033308699715765167,0.21266084556170942
0.028550846646497485,0.38437987898159476
0.03134089933379458,0.2746529830234501
0.021990201498918227,0.7188932930708494
0.027627649714100366,0.42666030392656196
0.02308696971879698,0.6607615041028854
0.020060473703447435,0.8157790163751774
0.0249912846524748,0.5600123906870309
0.02732901969068452,0.44098660773545606
0.02438311238820985,0.5918573179928477
0.03502630590665934,0.16796193745900098
0.03590920061747349,0.14809422824139895
0.021125845913884056,0.7635356757295645
0.027955699479761953,0.4112892320362323
0.025207622917716,0.5488107632896947
0.022397712406223375,0.697414452890889
0.027829994510313205,0.41713393679235
0.023996155061845076,0.6123316494468055
0.029470411209230274,0.3452583804836156
0.03730076224753698,0.12067384851018187
0.02275136593740723,0.6786412978590921
0.021327772486900876,0.7532489854189439
0.024558780622206677,0.5826113774896244
0.028870572466571487,0.37044112431233556
0.02217033035214,0.7094242057407243
0.022002404417502952,0.7182532251515359
0.03399165002416271,0.19389008700245428
0.012503185768028668,0.9976299109457994
0.018182914286251517,0.8955618703593179
0.029233398175621816,0.3550585817408247
0.018900368889245678,0.8673369328530735
0.02328745760785944,0.650067842818062
0.05260367488202311,0.0076090395633290585
0.021961642294990397,0.7203904237711442
0.02452478025167304,0.58439818717694
0.02112946819510142,0.763352049949038
0.020081701181093148,0.8147777987001071
0.015367541736496793,0.9722193298970576
0.022513918150805168,0.6912566019090538
0.020409995486134147,0.799068616539527
0.017829942563790002,0.9082567391204337
0.032568402696739954,0.23457027708616202
0.017146829678814257,0.9304048917716804
0.02464321697837324,0.5781800358978173
0.023849933710868437,0.6200990225641321
0.021142849226245902,0.7626734242664839
0.030851980061681883,0.29197315255257067
0.02046793115051082,0.7962546276042112
0.02874248201561036,0.3759820876871173
0.01798815192759562,0.9026684923553938
0.04101723313071021,0.06723599874655797
0.02968351890200699,0.33661315910220124
0.029631906692274224,0.3386925087405076
0.019555158729134603,0.8390387471413066
0.04870545003721111,0.016819202984239286
0.03505074978874273,0.16738458323025113
0.019061215707665502,0.8605957482380824
0.02637606127682457,0.4888314077305824
0.01791214169664679,0.9053742238185831
0.018735642500398053,0.8740895853332908
0.026011926291788057,0.5078964896111325
0.014705950692789238,0.9820472930842824
0.042089714130295164,0.05621221854025967
0.02791540853208374,0.41315644927876854
0.02331705580817464,0.648489031361444
0.02209627762406452,0.7133223296728171
0.027942181540559607,0.41191505437610504
0.03978714899671282,0.08209873487770794
0.020174102739087763,0.8103984280206054
0.0215917629118505,0.7396587640468362
0.028702966758929527,0.37770310993543027
0.021819335615165802,0.7278315678619514
0.027007332092308323,0.4567752395935552
0.03279172231547056,0.22778596713950752
0.04084027630436926,0.06922157455079428
0.03764599740503488,0.11455919435218119
0.03356433392337688,0.20547586259952033
0.03081404876547411,0.2933499440246357
0.025615822435859803,0.5278915613621422
0.024871974340516356,0.566220785870606
0.029312917983211978,0.35174872924209966
0.02519401130702753,0.5495133311036193
0.033579372518577344,0.2050591506953891
0.021686835724112702,0.7347293210522139
0.02893733498651052,0.36757597444158185
0.02300539017537273,0.665111217599676
0.0378072596630305,0.1117918329883669
0.01786841558935104,0.9069132468267868
0.03676467328266825,0.13069826818316962
0.03078353120429589,0.2944611192239665
0.029128942444000994,0.3594398861778193
0.024690771722188365,0.5756882035476478
0.028119413319123043,0.4037615995250614
0.02773968632469309,0.4213676000791418
0.022995935407321366,0.6656152289411218
0.028774196201594382,0.3746048085497685
0.035553493086647514,0.15585769051753234
0.0365777092192936,0.13435039084255473
0.03276762839166325,0.2285105764793749
0.02241833253120712,0.6963226701095703
0.020864810279054735,0.7766743093841587
0.013941069145414209,0.9900455988996626
0.019809129059686792,0.8274901738526677
0.04689796122412648,0.023798146639481804
0.031416217818308056,0.27205454740262386
0.02934965010874091,0.3502272697669702
0.019305006923544726,0.8501120443025546
0.019925346061468674,0.8221086858979934
0.021243636763612073,0.7575472920000383
0.04679170549000922,0.024278806983738594
0.045259631971065806,0.032229727904093175
0.017224087215129122,0.928065449567854
0.028758639241216466,0.37527997125707824
0.03550790867214404,0.15687582286451623
0.03487430793688162,0.1715878107643331
0.023424793553693257,0.6427427952990126
0.01695589714221979,0.936001480371776
0.03482710325718141,0.17272646419368887
0.028586684790371686,0.38279953392800586
0.02929807712379906,0.352364776814992
0.03658759639842046,0.13415519596311945
0.030302823108922072,0.31237625520909357
0.02765245358020041,0.4254846903871726
0.02491829977611526,0.5638077312691142
0.015857694262512156,0.9630009394302518
0.02541347492903201,0.5382240714447002
0.021049947133431557,0.7673752739863822
0.025577810648487243,0.5298267337673057
0.01904904803185878,0.8611106837193541
0.025133216984273676,0.5526549590508212
0.028869567819395314,0.3704843589286841
0.016988314274703764,0.9350699292316591
0.02822588177523977,0.3989172570106812
0.018067005915287537,0.8998210947515729
0.02998918943177631,0.3244864371496749
0.018022550223453893,0.9014314165380164
0.03543249415801586,0.15857193934784158
0.020019843941636445,0.8176902121445255
0.023038355133055854,0.663353751700245
0.02036842902813668,0.8010801044453136
0.03886820317448331,0.09493224413376454
0.017506699580556173,0.9191447516290618
0.022086641821667974,0.7138290299430494
0.030197207157685035,0.31641693749498906
0.02328546866461738,0.6501739372456641
0.01764929717953323,0.9144303451645326
0.02933322098756619,0.3509071897474573
0.032880561714668244,0.22512945539688436
0.022426877489836072,0.6958701187310075
0.021563295498157165,0.7411313419203356
0.04468694271745721,0.03574335702388651
0.025813844389827145,0.517855775603342
0.025285937876083797,0.5447745348530896
0.04081526215632092,0.06950623732631823
0.022611428567927472,0.6860807445480563
0.01702648631929443,0.9339631993713773
0.03565607823020234,0.15358586757062587
0.020751690523909128,0.7823065768500852
0.02951892188250027,0.3432766000273544
0.012461006295478638,0.997745809159957
0.03504398263456732,0.16754426175901
0.024544373968958588,0.5833683192650685
0.019301821302140976,0.8502510380784426
0.03179884149562395,0.2591381712727818
0.017594879675140063,0.9162461203360295
0.030618778214511977,0.30051368760393576
0.015494085605386787,0.9700022587905816
0.01897650778836435,0.8641637623841094
0.03357990903501534,0.20504429628664692
0.02530782570618062,0.5436483334133639
0.023010392994078033,0.6648445193813212
0.019942390890087314,0.8213145047143598
0.033217058068389704,0.21528357718445237
0.018257251561831556,0.892784616956233
0.013473152792081888,0.9934229124255314
0.026514999591663757,0.4816542302539969
0.0339928141404478,0.19385924025794077
0.032618781641741035,0.23302642291680445
0.02120346410706092,0.7595935620456304
0.024596347915146644,0.5806387167285009
0.049237982087243615,0.015146375723134277
0.04130555157071175,0.0641048945092653
0.03423775486578806,0.1874541185665572
0.01779638198803879,0.9094205147780952
0.022995942267596825,0.6656148632449798
0.02927842149793547,0.35318186816638375
0.027376425021701456,0.43869115802462516
0.027285129281805043,0.44311901148033195
0.030291175259730352,0.3128200234980589
0.04294559340807763,0.0485657234036987
0.045870860519149015,0.02881798661614991
0.018829590638054616,0.8702574075176315
0.023882926118619585,0.6183452534333975
0.019153210519995606,0.8566766573543932
0.02247462540499226,0.6933401027242969
0.04221369655576679,0.05504412849055837
0.02779900753123321,0.4185833363732178
0.025284223746666445,0.5448627671888253
0.02511649315115083,0.5535202351872988
0.03951528203038701,0.08573353842934325
0.026616287780008352,0.47646525393843475
0.02552353936503393,0.5325944042539776
0.03473608155210234,0.1749390229029091
0.01686284366814239,0.9386329132087433
0.04405487774797956,0.04000646576725465
0.017931764182364973,0.9046794098898927
0.02160241393718204,0.7391073875934098
0.021870783402575422,0.7251451330361911
0.029685344869603836,0.3365397631592413
0.018966649387775925,0.8645764436391151
0.02046856542023645,0.7962237546362521
0.02402157561432497,0.61098277584669
0.01473756057296216,0.9816424954893811
0.02964404017277389,0.3382028481633087
0.02168546377213476,0.7348005776189321
0.024559026241334103,0.5825984745178372
0.03141326808767897,0.2721559633374479
0.026692587443958304,0.4725805679829609
0.01931110459116947,0.8498458484076998
0.019371471350343117,0.8472003087571145
0.04444993580659573,0.03729289345078283
0.04381464381903899,0.041739456184869274
0.031181657754958958,0.280207745443003
0.037783397901976656,0.1121977992138494
0.03424666652975278,0.18722426605566816
0.021426119548521638,0.7482037696689792
0.019190611976166894,0.8550703875819172
0.017833654527227377,0.9081275514892336
0.02379745111807252,0.6228901201858095
0.02670797742371206,0.4717995240227912
0.03199794148791113,0.2526029347667681
0.055795032249277066,0.0037983761775350787
0.015161328852596356,0.9755952303407163
0.023674034497105367,0.6294591419226312
0.030591538153163844,0.30152317219418007
0.02436249633765697,0.5929446077913272
0.01896241908358154,0.8647533624595736
0.029927121761539555,0.3269228447885429
0.0379506530996383,0.10937773848908476
0.019281687455540153,0.8511283055320951
0.01899871663740621,0.8632321094437412
0.01981390419738638,0.8272702251045911
0.019682275930818782,0.8332956539321243
0.021788126692136756,0.7294590337574847
0.01569049846183193,0.9663376802109703
0.02895778467941007,0.3667014969918966
0.021557540805610453,0.7414288259635224
0.027758328910093,0.42049125167551143
0.03184903923582988,0.2574785688914203
0.03315102977593887,0.21718876691982864
0.0255503529514719,0.5312263022658948
0.04261730664519425,0.05138512891238818
0.03038314164016842,0.3093287361013312
0.04380419771087496,0.04181627245729959
0.026354600289882846,0.48994614458858865
0.03780335787547051,0.11185813194842316
0.03693400501499933,0.12746091575526527
0.020963338675602516,0.7717375383666256
0.018305426069198827,0.8909660054749945
0.03948109861278476,0.08620000158497661
0.03318353661824158,0.21624918393086523
0.017960310053017348,0.9036640403372928
0.023051692880100783,0.6626426002208048
0.02990500382907335,0.32779425531722645
0.026038766907819033,0.5065533320142923
0.02008521871623936,0.8146117131110377
0.028913557622941122,0.36859459740163386
0.03016788914809776,0.3175453180577971
0.03403905290825482,0.1926371207390165
0.033675559410308475,0.20240943979509088
0.028478631113820208,0.38757814071177604
0.02942559133688394,0.34709664302919385
0.03677456637737264,0.13050729874465328
0.038426274048497966,0.10167749451322275
0.025081691901703174,0.5553222498026551
0.01952631814634853,0.8403310863417757
0.03665625591594146,0.13280606998962421
0.025337279671660773,0.5421341346272168
0.03850845882563181,0.10039374304594222
0.021917523661953098,0.7227007910828764
0.025143473969586216,0.5521244943285673
0.02134938928043889,0.7521419320861713
0.03019971105939423,0.3163207038521618
0.02104999284245604,0.767372966280881
0.02160491349272109,0.7389779595758665
0.028360426447119336,0.3928529851269113
0.04390127746419381,0.041107109578980006
0.03226293484440068,0.24409964877416987
0.03285655988410746,0.22584480207284893
0.02744594620830193,0.4353393288883408
0.039093391728813154,0.09164157527968801
0.037774395149515305,0.112351281487005
0.0336238989955962,0.20382921063309273
0.018124579042738842,0.8977163921066154
0.018010392321313184,0.9018695478602915
0.02065345523322476,0.7871653757967523
0.025362532094358903,0.5408371367940967
0.021326844608004714,0.753296480247451
0.04422072697713447,0.03884698906108588
0.027162709514058192,0.44910308832164464
0.024372380781491343,0.5924232474200515
0.01776800071085867,0.9103987214325193
0.03451068239345251,0.18051500782678795
0.027038915407144537,0.455208755206908
0.024002536142580855,0.6119930103989973
0.018421660312559984,0.8865180088625357
0.02628958207653115,0.4933333408012573
0.02680758066797473,0.46676506046296223
0.03094583881925178,0.2885869288600018
0.016255787230787355,0.9542383521545965
0.03261283262370518,0.23320832259256297
0.0282242107988685,0.3989929759476296
0.017954821602492288,0.9038596845191732
0.056216335841342835,0.003454920791767061
0.027067836995255334,0.45377741165768565
0.03633535974756963,0.13920767991763228
0.02556667449073169,0.5303941926053435
0.019199025677190007,0.8547080288542177
0.02706238621432344,0.45404694512576027
0.03182735391113467,0.25819452548805616
0.029574544298410443,0.341014328387317
0.028392336337136448,0.3914241406735965
0.017645703622191755,0.9145508850496573
0.01920652143594337,0.8543848902536592
0.02902614618264221,0.3637888490235746
0.017786574842948377,0.909759153292032
0.023190627704367306,0.6552329394341977
0.01920698659336062,0.854364827815491
0.04069247848142554,0.070918011993679
0.05824659532552823,0.0021664461450022626
0.03513798761551434,0.16533696892513874
0.020853218897847386,0.777253227918942
0.023260085620716686,0.6515279296147838
0.018836039911126118,0.8699924758507284
0.02102116072783855,0.7688274785759814
0.04495462157022412,0.03406134378251397
0.020266171114913467,0.8060014530831874
0.030998557016140182,0.28669778662311657
0.02382839832979977,0.6212441176521424
0.028581133738552533,0.38304402015316336
0.019902727434767176,0.8231606502571027
0.03049788755923344,0.3050127797447577
0.021181511539362985,0.7607100569870228
0.02270413973796115,0.6811533330188593
0.01980543432562111,0.8276602884149356
0.033138511408185356,0.21755144209181404
0.016114006415986037,0.9574921247531745
0.029128414329971875,0.35946213436515506
0.02920208474688002,0.35636799513590944
0.04538466251194001,0.03150428147431816
0.02480213248376051,0.5698645543561187
0.031128194047958524,0.28209135519288714
0.03215613848141963,0.24749998773529377
0.020844031219394155,0.7777118115247239
0.014792310914833684,0.9809265002317005
0.03674944044568518,0.1309927584034679
0.016119279030484712,0.9573737642424569
0.024116006153635294,0.6059763678204476
0.01135199075708948,0.999514322547697
0.025537397746820234,0.5318871443070308
0.021857903767704245,0.7258180742001985
0.02845159087611504,0.3887804384582868
0.03065739763520392,0.29908676401955775
0.021250886778357514,0.7571775755287273
0.020863699784759437,0.7767297890796703
0.024417033289807488,0.5900693037810187
0.03006602803100733,0.3214884795099442
0.027375842218776647,0.4387193296605305
0.017652492307616896,0.914323095029649
0.0368382846184967,0.12928277969649252
0.020424761950617154,0.7983525329784064
0.019441913721946147,0.844090047908775
0.017315197088888512,0.9252515382541541
0.026675597835885412,0.4734437737002332
0.021568151910618116,0.7408802416865801
0.016533812747447474,0.9474281616025778
0.03853173077865546,0.10003268969040952
0.01988666472966205,0.8239063686970698
0.022812320666913855,0.6753972195241376
0.04014976402118264,0.07745363987865633
0.03548026726634512,0.15749579431768798
0.01698261873105744,0.935234152677949
0.027049040829220605,0.45470730341877474
0.025993459267647623,0.5088215096255059
0.026246983961396478,0.49556067717068064
0.02891281721105568,0.3686263485512674
0.0185776829049894,0.8804162586763558
0.025443766106285293,0.5366725130378365
0.04244133689086238,0.05295376868571821
0.025369568347979876,0.5404759449743402
0.03346051885372403,0.20837057023899536
0.014265826683913782,0.9870550550326882
0.03496091809592988,0.1695141833868795
0.02611684127311109,0.5026551706578508
0.020698528909471048,0.784939822252944
0.01865241333102652,0.8774415538375558
0.028275008517381406,0.39669554693894565
0.020093492284081665,0.8142208666898283
0.039003699694392824,0.09294060967536684
0.01682945649378864,0.9395616265861364
0.040837562152527096,0.06925241371888054
0.017951657016568534,0.9039723999130209
0.035544152542483554,0.15606587863369056
0.026245200027706916,0.4956540946040546
0.026813379471432697,0.46647304869808703
0.020650935396239134,0.7872896006362923
0.02848505130490936,0.38729305801976105
0.018537851119067916,0.8819880975359629
0.01963859289908998,0.8352777807719146
0.023737603302517063,0.6260746975186743
0.045961866047816824,0.028338247799140334
0.027702140648339313,0.423136303022613
0.03307227823799386,0.21947812299014025
0.02594390920897005,0.511307061609418
0.03874040760970654,0.09684324841774422
0.02761438140608169,0.4272900746442219
0.018185875774682114,0.8954519063625299
0.03167463372826812,0.26327934801881187
0.018213235751933787,0.8944333281344495
0.03458869281503496,0.17856944817229287
0.020749599865284463,0.7824103012771852
0.02792799432298232,0.41257256099262857
0.024658301085270562,0.5773893288882332
0.026821172777710234,0.46608078817345555
0.02393499655258624,0.6155787293826596
0.019551174765598034,0.8392175052547508
0.03449094628444993,0.18100987260758403
0.023514161026887165,0.6379777996842464
0.028922249956546242,0.36822198729292505
0.027469299928743918,0.4342172455982513
0.01885468084402553,0.8692253843372088
0.029470955972761836,0.34523608021544727
0.034574355198666695,0.1789257722196543
0.021805755492776635,0.728539940642255
0.033872201231489485,0.1970757858517338
0.02408168910455244,0.6077949399740598
0.02317495829753735,0.6560687394957095
0.03465940425760522,0.17682032285398
0.023398154211412336,0.6441634791943578
0.02801052205207827,0.40875784984911323
0.02383413461958217,0.620939077555797
0.01851735773878288,0.8827930632549843
0.017964167703899747,0.9035264086235931
0.04125997661667491,0.06459138358043319
0.0296257123193564,0.3389426860453424
0.03247613403475358,0.2374181473139159
0.030901243053615135,0.2901922002831038
0.033261172189282595,0.21401794156657514
0.03419068677036158,0.18867180776204195
0.025984041293385274,0.5092935386259696
0.026461882010278437,0.48439003290346283
0.02986252677517398,0.32947249141816226
0.02681408268368224,0.4664376450206953
0.01576649416943232,0.9648459765470506
0.022493353468213823,0.6923472094332983
0.03994939724894908,0.07999207095817439
0.038970478387478746,0.09342565813551702
0.01617343818235195,0.9561461834613858
0.03351191024789402,0.2069336630319092
0.022664910915150716,0.6832389538385799
0.031014163109326365,0.28614031162117853
0.027224285041114626,0.4460864884616359
0.03577997355451501,0.15087773800282137
0.026211582607629652,0.4974166153383782
0.033692109627509126,0.20195623247527653
0.013940413503455373,0.9900510730298604
0.0273015390853506,0.4423209405754883
0.047023862222748236,0.023239558822193456
0.02455421849211331,0.5828510503413586
0.02280951036937573,0.6755468280604464
0.025890672214197163,0.5139832994013627
0.030423759841111148,0.3077958740733573
0.015455522372048502,0.9706897467098244
0.049358258727712545,0.01478987585403732
0.016067919372555833,0.9585180218436106
0.04173542066895847,0.05966832558996617
0.025869236927389128,0.5150625182098771
0.01812180512334749,0.8978182935210939
0.03815545492476757,0.106004779960944
0.02755397239354103,0.4301652839242435
0.019233323334587715,0.8532270648019513
0.04009530098673769,0.07813679074660232
0.025158128946427105,0.5513668721180978
0.022275072542286684,0.7038990864403492
0.03130782217922029,0.2757999709922351
0.01979300001499118,0.8282323482850984
0.023138228717412335,0.658027790449611
0.028926385052300163,0.3680448232798733
0.02483191297662113,0.5683100205487494
0.020658831125251798,0.7869002817906098
0.026077878713648667,0.504598873319557
0.016920041427983867,0.9370229222990908
0.017448511455776083,0.9210276867284519
0.020909839751785286,0.7744215996059464
0.0345040498059368,0.18068119418907436
0.036139706132529426,0.14323229859058456
0.02643262895172488,0.48590098805221066
0.031069301566779894,0.28417712342954726
0.022782912455628634,0.6769625967585055
0.04207112811469238,0.05638914941554695
0.022098917665833717,0.7131834809838045
0.0186510140898537,0.8774975575457143
0.03610541570718634,0.14394727255916373
0.013060191706873336,0.9956152494913654
0.021673478574588567,0.7354229167733461
0.020915570975169995,0.7741344558873045
0.01507926955576154,0.9768583660513737
0.048254842532731046,0.018361872519646685
0.025354678935848363,0.5412403656497978
0.02876605703624613,0.3749579370913219
0.0168203016145399,0.939814856703864
0.03590455889223343,0.14819348632285176
0.03427213884407743,0.18656850158417787
0.029623060962095493,0.33904980917180866
0.028148890183988917,0.4024163638278605
0.027672231351790713,0.4245488678998381
0.05902559021630471,0.001803301299113629
0.02009391376629499,0.8142009482944769
0.027475705878049816,0.4339097972186757
0.027044042113069877,0.45495481428766427
0.03252699297684092,0.2358451318187613
0.023854124692627876,0.6198762077351376
0.04158526417151581,0.06118717573277044
0.018830397044400593,0.8702242939140549
0.02803847349980393,0.4074713330365776
0.03519606060950914,0.16398503543722642
0.029908412194661338,0.32765986185948176
0.023385320925701225,0.6448479198554837
0.02533095868652646,0.5424589631935761
0.03491374301310557,0.1706411618832987
0.021624060873241202,0.7379860947797696
0.027110157153862446,0.45168834781465844
0.03780130590429698,0.11189301196629842
0.028547331405741616,0.3845351340518876
0.03262036684306607,0.2329779715075426
0.02004196610046327,0.8166504442905594
0.02315250067387542,0.657266582271611
0.025140239709092405,0.5522917435842271
0.020236106679090815,0.8074408600743316
0.03095925207528416,0.28810539514025896
0.02784777022726581,0.4163040311198528
0.02414074670336508,0.604665884075529
0.029299487614977915,0.35230619398475466
0.026440172773387616,0.4855110494548415
0.03172957225760581,0.26144154976764006
0.03125138100776137,0.2777653937821242
0.020511106481836072,0.7941498610607807
0.043397169503619715,0.04490676562259423
0.01688284547641128,0.9380726256935791
0.016127421634194894,0.9571905772447153
0.0359010809755671,0.14826789287328
0.022419033613735873,0.6962855425022039
0.03038545144687632,0.3092414183422157
0.03191221699846725,0.25540126523289464
0.02206780605842848,0.7148191498919347
0.037145099980063656,0.12351730815324674
0.025514180273339404,0.5330722459133583
0.023335789658680217,0.6474897664888197
0.023783995757980514,0.6236059372841476
0.026502853407299853,0.4822789298071372
0.019607510349501034,0.8366827347519648
0.026094692819497334,0.5037596722300964
0.01709737775720399,0.9318797692610541
0.026012606681532713,0.5078624225224864
0.02310546773570543,0.6597750262713238
0.015086143923607798,0.9767542794093003
0.029809750713971184,0.3315662711878642
0.025683129661468684,0.5244717711206299
0.02451838539928408,0.5847344047363425
0.03794889745944563,0.10940703245405985
0.016639879612966868,0.9446798959845931
0.03375528126041816,0.20023364482482459
0.023817761047864372,0.621809827897011
0.02858980303071884,0.38266224431544776
0.026446681346432133,0.48517478530232483
0.023520380954528408,0.6376462279259227
0.031149351292148048,0.28134482831703567
0.019493536072742845,0.8417951672722768
0.04636072725549267,0.026317779020866967
0.02385420173004338,0.6198721121135838
0.02405576706110102,0.609169253722499
0.029722405578311573,0.33505257129237
0.022936991201092494,0.6687568064526994
0.030171520865859613,0.3174053830786108
0.02608820666216921,0.504083327056776
0.014513893388664934,0.984374339286288
0.016313213691096506,0.9528783861139087
0.04046263264995065,0.07362637098784854
0.030158847079627515,0.3178939162810037
0.02858164356900439,0.3830215610358174
0.020432802776862047,0.7979622731992417
0.028227335419451882,0.39885139436545775
0.02508297997172959,0.5552555191591919
0.022294204124670036,0.7028885411527219
0.02292504723529376,0.6693932515082324
0.043001739541596584,0.04809717794214786
0.022608343177355106,0.6862446266734843
0.05278659875518077,0.00732006207473637
0.02519152523761592,0.5496416834752158
0.019892913778723376,0.8236163862657992
0.03037411047817029,0.30967031487398505
0.03328605850882349,0.21330650425465483
0.03158560518866027,0.26627815836560875
0.01678712776374003,0.9407273206864615
0.013645294573735312,0.9922994542532421
0.04724865495092645,0.02227109716134713
0.03338180833431148,0.21058637081936757
0.024701327288668695,0.5751354931201913
0.02196584385869793,0.7201702455705652
0.022460355915259633,0.6940964137035059
0.019562146789578905,0.8387250135199334
0.02649191034855125,0.4828422001163678
0.025449105354338475,0.5363992006953746
0.026894451649991602,0.462403038513229
0.0438981875797016,0.04112951858756025
0.03910930768597448,0.09141265637341196
0.015489786300254382,0.9700794217741076
0.03138187462726438,0.27323707043216255
0.027465497279432705,0.43439981996597077
0.03477346207558027,0.17402766555345964
0.020108074523285446,0.8135313226902374
0.02064551309522311,0.7875568430196062
0.019032834735226434,0.8617955754739002
0.03497054369514996,0.1692849653081728
0.02930614589333258,0.35202974507985235
0.02751196504688569,0.43217232816509144
0.02976352506709895,0.3334080506150159
0.017941357925943202,0.9043387685583568
0.020239593892059676,0.8072740788748388
0.01527408116745893,0.9737854346349956
0.016382119177866916,0.9512145091195636
0.026245594258375915,0.4956334493570574
0.026910359042483623,0.4616072026749462
0.028736829927062946,0.37622791783376525
0.020735925098185892,0.7830884135844001
0.033236879032351174,0.21471419677505804
0.019513398421709738,0.8409087161932006
0.03724380120677506,0.12170804349024762
0.02870275138740544,0.37771250517213756
0.020290260446054087,0.8048456357514169
0.025323298494549673,0.5428527052920724
0.02311513120503439,0.6592596623543343
0.02094098293586838,0.7728601320168021
0.02834022630625943,0.39375936162735825
0.020645708869561963,0.7875471957998698
0.028497283611176427,0.38675029728767274
0.027327566164506045,0.44105711680450693
0.020473772741600893,0.7959702356717447
0.024562240007747982,0.5824296541474399
0.02883331084001034,0.3720470400233052
0.03301349482796623,0.2211991273294341
0.02258010074610603,0.6877444170923923
0.019706920295864516,0.8321735189697284
0.017324400697406817,0.9249639903909458
0.025699294757286634,0.5236517558590166
0.022921681068644728,0.6695726116387675
0.028466442297893968,0.3881197751795034
0.022850071235397618,0.6733871770764366
0.03811501629436287,0.10666385485993647
0.026151789341988474,0.5009145616557484
0.01819432828442913,0.8951377431170612
0.031178741201171423,0.2803102578066594
0.024557351616432577,0.5826864480708362
0.044420524526757654,0.037489220757406815
0.020361372116261323,0.8014209779401277
0.026063937815112986,0.5052951360387994
0.038288856205379695,0.10385450008941818
0.017886468596554295,0.9062793925085226
0.04725875047459377,0.02222845726826571
0.0209339690223439,0.7732120416817702
0.03225142151244331,0.24446450591958316
0.042033383502833865,0.05674993575256685
0.026456550516271604,0.4846651840502309
0.019156081358823074,0.8565536269328108
0.018765565372573567,0.8728745616575636
0.03969914471145819,0.08326084133038938
0.031550755028170646,0.26745900965343256
0.010614574769959972,0.9998688502523735
0.02072614056161992,0.7835732539517883
0.03116838419853163,0.28067451635859
0.022181266050494586,0.7088479632968709
0.02322325358886912,0.6534926368967299
0.01923003642450427,0.8533692592640311
0.032891490611600016,0.2248043116390425
0.02988216764597995,0.32869572539898406
0.014991345162205572,0.9781619911861795
0.03115512549095034,0.28114134333484614
0.02125667104848883,0.7568825131873882
0.035088082993255165,0.16650584740891078
0.02651589281822092,0.48160831077374566
0.032253410285866146,0.24440145207675015
0.04299532835605735,0.04815048130597131
0.023860384907539722,0.6195434007045241
0.0212425931274913,0.7576005019277248
0.029818015640734247,0.3312377449000248
0.028025974663811848,0.4080462714584835
0.023881352917104692,0.6184288648179096
0.028545058231591425,0.3846355549287178
0.03174910813703591,0.2607903743583055
0.03950127656825758,0.08592439806191861
0.02802145665127531,0.4082542338633061
0.020177014017739192,0.8102598966269099
0.013211461521257517,0.9948894873746923
0.02427050644675144,0.597801390751957
0.023614904692394578,0.632608768420069
0.016851300107025846,0.9389549374411803
0.033692526131752776,0.20194483726115006
0.02750601634261096,0.4324570567976867
0.015448090046414342,0.9708210490531696
0.027486539899803097,0.4333901603740133
0.021254822271531304,0.7569768303002693
0.033769678748931053,0.19984266223753563
0.030363815326410026,0.31006003715681124
0.018599962634891276,0.8795328900430379
0.02037677536222615,0.8006767120972349
0.033751704176492536,0.20033087798787405
0.02799362413324269,0.40953695565894743
0.028580556438788873,0.38306945254603514
0.030888147140306188,0.29066485564708966
0.02485154152857416,0.5672860915719955
0.023004759543378717,0.6651448358587926
0.017675633367859656,0.9135442223083682
0.03961446661995904,0.08439207827787698
0.038334461567981926,0.10312775524889423
0.017837450274517996,0.9079953516168144
0.03355015471516598,0.2058693661125286
0.030861289769118116,0.29163597026660204
0.025839215911672375,0.5165755979925546
0.035483461281803075,0.15742405507610072
0.03212525525278853,0.24848997788495658
0.02263388122690735,0.6848879578210514
0.01725428620081071,0.927139338379532
0.04714017978499119,0.02273386456033841
0.017749960157673328,0.911017666532648
0.03295504014100481,0.22292083021817838
0.03376005414908323,0.20010396452791845
0.029455365569657832,0.34587469123236075
0.020628912418827583,0.7883744212592132
0.0329704820384793,0.22246500792615517
0.017758415290955787,0.9107278596178765
0.022564742350003775,0.6885597626972435
0.022670000515019273,0.6829684176376747
0.02801326677417082,0.40863139591202546
0.021139897785483502,0.7628231479553536
0.026275951970931494,0.49404532003940715
0.0158404339421665,0.9633547369463006
0.020776887801303434,0.7810553867905546
0.02289388230095718,0.6710536588462972
0.021461032319407325,0.7464075532818337
0.018962386927688757,0.8647547068952204
0.03796125298798614,0.10920101057020017
0.020640203828443726,0.7878184211892354
0.02433076353852688,0.5946190485746019
0.048607207521706886,0.0171452862460047
0.027483815649834042,0.43352078532225996
0.02217319815338692,0.7092731049685048
0.026293128430586177,0.4931482023699753
0.023707157931596612,0.6276954030275286
0.017171661631644186,0.9296576369723377
0.036576812676133885,0.13436810203178873
0.022488650113136166,0.6925965924477383
0.024020084397689878,0.6110618902295384
0.03893065095855586,0.09400994911512171
0.021332314232476057,0.7530164806122427
0.021753032522577986,0.7312870965124849
0.023647035840455688,0.6308970918895728
0.01664855306140911,0.9444514952421174
0.01886495429966828,0.868801776489417
0.021216132993235104,0.7589486801606105
0.03180387406450291,0.25897142455667066
0.04605073127956838,0.027876605903675595
0.02409969074113094,0.6068408560901378
0.024746343340438792,0.572779999583827
0.025506284829767134,0.5334754852568255
0.040526562983371706,0.07286438667333202
0.027511867170770588,0.4321770118832137
0.040594220556851524,0.0720652790795519
0.033720991321662175,0.2011672434552789
0.03240514753762247,0.23962709405524726
0.02959854991309785,0.34004128365331493
0.03048703592891705,0.30541904178764023
0.03484568640762431,0.1722774929591678
0.029618916052971844,0.3392173251752812
0.024603477471134783,0.5802645362619261
0.032719641499589336,0.2299590331727681
0.01554650471859273,0.9690509869143331
0.015469731463951586,0.970437646866314
0.024035522189059855,0.6102429400382131
0.020771981889494473,0.7812991480643579
0.024984498430322244,0.5603649507526479
0.029450917692960987,0.3460570390234269
0.03976271861518266,0.08241996118274215
0.035126910899970554,0.16559584260395396
0.020051158037484834,0.8162178189247664
0.023329556669707596,0.6478222317296456
0.03209806329021586,0.24936413035437457
0.0258915401721746,0.5139396196567279
0.03522692783878831,0.16327005686993765
0.0148098045871079,0.9806937285575028
0.026170282415838297,0.4995874226970534
0.04225014125519899,0.05470476569614752
0.03615356560796179,0.14294413865946434
0.024006592306016206,0.6117777681873573
0.02695077539957258,0.4595892617957362
0.025606092304925276,0.5283866581904855
0.028977868562569786,0.36584409120380856
0.023825065277318647,0.62142136872364
0.029501857999005343,0.34397277089534656
0.04086709912448827,0.06891743212577647
0.028536636638826884,0.385007750608444
0.02935501605124391,0.35000540356532267
0.022566754074676565,0.6884529745815224
0.029273332259519586,0.3533936491525435
0.017235357883088165,0.9277205769036355
0.030898025701528553,0.29030826758741163
0.03210521067803124,0.24913413399534903
0.022902278644814422,0.6706063539190695
0.026786885799919613,0.46780817472722824
0.030840008022692378,0.2924071840194753
0.026716083897215803,0.47138845865406864
0.01753337320531867,0.9182736699556538
0.03450525613818328,0.180650959272561
0.02115584613611532,0.7620138364042537
0.019065052532905802,0.8604332070130238
0.025680250477841948,0.5246178786152322
0.04094356579371916,0.06805661886515559
0.03133167978510176,0.27497232212499
0.02157752462805579,0.7403954923630913
0.022142060376948325,0.7109131635030215
0.02308656274387999,0.6607832069349253
0.03565555157832734,0.15359746221533535
0.022981055995889843,0.6664083643327947
0.019639345176213907,0.8352437211733693
0.045235656599857954,0.03237050184789743
0.02545996633173675,0.5358433946194263
0.03406060774302033,0.19206948675122157
0.02459106233399977,0.5809161598747062
0.01701704525851888,0.9342379118273645
0.020656484384532256,0.7870160149828516
0.027033587538942583,0.45547275970452855
0.023548765053652665,0.6361332637706976
0.03215621575589156,0.2474975143990932
0.025232122585069017,0.5475469806061521
0.01706489373743958,0.9328389644893798
0.027134576460269788,0.4504858387192215
0.030240664427234387,0.3147497498508805
0.031767780833247494,0.26016911518920416
0.02475091570042237,0.5725408979674133
0.020763413308073853,0.7817247184752235
0.028659087054795584,0.3796206703158926
0.021941717418506146,0.7214342016185148
0.01740351623034908,0.9224673596155235
0.01403542542836611,0.9892346745116543
0.02249777833170341,0.6921125755195408
0.027555610551896148,0.4300871428842066
0.020176843808182632,0.810267996860112
0.03243027441899682,0.23884341072216939
0.036379863803334134,0.13830516770670026
0.02512543824260982,0.5530573683696502
0.024404240821848666,0.5907434674720289
0.018840833121636286,0.8697954201302974
0.03065494149169895,0.2991773655614241
0.03308226168625916,0.21918686885231706
0.02654859624110628,0.4799290308525765
0.019583213117701725,0.8377778170266004
0.04018325539779244,0.07703605896511233
0.022156303212461537,0.7101631301072153
0.035927750296709915,0.1476981001777653
0.033348090116199325,0.21154116974323853
0.025372527719517146,0.540324057716244
0.028300807281772256,0.3955322514970146
0.03466493586582775,0.17668406795050548
0.018157608454464347,0.8964992041420845
0.02050725788550445,0.7943377409293482
0.019740129044917065,0.8306570250669574
0.026265614701064477,0.4945857352576041
0.03229651372756748,0.24303790518654542
0.02948604893581519,0.3446186490489161
0.030318548630768993,0.31177786259557516
0.03385771850895014,0.1974648138538693
0.023094291102694384,0.6603710701782554
0.022065076448180176,0.7149625943762965
0.02071187019830467,0.7842798318700565
0.043279525894725224,0.04583616706100058
0.024778420179037197,0.5711032033877856
0.04208593158605706,0.05624818799649896
0.02318353411012114,0.6556113113666401
0.021018089678680185,0.7689822715623288
0.017420670663564564,0.9219201702117692
0.028921672376781893,0.3682467378965898
0.025336545360275464,0.5421718665187079
0.022643596278768552,0.6843717423563437
0.03213400168316671,0.2482092980346816
0.017288595205401047,0.9260792645647735
0.026014744165752557,0.5077554051987259
0.02161709946774998,0.7383467893936015
0.023033124785369397,0.6636326159303089
0.0330737080384651,0.2194363920597547
0.051667042408944486,0.00925794933105143
0.03559716292920401,0.15488730895178024
0.03481909986394294,0.1729201137784956
0.0443182825954242,0.038178756244293344
0.03531843258331138,0.16116518103023025
0.02575016673505215,0.5210745055831797
0.024018055998052124,0.6111695067261791
0.04017416449121719,0.07714921839047957
0.02692824828376339,0.46071329498863556
0.02422522078458844,0.6001953419764008
0.040519015934023184,0.0729539898887328
0.019624441682859622,0.8359179883935445
0.029828141808221798,0.3308355556670631
0.019782303082291175,0.8287239254722754
0.05843143024686681,0.0020746165588401626
0.02264498420625924,0.684297988719897
0.02356886891019988,0.6350618057854723
0.01591113382165968,0.9618918599763668
0.018366720381973123,0.8886309492685125
0.04425703523093227,0.03859710260447093
0.03584012782420176,0.14957682958577673
0.02734832691388578,0.44005074958291857
0.01813013981421606,0.8975119636858072
0.03185041363377811,0.2574332427766859
0.021878619274733335,0.7247355891933409
0.019246476668684953,0.8526574774192517
0.025909591743233817,0.5130315334504698
0.025727798746648656,0.5222070705205465
0.027187909682205857,0.4478668896244267
0.01574955609252815,0.9651820420456065
0.03213795561390531,0.2480824924111163
0.03651641019077223,0.13556573961247834
0.012426454992776947,0.9978373729308174
0.028217948000453186,0.39927685776127275
0.02270937888889285,0.6808747187979638
0.041472174716353116,0.06235283918126217
0.03421187990336405,0.1881227551888552
0.0475471369353021,0.0210406584497447
0.03370699327328974,0.20154934001917849
0.028283978795411058,0.3962907992335068
0.018263358538932573,0.8925548905342354
0.028193410086880144,0.40039046052615923
0.03638460440774316,0.1382093123181941
0.02171720171347752,0.7331512809392507
0.030059103992068237,0.32175780235608675
0.029402027908517092,0.34806588352600304
0.0228180450466825,0.6750924656261101
0.01986660869469381,0.8248359093966503
0.02951884325658194,0.3432798054852818
0.02393015203693105,0.6158360469219326
0.02054471245455658,0.7925071234034538
0.03807275827434703,0.10735620964796028
0.0385291636099927,0.10007246495287231
0.03169278840975642,0.26267096589820255
0.03106394000509971,0.28436757949284586
0.015511600838564288,0.9696865559023737
0.03866368648135465,0.09800585500999137
0.02903487730005566,0.36341802646022076
0.0350471928570667,0.16746849783686515
0.021450104151466864,0.746970078300097
0.02445569752127652,0.5880327742079261
0.021373099992643863,0.7509264057589016
0.019844205461287734,0.8258721618172613
0.025983379329321044,0.5093267233515905
0.03791488622985473,0.10997581401899134
0.01592312034167087,0.9616402467694501
0.017837608668331506,0.9079898328949322
0.020912357321529296,0.7742954769573833
0.029663734428675537,0.33740914699306
0.05274020783914107,0.007392387420735878
0.022029469456099626,0.7168328409470379
0.02120249031376986,0.759643114274295
0.019059837229035648,0.8606541258438313
0.025851857241897286,0.5159382411042585
0.02025483085067359,0.8065448013202421
0.022832886205476022,0.6743022815178012
0.031601338158725845,0.2657463536431843
0.027094359960624148,0.45246740194343993
0.027720753796677156,0.42225884605068814
0.01956086377397781,0.8387826328546493
0.01896492407272965,0.8646486113777244
0.020638103176934847,0.7879218910512114
0.022357719864017578,0.6995307770587766
0.020195136523572632,0.8093968010243773
0.02363981800749071,0.6312815631368589
0.02244602949449992,0.6948555598700703
0.01562902963645052,0.9675139957495538
0.020566043628974656,0.7914624027649917
0.032177837585591784,0.24680619933545758
0.02655014090758534,0.4798498083246948
0.020453270728056083,0.7969678256096703
0.030182248922972,0.3169922788453523
0.025812116862014123,0.5179429895046382
0.025666979231682374,0.5252915523314826
0.03203835184062226,0.25129189646031086
0.03797130499611889,0.10903363570286016
0.0364021609948304,0.13785478691951875
0.024544988939604856,0.583336003002584
0.015497063290560553,0.9699487398073681
0.031812696670351914,0.25867929615404
0.04123852204239209,0.06482148962022856
0.018013781888285008,0.9017474969295258
0.01702649906719378,0.9339628280000452
0.01610950752446505,0.9575929554579077
0.02597075460959175,0.5099597870479786
0.029782448133237716,0.33265320486329597
0.017081204165043995,0.93235830167885
0.020586122403963403,0.7904776129635245
0.03770664764954612,0.11351183849907769
0.019407842441343637,0.8455974948461809
0.019623210839087024,0.8359736279750073
0.03259851488661247,0.233646554291272
0.026571704744224378,0.47874473396910444
0.03790923311497113,0.11007058974558119
0.03477295402231145,0.17404002681419023
0.021030737651632103,0.7683445973934603
0.01595886330712526,0.960883750692415
0.01859431792656363,0.8797569787808835
0.03044797846650804,0.30688455668225106
0.018900105417135382,0.867347856935887
0.01990352235469217,0.8231237168083454
0.03741759649791082,0.11857517781969157
0.02179314138634192,0.7291976424885498
0.022437780074852087,0.6952926061397751
0.021210926639705918,0.7592137466041291
0.017710835741994474,0.9123523267964151
0.017593109848617117,0.9163048302906087
0.019126096490435104,0.8578364694031462
0.020265356339095764,0.806040507926156
0.02810521756992046,0.40441055248822105
0.02370198939736795,0.6279705828400731
0.023559919914137528,0.6355387375063501
0.019960433294138435,0.8204724960389537
0.022427738359458715,0.6958245222548891
0.032974306653962726,0.2223522221319728
0.02237627932226155,0.698548844928029
0.0228429140529898,0.6737683138272974
0.015187163812594412,0.9751881758452764
0.03271013179058441,0.23024691435665948
0.022059620014202697,0.7152493062343641
0.014322030623540954,0.9864788085914937
0.018895353888744137,0.8675447976835352
0.021457200787954378,0.746604809898068
0.030407339953253842,0.30841486132620594
0.02328367118958785,0.6502698184539308
0.035672420815455075,0.1532264230709115
0.039820816153254,0.08165778794107745
0.027406367204264703,0.4372454386260118
0.029281073660544527,0.353071538213559
0.023390593752231403,0.6445667002078721
0.018136722553341422,0.8972697056904473
0.022361598931527338,0.6993255743735494
0.02878917575950868,0.3739555102604601
0.05020608514898672,0.012483416827824518
0.022501648585465772,0.6919073369045482
0.022761869805232593,0.6780824093257204
0.016721506497892114,0.9425084773974338
0.03487213157462643,0.17164017639929705
0.02161198454758148,0.7386117510446659
0.018567080609688924,0.880835580879982
0.02666739915562233,0.47386069913124396
0.018674359657818274,0.8765616491986075
0.016731426986076325,0.942241235285474
0.027142266584042396,0.45010758554589725
0.028317716099020895,0.3947710944009947
0.02843746070753206,0.38940974164713077
0.027164924937843504,0.448994319414836
0.04162504655099347,0.0607815824881965
0.021676612599816125,0.7352602063833655
0.01523814167632953,0.974371697143207
0.032927879150262795,0.223724331944684
0.0434036649063646,0.044855931009276456
0.02685313253525115,0.4644744234591314
0.022792497455953686,0.6764524419130827
0.02171128561976421,0.7334588572293061
0.043609598997578825,0.04326993661430596
0.03202459879173625,0.251737507604594
0.020886930109150048,0.7755684546871118
0.01879962483184011,0.8714852554542756
0.034954949497301824,0.16965644015129397
0.03402267156558059,0.19306939520403385
0.026778082911103562,0.4682523428674778
0.030141598441641437,0.318559674233594
0.02796247508157096,0.41097579556921454
0.022295343481162244,0.7028283467770892
0.03190424163557626,0.25566279581159834
0.03763188316857982,0.11480407019989362
0.021378880807028322,0.7506298587160867
0.0246762972248995,0.576446350753995
0.035545261055705824,0.15604115968706292
0.020476491423596976,0.7958378385043245
0.02507068843040039,0.5558924095357545
0.02079401868267261,0.7802036182773046
0.04412393101327994,0.03952008700711963
0.026585734385203286,0.47802665099991126
0.04038772464833085,0.07452778910620554
0.03135409897090835,0.27419626791852275
0.013976881942697264,0.9897432411791346
0.031814792867495834,0.2586099248444565
0.03264511151395949,0.23222265654783927
0.021546592997420455,0.7419945782990318
0.021204815717591696,0.7595247803612978
0.023269868636745517,0.651006078971232
0.04769595838916163,0.02045007444941472
0.019343384766590033,0.8484334864542924
0.0428615395111725,0.04927454330220803
0.023066600460494524,0.6618477013780089
0.017900108783903967,0.9057990240033741
0.04053043593835681,0.07281844085109587
0.04366708634549932,0.042835997724127196
0.018677673788263016,0.8764285266762956
0.018589940005475425,0.8799306458765117
0.025289397596638508,0.5445964660493354
0.022624373618064686,0.6853930879658999
0.014860209082148745,0.9800121301016075
0.023939246515231494,0.6153530044273947
0.02788725304610007,0.4144646992279534
0.0184750946605855,0.8844450477151342
0.02293997442140161,0.6685978351264081
0.030735412493059666,0.29621948259979636
0.02217792791127421,0.7090238778597797
0.02899684339800579,0.3650353322925261
0.032497531405568325,0.2367553727467534
0.02191277066364239,0.7229495129730199
0.014893189555303998,0.9795573245721311
0.019141069624547424,0.8571964731832944
0.0212537767477744,0.7570301650084765
0.04109844552195585,0.06634112018244753
0.025813293600840392,0.5178835814197514
0.026093984593985042,0.5037950077484946
0.0279237261247563,0.412770510855425
0.029772093592188686,0.3330660972365315
0.023743045421300346,0.6257850418076087
0.02560264456728667,0.5285621323164508
0.02370185079639403,0.6279779623087594
0.030593479184721106,0.30145115741371203
0.02865088250634995,0.37997996611463375
0.014737033313593106,0.9816492989147
0.020299696338506812,0.8043922998618451
0.017887333643834713,0.9062489650857826
0.029400134507678644,0.34814384904850115
0.028067988217558404,0.4061158799927146
0.021860538713896566,0.7256804242834718
0.01839487837349335,0.8875503632736615
0.03198122639237633,0.25314673849305924
0.018985775906397717,0.8637752997639287
0.01803806844988745,0.9008707746405463
0.01992357089018515,0.8221913262901414
0.02416472768182043,0.6033961268145089
0.02261835249214228,0.6857129520805194
0.013098964283510761,0.9954372605934135
0.0235649709212451,0.6352695438601861
0.016880626273363286,0.9381349339784021
0.04028522332358386,0.07577640449608526
0.02141113901371372,0.7489736791767725
0.037474261863914254,0.11756817671518371
0.017820597619780165,0.9085815589836134
0.030114030506818046,0.31962583908591274
0.030305339804032827,0.31228043276413003
0.03646023937753756,0.1366872574335187
0.016637054600439433,0.9447541683718506
0.027955800994724944,0.41128453479138743
0.023489067008708064,0.6393156110734496
0.04371961441718253,0.04244280784309814
0.028614058831095468,0.3815954846746383
0.028003603472270072,0.40907671931403883
0.024403617418177925,0.5907763253459294
0.023560923129621048,0.6354852704675233
0.032300069438099044,0.24292568234014708
0.02302262424461121,0.6641924489502558
0.03160197190148184,0.26572494866501045
0.020181102871357104,0.8100652748443252
0.02624142949273095,0.49585157952284753
0.03129553739331181,0.2762268705058977
0.04202637186766578,0.056817175355966476
0.028740687109848062,0.37606014255046766
0.03423812182978664,0.18744464932153854
0.024531785136553408,0.5840299509464346
0.017147206766895073,0.9303935774940588
0.0675120072110883,0.00020864262839187804
0.0170349145735208,0.9337174102469612
0.030062881897250482,0.32161083369165633
0.01702316197566428,0.934060003738417
0.021664535269880936,0.735887128405545
0.026897906857875076,0.4622301000950643
0.02672669952352369,0.47085051269270006
0.01892423999319326,0.8663455685621493
0.01820755727703749,0.8946451258966714
0.03682567263915104,0.12952440493073836
0.028710146524727143,0.37738999779449905
0.023932828673028816,0.6156938748821741
0.02212283727916807,0.7119250482569314
0.0351544270857056,0.16495335880701828
0.026100036821050054,0.503493079004807
0.025807640432203016,0.5181690093218598
0.029057526289948565,0.36245733811477027
0.02803673195278733,0.407551409763281
0.022537954423906048,0.689981443162927
0.026684314471113857,0.473000771567489
0.02449716054481682,0.5858506667821775
0.02444285439455174,0.5887090684561513
0.022038531309823306,0.7163570379894063
0.014765879637862911,0.9812745158171817
0.04208300645832208,0.056276017565312475
0.03029015990316486,0.3128587291025424
0.03854915184695207,0.09976311844139445
0.018855555618697895,0.869189337919367
0.015220171559490736,0.9746615287475537
0.017370254707146038,0.9235223970750017
0.04039414218131393,0.07445019787034145
0.02383508153773839,0.6208887248485311
0.024621590727831655,0.5793141788217601
0.020957406290411706,0.7720355716915598
0.028704016223834783,0.37765733105535404
0.03159876576278531,0.26583325091636667
0.02569475221979478,0.5238821358077403
0.02370553084672955,0.6277820299589737
0.02530987724990974,0.5435428169370087
0.023546353343960047,0.6362618067614534
0.02688073654829981,0.46308992036141633
0.01683681474529207,0.9393576472723644
0.025685855235417665,0.5243334736513803
0.025555870664346003,0.5309449405135471
0.024503077219535374,0.5855394437907315
0.026378894866411984,0.48868434640306324
0.020047802722095998,0.8163757795875923
0.02647871897223414,0.48352176417948545
0.023602576913936413,0.6332655888221943
0.02317819874348881,0.6558958969809715
0.03003715268163698,0.32261272074202296
0.026808810738374017,0.46670310748479776
0.02457468216277847,0.581776179363078
0.03503813871776368,0.16768225329093778
0.024573722435497103,0.5818265786242396
0.027738505832928362,0.421423134201763
0.04763509610249772,0.020689792592375945
0.01778723280627159,0.9097364544195944
0.02849686646687094,0.3867687977166344
0.03287537970889132,0.2252837510212949
0.021535055432231665,0.7425905428447745
0.016445312130002,0.9496578028707325
0.015029991577993118,0.9775952953999265
0.03806455868877312,0.10749098214311702
0.024143893948580353,0.6044992141920267
0.021608999288447422,0.7387663689725465
0.01718210385592228,0.9293420781838232
0.027730819023000675,0.4217848679121369
0.03619143641527528,0.14215914103537103
0.02518565982620158,0.5499445470244636
0.04013306330965288,0.07766258412073757
0.022161613383033796,0.7098834288674924
0.02899963762914326,0.3649163412774187
0.026168294546419446,0.5000934455391072
0.027782828134870152,0.4193414787205862
0.03199386624261069,0.25273543581645236
0.03007281655892924,0.3212245866020457
0.03778995998622381,0.11208603555401443
0.036798795041390164,0.1300405677147724
0.02448664013022328,0.5864041495950543
0.03473212135244441,0.17503579647847584
0.02411891914492781,0.6058220430093866
0.018171458963138987,0.8959866898512322
0.021742542607876614,0.7318330976522154
0.032690655369350785,0.23083737571410967
0.022896664868413408,0.6709054240001068
0.03614707185930455,0.14307909519575665
0.030603183514023802,0.3010913039997454
0.02331212612499045,0.6487519848729579
0.027348012662729626,0.44006597128527947
0.030313795042097635,0.31195865927224065
0.03393843072724845,0.1953044133304824
0.03740246063766817,0.11884535527352243
0.025225621462766024,0.547882234705468
0.025280812014708165,0.545038396108785
0.021632700050495002,0.737538338369508
0.02652192774080242,0.48129813857817316
0.023019297067538358,0.6643698306569354
0.016338197548528943,0.9522791387321732
0.03164772965891138,0.2641828822606255
0.02770553237359258,0.4229763190161604
0.015184552419753805,0.9752295259039332
0.032870699925922175,0.22542316286313727
0.021838603799215983,0.7268259593383632
0.029453776543641147,0.34593982799713474
0.03232181771980547,0.24224013824605176
0.01952202133334585,0.840523282712151
0.017813158160648157,0.9088397236683528
0.03191362811885001,0.2553550124258577
0.020100872578431184,0.8138719851535143
0.01954528780783138,0.8394815103609147
0.030190372130297072,0.3166797399424717
0.024582293860624826,0.581376496794894
0.040442083088560676,0.07387273214370935
0.03353973171266872,0.20615900147733143
0.04066655419283871,0.07121918789098482
0.027274472866059996,0.44363778823046784
0.034519381640139235,0.18029722270853532
0.019564913100991843,0.8386007536556013
0.03157338809933816,0.2666916711609446
0.035449329495186754,0.1581920322827072
0.015095490447955995,0.9766122553182611
0.026551698288593384,0.479769942297036
0.020944541681794715,0.7726815248893264
0.02623324010686079,0.496280679245692
0.028442180917291504,0.3891994430998747
0.019653159856558355,0.834617787390679
0.02359996913829232,0.6334045371745068
0.01762346429056405,0.9152948805791803
0.03336493051523792,0.21106388031785162
0.018435472712012402,0.8859838502568647
0.021845612975578188,0.7264599963506176
0.01738065728851723,0.9231932751783632
0.016340791332015714,0.9522166622923307
0.023311277951027165,0.6487972273386343
0.04144261750046624,0.06266061253694896
0.030219723309376723,0.3155523299112405
0.03246900817093529,0.2376391828066873
0.04047706162446707,0.07345380415304843
0.02575383294389111,0.5208889682659457
0.026216693524867662,0.49714839764312
0.03671618454128023,0.13163756369415777
0.017598449085460488,0.9161276471179362
0.019395522725770137,0.8461411459185197
0.01646954809273604,0.9490529568947108
0.02093153702989814,0.773334029279256
0.03236023284543221,0.24103283367970083
0.030860880484760406,0.29165078781330295
0.019927905691783265,0.8219895024752861
0.028359873041032102,0.39287779708604775
0.025491094591089336,0.534251611356904
0.04648183347433127,0.0257300517078994
0.041665039987816566,0.06037616134665862
0.016412086162829354,0.9504799682833532
0.02053429582741917,0.7930167269904982
0.027874825384235358,0.4150430508838239
0.019266351175552643,0.8517951342389058
0.03137878417620915,0.2733436709200479
0.019877501439034218,0.8243312782888608
0.02764748411392942,0.4257200493368725
0.02481889382212421,0.5689894656703375
0.018351525844545413,0.8892119954471123
0.024692802908637623,0.5755818353818788
0.02475162911679174,0.5725035939296392
0.02761194035839748,0.4274060056149068
0.02401652036298016,0.6112509816720103
0.035208082718604206,0.16370626974877683
0.01657353872076922,0.9464085449990504
0.029543672318597336,0.34226862793553176
0.031036250281213346,0.28535269854618583
0.02743387007299669,0.43592031819530364
0.02943813162805997,0.3465816068016429
0.021718085169812107,0.7331053447926714
0.022472022064897346,0.6934780982179958
0.03912409068761358,0.09120046207150527
0.032995626230190866,0.22172432855578797
0.019594159524636723,0.8372848055507669
0.020630117073279775,0.7883151228828064
0.017598803977614985,0.9161158629656904
0.02986673479693691,0.32930595912510746
0.018535375032593282,0.8820854918958213
0.024977424250219704,0.5607325447710898
0.019214798868031235,0.8540277115053525
0.016739511522166794,0.9420229159413582
0.01764598760928837,0.9145413624223311
0.022994821129712184,0.6656746268221692
0.020239325936914798,0.8072868958895771
0.028834104014542783,0.3720128046140443
0.022114589331916956,0.7123590652032834
0.020795267030981612,0.7801415136081357
0.02710469308786867,0.4519577128213507
0.025541813754973608,0.5316618494486948
0.024978009444183935,0.5607021336149172
0.032795483560461025,0.22767300986877917
0.01691877381112855,0.9370588619286315
0.013485217309532449,0.9933484354758559
0.026185496183147083,0.4987870577961113
0.016758563281504046,0.9415065325489849
0.023074279865288982,0.661438204007404
0.02403987613941294,0.6100120021449398
0.041132730250077354,0.06596639820005434
0.01324234108021105,0.9947307343050258
0.03340119426346344,0.21003893874463334
0.04388926391165754,0.04119429615145612
0.03906761032769068,0.09201340751241101
0.01648560836183477,0.9486497616233602
0.025395062546151204,0.5391679851994565
0.021711455569474625,0.7334500224744018
0.023879356622696246,0.6185349646189581
0.026823608158243306,0.46595825257867707
0.019420961026764993,0.845017759295716
0.021338427946011596,0.7527034265294448
0.016865205572725417,0.9385669043035156
0.03055373702250841,0.30292816689474333
0.04204212514284911,0.05666620168565659
0.027797158550413786,0.4186699296411476
0.02688487673532869,0.4628825001537119
0.043270016989403026,0.045912012429761076
0.031795631733708085,0.2592445643187337
0.022550359971277356,0.6893231296522645
0.016210131945570805,0.9553022352352746
0.029190197324454825,0.3568659805215387
0.019652892216460605,0.834629922429118
0.02014474863420304,0.8117933568429846
0.030445970501732367,0.3069600386697623
0.017798133355236057,0.90935997171408
0.02612506597544284,0.5022452932925011
0.019843232804857336,0.8259171018348501
0.03981239491166555,0.08176789521965669
0.040502870820615045,0.07314598870922774
0.026347181061068814,0.49033189846437625
0.029635005959454674,0.33856738584726026
0.02860448406063998,0.3820163307258149
0.036660004456399914,0.13273273266180502
0.01971560723098209,0.8317773115621676
0.02620298042608149,0.49786826161068065
0.018062272998833562,0.8999931527511806
0.019548445452547858,0.8393399240422384
0.026270240425909086,0.4943438631832456
0.024427713803751083,0.5895065749762762
0.024797504812638815,0.5701062275259348
0.016901989240781568,0.937533633814363
0.023717760174552405,0.6271309628012929
0.031504890326432,0.2690190645226629
0.022917671906398707,0.6697862272980593
0.0272301866706387,0.4457980771178095
0.025067824903431124,0.556040818199502
0.014330026994704287,0.9863953652599107
0.024184087807150312,0.6023713989634502
0.01905823854662697,0.8607218159889438
0.025374914144355498,0.5402015877313497
0.024975726744833282,0.5608207630490246
0.03948636869491362,0.08612794778886411
0.02381481809659769,0.6219663505621762
0.024963733699742086,0.5614441569836963
0.015121729409625473,0.9762104218301523
0.042934730695161016,0.04865682849948308
0.02689849410388978,0.4622007117725595
0.028648274791294115,0.38009421362616225
0.02442692477951519,0.5895481424129208
0.020724287108164624,0.7836650616672625
0.016436241454506506,0.9498830615990327
0.023202493463216622,0.6546000128019218
0.02632101083438665,0.49169414959679636
0.026496250167327096,0.48261876632861467
0.021823059089681185,0.7276372878108197
0.042441079666495074,0.052956091537650705
0.017338752450744788,0.9245143959586198
0.030537829959121687,0.3035208378007993
0.04769773469557559,0.02044311542451849
0.04577680954401214,0.02932129160910194
0.02845259579601278,0.3887357101226921
0.027473895520551322,0.43399666902263134
0.03170533650125962,0.26225108593857493
0.03277014751675067,0.22843473248894516
0.03510462587146801,0.16611764685871938
0.03976429507584078,0.08239920093457384
0.02549864226077464,0.5338659194861839
0.04837283758626709,0.01794615241481008
0.01714248605142521,0.9305351454837135
0.01390227758742546,0.9903657190798034
0.024473714310609684,0.5870843530979102
0.01765171286363648,0.9143492649476743
0.034777856917988015,0.1739207653624242
0.022111088104604715,0.7125432770977317
0.03466058086196511,0.176791333684129
0.023286809728100155,0.6501024020778225
0.03419042765885827,0.18867852839500363
0.026227980449057164,0.4965563953493252
0.03256913756070684,0.23454770109227838
0.034531322377933604,0.17999862599367616
0.021365884948096103,0.7512964200662919
0.03517321718513455,0.16451576925299494
0.03306072070380184,0.21981567284521397
0.020108362585038786,0.813517692605165
0.028783860296039965,0.3741858218976037
0.0315504643538842,0.2674688752830088
0.017746122190961167,0.911149055081861
0.022970501257126463,0.6669709370085919
0.03162685045551772,0.26488568737372775
0.025096045861725647,0.5545787666270592
0.02092490940080549,0.7736663816637318
0.018346709644586734,0.8893958674490774
0.0499390509906652,0.013172241318792865
0.01988484200926821,0.8239909188124791
0.0172787944573205,0.9263829449021653
0.03211682018214096,0.24876089441431673
0.015936604078296446,0.961355956724571
0.037368290259050196,0.11945716446623432
0.01580620219063339,0.9640500376645575
0.027577420817200604,0.4290476937810327
0.022784173723103485,0.6768954693771825
0.024712115459006936,0.574570752715809
0.030670477729178747,0.2986046095699873
0.03610453880529896,0.14396559427147293
0.02429952557506787,0.596268367043638
0.022207780567334745,0.7074502087525041
0.022421777292467193,0.6961402395872301
0.03152060303526438,0.26848384065807285
0.018025947954923294,0.9013087990439494
0.028614605189862363,0.38157147997957613
0.020707304462407428,0.7845057616133047
0.02954762803241462,0.34210772657579913
0.03180971251116971,0.25877807782635703
0.023088898169487032,0.6606586648257162
0.03200515725355019,0.25236845317566853
0.03751069210362201,0.11692450090989823
0.0323637108917284,0.24092375339399383
0.04649270886018164,0.025677846293457582
0.03306105067196641,0.21980603021570877
0.028501254999724113,0.38657419627781653
0.021186626789105434,0.7604500068368998
0.03512387880803802,0.16566676199955258
0.026148406727546925,0.5010829173363891
0.030861915487925495,0.29161331810158697
0.015724390746157724,0.9656775359365262
0.029428335046647214,0.34698391075504853
0.024563829318304337,0.5823461716087576
0.015279169539189119,0.9737017164165411
0.03421223962330511,0.18811344677161954
0.024059025190950434,0.6089964881383054
0.029920329032313342,0.32719028868600925
0.018377265027850448,0.8882268688648008
0.024108815870374722,0.6063573253465463
0.04355629395173821,0.043675715489548815
0.025486413989467105,0.5344908464615858
0.024187264394591734,0.6022032941494855
0.02764738310876108,0.4257248339571187
0.022494962733876828,0.6922618780331917
0.015932414353919844,0.9614444341279677
0.02515610967036802,0.551471242466377
0.03113885380162512,0.28171504490558424
0.023299942575163657,0.6494018714638647
0.016088586544576094,0.9580598949274085
0.02681783542584093,0.4662487406011599
0.026275029316050635,0.49409353947711965
0.031560189433780195,0.2671389496714107
0.02701852243475744,0.45621980833893827
0.020957256243537392,0.7720431085065422
0.027365870520402735,0.4392015313261047
0.016421060690358008,0.9502586991215942
0.03449607074342026,0.180881278394041
0.02131087378084129,0.7541136542377457
0.027575360088301748,0.42914583285847896
0.026528334060574754,0.48096901982444057
0.02821231687516179,0.3995322258076124
0.043483590042607934,0.0442344952714963
0.02055475103453508,0.7920156641946474
0.04017188904642677,0.07717756408098894
0.02398669880210369,0.612833539427347
0.02358334846755461,0.6342901796166134
0.0217791435002489,0.7299271746696321
0.041766056008113006,0.05936244827420131
0.01924512542884088,0.8527160325209013
0.034620062589340694,0.1777917965212949
0.043311959561848745,0.04557828513347954
0.026722444699010195,0.471066077323458
0.023314675194661558,0.6486160151400944
0.029206681428982084,0.3561755642369341
0.026718531510489085,0.4712643904249476
0.022040051137223723,0.7162772263907271
0.0212528277860754,0.7570785715483401
0.02676645943444128,0.46883925299106133
0.020985649516471194,0.7706157885927458
0.046946664860443965,0.02358066503555988
0.02102776745961249,0.7684943853331645
0.02280222751606828,0.6759345189252706
0.03946634933922333,0.08640192657026273
0.018262624928372384,0.8925824993284867
0.03714130050494069,0.12358739391122955
0.04118195387806556,0.06543155727596993
0.02891750690397088,0.3684252725594587
0.027163649518109234,0.4490569355470895
0.013884694535936826,0.9905083152260461
0.018253383189969052,0.8929300109097303
0.02672721803778727,0.4708242473169208
0.025473021634758508,0.535175579160451
0.03070537943200219,0.29732087739411034
0.021571509684346513,0.7407066006275327
0.023823114156331954,0.6215251318392231
0.0378740101068859,0.11066263473386699
0.03721526551660448,0.12222887282839862
0.015829181484743104,0.9635842263304445
0.03421413781644178,0.1880643335346399
0.018327716856699428,0.8901195518217715
0.025940264177856942,0.5114901095217271
0.033212209848576646,0.2154230260573439
0.016211928534242165,0.95526065996998
0.025677397162739313,0.5247626893490805
0.03444816363654157,0.182086295564742
0.03541669399313252,0.15892915242288558
0.031104696461948134,0.28292218781078643
0.02424505391167109,0.5991466607764424
0.031211824434273394,0.27914907220591145
0.02767835261690066,0.4242595114056863
0.028468526454128673,0.38802712425865177
0.026668771053518503,0.47379091766353276
0.022957662695254788,0.6676551923585439
0.0334431806288874,0.20885709738614117
0.02458297983820401,0.5813404802372821
0.04376258879901629,0.04212346954486485
0.02780860641087038,0.41813398809078456
0.03762121678006913,0.11498941369239969
0.03870413480890478,0.09739147180701717
0.027347157577506553,0.4401073917013502
0.04380031735913492,0.04184483826028785
0.024513181457569533,0.585008043583159
0.02076977996326551,0.7814085315056792
0.0388700060039231,0.09490551241527742
0.023408158845806576,0.6436299160662189
0.03383890225310704,0.19797114597852036
0.04767455180486291,0.02053410498456944
0.03427646431243564,0.1864573260641549
0.019409655040509288,0.8455174435975839
0.030071048318712768,0.32129330888493424
0.027065648620198224,0.45388561099017294
0.018692268721474337,0.8758415043482479
0.03249401356644516,0.23686423894257017
0.013686963089150184,0.9920073339893991
0.019513568926574687,0.8409010983233456
0.015254902851113417,0.9740993792561559
0.02866045684278007,0.3795607073304379
0.024765031826531142,0.5718029025297686
0.03869586946350634,0.0975167549901939
0.018592279576605586,0.8798378520871328
0.02709955134988612,0.45221128519228126
0.024627770922022063,0.5789900121698829
0.020355742819148648,0.8016927616213194
0.021395062952522137,0.7497993374637226
0.026205924819918125,0.4977136405221133
0.02328754254414317,0.6500633121402195
0.01939475127984802,0.846175163478766
0.013749339024836327,0.9915548271927099
0.035665297264739104,0.15338301755665235
0.026726473841744536,0.47086194491815864
0.029538808467017175,0.34246654274281524
0.039418011152468124,0.08706648997240378
0.035367929101222106,0.1600357112701686
0.0353387202879924,0.16070146219134732
0.025668876087941606,0.5251952432864166
0.04118408603269813,0.06540847416590655
0.020541730554830218,0.7926530421978387
0.027029425444257904,0.45567906873261443
0.01987775965567229,0.8243193095541799
0.016112908688613925,0.9575167410816978
0.02086859529599061,0.7764851844996997
0.01625923119916084,0.954157476947876
0.023989330808129705,0.6126938396006241
0.03466226940273609,0.17674973802021263
0.017533887521866243,0.9182568249945808
0.020912103935746718,0.774308171653332
0.028627237214456647,0.3810167760997653
0.019515711396482116,0.8408053643847639
0.026245053857469225,0.49566174945224123
0.020047877375711842,0.8163722655670846
0.02482359614796681,0.5687440329372149
0.014140647750933155,0.9882750732249562
0.02023748454384658,0.807374967207591
0.02518222417814603,0.5501219747746884
0.024445212460556753,0.5885848836433206
0.0404516225164081,0.07375828061700654
0.023101614565464446,0.6599805161370569
0.03405050731646142,0.1923353115975268
0.026719381125068414,0.47122132890206
0.02958792867327531,0.3404715594594607
0.019629791771280408,0.8356760581649966
0.032408569246456076,0.23952025880575897
0.018704912787608774,0.8753319342935815
0.020954966899883076,0.7721580937036842
0.02202504289422197,0.7170652203760528
0.024508583081525648,0.5852498659699066
0.022166643828356647,0.7096184289520191
0.04734566375909721,0.021864357231138092
0.027963158579436986,0.4109441863202912
0.02434335051707548,0.5939547504182578
0.02354979511536817,0.6360783624886817
0.014376297292291063,0.9859053262936954
0.028544126092216793,0.38467673886403647
0.020165808885707237,0.8107929030567881
0.028444633693999126,0.38909019617860585
0.027310437406195653,0.44188858353719207
0.027672199379623286,0.4245503795973961
0.03354061544630982,0.20613443188255492
0.031862793636755926,0.25702523589142645
0.01727257880456695,0.926575183898893
0.023161964382106937,0.6567618139235174
0.02923692316654336,0.35491139383971015
0.0420715204540138,0.056385409572979
0.03545816595777129,0.15799292081776664
0.027381404885506888,0.438450489889156
0.0224092187827174,0.6968052696411751
0.030256877406110827,0.3141294017909518
0.01950867054105876,0.8411198938304439
0.01725997868791207,0.9269640353601224
0.02084006370393854,0.7779097635661771
0.03248893198840874,0.23702156565122806
0.02772718256038681,0.4219560696602844
0.030667961191133686,0.29869732890333456
0.019588337679910528,0.8375470843463733
0.03984056763370536,0.08140002898218938
0.047850960751487204,0.019850704078869894
0.021328022696259885,0.7532361777456363
0.03069035095624051,0.2978731453593696
0.028683752126592466,0.3785419610957852
0.028783287144621195,0.374210661693348
0.02157994235715488,0.7402704208274067
0.03819497793389276,0.10536389620269482
0.035584673765757135,0.15516433145582983
0.025485144826995376,0.5345557228853457
0.024100741080859744,0.6067851962840399
0.02618292906543973,0.4989220509974215
0.026263886599291963,0.494676114545108
0.024458594875307438,0.5878802303296657
0.022109856654173587,0.7126080642110673
0.034066585306514185,0.19191230430574713
0.04219890691385053,0.05518236144692139
0.030688184958023723,0.2979528040008822
0.019706673314776435,0.8321847786233125
0.0364214666573468,0.13746579568684267
0.021125759897412333,0.7635400357820109
0.02282893491962823,0.6745126688782972
0.020852791880065946,0.77727454720049
0.025441205455211335,0.5368036092816444
0.02575840297616716,0.5206577283277745
0.033677019713990175,0.20236941923051674
0.023950734894305326,0.6147428913859718
0.02713468042392042,0.4504807236640228
0.017092069209911243,0.9320370433822941
0.02209002363576612,0.7136512108571067
0.018221468075375308,0.8941259091676855
0.029645639695830783,0.33813833553398775
0.026186567479537015,0.4987307300375791
0.033887665531326605,0.19666105486517044
0.03807741753489402,0.1072796901343778
0.023268548434644973,0.6510765018165938
0.02555285810659569,0.5310985511592007
0.022429822088914475,0.6957141534265046
0.028084798551789913,0.4053452557957189
0.02851760534162473,0.38584977001820636
0.025679716019949006,0.524645002079001
0.026564211309465624,0.4791285596702558
0.024009147655763535,0.6116421734803942
0.022395483786010306,0.6975324282495139
0.026804740031384,0.4669081508600893
0.017305561058202357,0.9255519494908717
0.01700840101347656,0.9344888708405467
0.018070013541088614,0.8997116808197595
0.022433750626886267,0.6955060597582831
0.030770926262090215,0.2949209843020187
0.02845098207146135,0.3888075376989204
0.032079889945867746,0.2499496582963304
0.042652071083924104,0.05108002064221869
0.018017631302620685,0.9016087959364516
0.027950113495904927,0.41154776016558525
0.03779247995149171,0.11204314063558983
0.028705168707285705,0.37760706286051
0.02856139731242413,0.3839141576889828
0.019882287179183,0.8241094048899473
0.01996476485632781,0.8202701440163085
0.04157392905522528,0.06130316409664428
0.023842905753469368,0.6204726890129302
0.02446466053153029,0.5875609075090866
0.023266517708794177,0.6511848257943087
0.030875437989213772,0.2911240969666266
0.028696479741709635,0.3779861673704221
0.033689247511574205,0.2020345512134178
0.028342587327139068,0.3936533484233358
0.02248964259841918,0.6925439701024282
0.02097081283140334,0.7713619071983558
0.023570210942540304,0.6349902850823751
0.014314839229893739,0.9865535402660142
0.02695282968671331,0.45948684934462825
0.047154547127812085,0.022672085152578677
0.03171092732185479,0.26206417079953176
0.018698079639562604,0.8756074345138455
0.019095395052654562,0.8591449830627684
0.02567175385139009,0.525049144029432
0.02242798257191536,0.6958115872702453
0.025033820338957014,0.5578041569037319
0.024293840225275753,0.5965686486434015
0.016324855408766936,0.9525997273100613
0.020873868623444758,0.7762216228861942
0.02430536903193692,0.5959597677226343
0.028920069088485795,0.36831544857957893
0.01927640140295983,0.8513582826436754
0.035051680962495946,0.16736262066132512
0.037805934710524625,0.11181434286594637
0.039007598428586254,0.0928838245457038
0.027090713287380108,0.4526473677901564
0.023114196092066414,0.6593095336314609
0.027045612588041168,0.45487704278625785
0.043266781859661596,0.04593784142627657
0.03716015576316667,0.12323990712924188
0.027373857135645996,0.4388152940758765
0.02829847295773269,0.3956374116667721
0.020715160355681578,0.7841169814320583
0.02350699025426317,0.638360071575548
0.023471665362131744,0.6402434152097541
0.04119850569321837,0.06525254659612191
0.03304624915795984,0.2202388953994251
0.019884859654264675,0.823990100387074
0.02727709147587276,0.4435102712189093
0.030962554992807312,0.28798691243879865
0.014814166270009477,0.9806353886758128
0.014548289668578296,0.9839740745515366
0.043437375098406894,0.04459290847050337
0.022298154977959506,0.7026798040015578
0.026498026439327416,0.4825273350246122
0.03704833857795958,0.12531237207581492
0.0289641386565076,0.36643008477154326
0.013563218855060066,0.9928515851006934
0.030352238492293515,0.3104987059279346
0.025284526451685885,0.5448471855198981
0.018976043150074395,0.8641832246495501
0.05406866761826845,0.005559359303465926
0.03374070282041991,0.20063015108831722
0.016724755599043406,0.9424210314560482
0.019811030576906585,0.827402599738928
0.03275006707826145,0.2290398381407626
0.029574448008101606,0.3410182354403782
0.034819030525028105,0.1729217922528027
0.023368784065330384,0.6457299157706307
0.03397333446998618,0.19437592015672506
0.024808829562083745,0.5695148616686834
0.03384389160569279,0.19783678701206558
0.02421963228202695,0.6004909007199192
0.04599118051068385,0.028185223275439028
0.03159255432006386,0.26604316574662057
0.04446599993908207,0.03718604155882861
0.02957195804633117,0.34111927869611025
0.024786761405169666,0.5706673989655757
0.020563906393806092,0.7915671461281694
0.019450089004517335,0.8437274865915219
0.01645398826206612,0.9494417743636088
0.05714674973784323,0.002795394587105348
0.027304144772527628,0.4421943045884087
0.027896039173403553,0.414056147176104
0.03859275974880305,0.0990909881402789
0.035810193232098664,0.15022306519764111
0.032236320963841325,0.2449436715709324
0.030659192928189416,0.2990205525369385
0.01589358541393665,0.9622583424242604
0.026253377109835996,0.49522598646982363
0.030004008981827757,0.32390666120562744
0.03284029959690521,0.2263304154295158
0.024425838968794245,0.5896053462817488
0.023711551220604532,0.6274615077457855
0.03750623311996565,0.11700312921055421
0.0361250243438459,0.1435380688522276
0.01790631115235264,0.9055801817133889
0.028089031055001823,0.40515138647901777
0.04005227112670101,0.07868012773930558
0.018259764617087754,0.8926901119699965
0.03925062475396035,0.08940103075159958
0.019837804921667646,0.8261678120634208
0.018721738950013944,0.874652366157517
0.02486512519901135,0.5665778135846511
0.022536469562102313,0.6900602307405678
0.024728977821281917,0.5736883450212971
0.026383741217031353,0.48843289033001747
0.038888302239957206,0.0946345780258138
0.019202322798290317,0.8545659278903343
0.021084952192705342,0.7656063286125303
0.021213941306607476,0.7590602717710803
0.02032362939311466,0.8032409681863173
0.01880695411319544,0.8711854147352064
0.0263293966761583,0.4912573724988767
0.014325208761063912,0.9864456879757589
0.038794261447362755,0.09603406004010671
0.018832441791379884,0.8701403134420357
0.052776597297612804,0.0073356000454545415
0.02646612432179929,0.48417116522751175
0.019812797642653784,0.8273212033874511
0.024673702076758453,0.5765823082083219
0.018805609641250665,0.8712404401901898
0.02567179947237791,0.525046828057697
0.03682154245573521,0.1296036127654855
0.02503828941360864,0.5575723065210114
0.029055691105212722,0.3625351131033572
0.02434299630933373,0.5939734421125957
0.02062112088563972,0.7887578390824033
0.02476339778421044,0.5718883170656199
0.01886641375748871,0.8687415496707498
0.01848755665027091,0.8839590667389426
0.02960563530833843,0.3397544651106865
0.023134891504563576,0.6582057802481425
0.026401356400102438,0.48751961831368
0.02143837504345869,0.7475735432201709
0.014743076946126865,0.9815712110056913
0.025802217972806296,0.5184428495342273
0.025883388619282965,0.5143499057153751
0.03291308223922812,0.22416300726863903
0.027214946918829752,0.44654309450608265
0.021675953281876548,0.7352944379726725
0.02963826493600366,0.33843585102348495
0.021006898758254122,0.7695461178649101
0.019154400015690576,0.8566256865730545
0.0240214652280184,0.6109886321793037
0.02572979869564823,0.5221057660995875
0.023610642586302022,0.6328358460842416
0.028584979076257344,0.3828746474930628
0.03077762266111797,0.2946766141150049
0.021970124474273156,0.719945897561551
0.029161135955164508,0.3580854923027961
0.03300269259177313,0.22151651609184758
0.025799439726839013,0.5185831770709601
0.017164084633928073,0.9298861185587705
0.02825775027061994,0.3974750588481552
0.025706713405153514,0.5232755978405061
0.029367194495912963,0.3495022319559089
0.020215647996219555,0.8084183833624765
0.02909245579355857,0.3609792773590296
0.03170406452267249,0.26229362539729467
0.038696698981785294,0.0975041753782547
0.034256324072592326,0.18697542664442696
0.048074691022857774,0.01901318458452145
0.02164506063979843,0.73689745644851
0.02750987349745926,0.43227242363960233
0.030854252451342767,0.2918908237358238
0.041192946600548064,0.06531262243477501
0.02807788774762443,0.4056619412611151
0.0252278744520332,0.5477660430839779
0.02285668840295385,0.6730347773132123
0.020113038834907115,0.813296381960575
0.021902141843534062,0.7235055853841472
0.02860586347712213,0.38195568038372635
0.011026786403317668,0.9997180858245825
0.03431584857287623,0.18544745409680582
0.019654418964065168,0.8345606938719647
0.03059761914327469,0.3012976018715096
0.027144199410422593,0.4500125490543429
0.026740531337186124,0.47015018946778103
0.024321731274029035,0.5950958391698793
0.023153606055220877,0.6572076247428549
0.0244148547418217,0.5901841009740079
0.025721635787317954,0.5225192957705656
0.01624756828842347,0.9544310060314156
0.032823016526732196,0.2268474556529753
0.01833489541364014,0.8898462927879218
0.027171986213822608,0.44864775447810007
0.024601701753168392,0.5803577254538757
0.017548415846482646,0.9177802281709805
0.03215033737016049,0.24768571849939844
0.04120496345421232,0.06518281829476213
0.020785300780238408,0.7806371959857503
0.035121835720942685,0.16571456266031345
0.017860994151044918,0.9071731831129739
0.02174700980764227,0.7316006033574342
0.030186369277077463,0.31683372091377593
0.04162517789878917,0.06078024718240391
0.03665379609504138,0.13285421245813608
0.03653799065957053,0.13513685635059183
0.018264083792424224,0.8925275928879947
0.023198824008451302,0.6547957446493988
0.019645960946903185,0.8349440761343406
0.03316318302777377,0.2168371179092971
0.024724828218544492,0.5739054591111179
0.03769156854064726,0.11377149515347497
0.033720526757473834,0.2011799152971312
0.025177046944231507,0.5503893801466507
0.020199563806156187,0.8091857537915143
0.019525513867984068,0.840367068479017
0.02242531605841358,0.6959528191245803
0.02486759457099008,0.5664490840269302
0.02396825483178855,0.6138126325428943
0.015189898775713306,0.9751448196056224
0.039267716648495765,0.08916026706343254
0.012566777818366015,0.9974463566784965
0.0379743596199259,0.10898281560269543
0.02100892906336002,0.7694438481476001
0.02015664044882437,0.8112286595678055
0.02167350426680023,0.7354215829757154
0.048610101185711074,0.017135601410387526
0.03373451715465531,0.2007985751255398
0.02728379722710668,0.4431838365344243
0.020315896186608506,0.8036132185935629
0.017839293414974366,0.9079311228401512
0.029080082846937638,0.3615023565749561
0.03142837166493184,0.27163697952751786
0.02804218075847692,0.40730090836381705
0.039923404500530446,0.08032646311021743
0.03611089780681198,0.14383277409192685
0.04328917744977445,0.045759295046641946
0.03240019656351767,0.2397817416728151
0.01747294370328123,0.920239970660793
0.03549989099559869,0.15705544980670444
0.021619677196733078,0.7382132392786089
0.02702213942544182,0.45604037504253325
0.047962986219263315,0.019427319126939076
0.01869132024634891,0.8758796910571872
0.027458031117637782,0.43475843855138085
0.03219385540823971,0.2462950093678339
0.02605610465744912,0.5056865388146966
0.056339985017992866,0.003359690279796775
0.019259674136736904,0.8520850753450113
0.04619195070676829,0.027156643831336036
0.020552016083704605,0.7921495933173461
0.026661601526967282,0.4741556690729173
0.020647784514225123,0.7874449060405998
0.02157780620585753,0.7403809266640028
0.04662998491897863,0.025026891236346126
0.04251050142329005,0.052332360719735384
0.03207053910618474,0.2502513400308428
0.02424366035388137,0.5992203335564308
0.02395348249343998,0.6145969878632689
0.014036287522283697,0.9892270516105012
0.017472799313029475,0.9202446382579877
0.018580418206965155,0.8803079673087142
0.03663864951405538,0.1331509679748092
0.014477501394634162,0.9847901252245844
0.02423786539220213,0.5995267133520257
0.026738528568299835,0.47025155010417125
0.014517588948882998,0.9843316748499716
0.031540360769797826,0.2678119658839502
0.024965594726319207,0.56134740743006
0.037961354002822634,0.10919932752596888
0.03428996539396034,0.1861106502084921
0.01936914952792035,0.8473024022784768
0.03442743662492059,0.18260961083428226
0.02499711962457185,0.5597093059295528
0.021594765679923356,0.7395033410755691
0.018189691802077135,0.8953101289854364
0.026373986163239493,0.4889391227847956
0.02559188300999915,0.5291099922112104
0.044425291783563525,0.03745733695963586
0.016504964551377455,0.9481612940616869
0.02121455690632021,0.7590289291882635
0.015785939079341893,0.964457627338725
0.02028143658394921,0.8052692637069788
0.03585901200874997,0.1491703083527032
0.04258566970428079,0.05166415493266448
0.04217156269761435,0.055438723938949455
0.020384339115549988,0.800310923624632
0.02195887910054417,0.720535211400679
0.024132381724458862,0.60510891204984
0.02005566352321786,0.8160056381752688
0.01705067404980276,0.9332564407653138
0.024474567847931894,0.5870394310700326
0.03397730596168402,0.19427049240653863
0.024272903591494366,0.5976747235489683
0.02914009990295896,0.3589700770160539
0.023838028251784382,0.6207320355566661
0.03199413537594664,0.2527266836879614
0.03633819110065889,0.13915011985821232
0.027994323100142826,0.40950470852034887
0.04404155501939361,0.04010090316413107
0.02526895423640252,0.5456489644693152
0.03463189183554988,0.1774992498581915
0.0313681925625261,0.27370924899312177
0.031898422005976146,0.25585376277897204
0.01884108903968118,0.8697848952857883
0.021957199142407458,0.720623233301463
0.02393205769872231,0.6157348254232058
0.0178405163969568,0.9078884923514714
0.03422945088485441,0.18766849776280806
0.024815097306307266,0.5691876430309359
0.03939037819821811,0.0874483194138904
0.041110468579406034,0.06620950549118726
0.018676280446352167,0.8764845025570036
0.025346253834198862,0.5416730818682827
0.05617652816686841,0.003486104555761857
0.03424413557984446,0.18728952251867337
0.020142332242827687,0.8119080335112381
0.035639142497038256,0.1539590738580533
0.027329265294518318,0.4409746944894798
0.016278662654063747,0.9536995292700471
0.02658521952853732,0.4780529906600053
0.027609501583817475,0.4275218498568671
0.022121059591725833,0.712018599819275
0.031362539116650434,0.273904531959689
0.04813811363961085,0.018781574340967444
0.037458669633635866,0.1178445617422544
0.02964024340438931,0.33835601641402574
0.01809239016049169,0.8988957875454479
0.021135916368965113,0.7630250855681466
0.02424605208895414,0.5990938915666639
0.023466467548655667,0.6405205602705415
0.014713234736387526,0.9819545672309943
0.02065806522562874,0.786938055300334
0.025390468425111834,0.5394035977922954
0.02597480169536792,0.5097568101288786
0.03050382696392928,0.3047905890420692
0.032243851220609576,0.24470463458353678
0.03375778743354663,0.20016554342402465
0.035899278380915556,0.14830646945449624
0.019995764393572257,0.8188196719362175
0.03507692439319687,0.16676810770186493
0.016883213194403113,0.9380622978439602
0.034662534249964794,0.17674321445479685
0.023361931566746152,0.6460954042579845
0.01842982710911245,0.8862023217733889
0.035032694024861866,0.16781089961966156
0.027198512092879365,0.44734746413575205
0.043516534774661164,0.04398052740371988
0.03789749941596643,0.11026752353064806
0.018679006450375235,0.8763749778156088
0.021226850412394027,0.7584028219216732
0.015662426740632673,0.9668782287485083
0.03365892094885836,0.20286586442387364
0.03310477563351144,0.21853115132488005
0.01812666832208809,0.8976396083108711
0.04244542846521698,0.05291683173589874
0.0247646477820892,0.5718229769483003
0.02420240773343213,0.6014020326484595
0.0267031993746987,0.4720419204170543
0.029834292957340747,0.33059141766427175
0.022029585472645552,0.7168267500994475
0.03272605003299728,0.22976518794869313
0.012214332157419072,0.9983369857829449
0.016562377494790503,0.9466961868514048
0.015007788375811959,0.977922077829337
0.021278719601604656,0.7557570475874297
0.017904112063046207,0.9056578031323961
0.014133444059630407,0.9883426644617952
0.026830914653074966,0.46559075496631575
0.014712369488796173,0.9819655991636862
0.04276883969724721,0.05006663132277885
0.015095459905469566,0.9766127203734505
0.02103305466174432,0.768227732896766
0.0361287835423072,0.14345972759241232
0.024625998020306406,0.5790830004527308
0.023958615950367967,0.6143244037951239
0.021487692855839957,0.7450341318688847
0.02600548501822375,0.5082190528667562
0.02371069369399037,0.6275071611102472
0.023298330585354188,0.6494878576525714
0.01582983453560724,0.963570932641525
0.01686046960326759,0.9386992208238158
0.03240089973927357,0.23975977277289953
0.017675077971925912,0.9135629588312518
0.03169628690173759,0.2625538496558882
0.018070627165748587,0.8996893505919883
0.023834164381440287,0.6209374949507264
0.03690867915785684,0.12794089163524452
0.02218250669716887,0.7087825797243119
0.031154416143703845,0.28116633509509004
0.024616542033667865,0.5795790305777546
0.03952565851473677,0.08559236280865493
0.01844207366102507,0.8857281595244596
0.02140673479016042,0.7491999351825942
0.021283100645534847,0.7555332783531085
0.01956852695418687,0.8384383680638966
0.025020703700801644,0.5584848103284688
0.029574853438642523,0.3410017850025167
0.03416315304781231,0.18938701175791156
0.036974196511166624,0.12670223133319078
0.014529347653718494,0.9841953789267223
0.018791896600540148,0.871801082219336
0.035178129200156893,0.16440152993666
0.019298678616839426,0.8503881075320011
0.02741479075527553,0.4368392952286321
0.0221414268309974,0.7109465202967837
0.022640860785390737,0.684517101027909
0.031479160868166184,0.2698972189318892
0.027270895198454936,0.44381204752925046
0.025572040322706324,0.5301207397233139
0.04512282557939162,0.03304027912070795
0.01502750614049142,0.9776320374440022
0.025907475394112117,0.513137961601285
0.014061036018778283,0.9890065461988684
0.024113584999059412,0.60610464135485
0.029134291517169397,0.35921459743962203
0.02973949483886923,0.3343684005821109
0.02990635504255157,0.32774097156470694
0.028183444402042568,0.40084334311688974
0.039397776913288884,0.08734594705020751
0.02560266404256223,0.5285611410500362
0.017061653504189755,0.9329342235663978
0.019643607110040096,0.8350507107879939
0.04724952082841671,0.02226743715578766
0.023510737600926368,0.6381602999176712
0.03574236333372549,0.15169572927948538
0.040465542317279835,0.07359154445249867
0.030684737849067,0.2980796102731943
0.020906181798080598,0.774604819231472
0.044449296633567115,0.03729715050960555
0.025973649111770802,0.5098146131033123
0.025811890858296493,0.517954399705335
0.020159446678563286,0.8110953206466565
0.020345885775838846,0.8021683809126423
0.03628385930568101,0.14025803842984205
0.04040455505176088,0.07432444670636591
0.023480753945094746,0.6397588303563919
0.028104341863059767,0.4044506085289999
0.02472001855476047,0.5741571370672919
0.022505031986010837,0.6917279056763612
0.019361052839459436,0.8476582116181193
0.02438246483424411,0.5918914632269932
0.03366568062853048,0.20268033666380939
0.02458299183771062,0.5813398502204078
0.012621814556179056,0.9972786444251476
0.03724183417580834,0.12174388687757583
0.022333877537634134,0.7007916989126529
0.023861205876638647,0.6194997578677093
0.027658722720203532,0.4251879032160165
0.03139739227242033,0.2727022829162705
0.04060634115505524,0.07192291103701846
0.029479402793132325,0.3448904356582288
0.028866787909985203,0.370604009788189
0.0313934039601107,0.2728396579699975
0.025675371446707854,0.5248655076229546
0.031015385567993214,0.28609667743649925
0.026164258653768258,0.5002941712267407
0.035384039008421186,0.1596694685638552
0.01762441447952867,0.9152631628992298
0.030909807737699635,0.2898833933395767
0.03142595372473855,0.271720014040209
0.02008827080957487,0.8144675633689167
0.02524798228465064,0.5467294147790702
0.04097336652161687,0.06772363046124776
0.01850598402346082,0.8832387128064043
0.02417949254268259,0.6026145958050516
0.02875640043867589,0.3753772041098806
0.02148091875878566,0.7453832442133833
0.039073721649592275,0.09192515292022675
0.031080814978692417,0.2837684588508492
0.029548002614055324,0.3420924930220443
0.01808602657814032,0.8991281486145435
0.028456826488696685,0.38854744392392704
0.03326459861671194,0.21391987943764543
0.017979087924565207,0.9029931605324096
0.028465511730080106,0.3881611484263854
0.026834141385752963,0.46542851935512153
0.018384893333277197,0.8879341128388598
0.023180438455538466,0.6557764322125176
0.022462487273180176,0.6939834589738135
0.030760103515476978,0.2953162527722691
0.03240052759664702,0.23977139921097815
0.019114699680828906,0.8583227989407345
0.04691981920961141,0.023700322710614452
0.022507614548942456,0.6915909386652063
0.020076840402589488,0.8150072247820705
0.030940577910219758,0.28877595750532165
0.03182801304402938,0.2581727415972999
0.049322324620798996,0.014895587040805562
0.03377032351511189,0.19982516676082818
0.020465428280053516,0.7963764405590528
0.02691216837042726,0.4615167404396101
0.041683201565690164,0.060192820456920385
0.020848069517634515,0.777510279469272
0.03629904875488821,0.1399475808098779
0.018863994864629863,0.8688413624942142
0.029121569901624983,0.3597505621103503
0.03219523771165125,0.24625093258025466
0.0617020290932192,0.0009424076035718066
0.015401992478980997,0.9716268090663237
0.030192395409718853,0.3166019295739586
0.030162010534984074,0.31777192414111255
0.022654112815087668,0.6838128677274852
0.01867197606681531,0.8766573535647603
0.038773937911555534,0.09633876831275441
0.024659462318379677,0.5773284691073827
0.019386734715961362,0.8465284843640039
0.02231827754280058,0.7016163986307331
0.02153028337140217,0.7428369602698993
0.029696029296310045,0.3361105264857734
0.024722036001293746,0.5740515653137162
0.02613335263787306,0.5018324781271734
0.02687164503524697,0.46354561281686646
0.043021321536673374,0.04793468706468588
0.028824599263368,0.3724231992628748
0.017948704592290587,0.904077498479026
0.04146461287869441,0.06243145569058205
0.022107183939373137,0.7127486699637025
0.032136254374819095,0.24813704642914747
0.027707345667108307,0.4228908047511198
0.01712006881135486,0.9312052136483102
0.0168939391949795,0.9377606088735997
0.017937564190163457,0.9044735446441846
0.03680166514916611,0.12998536957733792
0.03956919618609833,0.08500214764582024
0.018665319095739707,0.8769244620174695
0.03817610222939799,0.10566957213174236
0.03127475564794163,0.27695016546452433
0.02428434750736129,0.5970700930948061
0.024826579198137078,0.5685883518484913
0.02755871486896133,0.429939091544892
0.019157010147563436,0.856513814112758
0.03266535529422848,0.23160612745415365
0.02495910455869621,0.5616848354511238
0.038110242675225336,0.1067418797883222
0.0171840846880158,0.9292821298847757
0.029128363416033753,0.3594642792997773
0.019448230677943434,0.8438099294894481
0.022071239160441597,0.7146387215433432
0.0206350260576752,0.7880734317310025
0.015718666799154013,0.9657896031730734
0.0158529362162243,0.9630986838954905
0.01551880149693291,0.9695561414916567
0.04246925647933153,0.052702163891248835
0.0334539829478237,0.20855387025379382
0.030358052811862102,0.3102783333374459
0.046589372639032844,0.0252179328487461
0.03227199547519144,0.243812809579351
0.04351116042619746,0.044021871076559166
0.01921060718076767,0.854208631530633
0.020829527973076134,0.7784351953183049
0.01982415609519797,0.8267976687414522
0.03478260053463994,0.1738054401814392
0.020324161061333834,0.803215367288783
0.025091304174001516,0.5548243328854505
0.022767784264821622,0.6777676871917734
0.024550072675078027,0.5830688734707004
0.024222856289330325,0.6003203893877076
0.019640730612691004,0.8351809881550171
0.017749892606452822,0.9110199799436595
0.017612228904444138,0.9156694479679744
0.027591269899441606,0.42838854536126064
0.04010811182695462,0.07797564279978333
0.023339803835041972,0.6472756535099727
0.03587452120499579,0.14883710815684725
0.02094044716866783,0.7728870180818057
0.024732297439875428,0.5735146734446209
0.017906549127590543,0.9055717799415764
0.023032210342619597,0.6636813702208653
0.0264021367833657,0.48747918429292125
0.02339143467067717,0.6445218512160039
0.0241245887256209,0.6055216993483383
0.029063995296836342,0.36218327619422397
0.024875179300802186,0.5660537426937011
0.03327673198227876,0.2135729107704886
0.03132446126538069,0.27522254499258914
0.019636621987471736,0.8353670019127881
0.016369569043314047,0.9515201667621831
0.026312473122404645,0.4921390935002516
0.02130681572314147,0.7543211959785823
0.024415248069938278,0.5901633744230357
0.017898296355614685,0.9058629244457894
0.030210597630261238,0.31590254306112253
0.023968687443861658,0.613789664735487
0.03916377175558294,0.0906329223671442
0.016050513787937204,0.9589014244254652
0.026675123821176983,0.4734678721268142
0.022238697580929112,0.7058193101074677
0.015533019219568928,0.9692975647478089
0.03333624020635434,0.21187752161567255
0.021339346383178026,0.7526563902497788
0.05769764908086128,0.002461846742376263
0.021353364056120205,0.7519382556712735
0.01744295467510168,0.9212062553145806
0.03989273551633299,0.08072253128659415
0.01897273451645687,0.8643217785141909
0.01621071173009192,0.9552888209038829
0.025895266827700714,0.5137520944813206
0.02236873284725746,0.6989481506618205
0.024665082543983252,0.5770339394221091
0.022010894107011875,0.7178077960498417
0.023541596619092497,0.6365153429340376
0.019963548267176723,0.8203269858568748
0.02497564254464757,0.56082513899184
0.020882278585602293,0.7758011219126095
0.029616316441130414,0.339322418494963
0.027359178558486602,0.43952533374098174
0.022275615125981307,0.7038704323129157
0.014784395698422242,0.9810311822059046
0.042569851685722915,0.05180415365368423
0.01863871238590034,0.8779894248488174
0.026843243237472336,0.46497109110398205
0.026289521760484713,0.4933364900040254
0.026328702838684714,0.4912935015874714
0.02998931653459669,0.32448146138951595
0.028503148012250623,0.3864902751400905
0.03357346670502259,0.20522271911405351
0.016832951906409654,0.9394647791277616
0.013537458229316734,0.9930186356893824
0.01706841548953353,0.9327353427899161
0.039110910056927684,0.09138963606967956
0.0274917097282934,0.4331423453084681
0.020381764676473568,0.8004354487192793
0.0235955580903906,0.6336395734030436
0.019602192663381368,0.8369226428174962
0.027170292049258582,0.4487308872458958
0.0230959659861128,0.6602817508711246
0.016198804915781795,0.9555638101765492
0.015481850458672564,0.9702215114934409
0.02297521298745342,0.6667198036524175
0.02280367103254871,0.6758576777382189
0.02827755695576184,0.39658052988192566
0.03642685342718743,0.13735741665760665
0.028585130438055995,0.3828679816438144
0.029824348630706293,0.33098617106808637
0.03465951243318677,0.1768176574672882
0.03043833387847139,0.3072472335003592
0.014085776327905086,0.9887828682672716
0.03256379931361153,0.23471173701055403
0.03900424792725721,0.09293262289929434
0.03242718748077911,0.2389395836525644
0.026985149397526387,0.4578775960805643
0.03807077542043091,0.10738878798142457
0.027093326674737406,0.45251839049641834
0.014841630637458858,0.9802652498310828
0.03733404736497481,0.1200728681139523
0.036443345246267245,0.13702604169115534
0.024705448438170186,0.5749197407986345
0.014900202927981998,0.9794597041358684
0.03238225954652063,0.2403426573634845
0.023456854638513644,0.6410331313710737
0.030902629176157936,0.29014220593748163
0.025655512228976773,0.5258739150968252
0.025213165975987384,0.5485247444890873
0.03174167851131571,0.2610378763990801
0.016371194541090484,0.9514806433368496
0.034055853309275186,0.1921945787806689
0.023115086031969823,0.6592620715191408
0.03116075465136614,0.2809430751281854
0.023377854713610646,0.6452461272138247
0.021212926980468283,0.7591119130150598
0.029501134437534854,0.34400231301388307
0.022882276102519583,0.6716719192764045
0.020796069992913724,0.780101564152447
0.025866323461958274,0.5152092778176613
0.03064825975896457,0.29942394178159826
0.03507042863637222,0.16692092915319826
0.03732005850331732,0.12032514399912346
0.02325336589107363,0.6518863770755331
0.029140123323121214,0.358969091316951
0.024015033339854552,0.6113298791033488
0.025928446804244998,0.5120837514583304
0.03537400364421486,0.1598975335467884
0.025084833034223153,0.5551595227115282
0.021612900346439534,0.7385643148442196
0.03909049129205655,0.09168334389151661
0.033414382425395295,0.2096671563373328
0.023190085707197605,0.6552618496630991
0.02881453265742001,0.372858200220251
0.020747889576805956,0.78249514412948
0.01664088878367187,0.944653349638017
0.019204049342982643,0.8544914936223997
0.025282910859986074,0.544930349531518
0.02816612417504749,0.40163128620922356
0.02358166777829457,0.634379741290481
0.03186702076097647,0.2568860348941962
0.036441080693765504,0.13707150546238994
0.03468716194076982,0.1761374339768424
0.03632375996515724,0.1394436999106565
0.028144553945858575,0.40261406305773706
0.025530675324939953,0.5322301771551684
0.026005601624336017,0.5082132127310621
0.02731066184848266,0.4418776818535927
0.02933886747983505,0.350673403388709
0.04140209266612732,0.06308470124802637
0.029122823927674735,0.3596977045416974
0.01579720396135345,0.9642314013403195
0.029901057969844547,0.32794989219905185
0.03802566031901511,0.1081322470852234
0.0452596932857085,0.03222936857936617
0.025429254113714217,0.5374156322604537
0.02767322079763257,0.4245020870473557
0.02899642861772664,0.3650529978493702
0.021009155869922858,0.7694324228292604
0.033514159279836364,0.20687095675993203
0.03163637557287757,0.2645648925199101
0.03816569920561058,0.10583835453388137
0.02583989667377551,0.5165412666662303
0.043276400861393505,0.04586108109748643
0.02072278299023511,0.7837395576460537
0.023347692852019875,0.6468548636647284
0.021812455343055648,0.7281904989089886
0.025749887139599914,0.5210886562829615
0.02911834712504946,0.3598864283353885
0.02146720405597513,0.7460897506937312
0.02113445090566557,0.7630994035792826
0.019163807812720535,0.8562222906349454
0.020063987324593247,0.8156134194692051
0.029799398200449634,0.33197810952730783
0.040192251853079286,0.07692421354355354
0.024832955243461408,0.5682556368234217
0.012536276856735779,0.997535740147667
0.03251892050618177,0.2360942708219137
0.02055282863968455,0.7921098055295701
0.028314197668513674,0.3949293944080754
0.022975823674544094,0.6666872537802024
0.023067258342916452,0.6618126208485824
0.021305648333210803,0.754380892744493
0.04808199481804165,0.018986382930606536
0.021125913419601128,0.7635322539473943
0.0271372827265407,0.4503527018557008
0.029286325489496612,0.3528531345191853
0.014205068986328673,0.9876580262853599
0.02741185611399033,0.4369807608652718
0.0210603830460121,0.7668482506728069
0.018030492649263485,0.9011446709872766
0.028208588682716917,0.3997013589663275
0.04179578099044379,0.05906694686542015
0.017090208083503866,0.932092133924391
0.016107289152085924,0.9576426197669813
0.020554837178796914,0.7920114453416238
0.025396456970306847,0.5390964786480359
0.019714237812158864,0.831839793081403
0.022808990435315646,0.6755745067645789
0.030715816713303257,0.29693777170700586
0.029525665033150794,0.34300177187696096
0.029528488010988285,0.3428867636023117
0.029510129417992692,0.3436351881372123
0.03303697816217982,0.2205103580077323
0.03922025827856668,0.08983013119369215
0.020212552544894402,0.8085661442031515
0.028871723116206227,0.3703916108943368
0.021856502030944358,0.7258912964783049
0.016193238506125626,0.9556920095912484
0.023743115440011175,0.6257813151682063
0.02612631652947167,0.50218298501654
0.03292042017741936,0.22394538086682253
0.020930952123161567,0.7733633653901573
0.029189405563973647,0.3568991663190857
0.019761237223792527,0.8296905070721088
0.025147248932030408,0.5519293058178041
0.032913586938685846,0.2241480338189046
0.030738296319880898,0.2961138834104733
0.02221717501701015,0.7069547627425177
0.02126046590600561,0.7566888889166247
0.03243621692595433,0.23865835645850578
0.032125929328146785,0.24846833769861523
0.016636049933610397,0.9447805678955332
0.016516033861163765,0.9478807101739137
0.027092054818916578,0.45258115676102534
0.025255628309573952,0.5463354143504194
0.02581963775243823,0.5175633430310389
0.02842026951391108,0.39017632422268944
0.036828900904650075,0.12946252144491716
0.02364169284515473,0.6311816944969058
0.025084322324224306,0.5551859791018574
0.021491923054233197,0.7448160734628637
0.028749796864957988,0.37566410506580317
0.029146082923061978,0.3587183282345614
0.022214165739907754,0.7071134779071546
0.021507245375723016,0.7440259220472123
0.035805014314699235,0.1503350971969111
0.02417746738155868,0.6027217800237163
0.021187071894428366,0.7604273753510251
0.01633896990417727,0.9522605401923249
0.037929661898177036,0.10972841551910593
0.014794391645104432,0.9808989157779173
0.025506141497880712,0.5334828066281674
0.020289050634569428,0.8049037354092876
0.022090082439599035,0.7136481187583634
0.01866725760017951,0.8768467072991912
0.01624153733856426,0.9545720566619029
0.019356139187792443,0.8478739810218279
0.023427636093238113,0.6425912086858991
0.02683477760654651,0.46539653544580734
0.022913075892927515,0.670031104265778
0.0168830296030823,0.9380674543743422
0.02385431857080811,0.6198659003911464
0.02670281656308271,0.4720613444495359
0.032487461074978574,0.23706712035908364
0.022782761918169733,0.6769706086327072
0.030782593620016674,0.29449530678614144
0.018103466553175185,0.8984907117960131
0.011732595092790565,0.999134236132691
0.0394849947084529,0.08614672837093326
0.03051033401202785,0.30454729944695647
0.01868302358657631,0.8762134983685314
0.025008431238136564,0.5591218962156648
0.019981457387254098,0.8194896002674776
0.028445112312186938,0.3890688809596824
0.027896426446521738,0.4140381454279697
0.02301651997483467,0.6645178835821033
0.021874882613406088,0.7249308991012102
0.03278503288230006,0.22798696998866572
0.0339612638625279,0.1946966239472622
0.039988437898909046,0.07949202919580234
0.026841547990896775,0.4650562660625438
0.033454653697391756,0.2085350532478136
0.046982320751912665,0.02342256680176637
0.022262693870031547,0.7045527211856388
0.03311571909808492,0.2182129723551379
0.03300655830120547,0.2214028943236165
0.03153642555821823,0.2679456845248444
0.02410376235006459,0.6066250975796739
0.027633032429914106,0.42640499623376255
0.03262596068762935,0.2328070583616548
0.02734443374239648,0.4402393519551105
0.03300500961580166,0.22144840821255796
0.04045072405181116,0.07376905373656736
0.035609423546136054,0.15461574296420377
0.017405853878001754,0.9223929161265535
0.017879864305068605,0.9065115281208148
0.014829235605144764,0.9804328948838107
0.025883412429847485,0.5143487070758432
0.016558107779015896,0.9468059811332861
0.0326733041048658,0.23136438850813706
0.030979419450910428,0.2873825117571638
0.030757620790113904,0.2954069820341713
0.017464954853936343,0.9204979999921363
0.021369614327396924,0.7511051784335068
0.025782073026834662,0.5194607115434895
0.027116789053818646,0.45136155466283584
0.02042620193596001,0.7982826605987017
0.02995586716157561,0.3257928300674137
0.02112581378341133,0.7635373043797242
0.026607465648795237,0.47691575764499344
0.043131966219721374,0.04702546225121722
0.031734788235108,0.26126756947934365
0.021679975780907967,0.7350855783905554
0.013786025693918458,0.9912800165280904
0.014173818343679506,0.9879601944447192
0.0278906340285463,0.41430745210899017
0.039493195562231964,0.0860346845616571
0.03321661870637255,0.21529621162594056
0.04051528414441202,0.07299833053903582
0.042415644983905376,0.05318621240870508
0.022015947705015138,0.7175425992441864
0.032205750623737206,0.24591590928009147
0.01899688375873737,0.8633091011524101
0.02260081865950725,0.6866442667091905
0.022626294137968794,0.6852910576320226
0.03780645246943959,0.11180554611248966
0.024501385382240892,0.5856284320338857
0.038756206816953465,0.09660526741549261
0.04127971913219319,0.0643802566207818
0.030498510849274796,0.30498945713718034
0.03956734786066668,0.08502713453616693
0.03163124580215493,0.2647376208676966
0.020024388952588956,0.8174767563899213
0.04413425013020278,0.03944784882804871
0.017818510306038426,0.9086540309369133
0.041122739368859906,0.06607540867104073
0.020304813693646784,0.8041463028408733
0.04659716795948554,0.02518116355017818
0.029116027065268835,0.3599842602086758
0.02635857538152353,0.48973954495953054
0.020563876645217055,0.7915686039621377
0.023148692655549308,0.6574696888273288
0.032352691156609215,0.24126948955185062
0.03043781510336413,0.3072667505119667
0.022887627423416546,0.6713868618844304
0.0397592865335466,0.08246517316289852
0.021387595459535377,0.7501826672441464
0.04249731790880662,0.05245032029885688
0.03322491132879046,0.21505784317453386
0.024085137235000942,0.6076121695771304
0.019626148093495,0.8358408393279178
0.043847434437729094,0.04149912535389686
0.030180548646284666,0.3170577251030094
0.020634740305169375,0.788087502771804
0.028359477219423612,0.39289554441163893
0.01670171284390587,0.943039525054225
0.04606753222531457,0.027790077570135564
0.035024910860190606,0.16799493574774385
0.022086702631002098,0.7138258326646189
0.04701603266180665,0.023273954019727823
0.04084316056714332,0.06918881533335537
0.03270225241110403,0.23048565139885288
0.02660996839276647,0.47678792640779466
0.04770590960927651,0.02041111579956996
0.024667978940763446,0.5768821685194396
0.022286020956551467,0.7033208318574882
0.020568915316779623,0.7913216404147544
0.03140713525064376,0.2723669096511967
0.03535746170960885,0.1602740378204797
0.02120013907989804,0.7597627488498623
0.035888673850479835,0.1485335767638356
0.026717432939175723,0.4713200737853264
0.02106959254829216,0.7663829181406123
0.02738054816486113,0.4384918873992444
0.03598642925606654,0.14645064662128657
0.03223425088672016,0.2450094142997146
0.021393082438535493,0.7499010156544766
0.0261608761664206,0.5004624274606915
0.026444552846802694,0.4852847372383129
0.034726728445881955,0.17516764885071068
0.038695223896991204,0.09752654591783397
0.02127655896897268,0.7558673886032152
0.019604748601868782,0.8368073479927
0.01982377919490219,0.8268150500140461
0.034820971371379406,0.17287481543971733
0.017742468366236552,0.9112740462428519
0.02441170188756092,0.5903502476392549
0.04365322764096691,0.04294026139346013
0.010016850398388955,0.9999638193533077
0.018765569488285505,0.8728743941805297
0.018997307038303712,0.8632913225605026
0.022319485133860395,0.7015525680207219
0.017219886862995762,0.9281937436351596
0.033648741109334246,0.20314551304769402
0.021336726555593433,0.7527905553287513
0.02863821309412795,0.38053525509595104
0.020869797143238222,0.7764251232532696
0.02709098862060355,0.45263377824824125
0.03777235931504924,0.11238601318795068
0.026181891630157272,0.49897661169455965
0.027940182926596724,0.41200763678407804
0.024903032196097685,0.5646026646359715
0.04026322597339066,0.07604666140885474
0.020093340297869577,0.8142280490739648
0.04357054718330422,0.04356689167497716
0.027599523059514575,0.4279960607873579
0.04070995414682199,0.07071559963797427
0.022712333876953372,0.6807175674238006
0.03268334266521977,0.23105937312590838
0.027456146237818224,0.43484900553854094
0.024237478424816383,0.5995471734398015
0.017647296607668977,0.9144974620155736
0.02304584057100456,0.662954642734261
0.033120922879147696,0.21806179936639195
0.031183294566956732,0.28015022627212666
0.02603519637512225,0.5067319195119591
0.033726994529547305,0.2010035510802114
0.01277408065363711,0.9967694433771578
0.025448970976699514,0.5364060787579268
0.02989750154269072,0.32809021446713493
0.020136883361065866,0.8121665403154751
0.01798344533912155,0.9028371480288097
0.019818537103629352,0.8270567311020988
0.033719942870626074,0.20119584276919986
0.031757717455845436,0.2605037948519978
0.03901076698079842,0.09283769592096337
0.028053607894263644,0.4067759043184061
0.020747722627337595,0.7825034255572133
0.024535934618342192,0.5838118459643559
0.015015937766986398,0.9778025146914624
0.034417434991380724,0.18286255707533122
0.026753365433500154,0.46950099208319507
0.02340491095232594,0.6438031297637788
0.022237321792216214,0.7058919079126544
0.023576704715532804,0.6346442216207087
0.026094697432664904,0.5037594420687569
0.04002671980574524,0.07900427239729862
0.034612595184786765,0.17797666821650446
0.01574365693545532,0.9652986018708944
0.027450467718702853,0.43512193054619475
0.026376591243473024,0.48880390066059143
0.04047044700241012,0.07353287068727461
0.030745797032168565,0.2958393544817786
0.03520542444257524,0.1637678765242272
0.02420665848387682,0.6011771545759959
0.03521171286681729,0.16362216933734977
0.01915234915274533,0.856713562889962
0.027439354583676856,0.43565639094293557
0.016579316966080115,0.9462592700780849
0.05065503675875771,0.011398197093069563
0.03247783599904816,0.23736537776621686
0.022312508089138816,0.7019213378964946
0.017100653315782144,0.9317826239456634
0.030033271451395838,0.3227640509682067
0.021025548438694863,0.7686062756343285
0.03581354820855731,0.1501505252265815
0.017388503928503107,0.9229445119299927
0.03181327894200214,0.25866002511251307
0.01737432718372811,0.9233936414867585
0.023565093567787937,0.6352630075054528
0.033305863672103475,0.21274163768111784
0.03220452353902442,0.2459549958648832
0.02096922606140028,0.7714416672291088
0.020019194887083702,0.8177206879054351
0.019863488837989607,0.8249803486091103
0.03049526273144898,0.30511101134971613
0.03884095565074819,0.0953370276685937
0.026085282059330694,0.5042292926642737
0.03906216515336569,0.09209210192560603
0.02277746845161699,0.6772523289781227
0.0314112926936328,0.27222389602741737
0.021582562355261348,0.7401348725357526
0.01753370498514885,0.9182628036720184
0.023824241821454317,0.6214651609027788
0.030416660631937265,0.3080633840942212
0.029410969683703048,0.3476978519649831
0.02490763356620146,0.5643630505529703
0.04208134335082614,0.0562918455935529
0.0329816937352827,0.22213450620264524
0.033830503951684604,0.1981974664699844
0.016862381127843773,0.9386458351910671
0.02371095179337057,0.6274934202713229
0.028566072134533826,0.38370793021125327
0.030708300708838898,0.297213613732182
0.036337864126974484,0.13915676608995745
0.023095540519243674,0.6603044404994904
0.02850174158394425,0.38655262378853594
0.03510665466376295,0.1660700883748146
0.019293070082501806,0.8506326000882644
0.03710400477618159,0.12427709023466942
0.020054874718655358,0.816042792043504
0.0320378089031621,0.25130947676667664
0.048821802549549376,0.016440198710060416
0.031371028257810796,0.2736113368350525
0.03388207494137824,0.19681090763526166
0.039369055072653425,0.08774392096787614
0.025734658757895545,0.5218596199551802
0.020949734156504307,0.7724208589225688
0.018500000350032908,0.8834728510034566
0.029242834294355646,0.35466466883847864
0.026226119581060692,0.49665396727155064
0.022574124827846043,0.6880616875043335
0.014063784166203214,0.9889818607576726
0.018479491622960892,0.8842736877114179
0.015254427962857059,0.9741071211486353
0.026904700800096076,0.46189017716383074
0.021972780497848787,0.7198066810278791
0.03569482452862849,0.15273476913178471
0.023239848193660984,0.6526074444997214
0.03717175436617515,0.12302655296100119
0.018335631808244213,0.8898182428663083
0.02890714021919638,0.36886985950164064
0.022588002673458563,0.6873248509709339
0.014172634673070394,0.9879715340844075
0.031104263113591935,0.2829375273172416
0.03245643681133564,0.23802951470323577
0.02377638267320059,0.624010990790915
0.02311065143883584,0.6594985752335756
0.01818935480146855,0.8953226533852252
0.021390259321372118,0.7500459372676829
0.027218957539402178,0.44634694910053313
0.03350364896505975,0.20716412674106408
0.022902033741031502,0.6706194012524405
0.01729895152862504,0.9257576242469806
0.017662914973370664,0.913972750019809
0.033182875807355794,0.21626825269403896
0.016332112879802407,0.9524255055190713
0.04227408277396205,0.05448281062781544
0.032254392708187696,0.24437030905813745
0.02866613662145323,0.3793121435174998
0.03027607327305759,0.3133960752866012
0.038048957326879296,0.10774780117672379
0.02212724118290632,0.7116932732538737
0.0182707995508265,0.8922746612656056
0.016024139802984838,0.9594781572369788
0.027751510350447872,0.4208116340113585
0.03305982369224192,0.21984188778557065
0.03466502578560696,0.17668185372975304
0.030723906796011113,0.29664107174954646
0.026970608848965794,0.4586011333526752
0.029715071373609736,0.3353465060104236
0.022331993280309326,0.7008913244480944
0.028765275541278057,0.37499185557009407
0.03775639528533481,0.1126586699997723
0.019657535652541303,0.8344193376799959
0.040768734873565526,0.07003837131379807
0.03518478637395789,0.16424680451840296
0.0334369239647716,0.20903288235423778
0.023616566317889554,0.6325202416451934
0.028872655850616435,0.37035147796709805
0.025883232531985656,0.5143577632819419
0.030710678421186022,0.2971263297839593
0.02388583790740534,0.6181905037805688
0.01947311353684611,0.8427046162253857
0.03669497981820258,0.13205005692920518
0.018692405145192437,0.875836011335584
0.03345419856080889,0.20854782136798314
0.029534270938747054,0.34265125306009525
0.03703028757417981,0.12564959860753014
0.027449105965642595,0.43518739719576827
0.03298968306714445,0.2218992257909004
0.025858164249035198,0.5156203736379349
0.013410060213051953,0.9938022631333886
0.018636925891233558,0.8780607806810089
0.02373937282808225,0.625980513306295
0.023203169389672755,0.6545639582219782
0.03643289179301934,0.13723601046061656
0.020932561614335765,0.7732826386774719
0.04555967172649977,0.030512979825991098
0.026827396113703328,0.46576770453929195
0.02543984463648641,0.5368732831970389
0.022543007423353578,0.6897133150944637
0.026208460010006873,0.49758053288624865
0.03272492118003173,0.22979932435864667
0.026617501300626678,0.47640330698245603
0.014211250524828634,0.9875976177778321
0.03154655893629266,0.2676014536105469
0.015651186495376,0.9670930926068709
0.020363790571248264,0.8013041786780053
0.0227932152981567,0.6764142333915073
0.019913035681932367,0.8226814989486466
0.025883041298926934,0.5143673901844775
0.02897372904355555,0.3660206965728796
0.03213018889907493,0.2483316236371912
0.02615781422720076,0.5006147603644227
0.032841290930831546,0.2263007862419627
0.016911776104806875,0.9372570506090253
0.020086387623915902,0.8145565103039447
0.02104778617531744,0.7674843675259297
0.02919054922376174,0.35685123173979644
0.03143292503373918,0.2714806638596937
0.014895894401432908,0.9795197129980254
0.03457440889927832,0.17892443658025792
0.028529569871629995,0.385320262698469
0.03139759995203695,0.27269513093412284
0.01568913343332612,0.9663640955047338
0.026889762463780942,0.4626378075587509
0.024399584198760982,0.5909889151184661
0.0246137328556571,0.5797264121635336
0.04027990089118827,0.07584172056665155
0.02927967888791816,0.3531295576910791
0.019394568551041824,0.8461832206240186
0.028088740888656316,0.4051646754813885
0.028219069811155212,0.3992259977870745
0.037307460781408786,0.12055270466982092
0.03818372882488302,0.10554597744282239
0.018719482481052596,0.8747435957836638
0.03181861274158071,0.25848354650635486
0.017336428394280512,0.9245873006426852
0.03297252657341207,0.22240471022809447
0.018516304843277542,0.8828343513214809
0.021808205204868814,0.7284121807116589
0.019511120809523774,0.8410104625617556
0.01202809929188009,0.9986953388843688
0.034954257244385056,0.16967294560195195
0.03472657665931003,0.17517136105584913
0.01763333391945221,0.9149651238197198
0.04558095490489855,0.030394318480603366
0.028392576532692337,0.391413399001636
0.02637546109411726,0.48886256045813964
0.027107377574173475,0.4518253609333969
0.04781999705118417,0.019969168956440554
0.0495608415074662,0.014206422980375936
0.0150801237765745,0.9768454492110009
0.024891155828122735,0.5652212622332509
0.01662990866504055,0.9449417797737916
0.03348787539463008,0.20760471506927775
0.020760624886201895,0.7818631601173485
0.028077752241942477,0.4056681524643842
0.0209366199990062,0.7730790505914704
0.038075291566572245,0.10731459952021101
0.021197177820335034,0.7599134027992825
0.015425715973845289,0.9712139871112719
0.029446953158339395,0.34621962935154715
0.028409526279069897,0.390655913430091
0.027388514687613386,0.4381070389721949
0.034927201606409386,0.17031903895883388
0.039858328439776436,0.08116883501264392
0.02202565769261644,0.7170329472178332
0.017184054970404095,0.929283029473102
0.038120171683391435,0.10657964301954731
0.03532228492442077,0.1610770451677396
0.0302969886581812,0.31259848286607034
0.016559176576910084,0.9467785099697953
0.04850943071753,0.01747542875549933
0.02284367019718425,0.6737280484528575
0.052721154632644485,0.0074222801964218595
0.037534715267047214,0.11650163269787843
0.023020802269999252,0.6642895841817031
0.021475521291707655,0.7456613401605767
0.03240309216630688,0.23969128595887151
0.030152189572455856,0.31815076069794607
0.03314448305575329,0.21737837638511107
0.0362747588092211,0.1404443113989892
0.03166292010637922,0.26367244655522887
0.03060179101336935,0.3011429209152146
0.01818822904997941,0.8953644858824552
0.029729584134686626,0.334765054205913
0.022395262377375103,0.6975441485860786
0.02139844419271103,0.7496257266506705
0.01820813673444588,0.894623522561477
0.01997302414641311,0.8198840858290757
0.046857534446876126,0.023980018073136152
0.022359143506329865,0.6994554681415038
0.033667210351030874,0.20263836994264042
0.027335695609865818,0.440662862598649
0.02909197968707794,0.36099939534125663
0.03343062301471178,0.20921002793890592
0.03719938454662053,0.1225195216404133
0.023440400549641083,0.6419105249622357
0.026692211611566263,0.47259965209746024
0.028669667252036346,0.3791576901104023
0.026458517767947165,0.48456364509740557
0.02449352858759385,0.5860417311430983
0.03334921560169596,0.21150924517320754
0.03462970798961662,0.17755322934041612
0.022618243304513008,0.6857187522896933
0.038838978576989036,0.09536645469706867
0.03504390020319742,0.16754620756814997
0.032626176554285236,0.23280046474599805
0.04184717010422784,0.05855905476671566
0.01708272352538487,0.9323134285368025
0.032096614580485516,0.24941076815423815
0.0157945753661779,0.9642842717150961
0.021250308466789658,0.7572070713935624
0.026271372740858945,0.4942846677404727
0.021705517989009493,0.7337586534858271
0.024697139768426468,0.5753547427204702
0.03432590346705233,0.1851903246729128
0.03695707040750679,0.1270250631255637
0.019536790027367523,0.8398623063816345
0.029333955954791324,0.35087675301001664
0.03333820765210993,0.21182164821085542
0.024198755899117574,0.6015952391158379
0.016448472117868096,0.9495791860638972
0.022830724777705647,0.6744173682591699
0.025472196409990655,0.5352177825130893
0.02605828892908657,0.5055773830498664
0.0380360376903216,0.10796086015742812
0.029277404738758617,0.35322417184746224
0.03934972757719707,0.0880125818647859
0.04191778402527399,0.05786727540054867
0.028741927019733673,0.376006221517418
0.019214725365509888,0.854030884786422
0.026896245584995482,0.46231324401666724
0.02807393319894147,0.4058432336120266
0.02189031490065474,0.7241241308067633
0.017441807727060055,0.921243085692843
0.030096961494871066,0.3202872669590985
0.035415739470512964,0.15895075311354553
0.05669642493656846,0.003098544124831516
0.03294849862308924,0.22311414355182702
0.04022319814939679,0.07654053299578668
0.02359829050387008,0.6334939799644629
0.019338888992658676,0.848630508697081
0.02780991436068947,0.4180727850066151
0.022699034236743687,0.6814248238610845
0.022951480126402912,0.6679846852905107
0.01819005353332015,0.8952966846755566
0.022767324755881557,0.6777921394007362
0.017894915150094892,0.9059820761050685
0.027261909857258765,0.44424990268563186
0.03391101253568207,0.19603621787034195
0.036465579147256455,0.13658031888759709
0.02550899943946172,0.5333368305745547
0.021160339547279416,0.7617856966042742
0.024612447651950586,0.5797938427324882
0.032139534564633365,0.24803186800101004
0.015125066625959804,0.9761589837388245
0.032212681805387056,0.24569521769469624
0.020491817711555615,0.7950909787690598
0.020477094561986486,0.7958084627354751
0.019214416009148583,0.8540442401362608
0.032308295038505686,0.24266622316491374
0.019887810176580367,0.8238532277464038
0.02949560628999698,0.3442280803745671
0.03293953783445985,0.2233791605722347
0.0304754122485707,0.3058546480342363
0.025608836886634512,0.5282469877167696
0.024874330850037818,0.566097962691622
0.018842172718662176,0.8697403239353685
0.030459516921217955,0.3064510750180465
0.024751633458140798,0.5725033669256485
0.05083359588373537,0.010990804231262568
0.030856658300409623,0.2918036784006819
0.017946657871285354,0.9041503223148388
0.030438198986147524,0.30725230824212263
0.04066348384230223,0.07125492963909653
0.027381050640015253,0.43846760703135707
0.030321921677328,0.3116496195305366
0.02709181559521512,0.4525929631297731
0.020234300798792154,0.8075272106363962
0.024370509561231407,0.5925219381825189
0.03235065338518778,0.24133346462244343
0.02648724053987095,0.48308269815950844
0.033505071855810475,0.20712441832849574
0.013300460606858966,0.9944218238887431
0.03583841099678986,0.14961383214961618
0.02552260220130792,0.5326422451422672
0.017409091227204576,0.9222897574032609
0.03006655391995694,0.3214680308132483
0.04143794564885139,0.06270937833766553
0.02772557486204219,0.4220317738395332
0.032509185403078344,0.23639499134663633
0.014849586605318654,0.9801571257258659
0.020048728904544733,0.8163321816315633
0.033961626692517344,0.1946869778696872
0.024801055515605547,0.569920794773107
0.02984965774889603,0.32998216022181376
0.04368089347522219,0.0427323410996015
0.020954092334397156,0.7722020159355838
0.013337144218726116,0.9942199166703768
0.022416012090351767,0.6964455516562105
0.020522673996244606,0.7935848526302258
0.032826496699526087,0.2267432697479043
0.04903076673215323,0.015778685640545347
0.031134891307184498,0.28185488507949324
0.02262717489703303,0.6852442652041799
0.027769472894548536,0.41996798819075176
0.028605250367394974,0.38198263683289546
0.032415525044400484,0.23930319170201034
0.029075485335484874,0.36169685776238536
0.02604134343571174,0.5064244787119775
0.023837419300899887,0.6207644156534313
0.0182483480187553,0.893119116646095
0.01596712616609519,0.9607075447330065
0.01651140661348649,0.9479981111449136
0.025647248102673936,0.5262937747627883
0.023142849509289548,0.6577813388347361
0.025042971569048056,0.557329434843125
0.02515234002439115,0.551666101933264
0.021246095133858223,0.757421941130609
0.027651189881099658,0.42554453210392884
0.03872587862610832,0.09706252795805384
0.025961960170854156,0.5104009812392849
0.01955200398782786,0.8391803048029426
0.023839411151707623,0.6206585026088627
0.027397709331376086,0.43766314386206284
0.04083556848381603,0.06927507394810106
0.018336875208457254,0.8897708729209917
0.021960405217765433,0.7204552463547843
0.021209078597218323,0.7593078181134383
0.040997689964138995,0.06745287433026068
0.027504817170161622,0.43251446925229514
0.026193053971817648,0.4983897632946924
0.03247401566353214,0.23748384013348942
0.028612385192246792,0.3816690238520617
0.038528407085884564,0.10008418891775357
0.024636887904678162,0.5785118903574444
0.02966024200136902,0.3375497980738621
0.01802043581336954,0.9015076830557704
0.023516342049518135,0.6378615326191243
0.018536504658528297,0.882041063811977
0.029683911892881,0.33659736160883547
0.02396778370077768,0.613837645506301
0.014643288482800276,0.9828313681393781
0.024960193551114007,0.5616282136458495
0.03014858109649965,0.31829003760847563
0.03215156055515189,0.24764654769001848
0.027114570539083616,0.45147085659992164
0.024747876310896255,0.5726998331191591
0.03458610774135018,0.17863365182522128
0.027691389310602332,0.42364370306625354
0.02246862060341065,0.6936583908586669
0.05322310217647058,0.006670432293967264
0.01611086657202432,0.9575625116570043
0.023672575684753866,0.6295368307532629
0.0339463629807944,0.19509309810744058
0.018158771745509394,0.8964562062129728
0.03137394335515786,0.27351071037672675
0.02048336039347176,0.7955032108705313
0.014504321103573636,0.984484469597052
0.032603820900762526,0.23348407628086956
0.015748483081176934,0.965203261991861
0.017204581897879323,0.9286601416145027
0.025842217199316675,0.5164242479943366
0.0227545134510872,0.6784738316551951
0.02216628786074748,0.709637182085049
0.025745625576638176,0.5213043589537436
0.029068869072987336,0.36197689365048596
0.02705163886675188,0.4545786971091937
0.040420759052100186,0.07412911712700382
0.022184689127865864,0.7086675584210809
0.050862615520632926,0.010925851698887337
0.020165556909576998,0.8108048833875695
0.02509015238476897,0.5548839880219516
0.02521539014803892,0.548409992776016
0.020787567437353882,0.7805244881243738
0.018898049276862783,0.8674330952008014
0.02908927067107553,0.36111388050182935
0.027895035526524004,0.41410280252105536
0.02539876932867502,0.5389779077486253
0.03913882604651095,0.09098936251611098
0.025680114184245595,0.5246247953923254
0.035920132311306696,0.14786067839987002
0.035323662111564125,0.16104554653791053
0.019319801945015924,0.8494658334609495
0.022280468111605112,0.7036141290773203
0.025564648134437706,0.5304974736581494
0.03698098669667893,0.12657442053598583
0.034217261853485836,0.18798352521713343
0.015011684349202858,0.977864973010448
0.03949507899671367,0.0860089695304144
0.01908230865141758,0.8597011909095528
0.025184405054125447,0.5500093451807906
0.023741418691595628,0.625871622687812
0.032407052878146325,0.2395675995420081
0.01619986946914831,0.9555392666148079
0.03968320022298166,0.0834728662502319
0.03274984255643021,0.22904661086316216
0.031824218444642616,0.25829816952576495
0.034216729622099484,0.18799729031581353
0.042205548837043416,0.055120245094896235
0.03150601968996275,0.2689805681854562
0.04454100060190891,0.03669070336930317
0.019024442133870778,0.8621495362827666
0.02695075981378897,0.4595900388519353
0.027237299772287116,0.44545062666012003
0.018118907620155666,0.897924681460517
0.017553765747126304,0.9176043552973876
0.026023138105537358,0.5073352406580098
0.027400556409517884,0.43752575502371444
0.03304564520582132,0.2202565717577136
0.026571053360812336,0.47877809093297574
0.029826213670850255,0.3309121098813832
0.036537981011429244,0.13513704784747999
0.028654606097606117,0.37981687216189974
0.025885110780123233,0.5142632140241288
0.02503167063006506,0.5579156922637155
0.03900158420232494,0.09297143401104348
0.023259120437307212,0.6515794149513856
0.01451515059540942,0.9843598342796792
0.04634561827962774,0.02639192950996643
0.033644435028989395,0.20326389523960986
0.01943569885296853,0.8443654470853375
0.023082372860547373,0.6610066399187144
0.029105405593705447,0.360432385062465
0.01572435163511969,0.9656783024759197
0.02047650646289756,0.7958371060328612
0.025170447231900817,0.5507303205518095
0.020176957806813278,0.810262571704385
0.03272928119677582,0.22966749940178477
0.029708921780654818,0.3355931077875155
0.04436025830604573,0.037894336252581935
0.021630535078737398,0.7376505593536764
0.0263948839547401,0.4878550587648907
0.042111326670253746,0.056007076921015427
0.04371642927772612,0.042466559916815506
0.03298310254598569,0.22209300369561155
0.017082667418208297,0.9323150859164329
0.020827175221340255,0.7785524846877468
0.025058192036787053,0.55654015706099
0.03690687178245028,0.12797520147444422
0.023964678755480362,0.6140024949543716
0.021134349433412636,0.7631045493332814
0.030909373719886724,0.28989903636050623
0.02557854779608304,0.5297891796297538
0.018391183868591954,0.8876924244722397
0.014675109841149794,0.9824362366738557
0.0317281767843034,0.2614881109535342
0.0244018752991062,0.5908681497915844
0.02247623465928761,0.6932547978703009
0.036897504176210294,0.12815314959002555
0.018887540492591004,0.8678683693760738
0.036285951110551884,0.14021525080298
0.013115617147231973,0.9953591402768203
0.021608635175591195,0.7387852265689472
0.026380268884518943,0.4886130460947114
0.02044336019549242,0.7974495207525828
0.03035226602103741,0.31049766227210907
0.018040794030521723,0.9007721413282423
0.01750458645140482,0.9192135472295971
0.02730793144840654,0.44201031594633716
0.021806682037600472,0.7284916197139324
0.02110837540991528,0.7644208334480387
0.03011119555830369,0.3197356251113405
0.02778644040451414,0.4191721322726084
0.028350777539204175,0.39328574937995225
0.021534546687448447,0.7426168154004482
0.018844977611902958,0.8696249285107291
0.025008887759541132,0.5590981932409121
0.02630087439016804,0.4927439776405106
0.026348611662613708,0.49025750083623243
0.024733836658063835,0.5734341515336547
0.027355278467818933,0.43971412026475964
0.023665756139843397,0.6299000162644222
0.02756214450185801,0.42977556519453425
0.03286709727207204,0.22553053206699916
0.023615356899149287,0.6325846760060501
0.03215237919888714,0.24762033438711356
0.039867634497210425,0.08104791862406532
0.021521881941014787,0.7432706751310603
0.04080566287361531,0.06961574204093712
0.0492976808220022,0.01496847594497461
0.03521822777966244,0.1634713236652561
0.02581256674489818,0.517920276673189
0.02733286430184967,0.4408001459385279
0.01594054464968786,0.9612726243362694
0.024371061690583118,0.5924928177333827
0.03872767708224767,0.0970353622009259
0.02316019070706421,0.6568564176176407
0.02239930826404335,0.6973299708157672
0.02985456511134854,0.3297877404175181
0.027234764482557683,0.4455744460913568
0.026558482708681663,0.4794221226113014
0.049603560554701664,0.014086062548234702
0.03718706033550967,0.12274546643120529
0.03725449588899077,0.12151331579970631
0.02955780945347969,0.34169383967075173
0.020463595041925242,0.7964656489693227
0.03288516300342614,0.22499251907580764
0.015344720919009514,0.9726072954192152
0.027425765196473217,0.43631054004120373
0.03894115755683253,0.09385551537755549
0.01515633320407872,0.9756734214545821
0.03915129469413825,0.09081105597806487
0.023701366109451866,0.6280037683424053
0.03282477613170276,0.22679477376609805
0.01432869969643577,0.9864092411000057
0.05030463659478279,0.01223751747424802
0.019575778790888343,0.8381123248112563
0.024775198351796868,0.5712715596519702
0.021721727530950974,0.7329159418276874
0.036237335925591974,0.14121241085373712
0.015908515135160756,0.961946690796126
0.022304993663681327,0.7023184527668993
0.02635626708056249,0.48985950872135026
0.03287123159093619,0.2254073210891605
0.02043227536509007,0.7979878780984249
0.041577090984133536,0.06127079024001127
0.03077411050033918,0.29480476395057775
0.0264318051482888,0.4859435825416839
0.02574287352712616,0.5214436755103016
0.02798288913073202,0.41003243798789146
0.018645593320545217,0.8777144105816755
0.025379198646305334,0.5399817347607379
0.03444170564405069,0.18224921945292796
0.03508792724602661,0.16650950566394285
0.03157110761987714,0.2667689121627898
0.030972480666125513,0.2876310748851784
0.02378624414410513,0.6234863178589054
0.03386209748159569,0.1973471245353627
0.021444072779905232,0.7472804309686801
0.029028884874530037,0.363672504249906
0.017982010160698003,0.902888546938668
0.030833018108895605,0.29266081529980426
0.02288793062950545,0.6713707101764022
0.03878215313361322,0.09621550143013581
0.030320721573330933,0.3116952430066672
0.02330759194822929,0.6489938429506545
0.030905201255897047,0.2900494536696001
0.02096504633667534,0.7716517297871586
0.036872612805806615,0.12862697235146114
0.0306911624358025,0.2978433057220474
0.033769371568384665,0.1998509978825273
0.03613065852824582,0.14342066605128
0.0241452887873973,0.6044253498521219
0.03985391378808223,0.08122624911457949
0.02071710251385761,0.784020835755743
0.02795457054621997,0.4113414719036783
0.01875292403429729,0.8733885006613094
0.028595282246824116,0.3824210890704632
0.043958960711165895,0.04069071725556214
0.02897876187354642,0.36580598753462484
0.03112760204665288,0.28211226496902314
0.03112903140686052,0.28206178123669423
0.019738472776610894,0.8307327782752276
0.03115008767103522,0.28131887194060634
0.03691610377922416,0.12780002720502723
0.02574789918453868,0.5211892738368735
0.016768314093859524,0.9412412129735128
0.03117683605761362,0.2803772357546312
0.03185537680723605,0.2572696130593574
0.021615079957767125,0.7384514095784641
0.025822203664174814,0.5174338448355044
0.023546238531798047,0.6362679262381785
0.043991194574040604,0.04045963854703172
0.025331736524220938,0.5424189872047525
0.04897855823648867,0.015941685422961906
0.017757690232385936,0.9107527307412941
0.021652342517147205,0.7365197628775458
0.035625633509666854,0.15425728927115165
0.02685932497833826,0.4641635996200535
0.03824894737238732,0.1044939538863761
0.01902226933692025,0.8622411118529668
0.022629591065833732,0.68511589770685
0.021079120016020858,0.765901279988439
0.025270562479939418,0.5455661404369263
0.017570802104405092,0.917042971851087
0.042569794349157086,0.05180466171075615
0.018226691505924375,0.8939306261037657
0.028154177822257487,0.40217537843565226
0.016602081393876644,0.9456687807966693
0.02921389578802011,0.3558736983219933
0.046134000287237575,0.027450073801703504
0.01669469123325168,0.943227216903174
0.0276392502923902,0.4261102053237609
0.03994446106425864,0.08005548352803359
0.04046672029014298,0.0735774489760725
0.0288179169206072,0.3727119187121605
0.03159319395343568,0.2660215436718042
0.02261243218730724,0.6860274353193607
0.0251575578849208,0.5513963879094503
0.022970139672674916,0.6669902090363666
0.03516100625842411,0.16480003528480652
0.020392945081311786,0.7998944799175327
0.020177410380191607,0.8102410333889174
0.04675489006977329,0.024447342298905973
0.027619217306245725,0.4270604693843454
0.029852366532252095,0.32987483345281704
0.019230274539747128,0.8533589600940765
0.015621932633645252,0.967648074749625
0.015816242036501893,0.9638469899360537
0.033623878763386184,0.2038297681896193
0.021746534801576956,0.7316253266174316
0.021073816315539395,0.7661694257778189
0.03822531023618703,0.104874227904594
0.05378386034203464,0.005913119385273548
0.026478106477984348,0.48355333234189546
0.0340389302890608,0.19264035361245274
0.01982175734194419,0.826908279809616
0.027845360859787505,0.4164164527740246
0.02557797359679037,0.5298184322435848
0.028461585542544188,0.3883357413171296
0.020573336568346146,0.7911048681738682
0.023370181607719198,0.6456553763612738
0.03162154068579204,0.2650646412499506
0.038053782981968265,0.10766831025852312
0.020371039490596543,0.8009539637753009
0.03925564146485827,0.08933030674343889
0.030566725746666912,0.30244485961023326
0.01754860905472322,0.9177738801103005
0.03748021143533553,0.11746285648200394
0.030740386271858933,0.29603737148157805
0.03305209940358178,0.22006772827151416
0.023923039936748436,0.6162138356037178
0.023625905816902992,0.6320226778646725
0.03548805027315993,0.15732102989636612
0.018359031081318977,0.8889251722498355
0.03150946044461225,0.26886330951655474
0.03203167739466012,0.2515080797002724
0.029801245310508373,0.33190460171434366
0.02097712415689003,0.7710445940473392
0.021092217380326628,0.7652387786913146
0.03323698802574504,0.21471106904495063
0.03177925882558935,0.2597877856516598
0.0215697316457594,0.7407985514285267
0.017986409308546225,0.9027309543969313
0.031077340394395636,0.28389174194178746
0.02336309111201562,0.6460335577740526
0.02872399531785297,0.376786560356535
0.02355143735562193,0.6359908333394849
0.018602714465810077,0.8794235761391034
0.021721291762432204,0.7329386030795038
0.015430256216334981,0.9711345331930444
0.019658941678788344,0.834355553128345
0.02747374515084433,0.4340038851886177
0.032412174977794805,0.2394077172579333
0.02716466637155268,0.44900701313596814
0.024014166553856797,0.6113758691754887
0.02418350741149,0.6024021144278597
0.02767991187657226,0.424185825461032
0.023443988647704916,0.6417191896700738
0.03001566497013919,0.32345117937108425
0.03424016392423923,0.18739196141688394
0.04528092621314958,0.03210514786242862
0.022990187169097176,0.6659216418042878
0.014064836770246475,0.9889723950508008
0.01904572157544457,0.8612513188592666
0.014891092786520899,0.9795864481403982
0.02818365167974901,0.4008339199554799
0.01859927911041076,0.8795600353789619
0.031600194446319896,0.26578498638301845
0.06282097053760033,0.000712373178384438
0.044728095601580975,0.03548012452934296
0.016243874544853265,0.9545174263171993
0.019067643013431335,0.8603234200693631
0.02672218312355279,0.47107933177763134
0.04233972522695573,0.05387823144908718
0.028841082459027945,0.37171169278409366
0.022488619599183912,0.6925982103079746
0.02991955246662492,0.32722087377650333
0.027521707541286355,0.4317062864253851
0.022904072893986938,0.6705107639786846
0.022011245661081813,0.7177893487952149
0.01770551164904166,0.9125331383265929
0.026804338216791623,0.46692839364990935
0.014209596607210773,0.9876138012522673
0.026897720717205406,0.46223941563355314
0.031395386172382356,0.2727713753669313
0.022284171766989935,0.703418508476686
0.026907803387742124,0.4617349994360118
0.017382623480357517,0.9231309816523832
0.03927700274110463,0.08902968746709879
0.02283066884013399,0.6744203466659092
0.02359355274933783,0.6337464272633411
0.022559567198725983,0.6888344602893213
0.03471099307183867,0.17555281758644034
0.017687371578668454,0.9131477320577039
0.014666821080917047,0.9825397623442335
0.012205817575891675,0.9983549217297861
0.03129857327222202,0.2761213270143161
0.01867828897331636,0.8764038086904418
0.017678395639490474,0.913451004327303
0.03275885136741896,0.22877498010242556
0.02078726706283182,0.7805394249353628
0.04404568723973623,0.04007159138415104
0.02738247295947449,0.4383988832664566
0.015290529713149786,0.9735141684556975
0.03838295915151457,0.10235956418822181
0.01705102738158687,0.9332460850497734
0.0383191030670092,0.10337202732561435
0.026431597441341437,0.4859543223430299
0.035400048192621214,0.15930618193328472
0.04058308800059013,0.07219625244465776
0.019960702334640534,0.8204599299303149
0.025200789551378056,0.5491634314423091
0.0371274990839211,0.12384225173936665
0.02654441218498793,0.4801436645077959
0.03598879102127872,0.1464006168403721
0.0181271848988383,0.8976206190572069
0.02591219316172183,0.5129007246256136
0.043347626008296,0.04529615335233421
0.026325616161137044,0.4914542499367841
0.01996737092855566,0.8201483612955396
0.02503667766482076,0.55765591861615
0.033194305970682514,0.21593860055214667
0.03980329032029972,0.08188707811195801
0.026159079164976173,0.5005518266093909
0.03250626707147625,0.23648519668060314
0.030126832563934558,0.31913040887513133
0.023353725327105113,0.6465331032185718
0.0340819035419819,0.19150996693922462
0.03235726797933472,0.2411258491129715
0.02360365842647405,0.633207964011352
0.03104085136263257,0.2851888301356236
0.03173806447000049,0.2611583344671286
0.022691741558811263,0.6818125926471799
0.02426833078460111,0.5979163593720824
0.027966129819707863,0.4108067967681697
0.017455951836681027,0.9207882475392001
0.02179406259711425,0.7291496196123763
0.04825458256501458,0.018362797856383378
0.036725674728093904,0.13145329301679376
0.01640810379454627,0.9505779642931744
0.014628144685882027,0.9830172198580956
0.03424278678528547,0.1873243063386227
0.029532901299475084,0.3427070213351271
0.018154675128179698,0.8966075878332048
0.023996405888979222,0.6123183376916597
0.03509131806400645,0.1664298752489073
0.03794248355329477,0.10951410773460209
0.035916006322995075,0.14794879296913305
0.02039936426231337,0.7995836800685553
0.030100234138366933,0.32016037429149496
0.014476660788649509,0.9847996362571971
0.047391762186872854,0.021673400375179095
0.013441141446620897,0.9936174973910613
0.013623061808253234,0.9924520394663704
0.016161513107383896,0.9564183277202752
0.015527334161634376,0.9694011295311132
0.02603636056121772,0.5066736873548381
0.0184620942000564,0.8849510125930033
0.02354173675898308,0.636507873303536
0.017606722667798447,0.9158526964214833
0.02060394363575635,0.7896024137137889
0.028112222959157218,0.40409021442738
0.019385355844367624,0.8465892241073975
0.021004924397894364,0.7696455586007062
0.020287961333231297,0.8049560429978252
0.02116116837531523,0.7617436096349107
0.024981651427084833,0.5605128798843801
0.015132672794543833,0.9760414668842397
0.025167272223677095,0.5508943664997
0.02809312626672772,0.4049638663999131
0.03235855925457809,0.24108533513743666
0.019394153543407566,0.8462015191260666
0.021870551927588466,0.725157229626769
0.05844920362134709,0.002065979268313836
0.02390313951357126,0.6172711027139286
0.026494002800703575,0.48273446270914766
0.018809200258564918,0.8710934631440842
0.047145968749738254,0.022708954116677556
0.02854935654705215,0.38444568578201604
0.02175688943973786,0.7310862945145964
0.012484603729243093,0.9976815346033552
0.025301234657632676,0.5439873780744001
0.02397315817197343,0.6135523169016892
0.028636157292454778,0.38062541246476533
0.03609673980554273,0.1441286272208861
0.02902294724131732,0.3639247793497056
0.020194914154598176,0.8094073992699431
0.03991179991724375,0.08047613468797792
0.026830652133221333,0.46560395573150537
0.039376011382671106,0.08764739384568798
0.030574006666551967,0.302174186407143
0.03436910508577426,0.184088750771418
0.03474810609993073,0.1746454450768665
0.036969713914212554,0.12678666456499393
0.035438897310915624,0.15842735927857507
0.04497717682102853,0.03392283705725407
0.028639032090076344,0.38049934210974856
0.039774351902384764,0.08226686736264047
0.041936204221149076,0.05768797757184922
0.039982913463193326,0.07956262666077155
0.022388163768005676,0.6979198905243258
0.03979602325500853,0.08198231213120495
0.02694134368570844,0.4600596546730637
0.04308361210093725,0.047420958393969655
0.018471698910026868,0.8845773070085373
0.0223978307950069,0.6974081856686773
0.01815951278684569,0.8964288110505825
0.028427250368330714,0.3898649106728205
0.028129872431889802,0.40328392360077636
0.027002664779599228,0.4570070331685739
0.035030440350579894,0.16786417211751367
0.024283929102546287,0.5970921969688874
0.03288861675489563,0.22488977615321556
0.016374875883753637,0.951391060730453
0.031428786982919454,0.2716227190014105
0.03499722415910966,0.168650904954534
0.025398753624357173,0.5389787129874659
0.04969958145955078,0.01381886430314631
0.022620714967913735,0.6855874518021272
0.032591921531241685,0.23384857340844123
0.018724919109302268,0.8745237409239554
0.024720367911750363,0.5741388550449265
0.03185655321340164,0.2572308399269232
0.03352887682687711,0.2064609757297621
0.03910781180692546,0.09143415115601218
0.021770581100387654,0.7303732564209782
0.0254283548776075,0.5374616921725374
0.023012422706462782,0.6647363143580063
0.02590947826384865,0.513037239929031
0.0372779878224154,0.12108647536467683
0.0147999157962585,0.9808255482108066
0.016222808075879613,0.9550083869953239
0.020172326987968614,0.810482909676332
0.015076408839339084,0.9769015880907405
0.029908847425287183,0.32764270338171486
0.021713268283390263,0.7333557861258599
0.015611374337778372,0.9678468826282419
0.03697326729757955,0.1267197300175482
0.017145065570201568,0.9304578090589399
0.01880546864612964,0.8712462101218025
0.021407210864590964,0.7491754801262545
0.01855549227994141,0.8812931256737685
0.02620179654573984,0.497930440245909
0.015483552475838866,0.9701910744541145
0.020205317506275883,0.8089113625145266
0.0294611889441192,0.34563605657481483
0.033040896714901735,0.22039558792122685
0.020356563486492174,0.8016531468763237
0.023378224446873874,0.6452264074758872
0.01906337666806232,0.8605042122959036
0.017104385819726176,0.9316718321206485
0.014712658505615206,0.9819619147105964
0.02323722011160656,0.6527476325875561
0.015164617911547607,0.9755436585833692
0.02499640246170723,0.5597465545943705
0.018891420395611203,0.8677077362599181
0.029324646875582228,0.35126240307348394
0.01880910966749194,0.8710971722778249
0.02701421864889242,0.45643337331900996
0.032107360678757635,0.24906498049490663
0.02312210082406696,0.6588879558017958
0.029595280016672332,0.3401737084495625
0.027036402093909367,0.45533328132242185
0.054806906279544876,0.004730640736757045
0.027816481915641234,0.4177655606100719
0.026679963802131362,0.4732218500624468
0.013508739567109213,0.9932014141573333
0.023609578179052126,0.6328925568784959
0.028008557330160166,0.40884838433201937
0.01912635492540582,0.8578254332883257
0.032354312538096064,0.24121859613704352
0.028524047556450216,0.38556459772645585
0.03565062490443405,0.15370596084862537
0.028891225230734285,0.36955312652033834
0.034594803986051886,0.17841774207683164
0.017959731065506968,0.9036846886818267
0.022956395791231765,0.6677227115664421
0.024430646888253138,0.5893520599126432
0.03129449634198711,0.2762630699940018
0.03388118968748527,0.19683464460183345
0.019656096689722236,0.8344846068904872
0.027240636169832855,0.445287717396997
0.020974446471647257,0.7711792331520394
0.0255274904575562,0.5323927245103912
0.020791221836464868,0.7803427425525338
0.018789051282996627,0.8719172740438936
0.03816211211563081,0.10589660460951363
0.02910611159318577,0.3604025863648417
0.041829427079619674,0.05873398848323025
0.021987225762711227,0.7190493434582764
0.023776347049524582,0.624012886215841
0.015305189607637382,0.9732708348899753
0.02206833920785367,0.7147911310212052
0.01945541509964721,0.8434911051824259
0.04048622727814466,0.07334436362643226
0.029262613018096295,0.3538400097151334
0.03584695531106996,0.14942975070511474
0.011910540522831803,0.9988875093527771
0.03556491427867681,0.1556034310315998
0.014288408237168815,0.9868256803099718
0.026218252385186575,0.49706660808592623
0.027041624893931637,0.45507453461681957
0.032196057019739044,0.24622481056474757
0.015040577146114176,0.9774383519299057
0.02756216626176522,0.4297745278069152
0.011856032554741242,0.9989684733123365
0.030228642180085127,0.31521032697385243
0.027891350247605806,0.41427414648859845
0.018472038665223123,0.8845640772474082
0.026523394547820295,0.48122276982881707
0.022273011637162637,0.7040079209259382
0.04632559322430768,0.02649049136474299
0.022796559157103102,0.676236246699468
0.017786613096138937,0.909757833687661
0.020964122699683285,0.7716981428191827
0.04924891884726612,0.015113643341786056
0.030511833709184755,0.30449124805117134
0.0323968900277497,0.23988506641625046
0.02592463841089121,0.5122751271065571
0.024917907966984065,0.5638281272567167
0.03248519759835028,0.23713723411859972
0.02566975733548771,0.5251505021039398
0.03318869091750798,0.21610049303857598
0.028017612368712808,0.4084312419086096
0.030284847551483973,0.31306129408041466
0.020133973973318398,0.8123045195674028
0.025077351099610123,0.5555471516127057
0.022640310231640814,0.6845463557452964
0.021364917188893662,0.751346041330364
0.032272547458450984,0.24379534333705788
0.024556372210865818,0.5827379010106293
0.03148963347186162,0.269539526540771
0.03557281076603813,0.1554278338818108
0.017974341333541588,0.9031629637800086
0.029798693786881214,0.3320061455472846
0.031346590058759616,0.2744560109056281
0.02477067686562362,0.5715078531811258
0.01569681697834935,0.9662152339692959
0.025389770775205323,0.5394393805204298
0.03733017905704811,0.12014258585437872
0.030154501162960035,0.31806156319113543
0.017154576876287075,0.9301722364002353
0.021803168264152517,0.728674861386141
0.020036187577644804,0.8169222367715404
0.024313487874577877,0.5955310586022378
0.03577206067721628,0.15104954047189334
0.01899677297374025,0.8633137541816381
0.02087985871498607,0.7759221376359525
0.027097147580323222,0.4523298629998115
0.03380861563779136,0.19878827346992692
0.031066450183175498,0.2842783998856629
0.04529623686472817,0.03201583599811633
0.019241601959525234,0.852868675128544
0.031861691801865266,0.2570615291520299
0.018353219752353156,0.889147291194067
0.03456865557558986,0.17906757795155137
0.027086436404201886,0.4528584954231351
0.030889746571264753,0.2906070987245509
0.023888515483191486,0.6180482061979828
0.03039484020431915,0.30888668030969935
0.016190757693511193,0.9557490715750168
0.040109123813944714,0.07796292497220836
0.0230262187883028,0.6640008100256327
0.038508709316864786,0.10038985102317817
0.022844139360795435,0.6737030649300497
0.023550331331019914,0.6360497828431502
0.04263439554567111,0.05123495302719129
0.026083875160265946,0.5042995169808597
0.033381614328982734,0.21059185486663823
0.02479197711186304,0.5703949418846506
0.02486446236056228,0.5666123691499962
0.029263192695141993,0.35381586109883695
0.03279996958593878,0.22753834246076177
0.038861644888777525,0.09502954116923504
0.041114350416057543,0.0661670591796387
0.026433958263964885,0.48583226148374614
0.023277654595408426,0.6505907572129077
0.015782219246013862,0.9645321296605381
0.02551089477972468,0.5332400299721078
0.04221160725548617,0.05506363826206982
0.023662825718114455,0.6300560863089765
0.025572960046643917,0.5300738743200537
0.026135793795701412,0.5017108961557447
0.033881278207235965,0.19683227095535272
0.02734968267927007,0.4399850830398277
0.03202022331862897,0.2518794024828896
0.03949507018015452,0.08600908989017957
0.018405652605038847,0.8871355877120284
0.013955102120729812,0.9899279068095276
0.023870363651994075,0.619012956418608
0.024112587968122823,0.6061574657668296
0.024340053707698428,0.5941287293828568
0.02514170393736992,0.5522160236909186
0.030428556947082352,0.30761520751738947
0.027839000429723815,0.41671333129204424
0.03653270830048777,0.13524173399320036
0.02399644028681569,0.6123165121527405
0.02563091174270038,0.5271241331230871
0.05966461628938724,0.0015485129602770648
0.0210590717146803,0.7669144902985205
0.029333262136106264,0.35090548563902146
0.01718778038670954,0.9291702070605892
0.03782324140905241,0.11152061090509635
0.025449636229209482,0.5363720284102413
0.016028044095578342,0.9593931007481534
0.02021690050388414,0.8083585845709127
0.015706798813294842,0.9660212139448389
0.023962950462170562,0.6140942573187737
0.030830590118159196,0.2927489537966858
0.021265682567565586,0.7564226632416804
0.035267607359360964,0.16233160866766372
0.020535138902553873,0.7929754957727227
0.026337652050693272,0.49082763482781144
0.03136988213451852,0.27365090753681787
0.035071632052870116,0.16689260871876752
0.028509320250657,0.38621673515534977
0.04177103725274828,0.059312840564679045
0.028480156962353564,0.38751037359696355
0.018768632929249685,0.8727497090439623
0.02146329212286302,0.7462911982336722
0.04093422564774468,0.06816127078569727
0.029490014826749844,0.3444565413759774
0.046201459112143406,0.027108763923205048
0.01637369835988689,0.9514197257243983
0.037060376730987055,0.12508788929336503
0.0228295462013261,0.6744801214788643
0.015398542788891967,0.9716865120938655
0.027653301161520316,0.425444556870694
0.025405289415993626,0.5386436283087603
0.017339904113602478,0.9244782545397036
0.03533984225165271,0.16067584855374553
0.041790763007530485,0.059116742826387625
0.017523797115757023,0.918586969511141
0.019943224729280784,0.8212756213080983
0.038182896430743574,0.10555946117806612
0.01762379767485034,0.9152837527930171
0.04575551122668281,0.02943633777724537
0.030213819086188975,0.3157788819796842
0.02674396905776555,0.4699762389063686
0.025292273894441886,0.544448441113996
0.04032170727039058,0.07532996068046965
0.029318762695651035,0.3515063244906105
0.03665711407863945,0.13278927777684704
0.015323482440765424,0.9729651261370679
0.04011035317311262,0.0779474777483244
0.03204531776623393,0.25106642268482715
0.02977069259681775,0.3331219909739868
0.01720618858904456,0.9286112589137443
0.026502309613467445,0.48230691035725554
0.03671331796649252,0.13169326532727224
0.019729185550775075,0.8311573200092529
0.032108360733762886,0.24903281928801613
0.02129018340371447,0.7551714173508901
0.039224586233625125,0.08976886868138072
0.024833049898810244,0.56825069794221
0.027794850474664345,0.41877804078481556
0.024633472242340748,0.5786910057544428
0.017210220824041444,0.9284884987073537
0.032139797426629646,0.2480234408670783
0.022855250738563204,0.6731113422970941
0.018980381864616258,0.8640014427209457
0.023561664504603064,0.6354457585915149
0.02517055036436476,0.550724992192102
0.0442428405260773,0.03869462807510505
0.029977261223735452,0.3249536431019259
0.03731831786945028,0.12035656513948209
0.03359751056534499,0.20455743220285952
0.04248235367130759,0.052584490727808096
0.0296698229025531,0.33716404567282005
0.030540809575784728,0.3034097574148148
0.01810265407332068,0.8985204522539161
0.029764738904486276,0.3333595933180164
0.02974279898625029,0.3342362347964526
0.019898027813830765,0.8233789476567477
0.03935625503878237,0.08792177005641398
0.02418310043372096,0.6024236525176947
0.021912573643623867,0.7229598221643341
0.042038700490901526,0.05669899294215324
0.044172340399862176,0.039182197384606945
0.02968922410942898,0.33638387282378035
0.033447902640820815,0.20872450567124481
0.03820153934736881,0.10525781175363602
0.03228040545730909,0.24354679843922175
0.045568619726902626,0.030463041922745772
0.03595900938201743,0.14703250021206893
0.03753999239457928,0.11640891096234066
0.020326713474242752,0.8030924488094499
0.04113767762849707,0.06591247420542433
0.022513834785222397,0.6912610237513408
0.023678088180002277,0.6292432683220729
0.033909582669528204,0.19607444061880747
0.017612979229506442,0.9156444607516537
0.024049042251682362,0.6095258692304892
0.023694694751400847,0.6283589798801272
0.019251488975285502,0.8524401895212949
0.028223131792112166,0.3990418755288012
0.02245099659597305,0.6945923778323675
0.027881023311020048,0.4147545464398506
0.018067242386731075,0.8998124943411945
0.03698086502164866,0.12657670988047923
0.032019128896673354,0.2519149036412723
0.028960930106773863,0.36656712131640273
0.024038746773314745,0.6100719034835482
0.017254063709013612,0.9271461854171307
0.041355895784228436,0.06357113905462124
0.029933529811048687,0.32667069160261825
0.04558826026758189,0.030353682226713478
0.016742095400027024,0.941953038186233
0.03883778457736076,0.0953842300214923
0.028108084314782456,0.4042794426867196
0.02056241677650872,0.7916401413590152
0.028346828845789984,0.39346294782175745
0.023406500133086983,0.6437183768208605
0.017301157711301918,0.9256890070957511
0.01716874686477654,0.9297455796315667
0.012937281873203837,0.996144484809211
0.017679366924004625,0.9134182140473837
0.017942973950343055,0.9042813286079536
0.018471274236415203,0.8845938424203617
0.02476669551727856,0.5717159419100868
0.024127684451197035,0.6053577158283759
0.03663858689359989,0.13315219597092395
0.02533120959327656,0.5424460680420868
0.037383796367605804,0.11917921251861642
0.03742301665329811,0.11847855018887922
0.037704500413449304,0.11354878320753863
0.02288379837161525,0.6715908312980132
0.0187985369002458,0.8715297363599686
0.02105720092918395,0.7670089817445123
0.022707851392277212,0.6809559516589572
0.032294712012532395,0.24309478474519336
0.028720620067246183,0.37693356881033063
0.02845828884980256,0.38848238345844094
0.029629431710578136,0.33879245197532154
0.024234345956820558,0.5997128012098146
0.02076411130486322,0.7816900600284609
0.04143613521892897,0.06272828472418554
0.025101366175626638,0.5543032764275542
0.02992453382693916,0.3270247185006449
0.02797653402464384,0.41032595605054706
0.043507388397664215,0.04405090861949447
0.02610231566126875,0.5033794147006779
0.021754483546168157,0.7312115552135245
0.03757582737324655,0.1157808799967671
0.03790391286474937,0.11015984664065957
0.020222624979761683,0.8080852021713154
0.04384199043253517,0.04153894224276939
0.01889054549330138,0.8677439657967958
0.034090538425633476,0.19128346214349798
0.02624668082451409,0.4955765504335846
0.03253926346737818,0.2354668159406693
0.023820643708038935,0.6216565164929223
0.027832491751766164,0.41701727860473
0.02519801756350476,0.5493065150145564
0.03518290684700587,0.16429047650634396
0.019269742002671175,0.8516478040187627
0.024756234418700063,0.5722628023395955
0.02350774971187214,0.638319584477715
0.011923779619488331,0.9988670878838033
0.0427033963179701,0.05063242756291505
0.015247950927706255,0.9742125595597609
0.021745522288409647,0.7316780248705821
0.026082024662028344,0.5043918897633208
0.015286009227571506,0.9735889043570423
0.02663199931818583,0.4756636280092512
0.015250439678703431,0.9741720795610478
0.03604604054361016,0.14519210989360756
0.01964108004906151,0.8351651641457297
0.041475179592751266,0.062321622564496804
0.025240573607340777,0.5471112786863577
0.0345360540185837,0.17988041239162836
0.021811998580547276,0.7282143245294885
0.021323431756657296,0.7534711546959527
0.025920394147182946,0.5124884413707319
0.01584227999338267,0.9633170000305904
0.031210963081498455,0.27917925919243697
0.027621309668609317,0.4269611512935142
0.02746840647730886,0.43426013771872535
0.028373844211217136,0.39225173189398216
0.022535422135632865,0.6901158067001016
0.038414428215044705,0.10186365139535267
0.01986783313570417,0.8247792101633726
0.02830536267538597,0.39532708887054047
0.023472211846058244,0.6402142772749038
0.019112512795887437,0.8584160389841902
0.023168922000401715,0.6563907077803381
0.00984156516642598,0.9999763279834772
0.019642200527093534,0.8351144201477984
0.026304110991988428,0.4925751379307206
0.02922689025520797,0.35533043742837467
0.041819003782285535,0.058836963797659625
0.02568102124351132,0.5245787636351882
0.02788699159950525,0.4144768606210979
0.027164075826278,0.4490360055017661
0.016905991087704575,0.9374206235466281
0.029556211090402296,0.34175879127222664
0.031003929669136232,0.28650577578253833
0.023728082529697547,0.6265814727208378
0.024264084859177082,0.5981407399956471
0.025355172030291695,0.5412150439985668
0.02578596579507797,0.5192639582326093
0.028159869093152046,0.4019161083752945
0.05822930764537032,0.0021752248752581788
0.03730013560618048,0.12068518651437816
0.01899105838199311,0.8635536782555387
0.03748915681633502,0.1173046501964781
0.023635811633527126,0.6314949787259128
0.021602252267170496,0.7391157585103334
0.02418738183256719,0.6021970795097515
0.02755910130390002,0.4299206640652307
0.0460164429420602,0.028053936265120566
0.018528482711349437,0.8823563985418759
0.023523027546008102,0.6375051466083328
0.023022032453769437,0.664223999283808
0.01707023870446267,0.9326816624141345
0.027252180320071984,0.44472434752632617
0.02769530844034951,0.42345869540493597
0.046726687177940485,0.024577151377545885
0.029567705298725988,0.34129190587886726
0.02440763090882614,0.5905647926689379
0.029671109093531822,0.33711228436587487
0.02467108038731003,0.5767196648806292
0.03608189209090795,0.1444394221260041
0.023491740006091777,0.6391731009871946
0.01523834488365039,0.9743684071259364
0.030593816878682678,0.3014386298233014
0.025739763310900554,0.5216011416073444
0.020990516953823035,0.7703708766558406
0.02843686998860634,0.38943606538078085
0.023587681892339063,0.6340592615275953
0.021268073548482813,0.7563006205786877
0.02715445143966888,0.44950868285769535
0.025621344809620306,0.5276106478337174
0.026575056651814755,0.4785731086326171
0.012860024353582578,0.9964510025747771
0.019696923972079117,0.8326290192996597
0.02016061611418274,0.8110397453408571
0.01990298877433022,0.8231485082385308
0.018199914316260224,0.8949298692141792
0.05963505991592499,0.00155951769113157
0.016367452633417434,0.9515715973578013
0.015208270516701594,0.9748522655919959
0.04570083857145374,0.029733483822764497
0.04105906264257825,0.06677380287554038
0.021620172817168548,0.7381875600911549
0.035751738132610233,0.15149150144985787
0.02003315145559903,0.8170649854139732
0.016904586249746334,0.9374603088338188
0.03327173757996277,0.2137156789703817
0.01898139168888291,0.8639591185072362
0.03553869745239846,0.15618756858271438
0.02019360859618624,0.8094696191135149
0.023149873264213805,0.6574067194103954
0.020481571624028083,0.7955903681943453
0.019897805136062652,0.8233892886747496
0.020433400117107925,0.7979332721982444
0.017214481441871654,0.9283586585874026
0.01704245430313861,0.9334970957211861
0.020065849816589598,0.8155256197911327
0.026962120649722254,0.4590238547209738
0.02072231325910112,0.7837628210307794
0.019258407519581577,0.8521400503871526
0.029489553125672308,0.3444754108195371
0.03797236730317244,0.10901595976291002
0.03269553696955285,0.23068927243289294
0.022849686227504093,0.6734076802273465
0.018054075122856506,0.9002908266071645
0.01930906463507609,0.8499349246027176
0.04042628585951791,0.07406259439903365
0.02585139795145286,0.51596139211347
0.03465803620283314,0.17685403372130415
0.023164783786922105,0.6566114327920711
0.018583161246390922,0.8801993244288342
0.03511719909783939,0.16582308333168927
0.023891108913551284,0.6179103846817708
0.02357591300840417,0.6346864122265643
0.024281136099520984,0.5972397526283786
0.02715868011227246,0.44930096158900523
0.03604494195432262,0.14521522432718503
0.030490783340693134,0.30527870177207983
0.020815784943367277,0.7791200761024835
0.024055986631946802,0.6091576105025354
0.02847089371968381,0.3879219063912233
0.026472370179155102,0.48384904792894046
0.03343950178465377,0.208960442915289
0.020962832561313482,0.7717629686120935
0.02957706288593409,0.34091214617026927
0.022688426441672627,0.6819888543318646
0.01951890037083892,0.8406628273969
0.02188945297093603,0.7241692007731835
0.025436956015052137,0.5370211917044425
0.020904749951726698,0.7746765269667834
0.04135298595292741,0.06360188566469738
0.028522884683606503,0.38561606281993427
0.023305054840877526,0.6491291755761388
0.049280563754750706,0.01501929131445254
0.040981756324863894,0.0676301350138694
0.024254678243990302,0.5986379038330034
0.03151489258006979,0.2686782640102333
0.039955586250829345,0.07991262404396693
0.033300710027339586,0.2128885137488667
0.03544759053866031,0.15823123979405262
0.03603082153499515,0.145512584607151
0.023194093284433837,0.6550480842750876
0.020291772470198255,0.8047730149576773
0.02424090257721845,0.5993661333975329
0.02653399714355653,0.48067820582764953
0.03303628761056876,0.22053058829039876
0.029281362860749338,0.35305950896933186
0.03362609606642164,0.20376867113686653
0.028374708012371186,0.3922130466135513
0.015523269152706687,0.9694750421006504
0.029789923769844184,0.33235533972568143
0.02502668290838983,0.5581745022953315
0.017565034303049953,0.917233259358335
0.01903347295038893,0.8617686427598685
0.017124684562183634,0.931067542004265
0.019816341060057946,0.8271579412324496
0.02006289686603746,0.8156648181641795
0.01887054648522457,0.8685709405905788
0.015482104308491729,0.9702169732073903
0.02541274293984408,0.5382615854178134
0.02879408918868953,0.37374270669007886
0.027934692799259753,0.4122620308148922
0.018462209604032498,0.8849465257519015
0.021249284820199055,0.7572592788658908
0.020531118911206625,0.793172074547677
0.028918360984897473,0.36838866117137364
0.023436264700181286,0.6421310720793602
0.023482689343759855,0.6396556412189742
0.05001054669455407,0.012984538040652529
0.03587298406317363,0.14887010532335823
0.01894115767382265,0.8656410441563781
0.03564330361028423,0.1538673094246912
0.020979560916166984,0.7709220516339705
0.03265593358898361,0.23189291116264454
0.04012509771320927,0.07776241030670569
0.014392809944706875,0.985727452959011
0.03401600397356186,0.1932455592468926
0.03476075779182519,0.17433697847209723
0.026990566578448227,0.4576082302524276
0.02428194363561953,0.5971970893443597
0.024314113630284462,0.5954980187674889
0.01931459639369082,0.8496933269002217
0.02422238116644504,0.6003455170955251
0.03489996035804699,0.17097154387274655
0.020806027248092773,0.7796060008154191
0.03763406997912411,0.11476610174875496
0.023403918180057492,0.6438560757106604
0.025157929278312896,0.5513771920712072
0.0426601043641443,0.05100973990248976
0.05087567458589071,0.0108967359031468
0.032742654040179286,0.22926353456117318
0.030270099919623594,0.3136241371311159
0.029330065580794387,0.35103788400850194
0.03143352647709868,0.2714600215466736
0.037531982736181524,0.11654966852220033
0.024306585909724454,0.5958955073024521
0.03240540862452035,0.23961894091434321
0.036148635035336385,0.143046599009421
0.025130666471472607,0.5527868912848997
0.029652930046029424,0.3378444100919269
0.024042919814488473,0.6098505710623201
0.024172377776044862,0.6029911696780564
0.02418268239597987,0.6024457760754931
0.02294955773437035,0.6680871344331714
0.02831603168197777,0.3948468736323212
0.032026870392470874,0.25166386439966965
0.029073281392857586,0.3617901234639471
0.021869236732369846,0.7252259584214195
0.02549084609464436,0.5342643115048569
0.02545728083203519,0.5359808040104204
0.02971734404560289,0.33525540373717094
0.012624105199208091,0.9972714817131461
0.031060217296149828,0.28449987522744286
0.026979413261442375,0.4581629359198093
0.027264549420184803,0.44412124703531874
0.017872094929603788,0.9067842402787737
0.03672181537514141,0.13152820454437572
0.039002585850089755,0.09295683817156009
0.02555673058577057,0.5309010961551988
0.02353955826468221,0.6366239903979275
0.027609226626014838,0.42753491195951276
0.03211874227476408,0.2486991411485877
0.045830002928208935,0.029035688588808332
0.0355826020750909,0.15521032219647785
0.024205522831961757,0.6012372325453774
0.016417143879008167,0.9503553421016941
0.017497020060909557,0.9194596239873285
0.013779640501873303,0.9913283129133511
0.03667298478467407,0.13247903761433982
0.03860982573193661,0.09882897898029074
0.03802717856683502,0.10810715847603608
0.024806707588737598,0.5696256553215042
0.02203387188356551,0.7166017009518186
0.02996647719903378,0.32537645292913664
0.041843865607862796,0.058591600845974805
0.017096722839870515,0.9318991832491695
0.03491230128613243,0.17067569747029132
0.016784249467192702,0.940806109179003
0.01622893641062728,0.9548659009372519
0.019165797591292222,0.8561369109571215
0.029362811769586328,0.3496832517360638
0.028756825623058924,0.37535873667886177
0.02924005372610436,0.35478071199307193
0.024173249984492218,0.6029450026223258
0.03396418643716903,0.19461893601057598
0.04931959947665443,0.014903631493030662
0.042110303514863,0.056016773955547
0.026987832221831876,0.4577441812806067
0.038203138512932444,0.10523197000382664
0.03726836150083376,0.12126123315824296
0.020637468867854114,0.787953131783871
0.059042356548896224,0.0017961463038589853
0.0201048720197588,0.8136828315692011
0.02124056306428007,0.7577039973314577
0.02851244255305202,0.3860784129224411
0.027288598408271525,0.44295021457969735
0.023711303555594643,0.6274746930061283
0.02956074054027502,0.34157475406918325
0.014125819435505726,0.9884138990662575
0.015705606708060427,0.9660444227922435
0.0421229231620458,0.05589727113845328
0.03296853100673569,0.22252255978531238
0.027452973469467734,0.43500148319008164
0.027527255015865504,0.43144106890003403
0.02622478700710057,0.49672384640986583
0.040173215981854526,0.07716103309854633
0.031245934725783964,0.27795559874878323
0.03691390912951498,0.12784165221872806
0.02712109213522551,0.4511496002452953
0.01876286424434545,0.8729844550974979
0.027458348691033807,0.434743180648663
0.02669431609090439,0.47249279678395645
0.017927913991564542,0.9048159444245523
0.033193820100296645,0.21595260538741096
0.023308643924652317,0.6489377292489278
0.033878838220886554,0.19689770711462876
0.023110495248705884,0.6595069050398694
0.021934971244557122,0.721787467439397
0.028905541416499342,0.3689384595602161
0.019890148112081507,0.8237447457983856
0.03748089375780295,0.11745078287165302
0.036862905621149744,0.12881214246347025
0.020782712751512,0.780765864478353
0.02107142090021441,0.7662905090800436
0.033475602846743224,0.20794801732683563
0.038319547718257074,0.10336494853570279
0.021947020889420132,0.721156434615117
0.038448221508156966,0.10133333893100109
0.02500526247859336,0.5592864296200029
0.02923598463857588,0.35495057834599036
0.025639627713144375,0.5266810463380833
0.030168600082423502,0.31751792126465966
0.03490451923443072,0.1708622073728471
0.019266045687419076,0.8518084046702084
0.013828405686237555,0.9909544330243794
0.02608856675278226,0.5040653563820483
0.020658077515160356,0.7869374492062922
0.05414840552283906,0.005463845797023872
0.02543708675651951,0.537014496913559
0.03078206402296002,0.2945146190206219
0.02090413970674354,0.7747070865919959
0.02712374833207354,0.45101879847513937
0.027274113254630916,0.44365530194369096
0.034478876743973264,0.18131303410091504
0.03267657982112604,0.23126482394456205
0.018286452507402295,0.8916840222255257
0.030706628417981816,0.29727501353989494
0.02097444544837712,0.7711792846001497
0.02613193175023243,0.5019032515245418
0.026582009526571637,0.47821723311494174
0.022333556922593395,0.7008086509164901
0.02529089474927379,0.5445194152616339
0.022955927084423927,0.6677476910012617
0.04049682640580232,0.07321797956179271
0.023744966451619498,0.6256827987496583
0.020679515467849074,0.7858794279897312
0.052966263950313286,0.007045996983176191
0.02363482873348044,0.6315473377761831
0.01481562393775454,0.9806158645642685
0.015436857398935688,0.9710187562459667
0.03180945533326762,0.25878659226567785
0.01983423262519582,0.8263327432850611
0.028352810812200813,0.39319452738439586
0.020441302968571384,0.797549467237318
0.02032727165368242,0.8030655649106173
0.025121357145544754,0.5532685302404297
0.027808483499758896,0.41813973980144564
0.016134089053745915,0.9570402158587464
0.026839628829102374,0.46515270365607375
0.03966113526597265,0.08376702938858908
0.021046164858658734,0.7675662095501434
0.016463582364656726,0.9492022427904852
0.03157857609694703,0.2665160136633319
0.031791495918516155,0.25938170161133356
0.03894591331056996,0.09378568158996234
0.030696480086589817,0.29764782019090114
0.039809861065769,0.08180104961548715
0.025331150531336444,0.5424491034733442
0.018797842204494708,0.8715581359554041
0.019875416210294983,0.8244279211999296
0.02819522821731868,0.4003078750800282
0.03442739089509894,0.1826107667339124
0.04662210636556463,0.025063851705196993
0.03813679799055941,0.10630843250054074
0.029434161046845153,0.34674462150597307
0.02902947320334942,0.3636475143676657
0.01640622411824849,0.950624177746075
0.020275844577871238,0.8055375799379163
0.0417823199282627,0.05920060900960071
0.02942679035074436,0.3470473752857337
0.032911225103046005,0.22421811152456447
0.04831217326773313,0.01815882238800599
0.02748337182320204,0.4335420688560411
0.023166310429114545,0.6565300045790881
0.018277514744715617,0.8920214645768464
0.023974819696494287,0.6134641112631405
0.020970089341954212,0.771398274749387
0.024225487307625082,0.6001812471049632
0.01691242725776332,0.937238623776952
0.033687654270411316,0.2020781588379322
0.018436391102868432,0.8859482920793706
0.032233902678229454,0.24502047423054196
0.024531639529369265,0.5840376047140485
0.030980827959094015,0.28733207524437987
0.019792739378329788,0.8282443319092749
0.039349250454240425,0.08801922281621187
0.0414646560157827,0.06243100697620675
0.026374573420260228,0.4889086378780199
0.022421989906757256,0.6961289794190846
0.025287657279333187,0.5446860361041723
0.031515753847530165,0.2686489337478022
0.025241018089100398,0.5470883662513102
0.04267492686823343,0.050880281465046195
0.028839862964326612,0.37176430022057005
0.028773898650819613,0.3746177140779245
0.01640914411204264,0.9505523759958424
0.016402341241941704,0.9507195590920655
0.02901749580183366,0.3641565061305288
0.029956323031336107,0.32577493211974756
0.01947245182009172,0.8427340494587906
0.025025334668992816,0.5582444682338203
0.025036402956804038,0.5576701699421875
0.03190733037561155,0.25556148485220637
0.019843112657210504,0.8259226527742531
0.023412243629675422,0.6434120724133156
0.03757427913478395,0.11580795602007947
0.03667751214727444,0.13239064530242994
0.026816880346695826,0.46629681232616016
0.036813915949666265,0.1297499763963836
0.01575939832686596,0.9649870151312062
0.015548435839238928,0.9690155718884633
0.022983195119685718,0.6662943439504354
0.019838335634627113,0.8261433045074799
0.02788931902049749,0.4143686073723583
0.018698976382242716,0.875571295101202
0.01809176088163894,0.8989187769337105
0.029948593466006562,0.3260784996925423
0.027050551995559502,0.4546324957457113
0.046331983529020626,0.026459003453045433
0.037702288982822685,0.1135868428037132
0.012690968586581919,0.9970558161775747
0.016872905700746066,0.9383514229202594
0.02732392863709654,0.4412336025981982
0.023877263380367553,0.618646219654826
0.02821829818157423,0.39926098098207
0.03952327656133581,0.08562475279588759
0.026651181612617814,0.47468611130708727
0.028258501860329743,0.39744108940846895
0.035058122338316955,0.16721075801959276
0.019171278200917352,0.8559016342559058
0.024816948178850495,0.5690910253615289
0.041206142310454386,0.06517009634902379
0.020337673226780373,0.8025643766414984
0.019539228563782096,0.839753068065022
0.02923719490174037,0.35490004919013796
0.013222995152857936,0.994830623734755
0.028900957382232473,0.36913519717461357
0.022254212097095383,0.7050004871427147
0.03253688116956521,0.23554022902338548
0.029865435147904018,0.3293573861899721
0.031359223583551754,0.27401910655952383
0.025129385126620774,0.5528531762914084
0.02889037837102082,0.36958950909557486
0.018474410349200387,0.8844717062873805
0.022405241424760525,0.6970158576323242
0.030314117244821054,0.3119464022830525
0.0340201443769414,0.19313615104155846
0.018921234792009578,0.8664705503276523
0.013430369730605018,0.9936819929564162
0.023197692325701402,0.6548561094080714
0.02299531683086986,0.6656482029306863
0.03406830869673849,0.19186700585807917
0.026128579101679705,0.5020702621188785
0.030306652177548354,0.3122304730385376
0.016499189929248592,0.9483073100445405
0.022101263365213147,0.7130601049740184
0.024054151684828384,0.6092549136895764
0.03239729444548345,0.23987242708669235
0.01855184257254272,0.8814370600188952
0.019498735082084995,0.8415633221147292
0.019946864323125313,0.8211058659452289
0.022714098669352145,0.6806237102287821
0.03363158997380107,0.20361734995087202
0.046200125493992605,0.027115474903757018
0.0298111614773946,0.33151017748269174
0.02032161886401307,0.8033377697026223
0.020178977742909235,0.810166435173711
0.0368134350466463,0.12975921014223554
0.026418010294963157,0.48665719955397463
0.03661940995438978,0.13352869310864104
0.03357709075499282,0.20512233474529326
0.022568893625189712,0.6883393977092933
0.01996486776223183,0.8202653357291909
0.027224022124608838,0.4460993400271207
0.027611132433756347,0.4274443804967209
0.02672237956861001,0.47106937756403766
0.026399957922004558,0.48759208311699154
0.03961804265472167,0.08434404472628809
0.02003419123159267,0.8170161027920779
0.03734349657016445,0.11990270681588493
0.021043907427110292,0.7676801499564407
0.043716375801373886,0.042466958796873164
0.033680142947668246,0.2022838457551595
0.023500604753292326,0.6387004918490187
0.03576754088935152,0.15114774376542953
0.023631034481322533,0.6317494608804624
0.04516818309399395,0.032769583208912385
0.03484208321111304,0.1723644739726711
0.025326341702676003,0.5426962689208885
0.02139879486381968,0.7496077198695366
0.03815455347711094,0.10601943498860805
0.021720917695896208,0.7329580553713169
0.01902801530405393,0.8619988837652331
0.036810055419278065,0.1298241169997776
0.019536975441698468,0.8398540014413027
0.022378717112001373,0.698419842373198
0.019461983034678998,0.8431994165842925
0.03214228196026159,0.24794379956650747
0.031945220703074706,0.25432115001540584
0.016042261160974958,0.9590824352557403
0.01833188827562493,0.8899608019665912
0.032963921583805456,0.22265857497380706
0.039180130152915105,0.09039981918787915
0.016649609963918954,0.9444236256261589
0.03482119463915945,0.17286941205229228
0.016296508601902404,0.953276498668518
0.04149970362956934,0.06206735045842195
0.04361011017345057,0.04326606126339927
0.026266077649566344,0.4945615249680063
0.024642037063820954,0.5782418989492877
0.023076132022905704,0.6613394376326227
0.02924709441188844,0.3544869310840384
0.026115123450425548,0.5027407969055638
0.024262089810440007,0.5982461764652512
0.01995701704570363,0.8206320325466309
0.025798985886862635,0.5186061017376801
0.022520424571611408,0.6909114734023943
0.016748476243367172,0.9417802661205263
0.028995949614650518,0.3650733994160002
0.03068231182390424,0.2981688785331377
0.03009183266292914,0.3204862045481628
0.026084274107225636,0.5042796034045234
0.02148375286963844,0.7452371962985171
0.02770908002914496,0.4228090238350199
0.021113260760047048,0.7641733936831911
0.02229437001278567,0.702879777055242
0.02863102209523727,0.3808506821803596
0.03760143485703413,0.11533380567472527
0.018909299813526875,0.8669664075916724
0.03273090768290632,0.22961833754173022
0.018158564014765954,0.8964638850633813
0.01770341484903859,0.9126042943693959
0.0250264893947183,0.5581845443800676
0.02502330539690234,0.5583497811476867
0.014597307386124692,0.9833913246447615
0.04168678650645208,0.06015668697539853
0.04452826653630959,0.036774395870836446
0.026701521085268576,0.4721270814476785
0.02874543588324413,0.3758536578946503
0.016401101147478614,0.9507499981074756
0.02642235421873862,0.4864324124645508
0.033599238223993466,0.20450969327066099
0.03066948241577161,0.2986412783636384
0.022586779984020033,0.6873897747571794
0.023549565479353274,0.6360906018365118
0.018179982493572888,0.8956706760944686
0.04508990271622709,0.033237992204684874
0.023567533270006935,0.6351329863959594
0.018590737939003343,0.8798990013419401
0.030907381793238764,0.2899708380961222
0.0308519960016517,0.2919725749866474
0.032405515668045726,0.239615598253512
0.03040079648808769,0.30866178690042034
0.027766033229831677,0.4201294497093103
0.02205201673596341,0.7156487568938407
0.029175241668782825,0.3574932009810854
0.04738264037318707,0.021711068192894478
0.04307662781271987,0.04747832149182345
0.02227259310204477,0.7040300227984436
0.03135099601257052,0.27430358095552365
0.01510139040473124,0.9765223026880887
0.02676462581940875,0.468931882642506
0.026773292767376833,0.4684941556716084
0.01929892449005577,0.8503773855007913
0.02641957425400243,0.4865762608912291
0.02362006832517005,0.632333667731704
0.016633264994971253,0.9448537085744048
0.029032413584529626,0.36352263678485564
0.024467534628392795,0.5874096167171958
0.014620164612314301,0.9831145886569151
0.03173931255174989,0.26111673044885664
0.05911641817086011,0.0017648549591739492
0.043899305078214546,0.04112141283850014
0.0241094173678304,0.6063254550251371
0.019354914010437096,0.8479277622985195
0.03138913712483893,0.2729866839520314
0.0143705948649131,0.9859663857373493
0.03774565441612954,0.11284242542324575
0.03267680881318252,0.23125786502004544
0.03159915276757186,0.2658201762676557
0.021104884198986484,0.7645976225075355
0.033244944136253785,0.21448285187945781
0.01737018687477343,0.9235245406701345
0.023580943771594143,0.634418322920633
0.0392952836000825,0.08877309377076907
0.02471602283625729,0.5743662463693302
0.03443878715884585,0.18232288557093945
0.02564880175042228,0.5262148314642234
0.026154045539652004,0.500802282752627
0.025953465878992388,0.5108272726458883
0.04616078003193258,0.027314129219374796
0.04134330672641029,0.06370425229222995
0.0407735314965455,0.06998335243873863
0.020155249404734454,0.8112947439319668
0.04819673607464925,0.018569737103335836
0.03449924634879492,0.1808016254163891
0.030606585284427945,0.30096523528063307
0.02543300283968719,0.5372236338883667
0.01676647945814652,0.9412911867204254
0.028353552912557367,0.39316123699282113
0.03899625961853326,0.09304905513397407
0.022111110217606034,0.7125421137054115
0.034288155319143615,0.18615709909844036
0.01949348504590165,0.8417974421165746
0.03718277582991503,0.12282409608091327
0.02385799456082452,0.6196704741559211
0.029712201102244873,0.3354615891010641
0.049971072742298284,0.013087872120993183
0.02446547213859293,0.5875181840503743
0.027955279822534984,0.4113086505751358
0.020759632955421742,0.7819124024005817
0.022899601555525395,0.6707489755255546
0.022960859586861337,0.6674848128510171
0.027745216617628354,0.4211075034929555
0.03072527250454718,0.2965910066222032
0.028868505910686793,0.3705300616315722
0.03533462992223513,0.16079487006774962
0.01305664786005678,0.9956312484793812
0.04813281884543996,0.018800813355221695
0.02984197471060429,0.33028671296311934
0.04437091622371814,0.037822415470988226
0.03964600845671773,0.083969199368212
0.027937327411733937,0.4121399383458963
0.02524008189529031,0.5471366261661124
0.03022968790982339,0.31517024514163894
0.059244805884272445,0.0017118073244287546
0.036458865843069566,0.1367147759563465
0.021129743866823203,0.7633380738105786
0.026027756504775894,0.5071041277374382
0.02414602498390983,0.6043863648872485
0.02908623158160184,0.3612423454087335
0.03578527309537899,0.1507627637886646
0.03152684157348329,0.26827155847431905
0.020325542437646282,0.8031488463140227
0.024558089441987674,0.5826476872572348
0.03358937257030015,0.2047824195393427
0.027590450902893582,0.42842750654584383
0.04194153924716271,0.057636136878231256
0.029057199039036252,0.3624712061189679
0.019614631189795118,0.8363612683724774
0.022452986830471255,0.6944869189453415
0.02788683028756972,0.41448436429356134
0.025830468815907115,0.517016804510297
0.0175177073709748,0.918785873181077
0.029411039780803172,0.34769496795977217
0.022157076947765586,0.7101223775526082
0.02449570763671466,0.5859270973101667
0.03516803309786254,0.16463640502815033
0.024215805123862566,0.6006933237977106
0.018035032830796438,0.9009805701050956
0.01886177180209747,0.8689330653020851
0.01973910033935078,0.8307040767261553
0.027866163169305846,0.4154464935674414
0.023101250260154416,0.6599999444417091
0.01990854858260993,0.8228901259590009
0.028636683203518032,0.38060234716735236
0.02489911700983452,0.5648065701887257
0.033012453045122445,0.22122972142835054
0.05078730564012479,0.011095134849388085
0.030547678832794523,0.30315378468197224
0.0374813037795137,0.11744352808055693
0.02064158742116301,0.7877502629263288
0.01922313483180421,0.8536676444011095
0.0194107036747333,0.8454711244626081
0.018793871774667403,0.8717203962511815
0.023303708539796908,0.6492009891670428
0.02625133873144253,0.4953326828161473
0.039288596752382,0.0888668795785794
0.020641028679945883,0.7877777882780629
0.04904695042318152,0.01572846291314354
0.02500230349650978,0.5594400844162143
0.03557876678737304,0.15529549305114412
0.022181443625245656,0.7088386050096643
0.02490492833892355,0.5645039202121837
0.03737798074022136,0.11928339708891546
0.028680519801381366,0.37868320232288954
0.022492571303524334,0.6923886829635957
0.01803478774131617,0.9009894321139642
0.029053921016728768,0.36261014049666646
0.02365936226809323,0.6302405491685783
0.03261184472913081,0.2332385394159082
0.01892723879887226,0.866220802313248
0.025018281680739773,0.5586105235646726
0.03190246772081873,0.2557209941187402
0.022635965887770948,0.6847771934609099
0.02270296334352362,0.6812158905375189
0.028590320729599772,0.3826394544391675
0.03106710565724713,0.28425511614940446
0.020363151572591165,0.8013350411980761
0.031883303117772765,0.2563503826606439
0.029000988468819877,0.36485882622636046
0.04082870048373061,0.0693531846180005
0.022939434262578273,0.6686266196036477
0.03453865166883774,0.1798155397928627
0.03432034388448724,0.18533246263238629
0.03804497989783656,0.10781335619190723
0.03339765928820426,0.21013867898387617
0.028276651714465584,0.3966213829261075
0.022844355820203277,0.6736915381748136
0.02608204419019755,0.5043909149214614
0.021104168061176348,0.7646338825536412
0.03183655373658051,0.25789060312517587
0.02968505902496754,0.3365512521083891
0.0264907988748897,0.4828994346622653
0.026147113051649518,0.5011473113852187
0.03467598157843976,0.17641223868092268
0.024560719383461216,0.5825095315857394
0.0228325589680326,0.6743197056437198
0.03453055117534676,0.1800178992723197
0.018918836959046725,0.8665702362354196
0.030759824469133917,0.2953264492766675
0.01764220252820048,0.9146682376090988
0.041114189672162293,0.06616881638814448
0.02486656548268784,0.5665027298447569
0.025348104920764114,0.541577998745455
0.018457205553892853,0.8851410051870413
0.016546316648736792,0.9471084880200302
0.015637751829539137,0.9673487219391632
0.02688960557859782,0.4626456635369737
0.02337629455859558,0.6453293383280158
0.029782019401315862,0.332670293429583
0.0176539823664192,0.9142730544683176
0.024839688400450533,0.5679043486762541
0.024627096362901946,0.5790253921786108
0.025185333360577822,0.5499614059092517
0.022034453332499093,0.7165711711772667
0.029430162566055906,0.34690883700018904
0.029562319886452748,0.3415105999715545
0.016257509397348824,0.9541979211806875
0.01762776866493468,0.9151511488970249
0.021623208905301894,0.7380302432548115
0.02702004457166679,0.4561442917974129
0.026889283441743905,0.462661794718052
0.01636841834309455,0.9515481338712803
0.03103833981767129,0.2852782706283756
0.04244909865789226,0.052883717738264606
0.02362802360152577,0.6319098569084431
0.02309533621999943,0.6603153355175959
0.03993558256179569,0.08016964782827629
0.02063436828257703,0.7881058215267377
0.02610831819725412,0.5030800736081028
0.02097334849530927,0.7712344356545382
0.045200856437752596,0.03257579579359678
0.030078996698684413,0.32098448065480184
0.022986976565732953,0.6660927806164224
0.03016442501245309,0.31767883772727806
0.01681836910151857,0.9398682328037107
0.015995045425579446,0.9601084836994559
0.025233021950478163,0.5475006071182058
0.034674558299797376,0.17644724618559443
0.022404817632736496,0.6970382951330342
0.017687997524859722,0.9131265623875972
0.031057826222167045,0.2845848721269968
0.033510128940458794,0.2069833389793298
0.0332294652630295,0.2149270290697131
0.017210299758898984,0.9284860943935586
0.02622706377045697,0.4966044585304645
0.02149663435260951,0.74457317078291
0.02727049042243851,0.44383176604084773
0.051305365144793336,0.009976987293919022
0.027725304996061295,0.42204448233968506
0.02765972630956126,0.4251404053373295
0.03748768995682461,0.1173305807564015
0.03221492273625226,0.24562389783069033
0.036184213120668385,0.1423085973551288
0.0223823905813475,0.6982254392517975
0.027609185341489872,0.4275368732390273
0.018877428674636598,0.8682866121064492
0.0184170493170136,0.8866960643382672
0.03973596062567064,0.08277300754980876
0.0332685359995627,0.21380723716263364
0.04048205806576777,0.0733941280477463
0.03362765286154923,0.20372578270761066
0.041921574897039904,0.05783033689471601
0.01820062852142401,0.8949032769319714
0.034757160172661505,0.1744246495482845
0.01626525336521145,0.9540158477549182
0.015084754134903344,0.976775347991177
0.015610017242755236,0.9678723786215205
0.020819694740663586,0.7789252904309272
0.04074730168589047,0.07028466692014942
0.0370700699339932,0.1249073738151355
0.02472856963200354,0.5737097011531576
0.02183678836707903,0.7269207333694566
0.029717209496509245,0.3352607967725787
0.022165974549144762,0.7096536878779814
0.02249047573008134,0.6924997961603062
0.020326292357098964,0.8031127305358337
0.023028026971411486,0.6639044076370308
0.020147405000322194,0.8116672647255161
0.024459133028843172,0.5878518979076681
0.02130727287327494,0.7542978178357921
0.018372932561993904,0.8883929769024079
0.027656192299545912,0.4253076789151701
0.044190343552991895,0.039057182971266306
0.014717865903386862,0.9818954402051704
0.016775753045306263,0.9410383297485992
0.026918000769109607,0.4612252134397989
0.017320924696134832,0.9250726618198389
0.022948731575234582,0.6681311621729482
0.03570102535352848,0.15259891553883864
0.03094703084910666,0.2885441110329071
0.02690224276059039,0.4620131418263653
0.03731543072711485,0.12040869740550912
0.020315281756197012,0.8036427856280621
0.02508354582548511,0.5552262049757462
0.02084075290640268,0.7778753804386435
0.020903074272629718,0.7747604384116
0.03731907434502846,0.12034290875380371
0.03139408567714219,0.2728161729596761
0.03237022353019936,0.24071960204032075
0.035798669097355074,0.15047245082962035
0.015739952785364886,0.9653716633507275
0.034568691851678046,0.17906667512654173
0.041981348098087845,0.05725057410776062
0.029072173012766156,0.361837033948028
0.027611087005453006,0.42744653832375823
0.018867217044847895,0.8687083955974837
0.02619435651205515,0.4983213123999326
0.019173696327583672,0.8557977761003985
0.05668306016825264,0.003107987918479626
0.02173101115889675,0.7324330841796601
0.037486314118104325,0.1173549065769619
0.023052045865582405,0.662623778950787
0.031020557082248268,0.2859121411594957
0.02841710402581954,0.39031759243923014
0.040051942058505485,0.07868429514951743
0.0244416214176697,0.5887740041835876
0.034955404497858056,0.16964559222786324
0.027108826314770296,0.4517539450878617
0.03068422199565929,0.29809859001639266
0.020278508995523525,0.8054097503335286
0.02954138787160665,0.34236157407473283
0.0453336997549576,0.03179822339125308
0.02202637294542964,0.7169954001402649
0.02449966612838317,0.5857188657037764
0.022419586290763738,0.696256273760004
0.018699360341978305,0.8755558197866233
0.01803287443283985,0.9010586004276913
0.015014109594916836,0.9778293746816411
0.02259960569889724,0.6867086852986225
0.025263608339747834,0.5459243080309824
0.016780664699515196,0.9409041511209542
0.020587694383368604,0.7904004559247019
0.04118455111823466,0.06540343998540891
0.022011449811840778,0.7177786362190488
0.022048251276167496,0.715846551792459
0.027098618842771427,0.4522572832630182
0.024527269778827854,0.5842673099417758
0.028660702284772854,0.37954996371411
0.03360022583710354,0.2044824072985836
0.023094122623169983,0.6603800549407017
0.020179194080951326,0.8101561378641068
0.019267658408688826,0.8517383424672897
0.02747698687709782,0.4338483342728455
0.020914461660822004,0.7741900417960452
0.04640002535689669,0.026125777438944883
0.018348444171622347,0.8893296637445262
0.03349637742002709,0.2073671453634507
0.04806079922770168,0.019064254443785015
0.02784651497806817,0.4163625987628082
0.03529656892998104,0.1616661212999817
0.021474614910370615,0.7457080339290263
0.03022274510498002,0.3154364258737409
0.028954789003027448,0.3668295074496201
0.019390248106950336,0.8463736752807416
0.025066513807970037,0.5561087729256486
0.027692534692088322,0.42358962816637113
0.02253244028666168,0.6902740173975888
0.0149358950987184,0.9789579581155692
0.023191734042596057,0.6551739270854665
0.02495524834047895,0.5618853524477556
0.03238281568591106,0.2403252510609909
0.018968059158317244,0.8645174624550982
0.02204611034531756,0.7159590034090155
0.027082681855694735,0.45304389191630934
0.017025025501108848,0.9340057480553554
0.0248040349816544,0.5697652078001632
0.027589762021496433,0.42846027976429435
0.020537672568907928,0.7928515702749329
0.02374696538885912,0.6255764111476898
0.02729924830827446,0.44243229200438294
0.03833300825910624,0.10315084909379621
0.0183862246102654,0.8878829844625034
0.025944688136447958,0.5112679486725644
0.020482499493685635,0.7955451593858806
0.029587815268669382,0.3404761556868791
0.02319342256049961,0.6550838609698447
0.03423628735761167,0.18749199034240863
0.03420518833465491,0.18829597808651274
0.016123785147986847,0.9572724486304343
0.029324603682834127,0.351264193136129
0.017820109820392838,0.9085984981179467
0.03337504187366391,0.210777707428684
0.03165017012885524,0.2641008264591698
0.02516176938148995,0.5511787256607417
0.027735450411852436,0.4215668940875765
0.038391691715215726,0.10222174912577132
0.026805622361202652,0.46686370248630105
0.01914472380660681,0.8570401009392792
0.01813092473005362,0.8974830919716017
0.04367073583336223,0.042808578059453095
0.03038586023701706,0.30922596670375824
0.021519018008600455,0.7434184891644187
0.02082862818079939,0.7784800537317866
0.034960521569944114,0.16952363131596604
0.023324254676559186,0.6481050402984917
0.0349413486863579,0.16998096009781716
0.01800077534678579,0.9022154210769618
0.01887369355085422,0.868440957076358
0.03872449702362912,0.09708340143341516
0.020985608925435106,0.770617830708924
0.031543755398711876,0.2676966565389756
0.025354913652850003,0.541228312282791
0.019700374475415533,0.8324718427652783
0.03206035094514137,0.25058035049311655
0.038464213725108554,0.10108317781798865
0.02556532323115157,0.5304630638943038
0.020496870530558736,0.7948445718827724
0.02511604878391438,0.55354323246001
0.029543544787647313,0.3422738162461853
0.021262015009962276,0.7566098392492058
0.02123173680304702,0.7581538546168031
0.03349829953695538,0.20731346556142946
0.0321814468595506,0.24669094320313292
0.03440712729510431,0.1831235336446063
0.028698348353665193,0.37790461629750816
0.02505059903743112,0.5569338572642755
0.01713498403948957,0.9307597901078228
0.01655763943665234,0.9468180162184971
0.02990927401207938,0.32762588630817496
0.02082077140658012,0.7788716429159149
0.025709587887957075,0.5231298780374933
0.039990939433842965,0.07946007917474296
0.0407478177881736,0.07027872757976968
0.04202048615754972,0.05687367050440616
0.01415436288951033,0.9881456068486603
0.024847956388750037,0.5674730709805
0.04213535094096521,0.05577979959049544
0.015026711778607982,0.9776437718252559
0.02152469155955583,0.7431256478300954
0.031105100674634123,0.28290788019599666
0.01646891107581433,0.9490689100714578
0.022382155603804188,0.6982378748609184
0.013902011821270044,0.9903678859868886
0.030555744063617163,0.3028534483253269
0.0229187130528975,0.6697307536273224
0.015005390447682898,0.9779571754710401
0.024793263892070372,0.5703277290254417
0.02714723081962489,0.4498635224395727
0.028899506819530518,0.3691974678140647
0.03029181136633452,0.3127957767632178
0.028580365313290862,0.38307787265778726
0.03968207708969351,0.08348781846520112
0.026206551866526095,0.4976807159409577
0.036583651350799995,0.13423305224392393
0.03130241370108178,0.2759878562156092
0.02695808608646133,0.4592248704285779
0.015037184279330817,0.9774887359433221
0.028814003179387315,0.37288109004337017
0.01900970257946194,0.8627702472026211
0.025780183241322696,0.5195562385051817
0.023278916062630856,0.6505234676242169
0.03652785194372865,0.13533821211240862
0.03358829863291474,0.20481212460227535
0.023079334799845974,0.6611686478804211
0.02602519824076452,0.5072321421803159
0.021575556506110427,0.7404972966406643
0.03126989639848843,0.27711949232339617
0.020843984369884577,0.7777141492720194
0.020306424572028414,0.8040688457756854
0.022271331376106263,0.7040966504467259
0.027127332430579076,0.45084234303616433
0.02607433018725215,0.5047760606079202
0.015638777026774853,0.9673292602430269
0.02827005444927011,0.396919201690359
0.022151220491836265,0.7104308176904384
0.02722352729276961,0.44612352846578557
0.022369185380164303,0.6989242074409232
0.027335017721595162,0.44069572917040484
0.02261810530822851,0.685726082845443
0.026921075867252897,0.46107155640258135
0.015510116043084693,0.9697134023020181
0.02808040880345397,0.4055463949847318
0.03323879894938095,0.21465910702746818
0.027383870568824187,0.43833136048159677
0.027328874377651913,0.44099365638277893
0.037580668136706574,0.11569625704738852
0.020862553770373937,0.7767870395007672
0.022837540638382114,0.6740544456924202
0.030960770286391964,0.2880509291775825
0.02604040810856667,0.5064712531877388
0.030801186659232593,0.29381788775216383
0.02151595900455172,0.7435763524635332
0.03330122557410686,0.21287381740281985
0.023110787926125753,0.6594912962001904
0.019287824570654144,0.8508611212371608
0.032636688389793056,0.23247955562126585
0.027177440291538568,0.44838019212008934
0.016357918836456653,0.9518028675015594
0.021883607400851268,0.7244748320317661
0.023790480903731703,0.6232609194905043
0.018403133208800937,0.887232641498479
0.022021277943831963,0.7172628455207003
0.01734545299879975,0.9243039875533628
0.019498456277335485,0.8415757584990662
0.017780832228456722,0.909957141005566
0.027828465823305726,0.4172053600954021
0.02057459288633612,0.7910432593557716
0.02544054316031419,0.5368375183603585
0.02984632568070683,0.33011421722895046
0.023676664029449845,0.6293191088193439
0.01678402605614393,0.9408122221358012
0.03274312117686273,0.2292494332496273
0.025096363536524446,0.5545623159066586
0.02062400956236843,0.7886157119886793
0.019778600364609766,0.8288939644870674
0.031017219908581417,0.2860312121378363
0.03455152637233366,0.17949428605333448
0.042778230557992736,0.04998589182020645
0.023430857429884017,0.642419423329938
0.032331698080488636,0.24192917994369925
0.014084572055721334,0.9887938316279387
0.04341101610076403,0.04479845903334122
0.030027131097966175,0.3230035702326073
0.028272589245185387,0.3968047557384641
0.023852433029027176,0.619966144312263
0.02159519068213589,0.7394813415628732
0.017195464222470314,0.9289371906127833
0.030403721219765423,0.3085514007257165
0.030167249990085077,0.3175699503252547
0.025312085434717524,0.5434292521023982
0.02864928900829744,0.38004977656035027
0.016054916073297898,0.958804662208025
0.027493371626184815,0.4330627027060196
0.015877016105119768,0.9626023260644864
0.022251454592921438,0.7051460424646455
0.017093977260269927,0.9319805378404518
0.014039207059782843,0.9892012071045344
0.018050285254145426,0.9004282918426731
0.023831148155957216,0.6210978871466759
0.020019422161227984,0.8177100166553739
0.03706256561465582,0.12504710727219404
0.028318420846605075,0.3947393919184037
0.017990746291376147,0.9025754633060757
0.031537140011235365,0.2679214036587658
0.018659916871868187,0.8771410315241635
0.039837898951369244,0.08143481541826753
0.02161843893995391,0.738277394004373
0.016240205264855163,0.9546031748478502
0.025444973667056447,0.5366106943328792
0.031180609773832413,0.28024457714472506
0.019058502596632387,0.8607106367506909
0.028714310633108475,0.37720848281961755
0.037120306900140454,0.12397523374922342
0.04443748541579551,0.03737589279361379
0.0408410354730927,0.0692129506954533
0.013977943886730348,0.9897341747158804
0.034558109270838244,0.17933020326916788
0.017702176939635605,0.9126462893271251
0.02638262377310102,0.4884908622335496
0.02082096687780316,0.7788619027071019
0.03489559698302802,0.17107624381141842
0.023811544362703385,0.622140471701325
0.023870358293939575,0.6190132412229549
0.022612597488280484,0.6860186549624376
0.03706358474390059,0.12502812316026485
0.020949078846778657,0.7724537601831711
0.031418604876796485,0.2719724976657007
0.03322881001333211,0.21494584765207397
0.03134720066390828,0.27443488241043545
0.02465542913778218,0.5775398538857851
0.034538424598442585,0.17982120981168637
0.04058505920004976,0.07217304677010862
0.035116003387000605,0.16585107828292509
0.022013408228825526,0.7176758674939359
0.03201052515445191,0.25219412639194966
0.02731509532470644,0.44166237447150286
0.030098476095419657,0.3202285356693689
0.01939652074154996,0.8460971331539098
0.022827434227797094,0.6745925717560621
0.034556262909294755,0.17937621296410242
0.04118372328435482,0.06541240085740338
0.022400047080717855,0.6972908582517217
0.046515460421641786,0.025568934450225806
0.018020336006747906,0.9015112823400605
0.025678634879479967,0.5246998711076869
0.029707683995406242,0.3356427593750096
0.02631765469424016,0.491869024364368
0.031209467955547576,0.2792316631877001
0.03379365576944693,0.1991928615727175
0.03614753390977321,0.14306948920695417
0.03635015299326966,0.13890715360498757
0.022435253395953203,0.6954264546943785
0.057809237720868545,0.002398937846516623
0.026575139399394154,0.4785688722733082
0.02638843490398196,0.4881894348994774
0.02711364123521265,0.4515166468289747
0.0233028705300663,0.6492456898272811
0.013495388544638498,0.9932851571716815
0.02140284860045505,0.7493995426124672
0.023835652166919352,0.6208583816866969
0.044441760468022395,0.037347375378831905
0.021663836488318045,0.7359233930562352
0.029252386451508183,0.3542662283653124
0.019626832487491253,0.8358098931391815
0.03314328061869676,0.21741321591615148
0.037899806591301544,0.11022877780149068
0.020766446065700606,0.7815741184333829
0.028733113855851422,0.37638960479799644
0.024608855249943884,0.5799823354733715
0.017248518843439697,0.927316710500817
0.02019140838503644,0.8095744609397145
0.020155904681710746,0.811263614627413
0.019036978487061096,0.8616206692097483
0.02925898923706738,0.3539909984401812
0.03831407875813542,0.10345204166731355
0.02678181894887055,0.468063799525843
0.024307927998912293,0.5958246364574931
0.04459325760887706,0.03634899542374923
0.022103483496739698,0.7129433266901012
0.029993589062850934,0.32431423468344217
0.024896943305332098,0.5649197877629109
0.02275949165885205,0.6782089507119899
0.022619094848165988,0.6856735168025128
0.022498099612570766,0.6920955385544038
0.03049336933263458,0.30518188435644883
0.015694445893298825,0.9662612166150332
0.04028078258164841,0.07583089730270566
0.025998191699454998,0.5085843911948186
0.04016729479578701,0.07723482248085035
0.020885603109790096,0.7756348371137654
0.02909929724831195,0.3606902778370555
0.03226796245563457,0.24394045416435212
0.04157223119791609,0.06132055389297758
0.047625855486708835,0.02072640655179574
0.02059603207818128,0.7899910807029955
0.036759822803843156,0.1307919817909191
0.021055036444546538,0.7671182958307361
0.03600531096760462,0.1460510575556227
0.028190285744501775,0.4005324058187643
0.030773554455930108,0.2948250563744002
0.01724530681368608,0.9274153915591831
0.01622399209872849,0.9549808795531033
0.031759620922104936,0.2604404660123645
0.015311352403482442,0.9731680999760425
0.025184939242074433,0.5499817586637015
0.023090379102689296,0.660579690045601
0.023697371801245093,0.6282164399852559
0.03743744803825566,0.11822159108935444
0.017404716881822935,0.9224291291321278
0.016240288507506473,0.9546012306229462
0.029097775726844355,0.36075453640002464
0.025452214965822062,0.5362400457013601
0.027844197876878307,0.41647072523046064
0.030968948836063603,0.28775765435550216
0.035963305718502814,0.1469412080892036
0.035732847729800066,0.15190325138067365
0.019185167763082434,0.855304658599464
0.01589497694664746,0.9622293631435389
0.028314229541447578,0.39492796019504756
0.020025235030624366,0.8174370110135805
0.0209751440681909,0.7711441586152948
0.033168044312661515,0.21669658234129074
0.029098992837578774,0.3607031333964748
0.024089070651124922,0.607403687841228
0.03589426358325418,0.14841383170772177
0.02755321761679974,0.4302012904054533
0.02868773509361333,0.37836797014834095
0.027341698663586822,0.4403718835781985
0.01869551540599379,0.8757107489939541
0.027605439214783034,0.4277148635716385
0.01580337691801703,0.9641070453231405
0.02003603596320558,0.816929366094594
0.03472366408702865,0.1752426051943039
0.020932411755405722,0.7732901554162894
0.015016436524488197,0.9777951829844665
0.02491965955304465,0.5637369485588755
0.01652961953113663,0.9475351068819369
0.01504680291297944,0.9773457009965802
0.03173571012206966,0.26123682878186816
0.014784902316522963,0.9810244938674151
0.03377095963517418,0.19980790706810692
0.021659264578710202,0.7361606385912582
0.02280172757410065,0.6759611315678395
0.01617249845156654,0.9561676671328174
0.03138959430261812,0.27297092775029763
0.02171880727403297,0.7330677972489601
0.020329252446743662,0.8029701535531794
0.033905319187075844,0.19618844544809702
0.012685985742859507,0.9970723330562703
0.020147630107032355,0.8116565780951883
0.029829582649025133,0.3307783572840266
0.04729976854595902,0.022055956857345287
0.015319186282891917,0.9730371303660718
0.04575765607476889,0.029424734060332712
0.022149228882710426,0.7105356992728818
0.023476462528574105,0.6399876377043225
0.02652848708660205,0.4809611600403242
0.04175803460036448,0.05944240745036483
0.027609006779930945,0.42754535612743527
0.03159592371661302,0.26592928200230936
0.01694219676192721,0.9363928778489251
0.027425746309566845,0.43631144965443097
0.03188670055417375,0.2562387214028503
0.05238356228039098,0.007970510335603998
0.04066877409879677,0.07119335560427038
0.013936324550901547,0.9900851632859557
0.024738137156221085,0.5732091940020464
0.04245664722422343,0.05281566760601958
0.023640371487322287,0.6312520802953042
0.03194595959589153,0.2542970078591545
0.03122886057037666,0.2785525236368432
0.024956092570698113,0.5618414519758996
0.046996510233307975,0.02335991274706115
0.015405326797514524,0.971569024046345
0.020577763252090264,0.7908877635294373
0.03387412914328358,0.19702404455538897
0.024511162374213524,0.5851142214517309
0.03573530872318642,0.15184955861344854
0.0313153655029238,0.27553808301405897
0.05208912400312815,0.008478451951179116
0.02558460637987553,0.529480562804566
0.03887913111720903,0.09477030495013845
0.02018051210495872,0.8100933982751274
0.014393444165204494,0.9857205896264439
0.03425461530312002,0.1870194363507257
0.03042771904554875,0.307646758604827
0.034081966152672505,0.19150832381616037
0.02286601150258394,0.6725382400292296
0.014589575692321,0.9834842119813804
0.038045580839227655,0.10780344950353633
0.019413516431609712,0.8453468553730894
0.02172772875895801,0.7326038252865925
0.029810294538697796,0.3315446472304
0.030443470760355584,0.3070540261910214
0.017584377406732687,0.9165941904928294
0.028969369052419758,0.36620677302083565
0.03192511456661051,0.2549787527655244
0.046395435938789364,0.0261481362063868
0.023009577239959333,0.6648880073528205
0.013574441696915351,0.992777883745767
0.01616902567545231,0.9562470037896021
0.02121079092917888,0.7592206550109724
0.02748256883058836,0.4335805778415861
0.03126911287877798,0.2771468023226655
0.03145857308339184,0.2706014338531034
0.024667699797228826,0.5768967951477004
0.025680763192972966,0.524591859109593
0.0253044833061834,0.5438202576861344
0.018380577055878256,0.8880998057485584
0.03452187884536401,0.18023474378537943
0.05044425502432803,0.01189662579833517
0.01869953761421128,0.8755486746212414
0.030848511060304992,0.292098867822265
0.02554831465446805,0.5313302544948957
0.0210685663164632,0.7664347822968586
0.0171508200295937,0.9302851119590083
0.033508914792478195,0.2070172036776921
0.029439375516150168,0.3465305494624669
0.03361892512579967,0.20396631571526175
0.03537802306543819,0.15980615631868944
0.020821051690078862,0.7788576765284437
0.020245003715430365,0.8070152535327605
0.026078083332911617,0.5045886569721287
0.02596511943987645,0.5102424701179381
0.020964754556955234,0.7716663920652078
0.04052915295255938,0.07283365850375223
0.026538156732916596,0.48046467285307987
0.019775849282676505,0.8290202619805884
0.022138412384965167,0.7111052267046225
0.01962807934850297,0.8357535082788486
0.019952195257641248,0.8208571226860735
0.02284670821194179,0.6735662687970083
0.02400035319773841,0.6121088543077648
0.037677888785845104,0.11400747939635862
0.022496991039385628,0.6921543238916772
0.018826274323390235,0.8703935468046269
0.02158309389954627,0.7401073708759344
0.0233447967195064,0.6470093389377116
0.0398598068455186,0.08114961548031736
0.03424454130720045,0.1872790602856921
0.021036377424232477,0.7680601150112231
0.018055990766293606,0.9002213069665548
0.02521997884983207,0.5481732739013019
0.023012896674489247,0.6647110467206861
0.02662458521683564,0.4760417968530973
0.020752339926238372,0.7822743550913401
0.0542311889640012,0.005366275095965899
0.024905139413555766,0.5644929285129556
0.03926380787456302,0.08921527967632341
0.020976295350079166,0.7710862701853473
0.029576576811149724,0.3409318651163062
0.01952341756591111,0.840460839031168
0.023025455700107555,0.6640414934545343
0.014493139478141792,0.9846124232102438
0.030290843394023215,0.312832673903429
0.03675051487659026,0.1309719691271652
0.039593558294641035,0.0846733815601734
0.020620611652524823,0.7887828912318907
0.021363319180978668,0.751427973531497
0.01916179462351203,0.856308653473948
0.027503922200904363,0.4325573207972745
0.03312878211131165,0.21783363763769334
0.015230109027911665,0.9745015238223664
0.016114667252436488,0.9574773013609666
0.022128195266707062,0.7116430570411559
0.030267564131580715,0.31372098980570423
0.02394223454892519,0.6151943105049147
0.030439193963551325,0.30721487795419045
0.021573121012670227,0.7406232657203736
0.03373802804403414,0.20070296664682813
0.03433460423272611,0.18496805108460584
0.02607117302100892,0.5049337291860273
0.042022931420701015,0.056850193304840625
0.022251002871762127,0.7051698858152264
0.013180234633227927,0.9950463024999672
0.027014005336876257,0.4564439601323391
0.02162826798648365,0.737768064039869
0.024947625932395634,0.5622817700869416
0.04697689963351015,0.02344654324465916
0.02543869181338021,0.5369323103574737
0.03411146242854457,0.1907354711840132
0.04112322414132641,0.06607011577458771
0.022776681214340594,0.6772942248066401
0.022180241278204393,0.7089019686044178
0.023452296400485406,0.6412761883466163
0.04234861610768981,0.05379679086352194
0.034724773997185154,0.175215453078975
0.018012304984553446,0.9018006863435055
0.02636296036750979,0.4895117068054647
0.02310687874450207,0.6596997764638225
0.020653874124614932,0.7871447229623874
0.02112313038134983,0.7636733128907791
0.018353650743990646,0.8891308252150267
0.03515895038482608,0.16484793389399052
0.034892530534984756,0.17114985431344298
0.01637581110521985,0.9513682869295665
0.01806380372490657,0.8999375215868861
0.03506600048198372,0.1670251715477638
0.02373624233342711,0.6261471370499537
0.028313645790501107,0.39495422829512933
0.024493378294795032,0.5860496378366991
0.019104712182817396,0.8587484167431603
0.025427016929192414,0.5375302261314384
0.018576824866863573,0.880450219370519
0.018125286302278693,0.8976904025515955
0.030993680927479006,0.28687213365971453
0.027027095335892648,0.45579459584154036
0.0189187603560238,0.8665734203465888
0.03693762220248342,0.12739248318092178
0.034940815835773686,0.16999368415711408
0.014304262665229772,0.9866629151062707
0.01688027827749461,0.9381447013483072
0.021146861112183446,0.762469869140305
0.019700545704305683,0.8324640415629122
0.029559283131074365,0.34163396267015406
0.020461031814126174,0.7965903600127869
0.02847372554691771,0.38779606619722334
0.03620300479512728,0.14192004620220128
0.028005969110565687,0.40896767057989025
0.019150275178724252,0.8568024067334145
0.019829815157889175,0.8265366178977716
0.029344924181085474,0.3504227562240113
0.02062043843111183,0.7887914128088592
0.04128957478465034,0.0642750808314445
0.034765132782239805,0.17423041068975362
0.02344529433521697,0.6416495645042197
0.06382671808820972,0.0005515756870105413
0.03055917183930751,0.30272586965795983
0.026651008207857707,0.47469494202364887
0.028338055395872974,0.39385685603672815
0.030549963607426567,0.30306868110215957
0.01848326170508885,0.8841266643851274
0.019761569601887574,0.8296752717932641
0.03118986097958143,0.27991956460575745
0.02833585292270091,0.3939557849863592
0.018846969394436086,0.8695429578322397
0.027211768616714815,0.4466985749199078
0.022437360994970457,0.6953148069269826
0.02462524343238004,0.5791225795985266
0.027794434895719367,0.41879750867701376
0.022791234966020757,0.6765196397183876
0.036164438758693795,0.14271839803386385
0.018661760077009593,0.8770671587731371
0.019400651358334242,0.8459149189077995
0.02545897549711501,0.5358940912842691
0.019634505490552456,0.8354627933249152
0.019262576915268004,0.8519590545798611
0.02913118178651186,0.3593455588461854
0.04234559803703691,0.053824424532214574
0.02965020563669654,0.3379542287550858
0.021989460244393078,0.7189321663667098
0.019786536686185796,0.828529431497885
0.02556848059682959,0.5303021439779552
0.01837158835659347,0.8884444903273495
0.021979208672585626,0.7194697022703549
0.025199474462090254,0.5492313117108322
0.026653804124026292,0.4745525717798679
0.04614855576214827,0.02737611049769874
0.0199554550048765,0.820704962341182
0.01669285324734071,0.9432762874819178
0.020022110068120824,0.8175837945572964
0.02827016686959194,0.39691412543346233
0.03701688109783685,0.12590053746797406
0.023122595240764876,0.6588615871019041
0.038505222339654144,0.10044404144421838
0.01681062508459341,0.9400818482791407
0.01205453172840576,0.9986486503683947
0.03197047344421722,0.2534970402951079
0.01747610927847021,0.9201376026234074
0.022126982803767126,0.7117068722986772
0.031858907461493446,0.2571532596085105
0.01989804206096263,0.8233782860214587
0.020502990136355703,0.7945460228691796
0.018401084457130512,0.8873115357563239
0.030723940458293186,0.29663983765841184
0.019534866041181376,0.8399484743706589
0.017713857549665257,0.9122496166877242
0.030016809930142885,0.3234064627659296
0.023396595525931596,0.6442466077083473
0.03209941523639409,0.24932061360573218
0.03183742182231747,0.2578619392996321
0.03459795665907012,0.17833951886151814
0.02974202345797594,0.33426725252135675
0.04750599724969845,0.021206573418658586
0.01947325813689721,0.8426981841138712
0.03766794895908526,0.11417920084448265
0.017755157903727392,0.9108395671164689
0.01914294424882068,0.8571162618771031
0.023178232237155566,0.6558941104538496
0.02936821811626472,0.34945996298571425
0.027401480390638777,0.43748117353344057
0.027632416995315212,0.4264341816910245
0.028227793019889202,0.39883066266328565
0.025922718106324072,0.5123716358573167
0.017632335467405613,0.9149985140102017
0.019131188552647116,0.8576189539615677
0.04187111035886071,0.0583237295693954
0.033969624056501835,0.19447445788413725
0.016920886204534247,0.9369989645761665
0.0291450124108108,0.3587633632057251
0.020487693560679754,0.7952920320302841
0.038449511941348796,0.10131313400797237
0.029819344411001203,0.3311849489437243
0.01873891767957636,0.8739568500759487
0.019603684823698175,0.8368553372908522
0.02080403959909649,0.7797049484524483
0.062124029562779515,0.0008485177177187641
0.0325237110214448,0.23594639783078453
0.020609290489539522,0.789339623496112
0.02076755863989177,0.7815188632975625
0.03150335950768057,0.2690712517670024
0.03746319619581884,0.11776426967938262
0.017728062376440146,0.9117659614517492
0.013743003755437383,0.9916016287787134
0.016802464559684815,0.9403064771870789
0.025694383425733186,0.5239008413939361
0.021167350454030676,0.7614296351097527
0.02062523728561061,0.7885552978730657
0.021936503981960176,0.7217072112204895
0.01661441869186775,0.9453471667284311
0.05785449881385274,0.002373848325522518
0.033070325491374286,0.21953512682718007
0.02270307329248966,0.6812100437802869
0.032754452425332314,0.22890758461118582
0.020048535733710682,0.8163412750050233
0.029805244477659643,0.3317454906160624
0.03272405088430297,0.2298256446830317
0.02257321069492485,0.688110217810505
0.04513175846214745,0.03298681250295439
0.023414231282537057,0.643306070804319
0.022730990206207308,0.6797252726379923
0.047832357181283536,0.019921804637016444
0.02551439349504603,0.5330613577680061
0.020066925846583317,0.8154748882375662
0.026381285605401095,0.4885602909119141
0.024569676452129374,0.5820390621516722
0.01592219079506252,0.9616597965517419
0.019775646323601404,0.829029578142354
0.02415325668420154,0.6040034378472499
0.027330311524294104,0.44092394853846695
0.02354065488367324,0.6365655387499929
0.02001172100120613,0.8180714913317133
0.014314250300915765,0.9865596472562691
0.023856436058543873,0.6197533276624678
0.013817734344954036,0.9910372424784396
0.02239001911253291,0.6978216885897253
0.022675200524997108,0.682691995376896
0.027039205776683728,0.4551943698376806
0.034605498623744624,0.17815250015212764
0.02935149479394006,0.3501509860636042
0.025944663778354304,0.5112691717666025
0.02818326840443497,0.4008513443569662
0.03010078599281213,0.320138980425311
0.02053553408380626,0.7929561683005353
0.03868332688708864,0.09770712774785927
0.032964508038011237,0.2226412662772574
0.021314367999625994,0.7539349178840289
0.017094324474308142,0.9319702525129769
0.015869889941879767,0.9627496550641148
0.023586788330742015,0.6341068768292217
0.021823454696624722,0.7276166448232863
0.029162651713633025,0.35802181306810565
0.024863816775745784,0.5666460258367672
0.02649563744576111,0.48265030798342806
0.030615255388283025,0.30064409916767304
0.02394780577973399,0.614898439387468
0.014294511788596975,0.9867631884568256
0.02588507978403687,0.5142647742790122
0.02655351234729686,0.47967692414330376
0.038338097095072965,0.10307000362646568
0.02542869852734797,0.5374440898639073
0.040774040928215016,0.06997751124696745
0.025202346212290228,0.549083085797865
0.021101178466828158,0.764785239401788
0.03587052130436441,0.1489229846258424
0.02274047125134704,0.6792209167014838
0.0176399542682103,0.9147435519809328
0.016280072332538476,0.9536661987514381
0.017490540053352488,0.9196700498559209
0.02848229588177309,0.38741539219116855
0.02750031288911703,0.43273016533613745
0.01809004835243941,0.8989813275216032
0.03324514958962377,0.21447696104315503
0.024516363409963673,0.5848407232754453
0.022298772787107887,0.702647161489203
0.04338460020724988,0.04500527805989706
0.04007787098722804,0.07835649541399961
0.02151645833664373,0.7435505852060744
0.0337034309001098,0.20164667057690935
0.021040273126738285,0.767863556581678
0.025559767476465392,0.5307462669422522
0.03289834613257436,0.22460053907758
0.026719539414212012,0.47121330652327253
0.028939192835590988,0.367496467764179
0.033574773508827205,0.20518651688535852
0.02087275879370587,0.7762770991592378
0.028127920345684454,0.4033730474106379
0.027820067073882404,0.41759791493263365
0.022574173753727222,0.6880590900655787
0.01562541806955353,0.9675822714974553
0.014699291323032077,0.9821317773021094
0.025388442168769343,0.5395075276399663
0.037161904249128325,0.12320772463375343
0.03069998115818151,0.29751916673844336
0.016589193733125063,0.9460035443874223
0.018894957419441333,0.8675612247381627
0.03026421924222622,0.3138487789361517
0.024678959857703908,0.5763068668027052
0.017394510725717738,0.9227537828062666
0.017266614577635064,0.9267593870898438
0.04158719538757416,0.061167433010647546
0.015066268589593035,0.9770543562578246
0.032469627437719306,0.23761996767135243
0.03297734992943091,0.22226250917272974
0.01814072030906111,0.897122443125152
0.023179007179117805,0.6558527756034815
0.016141659969869937,0.9568690837076776
0.02472516915519196,0.5738876198848812
0.025424339188801492,0.5376673981606224
0.02483850183153885,0.5679662507763585
0.024570709198446727,0.5819848233892888
0.024665610663616166,0.577006265210009
0.028289729734074398,0.3960314614231337
0.03581804543125733,0.15005333239058058
0.019280919488778636,0.8511617259398996
0.027655959449051748,0.42531870187847937
0.04056620582667564,0.07239525517709113
0.037338716417877726,0.11998876300837698
0.016478152719400452,0.9488371731124887
0.026117994210352158,0.50259770519854
0.021141437415241326,0.7627450468623149
0.03575476306162895,0.1514256513827497
0.029265093454300173,0.35373668608679837
0.01707317414619025,0.9325951844714634
0.01765902181159995,0.9141037015212304
0.029386665816230145,0.34869881592542956
0.02475313073915575,0.5724250773820846
0.01871974517504582,0.8747329765296884
0.026548557590799327,0.47993101325029
0.02546701355666331,0.5354828706140777
0.023318264500547192,0.6484245589018955
0.020125574799421453,0.8127026652868845
0.033142266269160836,0.2174426091434442
0.02774394304990291,0.42116739131168446
0.01878664369807613,0.8720155540675081
0.028242804663010546,0.3981509685385723
0.022898790525645363,0.6707921825002239
0.019770645452828695,0.829259068098446
0.024586111029517493,0.5811760874358913
0.022755162540227025,0.6784392956264875
0.02852151878932352,0.3856765191102824
0.03377459520225623,0.19970928649296893
0.020690450348045397,0.785339190220302
0.014920546617090635,0.9791747344260713
0.018230189184641588,0.8937997644277571
0.02654077016689127,0.4803305434420714
0.04678066478720555,0.024329241167289285
0.017753586426429102,0.9108934328246503
0.030124558356362408,0.31921837821295246
0.020293018750476954,0.8047131510620834
0.020130985420621195,0.8124462181069085
0.021468501060729228,0.7460229533351387
0.028788540407563623,0.3739830339413096
0.018069639283500583,0.8997252991030428
0.021418544109910287,0.7485931637420183
0.0349841432053542,0.1689615362909458
0.02219285105313079,0.7082373464582639
0.026422928312824445,0.4864027095651229
0.023112145256488303,0.6594189079623984
0.02688770723887124,0.4627407292863653
0.04286073450787242,0.04928137485827563
0.029839258996850027,0.33039441137651143
0.029701399110759086,0.3358949480912323
0.03452799591137756,0.180081770069339
0.030736993618095454,0.2961615819502935
0.020146833498775996,0.8116943950688374
0.015085352914667172,0.9767662723348735
0.027174963641208805,0.44850167674865243
0.02888949696734955,0.3696273784165858
0.015013458327464313,0.9778389379493496
0.013619029786598902,0.9924794691862675
0.019385552710881215,0.8465805526565178
0.026479841419573713,0.48346391632555336
0.02890315173472424,0.36904101072640855
0.026574705877159044,0.47859106722299877
0.022958168034250992,0.6676282603492212
0.027041395170667504,0.4550859134644178
0.023106927394877574,0.6596971819092063
0.03973428473593632,0.08279516168113224
0.026385112294074392,0.48836176625185423
0.029644374553307096,0.3381893610574604
0.02459885460743,0.5805071509281456
0.02544597497489559,0.5365594363455163
0.027320726262354905,0.44138901472645115
0.025229628364059842,0.54767559585302
0.02255044516857646,0.6893186081478625
0.024561932826662525,0.5824457899547486
0.03163774398319197,0.2645188300870861
0.02672530517834429,0.47092114809814517
0.0240836381963567,0.6076916259360405
0.028422199319349695,0.39009021899832746
0.04038875674907877,0.07451530585895094
0.025184741366873542,0.5499919772738333
0.022959851740787962,0.6675385267279739
0.02534132998204952,0.5419260301869846
0.03212667523072088,0.24844439327597548
0.03527909128434453,0.16206746572523817
0.02529612369599188,0.544250338275749
0.023807362418102662,0.6223629066607356
0.04166762016727077,0.06035008533868571
0.018035693134554664,0.9009566927038721
0.024240995432752904,0.5993612241386317
0.018130231108172024,0.8975086058076797
0.03837179144618508,0.10253603514914014
0.03862044999293934,0.09866615958891332
0.026688361244857628,0.4727951960138348
0.029536000350566916,0.3425808450375929
0.017436468540999228,0.9214144136165023
0.021049482388966895,0.7673987371572843
0.03299732466596211,0.22167436603425067
0.019464460255422922,0.8430893456740358
0.028293352199487254,0.3958681670490812
0.019807727501357064,0.8275547121526714
0.02366226832415308,0.6300857727048357
0.01988054235246889,0.8241903089389786
0.038565471006340224,0.09951114721909506
0.023942437112586423,0.6151835526013407
0.03667112705328901,0.13251532192221155
0.02172803796344122,0.7325877421772164
0.028803175567526318,0.3733493940851265
0.021958974952748234,0.7205301890679969
0.026753765834449772,0.46948074772778836
0.019726852999298772,0.8312638850135607
0.05267930156175177,0.00748833068773252
0.02084988136749638,0.7774198428956496
0.02542348156598273,0.5377113341471608
0.04030411483004315,0.07554495542168461
0.041034457071364494,0.06704535328481648
0.023748440797427994,0.6254978880779786
0.03126037826822603,0.2774513879693858
0.02709850897395305,0.45226270300108873
0.04339471196034261,0.04492601199524243
0.021940542645684014,0.7214957240307869
0.02467776915247652,0.5763692416369022
0.04087968030719319,0.06877516724433173
0.03914451484705378,0.09090797408216197
0.036163477905877095,0.1427383349322136
0.044511138182297405,0.03688723243258343
0.026640487662284773,0.4752309060450734
0.02089424986870586,0.7752021948150453
0.02096242389195946,0.7717835021048438
0.02354893080167364,0.6361244295421189
0.052330624670664405,0.008059742486021745
0.024602772056863342,0.5803015557474951
0.024069227729259374,0.6084555415224981
0.034238732457425036,0.18742889334570256
0.02449848926785403,0.5857807711426991
0.03162753365704035,0.264862668202371
0.035370620497857885,0.15997447822044117
0.020776631120796585,0.781068142384376
0.01766680458421399,0.9138418135907791
0.01754904937312718,0.9177594120110801
0.021296030816110423,0.7548725805082765
0.023855675160904255,0.619793779221915
0.030175974973030595,0.31723382164449704
0.03373521529807688,0.20077956045839251
0.018104122085517704,0.8984667131956483
0.03582212007562291,0.1499653160434625
0.04535483188605871,0.03167604659350026
0.041747588481135134,0.059546675145352224
0.01751431805952791,0.9188964626812979
0.030369156996283397,0.3098577838321312
0.02767566323079207,0.42438662411607214
0.022479503603295314,0.693081507695552
0.021481970180981524,0.7453290641269656
0.017944712203661894,0.9042195247255962
0.0232780897952784,0.6505675426381612
0.02899886285143169,0.3649493320769448
0.03151742283601161,0.26859210357713337
0.019308434522739087,0.8499624346232209
0.03014277074146976,0.3185143940327834
0.03129499737862984,0.2762456474806301
0.034724107682148286,0.17523175297274826
0.03192275178270115,0.2550561157756304
0.03221291887059996,0.24568767211172637
0.029931784760654723,0.32673934441221275
0.019779017116218656,0.8288748291703534
0.04935511105983903,0.014799108690626832
0.021913013352508726,0.7229368140481989
0.013279860658102938,0.9945328415979621
0.021639607924348492,0.7371802094323738
0.0232131341657984,0.6540324244480435
0.034560252872681274,0.17927679834217128
0.0222705025840306,0.7041404152961889
0.025851182717408716,0.5159722413564807
0.042057625531132625,0.056517988276317474
0.02063184762203818,0.7882299293159634
0.016872853286994505,0.9383528911396845
0.018921992040453084,0.866439062284637
0.027289692893786327,0.4428969692361834
0.02169036645906325,0.7345459253577686
0.02780090614488101,0.41849443132976266
0.029160019194258646,0.35813241420382363
0.0446743305210896,0.03582437195384872
0.023705816215409015,0.6277668366811165
0.02099515308751254,0.7701375415396386
0.020804474701260345,0.779683289556443
0.02946987265134504,0.3452804277320753
0.02890898180901086,0.36879085327154604
0.026549266924214804,0.4798946319555802
0.02795443607848702,0.4113476945178523
0.03074756210841828,0.2957747793359197
0.04307512441121519,0.04749067703167698
0.040641700057272134,0.07150895126948811
0.022547474467505046,0.6894762628105293
0.032282893517137534,0.24346814252767138
0.026379734670564425,0.4886407666348498
0.020209807173434513,0.8086971629445662
0.020928343052524973,0.7734942118474997
0.02738333374129487,0.43835729543762425
0.040271518435208487,0.07594468546788453
0.04607972236574659,0.02772744436536921
0.051154829895941445,0.010290886450269068
0.015316306152377002,0.9730853305568264
0.013928981226966841,0.9901461718258525
0.023622919149330984,0.6321817897328139
0.028336786950163534,0.3939138289788678
0.025536952971862592,0.5319098377507039
0.030700808042102568,0.29748878732260847
0.02835820690053764,0.39295250503958185
0.02443441540217517,0.5891535481078682
0.0231427174997465,0.6577883796479769
0.02877397112065222,0.37461457084963784
0.04589551880028564,0.028687297283547502
0.023395443019752937,0.6443080739089722
0.02864329670705254,0.3803123768443519
0.03028695587711705,0.31298089017705905
0.01877684505491939,0.8724151990766511
0.03252670785718659,0.23585392797612825
0.02825857763948969,0.3974376645451877
0.019047143244710116,0.8611912212430134
0.02976928882452462,0.33317800228038763
0.015498560109525994,0.9699218134110904
0.021047946409311846,0.7674762787279746
0.028246930363237333,0.3979643060333722
0.021053691237791106,0.7671862271182049
0.037647422607052894,0.1145344916891949
0.02743925311064499,0.43566127308345826
0.02113389372203861,0.7631276585587927
0.02078486565984683,0.7806588302191768
0.030285516772881604,0.3130357707663718
0.03563620968052833,0.15402377729879588
0.02164126446511226,0.7370943147970412
0.022567868962204418,0.688393791820962
0.029578468185551543,0.34085514096933084
0.034804754536372884,0.17326764462560162
0.02111195905167773,0.7642393304837893
0.02062553223297328,0.7885407832873422
0.034733961417628634,0.17499082636364013
0.03623967577660425,0.141164286073312
0.029357872036619492,0.3498873577005312
0.022346131223987042,0.7001437251237081
0.023888160279806114,0.6180670829376993
0.037222357366397174,0.12209926284091753
0.02064625129582448,0.7875204658737968
0.041028447002896984,0.06711182410431821
0.026340389129474118,0.4906852082650477
0.021685434037897577,0.7348021219197339
0.02292164889966719,0.6695743256851876
0.050256478158732854,0.012357128389572489
0.019014459366903824,0.862570060128125
0.024165391768149358,0.6033609714462616
0.024995639390877677,0.5597861885249964
0.017494073256405285,0.9195553523563867
0.014316089421390552,0.9865405696645172
0.02460616582009667,0.5801234597938282
0.03076454694386699,0.2951539225216156
0.02038092678443193,0.800475972181911
0.02497685651080761,0.5607620493466761
0.022594889931981,0.6869591227129959
0.04105131221860858,0.06685923623767177
0.01922526919679257,0.8535753933166653
0.0382858226371624,0.1039029921044433
0.02726553288015887,0.44407331830753183
0.018479904889217996,0.8842575756586528
0.020576073859968125,0.7909706267725136
0.026432562872875653,0.4859044045486402
0.018990496418606284,0.8635772622516971
0.023640533985935352,0.6312434243186759
0.02496818903607767,0.5612125451715775
0.032838492531307883,0.22638443305792047
0.01696832427461359,0.9356452742070431
0.03146666647570384,0.27032443135239403
0.017786543225530638,0.9097602439774047
0.027429546918670278,0.43612843398428736
0.022644621767507256,0.6843172486235979
0.027602435563154754,0.42785761272573736
0.02689867248415556,0.46219178509861863
0.015396955878935747,0.971713948595249
0.019096070892309913,0.8591162329339171
0.022305946319731262,0.7022681111027484
0.032063852569108264,0.2504672340998994
0.015643552513382564,0.9672385067276544
0.024354238932383754,0.593380226408946
0.018139817327439522,0.8971557146913784
0.019622834801590827,0.8359906251146503
0.017115945914249475,0.9313280550630652
0.024149738497361573,0.604189724418823
0.02319206338486901,0.6551563598725976
0.03300701393492145,0.22138950520591574
0.02585744230156728,0.5156567550034175
0.041602954783316326,0.06100652934163912
0.01764482524989963,0.9145803350160772
0.032433937209567665,0.23872933562434914
0.0324396614116603,0.2385511427111236
0.023063733785680163,0.6620005612077382
0.01602106991194674,0.959544957767783
0.021586492275412872,0.7399315284318626
0.04502817128937375,0.033611511333255496
0.03450003089981145,0.18078195098309
0.024436032809930924,0.5890683536106504
0.021691591473850552,0.7344822894579246
0.029032914226712392,0.3635013775996504
0.026873566907376856,0.4634492585471558
0.03626055330133637,0.14073547724705412
0.03548018595348701,0.15749762098925013
0.022978526441772174,0.6665431938348975
0.026865794953190858,0.46383899147002755
0.03542197175234901,0.15880976010884099
0.020909364899936778,0.7744453861875572
0.025603718822302224,0.5285074552018467
0.028585907869640936,0.382833745471011
0.03479450849153931,0.17351620592730418
0.03509799465165181,0.16627317030021663
0.017768608546138376,0.9103778288486895
0.017370079196905808,0.9235279433700168
0.032214545177737364,0.2456359129033862
0.015364359125547733,0.9722736522783434
0.03766634228358268,0.11420697796074643
0.035080880231244504,0.16667509602303462
0.02009489098750189,0.8141547640364831
0.027879187167075825,0.41484000199853693
0.01806417529028237,0.8999240154734218
0.02751643278209892,0.43195856763670437
0.037665998770994524,0.11421291752446912
0.02731290080912685,0.44176894017629
0.020255261411002312,0.8065241807591701
0.030095983761989742,0.32032518442273744
0.029071303691090566,0.3618738296626916
0.019207766074877064,0.8543312058991622
0.026510626570267926,0.48187908191814155
0.03994284525390118,0.08007625021440877
0.03728212585617491,0.12101141644805583
0.018879027639651214,0.8682205145854043
0.016042943445782165,0.9590674890937885
0.030949073891727047,0.2884707357026443
0.04132230234751,0.06392687719338652
0.02494676931910489,0.5623263252518665
0.02377435857279664,0.6241186879070781
0.023875246082256385,0.618753440805314
0.023447861023327077,0.6415126980379164
0.038709351641321166,0.09731246606102685
0.020287539897279716,0.8049762788951644
0.019170377275881875,0.8559403209291488
0.030741803002017953,0.2959855141119928
0.020363326123192513,0.8013266108572856
0.015658763545989607,0.9669483518953501
0.021918360322238484,0.7226570054432242
0.025465695975902758,0.5355502689152329
0.026811495788043704,0.46656789265170645
0.027519470050209605,0.4318132890352552
0.020225767989312637,0.8079350483587595
0.023700771387635378,0.628035433070294
0.027512086248320466,0.4321665282953402
0.013105903235588912,0.9954048323998005
0.02848023170870001,0.38750705411853403
0.022887300688350043,0.6714042669338709
0.030379347457964112,0.3094722069617765
0.04014545083421561,0.07750755697871715
0.029637272998012998,0.3384758825238983
0.027662337911523283,0.42501682027140336
0.016973996654596313,0.935482309488591
0.027662980072062582,0.4249864359619338
0.03024059595255668,0.3147523717525467
0.020102614618534798,0.8137896032919498
0.023156752237350253,0.657039816658599
0.030289142641883426,0.3128975108225046
0.030742098535158857,0.2959746973917811
0.017621543678119564,0.915358972284081
0.024933950557777695,0.5629931990234351
0.017316769538814003,0.9252024530211146
0.024810710137103564,0.5694166772330764
0.030796814268591655,0.2939770878193587
0.022145738499423695,0.7107194967632018
0.03398472594906227,0.19407364077203187
0.02022109084852708,0.8081584797356489
0.0296887201983575,0.3364041199545936
0.01784391055012341,0.9077701266515465
0.04864915300046391,0.017005376438990638
0.03371351368133402,0.201371285693997
0.013984809353743022,0.9896754193509267
0.01809185683650444,0.8989152715901632
0.012277742493989413,0.9981984459591492
0.02775603946679983,0.42059880682208456
0.014054243301367536,0.9890673905743832
0.03566682916164032,0.1533493315404697
0.017053006677839877,0.9331880575925993
0.02484389407992793,0.5676849585448711
0.027747266980761243,0.42101110005631226
0.04051671248519895,0.07298135647377826
0.019524881701403096,0.8403953484170363
0.01860730448568837,0.8792411410142191
0.018473215623115435,0.88451824209236
0.021864007768140015,0.7254991831862132
0.019738069694128058,0.8307512122891596
0.01991488587355228,0.8225954493736173
0.03658194724747227,0.13426669443739242
0.026309539374545943,0.4922920458998421
0.02844756381159541,0.38895971636272547
0.022440273060307103,0.6951605367296372
0.02335032061854425,0.6467147032977459
0.022596481896630605,0.6868745810109285
0.031610095717960696,0.265450677547139
0.03444856441200128,0.18207618849763096
0.02040815115323813,0.7991580003620871
0.019904390478535428,0.8230833790596295
0.02054826446872915,0.7923332665390422
0.015992568439790134,0.9601618619365097
0.024544351022343425,0.583369525101715
0.022417125189850146,0.6963866068570082
0.021508348825096668,0.7439689996262431
0.022982159185878093,0.6663495618525221
0.04356379447240666,0.04361841939516602
0.0171718506008961,0.9296519333898213
0.03315461606690051,0.21708495324957736
0.018035650526043723,0.900958233566961
0.030907831892260207,0.28995461250566484
0.02549704338692571,0.5339476144369543
0.01802607723423394,0.9013041321036377
0.030197738694314635,0.3163965069119602
0.02547629621198655,0.5350081241720598
0.03249945311795244,0.2366959178963736
0.03617889575279798,0.1424186997501405
0.018270913398080624,0.8922703710347709
0.024149082040635927,0.604224484704968
0.04372644597105069,0.04239190287624796
0.020495042266890584,0.794933739661159
0.035072575377499415,0.16687041180274947
0.04567380946843297,0.029881360907207197
0.018372042151011736,0.8884271010137575
0.024245431060972378,0.5991267224548051
0.0278482632484498,0.41628102918393517
0.026057869703822012,0.5055983324179362
0.01690867762288023,0.9373446914312089
0.015320511027392236,0.9730149410213195
0.024147265047217537,0.6043206989157575
0.01427595387329439,0.9869525424667763
0.02376612561643665,0.6245567636419468
0.026752048564307462,0.4695675772954448
0.02137790533829631,0.750679904103284
0.024210674150854095,0.6009647281022554
0.02396611222212297,0.6139263877365702
0.03935337210479928,0.08796186850560564
0.01369270472863049,0.9919664480117247
0.019772079749850763,0.8291932596924493
0.01923191742867411,0.85328789235638
0.016977884635745816,0.935370474332313
0.0381093536268009,0.10675641653460777
0.04399515231830864,0.040431345191239865
0.03824526398793138,0.10455313671484992
0.035712248247159684,0.15235328119300315
0.029886744562004797,0.3285149058175271
0.038460941921012015,0.1011343157325777
0.022276568917689615,0.7038200612826272
0.017771182321436096,0.9102893348578707
0.026436853076287653,0.48568261898074433
0.0338750425960595,0.19699953302920092
0.03633690485364405,0.1391762662505562
0.020957970217251543,0.7720072452233343
0.032114427858632055,0.24883777160214332
0.02343450624388721,0.6422248439660604
0.02180012385982477,0.728833608649889
0.029836324389268032,0.3305108190782087
0.028390875779125024,0.39148946199807977
0.028017752301857324,0.40842479783581254
0.028107793414885673,0.4042927455832695
0.01765794198515147,0.9141400043522793
0.03966759915071327,0.08368076460118858
0.03456016299221604,0.17927903733862313
0.023313704035156924,0.6486678176414766
0.022183950500607064,0.7087064871693962
0.044445606420836836,0.037321736595441975
0.02629808111180726,0.49288972096599554
0.041626309957286334,0.06076873950971107
0.02087689940455073,0.776070106842301
0.018486661770804602,0.883993996097084
0.03087211251965999,0.29124435042812763
0.040086314255554756,0.07825000310697651
0.03245138760015903,0.23818642714309615
0.03037454042896287,0.3096540469168851
0.01602145655096776,0.9595365483294023
0.02194425897545821,0.7213010940200255
0.032114632801414245,0.2488311850698091
0.0475136723618127,0.021175531893325526
0.027628089021019375,0.4266394632789283
0.028544481577095326,0.3846610324102966
0.0377351816651712,0.1130218321468262
0.02671490728925796,0.4714481078930047
0.012568216096977058,0.9974420797636236
0.016882747555143407,0.9380753757761281
0.04685909993926629,0.023972952381012175
0.021436106958466594,0.7476902020221703
0.01825688265155012,0.8927984866716672
0.029895086583690278,0.32818552375798793
0.025575608969798602,0.5299389048668711
0.03136519755485334,0.27381269043328393
0.024639280287197696,0.578386443858409
0.04043403255340017,0.0739694375093765
0.0202000730066505,0.8091614754566757
0.025230321024775515,0.5476398775527291
0.03283566253149783,0.22646904865680578
0.020407430399216997,0.7991929276817396
0.022662725232562297,0.6833551279985429
0.05163416558196199,0.009321313290757458
0.025075206019973373,0.555658301521799
0.020100804371852132,0.8138752104243361
0.03326688660450594,0.21385441813293501
0.045536187910672266,0.030644383575783297
0.028831279214710293,0.37213474018046033
0.03492203870817234,0.17044255233177036
0.028499971271013558,0.3866311138234115
0.045775982281392125,0.029325752787926332
0.02935045102991618,0.35019414762904383
0.023408140312645265,0.6436309044553055
0.021456586949171852,0.7466364088758315
0.025560425599055636,0.5307127162922086
0.025562572729184663,0.5306032627009325
0.028254376645305723,0.39762756056279264
0.024942178474797405,0.5625651280709727
0.0367763969298337,0.13047198802479143
0.013969811570788804,0.9898034568532948
0.03188500703272301,0.25629437663354376
0.03570237364021911,0.1525693888737068
0.02330763943481695,0.648991309957073
0.030291664496239712,0.3128013749486404
0.049331709344457464,0.014867913753089174
0.0310974472336788,0.2831788747663135
0.022058329974374513,0.7153170862185307
0.027710760106442356,0.42272981285079436
0.020931285368762376,0.7733466515129437
0.02754732645737612,0.4304823968974921
0.022949985122259375,0.66806435795468
0.020780055261638702,0.7808979648785678
0.03455583573524096,0.17938685909574772
0.02635605989541895,0.4898702771814692
0.032663981863679026,0.2316479158198952
0.018243421875340893,0.8933039712830222
0.035026611339365576,0.16795471347474375
0.022221381420089448,0.7067328908544014
0.015255756573504559,0.9740854575228545
0.055955040470426376,0.003664394253875441
0.02962113391828991,0.3391276830247683
0.030995738236600734,0.2867985639267779
0.04106342734233781,0.06672573153096094
0.016621120021733826,0.9451720036117921
0.02207138269343306,0.7146311777464192
0.03934147225804996,0.08812754488273199
0.023414708026596176,0.6432806461181821
0.029128126735257387,0.35947425045644243
0.03072697655824347,0.29652854693751063
0.0189615659010145,0.86478903201668
0.018469178773036776,0.8846754167591435
0.02202319313851009,0.7171623180016807
0.029155094968111195,0.3583393628179192
0.03166580845439504,0.2635754751798753
0.026585243005708803,0.4780517895659255
0.020651643024977906,0.7872547175093046
0.03435028343385321,0.18456803534934918
0.03830611573703002,0.1035789617259006
0.024397537382167656,0.591096808810506
0.02552729623774075,0.5324026375963085
0.027662573049875128,0.42500569435256447
0.03826035111212983,0.1043109005217496
0.027268385823601582,0.443934300210514
0.03603066424081042,0.14551589981957153
0.016264957453368145,0.9540228132407412
0.025211419656715195,0.5486148481086048
0.023014127240616578,0.6646454439242246
0.027549545446542117,0.4303764995930971
0.016111013986757794,0.9575592086298547
0.018558706978262007,0.8811662802162251
0.022168620628997826,0.7095142840058539
0.01896242759586564,0.8647530065606036
0.0291400572841366,0.3589718707461647
0.03094972373042504,0.2884473998202613
0.02929901488709935,0.3523258273208642
0.029091005408628856,0.36104056616118185
0.027765389704709098,0.420159662145394
0.031314387355484696,0.27557203169552336
0.022292062444101535,0.7030016863907467
0.027283784361445823,0.44318446267861167
0.03353146920805736,0.20638882642934858
0.0172339326022187,0.9277642395727494
0.024165913295119135,0.6033333631455078
0.04079877203625937,0.06969444039825196
0.038380287162430915,0.10240176368913739
0.04463568189887168,0.03607363488523831
0.018781071615344203,0.8722428836890601
0.019285246028754532,0.8509734037644996
0.02908034226740719,0.3614913838025801
0.02677710174683806,0.46830186667652024
0.024185583905739383,0.6022922244079599
0.035090500349651,0.16644907577655438
0.023094605580879835,0.6603542995112657
0.02195086408834923,0.720955121977565
0.020097865850293606,0.8140141458732729
0.022965642865245273,0.6672298802331615
0.030455964960168502,0.30658446876832657
0.022406962819571552,0.6969247173031645
0.02155098480562173,0.741767651130341
0.036156284669956795,0.14288766031458036
0.023985493434833194,0.6128975187292918
0.024080570101855103,0.6078542554653431
0.031607006882782174,0.26555493573078487
0.023925779765035737,0.6160682943565267
0.035639221924953224,0.1539573218333698
0.03469746927377115,0.17588438889850605
0.02223749545075504,0.7058827443962585
0.02362612736606956,0.6320108751753424
0.023598210307423595,0.6334982531013447
0.043560319622748145,0.04364495546735778
0.024157487123685928,0.6037794517940744
0.02580216787843692,0.5184453796326636
0.024218914318180018,0.6005288736902813
0.027572598043035967,0.4292773948231376
0.018295870953507876,0.8913278843787416
0.03389696651664964,0.19641194522679398
0.024308255505583826,0.5958073422917588
0.039938390399056,0.08013352837454546
0.03301135314011172,0.22126202595287342
0.025659086166278655,0.5256923818756227
0.028931923108142188,0.36780764493057017
0.030950889823912253,0.2884055285997738
0.0200536901768415,0.8160985809341003
0.015464201126957122,0.9705359350600803
0.015567159828650978,0.9686708234491969
0.025597264844535228,0.5288359809485961
0.028271912028540347,0.39683532981610325
0.021924339706354656,0.7223440496534892
0.022511600272865362,0.6913795436763248
0.018256417204837394,0.8928159845781635
0.02223475651226181,0.7060272670918111
0.02035907365036546,0.8015319624341666
0.019507185022011098,0.8411862243190572
0.021872802433066107,0.725039617376226
0.042012794582485136,0.05694757236497448
0.023716284622502748,0.6272095149021409
0.01912342971332115,0.8579503296239325
0.023783460279869884,0.6236344263669091
0.029775954283999984,0.3329121070929429
0.025417049046606355,0.5380409140215339
0.03223794625348253,0.2448920640823615
0.028694230389352038,0.37808435127464324
0.0324541725346984,0.2380998709965161
0.02090296923972723,0.774765697775413
0.020753450152104877,0.7822192653422603
0.03182843069097485,0.25815893937055867
0.028435039576986065,0.3895176403903062
0.012984692774972162,0.9959465214991082
0.04657411781394627,0.02529002503280619
0.02303975366156885,0.6632791858625557
0.01981821546978324,0.8270715557326129
0.031627488192378816,0.2648642000006117
0.027138476655483634,0.4502939739098394
0.014148705782183968,0.9881991320478066
0.021285246856489637,0.7554236402204426
0.03532246834477093,0.16107284974508065
0.027921658648614567,0.4128664192734264
0.03123575253512101,0.2783114605059432
0.025168002126191635,0.5508566525257745
0.029074107531486204,0.3617551612146339
0.03127722105775965,0.2768642846140754
0.023673212467219706,0.6295029188906468
0.03493104487678578,0.17022714170618103
0.04692032795079071,0.023698050128129117
0.027717649377934916,0.42240510805315556
0.02063172167757832,0.7882361297962863
0.031666776974006605,0.2635429647939167
0.023168565658745477,0.6564097144798533
0.02866576243247332,0.37932851562495856
0.016082787742231486,0.9581887519894433
0.027339096824945786,0.4404979836709847
0.011339413469289017,0.9995240063325381
0.05372989203226608,0.005982428589131358
0.02405233685308017,0.6093511527455642
0.050888664307943476,0.010867844305544482
0.02565172837763874,0.5260661375901383
0.018698901073333718,0.8755743302893446
0.036181266358734976,0.14236960502149948
0.031354224367704964,0.274191931842998
0.018852646615634294,0.8693091909661509
0.018392543063771694,0.8876401705370309
0.0489967815986235,0.015884619711086515
0.02068822139131521,0.7854493430346663
0.01830257007305125,0.891074230459574
0.01732440035953685,0.9249640009580724
0.026747386692952624,0.46980334644341715
0.022535677350448813,0.6901022652020339
0.022446537685033463,0.6948286344026182
0.04802111328640041,0.019210825331543016
0.026010582593204434,0.5079637714505547
0.04224994259815584,0.054706610641162265
0.020122804592893895,0.8128339194343696
0.021261132168048036,0.7566548907537132
0.04004755161893375,0.07873991473888017
0.020196694680447935,0.8093225328716581
0.030975883974239282,0.287509140685104
0.026049460741623065,0.5060186219869012
0.024035441815917907,0.6102472032443518
0.026758760077118388,0.46922828581060844
0.017409025751644935,0.9222918445281238
0.021258691552077102,0.7567794257798272
0.0221949686746713,0.7081257141996149
0.025588743481707033,0.5292698638992611
0.028327921273185508,0.3943121950291009
0.030215758920155267,0.3157044351675643
0.01679468967039588,0.940520036698318
0.018282864748135452,0.89181953774362
0.02197702077460051,0.7195844034770135
0.06317007151530568,0.0006521438112334841
0.0282085847341238,0.39970153812434206
0.02270388080994068,0.6811671021923766
0.022962261178993137,0.6674101134607024
0.02198442621212071,0.719196142621317
0.018121394659692425,0.8978333678770236
0.021738813386816935,0.7320271567685463
0.02388036298695073,0.6184814776912979
0.017336334080079396,0.9245902584287565
0.024814460658718895,0.5692208778618197
0.02599169192691475,0.5089100744157277
0.018087478954010583,0.8990751395719718
0.030640134511032313,0.29972398973784437
0.04160702227682611,0.06096505908241884
0.020501731624114505,0.7946074308515836
0.017685774161467646,0.9132017449288214
0.025379531975254888,0.5399646318336135
0.01755742271254035,0.9174840211814543
0.02519235605031489,0.5495987886150497
0.062446236043159076,0.000782801984914739
0.01831125735193484,0.8907448752312263
0.022829147029981206,0.6745013751843909
0.02918971128303427,0.35688635217060244
0.02087617193302521,0.7761064773687592
0.017298291169536018,0.9257781561200914
0.03649819852592254,0.1359285338684166
0.02719172534106784,0.44767990944917746
0.030584504850240335,0.30178422282988693
0.01574097795926993,0.9653514524580742
0.03742963737943972,0.11836060735228691
0.031927136784343446,0.25491255478989017
0.040506466879035474,0.07310318704871228
0.04231077897744473,0.054144115705347745
0.016397967513251455,0.9508268648953316
0.04371347707355777,0.042488585282572634
0.027382951323849825,0.43837577123463195
0.025482779166328517,0.5346766574592213
0.0254977738897276,0.5339102885868645
0.02495352044786836,0.5619752071896085
0.016179835907364493,0.9559997493526442
0.03284187888148821,0.22628321486633704
0.027499110322815767,0.43278776476169
0.033411087995051214,0.20975998034130997
0.014256781077244068,0.9871461317923156
0.03048549297837297,0.30547683881335197
0.015662149935936398,0.9668835308616643
0.024110945282850238,0.6062444998302847
0.01869632338385005,0.8756781992619637
0.021984222456427865,0.7192068264445322
0.02383182402547357,0.6210619463498341
0.01474599945101418,0.9815333679224808
0.020776303366060622,0.7810844296762056
0.030263757755502496,0.3138664126917721
0.02219283517614884,0.7082381834066165
0.03729150148205995,0.12084149537543919
0.032706663963933846,0.23035196248900178
0.02570637105735396,0.5232929539954856
0.023996959499980958,0.6122889569226416
0.018155279064458296,0.8965852774941493
0.02456029732083098,0.5825317027588679
0.028905356106934232,0.36894641124534955
0.023647461203602005,0.6308744347653295
0.024576628597246963,0.5816739674140565
0.0229479539867693,0.6681726012743989
0.027610705995538554,0.4274646364387949
0.03357102323137362,0.20529042374165438
0.02158789989157872,0.7398586873032811
0.028392621553405495,0.3914113856743389
0.02263970064434251,0.6845787470821703
0.018811467757577693,0.8710006079854218
0.017526639415116285,0.9184940453246628
0.027674223585532565,0.42445467894652467
0.021745495523176672,0.7316794178953893
0.02228343841283853,0.7034572441624172
0.03359296087061703,0.2046831916889699
0.023793605120923655,0.6230947151639399
0.017081886668180335,0.9323381465400535
0.025543226890522353,0.5315897621363246
0.015988605884481144,0.960247160643761
0.05969024637535697,0.0015390286174256187
0.03999909731239526,0.0793559607603454
0.01951035617972896,0.8410446147632482
0.028476087059537525,0.38769114745183153
0.03411607262015054,0.19061489845004054
0.024428805784711627,0.589449048263776
0.034079694408610806,0.1915679494095399
0.01850190696516775,0.8833982698044129
0.02523521084637123,0.5473877479395892
0.030031517850562572,0.32283244123650934
0.02417863260453823,0.6026601086819845
0.024583965013700748,0.5812887555910196
0.021070489840248202,0.766337568087341
0.021733200864991864,0.7323191711166892
0.034272093077311105,0.18656967818586567
0.037000775939505015,0.12620253210351898
0.025865066584590757,0.5152725957260337
0.03680650089433246,0.12989241144074823
0.050930175147747336,0.010775979983068158
0.019130247386897448,0.857659167781966
0.04665528016514986,0.024908550353401997
0.027276432460174693,0.4435423606409919
0.026985509221024606,0.4578597008416416
0.031589038362004135,0.2661620422869555
0.030470376604872423,0.30604350403234853
0.03249160219404612,0.2369388855625603
0.03281499998452386,0.2270875870825019
0.018721238525033712,0.874672601040279
0.03447481124310417,0.181415241382709
0.023173890151845233,0.6561257132424697
0.033353487088174594,0.21138811787471748
0.015156878605908863,0.975664893094432
0.019969766160527036,0.8200364059373066
0.02113500063781837,0.763071525676787
0.018255975686763293,0.8928325816422003
0.01758129227544386,0.9166962933877913
0.018535565080225136,0.8820780178813982
0.04735227719397239,0.021836870331424365
0.018019470444581187,0.9015424939899273
0.018698595116407146,0.875586660982144
0.026110056957151878,0.5029933779021333
0.030994003948234733,0.28686058145408816
0.020169526894472156,0.810616099379587
0.023212231954981455,0.6540805497206144
0.041490110393760216,0.06216670989934601
0.02319700425036575,0.654892811794225
0.034462178687518996,0.1817331166833975
0.03800914288959156,0.1084055046848274
0.02520809236888677,0.5487865378861768
0.01726385385954768,0.9268445648329543
0.037549678131728215,0.11623888601173889
0.02679625673048125,0.46733564852794135
0.028591814371732638,0.38257370739253255
0.01757682337893178,0.9168440748024683
0.03249139086201408,0.23694542843047198
0.027157710457261564,0.44934858743590866
0.025194934392239465,0.5494656760697898
0.0344870968321479,0.18110651914346557
0.01832906360957734,0.890068311000551
0.024047542837877467,0.6096053876064405
0.024483401151133788,0.5865745787270855
0.03564062338270729,0.15392641105169824
0.03345671757652968,0.2084771620974569
0.043653859359246316,0.04293550396908673
0.029878481869825002,0.3288413911359806
0.04691427631332479,0.02372509574760496
0.03750706391423275,0.11698847594794479
0.02676673090608106,0.4688255399407786
0.020111796094396506,0.8133552051250398
0.016028252390629993,0.9593885598324019
0.03162050456067644,0.2650995721275137
0.015801779502490523,0.9641392520919434
0.03015154031534867,0.31817581690280683
0.025513164011522704,0.5331241423806505
0.013814329854447138,0.9910635437620243
0.02220240502928561,0.7077336573660964
0.025221157883562717,0.5481124563662176
0.02666991398778884,0.4737327875322846
0.017367575737841312,0.9236070313331084
0.029515167557300215,0.34342968202436486
0.04122257783478883,0.06499294864658638
0.03377914562513945,0.1995859026904154
0.036551283456381034,0.13487322991830358
0.024779940831915592,0.5710237467151396
0.018563252366211258,0.8809868219687669
0.01606151494724356,0.9586593534582876
0.019000168083136315,0.8631711270265343
0.022663764718425683,0.6832998772731815
0.03391518029436813,0.19592483996151172
0.024948636742804592,0.5622291960399604
0.0319917365749971,0.2528047000175144
0.02589734998456006,0.5136472826413043
0.039028802411449404,0.09257549636509861
0.020631734513809008,0.7882354978471324
0.017359984675844903,0.9238465722976956
0.017272827189350748,0.9265675070998608
0.03068180609965604,0.29818748969409115
0.041982192411835095,0.05724242068644947
0.020550598398768494,0.7922190065966221
0.023315032583925754,0.6485969516966901
0.023273530483377436,0.6508107471392811
0.024128680041353684,0.6053049801672696
0.02261293373560047,0.686000794321121
0.028416645035973298,0.3903380790116822
0.021502758413931677,0.7442573597035536
0.015374048056889467,0.9721080583044684
0.02251087394071727,0.6914180678942254
0.030437676050278833,0.3072719820289543
0.01524476395223584,0.9742643345568134
0.021197684284052443,0.7598876380397138
0.030974158396975704,0.28757096011450967
0.026107495303627104,0.5031211059245438
0.03157001508398699,0.2668059228673628
0.053285080571164545,0.006582582168766334
0.025637605955007303,0.5267838117937655
0.01881882650049113,0.8706990606426225
0.015500085874782521,0.9698943500835998
0.03150598480697597,0.26898175717136585
0.03605253744874293,0.14505547518915762
0.03201249005628937,0.2521303375040001
0.01567073076484604,0.9667189131719047
0.019185377638524903,0.8552956303040347
0.01794047289046341,0.9043702188706554
0.03198266878811262,0.25309977708535636
0.03797040481991898,0.10904861577233338
0.02507185847552018,0.5558317730374305
0.025130294972429246,0.552806108959508
0.02221611140245139,0.7070108610827384
0.02772990170284209,0.4218280501645635
0.016816426544019242,0.9399218587462703
0.029835373490194605,0.3305485449458648
0.02697491226164267,0.45838691704677587
0.024368241793245038,0.5926415482948868
0.022729923234463878,0.6797820283052856
0.02719815418712357,0.44736499184525247
0.016906352521511514,0.9374104110662255
0.03653061634674959,0.13528328662600508
0.02883545294973333,0.37195458625892397
0.022560278602442252,0.688796700126107
0.022051738830211054,0.7156633556096275
0.018280704400753134,0.8919010982447378
0.02870649161135473,0.3775493671548944
0.02856027223400437,0.38396380150001064
0.021302183022648136,0.7545580791938964
0.031646865292836224,0.2642119494011791
0.036708568596149904,0.13178559469226403
0.03915558263800789,0.09074980441718675
0.0317118420599668,0.2620335983746497
0.04376678394542077,0.04209240815275789
0.019745848440614167,0.8303953398594244
0.039284463567136996,0.08892489078685564
0.020818647312511818,0.7789774777320373
0.028461579305821272,0.388336018700179
0.034767711422167835,0.17416762339811562
0.03656992735141956,0.1345041848678138
0.024442405137861334,0.5887327287310655
0.02252330183963408,0.6907588396757636
0.017439505374612918,0.9213169900049613
0.0257213812541498,0.5225321924376363
0.019510284452689153,0.8410478183072151
0.031876014155456184,0.25659006827431696
0.020578401463295815,0.7908564573125176
0.02987637527416598,0.3289246669591115
0.019639556407553327,0.8352341571283189
0.02625405596420427,0.49519045596773564
0.018852136144089704,0.8693302177979431
0.03422096323848706,0.18788781828529638
0.02198601237542841,0.7191129708861823
0.02787594694916906,0.4149908335349275
0.03378800961293027,0.1993457287998725
0.02332276425241782,0.6481845399498494
0.027566634183335048,0.4295615587081007
0.04277631440952412,0.05000235708398869
0.02126968668986473,0.7562182733234761
0.01896340768682958,0.864712026222092
0.02076889870713483,0.7814523047970353
0.03785974051450636,0.11090323328816717
0.036404991591580504,0.13779769709750336
0.023427805693776005,0.6425821642927538
0.02148488685437827,0.745178754809374
0.031230246537280126,0.27850403358162124
0.05410087654782447,0.0055205956441208934
0.029113001605260758,0.36011186557021674
0.02031728531493926,0.8035463670885665
0.018377875002922206,0.8882034728333513
0.016032462321946106,0.9592967136817235
0.01826481445913372,0.8925000881140676
0.021739482578855995,0.7319923355577785
0.02060712326564859,0.7894461509137296
0.026488182098977242,0.48303420103578076
0.029123158214611145,0.3596836151773363
0.020469574357779102,0.7961746418599287
0.015866088258305155,0.962828101971467
0.04365036136586731,0.04296185286190357
0.01845062923188874,0.8853963557847733
0.037335304525456914,0.12005021772387306
0.026715497158949608,0.47141820328139267
0.03688251126438885,0.1284383777511969
0.018714578760318235,0.8749417517214155
0.02490154125085542,0.5646803114584045
0.024092473928644442,0.607223314857725
0.02022551972363751,0.8079469103650635
0.04265141101476555,0.0510857991033827
0.03278020980490337,0.22813197759391934
0.02186552162076323,0.7254200856588062
0.02132855624561268,0.7532088660259992
0.03624218414140823,0.1411127101705162
0.01682655572467706,0.9396419302787098
0.021846883573412135,0.726393647222972
0.03302885069621808,0.22074854981127112
0.03342100610729537,0.2094806239468542
0.0183687576322894,0.8885529341006114
0.020544401052668637,0.7925223632258991
0.0186829844398424,0.8762150724345099
0.027871752110485953,0.4151861580291128
0.05411300719858658,0.00550606055031868
0.022068859175754296,0.714763804511151
0.037867993355858,0.11076403004299645
0.04423196592155337,0.03876948810574325
0.0335277981013381,0.20649100384119215
0.02182425979245947,0.7275746336689324
0.03279660124339312,0.22763945205661038
0.01724970292163136,0.9272803142121993
0.0348056598979552,0.1732456948636873
0.01806648402963329,0.8998400743128779
0.022807710966893546,0.6756426187414624
0.02838978168595524,0.3915383986682487
0.044800039833338245,0.035024013635760964
0.02670378344943991,0.47201228521013494
0.027439242053285767,0.4356618050849751
0.02295165824036549,0.6679751930846906
0.042154239385305825,0.05560166630725904
0.019723417790430076,0.8314207809441295
0.03043828698560702,0.30724899763512054
0.021276978104714905,0.7558459847009268
0.03433485068202058,0.18496175825252606
0.03051220092230189,0.3044775245628102
0.027027517579352067,0.45577365951211973
0.03359396755976751,0.2046553602925679
0.028973014740285852,0.3660511771608677
0.0228363332629771,0.6741187360810924
0.018434753037684604,0.8860117109053475
0.02936128574296598,0.34974629691599957
0.02752504757457508,0.4315465906344821
0.0284441012152431,0.38911391102612264
0.04373644175005176,0.04231751558339669
0.026942296093829254,0.4600121403068374
0.019570021959388728,0.8383711729926917
0.023613203922224324,0.6326993817428973
0.03010809788402355,0.3198556167832548
0.01790838786892278,0.9055068499610498
0.02113293218294321,0.7631764166513695
0.03302140229078554,0.2209670149764443
0.032804103319069744,0.22741430491987016
0.0170861449040971,0.9322123195492018
0.029268497303881202,0.35359493221090316
0.04438170070560532,0.037749762059785565
0.01570164868642998,0.9661214076717258
0.02495959928207858,0.5616591122514476
0.018558922716029103,0.8811577654079158
0.020886181602308096,0.7756058989738674
0.019436050001176375,0.8443498917621164
0.016790654797188442,0.9406306912436675
0.0422774730493517,0.05445144310281693
0.02474621792974485,0.572786558056334
0.02313338197349668,0.6582862904144121
0.041140301351081154,0.06588389218447237
0.025145271271140746,0.5520315600353229
0.034471700764205804,0.181493470061753
0.025787641340190695,0.5191792800577841
0.04275813493003583,0.0501588048010298
0.02336610163109676,0.6458729868778926
0.03152985502254868,0.2681690633367676
0.040363959616009804,0.07481571773482959
0.019281829230261116,0.8511221354420446
0.021972486965109728,0.7198220671799151
0.035011325871065174,0.16831654425416728
0.029123822973897373,0.35965559838572875
0.016613816299587025,0.9453628961912438
0.014849562080850864,0.9801574596444226
0.024029285371688136,0.6105737718764894
0.031574972249418964,0.2666380250859444
0.031288345378651994,0.2764770239460387
0.019501136795925578,0.8414561754494558
0.030404036209333518,0.30853951401159885
0.02588100223069767,0.5144700440323416
0.027706055185187872,0.4229516622080229
0.022774146779310972,0.677429102211595
0.0271856054474226,0.44797983008747894
0.0276174770309342,0.42714308686736063
0.02581931367850332,0.517579699568308
0.032792485190003884,0.22776305309399933
0.020570150448038893,0.7912610890554864
0.020388150831548324,0.8001265074234507
0.02880034967657409,0.3734716843396575
0.025412637703117358,0.5382669788110162
0.02170531375275697,0.733769268386546
0.03369955266280422,0.20175267290083645
0.05248080039048009,0.007808941963012138
0.01723270432056362,0.9278018555996497
0.022292515061426155,0.7029777749809605
0.014449152830262685,0.9851085680358977
0.034159069204888176,0.1894932735177091
0.02348957794969085,0.6392883702710859
0.041444893788171344,0.06263686390838338
0.024880292837827334,0.5657872545052549
0.026019077593333773,0.5075384736320819
0.01765714360028159,0.9141668401882728
0.03013089001314395,0.3189735052054282
0.01800761891001046,0.9019693559334465
0.030601993961239193,0.30113539768185743
0.03318025516602341,0.21634388835630564
0.028851842385472448,0.3712477500673428
0.015170886027594865,0.9754451736151193
0.035251356434431,0.16270598680887968
0.021128465052563827,0.7634029060854466
0.03768096160874304,0.11395443614920747
0.016470039321240026,0.9490406527364774
0.02281410738679135,0.6753021000161235
0.038842184725649265,0.09531873777911375
0.027065097506483504,0.45391286227561095
0.03336302257968937,0.2111179128033109
0.034155889235455955,0.18957604896883576
0.02666100902285895,0.47418582105809576
0.046679746872051675,0.024794557572078647
0.01897108344575349,0.8643908968089823
0.027602522177869182,0.4278534958931723
0.02172037570062088,0.7329862398811611
0.030604578524756787,0.3010396005687943
0.034437415197975385,0.1823575236712119
0.020814364301415256,0.7791908408393344
0.033761663939815,0.2000602410328292
0.01731666700935011,0.925205654094022
0.024626518157852773,0.5790557189545489
0.01806267760138827,0.8999784497772796
0.02620325010274116,0.4978540986053634
0.027287677873801597,0.44299500073494813
0.028970672242172646,0.3661511482757647
0.02771698103739728,0.42243660083404827
0.0465827354752148,0.02524927676908728
0.01892845206241689,0.8661703097883702
0.022153956954053144,0.7102867026736195
0.03371008735647962,0.20146483381458896
0.028564337925807814,0.38378442496546117
0.02219517773002938,0.7081146933701395
0.027491918012709338,0.43313236322059184
0.023012079358289084,0.6647546185036157
0.027996360654305275,0.4094107150020098
0.029279262022788966,0.35314689968141755
0.03806573091467602,0.10747170626482024
0.02232690157673245,0.7011605173650999
0.020310366688976456,0.8038792530266116
0.048976628656015486,0.01594773857124233
0.01921078005051413,0.8542011720123499
0.024521234508930623,0.5845846032865514
0.020904649461916724,0.7746815593333528
0.03993251123454267,0.08020917250618949
0.026460113346645442,0.484481300016758
0.02269554224129855,0.6816105055304842
0.023890384933840436,0.6179488583941837
0.02598594018081979,0.509198351213746
0.026245987111268937,0.4956128768107583
0.02312118997391649,0.6589365340337336
0.020571267483995404,0.7912063227896753
0.03307896725862569,0.21928294642428653
0.025264671304508823,0.5458695555395461
0.014674499630703858,0.9824438726411345
0.019774252360019284,0.8290935584141985
0.03384915732616506,0.1976950632189924
0.022263386589669754,0.7045161478465551
0.029328452108084324,0.3511047260733215
0.03168196327914702,0.2630335995648409
0.026597577217916696,0.47742104165547883
0.025952793992175288,0.5108609981928162
0.017440688367405033,0.9212790212214713
0.021382593250709236,0.7504393760388418
0.019738716058932737,0.8307216519830137
0.028322135447591767,0.3945723227930007
0.020413618298579655,0.7988930047482438
0.03014009957290828,0.3186175750146156
0.038670173577179,0.09790710323707463
0.04756867590820102,0.020954254122294503
0.03047232465025046,0.3059704346997346
0.018896062560162852,0.8675154328379072
0.02212895153679373,0.7116032515043627
0.021285336527591014,0.7554190591764756
0.015193699871785038,0.975084478244456
0.013833295413480745,0.9909163018170645
0.02444074035867505,0.5888204068908212
0.029368976595048113,0.34942864501743615
0.027514675965314594,0.43204261472096733
0.030556827827334043,0.3028131073626661
0.02222103974488676,0.7067509137112507
0.014508182110217205,0.9844401141098893
0.016114149000125033,0.9574889266825919
0.013934788130462172,0.990097950631778
0.022339909510308842,0.7004727481649555
0.026350572060021227,0.49015556328359094
0.02855584347508522,0.3841592628711073
0.020392146524374488,0.7999331335001927
0.018095676393621085,0.898775689899938
0.018595661716074796,0.8797036491337636
0.02127564354291539,0.7559141349735821
0.024832211869750653,0.5682944246542752
0.0244219809629469,0.5898086082909071
0.037250319113058206,0.12158933563814493
0.0279619278271378,0.4110011052617156
0.02751990225334605,0.431792618571342
0.04542514829800626,0.03127247419178354
0.025507722497725482,0.5334020514942175
0.029377654706704392,0.34907046392146895
0.019575758771454566,0.8381132252315502
0.030215407024294705,0.31571793925217223
0.02973476050181545,0.33455783951300483
0.02083616206778921,0.7781043825972194
0.017695189933123356,0.9128831199000438
0.02757951906965772,0.42894778326831295
0.030765977277804724,0.2951016826438271
0.03200375898162222,0.2524138781489023
0.02620879895162065,0.49756273882158963
0.04456320385037282,0.03654517474977548
0.01785050197789395,0.9075400389532633
0.022190158324939868,0.7083792881019471
0.023570656324390926,0.6349665495482846
0.02931211674723344,0.35178196913685494
0.03713890953458443,0.12363151487277205
0.028009966299841538,0.4087834575467538
0.019525557220442025,0.8403651290384674
0.032423921616876406,0.2390413632027416
0.030743891012476987,0.2959090977166751
0.01775054668771836,0.9109975784643153
0.022457616971975125,0.6942415624572714
0.020948733365228345,0.7724711053485498
0.0180391658312819,0.9008310684778841
0.03622217428180874,0.14152456988738774
0.021282665223489317,0.7555555203293889
0.021414448450205514,0.7488036367651048
0.019981045603981062,0.8195088693869275
0.021176157773002524,0.7609821619373704
0.026968479293470904,0.45870716332210665
0.023303837740366484,0.6491940974233579
0.0177144445701356,0.9122296568192779
0.038902441681380906,0.09442564147644292
0.02369761186644459,0.6282036578335418
0.02473441496163442,0.573403899252787
0.024029530061725535,0.6105607917508857
0.020097253217364996,0.814043107213996
0.02566750271247864,0.5252649729522109
0.029525448530625775,0.3430105933425464
0.03244203108299187,0.23847740523731678
0.021921802522525652,0.7224768504442804
0.02552393558662347,0.532574178191103
0.01860827032648002,0.8792027366088727
0.015137636360494033,0.9759645692005098
0.023997862467493025,0.612241035875482
0.024375563501986997,0.5922553946715325
0.017740208027863552,0.911351322920002
0.02454580171105944,0.5832932931345892
0.01284792295388254,0.9964972537208446
0.019208557432422224,0.8542970684648847
0.024814885245610097,0.5691987131454808
0.01907829010793649,0.8598718042830408
0.030576631131631726,0.30207666379809006
0.02870291069177211,0.37770555575934395
0.035411418318893384,0.15904856953988292
0.033610446385654524,0.2042001987919459
0.03276055020811863,0.2287237849869819
0.019755624128360183,0.8299477203904364
0.028658427015057664,0.37964956616802514
0.03196485025713047,0.2536803746461008
0.025177973957770383,0.5503414964438009
0.024992970112167195,0.5599248379084638
0.026848346913157545,0.4647147269554788
0.03124778934837058,0.2778908173310317
0.021640832602625948,0.7371167081552128
0.02484728189483376,0.5675082505658745
0.024034613329574128,0.6102911486557512
0.04251705776488801,0.052273783060062716
0.017203558243753636,0.9286912760602886
0.020429056208560947,0.7981441408539383
0.022155646456346323,0.7101977207893491
0.03053803615917039,0.3035131496817237
0.02587681375454065,0.5146809335401272
0.02128960359619525,0.7552010444549735
0.025614133341720247,0.5279774943037425
0.024583488875457,0.5813137541197042
0.03431636081991796,0.185434347815384
0.027823479134130247,0.41743840602733684
0.01944691517309749,0.8438682803244905
0.0221599083397781,0.7099732420269205
0.02384984015136926,0.6201039968006263
0.025082773691532056,0.5552662056775416
0.02558817701626004,0.5292987115597481
0.02550296484822101,0.5336450791657281
0.023563750166498976,0.6353346033157684
0.02520556348829711,0.5489170417268464
0.024129110200809295,0.6052821952001637
0.04341573639520646,0.04476158926919148
0.03903206122304459,0.0925281858649573
0.01480847471249258,0.9807114922617481
0.0194786204946229,0.842459583008786
0.016352849554990084,0.9519255649199305
0.02468194805978252,0.576150338497718
0.018938697284827555,0.865743604717067
0.02242339160931306,0.696054743433417
0.024003572018631902,0.6119380400199776
0.023795425488267963,0.6229978763531737
0.04384108777433693,0.041545547405308775
0.02592776101824429,0.5121182106665643
0.023270424143426727,0.6509764468774404
0.023339197963009983,0.6473079701567799
0.03051107282997534,0.3045196850738387
0.01889175971750935,0.8676936838420659
0.024240040577685612,0.5994117075727183
0.025831863482748463,0.5169464465808575
0.018291340912595544,0.8914992479916386
0.028400890637105047,0.3910417138321797
0.017192717919912504,0.9290205224633101
0.0484621953301797,0.01763694613469191
0.014223684131931424,0.9874754702811741
0.021327579047313028,0.7532588870709105
0.021072135278723536,0.7662544003302031
0.02831933068058473,0.3946984663996361
0.026370408441652837,0.48912487119996173
0.02344164940818494,0.6418439293174557
0.022181490224229827,0.7088361492111147
0.025590071459396985,0.5292022380685193
0.029850894094754055,0.3299331708920181
0.02072668422977697,0.7835463221997042
0.04642253718890865,0.02601634885181928
0.03257556572299802,0.23435029043848754
0.02664540542058258,0.47498032417981983
0.02470073186258359,0.575166666967579
0.015242255979725061,0.9743050298580067
0.02468687712903128,0.5758921685705705
0.02100523590634773,0.7696298698680113
0.023704124779100444,0.627856890759417
0.03523753918820527,0.16302484286433017
0.024297973546474116,0.5963503369892145
0.030100153751703607,0.32016349074618483
0.018862081288059995,0.8689203004825291
0.02678744884502393,0.4677797745135379
0.02871567518114959,0.37714901498047637
0.029065927223540844,0.36210145781616593
0.020821153197186693,0.7788526184210192
0.04195720570017414,0.05748413642971448
0.0372166522505773,0.12220352012747504
0.027204527693508895,0.4470529307233874
0.03707588120896366,0.1247992534685574
0.029253742300007324,0.35420969888761045
0.02730423679471511,0.44218983276772134
0.035529693000921236,0.1563886030822946
0.02130680325750728,0.754321833450158
0.015495838163052444,0.9699707670016625
0.02187544722173751,0.7249013892796751
0.03121309789650978,0.27910444688380825
0.01761790982939332,0.9154801655547179
0.019094522432440725,0.8591821005681685
0.017115780390644098,0.9313329842623145
0.025298172282272824,0.5441449326289716
0.015346440512442383,0.9725781869837993
0.039002136258736164,0.09296338930245318
0.026703807380758282,0.4720110709915163
0.02270283141025148,0.6812229063447282
0.027558629411583158,0.42994316672480404
0.049103067252784016,0.015555424298519086
0.01819713066940265,0.8950334825697581
0.027752722038941163,0.4207546885316773
0.02161448703829416,0.7384821241059026
0.024372755089372422,0.5924035063377904
0.03357525386204452,0.20517321097042107
0.015661829457559895,0.9668896688481351
0.04645715618189039,0.02584885931686472
0.028562100958926973,0.38388311173228323
0.02661127909321792,0.47672098940494023
0.04516755977006348,0.032773289998261075
0.03115979962037624,0.2809767055363229
0.03721208918249996,0.1222869598268311
0.02594754048804626,0.511124732028997
0.036099264490070504,0.14407583399830118
0.02689893228560558,0.46217878407187785
0.038199043215430994,0.10529815857791369
0.01963313837192568,0.8355246571736323
0.021398343135519138,0.7496309158344231
0.023183499445068922,0.6556131603893647
0.050566862767143506,0.011604358682632264
0.027074341485712528,0.453455912533313
0.0165100611619676,0.9480322178598956
0.020618809022217965,0.7888715662461531
0.036571158078905874,0.13447985230432016
0.030419561340681134,0.30795405998861414
0.022665326314989548,0.6832168740103396
0.02915997460925196,0.35813428758095767
0.023487649273713718,0.6393911978920789
0.03269421492537952,0.230729374832165
0.019367294836997728,0.8473839359258025
0.044417331473740385,0.037510589416957535
0.031975747017939815,0.25332519573560347
0.03184521770333165,0.2576046304874505
0.0535948073811926,0.006159178875101367
0.02544572320373073,0.5365723246017479
0.022531310996446674,0.6903339333188834
0.021361180004630276,0.7515376430914424
0.016077327932028984,0.9583098511255564
0.031056057951231897,0.2846477420254528
0.02532760689553759,0.5426312363073008
0.0286393986512255,0.3804832691641322
0.03213658935267616,0.24812630389749124
0.021118328185323616,0.7639166657354554
0.022352807754348225,0.6997906058047281
0.024808881603323674,0.5695121445405507
0.02812086201325159,0.40369541332895703
0.026008902636642794,0.5080478958596095
0.018104701415931984,0.8984455019664059
0.0393007063532782,0.08869709842542088
0.0391724374053497,0.09050937628678737
0.03837086068725437,0.10255075432261085
0.035949326082514665,0.14723842710311652
0.03153485579431581,0.2679990391522712
0.01927299914328895,0.8515062264989659
0.02361967850645047,0.6323544356016505
0.03621270771819557,0.14171975808606438
0.027029219703619156,0.45568926860309733
0.012507772375190851,0.9976170303697504
0.028378659152923258,0.39203612873570787
0.023698119637915238,0.6281766218785156
0.014893844410999169,0.9795482229759425
0.027602951527885444,0.42783308910760687
0.033169162258725904,0.21666427346503342
0.01752330101424765,0.9186031829214316
0.020807363442840676,0.77953947660884
0.048509939369257404,0.017473696687406438
0.029383558125757214,0.34882695546132886
0.018887196036754428,0.8678826261932133
0.029003202071812645,0.364764590914418
0.02031429925512729,0.8036900616777437
0.046398593465619364,0.02613275152366287
0.02386088841722034,0.6195166340092191
0.018673199805592566,0.8766082230084193
0.029198176206410686,0.3565316764175128
0.03775775077542842,0.11263549776978984
0.03214301192346014,0.24792040441705052
0.023540875700993502,0.6365537688548715
0.033547982676297106,0.20592969673992312
0.056886880265646256,0.002966810276516134
0.016454625900162972,0.9494258758037403
0.02676423177567927,0.46895179031249346
0.02876678292402135,0.37492643400544157
0.03246378712548881,0.23780123310340998
0.04166536060279763,0.06037292059761333
0.05362943691410704,0.006113419164256841
0.023588784512636796,0.6340005064619922
0.030220410234183814,0.3155259794865251
0.02533205651825632,0.5424025418199067
0.015252147408952865,0.9741442785364633
0.03595506988983954,0.1471162500968452
0.043365849545596635,0.04515258587772146
0.022488658523970972,0.6925961465022459
0.01793003808177565,0.9047406326899756
0.04089586519366545,0.06859252039394118
0.022723670982770616,0.6801145925101817
0.022521798656230385,0.6908385816083289
0.02984344887776985,0.3302282617993952
0.019579987122779974,0.8379230030408182
0.03653404727266807,0.1352151433439576
0.023813117163001052,0.6220568179314314
0.02245370510036565,0.694448858262426
0.0326263201633098,0.23279607830857574
0.026894037459234132,0.46242377225079995
0.02655207931371828,0.4797504037799358
0.052265098345047556,0.008171451788431634
0.03307673927541008,0.21934794103837882
0.01823425554576924,0.8936475278644519
0.03580819744071678,0.15026623081702706
0.028766156893517247,0.3749536032366767
0.053718896865655785,0.005996639923395159
0.036600405183296325,0.13390266573667486
0.037786671737224165,0.11214202862479457
0.016122027019125754,0.9573119961400735
0.01049859056838598,0.9998960351009292
0.025721204048741952,0.5225411711432595
0.03563597608727653,0.15402893174549864
0.031976285811884164,0.2533076435796652
0.046326218400154606,0.026487409380029796
0.013661029441900174,0.9921900901336664
0.018318798376201206,0.890458591249732
0.025803408198882716,0.5183827367028755
0.022467009551071504,0.6937437802730732
0.020571870072650045,0.7911767772011876
0.029608991857642653,0.33961865180209533
0.03756298747750375,0.11600558554189518
0.02489852240653967,0.5648375394707714
0.01564832764355739,0.9671475974479842
0.02642914764561699,0.48608100430715306
0.024567542091454397,0.5821511606023054
0.01715170569368757,0.9302585110881922
0.03529833614519051,0.16162558456612452
0.02161810021969146,0.738294942757089
0.024576626300168325,0.581674088036487
0.037953354748702595,0.10933267245223616
0.04161596272283741,0.060873991344569126
0.022834643074370525,0.674208734216367
0.03431720435772623,0.1854127667684476
0.022696624771974566,0.6815529443702555
0.022332809708676793,0.7008481582330351
0.032982336307758486,0.22211557575639196
0.03015191275254403,0.3181614435881457
0.039454464935633315,0.08656491920790318
0.017359131921543147,0.9238734559665884
0.025135314591933355,0.5525464624167232
0.019369829238470804,0.8472725173396753
0.03340058215962183,0.21005620677548692
0.030764207053992965,0.2951663372741439
0.027707485765682938,0.4228841982409904
0.019402134895240675,0.8458494547202113
0.017495321385497142,0.9195148137152108
0.027004030390705314,0.45693920453635134
0.03751123305334558,0.11691496493561876
0.03509141907294311,0.16642750360839434
0.027736754949779452,0.4215055105145564
0.016832179460216784,0.939486189012491
0.03270357023273085,0.23044570952642646
0.0234535850715597,0.6412074726667285
0.022879297999590875,0.6718305536579526
0.01840084982792234,0.8873205693002999
0.034495152809884355,0.18090430788501502
0.02320022135092986,0.6547212093043432
0.024898082474313687,0.5648604532031608
0.03432123138230614,0.18530976681977795
0.016698415127620492,0.9431277201398283
0.01746649079607937,0.9204484259301284
0.014125897524175368,0.9884131711005906
0.037446949692415354,0.11805265922961651
0.0438781502881983,0.0412750950056865
0.029048535658833696,0.3628384730689334
0.027615123150636744,0.4272548516994741
0.04272684751943834,0.05042904641218063
0.019640125958409027,0.8352083682019674
0.022871898501707122,0.6722246864358625
0.027142548948448697,0.4500937009410779
0.023300395303622434,0.6493777222033562
0.03976428874835325,0.0823992842517934
0.023651012726256915,0.6306852643772408
0.019660315471993206,0.8342932219623413
0.02036849889852374,0.8010767285493725
0.020505053778208215,0.794445317405224
0.04906574548941589,0.015670316252582372
0.019196466811168517,0.8548182727424928
0.026118423356581544,0.5025763161517481
0.018846491278693756,0.8695626364769068
0.02231574327628555,0.7017503493603301
0.03437606881311411,0.1839116721690214
0.026398838976317784,0.4876500684241334
0.025973233245808136,0.5098354697982247
0.032544071415431974,0.23531870721513515
0.016986718983975524,0.9351159511272152
0.015359695401224664,0.9723531282784547
0.041868592485373335,0.05834844121858811
0.03887277364652497,0.0948644870305686
0.025330511587651927,0.5424819417536443
0.027383369079152065,0.43835558818025927
0.025390773253789245,0.53938796328547
0.02069617959574932,0.7850559833820183
0.03497251909690291,0.1692379548876828
0.03448933673242521,0.1810502779665739
0.021492366285815995,0.7447932235557455
0.02938611077127007,0.34872169965412014
0.023506741953752797,0.6383733086424583
0.0226802024343995,0.6824260874567384
0.020530248240196336,0.7932146433143827
0.028410561720623367,0.3906096724404126
0.024232518473594145,0.5998094327141914
0.015213593827473115,0.9747670684125059
0.022379755597075612,0.6983648862083403
0.026025199400728338,0.5072320841330434
0.026293069514999823,0.4931512777102533
0.04299763715090432,0.04813127982033977
0.01936765424154485,0.8473681375773197
0.02311181729711731,0.6594363984988848
0.02093919607659836,0.7729497976399
0.02328460535901955,0.6502199878233348
0.019658375895015068,0.8343812210824316
0.020642100869452173,0.7877249679444999
0.025080761922264716,0.5553704305821789
0.03248923325898523,0.23701223602193777
0.02506410485574445,0.5562336371171968
0.020019546872687588,0.817704160961282
0.018688806887855347,0.8759808561782652
0.034175258730098745,0.18907229718981375
0.028861120713368327,0.3708480173473808
0.024473863307241966,0.5870765112836576
0.015836896900030345,0.9634269721794868
0.03406085643946266,0.19206294515996392
0.031119633775183342,0.28239382053048734
0.05747315641677708,0.002593055157224906
0.03759186961158856,0.11550063594113204
0.037095021701344766,0.12444368169274106
0.030020060536211757,0.32327953423973926
0.022707784659345087,0.6809595005101605
0.02916945291266737,0.35773618359408715
0.02364342085896315,0.6310896480541408
0.018125238103708696,0.8976921738000222
0.03810371795177164,0.10684860311071938
0.015178398139088611,0.9753267932031464
0.044855885333509926,0.03467351519537889
0.022507722515797246,0.6915852124889481
0.03800648972239312,0.10844945087043835
0.030155428501362325,0.3180257850349145
0.0164482510664076,0.9495846879615782
0.020871420499116528,0.7763439906996201
0.023813486662938005,0.6220371652435795
0.01996504401666399,0.8202571001219383
0.027841540270450604,0.4165947647677918
0.032290828993661536,0.2432174049041651
0.018203960564515342,0.8947791703832935
0.025653979032766117,0.5259517992752112
0.018750262485444202,0.8734965887664813
0.03612687793289854,0.14349943594155667
0.022011111325555832,0.7177963978646253
0.022434208325470634,0.6954818146530577
0.019630646391770257,0.8356373999222193
0.030489295568318697,0.30533441296160324
0.03805193254012518,0.10769878603571871
0.019208294457381703,0.854308412997633
0.017121504011735872,0.9311624231447062
0.028557649167085364,0.38407956106121655
0.023188546258164022,0.6553439640443959
0.019578816960093226,0.8379756540313985
0.023593796449331128,0.6337334417259205
0.0316173807817596,0.2652049050225901
0.024538641966327795,0.5836695532608401
0.039063226637429005,0.09207675678999148
0.029272217958565494,0.3534400311602689
0.025442118741912156,0.5367568508834948
0.01679492948298733,0.9405134561882221
0.022713525098159992,0.6806542147469966
0.027051518194754043,0.4545846699998304
0.02430883863122746,0.5957765502907648
0.02210765761993605,0.7127237513391208
0.0239559318257187,0.6144669272747612
0.03623253170658097,0.14131126312827622
0.026390511641382453,0.4880817422265182
0.017466950541438153,0.9204335839641744
0.03402680769339117,0.19296017827359457
0.023836429974765316,0.6208170221143539
0.027578209528414277,0.4290101366189175
0.026678539153289327,0.4732942580096273
0.027461006521822207,0.4346154985371991
0.027719232376545833,0.42233052215028843
0.026562313138886823,0.47922581873983644
0.023965688239436345,0.613948898153296
0.019758282430825558,0.829825924600814
0.02075391967448645,0.7821959663392117
0.02348271026000548,0.6396545260377369
0.025995877087869212,0.5087003588275121
0.029594753317599642,0.34019504225416064
0.019474856530255935,0.8426270774275748
0.03242766505734962,0.23892470291640827
0.027125585553554155,0.45092834106839746
0.024670475508535294,0.5767513571936763
0.0324298851394309,0.23885553701661938
0.03588594047764482,0.14859216035447875
0.02083431263186908,0.7781966190423588
0.030494746107512793,0.3051303482281016
0.021950068740319684,0.7209967853641137
0.02773988070013933,0.42135845651043036
0.02510498018890972,0.5541161654961633
0.034328722246227295,0.1851182918126685
0.028894988409958855,0.36939148424094137
0.030433192590327174,0.3074406957396857
0.028999472914186253,0.3649233548266113
0.019695897699238185,0.8326757572942525
0.042975577298807965,0.048315015520342244
0.03014396931467342,0.31846810386251767
0.02546380733506226,0.5356468842160269
0.020274814823469878,0.8055869768084698
0.03415093155885779,0.18970515541837926
0.024345534161227977,0.593839521395664
0.01745827803550326,0.9207133080574206
0.02199782038535436,0.7184936924337451
0.04461333594585437,0.03621844585700557
0.020184767181202212,0.8098908048264839
0.02134636919127797,0.7522966638872441
0.030576695444382573,0.30207427428840766
0.020128501820949607,0.8125639477913863
0.025464120227940534,0.5356308774200428
0.026318319907480958,0.4918343596375928
0.01928442992067314,0.8510089340390563
0.020284748421808663,0.805110298968273
0.02532610450915046,0.5427084612963988
0.025682403711153823,0.5245086087801316
0.018497278675806417,0.8835792764795107
0.029542488846822423,0.34231677699541874
0.04479159056975446,0.035077312534313176
0.02494530365661085,0.5624025615095137
0.023903153188575443,0.6172703761033449
0.022003044747842343,0.7182196325345488
0.02647490128047103,0.4837185510835779
0.02543893526574026,0.5369198448437691
0.021343158837748955,0.7524611206392261
0.018819614336742396,0.8706667581960117
0.02248517849308873,0.6927806538131598
0.05158561807624673,0.009415598751643616
0.027843465376351184,0.4165049110114683
0.04514095501748827,0.032931847086052166
0.029238552339998974,0.3548433814752023
0.03512416160498388,0.16566014646802973
0.021243786814212906,0.7575396414307964
0.027635267776469297,0.4262990018402431
0.02979651310288134,0.33209294871327083
0.023245212099497925,0.6523213207513434
0.02296161575778899,0.6674445119691136
0.044626923282289344,0.03613033382284368
0.0204308255261052,0.7980582600715408
0.012605775016169662,0.9973283873744938
0.023211857134264546,0.6541005432062124
0.014724681385132485,0.9818081817207065
0.027282334124270946,0.4432550464069004
0.04610715748409544,0.027586937869287734
0.043071415554151504,0.04752116977601516
0.02067795168455111,0.7859566552291661
0.030939846250529757,0.2888022538900778
0.022261983591076506,0.7045902210374129
0.04100417875167717,0.06738080054833195
0.01932943890701888,0.8490443135199484
0.03756614349390286,0.11595032015254314
0.025775116676164778,0.5198123842243966
0.016310187632153084,0.9529506550450756
0.03729322652990649,0.12081025248248835
0.027679744710996546,0.4241937247908303
0.026566097816064893,0.4790319109552099
0.033144255619458884,0.2173849658153393
0.023702266508694336,0.6279558287531766
0.017009563349770218,0.9344551575942629
0.03399448734491731,0.1938149104517071
0.020896073496659895,0.7751109212570612
0.025483554356905858,0.5346370279298358
0.015639837261042705,0.96730912554907
0.021703393715810426,0.7338690559499332
0.03071107852571131,0.29711164412051616
0.019756836520610555,0.8298921760113549
0.025692318096943056,0.5240056017653085
0.026226711954683846,0.4966229056841618
0.02971234803117817,0.33545569731772706
0.02199277076190409,0.7187585480706978
0.029536616691160922,0.3425557550104937
0.01847527800668014,0.8844379046528211
0.03257036537128244,0.23450998484223348
0.02908738670165223,0.3611935136882733
0.03174322702972332,0.2609862762204329
0.0351157143833738,0.16585784523670835
0.027798749979912607,0.41859539753685543
0.01566630291049531,0.9668039243768631
0.023359542215058204,0.6462228451884646
0.0212845046566274,0.7554615563824103
0.019335891040845307,0.8487618335672293
0.017318423929907012,0.9251507909148547
0.03033065108963251,0.3113179067121725
0.022983629427841434,0.6662711941294752
0.04517262385079501,0.03274318552337624
0.027538277780056186,0.4309144108025998
0.022092049830945093,0.7135446641857404
0.024460414960835175,0.5877844087271666
0.02062934273271877,0.7883532398708799
0.02583090444857028,0.5169948273578501
0.020247888571298778,0.8068771858095094
0.03108838128985003,0.2835001333701684
0.022919627894750216,0.6696820093106068
0.02157683207261063,0.7404313167929699
0.017390882861318624,0.92286900609591
0.034343693880629966,0.18473606804128745
0.023319521460048898,0.6483575119388807
0.034509792838913755,0.18053728950730458
0.016935062202168893,0.9365961585513776
0.038686770259519276,0.09765483297175241
0.02267078917888321,0.682926494941447
0.03563228370512134,0.15411042594453686
0.03206553505373533,0.25041289693881275
0.02198091109608291,0.7193804473056422
0.03223606360617698,0.24495184415574264
0.021924831474491424,0.7223183084645446
0.025173873293590443,0.5505533216872929
0.019324393683267216,0.8492650502047104
0.040633500440995174,0.07160476647345133
0.02104716015054109,0.7675159693147934
0.03368295753418876,0.202206753133899
0.03693963857346155,0.1273543490655623
0.03607111379587158,0.14466537495973208
0.033455204516993076,0.20851960170954514
0.02584984849383498,0.516039497312949
0.024743166312655163,0.5729461517587301
0.035767050891549954,0.15115839324162858
0.03342003864554727,0.209507861001536
0.030474783066996414,0.3058782400875334
0.02302340896645988,0.6641506126895542
0.03719021966991459,0.12268751249485778
0.03938405353415325,0.08753591055694536
0.020505508383410503,0.7944231307421309
0.017573382524522563,0.9169577653257177
0.030997033077702185,0.2867522673658771
0.029935040829054127,0.3266112544020698
0.02637529921505158,0.48887096307613476
0.020397872812926987,0.7996559054278783
0.03575960184576776,0.15132036324834647
0.031314658028236186,0.2755626371106951
0.018983773284007355,0.8638592776607716
0.019354184670867136,0.8479597743169325
0.04247192323739901,0.052678185715937666
0.03760927608777975,0.11519719271109638
0.02094631634747529,0.7725924440503898
0.018271401691373562,0.8922519692101429
0.024638400604501953,0.5784325698946271
0.028501116217951206,0.38658034925785717
0.026975850662476875,0.45834021388338925
0.03184051538623983,0.25775981070045945
0.051174285446654366,0.010249820548728299
0.027705290614020606,0.4229877211956756
0.02439485797604435,0.5912380548588643
0.04442464458666118,0.03746166407367269
0.03170203718137049,0.2623614376046867
0.04019718833157826,0.07686290084372231
0.020614472507965886,0.7890848440376668
0.02232318264811306,0.701357115948962
0.021177399216668946,0.7609190720891323
0.023660981048093888,0.6301543325702101
0.02666514640121498,0.4739752998383228
0.035136381234310454,0.16537449156006093
0.023658801460784085,0.630270418142358
0.02012439350549794,0.812758639500369
0.03536768829454695,0.16004119087577798
0.02266279939421026,0.6833511861839312
0.03000323423301554,0.32393695259448363
0.025795247793338083,0.518794938623677
0.01785728067795042,0.9073031084714521
0.02736731330068698,0.43913174079953804
0.02715945639389883,0.44926283594284844
0.021021858706369967,0.768792294085324
0.019364029036911923,0.8475274608977365
0.021387084934442746,0.7502088695124398
0.024667046596668185,0.5769310220914432
0.02073116006944098,0.7833245665444208
0.0242616472304098,0.5982695669194324
0.040715329480996265,0.07065343855272337
0.029647295751533853,0.33807155212351536
0.023033612822898064,0.6636065957139714
0.02041162989334011,0.7989893963231184
0.030793903432931202,0.294083107569809
0.016253525422229576,0.9542914190405142
0.018735100313954423,0.8741115528303419
0.030025768936848496,0.3230567220800479
0.043833188405134615,0.041603389732652235
0.01611995588301507,0.9573585553832935
0.02103556644358806,0.7681010279891103
0.025688302285338915,0.5242093210565737
0.04664666615587881,0.024948794222301403
0.023999363752522762,0.6121613630410558
0.03979420527221589,0.08200615117820609
0.017000091461400357,0.9347296009967461
0.034354700520256465,0.1844554678709483
0.04252623261152111,0.05219190531950702
0.027093764320107072,0.4524967939709983
0.026435536895926592,0.48575065303802717
0.027471548746857255,0.43410929870045406
0.02140365471225325,0.7493581408397518
0.03432615075526324,0.185184004428428
0.02361022314013328,0.6328581938033517
0.0326353325896096,0.23252092689943663
0.016454759350035375,0.9494225480497297
0.019857830572720392,0.8252421994562729
0.029607371543939776,0.3396842083634881
0.035492457374908026,0.1572221392144921
0.05169570005421187,0.009203035956949521
0.03395182595667057,0.19494766883869635
0.03146123116950339,0.2705104353729061
0.03136419769861848,0.27384722993600874
0.03294887135808089,0.22310312510348715
0.03665902991976616,0.1327517955481921
0.02043079837016512,0.7980595782763857
0.019973874625027782,0.8198443161724221
0.01756765724280529,0.917146753781172
0.015459458554045402,0.970620051994553
0.0242583000276535,0.5984464733404495
0.034669629991005646,0.17656850736272187
0.025764503468121425,0.5203491133746825
0.031853844551070654,0.2573201212656322
0.035667004322279316,0.15334548018288766
0.047130647573115525,0.022774935422919317
0.023702472394605323,0.6279448669042172
0.028192428732931374,0.40043504171809924
0.033891151666000874,0.19656765619860572
0.024023867361914725,0.6108611936332144
0.036789546781461735,0.1302185612418703
0.03657874505187653,0.1343299303621407
0.021201538129820174,0.7596915645994128
0.022125323968509192,0.7117941782735022
0.023007668600671605,0.664989756504915
0.03258721539797643,0.23399285031812841
0.022040948422497597,0.7162301051937965
0.026798011972272717,0.4672471758415184
0.03814850152503668,0.10611786639719151
0.0285044322471244,0.3864333495835662
0.022893181322939715,0.6710910013521938
0.024846541973173708,0.5675468434035821
0.025796074483032005,0.5187531743963503
0.02486659310295891,0.5665012899952574
0.0251594891425182,0.5512965713823108
0.02695599408998184,0.4593291237016143
0.03919205275414639,0.09023024186614347
0.02840607184805871,0.39081020967879576
0.030058631908491673,0.3217761708534428
0.038889896165288595,0.09461100550291283
0.022398786501217793,0.6973575923472856
0.02694003297994546,0.4601250493218219
0.01985748780447094,0.825258057448366
0.019194390773547343,0.8549076895739806
0.03169177738932666,0.26270481835838766
0.028774178000009254,0.3746055979895048
0.040742714327404395,0.07033747731893476
0.028440837251958617,0.3892592991180152
0.03100984009300961,0.2862946561080293
0.035415142176497494,0.15896427097755575
0.03472254493581772,0.1752699867613386
0.019899849808522718,0.8232943273092024
0.04299850304445513,0.04812408017850546
0.02865903956800564,0.37962274918676636
0.024203997105977315,0.6013179479400684
0.019187269972087972,0.8552142165463498
0.018876537501240992,0.8683234448734272
0.023861941620604787,0.6194606459510605
0.044039368203205836,0.04011642284214474
0.021943634577741622,0.7213337961800621
0.023928230064280687,0.6159381372058359
0.024980868352949284,0.5605535702377662
0.028761344584072868,0.3751624997726426
0.020089996344608507,0.8143860499970278
0.02621985835943058,0.49698235559367904
0.022334428662680095,0.7007625588134457
0.016330393900673423,0.9524668061586218
0.02816938837014482,0.4014827078310229
0.028064042467843386,0.40629690778324484
0.018742370464205793,0.8738168491792859
0.033160939781271104,0.21690199204451183
0.02895115194444775,0.36698496762487054
0.02551084805987669,0.5332424160122129
0.028268033358359812,0.3970104702122463
0.04185282153961034,0.05850342957539543
0.02779106428946554,0.41895542824852233
0.02945259166081604,0.3459884039813363
0.03514780583812532,0.16510777797203177
0.049726990509453284,0.013743433735705133
0.02343697462456995,0.6420932146312878
0.02806622008928017,0.4061969934361012
0.022154554445793173,0.7102552346808285
0.025467356249947337,0.5354653413196319
0.021668263348753186,0.7356936368315987
0.0191968023105938,0.8548038203479973
0.028114899899557177,0.4039678510289705
0.021532279227794326,0.742733904885803
0.027430718762648576,0.43607201505763427
0.021602856959798467,0.7390844485951167
0.0269313952462642,0.4605561625010497
0.030614975446576653,0.30065446412061864
0.0175018996984615,0.9193009726898607
0.025872903040412676,0.5148778704127647
0.031077444562463974,0.2838880453344891
0.024565857014148207,0.582239666155715
0.02467258268714323,0.5766409546725013
0.023216209840599245,0.6538683630807437
0.017977462667594424,0.9030513188571917
0.028170282451222328,0.4014420179948304
0.02745891779135351,0.43471583896500343
0.03852516830363284,0.10013439373360886
0.02986318968002244,0.32944625294786134
0.028837718736552165,0.37185681214153604
0.03616975539948203,0.14260812293961786
0.03594315017503347,0.14736988682248023
0.03371565051666037,0.20131296139617155
0.03217317196635561,0.24695524879682912
0.028569443444675546,0.3835592544510067
0.053928763962490744,0.0057306408971744775
0.03446543493026066,0.18165113711832426
0.04544082709567909,0.031183106744544865
0.03145744161751973,0.27064017608437485
0.024231494605358228,0.5998635729590174
0.01837002119755171,0.8885045336680029
0.02040413365170274,0.7993526622573192
0.020950808424449407,0.7723669202991097
0.022798010689869308,0.6761589828703988
0.041581282804134534,0.061227894269680096
0.02064907759686052,0.7873811745665555
0.03099479233119451,0.28683238792933147
0.05450095633893037,0.005059282860542214
0.03810381912764965,0.1068469475262846
0.018188237176275268,0.895364183941602
0.051157292386573516,0.01028568051865081
0.01862629180864639,0.8784851321018701
0.026288665134690248,0.4933812172797814
0.027898389018818776,0.4139469267230712
0.018601582845332865,0.8794685341928344
0.019457093836037664,0.8434165709886371
0.02233405384352996,0.7007823769767803
0.01744564450099749,0.921119844234012
0.03532344798977377,0.16105044354607448
0.032930204182095024,0.223655463349216
0.022527822422712118,0.690519017513509
0.04286588119459889,0.04923771228776836
0.028872147649487423,0.37037334404704503
0.028039275425149,0.40743446395454
0.027820502339251874,0.41757756459491113
0.02958719137139887,0.34050144270235055
0.04823533807591507,0.018431413034470923
0.024847887146569048,0.5674766824160526
0.015703262675166613,0.9660900285868477
0.017864973071769263,0.9070338673057914
0.020417352866463956,0.7987119263187413
0.01782508010855155,0.908425826395458
0.019283711705761042,0.8510401995777036
0.040852035758826066,0.0690880944103139
0.018341141797792004,0.8896082544180287
0.01913280897808023,0.8575497058640058
0.03816719225270099,0.10581411706143116
0.02884229694828072,0.37165930647556683
0.02138247925098624,0.7504452257422696
0.020901802201091446,0.774824133307054
0.03742927143033359,0.11836712391339846
0.03630433126395449,0.13983974228037974
0.025396786463814824,0.5390795826131949
0.02293634461605859,0.6687912615950206
0.02540473486031586,0.5386720569627648
0.019928422545656688,0.8219654329384394
0.05895805900430595,0.001832388897044285
0.030862628510213153,0.2915875069784889
0.024173328538598382,0.6029408446903289
0.01964509787010371,0.8349831786568869
0.027703476091894108,0.42307330670105603
0.027520190447848147,0.43177883580706156
0.023943967838295555,0.6151022585529402
0.02516800505802841,0.55085650103988
0.04426962852228222,0.0385107594738851
0.017231087661023547,0.9278513491798188
0.03707393448616647,0.12483546422687497
0.022703157557779408,0.6812055627991946
0.026038173992545044,0.5065829859889539
0.017713680315698643,0.9122556425322422
0.03147449596918139,0.27005666342021434
0.032719985354083825,0.22994862907650135
0.03569200676034576,0.15279653567349014
0.016124536750789446,0.9572555350921986
0.0316235956282338,0.26499537323778344
0.02599981290778841,0.5085031715268276
0.0161952213243437,0.955646369618115
0.02805371913806165,0.4067707956573575
0.04362432198286037,0.04315843876820956
0.026388234887166462,0.48819980791366474
0.012123783190928043,0.9985199304950055
0.033188169606594264,0.21611552817889187
0.021413225153726456,0.7488664938874445
0.020974865658958453,0.7711581569493549
0.02960018956334365,0.33997489475980425
0.024675116386116414,0.5765082127570094
0.02681209610707347,0.4665376650568705
0.017044700192917428,0.9334313899924518
0.023447848242600655,0.641513379556148
0.02531697727671889,0.5431776993545687
0.027512225832913795,0.4321598487986014
0.016782866910706518,0.9408439327089634
0.02125956802243334,0.7567347046101591
0.01689317077667174,0.9377822500513956
0.0411273081563816,0.06602553958835847
0.028323585871159573,0.39450710134278966
0.02339635425769504,0.6442594751654203
0.032504846463403014,0.23652911706809968
0.015135334442927667,0.9760002520820037
0.02443439076555587,0.5891548458264334
0.023509761748695346,0.6382123224121445
0.028759342166137736,0.3752494463493355
0.03023777826274987,0.3148602751690906
0.02530320219582427,0.5438861597398468
0.017815828945198064,0.9087470850302984
0.03045322669389028,0.3066873333036256
0.02533207590317932,0.5424015455804403
0.0319159682769716,0.25527832218618235
0.03118485805842308,0.28009529187591914
0.019181560996991948,0.8554597759692083
0.017359191783559047,0.9238715689436463
0.03442606324027386,0.18264432800844585
0.027284395498293312,0.4431547206084857
0.039328960620935494,0.0883020214501064
0.014357878252656331,0.9861018742658705
0.023837297902633642,0.6207708708588215
0.023375804422692048,0.645355479865505
0.02416279198928961,0.6034986005811196
0.029196962962998785,0.35658249529903446
0.01298928891905643,0.9959269225199932
0.02967788976224528,0.3368394984516746
0.020302787583916015,0.8042437119684989
0.016231858369801788,0.9547978670464368
0.019490230314891555,0.8419425161412901
0.019793913309380406,0.8281903541925384
0.032417998855226005,0.23922602862784562
0.025061130011805988,0.5563878459114796
0.02448089076023008,0.5867066790398329
0.03313034320624564,0.21778833943267617
0.023882021792140717,0.6183933157425319
0.021092832422272,0.7652076569352025
0.016126392232843845,0.9572137628967524
0.02192112396484991,0.722512365686428
0.050068514697716615,0.01283412212697454
0.05441215018632012,0.005158519722885721
0.03250429346732431,0.23654621552146465
0.02497932173754669,0.5606339386808368
0.025588976231227134,0.5292580111390734
0.024069179681772468,0.608458088848298
0.029979509789634595,0.3248655336472691
0.03326345901576094,0.21395249020585266
0.021179659846817245,0.7608041774028993
0.03668590891387369,0.1322268340264803
0.02685473872028621,0.4643937893769798
0.04770001454835132,0.020434186750202366
0.04660770379343143,0.025131543129496416
0.03297811879222151,0.2222398482292589
0.02982300521943415,0.33103952566168304
0.018029751587683385,0.9011714431252866
0.014104576180196227,0.988610713543098
0.012529100258627635,0.997556409139191
0.02456714164925755,0.5821721927768215
0.033894507590396694,0.19647777892494592
0.0190167061659422,0.8624754614610933
0.028627799463969927,0.3809920994095097
0.028861105081583904,0.3708486905477208
0.019082241260858224,0.8597040527983753
0.01936714196460848,0.8473906555413601
0.03051625229281718,0.30432614688925635
0.029407167246683352,0.34785432123888455
0.013424644785497652,0.9937160711953501
0.03397750218042245,0.19426528472215304
0.028700771649854184,0.37779887570390813
0.02308859915470518,0.660674610552697
0.02493777621588822,0.5627941504408349
0.024916462596509786,0.5639033692941875
0.02848114033395477,0.3874667037345208
0.037012136799697004,0.12598943824974684
0.027720784636643014,0.42225739322474787
0.02595103034930571,0.5109495292575078
0.031000176719246153,0.28663989072189017
0.027008411483949057,0.4567216446461884
0.03481156225036197,0.1731026512943984
0.03969742164955509,0.08328373218932314
0.023356046883760362,0.6464092768686052
0.030821069543535806,0.2930947496248206
0.018699126189726578,0.8755652572848622
0.02497975508495981,0.5606114198194734
0.02773987673428302,0.4213586430659792
0.028939607832616066,0.36747870961672097
0.02787036646919261,0.41525069148754273
0.019927000846661103,0.8220316377532221
0.030391198685440934,0.3090242334449128
0.016987435205694568,0.9350952914281696
0.02715815345584066,0.449326828577223
0.04188089455322963,0.05822778793709533
0.030220639343469996,0.31551719121471594
0.026258749248581514,0.4949448592964103
0.02810869958455997,0.4042513072969562
0.023592412850728217,0.6338071669496421
0.04156426521261991,0.0614021995335955
0.02571273739066185,0.5229702349832904
0.029267792243548474,0.3536242912461344
0.018338412730937614,0.8897122843427514
0.02624580819788569,0.49562224590855863
0.013777772418382406,0.991342405444915
0.032798827896745375,0.22757260936893808
0.025397322969967495,0.5390520716302363
0.03336412569107783,0.21108667152164629
0.02318407608218953,0.6555824027389063
0.02134063787512791,0.7525902452627735
0.01884223726656198,0.8697376688905925
0.03353255181230497,0.20635870198114206
0.02052611831138318,0.7934165279392021
0.01859548519596127,0.8797106551309832
0.023318499527391956,0.6484120224234188
0.02850486101059957,0.38641434532518915
0.028392016804216186,0.39143843067112427
0.03518207758746317,0.16430974782454985
0.033880703478343155,0.19684768264182062
0.04064756622285437,0.07144047007223414
0.02846831430844543,0.3880365544674138
0.025269727227492433,0.5456091551243417
0.02616223327260425,0.5003949174215856
0.02382883257225865,0.6212210251837176
0.025866029011906932,0.5152241110826994
0.021465566987714235,0.7461740565902839
0.027099556081838783,0.4522110517856856
0.032684156378119944,0.2310346625081938
0.015664955738850017,0.9668297611942016
0.017281568582452778,0.9262970570779407
0.023687625263842715,0.6287354107354811
0.025855696583650056,0.5157447320308677
0.01942197040762661,0.8449731173625282
0.023152440417126274,0.6572697961712861
0.03489629586752041,0.17105947052318635
0.026936474787935774,0.4603026080387334
0.025529743006964645,0.5322777582855285
0.021273130168576793,0.7560424704531542
0.017382515601938042,0.9231344002016819
0.031797904041386604,0.25916924138675107
0.020415485193129246,0.7988024906806273
0.03330303637705717,0.21282220430119914
0.023506951899851136,0.6383621162739823
0.01760089487497213,0.9160464172139117
0.017031463130693314,0.9338181253776434
0.016729053936204386,0.9423052272756834
0.02292430781557042,0.6694326505051869
0.02930859348126691,0.35192816109735253
0.01388729503671432,0.9904873233924903
0.02907631278758091,0.36166184631556286
0.018501008069485847,0.8834334347344871
0.026239298706878356,0.4959632035249721
0.02662814621288756,0.4758601377544514
0.02156221710723122,0.7411870935404468
0.020023439309015068,0.8175213633316113
0.025728974187232023,0.5221475293788258
0.02653028578290939,0.4808687809284103
0.027176604773755275,0.44842117348269006
0.03198833588686034,0.25291533206317957
0.02698049922961268,0.458108906225964
0.03735844848007097,0.11963385790709803
0.03452679467614417,0.1801118020744776
0.013984007706196788,0.9896822925074308
0.0304785011926908,0.30573884306727567
0.031948532290896114,0.25421296265492865
0.04722565596308215,0.02236850821288364
0.026186914605461326,0.4987124793554198
0.020776241094260683,0.7810875241446213
0.021033463171085676,0.7682071271309715
0.0297494899694683,0.3339687109632636
0.020744129233862707,0.7826816525155331
0.01907552689047476,0.859989070171875
0.049682888943144876,0.013864984853181323
0.028782561624489333,0.3742421066520579
0.019056600660527362,0.8607911516518256
0.05113454299556336,0.010333865645500479
0.02838405341389716,0.391794682414939
0.02081646833183423,0.7790860331083114
0.019148937219534534,0.8568597094042945
0.018433459234699967,0.886061789669421
0.024820591775654655,0.5689008393077162
0.03147301215932419,0.2701073942903687
0.02904072340530628,0.3631698836776447
0.021409794567228607,0.7490427513380745
0.021037403174089975,0.768008364618052
0.029425094631921278,0.34711705420895766
0.024532045375073974,0.584016271702583
0.020491172462902885,0.79512243869957
0.02101302840904884,0.7692373227760668
0.02307007619507634,0.6616623623989444
0.02299150598291294,0.6658513425656403
0.012641522881964184,0.9972165333476322
0.022742675450063476,0.6791036543240514
0.026740232031126743,0.4701653365137392
0.01463927629424211,0.9828807448510926
0.027594649987941144,0.42822777360044967
0.026958811191763687,0.45918873892624223
0.025266678907456486,0.5457661506976672
0.02885313467693945,0.3711920568899847
0.019221235787351465,0.8537497044932327
0.019643239123249723,0.8350673791667532
0.029252646691207668,0.3542553776775882
0.03187833611967905,0.2565136958849875
0.02267791609345926,0.6825476342471449
0.023990682704806254,0.612622086458452
0.02203763032321371,0.7164043505014829
0.019951806291695462,0.8208752760518085
0.03964668981820818,0.08396008413468471
0.014361669632537058,0.9860615767576021
0.028171301595118714,0.40139563998369154
0.04950915652294324,0.014353280024904127
0.02369650871104012,0.6282623950014242
0.03906677958688376,0.09202540985190413
0.022358160256230275,0.6995074810745704
0.03040588720980042,0.30846966985988067
0.024244810516762305,0.5991595281277471
0.023794422510081792,0.6230512319677575
0.035329466805663734,0.16091283748130158
0.02423441180041841,0.5997093196672083
0.04102459363234129,0.06715447159020396
0.02314513036840482,0.6576596874278681
0.018231110622240476,0.8937652768735402
0.01953747836725525,0.8398314739424254
0.02925025319013319,0.35435518355208406
0.03340522542134905,0.209925243535787
0.04600747654319953,0.02810047206366048
0.03561863755985417,0.15441190979545522
0.02858624337955351,0.382818971100111
0.019860051311883065,0.8251394456880576
0.03561829760517132,0.15441942645747045
0.024639077052844738,0.5783971003365639
0.027847047865349583,0.41633773452651324
0.021115586415053622,0.7640555787678319
0.03158624821112521,0.2662564072945328
0.027751132722276195,0.42082938239602413
0.01894175510164997,0.8656161354589166
0.027238000854817812,0.44541639097890867
0.023085421195537137,0.6608440823495005
0.035791777535199576,0.15062174572646697
0.022205527864699037,0.7075689965076553
0.026388494663214135,0.48818633577082454
0.025376172613147396,0.5401370078721037
0.03798244379701965,0.1088484129233529
0.02512772873351854,0.5529388667569487
0.02596643537043536,0.5101764516805494
0.03357277871858358,0.2052417803220614
0.02446789711186309,0.5873905364523117
0.027157121875435286,0.44937749802286214
0.02860862296749417,0.3818343709620062
0.016859347631801358,0.9387305431263414
0.019579749795678947,0.837933682002639
0.04311911866751017,0.047130264643267784
0.040371631914955436,0.07472266001004035
0.030247235251971816,0.3144982264816425
0.026691809688989904,0.4726200615831729
0.03817286719807644,0.10572203449954128
0.024609626607308754,0.5799418611417255
0.020314215108831468,0.8036941104669649
0.023853738833620963,0.6198967216177845
0.04137204402485917,0.0634007401703221
0.03315352015246431,0.21711667300438137
0.03857759983376863,0.09932421928646232
0.027624551677696396,0.4268072938063401
0.029224204433235923,0.35544267550403275
0.02298575244681933,0.6661580305780744
0.02284562201535767,0.6736241111573038
0.02605390668440921,0.5057963896764137
0.029409520281103774,0.3477574885688458
0.0231474659686306,0.6575351157234117
0.026466202818256512,0.48416711607233387
0.015551351824676818,0.9689620453816924
0.015848638228830758,0.9631868364930797
0.03657123390267564,0.1344783533190606
0.019334015019430995,0.8488439892109845
0.021807145356019797,0.7284674563026552
0.025889394992687775,0.5140475780555845
0.04121806719994758,0.06504152482541996
0.02557081786637294,0.5301830336152802
0.022698776240941854,0.6814385426600966
0.0362299998160196,0.1413633822401482
0.02971121836853563,0.33550099819058987
0.02116302195793418,0.7616494804009665
0.025152830378420588,0.5516407533871506
0.01977031245260885,0.8292743454904155
0.04004998839114782,0.0787090407731259
0.01643345281403874,0.9499521920037912
0.02130677734609754,0.7543231585149164
0.023785505894927617,0.6235255941586779
0.023606434125808817,0.6330600719429693
0.02321511126059922,0.6539269631271604
0.027669819516622285,0.42466291373562814
0.029264000731319628,0.3537822012841163
0.02963112058522932,0.3387242505511732
0.032310937633155734,0.24258291298193177
0.027485173575384603,0.43345567089578624
0.03161276626600196,0.26536056272971775
0.022413352302092238,0.696586397480845
0.029902943906747637,0.3278754983525753
0.026171270468063224,0.49953541838807236
0.06780547054488262,0.00019264719763214126
0.03357523325782785,0.20517378169901382
0.022852472485996617,0.6732592997778291
0.027256350164873266,0.4445209705332199
0.036406403815161914,0.13776922138885975
0.02202628339134982,0.7170001013066241
0.016924294836032527,0.9369022434335607
0.022136181916342812,0.711222650297044
0.03162147277213323,0.2650669307165111
0.045865689498430284,0.028845459625122045
0.032502938153056604,0.23658812538607057
0.025032262269745753,0.5578849949580041
0.0236172805698259,0.6324821885992791
0.02756069817907661,0.42984452136047197
0.02127150129971145,0.756125634052858
0.012625672160322843,0.9972665734136464
0.0457927438096436,0.029235479548845845
0.021733512912129216,0.7323029370744929
0.03557236500069491,0.15543774228736176
0.03763607397013802,0.1147313165938288
0.03314946306565181,0.21723413112100667
0.023960388145322087,0.6142303052726703
0.05002859988038916,0.012937524114090793
0.034196920203231396,0.188510186672188
0.02039537193400265,0.7997769956439345
0.014728468117264776,0.9817595746265869
0.02179058990017141,0.7293306442853768
0.016487445154851454,0.9486035274657106
0.02411969018028537,0.6057811961736501
0.028512025868641433,0.3860968706136977
0.027332778091104293,0.44080432653992957
0.02090300112995036,0.7747641009240978
0.03854997658383774,0.09975037159225952
0.03617205314138383,0.14256048570808572
0.01535007490970397,0.9725165984175804
0.032952735573059555,0.22298891948805172
0.0219147966979113,0.7228434959853376
0.034951853726069015,0.16973026285060988
0.01904808965742638,0.8611512078336749
0.029190002854423636,0.35687413132292917
0.027461190015454662,0.43460668443901745
0.019875736155807067,0.8244130940947247
0.017780603745971124,0.9099650137405874
0.04087805495368413,0.06879353226014387
0.027554603160314828,0.430135194874166
0.04795456594733316,0.019458860154544778
0.03973103169532699,0.08283817894813231
0.02767706268461631,0.4243204762972556
0.02297619451305727,0.666667487880672
0.040412740286107585,0.07422572409634236
0.033215679376131235,0.21532322525017833
0.03250399557143879,0.2365554267545688
0.023871077381818262,0.6189750186692322
0.025550124980445177,0.5312379282985706
0.03593921323798166,0.14745373754445792
0.0196021885180101,0.8369228297843665
0.03486449218597115,0.17182408909980648
0.02499724463807418,0.5597028129430057
0.027825802626376184,0.41732980984947515
0.029669420000188962,0.3371802611998752
0.03954946146685334,0.0852692541514434
0.03884316551962119,0.0953041446667278
0.0250899488498062,0.5548945300175789
0.017146814730508275,0.93040534026455
0.030956666754080597,0.2881981613556063
0.033243452001903706,0.21452563868353444
0.021490246097875698,0.7449025217950519
0.021481152078938526,0.7453712213622598
0.025414817751716168,0.538155255145884
0.017538721589639372,0.9180984086634395
0.027224470604970463,0.446077418103055
0.025055072375114062,0.5567019019728042
0.030094882094030995,0.3203679121224328
0.025253753842222726,0.5464319967047115
0.019625926619785905,0.8358508532165025
0.025881797620780578,0.5144300002837449
0.02222989998651137,0.7062835048440592
0.018019969985363815,0.9015244814533778
0.02832371716258203,0.39450119790658184
0.03255251251211422,0.23505885211136315
0.020485306986073426,0.7954083509321267
0.017735758824150016,0.9115033307119591
0.017577664649157998,0.9168162655519739
0.025543415999462415,0.5315801155354629
0.04199930602317348,0.0570773718168681
0.020310502821139442,0.803872704827279
0.035325401036442106,0.16100578139755664
0.04075173095935947,0.07023370842510451
0.03476032656055206,0.174347485382186
0.02532749844911769,0.5426368104900758
0.021575962201653198,0.7404763120197144
0.03377300382929477,0.19975245034093395
0.027733021850540163,0.4216811834834927
0.020992394015073856,0.7702764119938054
0.014668124403705629,0.9825235121693601
0.033676593389315834,0.2023811022940189
0.029902933126098374,0.3278759235781151
0.03671722178611636,0.1316174132866013
0.029396358411678758,0.3482993764825142
0.023848844203526454,0.6201569482348889
0.0264382754163775,0.4856091043979889
0.020382893766043575,0.8003808378565058
0.04201404685049137,0.05693553475641261
0.053194540053336015,0.006711276017136546
0.026896647141515517,0.4622931458838201
0.027737973695437512,0.4214481692821789
0.031535645239736954,0.2679722057336732
0.027058435461569497,0.4542423706024612
0.021413539878591847,0.7488503225734877
0.027197920627161115,0.4473764302179791
0.02666891464371035,0.4737836143485955
0.025285786152697776,0.5447823443925066
0.020699178049251588,0.784907722612789
0.020530638250422117,0.7931955752922093
0.02515665508136966,0.5514430511474017
0.021984395881145313,0.7191977330140292
0.025114994444125516,0.5535977988154757
0.022846467318670127,0.6735790969395071
0.01862446132037754,0.8785581094858973
0.041835574765229255,0.05867332593357853
0.024257527843546955,0.5984872863319702
0.019719074382685164,0.8316190799524653
0.039943548202561185,0.08006721523237717
0.041325306261534744,0.06389499809312787
0.03056104472119925,0.30265617940202383
0.021780532058808144,0.7298548218763917
0.02608216385489509,0.5043849413044769
0.022041032271300942,0.7162257017918099
0.019065577661267652,0.860410954534375
0.04522435831360516,0.03243702800703115
0.01611649508632096,0.9574362840743429
0.020611151941689776,0.7892481134780014
0.03366549556068643,0.20268541431354625
0.026612649586257753,0.4766510053606725
0.02801282331227789,0.4086518251278508
0.031231258474162527,0.27846863348593
0.032634421188349694,0.232548740836293
0.03659992004676926,0.13391222333085512
0.02167785765296215,0.7351955613815161
0.03215150913026332,0.2476481944061543
0.03596561197092174,0.14689222182612444
0.018248202654929102,0.893124573671114
0.02317122305040109,0.6562679731357373
0.022751021020462114,0.6786596491337438
0.03210511294459523,0.24913727788006995
0.0279813610964586,0.4101029989277302
0.02624403722292684,0.4957149920947954
0.02889063583818885,0.36957844758881886
0.03485064664055959,0.1721578102958719
0.019732323248024874,0.8310139320552937
0.03645297314490514,0.13683288628022525
0.02933311635526542,0.3509115229723791
0.03402236603936004,0.19307746473341292
0.04222713371786496,0.05491879512759124
0.029023709382695606,0.3638923909658164
0.030387814137799785,0.3091521200662374
0.02429147612061161,0.5966935222058397
0.024203942877662254,0.6013208168160191
0.01994887273444374,0.8210121669402244
0.024445515308420596,0.5885689349541475
0.03754059629224393,0.11639830406090529
0.0312281704339733,0.27857667140573766
0.030760873166921165,0.2952881306393205
0.02699854237535204,0.4572118295251549
0.02762313393516702,0.4268745716401067
0.02188019077057385,0.7246534426553155
0.021748013336362393,0.7315483700706488
0.03304138329635031,0.22038133971135435
0.024100328147024286,0.6068070784473558
0.03172049908427449,0.2617443959711663
0.023059804008138562,0.662210106163156
0.027149335635140437,0.4497600672449576
0.034067516728488206,0.19188782130187798
0.026233715269054825,0.49625577564090895
0.042066296544512494,0.05643522221892109
0.030937136582849023,0.2888996567934957
0.035854829296328605,0.1492602729335985
0.032528762242951204,0.23579055423597772
0.018963777385405445,0.8646965667062876
0.03064386907925637,0.2995860526678659
0.019271016686267628,0.8515924041107829
0.040997687262699256,0.06745290435000373
0.016612608384107275,0.9453944288162948
0.02009822538712977,0.8139971485804729
0.028283572909752475,0.39630910702517336
0.021583119115245353,0.7401060662226165
0.019804481804670662,0.8277041349666293
0.018649661652814564,0.8775516769101842
0.026251968040422513,0.49529974085752104
0.036659072272741455,0.1327509670363117
0.02658028740311319,0.47830536213714125
0.025703552554980136,0.5234358535952717
0.0390061647108787,0.09290470329179598
0.03224687432235135,0.24460872065009154
0.027911176616064792,0.41335290580494755
0.02685555450922167,0.4643528384715983
0.02777774188052004,0.4195800057337484
0.019704817555122434,0.8322693721584187
0.027984657102798127,0.40995080766687725
0.012554935951655466,0.9974813569250587
0.019375206068700246,0.8470360314784555
0.025265659872696286,0.5458186368786655
0.0495135081473293,0.014340862991092922
0.02899571305640647,0.3650834751362179
0.020157725797102732,0.8111770925839812
0.020766784410854333,0.7815573151897606
0.023047036852237746,0.6628908581708425
0.02593885915871652,0.5115606748834937
0.03872131853324812,0.09713143680743824
0.025653024500786936,0.5260002904369991
0.04101814716653962,0.06722587002147883
0.031891738379663415,0.2560732143171793
0.026629976772869046,0.4757667719469861
0.02267472381826341,0.6827173368867596
0.026582559451582166,0.4781890931336098
0.02125605094041888,0.7569141495157456
0.02334648504356074,0.6469192862247304
0.028597347932361794,0.3823302001414432
0.030990469706075052,0.2869869954960626
0.02093020362398479,0.7734009050764528
0.03018240868645128,0.316986129809765
0.02540874273631552,0.5384666102148604
0.024351830303506072,0.5935073065733372
0.026802914570527803,0.4670001193532667
0.03977203041281824,0.0822973989538872
0.021926523764525863,0.7222297241052966
0.02445992653695339,0.5878101222999768
0.016070711585762454,0.9584563098599836
0.030718904580234074,0.29682449982512465
0.029233491195493233,0.355054697088689
0.027577199954943565,0.4290582112849898
0.03089276910390848,0.2904979755012891
0.027220656044432356,0.44626389847920533
0.0319177230165727,0.25522082836509363
0.03594270315832282,0.14737940565329072
0.017939255516977615,0.9044134704989047
0.01872552350525719,0.8744992887407027
0.030701746408639846,0.29745431484687823
0.022842619596834868,0.6737839938193169
0.01673168082045512,0.9422343879025429
0.03154269355371686,0.2677327214651252
0.016542527708892196,0.947205477427254
0.02924590435122737,0.3545365756188463
0.04342742069673011,0.04467043762140102
0.014631365186404344,0.9829778143296313
0.026775951658684738,0.4683599212104688
0.020876188580923882,0.7761056450610826
0.02961015916205606,0.3395714292530645
0.020417643457715573,0.7986978342851316
0.012707789865492591,0.9969995199284212
0.026677760478588386,0.47333383730132755
0.02043217881922693,0.7979925651200243
0.02469033570736001,0.5757110372510742
0.029975056299558323,0.32504005928316376
0.03457943432806826,0.17879947929679102
0.026246869014008856,0.49556669616267085
0.03786563553684452,0.11080378535798564
0.023277846289287307,0.6505805318144152
0.017253942321282523,0.9271499208946938
0.0258937544648693,0.513828193057225
0.018413597411903515,0.8868292748591482
0.02902364600280083,0.36389508431544537
0.0374319364855098,0.11831967326258457
0.03767657819795045,0.11403010903866774
0.01448681152587783,0.9846845053814282
0.03874686850702558,0.09674586985216756
0.016342043054058064,0.9521864943373685
0.02143845040198443,0.74756966696634
0.027421089797982356,0.4365357509941303
0.020082782687025597,0.8147267391561765
0.020417901806823346,0.7986853055586303
0.01645957067097159,0.9493024834928482
0.031071068047305916,0.2841143944072124
0.023264789147591336,0.6512770315873724
0.019157662273557308,0.8564858577896195
0.02667745390619869,0.473349420676092
0.019377144304797145,0.8469507475677738
0.024466776601361928,0.587449517925495
0.023453195371182456,0.6412282525862785
0.050589848821503636,0.0115502925666196
0.027098227095466387,0.45227660803114494
0.018744908184833486,0.8737139073215595
0.02233996871515248,0.7004696174219065
0.043539611394922406,0.04380338726978666
0.025606138781348528,0.5283842929074105
0.025574425353603103,0.5299992115195562
0.032997480368347654,0.22166978620575106
0.01734943099023334,0.9241789209933551
0.027999034501474118,0.4092873913405658
0.022960288848189958,0.6675152308161747
0.029083234568313632,0.36136906338896396
0.02386815482328608,0.6191303669177841
0.01604372164558099,0.9590504376588465
0.023138714785475023,0.6580018659571767
0.03011697165171151,0.31951196948099464
0.027136377531250255,0.4503972307282335
0.026845642309596185,0.4648505710737321
0.020882674361021314,0.7757813278715617
0.022025181778731695,0.7170579298351253
0.02585435764966093,0.5158122130514531
0.023949606256878836,0.6148028259792888
0.01669268607340757,0.9432807494615879
0.019315077741726472,0.849672296792007
0.020035862747475597,0.8169375110530033
0.017347119754209994,0.9242515990766773
0.01810367857133076,0.8984829502595628
0.02605183592906493,0.5058998919491031
0.029441369367541326,0.346448719915745
0.040555626330958106,0.07252020082014411
0.019696466449594108,0.8326498561532055
0.02047659206415897,0.7958329369088931
0.029334037456272055,0.35087337795610557
0.02847881177817796,0.387570116482615
0.026800597116151237,0.46711689207954454
0.035304338793574364,0.16148795542059394
0.025417396152192406,0.5380231276446252
0.028543667390440675,0.3846970064290221
0.03324248952776182,0.21455324104715343
0.0489981489069391,0.015880345435354933
0.02582501738656151,0.5172918553460432
0.02003657585965124,0.8169039782638143
0.03816241375686802,0.1058917052904305
0.03462570623449224,0.17765217701552535
0.019947956445328707,0.8210549169716153
0.028910330556229408,0.3687329980903202
0.023314171692707664,0.648642872369857
0.030891738171664573,0.2905351920851202
0.029802763223148065,0.33184420347176913
0.03829729155566927,0.10371975865073486
0.03049903540014348,0.3049698302202972
0.025866914793586604,0.5151794893353389
0.019130982336445945,0.8576277655046329
0.037996030663562386,0.10862283503306214
0.029608138141091547,0.3396531913403847
0.027830928320376147,0.4170903114217091
0.02579440430305663,0.5188375530351454
0.016373360169817747,0.9514279565480896
0.022667276408280923,0.6831132188255195
0.036933512051322115,0.1274702443278728
0.023966841306831493,0.6138876788969694
0.022515369189287204,0.6911796356149065
0.021895204846486493,0.7238684150731789
0.03093432323745693,0.2890008123109751
0.03522291088313742,0.163362960293179
0.03900191929623836,0.09296655086651165
0.04049359523356544,0.0732564884817594
0.02099918505789189,0.7699345650557515
0.034368566173735904,0.184102460224321
0.029344445253101425,0.35044257126334916
0.027694021048951023,0.423519462364372
0.03178255181716888,0.25967846160569497
0.03756356150715151,0.1159955320234661
0.022398953987902148,0.6973487258209686
0.025628411749206714,0.5272512502700878
0.019735417093965035,0.8308725042250427
0.04075627685798727,0.07018144084529845
0.036584113168706134,0.1342239362758289
0.029662874300565634,0.3374437831583486
0.026582960725930416,0.4781685603724427
0.02562397120929788,0.5274770679786186
0.029052203260721998,0.36268296020851365
0.02545505337698134,0.5360947865124447
0.018389511930521962,0.8877566859649167
0.017955803864613484,0.9038246850108362
0.03308336026125158,0.2191548376254334
0.031523322406916465,0.26839129159609015
0.04320458945334038,0.046436835832252915
0.019398943211999087,0.845990280847321
0.027970391411907825,0.41060979645103235
0.03280618313048156,0.22735191741121344
0.04609961765944359,0.02762548961134914
0.027961028737441218,0.4110426891187992
0.017971895664701254,0.9032503961074148
0.02292626107704221,0.66932857314156
0.05054857181088723,0.011647544449103858
0.024160432239419494,0.6036235279215085
0.020676424161524015,0.7860320841397839
0.01495116924968344,0.9787407087971567
0.0306531418401505,0.29924376344296155
0.033922132388651605,0.1957391648104304
0.026377893980975342,0.4887362884005324
0.023495805273385906,0.6389563657058177
0.02569097393590536,0.5240737865907288
0.037651711987684244,0.11446017146420971
0.028230942859347796,0.3986879785660038
0.047095215635224175,0.02292817715559709
0.024799556943352508,0.5699990544542312
0.018860325570570158,0.8689927082389414
0.04034586523674022,0.07503557454199046
0.018820672820744178,0.8706233531909936
0.02139314525993874,0.749897790583177
0.02680987852406591,0.4666493324151461
0.04913507068127532,0.01545750669948781
0.01991284122573936,0.8226905419541053
0.028680279743095616,0.3786936934946177
0.029415311489223828,0.3475192492836581
0.025891462622276817,0.5139435222703854
0.04602122408993625,0.02802914982396322
0.04691799234855698,0.023708485020609994
0.027945507650674828,0.41176100947788025
0.024153746804251308,0.6039774870271228
0.01984415640643536,0.8258744284168813
0.03556111953246155,0.15568787295240033
0.02070186001212057,0.7847750865990437
0.031961001527833544,0.253805913750349
0.027076282121229145,0.4533600214952658
0.02788991140849517,0.41434105723960274
0.05756042109289344,0.0025413020532325456
0.020907364318478117,0.7745455933928903
0.029900228301443343,0.3279826236843347
0.019566153215842985,0.838545037112525
0.025776728856443554,0.5197308731042728
0.019533290630421654,0.8400190177300264
0.01471733832332267,0.9819021826888246
0.014059731278421861,0.9890182521083055
0.03224789347743806,0.24457639237834175
0.020469047102549043,0.796200307887805
0.02081163417400418,0.7793268161937222
0.02663292403588935,0.4756164749465915
0.04942938558601939,0.0145826186125519
0.018684902873379594,0.8761379227815551
0.033616475441829885,0.20403386789309272
0.036011403749741766,0.14592230582529198
0.01602411852362884,0.9594786205106468
0.02995347647526031,0.3258867027000132
0.02807255921991847,0.40590623532858117
0.0286927693291371,0.3781481359002453
0.035438017824337587,0.15844721138594117
0.022804830077623794,0.6757959787741747
0.02723849356856256,0.4453923315368508
0.02104333537141201,0.7677090213923732
0.02497295639084096,0.5609647458734004
0.030282793366209204,0.3131396477728114
0.02256576388904369,0.6885055368621698
0.03566057766217362,0.15348683784911402
0.027390818329113664,0.4379957964113346
0.015655159538352753,0.967017248582183
0.02381466729236026,0.6219743713064285
0.020993947381025196,0.7701982301288718
0.047566050144356886,0.020964770531599584
0.02867983486334702,0.37871313643465504
0.031158762150077846,0.2810132423566406
0.01583678067715677,0.9634293442053941
0.0225189317511032,0.6909906620899144
0.019379193341248435,0.8468605678293493
0.021564177245117888,0.7410857548312335
0.022423638963244508,0.6960416430577883
0.02228965958043505,0.7031286239991661
0.04437576165143231,0.037789757460193765
0.0249322940167106,0.5630793953593458
0.036363674113565725,0.13863293187045964
0.019818871128611137,0.8270413348591275
0.022736050987669287,0.679456064467319
0.016291500259100977,0.9533954560499711
0.0182982403633754,0.8912382020087983
0.020582660550954146,0.7906475009095799
0.030872564914187106,0.29122798907147734
0.015929293344402573,0.9615102597447032
0.025976400069407823,0.5096766550629838
0.04057316908107106,0.07231311775172887
0.0348198820065837,0.1729011814937469
0.018227928557162598,0.8938843521755525
0.027321543958236827,0.44134932823926915
0.04637704816493804,0.02623788777334643
0.022833432769507556,0.6742731789911982
0.03160002819012242,0.26579060259784565
0.0182836637466873,0.8917893653236805
0.028044144830039364,0.40721063874666696
0.027036455008671245,0.45533065934372496
0.021484311724679017,0.7452083952639024
0.027806834547742798,0.41821690885942675
0.027861932149240487,0.41564365048677465
0.0313447155964216,0.27452087968421496
0.019582840764583165,0.837794577315271
0.026663991601811654,0.47403405307952234
0.02405496468778856,0.6092118016216048
0.028026299635938792,0.4080313159137452
0.04747136935518781,0.021347127874723506
0.016690192286070715,0.9433472858420217
0.025744337097848125,0.5213695835313419
0.02720759166254294,0.44690296356994397
0.04578304622359086,0.02928767831903253
0.022375687688721224,0.6985801520072192
0.037703055753762815,0.11357364517989542
0.02187502634202043,0.7249233870296086
0.0380660142764222,0.10746704714368725
0.021442461128471813,0.747363347350851
0.017007826041507496,0.9345055441143527
0.02379171062170926,0.6231954994636297
0.046566508533964546,0.02532605360066393
0.023962278603501336,0.6141299296761533
0.029479061977814358,0.3449043770534964
0.020586525706889958,0.7904578185459564
0.022406249615401053,0.696962478688947
0.04231785135080934,0.05407904867769137
0.025849228859337325,0.5160707332809612
0.03408803371389357,0.1913491424408452
0.03057911344540931,0.30198444469437424
0.036893353259663586,0.1282320655517475
0.01399378289683162,0.9895982547901723
0.035979349911433256,0.1466006927294963
0.03075666761239354,0.29544182063800484
0.024935371756846902,0.5629192516724697
0.017821670849637983,0.9085442847444962
0.027819968414003582,0.4176025277569951
0.029910660291727897,0.3275712401546601
0.027394256745904233,0.43782979093330343
0.054437041484004856,0.00513052650217467
0.042292885935356406,0.054309035885449414
0.04841132301021611,0.017812391434662435
0.030027232804381687,0.32299960187892696
0.01480456652366624,0.9807636304915285
0.02399076954330759,0.6126174774706368
0.03684795395833129,0.129097780292337
0.03655835935840096,0.13473306957530778
0.03404644073274976,0.19244241832832548
0.02407384738966034,0.6082106301734187
0.03118279960466662,0.2801676188015559
0.020899442092828624,0.7749422956442865
0.03306540921604573,0.21967869157887912
0.021469411159038998,0.7459760799854587
0.04920969580148671,0.015231328356427636
0.025337388313099174,0.5421285522701691
0.03533828547987572,0.1607113894333088
0.02590630111403347,0.5131970184734225
0.03460701274402067,0.17811497314285724
0.03634003919175349,0.13911255947493892
0.01749994169791036,0.9193646530732218
0.027490774253309314,0.43318718011343976
0.025817052826675957,0.5176938143617975
0.02288379582837874,0.6715909667714943
0.017170464544084107,0.9296937622086328
0.03271798877173543,0.2300090452453758
0.029194362668391705,0.3566914306334803
0.020942452350024843,0.7727863891240314
0.02494262478783482,0.5625419107541265
0.028987837682489137,0.3654190228150219
0.027711543947939288,0.42269286034146664
0.026009500251855777,0.5080179693800685
0.021367077735522266,0.7512352576763325
0.033290474689715244,0.2131804487993741
0.039073244022515,0.09193204785568447
0.029668655913141273,0.33721101479122517
0.024577988825434993,0.5816025412708505
0.019632476792067977,0.8355545913590119
0.03092200300908554,0.2894441027858303
0.013614572904863231,0.9925097029665408
0.02927449205605759,0.3533453780214833
0.02044305024336246,0.797464580154524
0.02429234680463968,0.596647531470425
0.04025490707565971,0.0761490789420632
0.023786362074675382,0.6234800437483894
0.03927753431014597,0.08902221748429304
0.028743993805916745,0.37591635344127233
0.024957171673158418,0.5617853395510839
0.02275017453422662,0.6787046860784325
0.02687597794975849,0.46332839805443526
0.03949643952680848,0.08599039787271275
0.03159701593374392,0.26589237353516615
0.031300407198195324,0.27605758447958395
0.024222032030736973,0.6003639818818145
0.024338503818117557,0.5942105238393052
0.017665280939567318,0.9138931166460276
0.030669999417622718,0.2986222308493016
0.018307401963045367,0.8908911009060226
0.031561747008301666,0.26708613701613065
0.01941003133071184,0.8455008231444374
0.03159888600870647,0.26582918845182874
0.026914106381870417,0.46141985728236934
0.016468393491034572,0.9490818700375798
0.02816430260503222,0.4017142161862951
0.017797182437477965,0.909392846601856
0.06556217149379151,0.0003513499522741423
0.04109028102703055,0.06643062292272083
0.0221768179467004,0.7090823681667584
0.021699375284554456,0.7340778787043211
0.015427985912336961,0.9711742813332936
0.03213237648884315,0.2482614335631192
0.038910671013626774,0.09430421543673509
0.03770596081744593,0.11352365484920936
0.03702164472395053,0.12581132620903318
0.023016334986744547,0.664527745634357
0.027940351060532165,0.41199984771641623
0.02058749162425666,0.7904104083608192
0.023261234458847896,0.6514666476717651
0.017104815519283223,0.9316590708923866
0.027629958650274178,0.42655077607501296
0.01979779049108321,0.828012036500049
0.04062360741917778,0.0717205148583253
0.022397743539546044,0.6974128047677268
0.02037823294940877,0.8006062383665282
0.024434822089442976,0.5891321262051498
0.05320711708059889,0.006693262892869171
0.018503590075653387,0.8833324130187454
0.01374783898914278,0.9915659259889132
0.019685654319758106,0.833141990597901
0.020544540046704612,0.7925155609816813
0.028427889740878287,0.38983639710596335
0.024640817414598004,0.5783058471292639
0.022816837179716498,0.6751567712199972
0.03186805351329741,0.2568520345885426
0.03119886097083685,0.2796036474780995
0.049765341948647124,0.013638510976278021
0.01907062180639922,0.8601971310802714
0.022109222413705942,0.7126414310840232
0.01943543960381247,0.8443769310311242
0.036542708320849715,0.1350432463922606
0.04224861192189369,0.054718970127029525
0.022005101894963075,0.7181117077232363
0.03460887911876109,0.1780687242412362
0.02513924227340486,0.5523433261324875
0.034524360419414424,0.1801726729368714
0.030800409697773756,0.29384617249749434
0.027782056817452605,0.4193776447993078
0.028238036164031532,0.39836678898509126
0.03489389620126615,0.1711170681937527
0.049758387476885435,0.01365748352815073
0.027153914014708735,0.4495350868715685
0.01955109992888604,0.8392208624067855
0.019931852466640976,0.8218056749033823
0.01996568514840258,0.8202271417022029
0.03361480434276343,0.20407995993318567
0.019867166482727683,0.824810081152468
0.025134137974437032,0.5526073208939299
0.036676961580571765,0.13240139200696918
0.033480793770293504,0.20780275673371465
0.019556191294051173,0.8389924041579133
0.027391198643803516,0.4379774328843006
0.020592995605187875,0.7901401964292116
0.026214801604981075,0.4972476735958437
0.019524718947309117,0.8404026289004394
0.015064991400964844,0.9770735492494318
0.025040443669046314,0.5574605572745398
0.05352246611343392,0.006255782093914806
0.020695005281160833,0.7851140403994601
0.020453621883476436,0.7969507515343833
0.029177618006813733,0.35739348827236783
0.030360899453875045,0.3101704824986391
0.015565477193062338,0.9687019057768129
0.023009514380531892,0.6648913583908138
0.021307929766581413,0.7542642241882019
0.028995608423196262,0.3650879318389079
0.026405318866293104,0.4873143333529959
0.025276428501748133,0.5452640794766512
0.03929709912710333,0.088747644596571
0.03667839701333908,0.1323733747821258
0.023862828675008996,0.619413490846848
0.04425980923899708,0.03857806872587804
0.03554206054635989,0.15611253702717584
0.02094034117472493,0.7728923370111339
0.016938042657119623,0.9365112834056267
0.02303771796977283,0.6633877234087433
0.024852328641563892,0.5672450429028004
0.03808670976479414,0.10712721787998557
0.02654246904759061,0.48024336473840984
0.01891312972950332,0.8668073749559588
0.015836815991598308,0.9634286234731759
0.016588404752221564,0.9460239988153591
0.019303398785891157,0.8501822164265078
0.02628122718463141,0.4937696868741055
0.020482652342926677,0.7955377117877059
0.0245467922019644,0.5832412454407274
0.021836991554688656,0.7269101262999766
0.022756140606061015,0.6783872553284851
0.026392512471506646,0.48797800035361905
0.024926403525596108,0.5633859333860872
0.03916475876149361,0.090618843504219
0.037406812983965365,0.11876761338670531
0.03503015591554226,0.1678708965703141
0.021482230834265148,0.7453156322249612
0.022670146844267602,0.6829606393013885
0.038484924827986045,0.10075996480686186
0.01892963331469663,0.8661211415596255
0.0253915888808926,0.5393461310012011
0.032247972151602466,0.24457389691729362
0.014655722195540621,0.9826777207371924
0.043943460059439166,0.04080224754706044
0.024588059177936772,0.5810738123621083
0.04262018750524549,0.05135978554616257
0.024698069659001343,0.5753060536740973
0.014821340219305396,0.9805391695761513
0.03136612277670203,0.27378073204018893
0.023693366916134218,0.6284296818177151
0.015216439020480532,0.974721453415104
0.042450097630282874,0.05287470768971263
0.028028287823664122,0.40793982569050363
0.05533647299947986,0.004207709631098507
0.032400929523656585,0.23975884227117472
0.02487535191797663,0.5660447462679665
0.047278239399259125,0.022146348168193705
0.025913903915370573,0.5128147093603689
0.04663496247717441,0.025003565028316594
0.01934387659086967,0.8484119265881207
0.016196543395945173,0.955615922475856
0.022566840824062795,0.6884483696056427
0.01781499834996951,0.9087759001734069
0.04123609366356984,0.06484757868355702
0.039899794273132005,0.08063122671188624
0.024464380725755297,0.5875756368148843
0.032398487632342765,0.23983513919979577
0.032492024188832125,0.23692582096145995
0.02782366295765082,0.4174298137198881
0.0310339993550518,0.2854328912016595
0.031006056975994623,0.2864297753094109
0.034894970555579885,0.17109127923760978
0.02608521050474155,0.5042328641544133
0.031427053767512425,0.27168223510040346
0.02284076004966061,0.6738830150811203
0.0299519259722682,0.3259475951857509
0.02417911954542462,0.6026343368875233
0.017756799030918202,0.9107832960231359
0.020801510165719073,0.7798308493532368
0.021432269149160965,0.7478875738449704
0.02433590391510132,0.5943477375550777
0.028532754930122722,0.38517938870262547
0.021608390680486367,0.7387978889533038
0.022310626607473155,0.7020207742410667
0.017578731298055178,0.9167809990448941
0.028094198505965062,0.40491477832572104
0.0167215229789327,0.9425080340243698
0.027444520987295662,0.4354078699393468
0.017079993219504264,0.9323940540564563
0.03103426378761609,0.285423469522899
0.02343881594828795,0.6419950245830517
0.021713188907471426,0.7333599127141852
0.020629989846643104,0.788321385761771
0.030748596804440198,0.2957369299190232
0.01774674765757034,0.9111276497850347
0.014254308303598306,0.9871709493035344
0.014463051066189392,0.9849530409696616
0.028026845813909906,0.4080061810993756
0.03244427091970459,0.23840772387485848
0.015386692532832535,0.9718909714847878
0.02072667426290742,0.7835468159380723
0.019333477761354967,0.8488675137845451
0.04082203641915244,0.06942904754348858
0.020396064143010817,0.7997434817986828
0.01901284819541449,0.8626378794195819
0.022175614900939333,0.7091457617314738
0.030961302377276123,0.28803184217604266
0.029753798322343927,0.33379653288840694
0.027474769484925443,0.4339547295130642
0.020173968565471212,0.8104048117859703
0.02496213305632511,0.5615273740808091
0.022433832066360238,0.6955017457791206
0.02596862779212694,0.5100664689988057
0.024134755825412357,0.6049831683886198
0.025597336540866766,0.5288323309663867
0.021004106548843327,0.7696867472616337
0.0221612861837856,0.7099006643714834
0.017436537100455785,0.9214122149017857
0.03178775460041572,0.2595058051654265
0.03482395779963765,0.17280255088887586
0.02552118719308552,0.5327144824128289
0.025507385849457775,0.5334192466024388
0.016898487322728584,0.9376324303339666
0.02580713185260064,0.5181946906273102
0.033231001712665464,0.21488290769094062
0.029306409438378617,0.35201880597951063
0.030405109559599186,0.3084990116718595
0.025728684239866628,0.5221622162108428
0.020864603000994575,0.7766846651619868
0.029301094214119028,0.3522394745244618
0.029795265698350115,0.3321426096053786
0.026219533156376873,0.4969994156313695
0.026482866444224262,0.4833080371820488
0.025847004282796848,0.5161828813537612
0.0334081475028295,0.20984285877517678
0.028283028216814277,0.39633367674663533
0.01948450405573693,0.8421976289239932
0.04197223909346309,0.057338601974994866
0.029594200070338528,0.3402174524198703
0.01760904134153274,0.9157755562096594
0.015160571489236954,0.9756070953001216
0.024273188116759936,0.597659689352408
0.026258066839014438,0.494980564509572
0.024703073669275932,0.5750440630984406
0.0289838374443242,0.3655895451121033
0.02565681477806575,0.5258077510421045
0.016987263991873447,0.9351002304981755
0.03256951922609108,0.23453597648359772
0.027808850811006147,0.418122551376955
0.021464482917966154,0.7462298809479713
0.02623362841098778,0.4962603278771055
0.020046649298723018,0.8164300694712262
0.019384376163226802,0.8466323735890358
0.0157766613745553,0.9646432591899167
0.032587009041894655,0.2339991781813346
0.021563809009068846,0.7411047931478855
0.01973594377910276,0.8308484237324005
0.04542643674562069,0.031265121693583024
0.016555740973241972,0.9468667848425282
0.02038041566016524,0.8005006907277399
0.019406590368663768,0.8456527815595176
0.014952779309124753,0.9787177197177088
0.020905520050845228,0.7746379606768339
0.028304316116987804,0.39537421652297755
0.01779274585936469,0.909546145704384
0.0160236083998907,0.9594897254437635
0.0375465109746666,0.1162944602509058
0.019416473305081783,0.8452161766892797
0.018457763126018878,0.8851193431003306
0.029889680678688246,0.32839894694035326
0.021892177900433518,0.7240267112362405
0.024617285752541962,0.5795400135105595
0.022232294282885978,0.7061571815269579
0.025449128315030434,0.5363980254653553
0.019472702911034423,0.842722881158731
0.018531196587010634,0.8822497625085722
0.03616437811188239,0.14271965633812708
0.016936626837248614,0.9365516101351681
0.018896888824678104,0.8674811917723089
0.033746836354197285,0.20046325566192816
0.038255636008958094,0.10438655525855108
0.03147418738732288,0.27006721312281423
0.03386452452880645,0.19728191887558333
0.03351345548991236,0.2068905778511961
0.02142368806821221,0.7483287668574159
0.046066662620181,0.027794550389746087
0.023649776099652076,0.6307511322200074
0.02392345294391246,0.616191896113966
0.020526177324010964,0.7934136436190571
0.040858546683391395,0.06901428398251898
0.032224505177631535,0.24531910486828898
0.040739868808994106,0.07037025233453502
0.04048768410549694,0.07332698144168463
0.02453877167769286,0.5836627361111242
0.022134167905364044,0.7113286729348107
0.04713951960345675,0.02273670692283005
0.025958292234388947,0.5105850403077197
0.020113672913893627,0.813266366439718
0.030181762132704737,0.3170110151439889
0.02755311860843157,0.4302060137316763
0.04640564509496303,0.026098422183819095
0.0174515265291999,0.9209307055173308
0.03190099260384133,0.25576939715103514
0.023556428337823843,0.6357248257918697
0.013443633944515199,0.9936025034427599
0.02034460876188271,0.8022299728133822
0.05769747378575396,0.0024619467559880157
0.02536557282665608,0.5406810362605832
0.01916405330926413,0.8562117577258289
0.022160256900357722,0.7099548818935045
0.024126657293099485,0.6054121244841266
0.02584007722314205,0.5165321615895992
0.02288927914713179,0.6712988745569239
0.031155204933376646,0.2811385445180756
0.03641017304192429,0.13769324310370226
0.02255661978810497,0.6889908999253977
0.021233893016391003,0.758043974316623
0.028063589614656714,0.40631768786077865
0.027928062814335103,0.4125693850395684
0.0335238780416198,0.20660015386380828
0.02488578892823229,0.5655008715929871
0.024365346713991598,0.5927942527659327
0.04811939919532615,0.01884965343926689
0.049616496558611445,0.014049796755673416
0.026105120664545567,0.5032395219134548
0.030583109177055368,0.301836044903864
0.03493234429341349,0.17019608001946393
0.017721747017860334,0.9119811615737019
0.026160840590723655,0.5004641972492534
0.024776738498257636,0.5711910776944249
0.025994131287301714,0.5087878351897404
0.030819079780086245,0.29316705776618657
0.024523766215663434,0.5844514982533042
0.032930222082991345,0.2236549331792563
0.020819220934188976,0.7789488978855406
0.03408565204146363,0.1914116127721842
0.03536175008118081,0.16017636375078206
0.03731558990493844,0.12040582269580165
0.02688802983035199,0.46272457352567137
0.022858966329493358,0.6729134610720182
0.021398892069693365,0.7496027283491792
0.01702162203965285,0.9341048192283181
0.018088771959732963,0.8990279356538948
0.022464287985520026,0.6938880241951157
0.027848803475160278,0.4162558258652541
0.033726302454997636,0.20102241689689726
0.03897063494021635,0.09342336742649121
0.021302442910062225,0.7545447917521002
0.03445492849969484,0.18191575346653366
0.02065348929889288,0.7871636962596148
0.031194091608750085,0.2797710281949402
0.02959901970708012,0.3400222609002161
0.014677969626462284,0.9824004195360699
0.025287685392570425,0.5446845891405007
0.02625417460382523,0.4951842466664396
0.018356989367512455,0.8890032341373278
0.03827036614063345,0.10415035854940827
0.014780386366768747,0.9810840558079458
0.017170812780362366,0.9296832543357889
0.02727281577256957,0.4437184954552185
0.03832532565613023,0.10327300114143881
0.03303305277578361,0.22062537456427309
0.018921986105552846,0.8664393090832463
0.020570036629478372,0.7912666691384078
0.017145255257796865,0.9304521201501028
0.022484266715352474,0.6928289935194398
0.02822997278159023,0.39873191821760395
0.03758329011513062,0.1156504426883421
0.023635535132579988,0.6315097078843808
0.037736808612550854,0.11299394577317681
0.024540930610189304,0.5835492735029892
0.059029934899175296,0.0018014446792553465
0.02860228559175748,0.3821130071476112
0.036388101670758455,0.13813863200306145
0.04261514152540058,0.05140418290725146
0.04841792223781061,0.017789544706235408
0.021584639730514915,0.7400273876664272
0.027456744615964368,0.43482025256723705
0.0268438473152377,0.46494074265815616
0.03434526289744311,0.1846960473733909
0.02100509793640576,0.7696368185843612
0.02732563353924422,0.4411508781621392
0.05748609668772087,0.0025853197643435208
0.030409725630620166,0.3083248709025163
0.026130948060235665,0.5019522510167624
0.018011316348281015,0.9018362831804437
0.022050798223789414,0.7157127659742081
0.02949081388710817,0.34442388601059365
0.02466783536960282,0.5768896913823183
0.02255321738986843,0.6891714805402491
0.026292289635824473,0.49319198785878776
0.02434342535578854,0.5939508011635974
0.02060500026780819,0.7895504893021043
0.024194403350796034,0.6018255336059475
0.02316125551923226,0.6567996230558343
0.021966642864382102,0.7201283715857678
0.031044096530101872,0.2850732949270619
0.03411692651805087,0.19059257260165718
0.036780633426875875,0.130390297394538
0.023689605246765666,0.6286299798853315
0.015766040109863044,0.964855012389268
0.029185314679666063,0.3570706662725474
0.02173238740905689,0.73236148979159
0.021855043656470396,0.7259674739168693
0.016661280013228086,0.9441153497178965
0.020347136498717305,0.8021080512256343
0.03463781749786449,0.17735284716046112
0.033806102325010357,0.19885620073493723
0.021452683928104732,0.7468373081672453
0.019515449916627958,0.8408170495181562
0.03426405602785504,0.18677639067096305
0.026847006002597595,0.4647820736062279
0.0431246335618648,0.047085252778820176
0.03111063866073077,0.2827119104570993
0.03146999393362754,0.27021060828744253
0.022025319596372286,0.7170506952708227
0.02314007035224841,0.6579295665016476
0.018729236930811133,0.8743490069938182
0.034874152291629656,0.17159155533541692
0.01675897328097531,0.9414953905244096
0.02671380817936775,0.47150383275320185
0.024646188757684873,0.5780242329229694
0.018101683181457606,0.8985559856701316
0.01915326547198104,0.8566743027863908
0.026381141566548194,0.48856776451553546
0.040542338991416516,0.07267738591226333
0.017842175898807627,0.9078306295788292
0.021887073255543454,0.7242936290029072
0.034626462137302916,0.17763348315972508
0.024477636220155474,0.5868779481083466
0.04068399743145068,0.07101642136120383
0.02248096045715997,0.6930042753460688
0.02122284000448199,0.7586071128224458
0.035395163428140086,0.1594169585462294
0.020291464583529262,0.8047878031015449
0.051141365808756,0.010319392952498252
0.029139319732673696,0.35900291363000136
0.01806441638923978,0.8999152512291578
0.028197439468359398,0.40020744862629154
0.01797195754367692,0.9032481844320344
0.02710140546300427,0.4521198359960241
0.02543118412170431,0.5373167799417821
0.02516953738069827,0.5507773289522593
0.02033950442654453,0.8024761007852481
0.017767698647772556,0.9104091030432202
0.03874409229254616,0.09678770290329596
0.025327302307982025,0.5426468922628934
0.01899547925832179,0.8633680859110663
0.035889689056285534,0.14851182290172757
0.018058438833266743,0.9001324303710745
0.027529629234128827,0.43132759417830624
0.027446250415042006,0.4353247000613525
0.023539584087491683,0.6366226139945257
0.0440073231710576,0.040344445520490865
0.018512860279519594,0.882969378715506
0.021946625909846196,0.721177122977146
0.03243379692688597,0.2387337038648294
0.032238972345221995,0.24485948706731803
0.01587759359911356,0.9625903706103273
0.03793442343689077,0.10964878821665502
0.034222312617129824,0.18785293687875
0.02409835796719728,0.606911483986988
0.028599203841487064,0.3822485541025316
0.03319538280555229,0.21590756413556367
0.028763370789894327,0.37507453468445834
0.022720624681330515,0.6802766204237258
0.023248502844843255,0.6521457842190939
0.01865962059881604,0.8771529038033872
0.026140501454419707,0.5014764679950485
0.025568042571450178,0.5303244674805494
0.02267125983079188,0.6829014764914331
0.03560610276370613,0.1546892586331961
0.01717497925433087,0.9295574651437526
0.02361248006646738,0.6327379475124191
0.01867692475146865,0.8764586197772352
0.028837420194709584,0.37186969390260555
0.021804383885153322,0.7286114696885628
0.017701166256118284,0.9126805680510164
0.021630501501351707,0.7376522997611756
0.042159191239082294,0.05555504737350997
0.01999220496455223,0.8189864230214483
0.03844967478993522,0.10131058444886726
0.013146775710671021,0.9952102323337954
0.03409400368275778,0.19119262300376963
0.021974567273804313,0.7197130205443381
0.028112292581402132,0.4040870316602164
0.025699886993091947,0.5236217229315787
0.027351297914926742,0.4399068576112223
0.023014423619890034,0.6646296435694251
0.03213588954148222,0.24814874680974366
0.04222188237380087,0.05496774707797271
0.026233299517606556,0.4962775654403951
0.031664795373164356,0.2636094846016448
0.019234079698576156,0.8531943358937625
0.04762047317343232,0.02074775939331882
0.03672373176288901,0.1314910023662142
0.0184318291063843,0.8861248717347712
0.025958181959496063,0.5105905744013864
0.02051301290881441,0.7940567745687657
0.024818592955435537,0.5690051701217902
0.028173232589300157,0.4013077766706867
0.021024680861296607,0.7686500180525815
0.036873165404315233,0.12861643776887588
0.034573682455265986,0.17894250533547126
0.023058552135064136,0.6622768582946498
0.02456306862307278,0.5823861286652274
0.013542272149267953,0.9929876423468169
0.037982983362537026,0.10883944731895198
0.025684936032366656,0.5243801130141137
0.016699014203350737,0.9431117042287336
0.022780716600191875,0.6770794629725205
0.02458059204138363,0.5814658515430727
0.027001602154239912,0.45705981738580614
0.02808566106880861,0.40530574313759365
0.03560906815542031,0.15462360928057506
0.02706391757303317,0.4539712108733732
0.029025301258922998,0.3638247482766999
0.03818154298376453,0.10558138836394661
0.02437831807617996,0.5921101303507179
0.03468202989621272,0.1762635334510663
0.022987696291127457,0.6660544164499054
0.038827552764805096,0.09553666670403985
0.019292102101773234,0.8506747808844348
0.02391841135689507,0.6164597194886663
0.018634183269269966,0.878170289018952
0.033963891786823186,0.19462676730837447
0.02034978248131042,0.8019804009726432
0.03004068590127995,0.3224750043270376
0.02336362068409914,0.6460053121195952
0.03308486689766765,0.2191109144130275
0.023564308762094033,0.6353048332120672
0.0313466021851809,0.2744555912886859
0.02326087439219282,0.6514858545409463
0.02184729722550316,0.726372046221622
0.01627218123933749,0.9538525879236868
0.0342141191458778,0.1880648165615606
0.02580626173048528,0.5182386296473147
0.025774444451829664,0.5198463731294327
0.022484702993622124,0.6928058634503962
0.024115184476040996,0.606019900019414
0.03685691605157737,0.12892650561454608
0.027979385900693265,0.410194221018924
0.031071711643010813,0.28409154240987605
0.033238266461105836,0.21467438504947742
0.03939120989938194,0.0874368065497444
0.021770403343198713,0.7303825158154167
0.022339269498050762,0.7005065916835409
0.027656329348178188,0.42530119122872057
0.02160719679383366,0.7388597185765665
0.03514209383136879,0.16524108486247313
0.030373052139476997,0.30971036167557936
0.022294847148353003,0.7028545691593938
0.0154779830740982,0.970290596037246
0.030643211784012303,0.2996103266165082
0.04438682146008455,0.03771530704126618
0.02825002244930451,0.3978244477992714
0.027488547003107766,0.4332939388070633
0.027649082254920687,0.42564435015481406
0.031648762605642644,0.2641481492009009
0.0171423126193348,0.9305403434206079
0.019503589741923177,0.841346714254081
0.018330701875611657,0.8900059634037211
0.029360371004279684,0.3497840916656607
0.0198319394376108,0.8264385890394597
0.02009866110680658,0.8139765490041874
0.02204113451260259,0.7162203324764282
0.019548728679138372,0.8393272220462421
0.018028371735714255,0.9012212830400298
0.021654778791634022,0.7363933766052786
0.03223028076274348,0.24513553744140995
0.021062976935741773,0.7667172111761879
0.03103225170167445,0.2854951655483948
0.030042014067229228,0.32242324664524025
0.031087302047264842,0.2835383952026394
0.01776485906424652,0.9105066663373972
0.02781649735682684,0.4177648384661943
0.0358134679073816,0.15015226113662436
0.03354793078075485,0.2059311383609565
0.03324424132374992,0.21450300413315349
0.016549438408960615,0.9470284975764336
0.020470148756706164,0.7961466798312304
0.01603570617730482,0.9592258556201734
0.017504454879306575,0.919217829691338
0.020769960913545937,0.7813995431405533
0.01630304760235346,0.9531209072725626
0.03306765670865386,0.2196130514383996
0.019154857433066746,0.856606083893691
0.01997414141024456,0.819831840267504
0.0441069811642017,0.03963899359318052
0.027109015465204056,0.451744621447034
0.016924331401898307,0.9369012054042081
0.020017832799166246,0.8177846378109718
0.03161673537525178,0.2652266718623403
0.05157115669068668,0.009443851265245813
0.03356083178064523,0.20557299998284007
0.023359629718289254,0.6462181780150358
0.018074696711052773,0.8995411946318447
0.019885851324820347,0.8239441017010078
0.02336848493959287,0.6457458699891037
0.04412129874049886,0.03953853249291444
0.04228824388527186,0.054351892272883125
0.025350038936140518,0.5414786622998456
0.024409160518260253,0.590484178500178
0.023723313685657443,0.626835326523374
0.02821708094440384,0.39931617088422305
0.014552641293852697,0.983922928215132
0.041676348975301925,0.06026194113269816
0.03481057288956069,0.17312662190663422
0.03595926592059451,0.14702704778081754
0.034719663761775654,0.17534049426908457
0.03772821862808046,0.11314124494470551
0.020471103457048445,0.7961002019706518
0.018678004638047696,0.8764152334899694
0.01823802785317641,0.8935062056666249
0.02743213467136968,0.4360038520694511
0.03491906163039671,0.17051380618219278
0.019185363078147777,0.8552962566610735
0.019627867452929604,0.8357630910175498
0.026209481174576665,0.49752692409696986
0.02517340197872875,0.5505776698456439
0.024027033402588716,0.6106932346652554
0.02998729479883877,0.32456061388721347
0.037326654809248905,0.12020613163303673
0.020845870623631524,0.7776200217541634
0.03136183738327869,0.2739287787096798
0.026111286370958275,0.502932082511433
0.027467020600925207,0.4343266754296888
0.01778023712011101,0.9099776456877295
0.022911398068506283,0.6701204973089372
0.034937087969330594,0.17008272395532395
0.029323746825700603,0.3512997057170856
0.03010404401855349,0.3200126969822783
0.03293216118842329,0.2235975085315357
0.023521754509809867,0.6375730078572428
0.032211704749626646,0.24572631840607964
0.019922778159427335,0.8222282263044479
0.02602538026311163,0.5072230333963
0.028038780862445406,0.40745720155253295
0.032947932223342025,0.2231308877432735
0.04630688466560118,0.026582867444436296
0.03346213685760868,0.208325212567165
0.018090170106695114,0.898976881046982
0.027937652618357567,0.4121248694254092
0.04257552315266544,0.051753920250036674
0.022760649582216574,0.6781473378860625
0.02133052827998294,0.7531079143082655
0.04158102522492191,0.06123052940204626
0.021461591963939264,0.7463787387621411
0.027870023036708935,0.4152666872227364
0.03791955949696202,0.10989751665103077
0.039140321615700246,0.0909679598181878
0.01772845975638726,0.9117524113291426
0.013558934540809031,0.9928795721888253
0.02548613763205601,0.5345049729119904
0.02165834842582448,0.7362081748429581
0.01705039656521576,0.9332645728589327
0.026887499114892466,0.46275115257700367
0.03345821202161481,0.20843525120259243
0.024956178590953004,0.5618369789311264
0.027340376849918524,0.44043594326487084
0.02017261094204803,0.8104694013468585
0.018004230974117463,0.9020912102463465
0.020526284257810112,0.7934084170578348
0.04123798623491537,0.06482724524746314
0.018137091477016365,0.8972561202430089
0.01851501045388826,0.8828851000428715
0.04008904162170779,0.07821562985021904
0.029096202187019027,0.3608210003832928
0.02376856743666611,0.6244268307589637
0.021867511806275886,0.7253160944716246
0.01753903208091845,0.9180882280321925
0.029305777127126176,0.3520450520555254
0.02915299176984243,0.3584277789836513
0.0467440468978263,0.024497177946574706
0.03680630165506685,0.12989624036914368
0.0471003221164884,0.02290603550962205
0.0504758511314769,0.011820679824719092
0.027989926416254196,0.40970758034586985
0.04182672632051698,0.05876065534942448
0.019902489024202108,0.8231717267216427
0.021719593978442475,0.733026889586111
0.03820023740627576,0.1052788543879156
0.046445135530248094,0.025906907775113956
0.026176781132165372,0.4992454382248392
0.03160967853469143,0.2654647570338139
0.01450007149978172,0.9845331864714265
0.015204931201102667,0.9749056115857404
0.02934427383118343,0.3504496638223807
0.046828818479581535,0.024109952733594404
0.028504572347377244,0.3864271397914011
0.02950388876423604,0.34388986696759405
0.03890189018641277,0.09443378360645617
0.034794017076418715,0.1735281344097262
0.029135534243245498,0.3591622714489379
0.017663732238867913,0.9139452469702211
0.03520650017770588,0.1637429436315642
0.02765254104944792,0.42548054854391254
0.02610017982652002,0.5034859458254831
0.028449881561879997,0.3888565271417926
0.022620027880144056,0.6856239519275089
0.027214133918993202,0.44658286248145973
0.034813463085822116,0.17305660453445756
0.01643119154981265,0.9500082066437892
0.017017409679527584,0.9342273200569325
0.015248525548219538,0.9742032170056576
0.023704565301413738,0.6278334367051683
0.03822985015111885,0.10480110078192724
0.04223277903215328,0.05486621252487126
0.022454095184928025,0.6944281877256784
0.017371794172636318,0.9234737390984399
0.03261158090463395,0.23324660954850984
0.03965930378358712,0.08379148533734063
0.030238500393526047,0.3148326186037406
0.036591173724000337,0.13408462856080433
0.019372557824851033,0.8471525257562378
0.01866705381825673,0.8768548821747395
0.01558651925989718,0.9683117654807549
0.024199339883130944,0.6015643416528512
0.02584856048028844,0.5161044273583112
0.022606395819328662,0.6863480581023436
0.051544179121125244,0.009496761520760438
0.030995885650891675,0.2867932929038601
0.01748385696764365,0.919886761625791
0.028908654767445252,0.3688048828445475
0.024319449089067358,0.5952163228947864
0.019284797420225486,0.8509929349157863
0.016799913225119742,0.9403766057393803
0.028493428014106814,0.3869213171959668
0.020616505831320464,0.7889848491921609
0.016036741194630055,0.9592032307455088
0.025781983964518362,0.5194652134024786
0.0362167945143263,0.1416354669154687
0.034356963079045455,0.18439782858012513
0.021976017041658635,0.7196370221018091
0.03284076766980354,0.22631642520031112
0.03773197927663141,0.11307673866539379
0.032711401326575185,0.23020846651387053
0.04147304811191216,0.06234376439932561
0.021102161240008604,0.7647354862743935
0.02674503627398761,0.4699222457462681
0.02331339368752605,0.6486843718684424
0.02936798130384033,0.34946974149923987
0.03243180529004419,0.23879572772614116
0.023673181073509908,0.6295045907593209
0.0345933558564836,0.17845368176810572
0.025985085649969666,0.5092411861823599
0.02294792283498459,0.6681742614054056
0.025864657463045337,0.515293206807119
0.020567110170314762,0.7914101270557389
0.027187990602488776,0.4478629237176702
0.02248052278222723,0.6930274780471806
0.023111222326105463,0.6594681291010671
0.032998504149203356,0.2216396745457554
0.03654013028477743,0.13509439439860854
0.02462428258300431,0.5791729784560814
0.023703509854340166,0.6278896304004358
0.023887300093403452,0.6181127965491795
0.02223445411591618,0.7060432227887699
0.033070169081754336,0.21953969317269417
0.026446508394022294,0.48518371890592316
0.018405707897475365,0.8871334572596747
0.044618513023529816,0.03618485105825267
0.022944585206285284,0.6683521273817734
0.03146556898620301,0.27036198129572236
0.051619889115981754,0.009348950765692754
0.03460164227573362,0.17824810688484402
0.022376021413635705,0.6985624925501552
0.025328236101115342,0.5425988953303991
0.023531749103446575,0.6370402417755534
0.04115966920341119,0.06567323182270282
0.01778037274710742,0.9099729728204695
0.029799895806850524,0.3319583055677095
0.030151903940925595,0.3181617836458334
0.025616689693466588,0.5278474416114474
0.03375217124741969,0.20031817985575318
0.02875630030270937,0.37538155350163965
0.021935392856168634,0.7217653916406729
0.04437134401373921,0.037819531189199625
0.027562964860278094,0.4297364563771984
0.02713768284910323,0.45033301973536227
0.02955442831524624,0.34183124714341584
0.02315916826330766,0.6569109522394747
0.027393306926961125,0.4378756436180563
0.029660317034767153,0.3375467757989336
0.044189677949366124,0.03906179873705072
0.039785288173432964,0.08212316497542693
0.04388886237420009,0.04119721302962732
0.035983692176862814,0.14650864405211708
0.03360011470022872,0.204485477668432
0.028327433324008333,0.3943341283922707
0.0411458355059221,0.06582363949658337
0.019011776813936287,0.8626829693499669
0.026407304071264653,0.48721150609111386
0.025530433631956284,0.5322425118742729
0.017506676035180756,0.9191455183510122
0.03911307529969332,0.09135853703960861
0.02882997412313476,0.37219108536379325
0.0215937689227369,0.7395549351053115
0.03881672283142412,0.09569823603839718
0.02211344827900874,0.7124191017810175
0.027499486626864356,0.43276974033825044
0.05963029416876248,0.0015612989169802897
0.015524420521928622,0.9694541190013546
0.03951297551633226,0.08576494593401576
0.02536542702214606,0.5406885209811727
0.02795223589940582,0.4114495189068994
0.03483528080829734,0.17252877896588836
0.02371151486224027,0.6274634434009994
0.03353940623560825,0.20616805097776875
0.03383910090405162,0.19796579511323498
0.017812287557268658,0.9088699109084064
0.033965585363276096,0.19458175834446148
0.019091108281432123,0.8593272843812554
0.0243052826049866,0.5959643317796424
0.012853798097174907,0.996474857797016
0.019956521043288933,0.820655191418606
0.0416577215001081,0.060450176550835434
0.029515956663011655,0.34339750231105093
0.021372160315270006,0.7509746026193183
0.02884948072826965,0.37134954428912276
0.03025213661133258,0.31431070377439074
0.02338999307545811,0.6445987363675245
0.028288044675252144,0.3961074367744211
0.02287667727050724,0.6719701488449839
0.02871177036571826,0.3773192067129508
0.03271950629329928,0.22996312424431184
0.03999592805582208,0.07939639605310432
0.027737837409019805,0.42145458121121976
0.02314191914062952,0.6578309605961076
0.02501494792579817,0.5587835744355845
0.0309909300024801,0.28697052910729764
0.030435998014899157,0.30733511896929233
0.025006323410594167,0.5592313405085562
0.018947757459666592,0.8653657671938123
0.030026591614975673,0.3230246202269431
0.015523109141313829,0.9694779491461367
0.02845385899429459,0.3886794910535439
0.03493116018955694,0.17022438504874668
0.02420763661055897,0.6011254108972868
0.03139296896637478,0.27285464420514427
0.01879229533280391,0.871784795797198
0.026501553420320734,0.48234582152216804
0.03636023111776149,0.13870271746589563
0.025168291079202654,0.5508417225992823
0.022947668896328044,0.6681877942115492
0.017090928637090996,0.932070808047136
0.04550769805607735,0.03080446709190263
0.03562594630974936,0.1542503788516342
0.03393618839484258,0.1953641816222596
0.01770767665455303,0.9124596360325067
0.03097572129894377,0.2875149681653356
0.027498225103253726,0.4328301674999343
0.029019744379677026,0.3640609121999328
0.028843717136299074,0.37159805404797414
0.02651332690778485,0.4817402281415421
0.015183603346588748,0.9752445425497808
0.02389619626916817,0.6176400417472511
0.029486939557748393,0.3445822397030072
0.03156135424762846,0.26709945360634985
0.02638989724411689,0.48811360122187814
0.03148357927016854,0.26974626475029023
0.028911677547857173,0.3686752245946897
0.026000436492422563,0.5084719325297615
0.03489944710381515,0.17098385684748438
0.03166765271338093,0.2635135713706319
0.02227500504461649,0.7039026510045491
0.023690805733821096,0.6285660567383462
0.026362974679206896,0.4895109633002255
0.02943849683152447,0.346566615894773
0.053824119174041396,0.005861895476519587
0.041416163901320635,0.06293716970228964
0.027378206462115307,0.4386050539451243
0.02463453641523483,0.5786351995685957
0.012679979853154943,0.9970921448051583
0.02128895338708911,0.7552342679976235
0.01380628173046694,0.9911254938356582
0.018396577361996735,0.887485005227037
0.018150262544379903,0.896770523915337
0.0350894648168294,0.16647339337909703
0.01894272060177682,0.8655758764245048
0.016097675654056523,0.9578574272941788
0.03982104794328034,0.08165475906842488
0.03054368297544552,0.3033026651007345
0.022836700065644533,0.6740992046236254
0.01975013663923375,0.8301990404950711
0.0424020496367471,0.05330956975920392
0.026478157804003727,0.48355068693011977
0.02675149771790164,0.46959543172501805
0.032615162594486824,0.2331370674538877
0.03468503655742394,0.17618964808139054
0.025846246567655523,0.5162210825283458
0.03524927546053669,0.1627539768021506
0.02006426466758504,0.8156003461497265
0.019443075230750728,0.8440385568626219
0.037283469090071186,0.12098706003307806
0.02228973359653541,0.7031247139978108
0.02855932673594297,0.3840055248308304
0.01942929753175926,0.8446489087603637
0.03480577552471875,0.17324289174527516
0.02001621677397436,0.8178605000609331
0.03222772019893705,0.24521690781638952
0.022884842657778792,0.6715352038956727
0.02396187890071705,0.614151152055005
0.02630763517557133,0.49239133861849427
0.018817920620785772,0.870736198645751
0.02792291354921933,0.41280820371188753
0.04964734127032838,0.01396366276806337
0.01971695133115081,0.8317159769091943
0.028041608219930902,0.4073272250768222
0.014181103997234823,0.9878902282595039
0.02206335437578577,0.7150530862082969
0.021125066691392858,0.7635751727034195
0.029460753447914656,0.3456538985949425
0.02748037902522177,0.43368560567453407
0.022146517389887266,0.7106784830923849
0.02417150911913274,0.6030371494052595
0.03666425093157105,0.132649693523951
0.03232929953760755,0.24200463974438663
0.031083220847433063,0.28368311861148987
0.032811793467661055,0.22718369144313155
0.028843099786218185,0.3716246793628106
0.019989317189598954,0.8191216696882067
0.017825902261415005,0.9083972480437134
0.029024455098873414,0.363860702567335
0.018533096906348967,0.8821750668489159
0.03378546667413401,0.1994146077549017
0.025384643590653788,0.5397023822817538
0.018159804687681746,0.8964180189499571
0.025948734646448646,0.5110647783808553
0.03216738496104021,0.24714021757711868
0.033458380999459414,0.20843051272428817
0.02251952410197733,0.690959240253413
0.02185644493320449,0.7258942790148117
0.012587209447733505,0.9973850710420467
0.023705210080196215,0.6277991078929637
0.019372225261254622,0.8471671524886338
0.01726874601958306,0.9266935874127256
0.022196155729186318,0.7080631352138622
0.02417383387945593,0.6029140967210818
0.025261996184812063,0.5460073525402118
0.022783274051179594,0.676943351945457
0.04503556911089435,0.03356655584450152
0.016593812175192846,0.9458837186899257
0.021361218828130246,0.7515356528129699
0.023051486682112765,0.6626535947340844
0.025721321176906398,0.5225352364454787
0.013544759312360127,0.9929715891353512
0.023788866892778482,0.6233467848107885
0.023987446739634877,0.6127938404082527
0.029997429746192558,0.3241639637182572
0.01731490505599015,0.9252606523457705
0.024020779840414466,0.6110249942982431
0.027448165074078934,0.43523263468067985
0.04882810936523563,0.01641987530384244
0.02513661366631803,0.5524792726621304
0.025364882995495996,0.5407164483454543
0.029983915358640034,0.32469295279882265
0.013439292972445283,0.9936286000863289
0.02627560573052512,0.49406341476925936
0.02587974123329248,0.5145335313619812
0.03286190601110639,0.22568531553771723
0.04005330831732917,0.07866699369246312
0.01872766493658251,0.8744126351874518
0.02843816474261096,0.3893783699102061
0.01820934788655676,0.8945783614262228
0.02730352469531927,0.4422244380453362
0.03260824421109443,0.2333486942189855
0.027344284261552387,0.44024659454419285
0.024433578465561268,0.5891976335928057
0.01920511428355115,0.8544455744236161
0.015406308429592785,0.9715519972405348
0.034837646596395766,0.1724716216749933
0.012879905891800492,0.9963739911723591
0.03845540547961179,0.1012208987080582
0.036828579526322236,0.12946868094902172
0.0389586193564484,0.09359931835685721
0.059045934235434416,0.001794622950704707
0.031394272289920755,0.2728097444520829
0.019914457922707518,0.8226153540180834
0.035093929694760884,0.1663685641074275
0.03176671389909955,0.2602045830362153
0.029897194890805667,0.3281023157466243
0.020791313754452534,0.7803381706327215
0.02581319050105657,0.5178887863373833
0.012380385006264594,0.9979548588666293
0.02871940851165511,0.37698634769823497
0.021666965360558565,0.7357610068791132
0.05791533797626547,0.0023405060058153786
0.03406944881121571,0.1918370431431902
0.027115260454676937,0.45143686390831966
0.02748763450606695,0.4333376826031762
0.03305879258003752,0.21987202477104395
0.027434870873938755,0.43587214934650903
0.022656203832781774,0.683701737119516
0.02224532894169151,0.7054693548964803
0.02665608552287857,0.4744364217986135
0.031020482539484195,0.2859148004571208
0.043182512613925916,0.046615093753403766
0.022509735510339746,0.6914784486718376
0.04380160569505387,0.041835352095116664
0.02593243692035574,0.5118832765802975
0.03724712706292449,0.12164745920171724
0.026381461900127023,0.4885511437796089
0.020897206156231696,0.7750542261412336
0.03795130444417094,0.10936687204572977
0.02031806437253808,0.8035088719553292
0.05280322607989052,0.007294296675304574
0.028562176852223287,0.3838797633088572
0.029781586041936037,0.3326875670822075
0.023811209570659297,0.6221582787246521
0.014404237095356431,0.9856034333695295
0.02458426828039706,0.5812728334228945
0.02090293530835391,0.7747673968307662
0.02574273240063485,0.5214508201398069
0.014869092285828445,0.9798903188089336
0.026216657075044836,0.4971503101786005
0.034860845008128305,0.17191194755418204
0.02770835812864103,0.42284306253250664
0.03150677655408374,0.2689547714583549
0.012227973528500136,0.9983079250364388
0.020656696038131223,0.7870055776900222
0.035052683814868535,0.1673389700607397
0.04230756031946015,0.054173750221150806
0.016519056923788078,0.9478039247782881
0.01995404789793634,0.8207706496090208
0.04512466115576236,0.033029286308202295
0.039176436839809314,0.09045240402387147
0.01898719088289802,0.8637159508197232
0.019858062060909676,0.8252314894867894
0.023419834838756426,0.6430072363667729
0.01897814774575346,0.8640950600644417
0.02224102080238355,0.705696713072062
0.020918565842139414,0.7739843702527388
0.019673546650221696,0.8336924543812154
0.021445815343010488,0.747190773068046
0.02915229386985485,0.3584571213569589
0.028527975064269684,0.38539081393248403
0.022395139049399715,0.6975506769711373
0.03455752366424769,0.17934479505403608
0.03185308946097867,0.25734501427749773
0.017284436184438805,0.9262082173916142
0.03520281266689684,0.16382842369546444
0.01870013889901692,0.8755244377561815
0.03244197211911437,0.23847923981503674
0.019320261012928497,0.8494457646024968
0.031423067873932786,0.2718191419725126
0.023727482747261414,0.6266133995918712
0.035412905840110254,0.15901489158272059
0.03127062416848975,0.27709412731062283
0.023406119865071073,0.6437386569416564
0.022922515992928577,0.6695281245805984
0.019081203069086394,0.8597481387994008
0.015420449503136813,0.9713059698000251
0.01992563907436129,0.8220950438328491
0.026373268242741665,0.48897639218578776
0.022009157966608517,0.7178988947134889
0.03101992683915722,0.2859346255298665
0.021784242306921442,0.7296614777893699
0.03648389291722309,0.13621406945803838
0.023339100876728858,0.6473131486509833
0.028858876007086365,0.3709446969403765
0.029096553313758933,0.3608061685604724
0.019215795241367184,0.8539846928747465
0.025854139883839777,0.5158231885926969
0.020718422483125998,0.7839554844328954
0.03778472165429403,0.11217524600819226
0.029387814337531293,0.3486514673986988
0.016684387378823495,0.9435019885515666
0.02658206430962512,0.47821442978606055
0.026159368075582945,0.5005374530943507
0.027617613455057533,0.427136609905494
0.023958283950582582,0.6143420322799389
0.024146592820066037,0.6043562956855513
0.014584436747554247,0.9835457491989624
0.03270490931158343,0.23040512881708453
0.03364372455507908,0.2032834326726418
0.027567106583476608,0.42953904532484966
0.02178500023848018,0.7296219784196278
0.019764936511287357,0.8295209140711556
0.028858200899428893,0.3709737773212192
0.04366233677714315,0.04287170548873023
0.03578729236076916,0.15071897416260088
0.025008695995386576,0.5591081497581967
0.014393389964734105,0.985721176258025
0.01911214614033796,0.8584316691999834
0.02290571957216425,0.670423034914427
0.01750522277134789,0.9191928343191611
0.01824696096231171,0.8931711818961849
0.028402952185975716,0.3909495893960418
0.027768780110724256,0.42000050480868106
0.025605369634173147,0.5284234369577946
0.02687082262467183,0.4635868489150452
0.03249955192881504,0.23669286114797405
0.037289199349428315,0.12088320037691935
0.027121977332884906,0.45110600676913104
0.03973740551968341,0.08275391103701595
0.01929007809904698,0.8507629634147722
0.03296342224737958,0.22267331328213072
0.023447365533959985,0.6415391194887325
0.019095521837002874,0.859139589861113
0.02287738113966664,0.6719326569790685
0.02961911037210596,0.339209470463355
0.03150291071575195,0.269086553002957
0.035967744115634526,0.14684694546561128
0.019985755461991217,0.8192884322666311
0.025832124018671576,0.5169333035457176
0.033005735686729154,0.22142706901393344
0.02938789038874179,0.3486483323007715
0.014769275548029703,0.981230049843381
0.020441261749966133,0.7975514696115602
0.03167992997965874,0.2631017556110763
0.018746645428382447,0.873643414948523
0.02096582793695756,0.7716124522566156
0.025453061820888606,0.5361967053176572
0.02143643009791435,0.7476735820532303
0.03090478978662703,0.29006429026675656
0.031327680092217314,0.27511094650881207
0.030749343958277997,0.2957096010842649
0.04309050253763902,0.04736442495250909
0.023154798362200024,0.6571440307273405
0.02119893810746143,0.7598238509209898
0.04341707116542387,0.044751168287384666
0.0250771989523752,0.5555550350684875
0.02330612230324558,0.6490722356972255
0.022105888885895708,0.7128167965404788
0.033110361402790445,0.2183687013996994
0.01752500473466434,0.9185474953502657
0.018686444321314277,0.8760759178595531
0.027587601189917182,0.4285630913257418
0.02225029567041742,0.7052072137946364
0.02944522531932381,0.3462905071865393
0.026502400971936124,0.482302209494435
0.03811588755857154,0.1066496191290183
0.014731147698285652,0.9817251248301815
0.02272196096858814,0.6802055461045924
0.019721779260100436,0.8314955984260084
0.04487539884865832,0.03455177101833921
0.03208622212955825,0.2497455229290438
0.02813106638673668,0.4032294194621541
0.017849291262589273,0.9075823235033204
0.017898680411315593,0.905849385704967
0.017237443597022895,0.9276566559964435
0.015037431816343316,0.9774850626012311
0.02784669975515197,0.4163539770480757
0.028489967745497446,0.3870748465834144
0.046471012958670316,0.025782086925887474
0.03340355263635031,0.2099724171295395
0.028090204947205488,0.40509762776396047
0.02243221645779292,0.6955873260056906
0.015189387099076801,0.9751529348565234
0.022988503243161484,0.6660114025864102
0.011101096022408968,0.9996793758547019
0.03033818478745709,0.31103183793762457
0.026847405695699406,0.4647619985227014
0.026378792191896427,0.48868967464062
0.026832102708689853,0.46553101686995496
0.023319924410232895,0.6483360183591846
0.019824527639522582,0.8267805338523921
0.029275076304903724,0.3533210631601277
0.029627001703101452,0.338890599694449
0.025444134131406226,0.5366536724338853
0.013747515578749758,0.9915683174992151
0.028384586422699143,0.3917708306165215
0.031959897070198084,0.25384194799895116
0.025385703922015057,0.5396479881719636
0.021771518135942136,0.7303244452078644
0.024089295219517304,0.6073917854788979
0.022618443812912115,0.6857081009790305
0.016318191389435244,0.9527593609929266
0.022157687300044984,0.7100902298328848
0.03312490971325399,0.2179460342905592
0.024426654123734043,0.5895624012774747
0.034983956068411204,0.16896598351059003
0.025088729058073578,0.5549577099158252
0.01781169634160873,0.9088904077499655
0.024521285414037863,0.5845819268661704
0.037649119064586234,0.11450509315254141
0.024987062408310945,0.5602317379494637
0.029590039465071882,0.34038601833325804
0.026978032213059777,0.45823165268893795
0.023885452451087197,0.6182109889063983
0.037384086727149435,0.11917401280935887
0.017915082463856757,0.9052702579691653
0.023369272304621824,0.6457038749832656
0.03179752458000962,0.259181818702542
0.025128684126968226,0.5528894406875167
0.033989914117731446,0.193936092199649
0.03344291602647825,0.20886452922818174
0.02884779440487717,0.3714222416848062
0.047819352614268285,0.01997164120505743
0.024669608893327477,0.5767967638664153
0.026406092293873362,0.4872742706142641
0.024637807836629277,0.578463652139334
0.03085578718486548,0.29183522996658934
0.025614716047817176,0.5279478484183535
0.04113489474956461,0.06594280158866406
0.027444642768291727,0.4354020130222974
0.022634910375134987,0.6848332764235835
0.015362119343861558,0.9723118399082725
0.016969861580200363,0.9356011313153283
0.02689335182957575,0.4624580951378939
0.050117219567374915,0.012708957678592024
0.02599769722836176,0.5086091644342023
0.021899404590290883,0.7236487625888176
0.04204593580857929,0.05662973348448355
0.026698942617366273,0.47225793957596623
0.02140229909710689,0.7494277641848007
0.017701298706487956,0.9126760762135762
0.04195419655381538,0.05751330529055951
0.03667548600005599,0.13243019788964958
0.04319645907798042,0.04650241512577515
0.03322953530098244,0.21492501767550465
0.03552945124657003,0.15639400338507845
0.023209023863466016,0.6542516737961106
0.0350378033819464,0.167690174276404
0.01889773551058993,0.8674461004338344
0.018520530529093082,0.882668605207611
0.0226522923798953,0.683909615419421
0.02502388240349479,0.5583198356561024
0.022266075563393384,0.704374173677488
0.02720772061666646,0.4468966525953562
0.03532323281559571,0.16105536474276377
0.02144824350728891,0.7470658287827575
0.04998714802403614,0.013045701544225116
0.02537617961349925,0.540136648648352
0.018307642443840533,0.8908819827876192
0.0213946031756595,0.7498229428680312
0.021073836887142705,0.7661683858591117
0.027799010750256814,0.418583185627397
0.046302087313983,0.026606600857551097
0.03199597783713848,0.2526667736204687
0.01965648922688168,0.8344668029442277
0.02459433801877542,0.5807442133207004
0.02704676272321349,0.4548200925197063
0.021257921630461474,0.756818708850579
0.02302591757366035,0.6640168690574032
0.04433904252320653,0.038037858414143144
0.033111276327585315,0.21834210171801732
0.03490976356015901,0.1707365004932455
0.020168782611253766,0.8106514968822139
0.024237487658392065,0.5995466852322644
0.027829331765141463,0.41716490054504485
0.016758731118376002,0.9415019716129345
0.023727007811209788,0.6266386809152226
0.02440104932178533,0.590911686927801
0.026092521433892624,0.5038680126997046
0.023889464735457,0.617997760023614
0.03476194486608722,0.1743080581172846
0.03172985485853047,0.2614321213022089
0.020496170736571617,0.7948787034960967
0.03047773955807409,0.3057673938721625
0.021396423768908157,0.7497294690103175
0.026921712501889405,0.4610397491487456
0.03485129781995738,0.1721421032709262
0.027427994163916725,0.43620319957277004
0.028714360367752434,0.37720631523811465
0.04805210577149355,0.019096276092800134
0.03377937191557212,0.1995797684288097
0.027251998683747003,0.4447332079359931
0.04238238485421619,0.05348843438314997
0.029380701410561594,0.34894477615799124
0.021551781964243566,0.7417264572889283
0.027667011487877757,0.4247957200834387
0.02207696161823275,0.7143379392623685
0.037772359273898104,0.11238601389008611
0.016764902481166244,0.9413341223376938
0.03126689478589928,0.2772241260378969
0.03061415351083585,0.30068489813779675
0.030440427125027425,0.30716849200195606
0.024196180265954492,0.6017315145115375
0.029219120340202465,0.35565520411844426
0.020687592234058805,0.7854804324693827
0.03247201992115306,0.23754574283297572
0.02587346855179376,0.5148493902774577
0.04114699643951292,0.06581100588943589
0.017263231714983673,0.9268637526266237
0.02296622636342316,0.6671987812555544
0.02390888959877202,0.6169655869109505
0.02011066794324301,0.8134085990073141
0.028047743540526693,0.40704527598272056
0.042700955897289505,0.050653632822080484
0.028374964780937928,0.3922015477591591
0.021639654646423062,0.7371777868804066
0.020367742011358853,0.8011132977729581
0.034460669943615574,0.18177111092864628
0.031354813121032776,0.27417157412293736
0.030590365345629228,0.3015666910028191
0.024715951445017814,0.5743699827018895
0.021773770449090485,0.7302071134668
0.019554890524043966,0.839050783732747
0.03524219323347588,0.1629173871763035
0.02314025548262888,0.6579196925139096
0.01754098945892657,0.9180240324866595
0.02223858204476531,0.7058254068197087
0.025305638216988613,0.5437608499318543
0.016914784720307496,0.9371718845730157
0.03846933286550014,0.10100320943518414
0.02144755070790294,0.747101478963903
0.020995968170270607,0.7700965124906081
0.029108658331577608,0.36029510859014274
0.025115008379846593,0.5535970775738728
0.027510721621714918,0.4322318329968888
0.029008017170354727,0.36455966665902656
0.033064033141747995,0.21971888861528807
0.01827454490854405,0.8921334776758979
0.02864191717507919,0.3803728499438222
0.027263908583403995,0.44415247994758517
0.01979131866165515,0.8283096486816308
0.021945044455770224,0.7212599544877103
0.02292252743298756,0.6695275150211037
0.02039655656668249,0.7997196396617381
0.03589916714296226,0.14830885027737245
0.035453996804054144,0.15808683901532886
0.035028440153965446,0.16791146419777012
0.014120789868539263,0.9884607167905362
0.038434752313863785,0.1015444327118158
0.028464890965867018,0.38818874944195925
0.027506713001272276,0.4324237054162904
0.016172190687459564,0.9561747016772328
0.03386384388114899,0.1973002036220228
0.02885704847177828,0.37102342204779154
0.01918651281635886,0.8552467938801943
0.022783709935191077,0.6769201532676161
0.03613670033457772,0.1432948558415423
0.0378066814086421,0.11180165660477423
0.014409646674353738,0.9855444576893982
0.02470198524416123,0.5751010460484828
0.027032675950363627,0.45551794054651606
0.029478878014673415,0.3449119024193601
0.022291181900861073,0.7030482041418881
0.027645659544340256,0.4258064849043163
0.017507048536001157,0.919133387931644
0.021468896530382864,0.7460025854379826
0.025656580315063904,0.5258196605408337
0.023828695228906294,0.6212283289191723
0.016656747993211818,0.9442351865794852
0.0290260899926148,0.3637912363566993
0.03167288752214176,0.26333792109910586
0.01960589221601572,0.8367557511672318
0.04118977496642312,0.06534691870695389
0.02474187348484358,0.5730137679052871
0.04588439835648539,0.028746170979383506
0.02096304466680418,0.7717523112366232
0.02549388443095485,0.5341090361152179
0.0487871569181923,0.016552244935376936
0.026652795429453424,0.4746039320866779
0.03130097707003987,0.2760377794444598
0.03374688294911732,0.20046198821506084
0.02296242897553541,0.6674011705182481
0.02609630480856273,0.5036792492788319
0.024189801555828616,0.6020690341360573
0.03388719985672006,0.19667353360627013
0.0261979733445058,0.49813127272966623
0.03557876001624194,0.15529564345197763
0.052615317056548094,0.007590342727842232
0.021481896628841757,0.7453328543662681
0.028906497527026037,0.36889743450803675
0.023079450738887508,0.6611624653340051
0.018459239838171215,0.885061962510476
0.03601383006952841,0.14587105877633216
0.03364947537414387,0.20312533211287992
0.02562987826720442,0.5271766807852142
0.029480797358909405,0.34483339373438193
0.03449532212958317,0.18090005974873952
0.025508115531108988,0.5333819766478535
0.025365430319235605,0.5406883517281478
0.017157705893378172,0.9300781465108503
0.032342902945421026,0.24157690507356405
0.013354816876179898,0.9941206997026907
0.014969101981416245,0.9784837014543117
0.02122888010282431,0.7582994139785089
0.017068967515189493,0.9327190922047462
0.023646696807854722,0.6309151506362645
0.02069957937539957,0.7848878765597522
0.028875903698562022,0.37021175611117746
0.03290404100412714,0.22443137383433115
0.024047793681703955,0.6095920844924896
0.03269146321416361,0.23081286139917412
0.028132790157457982,0.4031507381202871
0.026370596718310713,0.489115095104343
0.02024332690380816,0.8070954902191707
0.03614455390096194,0.1431314525134568
0.04354347078273907,0.04377382253489453
0.018083323849111155,0.8992267565602932
0.031224268578317393,0.27871322612968574
0.025137360231157868,0.5524406606240242
0.018535045724928367,0.88209844207917
0.03458798296087495,0.17858707649718014
0.034149583564500485,0.18974027148756806
0.022783525566699825,0.6769299657643469
0.01936521426084481,0.8474753790393097
0.030037718292808657,0.3225906717078777
0.024294588662564065,0.5965291168280697
0.04327160330099444,0.04589935205813609
0.020479114143905464,0.7957100899979813
0.02025569585590828,0.806503373438856
0.02972417013365608,0.33498188046675853
0.024099894913356235,0.6068300364862658
0.04784893266457907,0.019858444176475074
0.018901532423311496,0.8672886857163739
0.036233625344965104,0.14128875534059374
0.02319886533789617,0.6547935401060647
0.029122015804920298,0.3597317665242866
0.017633905124511684,0.9149460185035186
0.01751082177791763,0.9190104582201288
0.021971529746527163,0.7198722409663135
0.02646714343384915,0.4841185971355737
0.02720125116099492,0.44721333896577425
0.02103139474387447,0.7683114567112804
0.03250042115092838,0.23666597276180623
0.02856411678597709,0.38379418005532134
0.0296627018884692,0.337450726261702
0.03284176528375515,0.22628660974352308
0.02190581370691319,0.7233135030609372
0.03998539535752066,0.07953090366845948
0.019739262668751034,0.8306966523087163
0.03736496614951118,0.11951681953193516
0.05022800437302172,0.01242834343673597
0.048202905231684356,0.018547568870978793
0.01933295590888595,0.8488903623982363
0.032367580826606956,0.24080242680503997
0.0260156718912396,0.5077089598462016
0.032646694026091994,0.23217441542111247
0.03522170323444418,0.1633908988427905
0.025149934014585207,0.5517904847630025
0.018249039878538487,0.8930931420655268
0.027379149262174718,0.4385594892640324
0.027709541869424315,0.4227872483439368
0.027452521908820735,0.43502318731914646
0.02124259136963147,0.7576005915501947
0.02490178184886399,0.5646677811554395
0.025009974576391758,0.5590417660753713
0.01899941444044362,0.8632027927346196
0.04470304474356268,0.03564015821153901
0.030280514754142784,0.31322657862551695
0.038920705103722364,0.09415633637965952
0.018961466207031763,0.8647931997236573
0.02517707484074372,0.5503879391673099
0.021890447745041453,0.7241171843206471
0.02475943846070247,0.5720952934236117
0.03837673576443085,0.1024578743437235
0.025508494517242464,0.5333626195592873
0.037419669830325464,0.1185382079027887
0.030125403521890082,0.31918568404036674
0.020256672451003183,0.8064565977267595
0.02439540611964297,0.5912091586144138
0.024717207262308694,0.574304259211687
0.03471662177609908,0.17541496157923367
0.03937451767074185,0.08766811336190326
0.016702597121452334,0.9430158620797602
0.019193176682383323,0.854959971073844
0.042481084727483576,0.05259588177142478
0.02282180334426681,0.6748923732974326
0.032518413423674175,0.23610992753067747
0.04146982697901569,0.062377238318173475
0.02121535081182084,0.7589885069708087
0.021852442444937892,0.7261033382046234
0.02458808263258505,0.5810725810538198
0.03482430481000298,0.17279415561177358
0.02047472384944775,0.795923920596627
0.03782110698850738,0.11155680210324698
0.02938278861666732,0.3488586898521548
0.0190532606744008,0.860932496078231
0.026538995221561945,0.4804216364065115
0.03357816365897137,0.2050926231941898
0.039123082544458176,0.09121491977180642
0.028584958215764567,0.3828755661783709
0.024128542071381487,0.6053122882835605
0.017771812036899703,0.9102676765117081
0.02579834048381663,0.5186387034820231
0.03134643616468283,0.27446133622511126
0.026911192573204512,0.46156552660507016
0.04002289921035329,0.0790528374174278
0.030196167935324647,0.31645688468510863
0.03340543475308022,0.20991934082926575
0.05934157054389422,0.0016728089615323303
0.02796470404710516,0.4108727202853193
0.0204074148150738,0.7991936828595461
0.029876942805306173,0.3289022303882036
0.02527349523422806,0.5454151158473197
0.02411913967422341,0.6058103600658842
0.036002837317711534,0.14610335655937198
0.023813701618562833,0.6220257323781457
0.04132120635315295,0.06393851184039664
0.021439418252707176,0.7475198820462488
0.03219233415280809,0.24634352378605745
0.019491235478497404,0.8418977182141106
0.027757558257929693,0.420527453852199
0.03588038574436825,0.14871127083478514
0.01632192950773352,0.9526698562893826
0.027595982218057757,0.42816441811996714
0.027749720967424285,0.4208957388552325
0.035620907884307024,0.15436171870678914
0.023770210502538358,0.6243394024822853
0.03197509513849128,0.2533464330819902
0.019714323700462555,0.8318358745674239
0.041103888991957716,0.06628150367139793
0.042575644314270744,0.05175284755440095
0.03167661370416963,0.2632129454598409
0.026806640701726447,0.46681240586927736
0.030548914653397485,0.30310775049682626
0.028117242476992543,0.4038607923129099
0.03407517365645507,0.19168664730093074
0.03576476016843855,0.15120818720675488
0.043218061933011365,0.046328343834279695
0.0336333440868698,0.20356905410614629
0.04413726954573283,0.03942673344153287
0.019595124281460707,0.8372413269752939
0.030731878868278995,0.29634891380403783
0.016105552624658404,0.9576814714951003
0.028989495921937447,0.36534835178277664
0.030447341606232525,0.3069084956083807
0.020013789126170828,0.817974442518705
0.02763837914001016,0.4261514986386461
0.020442556127067746,0.7974885866904251
0.02285498025880439,0.6731257470040519
0.014909614790239889,0.979328198420464
0.031228464465759997,0.2785663830867915
0.017043314647941676,0.9334719298072008
0.038435136526468794,0.10153840613568535
0.03173047952670588,0.26141128129543306
0.020955832993337142,0.7721145948094451
0.02291849521827749,0.6697423601783812
0.026609988263297857,0.4767869115811865
0.013505697532254057,0.9932205633525464
0.03273191272151488,0.2295879634807502
0.030228221249690934,0.3152264618871274
0.04273659061721691,0.05034475690715688
0.02154573625086964,0.7420388422834686
0.016658214096179735,0.9441964360434542
0.02635172168900679,0.49009579075419196
0.02221894376589373,0.706861470460413
0.01719391205405718,0.928984295169228
0.021514443098705982,0.7436545752510004
0.024122140230972283,0.6056514040641485
0.036014404013506085,0.14585893845780257
0.04112946618796043,0.0660019954805484
0.0190918140830193,0.8592972759364053
0.02382459936524972,0.6214461463314118
0.020916002042697446,0.7741128548438978
0.021856095546721632,0.7259125293221773
0.032847337150107736,0.22612014031168629
0.03803064111352927,0.10804995892680652
0.030494407210146512,0.30514303341179233
0.018908720647340393,0.8669904495893133
0.02330559869247706,0.6491001657930079
0.028224707340645805,0.39897047452530876
0.022903572397413918,0.6705374284239445
0.031058058807429845,0.28457660345444197
0.025891414707115423,0.5139459335546197
0.022866870604638545,0.6724924834064921
0.04635196359459681,0.026360766064587825
0.023520477256058214,0.6376410943668136
0.01679881599389621,0.9404067506624596
0.032927390547492164,0.22373880668130855
0.04233890654181288,0.05388573595348356
0.021301628056908273,0.754586452771842
0.03770702896410233,0.11350527875146185
0.01800694400279304,0.901993636454575
0.015287290287089639,0.9735677392064409
0.027552366869936284,0.4302418775599397
0.04051501703293661,0.07300150520074429
0.02109145773710419,0.7652772160352798
0.03051755481903934,0.30427749031258494
0.022757212032447738,0.6783302469627296
0.01952780607336213,0.8402645106213541
0.02460097803126393,0.5803957072873467
0.018561554198815222,0.8810538825738341
0.018730086780127553,0.8743146023976096
0.018486372639029525,0.8840052805778358
0.026656622588425882,0.47440908155492617
0.029130664971703635,0.3593673269655266
0.03640285893341122,0.13784070852995242
0.02116127078912544,0.7617384090530219
0.023316095168682938,0.6485402725787495
0.028057038783432686,0.4066183674720214
0.05064284376113559,0.011426507347316815
0.018300384188182833,0.891157027473139
0.02117239840173607,0.7611731883402638
0.023985332633764123,0.6129060539151869
0.021062336811518256,0.7667495509966799
0.024476196077927448,0.5869537389096484
0.026799350504966513,0.4671797146961137
0.030731451749190453,0.2963645613416947
0.02031761383822206,0.8035305559224387
0.022361782116821938,0.6993158834952218
0.027721589369126554,0.4222194846464268
0.020783134574288042,0.7807448942092586
0.027243843611113816,0.4451311422657939
0.04306147918784026,0.047602946206035036
0.026832006049787194,0.46553587690785025
0.04541298188881404,0.03134197655817186
0.02407990937265969,0.6078892795072393
0.03729743296519303,0.12073409621308581
0.018903135743850552,0.8672221898863182
0.027209762679356375,0.4467967225985272
0.022184729310705253,0.7086654405980941
0.02009745814724495,0.8140334196173623
0.02246227321680183,0.6939948034169898
0.02986381233024238,0.3294216091732559
0.02612373148373265,0.5023117875058946
0.021520317122046828,0.7433514410893476
0.02836843023027391,0.39249425690556394
0.03208543219853066,0.2497709816146374
0.029659127389715323,0.33759469587689306
0.02032020700118048,0.8034057380625659
0.029556109657516205,0.34176291343058113
0.03831856120785859,0.10338065419728876
0.019613419554674744,0.8364159838264044
0.02919350623081307,0.35672731493667736
0.04959772768753501,0.014102442367490317
0.02776203854231185,0.4203170175131114
0.03810174919602549,0.10688082294242378
0.03188529031107401,0.25628506644709315
0.017727161226015475,0.9117966854661655
0.02270024472568266,0.6813604561682356
0.01823501849551573,0.8936189527585258
0.020137871575233723,0.812119666060986
0.027140696389589714,0.4501848013535787
0.02181513521271028,0.7280507045835796
0.028816828303860953,0.3727589687222448
0.014166278701321922,0.9880322935063143
0.023178601013977423,0.6558744401679599
0.027398402186504356,0.43762970672365226
0.020209548832496482,0.8087094903729962
0.031724483749449806,0.2616113624587489
0.022674302685879763,0.6827397239690096
0.017827093775465153,0.9083558224378915
0.02842658428735584,0.38989461687265226
0.028409735219236162,0.39064658222576215
0.020858678671298148,0.7769805954655208
0.017637729107241706,0.9148180581556364
0.028803715863873647,0.373326015995554
0.019118510611339068,0.8581602547565842
0.0250057117011927,0.5592631034354438
0.028259033740607065,0.3974170513402449
0.021497656241737384,0.7445204785747277
0.022982015270764822,0.6663572328685087
0.020203314490917168,0.8090069000047376
0.023483225361080717,0.6396270626773771
0.032322546619206416,0.2422171876454952
0.01788199685819636,0.9064366025969975
0.025676346953948215,0.5248159932820287
0.03573380345138921,0.15188239809100376
0.023785775891733474,0.6235112297676058
0.030379847114663766,0.3094533104681432
0.052175654925718185,0.00832620669076658
0.037021037057784895,0.1258227034527039
0.01640796961840041,0.9505812639922308
0.01799280427075922,0.9025016363024865
0.01687227843960082,0.9383689925054942
0.020056643818276765,0.8159594612665999
0.020509262613236268,0.7942398810043992
0.02135911139477925,0.7516436849451481
0.02108064265118248,0.7658242843317604
0.03673333179006544,0.1313047695749959
0.02708768664083161,0.4527967709435896
0.028308372787212432,0.3951915619433314
0.024339202276353278,0.5941736628403853
0.035503207370876755,0.1569811301561258
0.021902465105422264,0.7234886757787333
0.018495021005229706,0.8836675237207984
0.03255103384673019,0.23510435622164916
0.02964399347834179,0.33820473159541203
0.03050122738722985,0.30488782351884314
0.02371299458554199,0.6273846660251821
0.036862569026498815,0.1288185671066583
0.03885838988014989,0.09507786257544364
0.032038092425440756,0.25130029620336014
0.01562781546011871,0.967536959802201
0.019893588135739826,0.8235850831348207
0.03069314402675427,0.2977704481392435
0.01786606029657256,0.9069957812527508
0.04924855514601956,0.015114730833696842
0.029059581039191373,0.36237027199990596
0.019286393989129458,0.8509234200892977
0.03745121467784973,0.11797689581702628
0.029449152548368884,0.34612942298197275
0.029674007657192747,0.336995655884426
0.019986173754247216,0.8192688502873693
0.05803629632122276,0.0022755001249635514
0.023572824515055157,0.6348510020397631
0.015154825398410954,0.9756969883317835
0.018731677936951185,0.8742501759810162
0.028518360566332945,0.38581633150561867
0.031752965879624284,0.2606619317870795
0.01908161294246677,0.8597307345435033
0.014243863527912737,0.9872753985133843
0.027784287634570193,0.4192730504640587
0.027226283639735116,0.44598880345874153
0.02699289198678756,0.45749263295329806
0.030957750065515377,0.28815928739560925
0.030430516170117328,0.30754144244952414
0.03569696757907925,0.15268780612439561
0.0283309538906234,0.3941758975048662
0.0328030696137907,0.2274453175845663
0.03750588736724636,0.11700922792320058
0.037137290150514146,0.12366140496585035
0.013553728785505613,0.992913468521069
0.03052177919344612,0.3041197258115577
0.02019352596274529,0.8094735570050257
0.03701545235387477,0.12592730450365133
0.02698052505020121,0.4581076216368773
0.019624581535371832,0.8359116659917465
0.023587235036525156,0.6340830731425411
0.03000400856148054,0.32390667763994685
0.03191991476565159,0.25514902975197473
0.03654615610080425,0.13497486739302916
0.026728178403459646,0.47077560245917865
0.027864431671162038,0.4155271701474616
0.01756909932756448,0.9170991728475189
0.02446332488497671,0.5876312183035448
0.018754584089552107,0.8733210633388655
0.01970622297783442,0.8322053083747175
0.017724427809469923,0.9118898451437206
0.01682042845793985,0.9398113523260022
0.04837308659140638,0.017945284088141708
0.0383410539073179,0.10302305345276387
0.03871645514933675,0.09720497375869078
0.026285178420520694,0.49356329708642993
0.023952538204767393,0.6146471310808671
0.02767137174805645,0.4245895126708548
0.02843725128598451,0.38941907379022095
0.024252441357350163,0.5987561413365237
0.02108091927464617,0.7658102955459783
0.022122733393873384,0.7119305153781366
0.025891387438998437,0.5139473057984016
0.020166495017403502,0.8107602793138259
0.021690555924781363,0.7345360833549667
0.016555655121418156,0.9468689896167981
0.01883820739767894,0.8699033836369242
0.030933768622950053,0.2890207569056562
0.029725772279676432,0.33491770531297477
0.025936328811005716,0.5116877689260729
0.026770249070660612,0.4686478480290451
0.04446567356806863,0.037188209775483934
0.021640800616453182,0.7371183667194674
0.030076597990115306,0.32107765791269577
0.018335960728300016,0.8898057129099222
0.037879060761610905,0.11057757952385901
0.02830382176898827,0.39539647889681795
0.025788374434415007,0.5191422329486298
0.0568936433010675,0.00296222890341536
0.04621405934047562,0.027045429953838723
0.02130759624462697,0.7542812806911678
0.022946888017891742,0.6682294083658142
0.021166491000186805,0.7614732907706901
0.0306301404216327,0.3000933535895164
0.030883892197191842,0.29081854694496845
0.012322351982301916,0.9980955901743809
0.03435194970640637,0.18452556476272697
0.021057194133774382,0.7670093249564095
0.02987777829790078,0.3288692023391746
0.02967286860508278,0.337041484060509
0.017262769138071593,0.9268780173397678
0.040646724894532915,0.07145028825432384
0.027786069230595567,0.4191895310959333
0.052801026569227305,0.007297700249949664
0.017571269337966072,0.9170275470451684
0.019984845588803812,0.8193310246342413
0.016389677385607704,0.9510298692436457
0.025205715341028778,0.5489092050097752
0.024621151809814945,0.5793372029712942
0.025107713219713057,0.5539746801012788
0.01852581234810935,0.882461281193249
0.03293554723011438,0.22349726160832828
0.022122049616324246,0.7119664998585453
0.023703465896443787,0.6278919708001172
0.03281325600642132,0.22713985296934894
0.017669906725569867,0.9137373110919834
0.02516536827511362,0.550992747382266
0.027142091628253207,0.45011618872770504
0.02446167638044383,0.5877180012333836
0.023421405841483167,0.6429234566234956
0.020673385975794628,0.7861820869959912
0.023358207042075252,0.6462940596168345
0.02441680798308979,0.5900811759378126
0.02673042787934027,0.4706616739037179
0.016760639533820787,0.9414500962272564
0.022342610901438298,0.7003298953298297
0.03771166789415037,0.11342550037921886
0.01751203954305902,0.9189707629551911
0.025149660004876617,0.551804650763122
0.018608099877986395,0.8792095145010104
0.021693778370902195,0.7343686797136533
0.015706067294302406,0.9660354569420564
0.018846021124357182,0.8695819861693316
0.022285236641064687,0.7033622608902912
0.04697971607052731,0.023434084031468072
0.016377846459300335,0.9513187012496861
0.032724675187131846,0.22980676367869116
0.03072592456334322,0.2965671051802498
0.029328507029083517,0.35110245068714335
0.04667747010821288,0.024805145699900503
0.03221110844829217,0.24574530077686307
0.0267504781085538,0.4696469927571635
0.02140658431736031,0.7492076645849388
0.02843670632151868,0.389443358964481
0.03652282022456116,0.1354382331440448
0.015007148361712325,0.9779314492003902
0.02455429367328832,0.5828471004759121
0.031896685760297805,0.2559107573338084
0.024205651803797412,0.6012304096516481
0.02551232152530819,0.5331671662671797
0.03139864927916586,0.27265899680148836
0.031176759003057275,0.2803799449647421
0.033827815920103865,0.19826994733737185
0.03455325763075917,0.17945112184935474
0.013262965159834827,0.994622639597112
0.022413010862435634,0.6966044775148934
0.03167236225151915,0.26335554219831914
0.03649360558146808,0.13602015449856183
0.02892155616288039,0.3682517180676116
0.021171160836303105,0.7612360653731887
0.0214899810480782,0.7449161847624286
0.030397108568793962,0.30880101876874955
0.03140853587240888,0.27231872279117497
0.023599892036606618,0.6334086453674903
0.022497029798512203,0.6921522685931041
0.036191739145843366,0.14215288005304505
0.02292895777449469,0.6691848803919275
0.015390881553891456,0.9718188073930286
0.0329449833411104,0.2232180797393904
0.02082618586012802,0.7786018013273088
0.025995084932437518,0.5087400503450301
0.025368429732935738,0.540534387552053
0.032062691881762695,0.2505047246256011
0.026836403306835566,0.46531481526546137
0.02140598875346772,0.7492382566817879
0.04115214562764147,0.06575499591040067
0.015886639532923352,0.9624027833478178
0.01568383306838622,0.9664665389250363
0.030388631219372075,0.3091212427326052
0.035098429305447154,0.16626297270937318
0.021613976708222682,0.7385085597720806
0.0184124799575357,0.8868723820863786
0.01787739896955659,0.9065981075975935
0.020810763129829546,0.779370194213773
0.019804138539191718,0.8277199352131032
0.025665298422445137,0.5253768978726747
0.04254608022881884,0.05201516060735567
0.021861342262403827,0.7256384445542251
0.02056698196733664,0.791416411030274
0.025039661211224362,0.5575011454443368
0.032063130446920496,0.25049055834770995
0.019820893287865404,0.8269481167515651
0.020727298897909918,0.7835158721888943
0.02651145249037118,0.481836609610747
0.027891082378997373,0.4142866027014176
0.03925301195631681,0.08936737086953427
0.01161293700588334,0.999273514643167
0.025821340438081708,0.5174774092294275
0.03175686868127675,0.2605320375579311
0.02369035944166864,0.6285898206859488
0.03393018958064109,0.1955241477062304
0.02019141184874218,0.8095742959062225
0.030453445555012282,0.3066791107303785
0.022526804194199557,0.6905730371623493
0.04533458474098717,0.031793098487237444
0.03291020479028317,0.22424839031322347
0.035116988848483854,0.16582800558639335
0.028278582457280654,0.3965342530717452
0.032548951227392264,0.23516845772128087
0.02282799414727875,0.6745627595099568
0.03517013150265691,0.1645875657947248
0.02605474498690613,0.5057544915495887
0.024330674234117278,0.5946237623301343
0.023594573879824887,0.6336920165301316
0.020660535591281615,0.7868162121440915
0.030357106370040243,0.31031419729221815
0.020261018226440164,0.8062484051670575
0.03298081706662748,0.22216033522712772
0.019194656048745096,0.8548962651935686
0.02660947477898512,0.4768131366731817
0.024868255716475218,0.5664146196646693
0.033302738981498214,0.2128306802644243
0.023973083936824513,0.6135562578806619
0.023165844231404664,0.6565548707088358
0.037530191132174984,0.11658117242117191
0.030177570320167713,0.31717238916132956
0.023778843254790016,0.6238800724842337
0.02076659861843755,0.7815665422470739
0.05416241284125195,0.005447223126437726
0.019706265693076874,0.8322033611319569
0.031352882777196445,0.27423832514583046
0.02334699191200229,0.6468922506611189
0.04549797130527064,0.030859289643561286
0.026171469063331232,0.4995249661097282
0.025021433876554644,0.558446912835853
0.03891174627717331,0.0942883592784853
0.02965940516693455,0.33758350629851236
0.021385280499095875,0.7503014759209186
0.0186874340616785,0.8760360980587087
0.036072740786891766,0.14463124890066392
0.025595700946543287,0.5289155997278854
0.022318309193902985,0.701614725642729
0.03302128254465489,0.22097052854995822
0.022452171851863434,0.6945301036024792
0.0193667715409388,0.8474069372912727
0.03169812904300251,0.26249219757082404
0.030816428053456524,0.2932634421975612
0.05865961105788631,0.0019662303466313684
0.03707570046246739,0.1248026151499716
0.01801123185826181,0.9018393250287068
0.02771077731723104,0.42272900146192444
0.02954550309989129,0.34219415291668837
0.02770852143785496,0.4228353620941519
0.020837097052237907,0.7780577484416582
0.02562137070978776,0.527609330475076
0.034541209951942875,0.17975166845053053
0.030703573619506652,0.2973871976303791
0.02258969239004227,0.687235126614736
0.016855338643155915,0.9388423875925065
0.02784437791653882,0.41646232307670805
0.040066710162570796,0.07849745143100123
0.018780202274790603,0.8722783348356445
0.04863840256281293,0.01704113697513251
0.02006768841779938,0.8154389324537166
0.029604881332116584,0.33978497799500357
0.018083070951483093,0.899235980983076
0.04880083701946436,0.016507921149694963
0.025288169716800812,0.544659661609446
0.035190140765068045,0.16412244278180838
0.01875539887722988,0.8732879579191279
0.03273296315977259,0.22955622066305917
0.01822051739013064,0.894161432688735
0.04542492236417617,0.031273763634970385
0.015024188357391971,0.9776810203476922
0.022761487719455742,0.6781027403509752
0.02070910127628245,0.7844168564403424
0.024049328923125723,0.6095106663860741
0.03335015009396136,0.21148274100133102
0.017099512992981902,0.9318164520270154
0.017093781651184026,0.931986331874993
0.022160461123009623,0.7099441245674457
0.0334837110087044,0.20772115667863075
0.02903046268193754,0.3636054879654555
0.021918504396220118,0.7226494653894524
0.018125627035756986,0.8976778805124681
0.025526636525119883,0.5324363102147951
0.0242667880899321,0.5979978827942587
0.022731206320917297,0.6797137767200234
0.0178730305044833,0.906751422243033
0.025756281521873814,0.5207650670162598
0.02035777629899793,0.8015945982092563
0.03660582564582415,0.13379591590309967
0.020645039880534233,0.7875801612169381
0.030668840169670808,0.2986649414055217
0.026658256217602427,0.4743259251751887
0.03016464073617836,0.31767052180169264
0.03082356101431949,0.29300422800073467
0.023399914979459868,0.6440695735447826
0.028449469001601613,0.3888748934644062
0.03436340833987589,0.18423371184176796
0.016848618364707857,0.9390296088748942
0.015852656294387535,0.9631044292201463
0.022158993952470563,0.7100214058797738
0.03109917553497915,0.2831176618504682
0.019432890378223266,0.8444898362260997
0.03567824504339173,0.15309848681062216
0.038239901046996816,0.10463935560456913
0.027091082202345684,0.45262915942300835
0.013434770911175509,0.9936557003294366
0.029237150535182055,0.35490190142819494
0.023209455045710592,0.6542286739634728
0.040615088305418934,0.07182031586134943
0.026409785601666957,0.48708299046705533
0.020734231624069843,0.7831723496903826
0.046350569361988114,0.026367610702343166
0.030751027065559933,0.2956480444746392
0.037586550265891305,0.11559349827618208
0.024270082278484484,0.5978238047418442
0.034587736219963805,0.17859320431692016
0.026756002614501312,0.46936766617879444
0.0366040045381979,0.13383177280378064
0.02861984760450309,0.3813412040151897
0.03958173440037238,0.08483281082160964
0.037229746806654807,0.12196433417891335
0.02761181309871441,0.4274120500529972
0.037046882946901505,0.1253395384713639
0.014343103642288635,0.9862581204013088
0.020660307335021166,0.7868274710115775
0.030152807414472127,0.31812691820154837
0.02247677499203482,0.6932261549015676
0.022172404663938217,0.7093149139305681
0.049731129705517296,0.013732074780417967
0.030327362298452232,0.3114428486347438
0.02498163422151639,0.560513773915821
0.021127980238564104,0.7634274836741314
0.027600053984103035,0.4279708206304411
0.02239671551747857,0.6974672252870153
0.018374898671577156,0.888317610188652
0.02667633252306223,0.47340642453234266
0.023295558863302646,0.6496357061219369
0.019853385580357708,0.8254478047971125
0.0297835980386838,0.33260737460348244
0.020584611259679586,0.7905517762315242
0.026100539783163013,0.5034679912181058
0.03447468414070648,0.1814184374904263
0.032831021968748986,0.22660785191937993
0.023757986354978056,0.6249898874875526
0.04206357998820265,0.056461140919931915
0.01492837260283103,0.9790643944989919
0.01639589312374079,0.9508777090060799
0.02452934542394003,0.5841581964667524
0.03645599093203805,0.13677238888466947
0.025818210636208427,0.5176353735009802
0.01469310021615794,0.9822100731533568
0.03143415889958456,0.27143831725883666
0.0343381039387024,0.1848787054995375
0.017730649011181043,0.9116777413014371
0.030853098224696063,0.29193263929084473
0.022705216804480954,0.681096056759267
0.03164698357117185,0.2642079717625348
0.017657701396640385,0.9141480916340857
0.019565700856572166,0.8385653618019812
0.025783392210092765,0.5193940322684677
0.027496479754936742,0.4329137792989212
0.03251198867061189,0.23630836744192218
0.03647762071781935,0.13633941446412565
0.03149758756809218,0.2692680916857069
0.046019457188230084,0.028038307548375545
0.030048940170650185,0.3221534390351709
0.026093930461698167,0.5037977086173488
0.02788127876523372,0.4147426583546873
0.02644091344650701,0.48547277512526404
0.017221561504158822,0.9281426091635149
0.021032877093758506,0.7682366895247312
0.022874302928647006,0.6720966175899532
0.025812925514697493,0.5179021640799584
0.022607004705560874,0.6863157181817541
0.019076559146077865,0.8599452679717521
0.019959415671478353,0.8205200234991273
0.04488295975144896,0.03450469961877223
0.021289506083643772,0.755206027089298
0.046938856676842056,0.023615412633573803
0.012217102989421247,0.9983311154698632
0.0182362313946407,0.8935735178409647
0.02062223048882139,0.7887032482551084
0.020143502053357187,0.8118525197515063
0.017453369458369145,0.9208713953310343
0.027120309620696115,0.45118813919783757
0.030183808137180468,0.31693227094882065
0.02425756806018553,0.5984851607092811
0.04486639090888267,0.03460792461452525
0.043478033248886105,0.04427745739880339
0.023063794308870622,0.6619973339442949
0.019921737102974513,0.8222766812899367
0.025969173906453924,0.5100390747904558
0.02373748895729305,0.626080783673175
0.022167002862297003,0.709599514118194
0.021085322544924345,0.7655875956825136
0.04145925966709996,0.06248716151646348
0.038325501882291224,0.10327019782955867
0.032261828436716655,0.24413469276614547
0.057523707884926056,0.0025629576353206644
0.04093309256441646,0.0681739757678615
0.0182601644970547,0.8926750705333256
0.019766922481107008,0.8294298423219026
0.017521465930819657,0.9186631414909918
0.0243042086346833,0.596021046897308
0.026281785261170143,0.49374053281058006
0.020310491381932333,0.8038732550761694
0.038446952453685124,0.10135321238760829
0.018755976955051545,0.873264467854979
0.0279541657996715,0.4113602021055827
0.029081026875079075,0.3614624279124942
0.02234240035669366,0.7003410294615763
0.02655828198066748,0.4794324110651544
0.026694178999503326,0.4724997571436232
0.026662151990953675,0.47412765759159686
0.024111862724293998,0.6061958909424959
0.02737340538490235,0.4388371349226914
0.024207394955604644,0.6011381945562225
0.028587002673330975,0.3827855366326327
0.019440506430140947,0.8441524258769004
0.028862973738095765,0.370768220845953
0.02647706345056572,0.4836070934025899
0.025228713682249826,0.5477227643023126
0.030176267921245503,0.31722254035529457
0.03636159409997369,0.13867508795986538
0.03728574044143973,0.12094588353538638
0.02035499755276987,0.801728734511421
0.027796914939701045,0.41868133956325587
0.02053710875103787,0.79287914937148
0.01787778638684656,0.9065845046958412
0.02766118154074687,0.42507153853401647
0.02327286947361884,0.6508460069972415
0.030200668549797527,0.3162839098068959
0.04742632259624491,0.021531212572689837
0.03446041740050465,0.18177747126017385
0.03907502046994071,0.09190640558187287
0.028950636088539095,0.3670070208100876
0.02753766012386205,0.43094391041254276
0.042877713277180096,0.049137460164764536
0.029290780774157255,0.3526679314769785
0.021146671356857105,0.7624794978847662
0.021725553131265785,0.7327169845457776
0.02151903829105234,0.7434174424010547
0.011714158048559464,0.9991570136146813
0.040164570161605406,0.07726879672461852
0.05506016586373541,0.004473536055388444
0.03775716779231725,0.11264546343807458
0.035099160604363355,0.16624581653317633
0.020376847442451274,0.8006732272306553
0.02023122004317668,0.8076744920814577
0.03804947367719502,0.10773929323966369
0.023157872879380426,0.6569800446597818
0.029642243745782865,0.33827531294703345
0.027249705039715535,0.44484510442294933
0.023377407158746033,0.6452699975925487
0.02282958895233267,0.6744778452156425
0.02149663687098924,0.744573040929072
0.03559853619768816,0.1548568727353824
0.020965788165901333,0.7716144509015999
0.02280552500647884,0.6757589855992981
0.01476418344492203,0.9812966984720979
0.01492601861729187,0.9790976256068514
0.03818353342645042,0.10554914252260562
0.017163647413855676,0.9298992901508016
0.024880067986118803,0.5657989716987415
0.028299461699220818,0.3955928669813629
0.040306910765083304,0.07551075198742842
0.03958729829714258,0.08475775773718913
0.01819518458310826,0.8951058905464535
0.04439979051468862,0.03762816761841492
0.03604814749349938,0.14514778777791346
0.018520712881387624,0.8826614502709013
0.018629935262719943,0.8783398164763908
0.027768880385658445,0.4199957981816493
0.03574648774875122,0.1516058525291054
0.027990567573756175,0.40967799176718006
0.02333555005462823,0.6475025468205362
0.034809366292840704,0.17315585936766065
0.024768072690028786,0.5716439603247191
0.02843389576502664,0.38956862208935766
0.02972341900665343,0.3350119704674054
0.016376901558883494,0.9513417248899799
0.016755958176505298,0.9415772992735231
0.03264777759825227,0.23214138836328965
0.028052523124782125,0.4068257226122577
0.03587589122451712,0.14880770351053976
0.04244709680452402,0.05290177707250317
0.033211984618842616,0.2154295060203728
0.01767494521015578,0.9135674372926338
0.01856892870836424,0.8807625370596882
0.028889348112985602,0.36963377418212956
0.028306889860504558,0.3952583250485268
0.026097802017731375,0.5036045578235768
0.025034388858552692,0.5577746610596821
0.028554601320241457,0.3842140972889298
0.03551583412656001,0.1566984243086144
0.03242275580584,0.23907770333765302
0.027865070873743014,0.41549738621074506
0.01850240326758948,0.8833788522686966
0.039680769808715155,0.08350522507022319
0.01690248181275822,0.9375197301284729
0.04669783341918715,0.024710587935314006
0.01919024302252212,0.8550862690349834
0.035015130919526516,0.16822641475984745
0.03034393111362521,0.3108137682949243
0.02359097899019319,0.6338835710691583
0.03442952302650304,0.18255687961281242
0.01844901579423952,0.8854589629337238
0.018132711848123373,0.8974173411414943
0.01850995054519622,0.8830833844234595
0.023939348541388683,0.6153475857388703
0.02651291477791029,0.4817614185510087
0.0173765613421637,0.9233229562826183
0.026858788922457855,0.46419050103077275
0.021754036083063755,0.7312348508517414
0.025260795833824234,0.5460691872743896
0.025961750810843898,0.510411486276683
0.025028522206946235,0.5580790576898795
0.028035391989486014,0.40761302892259543
0.02681393961583009,0.46644484772170863
0.01643841381758593,0.9498291689733935
0.04012462776067899,0.07776830321941708
0.013568893278805769,0.9928143910794148
0.029591306346943402,0.3403346845774122
0.021974052920454956,0.7197399827680688
0.021740312248826332,0.7319491628133694
0.03242068433555245,0.23914228469221344
0.0323317326587752,0.24192809221844644
0.03463909351768513,0.17732133364854008
0.023228585301661053,0.6532082325585928
0.02448508964945989,0.5864857315653715
0.04231149358701372,0.05413753811582915
0.026231526025537244,0.4963705221836675
0.01632271186987516,0.9526511105489417
0.016230600748496526,0.9548271567659361
0.0308039096439775,0.29371877525824097
0.02090158356606797,0.7748350802782872
0.020128673062575375,0.8125558312424874
0.027178033953222935,0.44835107508662425
0.03759081480169135,0.11551904536590232
0.022600537131291315,0.6866592183619799
0.03589612006969056,0.14837407870802471
0.02817993677932662,0.4010028281460338
0.016863085799350058,0.9386261481680577
0.0229411453955215,0.6685354348461288
0.029438095314841983,0.3465830974154279
0.013850509018045742,0.9907811276558927
0.035536319986181675,0.1562406279964656
0.02983456942030993,0.3305804479542978
0.019692185133478146,0.8328447926405593
0.02221524517474527,0.7070565476359754
0.017281601386650747,0.9262960411202825
0.01927685957950942,0.8513383547331161
0.026688362619158634,0.47279512620944547
0.024897202592793155,0.5649062823959932
0.051922933873671584,0.008777963594397429
0.02051893930767204,0.7937673217793628
0.02549478290482849,0.534063122505664
0.02347608130033675,0.6400079640185568
0.03710102507671237,0.12433232859482407
0.017740127134870165,0.9113540878506239
0.017105471888357093,0.9316395754498824
0.024377596943813695,0.5921481589855704
0.04852937624692927,0.017407624878850635
0.0184108282658223,0.8869360840215632
0.015303252441811549,0.9733030738164399
0.028903064357202912,0.3690447608388679
0.026275030333844263,0.4940934862839118
0.040237495864904216,0.07636381397659833
0.031152502631696666,0.2812337603070157
0.04570761950906976,0.029696486414119542
0.0329321141206087,0.22359890226255913
0.02172486103807067,0.7327529800680784
0.022866483483766964,0.6725131018844611
0.030152488283408607,0.3181392332929423
0.028006616807325746,0.4089378171999832
0.02765114417008313,0.4255466968285728
0.03278476500135957,0.22799502206725467
0.022415240866007213,0.6964863915828272
0.02688023166029252,0.4631152190486493
0.050198187043909326,0.01250331514688923
0.02535821043596731,0.5410590235746451
0.023294150336138852,0.6497108395253535
0.021148420485892272,0.762390738406329
0.03745013665067598,0.11799604216424181
0.021517861075221745,0.743478196283594
0.037127148010895894,0.1238487402910728
0.027321509538164368,0.44135099875326056
0.0273371856161716,0.44059062725758197
0.023571230032529367,0.6349359752717805
0.0365189145936623,0.13551591115532394
0.03644967485782791,0.13689903173460166
0.029474496343618373,0.34509117781289667
0.038037020183951165,0.10794464550544383
0.03396165727340039,0.19468616487363594
0.02471801529578377,0.5742619716852368
0.01582283091662609,0.9637133395741622
0.01970348760428936,0.8323299873501468
0.016176391245210975,0.9560786297452453
0.03234587663923444,0.24148347952911484
0.040179214951245545,0.07708633523264896
0.03388500034160358,0.19673248268365667
0.011908946916248914,0.9988899472833052
0.026768576708913527,0.4687323084874872
0.04487659799972987,0.03454430179089495
0.0333808956753171,0.21061217038296073
0.046090235484607944,0.02767352786863851
0.02615910251739989,0.5005506648022963
0.014876476315047404,0.9797886785589204
0.0251598014577126,0.5512804300258375
0.038091066532921325,0.10705579140720284
0.03974637093122557,0.08263550222117386
0.051884165193300746,0.00884920076414442
0.030546036164141865,0.30321498186593254
0.021591193830405225,0.7396882176320776
0.019333612383674592,0.8488616193014172
0.017804237324393457,0.9091488007008285
0.020567769337663355,0.7913778165477405
0.017936256358930314,0.9045199843511531
0.020499916821300493,0.7946959728482886
0.018159970853297458,0.8964118752614171
0.021264363014915466,0.7564900111532422
0.032099409687176395,0.249320792213411
0.022479946504157744,0.6930580283393659
0.03705626005554152,0.12516461834620124
0.02538776407450588,0.5395423097810983
0.019612319817007395,0.8364656401922016
0.01612631534309239,0.9572154944059504
0.03410409435407874,0.19092829688442897
0.030970152684203445,0.28771450424573863
0.026621112042871653,0.4762190193517537
0.02165222629151531,0.7365257920165188
0.026284420166493794,0.49360289960777226
0.03443863212724918,0.18232679941587154
0.022985132408497977,0.666191080695465
0.02496920015834514,0.5611599858489138
0.013846619711305741,0.9908117975137627
0.02495681219009649,0.5618040321770992
0.017522903682638535,0.9186161671278438
0.023776011292581445,0.6240307508298288
0.03610115866283409,0.14403623557567022
0.02523458090483341,0.5474202268173509
0.0236740682711144,0.6294573433033975
0.04369656872007038,0.04261492417745976
0.027393296824127222,0.4378761313515369
0.028349303703543383,0.3933518815989402
0.026113983299755283,0.5027976321927229
0.02239223841074567,0.6977042184690192
0.02999422179100486,0.3242894750235305
0.015988665622829745,0.9602458755551697
0.02877431507498479,0.37459965279794544
0.02649514116918389,0.4826758562673479
0.024969158475770192,0.5611621525278816
0.024262271303873595,0.5982365845501051
0.027681338604719496,0.4241184101554239
0.0213263060414407,0.7533240466370437
0.037801573998385296,0.1118884543126356
0.027347926271363676,0.4400701559733825
0.017774433072403895,0.9101774999708246
0.013687269468968588,0.9920051561686148
0.029087899855468002,0.3611718220445864
0.019724268091944164,0.8313819502194377
0.023156726781495607,0.6570411744031306
0.020986277404676068,0.7705841992410497
0.037433122949771025,0.11829855359545127
0.037604855768364365,0.11527418881169268
0.030834912638422418,0.2925920556136743
0.02941431421412377,0.3475602669744852
0.03746067359246416,0.1178090100057586
0.023357712152142718,0.6463204557221154
0.03536619214842318,0.16007523936089968
0.04309281689357625,0.04734544963505616
0.01515592210025174,0.9756798484929753
0.031566502090955684,0.26692495504298197
0.027268609663896992,0.44392339416034104
0.05365297133932978,0.006082498083179725
0.029113136286862074,0.3601061843993147
0.031999025257516245,0.2525677063416383
0.02921729340855217,0.35573159676308136
0.02038219983537104,0.8004144018663477
0.02017204706407838,0.8104962259701562
0.02980376679368424,0.33180427542523105
0.04648284368857031,0.025725198394392926
0.03223628283958785,0.24494488222196503
0.02096807834840142,0.7714993533430955
0.023917396500723803,0.616513633509629
0.03569366135880764,0.1527602638143787
0.018164439641466135,0.8962465825901074
0.0332876510394039,0.21326104039570537
0.02209859081004517,0.7132006719339562
0.023776942174084104,0.6239812215759183
0.01913428953986407,0.857486422506108
0.043294909321348385,0.045713695197479996
0.022148847891100498,0.710555762377663
0.03232873701514338,0.2420223396859034
0.018312351492963952,0.8907033599987758
0.02235531695913795,0.6996578830972335
0.020579635210047686,0.790795934363492
0.029676614832555348,0.33689077667897915
0.034322626742837925,0.18527408796875944
0.02576949925805211,0.5200964391202456
0.02681722358895311,0.4662795356374295
0.03882574300954739,0.09556365016475449
0.04069789452802497,0.07085522788757813
0.03023716362290041,0.31488381638324864
0.027146355078393386,0.44990657124185973
0.03520497338889925,0.16377833174200435
0.018726305185457648,0.8744676609621553
0.02905465831420906,0.3625788878956274
0.019054082047970433,0.8608977421095132
0.029950111492874992,0.3260188652089918
0.028897515492474102,0.3692829647576416
0.06061505498555575,0.0012308498132513458
0.021414713166936217,0.7487900342848526
0.03149426287317969,0.26938152248887814
0.03389639400050015,0.19642727185768247
0.046637855557481345,0.024990016108239907
0.025834543203863802,0.5168112715660016
0.022548952258596017,0.6893978375239652
0.018903645986511952,0.8672010251363924
0.027305312856694464,0.4421375437505261
0.020726455124072896,0.7835576715492034
0.02735450077589796,0.4397517714612311
0.016385047995682744,0.9511430108503096
0.01993741536704119,0.8215464606860768
0.03806112228783648,0.10754750623381827
0.020933344832598122,0.7732433523669582
0.022486467444700953,0.6927123162652302
0.019461761407723488,0.8432092627164068
0.038073180947450325,0.10734926617892009
0.03129441763493751,0.27626580694354924
0.04284569300376789,0.04940917335428262
0.03029602513102647,0.31263519363750303
0.02529217875384282,0.5444533371747249
0.022157905074410178,0.7100787593777311
0.01889139768329451,0.8677086768272387
0.025415519498743655,0.5381192936546164
0.023131150579813187,0.6584053002544658
0.02871948974625438,0.3769828087208085
0.03537202313405907,0.1599425737266044
0.027232212092714314,0.4456991238463379
0.025578814899134494,0.5297755722630944
0.02940399820913897,0.3479847646972663
0.0265299161890859,0.4808877619304051
0.028374347582336035,0.39222918812861224
0.028882154519883352,0.36994295122568427
0.027786792505451074,0.4191556279514372
0.032069981451755436,0.2502693401046418
0.032398038148483604,0.23984918535084246
0.04293033661793144,0.04869372341942376
0.027587099450675168,0.4285869662749251
0.01670163264603375,0.943041670838328
0.04511501471023627,0.0330870924069758
0.02063771460583405,0.7879410289536725
0.040218557043701364,0.07659797120348759
0.027505296241758126,0.4324915322556428
0.035543045197546475,0.15609057467098364
0.017968763861367476,0.9033622996680436
0.0206697299521299,0.7863625544863955
0.025490097024483682,0.5343025956447911
0.021819794358992062,0.727807633205962
0.027742440983156702,0.42123803142216326
0.018897173570379566,0.8674693907895682
0.022932203187654654,0.6690119460861534
0.03320086122679444,0.21574971922618438
0.02811238026199281,0.4040830233838553
0.03178837138463442,0.2594853426825089
0.030320763125365024,0.31169366327179426
0.042931654392582674,0.04868265616905189
0.02998682136568287,0.3245791511788588
0.026455061445832873,0.4847420510134623
0.030426077779874383,0.30770856714926836
0.023608136587069395,0.6329693644236571
0.046699264528011375,0.02470395455739399
0.02730567036378584,0.44212017234411444
0.01850075416285063,0.8834433667059227
0.02161785011509959,0.7383079002785864
0.026362356850744895,0.4895430606942524
0.028416945980121427,0.3903246465734715
0.039532877945284706,0.08549425538290241
0.01844008570837108,0.8858051920605305
0.014068533837583885,0.9889391019806602
0.015889457369323623,0.9623442280988082
0.018280154924766645,0.8919218381231848
0.027246756153351953,0.4449889948089374
0.033127518048800875,0.21787032221442384
0.024404557535596172,0.5907267745297499
0.04277852138977534,0.04998339314270502
0.041732639665148175,0.05969615920184403
0.028104203458947707,0.40445693957359763
0.02991467813465537,0.3274128969094121
0.023780056769358182,0.6238155070814474
0.03358721072895943,0.2048422194085124
0.03757727889112761,0.11575550018963666
0.04194463770585799,0.057606047382804795
0.02950696952957038,0.34376412516278876
0.021594478959581886,0.7395181824619369
0.01973081817894129,0.8310827169918026
0.025942056930643997,0.5114000767236904
0.027460105981362948,0.43465875764974365
0.024666541950237875,0.5769574653449241
0.0353429477506062,0.16060496927039022
0.026944003092724267,0.4599269885171563
0.027764096897596097,0.42022036175412014
0.022103500461774117,0.7129424343089887
0.023964132107109237,0.6140315185947813
0.01568479647824944,0.9664479334527185
0.029008934547972043,0.36452063349625935
0.020146258391273597,0.8117216952851007
0.019795664665078844,0.8281098148844971
0.031757507052203926,0.2605107957514158
0.057089042557682046,0.0028326496263085814
0.021460131484559497,0.7464539333116964
0.031741116711636014,0.26105659875286286
0.028675801243562116,0.37888945284913145
0.03265212957722097,0.23200877726497404
0.023475419173249912,0.6400432673651173
0.0340052276317912,0.1935305473586818
0.04366628468940459,0.04284202284553647
0.03233994367004883,0.24166990501494087
0.019551740405601592,0.8391921299490995
0.022686908904216208,0.6820695380990031
0.043082212358544036,0.047432449893960754
0.018276686517128243,0.8920527084037323
0.028756289082687292,0.3753820408439368
0.017230310348942457,0.9278751397003602
0.016924271119511114,0.9369029166913668
0.02706805643689325,0.45376656279757377
0.04021493096001183,0.07664287291247511
0.01718355773174629,0.9292980805507864
0.02617120698709452,0.4995387594878814
0.02523957637178298,0.5471626860423635
0.029449659314696397,0.3461086407141826
0.02079647997706824,0.7800811656071243
0.016879680079180392,0.9381614892028569
0.018500954187763374,0.8834355424386776
0.041171858860951316,0.06554094227067132
0.027674236604825042,0.42445406346613873
0.029526394429983505,0.34297205356241056
0.03459551872785954,0.1784000057244813
0.0406441733122736,0.07148007186936953
0.01795058642312858,0.9040105169402584
0.03779985207643033,0.1119177300057391
0.022727690843066806,0.679900774279163
0.023716061898460372,0.627221371867251
0.02716858247134346,0.44881478673561215
0.0339372313370474,0.1953363807138912
0.021392771281573797,0.7499169894329338
0.020551106207644,0.7921941438338308
0.03729994040285925,0.1206887185636181
0.0363400780425604,0.139111769964156
0.01625512174277738,0.9542539698416415
0.019676815454254398,0.8335439080071327
0.027277738152074182,0.44347878415070313
0.0317879842330856,0.2594981867111265
0.03879194269163877,0.09606878413218234
0.019969151651124784,0.8200651309834754
0.03389431450956015,0.19648294907894467
0.02613296035192364,0.5018520171667407
0.02150306379010858,0.7442416097279605
0.02769327667124233,0.42355460089443403
0.0331083789366895,0.21842634640122516
0.018209181025206134,0.8945845838689639
0.020481870954287884,0.7955757841860713
0.019231369391945974,0.8533116007768042
0.021582193533752903,0.7401539547232734
0.023009789655320634,0.6648766834757123
0.011514871988950848,0.9993734555805256
0.023260468377135468,0.6515075124150538
0.02695129367599669,0.45956342272191497
0.027871097634615538,0.4152166380752661
0.03122356215566091,0.2787379544103744
0.03811238318176979,0.10670688730239186
0.017561945404717588,0.9173350709722572
0.020746564658402855,0.7825608635066216
0.0338382155302685,0.19798964442992648
0.03786836022720136,0.11075784526596566
0.021883483036854334,0.7244813337164479
0.0324134028071853,0.23936940365611464
0.020894473757112564,0.7751909896040583
0.019722492478214892,0.8314630334391238
0.021646291152636943,0.7368336397913917
0.04041999527041587,0.0741383142741172
0.012941790747129311,0.9961259854662978
0.03287766858075536,0.22521558919398707
0.026489409496665117,0.4829709858883586
0.030862785576183216,0.2915818214801514
0.02462357923926517,0.579209871250559
0.023245312878896862,0.6523159449297039
0.020886068954547615,0.7756115340705161
0.04248670417991618,0.052545453270867896
0.032009466947248655,0.2522284852703329
0.0236271028006641,0.6319589106219099
0.024112474874644962,0.6061634577050219
0.020943165974946498,0.7727505734625522
0.023115751508633986,0.6592265803614473
0.04196258046032442,0.05743206834447258
0.029227099831064307,0.35532168050170093
0.01967568324545116,0.8335953652951992
0.028234915442129582,0.39850807535929167
0.01740109806904494,0.922544326427081
0.016339413268066066,0.9522498618798403
0.017587902335559957,0.916477451429129
0.023926934131750677,0.6160069752011005
0.037081288174550586,0.12469872430613517
0.020232508451753284,0.8076129016784283
0.02734603922970158,0.440161568523464
0.031913340407831337,0.2553644423201698
0.033570628400301894,0.20530136549519779
0.020309597506446952,0.8039162507723987
0.03393963235547848,0.1952723904147616
0.018204611809850557,0.8947549055264303
0.032005689451440555,0.2523511655530216
0.025408290292270652,0.5384898013998272
0.012970292216743784,0.9960074592340256
0.03439542029724063,0.18342029567857251
0.01578701394280746,0.9644360809692474
0.015839404797243772,0.9633757639894699
0.02021017150448773,0.8086797774740785
0.03126376657420149,0.27733320428630953
0.027108221463285842,0.4517837604048908
0.03141426614966303,0.27212164537695627
0.03628047374523166,0.1403273121343481
0.020473862726623993,0.7959658539040129
0.02951843771214946,0.3432963392493225
0.018431823034418426,0.8861251066746312
0.020243698560354073,0.8070777071063736
0.023638076416493264,0.6313743352177748
0.027032239864788643,0.45553955519823436
0.02288204120357687,0.6716844317510993
0.020292758605852113,0.804725647346491
0.02715614466930577,0.44942550020232386
0.018097231038708306,0.8987188497792896
0.023567097251632696,0.6351562233546304
0.041140126329434756,0.0658857984867779
0.018443868931448726,0.8856585724181053
0.02854420396179802,0.3846732982998056
0.03315863716007028,0.21696859892016965
0.046945219114029824,0.023587095401735085
0.020713100329077583,0.7842189490417495
0.025339230312296457,0.5420339073821834
0.030956002626267853,0.2882219950941679
0.051364435746482084,0.009856199304255131
0.02499788182816176,0.5596697187525996
0.04393928670412334,0.040832321150107466
0.033204541427613254,0.2156437350995511
0.031531618915990656,0.2681090824397342
0.034038550105668974,0.19265037747572714
0.031688524664576834,0.26281375313363625
0.015356993756240445,0.9723990989644902
0.020576082666680318,0.7909701948357206
0.020532598079032627,0.793099749245738
0.029887523044043296,0.3284841575946656
0.016735631253579797,0.9421277608244527
0.0329336627316128,0.22355304966382106
0.02341218516694399,0.6434151902427292
0.030962843439510668,0.2879765669563273
0.019671351731444076,0.8337921717610577
0.027876851441689166,0.414948725815561
0.01845482373451146,0.8852335190847697
0.018910283150309848,0.8669255835875325
0.021859370221386065,0.7257414678769238
0.01800451207002851,0.9020811029200799
0.021597229522777983,0.7393757995002257
0.021690980188828812,0.7345140442564935
0.024427621984703052,0.589511412159851
0.03163636148568005,0.26456536674430126
0.02046624820002782,0.7963365380579784
0.02648961727013266,0.4829602853800322
0.0362126869260036,0.14172018703410105
0.023958145483053306,0.6143493846344268
0.021980440196551973,0.7194051361397131
0.038063692086358625,0.10750523424419972
0.02491878753174892,0.5637823410104807
0.02344277020985641,0.6417841625825879
0.024098016809052103,0.6069295632641725
0.03320748327968506,0.21555904331699308
0.03244767735928911,0.23830177932413232
0.02387878251889547,0.6185654777526088
0.031801104476649134,0.25906318071876266
0.019340403140704704,0.848564164309793
0.01960530657194709,0.8367821746392596
0.024657900331318816,0.5774103326453134
0.02282153145641702,0.6749068488718126
0.02845227319799204,0.38875006836268244
0.039194923024442385,0.09018945734881345
0.02466852382809903,0.5768536176713588
0.03123331629570303,0.2783966560731303
0.030670289511316284,0.2986115435354074
0.03265354804877074,0.23196556695329834
0.019868181104283567,0.8247630958617089
0.02110330488939005,0.7646775855404544
0.021881578314075223,0.7245809085287724
0.02419652344420027,0.601713356789287
0.01905421429749432,0.8608921460227487
0.030526638172184206,0.30393833551985483
0.021509221117170296,0.7439239998582876
0.026266761915123282,0.49452574210628475
0.04623816848641793,0.02692461173337931
0.017171768174078506,0.9296544212767409
0.031199006046735644,0.2795985572113745
0.02412120505544868,0.605700944659509
0.02953411939347833,0.342657423283333
0.037996540065503126,0.10861438515034826
0.03140198522508375,0.27254414556685796
0.021374070313705862,0.7508766350514776
0.018897159323528243,0.8674699812460338
0.01627680452802316,0.953743440554467
0.02768831919222836,0.4237886702886867
0.029227436135912277,0.3553076286457763
0.029857251567708687,0.32968134349200573
0.05108660080067662,0.010436080670819347
0.02930873881354701,0.3519221299249574
0.013955975991806313,0.9899205444444757
0.02651810460718179,0.4814946181372482
0.01610830670597596,0.9576198435292473
0.049550101718200845,0.014236827251530434
0.015487823970268044,0.970114598076722
0.01958809476700718,0.8375580242777259
0.02677407060551007,0.4684548838071143
0.02231101771567312,0.702000104476147
0.026678746099933037,0.4732837394727488
0.023749726919698358,0.6254294399255025
0.03727772365365645,0.12109126836427826
0.019570659644723487,0.8383425081043903
0.029770858091918928,0.333115388073417
0.026132249943325164,0.501887402168868
0.029960906338978285,0.3255950259998185
0.022446737319959498,0.6948180570779905
0.030464636158002822,0.30625889717138066
0.05309638898224217,0.006853376428067544
0.013108170048070161,0.995394200697119
0.01950673453257734,0.8412063371827679
0.03240021722654002,0.23978109608842146
0.021796932810064784,0.7289999855775707
0.023205393138776342,0.654445341082584
0.01656056020066321,0.9467429343747789
0.016212823796762477,0.9552399336377573
0.029820620833171385,0.3311342386514925
0.03676383768599445,0.13071440840668588
0.02578473395913458,0.5193262159761416
0.021366669381466266,0.7512561971541534
0.033751469175273274,0.20033726714122485
0.029701012054861975,0.33591048364053616
0.018885802095190418,0.867940313737656
0.04930787584341012,0.01493828341333184
0.02802290423748721,0.408187594113467
0.027764541689549005,0.4201994773033333
0.01773091311757405,0.9116687310731184
0.03358622859226301,0.20486939132747126
0.022918761726780534,0.6697281602084121
0.03522614986938799,0.1632880463032739
0.019423983264484468,0.8448840795505188
0.03282921420831708,0.22666194133572679
0.05961964171812173,0.001565287175547219
0.014056455908335014,0.9890475984322019
0.028785632852434073,0.3741090084386295
0.03640928075897304,0.13771122624192064
0.020102555689726853,0.8137923902618465
0.03302385792441376,0.22089497165383298
0.036860570104413015,0.12885672629275308
0.02829944235206977,0.3955937385740729
0.020180224894696952,0.8101070704232258
0.02379524385616727,0.6230075386296998
0.03805857192706247,0.10758947210040501
0.025378918253412874,0.539996121719891
0.034773436886591624,0.17402827840120522
0.03313764870386626,0.2175764531454097
0.025439117871909223,0.5369104949135377
0.024150825636562123,0.6041321597105768
0.015492052953048674,0.9700387565754676
0.02290785299357856,0.670309372404601
0.021637942541914923,0.7372665572174663
0.018259181443803896,0.8927120461393834
0.0463133306074891,0.02655100761206953
0.02700364678916911,0.45695825699522946
0.0311351631625999,0.2818452893936899
0.018422009690604757,0.8865045121216013
0.025404733574600213,0.5386721228741256
0.03499454592752316,0.16871446738264728
0.02704686338120582,0.45481510854810236
0.04790629088772569,0.019640574113515216
0.022192400075331298,0.708261119442115
0.02382288904427221,0.6215371037239606
0.033294717631513815,0.21305939277289637
0.022913604520879316,0.6700029392067595
0.026029834566509175,0.5070001527336676
0.034037694472830116,0.19267293847394645
0.01749437173221724,0.9195456589977105
0.03141781303236879,0.27199971347175944
0.04042462658966378,0.0740825606730621
0.01705411550738878,0.9331555373792854
0.023698923639297653,0.628133813590475
0.026492536438327496,0.4828099620041567
0.020060588362240117,0.8157736133050573
0.01744059963528244,0.9212818694684654
0.03203097822596723,0.25153073372006846
0.032412196746146926,0.2394070379501329
0.029200078023330356,0.3564520257436331
0.023406902973695687,0.6436968929024494
0.019252851810085958,0.8523810868827824
0.016583520779496097,0.9461505143292341
0.020807270087237373,0.7795441246167071
0.025306735764599853,0.5437043950280092
0.017351025562784728,0.9241287566577888
0.036918943136952875,0.12774619073240476
0.0306321346260775,0.30001962457244064
0.020869115436912833,0.776459191445129
0.012471811045189074,0.9977165561725402
0.015375675413689005,0.9720801812261126
0.014751327977606588,0.9814642314015518
0.01898070595306478,0.8639878599936432
0.021976624024241054,0.7196052024732115
0.034282625306671366,0.18629906313709513
0.012700736738955082,0.9970232261614437
0.018946738991810874,0.865408263329984
0.0433416886435814,0.0453430141914935
0.02155088214776446,0.7417729559673604
0.03423202654123181,0.18760198282089144
0.027362998285696993,0.43934048989979074
0.02325906325746596,0.6515824650695291
0.01680124870433375,0.9403399033661937
0.014928634556506254,0.9790606942828906
0.026277538390599098,0.4939624182456449
0.01898965964803967,0.8636123758869636
0.02287828559450944,0.6718844805403836
0.028081559143051216,0.40549367955933574
0.040704277461241944,0.07078129606742392
0.014950867982991584,0.9787450085249613
0.0320365212321585,0.2513511752647046
0.030675918831798432,0.2984042100816452
0.03670342331784615,0.13188568024367855
0.02734410837699852,0.4402551165379442
0.02919264285652312,0.3567634924781866
0.019586307364705458,0.8376385139014945
0.04586395783410646,0.028854664909771285
0.027874199235158437,0.415072204818172
0.03549963461570649,0.15706119643220512
0.016607096082195683,0.9455381909737728
0.018644830729090595,0.8777449033740639
0.02628149710760433,0.4937555858897143
0.014271178683192776,0.9870009512995317
0.031816670763480714,0.2585477899036873
0.015542137945953716,0.9691309724752136
0.027318257615445485,0.44150884383168243
0.018727463364312302,0.8744207930022325
0.06538820071126461,0.0003677999585219836
0.023667147783809017,0.6298259005377733
0.021534507021879756,0.7426188637840676
0.03300920727361184,0.2213250611578827
0.042462396890252996,0.052763885184282086
0.022009921117875808,0.7178588512174437
0.022652141580499108,0.6839176296095666
0.03505066392419165,0.16738660853862383
0.021527993300846093,0.7429551971813784
0.02106357102238532,0.7666871962401146
0.01891282322414589,0.8668201052558747
0.033667513202706334,0.20263006225290645
0.03835788721850547,0.10275610185496756
0.019730076291259446,0.8311166190855923
0.020845731582933347,0.777626960503499
0.04381681819750183,0.041723482179525276
0.031015416354919945,0.28609557859815854
0.020390727685133947,0.8000018057018718
0.014478273765718752,0.9847813825414593
0.029659266863374445,0.33758907748708566
0.033014804571448064,0.22116066865361791
0.02122630466673117,0.7584306246412819
0.03777268112677079,0.11238052243210378
0.018915669365596965,0.8667018741812351
0.025231134844142133,0.5475979125142649
0.022067969226753137,0.7148105748659597
0.016483300270642154,0.9487078236132871
0.038692899030757844,0.09756181259209115
0.032880630910591846,0.2251273956208619
0.024796474761607845,0.5701600243924181
0.021837521750607713,0.7268824479852907
0.018872744243129333,0.8684801723264316
0.02319275656558545,0.6551193853867971
0.020155221329135498,0.8112960776412517
0.035904214235896736,0.14820085855408155
0.026232688237128543,0.4963096041553838
0.03640852160797914,0.1377265277318507
0.016872221889810246,0.9383705763237474
0.016296340779018426,0.95328048776314
0.02247693522021621,0.6932176611776336
0.029862943285985377,0.32945600530637464
0.01870859443799755,0.8751833831439318
0.019346243179998557,0.8483081664095069
0.023350102073445456,0.6467263600775095
0.024295507650434034,0.5964805774243113
0.03061168667253189,0.3007762519810975
0.019126188874996605,0.8578325242868277
0.031795452514317216,0.2592505058239599
0.017544983351630794,0.9178929629842099
0.022942602414320667,0.6684577908232303
0.04168255222943418,0.06019936726296935
0.02065525979324534,0.7870764004973858
0.027972327052766977,0.41052033906476165
0.03415720840045022,0.18954170729677144
0.03916347992927738,0.0906370853910206
0.020542232566736263,0.7926284784505621
0.02517913313864656,0.5502816224156163
0.022556884187357684,0.6889768666880868
0.04295811920406356,0.04846085338432088
0.04751803667209742,0.021157898744299925
0.01734897225533616,0.9241933491830419
0.03801977492871719,0.10822954706435955
0.03878062815577438,0.0962383732938154
0.021149363727017034,0.7623428704028553
0.03139348206155823,0.2728369673145479
0.03139758751544952,0.2726955592160674
0.03975674336554463,0.08249868866601577
0.027660768861189122,0.42509106725616763
0.0200031298549192,0.8184744488137989
0.03210988869839493,0.24898368689818862
0.023389304627275224,0.6446354537389822
0.018910190698849583,0.8669294220145826
0.0368964821229944,0.12817257686767272
0.048527400984913815,0.017414329174613996
0.018012984125693632,0.9017762294493264
0.0303010522148357,0.3124436943677939
0.021538259303515717,0.742425076567947
0.027073774479643875,0.4534839320790864
0.03141633717835046,0.272050444230692
0.025431696380148083,0.5372905439060767
0.02136511968586846,0.7513356585981279
0.0178197130637211,0.9086122745498266
0.01663361389405349,0.9448445485878711
0.030261251848723192,0.3139621779030418
0.019180603394989504,0.8555009483344677
0.044791601717380614,0.035077242167049
0.01748011303376891,0.9200080287536413
0.0218193557427363,0.7278305177266968
0.02182743378776353,0.7274089990593188
0.027372326557949633,0.4388892960447653
0.016687073195094493,0.9434304414678474
0.024522593057250353,0.584513176387531
0.02100853466410102,0.769463715562866
0.020538155631808996,0.7928279404342349
0.0232995622462894,0.6494221588216446
0.015937366780932105,0.9613398364505199
0.013697898145831222,0.9919293328206367
0.040051421621575156,0.07869088648696392
0.03388079833440569,0.1968451389566407
0.020021408227935023,0.8176167553373268
0.0322297897579758,0.24515113914630587
0.021985898278881838,0.7191189537530562
0.014970062449861765,0.9784698769068365
0.034615994382366067,0.1778924948562389
0.04780535696880506,0.020025399936065617
0.026025134898648772,0.5072353119706713
0.02192381728027093,0.7223713951961703
0.02217291015337236,0.7092882797805027
0.02620126173540893,0.49795853067474694
0.03893134808876686,0.09399969560221652
0.018643559771399087,0.8777957158963683
0.030415921905283194,0.3080912303248337
0.024425247023855068,0.5896365323108503
0.03741769781427495,0.11857337101117693
0.019224348003418906,0.8536152118668835
0.022577567314348346,0.6878789240419245
0.032037858018587495,0.25130788637158785
0.03055938593284202,0.30271790260383835
0.03989570074720694,0.08068416558754252
0.02585976761089559,0.5155395786576267
0.022749575794295485,0.6787365415458895
0.015005722881140576,0.9779523120199995
0.016692798585479257,0.9432777464647342
0.02944627132163008,0.34624759779603986
0.024959997129695988,0.5616384263828111
0.02242219021708769,0.6961183708366265
0.023781722365482427,0.6237268897867603
0.03409547752896347,0.19115399751127063
0.016769321753665023,0.9412137547577571
0.027721492821624394,0.42222403259315444
0.02060092537914382,0.789750714676359
0.018942344525789745,0.8655915585079572
0.025219606431283847,0.5481924846715973
0.025513911790814026,0.533085956066841
0.01999028914326728,0.8190761529028028
0.03519273030585679,0.16406232482045766
0.026288224096808116,0.4934042463475092
0.030130102003141146,0.3190039735697362
0.02797508749629951,0.4103927857460383
0.015080878681848597,0.9768340300914674
0.027570776720956397,0.42936416307612857
0.018519693366144674,0.88270145028192
0.027885391097215217,0.41455131454505006
0.028620796499977563,0.3812995336281629
0.037817580706407505,0.11161661495077607
0.029752172310358704,0.3338615069606404
0.023275396022851724,0.6507112347955255
0.01711284223359577,0.9314204479671225
0.035554506383120965,0.15583511893749596
0.033978420437759005,0.19424091544672825
0.03362182749340725,0.20388630299393293
0.02003020950697454,0.8172032700168065
0.025111987214746057,0.5537534448698963
0.030038992115789975,0.3225410186912462
0.024249629662779548,0.5989047687420929
0.01913180823027194,0.8575924739949126
0.018156631815020363,0.8965352962422914
0.018467054545963202,0.8847580833307855
0.022453159525591737,0.6944777679787193
0.020466513355537952,0.7963236334038872
0.02545550067702429,0.5360718967169751
0.025336465138492636,0.5421759886956108
0.02561976048025094,0.5276912339282631
0.016326096086919595,0.9525699712743494
0.019241000683369536,0.8528947169713811
0.022559970643494853,0.6888130461389037
0.030990015322677478,0.28700325104406477
0.021464421526963484,0.7462330422126
0.016349655867960555,0.9520027679986273
0.0316776578739163,0.263177932163764
0.03221093599353708,0.24575079082698043
0.02382009158134657,0.6216858804431862
0.04173663290626123,0.059656196424092
0.024177156013518053,0.6027382598904202
0.0288750350064777,0.37024912346117284
0.03211939450443141,0.24867818886856738
0.018922513990938028,0.8664173565720086
0.025006566596938173,0.5592187132491633
0.01989949369450228,0.8233108677220182
0.030118470854059387,0.3194539375938917
0.031925711723189254,0.2549592032906096
0.032456413824287544,0.2380302288838837
0.0314008729923225,0.2725824339188286
0.018545354519801438,0.8816927319674259
0.016620895515269463,0.945177877242889
0.03609651405976777,0.14413334851288423
0.017008449140335002,0.9344874751290932
0.039126963207998466,0.09115927801613949
0.01736609854844018,0.9236536770650516
0.021752257629681193,0.7313274364499001
0.01701709019977493,0.9342366056774847
0.02570969602899853,0.5231243962240059
0.03227369960029636,0.2437588895280257
0.03397697033710961,0.19427940020372872
0.02596100890006464,0.5104487138074342
0.027220862943425683,0.4462537825865291
0.022548152890713213,0.6894402596028784
0.025788008444377897,0.5191607282160013
0.022183238739809652,0.7087439993106499
0.03950181737997749,0.08591702151559731
0.01857414247669903,0.8805563583733657
0.02835586854817307,0.3930573708455269
0.024513710117175624,0.5849802436499465
0.029795403346951632,0.3321371293620739
0.01720583404015083,0.9286220474646597
0.02241458530403989,0.6965211062057743
0.025837135003488776,0.5166805455674119
0.04338214966686055,0.04502450611944478
0.02964242773159087,0.3382678907623836
0.030831007856407744,0.29273378808144046
0.027717052690273247,0.42243322441269754
0.027354300583345648,0.43976146393800003
0.03891022958212731,0.09431072556331495
0.017939637468762815,0.9043999013339403
0.023166477576990863,0.6565210892132286
0.01622366562637361,0.9549884652499766
0.03658649098412492,0.13417700781756692
0.032679586076563294,0.2311734785370105
0.03414241594232348,0.1899270783715865
0.03146234751120003,0.27047222471945304
0.03731651974680239,0.12038903112301493
0.02129238888416729,0.7550587140111273
0.03183232688359933,0.2580302064395369
0.028655732893797248,0.3797675279337967
0.02467771397600027,0.5763721320886633
0.0159931920003773,0.9601484286245494
0.04067172732511337,0.07115900226384873
0.016832617038049502,0.939474061208053
0.022190343808847324,0.7083695109808968
0.017395269083046228,0.9227296851191857
0.039315498423594164,0.08849007753112569
0.01960066527950627,0.836991526251003
0.024132511822022806,0.6051020213428258
0.027948251221961096,0.41163397382160766
0.034444034066800855,0.18219046411804093
0.03845729544127885,0.10119133515364392
0.020362943718658322,0.8013450798575307
0.03651407159284581,0.13561228262283737
0.03832959758069343,0.1032050634550267
0.0228710507301621,0.6722698413728718
0.023744639495815234,0.6257002002027712
0.024478603625739614,0.5868270374715285
0.027678625847516902,0.4242465987181226
0.0219666127338623,0.7201299506718819
0.021362457882501296,0.7514721311426631
0.019167644012674456,0.8560576638388794
0.024320182771705556,0.5951775889137717
0.02488832028483659,0.5653689856412243
0.02750709070555707,0.4324056241723085
0.031246016768079476,0.27795273279740434
