statistic,pvalue
0.018569129332520196,0.969242291924011
0.02974519862156677,0.5682335511767264
0.03230211689048068,0.45427015874689985
0.032352609617132155,0.45218314771350565
0.026617618532765452,0.7041723704339201
0.038973281803050264,0.2323828536180209
0.03185935762125747,0.47284346256893184
0.02287492930906193,0.8573047252590456
0.023785377893464132,0.8232745824117027
0.05189308195915843,0.044485976202112636
0.034907436520513535,0.354874742992029
0.03864626486583789,0.24084489047226135
0.03178136299190926,0.47616595341926077
0.03444984587903743,0.37111501927356383
0.0286191779386524,0.6150728192065484
0.015005105935182783,0.9974836009048047
0.02984559969976075,0.5634557020810227
0.02934995933053053,0.5872777697425987
0.029222046564211235,0.5935211556319112
0.02409045203994631,0.8112819728251758
0.05702134380802143,0.020267149080686147
0.0293176874299228,0.588849276710691
0.03183208154870565,0.47400366976186564
0.023962669889146304,0.816337871951047
0.02017725832717418,0.9381102527039273
0.025365654468321508,0.7586280400595099
0.041810510352056074,0.1682545460063606
0.026940338332704594,0.6898779851417964
0.022695578102969988,0.8636617462808278
0.04552092079669062,0.1066027431151704
0.013696216888209989,0.9994250698767945
0.032735690114522265,0.43655687140197763
0.03050537179432694,0.5326681681849785
0.02807101861442099,0.6394845051957387
0.029977655411970616,0.557208630432061
0.026015877586864827,0.7305887008339669
0.025746474515471962,0.7422811358095797
0.04007460192396314,0.20555738418584335
0.021236574128222996,0.9104058715343857
0.04819384404970395,0.07491866280849448
0.04269239744215003,0.15148833188370006
0.027795612994893554,0.6517736955084259
0.056397121850287224,0.022390723369824266
0.051982717792606326,0.04390671165995647
0.02920806337698313,0.5942060309472549
0.026075500334831747,0.7279884375671346
0.02050382862818345,0.9301675192442345
0.024909656305749484,0.7778673582315574
0.04008749694858249,0.20525823816966823
0.026333708822863372,0.7166810023039394
0.03215775391542808,0.4602722448083548
0.027363457663812096,0.6710521185293916
0.029831232894203447,0.5641378904254113
0.029789506032166235,0.5661220639725061
0.02567775965889596,0.7452473895107169
0.024373611905237347,0.7999195680256608
0.030590552887424682,0.5287708777753533
0.02367266066609791,0.8276356790127527
0.022654610141145615,0.8650965339248489
0.01993508019996465,0.9436484071208878
0.0327544604257457,0.4358006349825685
0.01927547694466125,0.9571996006550877
0.017126583632539202,0.9864047655032964
0.022505204372325505,0.870273246352093
0.026229200379551454,0.721266290365816
0.0384390031962738,0.24632866701765202
0.039139362117324494,0.2281735823075515
0.037511123510002964,0.2720482891537061
0.03495170267194381,0.35333090414295937
0.041395333636259746,0.17664467655718794
0.016693900705255227,0.9898263172355268
0.0331965055470822,0.4182454796093534
0.021517432368129863,0.9021435348759599
0.05079952826167933,0.05210490887688918
0.05506657750845084,0.02758819174938992
0.028570804499689316,0.6172227222925126
0.04413273068718793,0.12702394710338086
0.020746685764921446,0.9239115698395756
0.033897708723141684,0.3913973365765071
0.026675514814122392,0.7016132594740383
0.026948107431784607,0.6895330558591044
0.020144247516586722,0.9388828665673953
0.02837814111677528,0.6257951075264031
0.055092249601524146,0.02747859625324165
0.04319603791473636,0.1425342341730717
0.0244599390370569,0.7964141565571045
0.02309970823983104,0.8491684264664188
0.05263966886115984,0.03985775529408028
0.018720674299898765,0.9668703146174417
0.017954604876612795,0.9777147598473019
0.025126150555661142,0.7687828631043465
0.034659301876454496,0.3636174988654966
0.03310569676476044,0.42181200006490926
0.04139894237527164,0.1765703439640842
0.026277218806887936,0.7191608867081782
0.04729985629672501,0.08448734780911481
0.046383471244063945,0.09534320581435647
0.039741912068427254,0.21339345315240282
0.04253555944967602,0.1543675234122289
0.047370879775715025,0.08369126172849128
0.04328647818478365,0.1409726762759457
0.026851442742173548,0.6938222615585521
0.03868635058614689,0.23979513303897257
0.023472025271891128,0.8352998561694116
0.041409278126061266,0.17635758616439595
0.03179874195409271,0.4754243137649784
0.026107957520631886,0.7265711404264537
0.034483926672382204,0.36988774200413976
0.03904222995003698,0.23062819740238844
0.04226403158349101,0.15945611561149525
0.04346685915485171,0.1378996360538117
0.045785375079739565,0.1030389561263807
0.027577896655750056,0.6614891887509023
0.02641407030618892,0.7131477634634065
0.031036720993797395,0.5086493869238555
0.03321906639810357,0.41736259118980545
0.021014707616545558,0.9166673896145513
0.042101194643208384,0.1625717546365189
0.05352950297111092,0.03489474442933253
0.039812581566461,0.2117098145520361
0.03774815844023077,0.26529405938037814
0.017629337666417277,0.9814845666111037
0.02148923063634489,0.9029898553525044
0.028290703017080032,0.6296899595516895
0.04786607038533275,0.0783145582090052
0.04079124981759874,0.18944150488252187
0.02385534397612671,0.820548181732473
0.05098887726103096,0.05071020423417279
0.027437016537097514,0.6677728512280183
0.038138186422658316,0.25445608035150635
0.03795123971280781,0.2596083269046861
0.027243976972900208,0.6763753136680648
0.023571009661598974,0.8315347568700319
0.040838472916865654,0.18841552290015834
0.01543120768084838,0.9962522678220699
0.04845352674416725,0.07231759696784577
0.044752355105168284,0.11754403754104144
0.027991511412944037,0.6430315627793528
0.025755741455877335,0.7418805807896408
0.01868941811180158,0.9673688891060914
0.036408759647829414,0.3051579965111555
0.04818686028412861,0.0749896953997595
0.022775308743511857,0.8608508389359346
0.0220803317944267,0.8844981692923763
0.023566616867758933,0.8317025159173035
0.01845915854382374,0.9708924347310706
0.030863395035892305,0.5164077521036076
0.02006051621327465,0.9408175308420935
0.03739384376395505,0.2754374050101251
0.028658900717686953,0.613308202216228
0.0297161264208069,0.5696215728029004
0.035182910490321906,0.3453448859313002
0.028365154939219428,0.6263734109168397
0.024685308055501842,0.7871774421087314
0.020894990290998394,0.919946820239136
0.037172182863024594,0.28192893041066885
0.030555635139413534,0.5303663132705456
0.04046471599464496,0.1966567287609681
0.033584754118913485,0.4032288154465735
0.03487842701010585,0.3558890834358097
0.026489179183842304,0.7098400246350427
0.03535022188187742,0.3396469336063103
0.03902506359589941,0.2310641081165211
0.03441999589563188,0.37219229068987
0.03601160514028712,0.31778412949483936
0.04162218795442996,0.1720200274612968
0.031549100213828285,0.4861499289034281
0.035575306210008484,0.3320883743885914
0.03707084963364171,0.284934224479105
0.0294620514843138,0.5818386673463294
0.021300386775402913,0.9085612581793981
0.033104944100872835,0.42184164696381976
0.04688070765017294,0.08931635946564437
0.04221574865303335,0.16037490131637636
0.028871685153404048,0.6038695781431448
0.030677639807945356,0.5248048341298066
0.029876542025897457,0.5619881438532119
0.03639793959889387,0.30549703269730516
0.04671863397302867,0.09124469575530583
0.04973503647041577,0.060577094930810226
0.05311736831233049,0.03712178713762128
0.032026896609946176,0.4657577981722837
0.02708854955538542,0.6832923364761171
0.027688527170005472,0.6565527560999305
0.03980007902443028,0.21200692269103769
0.025943228516684402,0.7337511551960092
0.0426424723953569,0.1524001096180351
0.036280592123225125,0.309191770597901
0.029749347363070222,0.568035640142105
0.016295534025347558,0.9923784749532379
0.02392500878114745,0.8178191107574196
0.042118888460853876,0.16223086765821917
0.044148948754730244,0.1267680749962129
0.034356660196279254,0.37448531503164406
0.026690906870654563,0.7009324809484947
0.022702187226980558,0.863429670853075
0.04847786542787891,0.0720777912218176
0.043501508914946085,0.13731560915113533
0.03061274835399974,0.5277582975513455
0.039869586709667004,0.21035925402633004
0.0455695879903209,0.10593933474598465
0.03183987583298653,0.4736719449166759
0.028508513283495573,0.6199927029331327
0.03406912045064414,0.3850199832066371
0.051091917140443144,0.049964869934940884
0.05011143303834964,0.057455405896882486
0.020179502999973287,0.9380575138168045
0.033229317689652205,0.4169618402192452
0.03433971586772663,0.3751004489230389
0.022676782513973648,0.8643208179351191
0.028193785950338612,0.6340096084181637
0.06772536231842441,0.003094919739759799
0.023561505835149738,0.8318976265895429
0.030129156192659823,0.5500938332750391
0.043240832448939615,0.141759060278313
0.04235106625895452,0.15781058321978061
0.05704688337662145,0.02018421896642919
0.041150081366022606,0.1817548282794829
0.05067552343991166,0.05303612935529849
0.03187099143610517,0.47234917463251697
0.050452724428245554,0.05474532062707872
0.03122947334025683,0.5001088185665067
0.04385104490713698,0.1315359078044037
0.03192639173808359,0.4700000056354534
0.029037048568795187,0.596552929561061
0.04273860017409703,0.15064845660072856
0.026054789757530783,0.7288921503115544
0.04280840563131111,0.14938665641859278
0.029832935664993898,0.5640570105743155
0.0243570649005988,0.8005893333970269
0.03337637629973078,0.4112417565181507
0.030050206954253644,0.5537944918914623
0.029439022766990508,0.5829536495133789
0.020156386267320636,0.9385994094414597
0.03713066894300976,0.2831572649684213
0.01880645687135546,0.9654768581691711
0.020730585108551858,0.9243354444196252
0.02171669792433356,0.8960595100660158
0.03452014699451256,0.36858655138353585
0.03479195538910285,0.3589248414520886
0.03823833871510629,0.25172792886064127
0.03165673183383946,0.4815065972342165
0.03204043440238258,0.4651883091070376
0.041219477750803646,0.1802971358636618
0.034899755296532664,0.3551431228766527
0.046235441220807916,0.09720174824296483
0.031686820277427974,0.48021371423033826
0.02225057085181953,0.8788886859039202
0.03930845975019344,0.22394836236241694
0.027382655484334883,0.670196408841425
0.04089942511897626,0.1870977384630968
0.04896827064970327,0.06738790717649522
0.030788161396367864,0.5197984413782779
0.039874813856765834,0.21023574909258366
0.036325106100697224,0.30778639586288803
0.05016160736092684,0.057049901266820434
0.021043054970417863,0.9158806245551144
0.025229114056325885,0.7644301605181472
0.022995252108689024,0.8529723382619305
0.01956521440312986,0.9515234785467354
0.03488480819445949,0.3556657838337221
0.0322222516282436,0.45758422996540055
0.02698228732508967,0.6880151597238993
0.01688616189002895,0.988393776705861
0.02981579583650834,0.5648714546334006
0.03615855008402169,0.3130689046438714
0.023095780226549678,0.8493121795366017
0.028957760283336853,0.6000589190788906
0.046381149676218536,0.09537212269965771
0.05925652051617902,0.014058287092009198
0.021275150112905428,0.9092930805472209
0.042484977205117846,0.1553054337010714
0.033868635583311046,0.39248622250133386
0.03564237118256519,0.32985990107519614
0.02804240285497306,0.6407610378071477
0.03666790662138919,0.2971201946023793
0.022681750383839128,0.8641467515624615
0.030077923565250964,0.552493578330686
0.03418180978140961,0.380867015017792
0.03203804824356743,0.46528865350232673
0.03462993511670642,0.364662190996564
0.03899904907022006,0.2317259091054784
0.03449329532673748,0.36955086998244363
0.03734451410578543,0.2768723122393792
0.0193698684980953,0.9553978861200989
0.02316325707701794,0.8468351284388745
0.030105613671483733,0.5511957754015409
0.032609009785981025,0.44168371309765475
0.02905522033459984,0.5957500009606574
0.030943063503822477,0.5128324303041206
0.04246882243378086,0.15560594365413616
0.023522399697084806,0.8333877058430342
0.02055465651266397,0.9288826877976035
0.027752091842134508,0.6537160161393683
0.03669134873122626,0.2964008784855924
0.04688687844742012,0.08924362075082629
0.029616851381478737,0.5743767071940717
0.0365343970718795,0.30124146501165144
0.026876781107295855,0.6926984810792995
0.04155531888034486,0.17337309242210006
0.0411436287947748,0.18189083904627637
0.04704117143777525,0.08744097521440486
0.020296581977187755,0.9352710248504547
0.029331945706122964,0.5881546519226664
0.03381387447568507,0.3945429029156699
0.060739726251392345,0.010943315319372152
0.032779795880111456,0.43478129179698816
0.04293618169309321,0.14709908646490935
0.018443801436676524,0.9711181496862514
0.02498263308746973,0.7748157084607227
0.028923863413474082,0.6015590271821788
0.02936318364413515,0.5866345183372158
0.0330091303153206,0.42562723121265394
0.027469602174720165,0.6663197711824016
0.03510666292396647,0.3479641233177573
0.025641094243488594,0.7468272891559526
0.023074472371822252,0.8500910205443721
0.022080010128786465,0.884508651620954
0.057031342716725886,0.02023464530761387
0.017218762226494433,0.9855815077760834
0.02262842534127374,0.8660101590881185
0.032557461979469404,0.4437813691546382
0.039139499047822934,0.2281701361978705
0.05962209049266354,0.013224210869239238
0.039821963394698845,0.21148707906780803
0.02486589831670305,0.7796918294807573
0.03996930009818522,0.20801297738177713
0.019128886567517878,0.9599070381101349
0.04864892307541169,0.07041136447058909
0.02556911682656504,0.7499228068052803
0.02569403262269132,0.7445455503700673
0.02114586407892527,0.9129945459012025
0.02703641831089043,0.6856100028784498
0.029324185169532724,0.5885326642492165
0.02280719361666861,0.8597199369714815
0.054827138445018686,0.028629100807814126
0.024603204263645262,0.7905563759022685
0.021766603433233445,0.8945075286021372
0.03098189051028155,0.5110956582485291
0.03323108969571431,0.41689259423249975
0.03210185140999744,0.46261045165970516
0.04708355848038864,0.0869511456334255
0.02458706982080211,0.7912185309481575
0.04077528954338827,0.18978925538086944
0.02720909849711506,0.6779283478753795
0.033844898794546024,0.39337679902985984
0.026196057006213413,0.7227180563448838
0.02473631133623222,0.7850706522130065
0.04251240408574386,0.15479630960115057
0.036744875435777924,0.29476324140693366
0.038280144516087966,0.25059572318208495
0.029963330605807803,0.557884239970116
0.03843231428026403,0.24650721386907473
0.06298485538896159,0.007402356355530619
0.02935291425452441,0.587134001391628
0.037494206019605736,0.27253522870204544
0.027791749159761292,0.6519461368022438
0.026400337623349618,0.713751982044211
0.03783963946058991,0.2627213448719421
0.029539725928908522,0.5780872686810841
0.03166460166693508,0.48116821720038755
0.03437657100894553,0.3737633927235669
0.031308428645547615,0.4966370345488579
0.031173157873104262,0.5025945480621776
0.029328584061339535,0.5883183785360928
0.019277935545202296,0.9571532524265425
0.036384828647176126,0.30590822241081156
0.03452288612994803,0.3684882810382203
0.027753161585330643,0.6536682746311473
0.03679579613334649,0.29321154675432615
0.0368318874809625,0.29211540631307686
0.038345433446477895,0.24883527361805075
0.0429297696265287,0.1472132028421819
0.028365916558565907,0.6263394927614155
0.02457841313073983,0.7915735467501882
0.03507797569747628,0.3489532421468681
0.028485949409551792,0.6209964772877012
0.03876416645208064,0.2377672907380993
0.02146804135204733,0.9036233070354497
0.037197095402967395,0.28119371304446156
0.019774867181041933,0.9471462768580858
0.022626186129753784,0.8660881639197087
0.024746228914416857,0.7846603067430854
0.018972438139973236,0.9626754664944833
0.03641859830825711,0.30484995097417744
0.041755809696838175,0.169341440022848
0.023422243927647246,0.8371813382348238
0.014856594402872347,0.997828328805978
0.02417451928612091,0.8079309412713129
0.03371020850773887,0.3984567039651662
0.024697414896676095,0.786677879025798
0.03288588872775554,0.4305301849479038
0.029623433279228673,0.5740607093058975
0.04130386475165565,0.17853705339535922
0.03357941301296132,0.4034328522838886
0.0369530208317676,0.28845859760901665
0.03853029904821814,0.24390154130125857
0.025210664118856474,0.7652115791597223
0.03662494720586884,0.2984417352556596
0.03283615370364101,0.43251955045716134
0.03792611425149073,0.26030674561322653
0.03080708809355376,0.5189441228393559
0.047366261797065656,0.08374283087976005
0.027525032802554028,0.6638474831762619
0.03365910413519191,0.40039592075517094
0.029280082922769013,0.5906835902960121
0.02010945469971026,0.9396911439557112
0.020158286058743813,0.9385549782935103
0.02465583154587425,0.7883923253667182
0.025324339506436977,0.7603871723654885
0.045118058518156534,0.11222769680501143
0.03412585537585616,0.3829251912723351
0.04416717749145832,0.12648098433818758
0.03793368001266639,0.260096289241457
0.029367195815000247,0.5864394425537859
0.04108293604880864,0.18317409773550086
0.02434755710466885,0.8009738601068672
0.023032164322927984,0.8516326275568276
0.023151283040433124,0.8472758657988353
0.028120851610125563,0.6372618104137482
0.03532678171353043,0.34044112215485495
0.04290258976635308,0.1476977209232907
0.023992746893940486,0.8151519902910638
0.025431168928803483,0.7558324841675415
0.04720922918920639,0.08551241370542345
0.021339105068816422,0.9074326260599495
0.04001687624331124,0.20690070724994833
0.04431714769985795,0.12413920169380933
0.017629339841849445,0.9814845429831393
0.02704571605088768,0.6851967362689548
0.021349585023489187,0.907125919139737
0.027184779112293667,0.6790109488088379
0.02991722981291134,0.5600618987731498
0.027875177972874754,0.6482227908561567
0.031425833062943775,0.4915032194113118
0.024997483288966338,0.7741933803510985
0.050182766539640156,0.05687963313002805
0.0315343048017917,0.4867904725071817
0.02918234660125696,0.5901394081771552
0.019383100362595496,0.955141658817283
0.020032228368644378,0.9414630053661608
0.014472628365082472,0.998548828796658
0.030269724287769195,0.5435424616243882
0.036916988660879446,0.2895427828134066
0.02852600236447017,0.6192148283521024
0.0339429284437448,0.38970787261663814
0.027887888850068654,0.6476555367529475
0.04755787624745633,0.08162542228009581
0.061476457708466936,0.009640853112883117
0.04293579075687412,0.14710604196019988
0.0441187807800244,0.12724437247803363
0.029174518099536695,0.5904845701251616
0.03673430861840221,0.2950860001682626
0.041433055800708884,0.1758689037328732
0.020974477820850823,0.9177772276685701
0.02652588281052093,0.7082218080986376
0.041985858363912165,0.16480788226721646
0.0398992342602027,0.20965950071412637
0.0223904972377148,0.8741871556989678
0.04814252609339681,0.07544195546850911
0.03619590103714743,0.31187855656355395
0.03786312131734412,0.262064007854199
0.05394911560919935,0.03274844560469399
0.034363046299501376,0.37425366251090786
0.026981198751352964,0.6880635118953364
0.03472957738124316,0.36112610978485515
0.04191231073610269,0.16624660955770726
0.02107534636595776,0.9149796408071971
0.04110683417316069,0.1826679553551065
0.0415087463918723,0.17432045587001094
0.020342041328246796,0.9341702449505861
0.027115757436576238,0.6820822220385725
0.027674148282265637,0.6571944195444888
0.04147899017275747,0.17492789910868797
0.028584646778395256,0.6166074093046425
0.024091136557637005,0.8112547654628504
0.03481570999806327,0.3580890661522895
0.027157495939585163,0.6802252095209549
0.0333729670854617,0.4113737531471201
0.03782870746162159,0.2630277921653136
0.03327143087833051,0.41531827038514646
0.05241216853680597,0.04122144219682998
0.023145178470531436,0.8475003669140677
0.023060564164054165,0.8505985138601336
0.02026959658099331,0.935919485619046
0.03370006337289089,0.3988411569665368
0.041244039629304785,0.17978343005908837
0.026039522998899445,0.7295579917323096
0.03205924371339182,0.4643978247634501
0.03147368088117619,0.48942077767930786
0.02766385672963112,0.6576536744933293
0.024426180206379072,0.7977871913249984
0.021609809844482797,0.8993456244482303
0.022485213478123822,0.8709591751045582
0.04647490361397,0.0942101582408939
0.02925466786330952,0.5919252201865759
0.023760213655135753,0.8242515691544492
0.0711331459348476,0.0015900829339627778
0.02840702198032652,0.6245091843814634
0.03523992243287899,0.34339565906515235
0.022797121533736586,0.8600775935371595
0.01645542889753049,0.9914188520826953
0.044333717043749554,0.12388266646946686
0.0176388590285651,0.981380952811255
0.04144456338227065,0.175632784595011
0.016358897362989122,0.9920082407813051
0.021260050112503537,0.9097295097640077
0.03790755689915426,0.26082349856411824
0.026194369301629217,0.7227919503448177
0.027138670427099054,0.6810628778690953
0.0395114805265489,0.21895553993847042
0.04608631646090883,0.09910450460187287
0.024373857271762445,0.7999096312000906
0.03355638351459078,0.4043134202203831
0.026563490580500948,0.706562542582509
0.02466183440305003,0.788145077682924
0.022792548396332823,0.8602398572627962
0.022333878154087994,0.8760992996407465
0.02935967163173729,0.5868053074459547
0.021389658000477207,0.9059483710461244
0.037213525817569426,0.28070960183348187
0.03783159612564385,0.2629467905763519
0.01944525630947147,0.9539259815827765
0.036883118200707665,0.2905646742221295
0.032786877732987496,0.4344966483080401
0.030740486192383287,0.5219543340338709
0.03633270058311283,0.3075470944173446
0.020785211813119875,0.9228920846889357
0.0341218305124491,0.38307353665376054
0.022643740400461576,0.865476119929107
0.030642848826054336,0.5263870188712846
0.03379570843615165,0.39522681454929726
0.03819572430325746,0.25288602286284495
0.034028485438607814,0.3865252227311891
0.022507240305127962,0.8702032994052047
0.03999632056644803,0.2073807029726093
0.04357373250310248,0.13610473447313146
0.021804913322877928,0.8933085667534185
0.03382109896430363,0.3942711443818918
0.048087161761757535,0.07600997851986004
0.03694662027799217,0.28865096602042795
0.026382013708650953,0.7145579317607971
0.02037414272859872,0.9333865897158632
0.033385176376034,0.4109011724421715
0.02772764637116293,0.6548069813996287
0.05104192483737391,0.050325296234671225
0.025668308853232125,0.7456548141684323
0.033750303749714994,0.396939784711566
0.025821156647091136,0.7390496193451792
0.01860383015678546,0.9687092208988275
0.0167690215581896,0.9892828223004637
0.026955681792386554,0.6891967404322815
0.03229289077572095,0.4546521892993304
0.025066854663109095,0.7712803460357803
0.04475656250473159,0.11748171436644356
0.0314791061653838,0.48918501692276856
0.024844189338812273,0.7805954627011733
0.03084226823101055,0.5173585007602554
0.05044265633236267,0.05482366465867788
0.021416082599587716,0.905167755550411
0.027977625123589367,0.6436511560211275
0.0309518912912784,0.5124372267792677
0.038150801415859914,0.2541112200879275
0.029703604180308707,0.5702200620580474
0.03768168252939749,0.2671754140690455
0.04298011988911632,0.14631903489828346
0.025796330562542713,0.7401247183921087
0.0440539832911524,0.12827235803336037
0.026257451301718526,0.7200279002731631
0.02828717479822529,0.6298471697919338
0.026928800798382002,0.6903901617292778
0.0455798973945718,0.10579924228010883
0.03219858349817217,0.45856941880629504
0.02227204626414947,0.878172382861552
0.015385459044015448,0.9964032212592271
0.028342777593895474,0.6273700540202753
0.021602313983104027,0.8995741194382342
0.02394689151434154,0.8169589458231894
0.030490482169205524,0.5333512429808243
0.021365706452539213,0.9066530978433636
0.04048140651735094,0.19628277498434057
0.02204912153397287,0.8855131658118274
0.042817743722199764,0.14921851020565396
0.0265534670275418,0.7070048998360811
0.03519766155383003,0.344839792881281
0.029447895241834,0.5825239203276649
0.02670007852285472,0.7005267434656459
0.02232802306304721,0.876296285996148
0.026059902759144937,0.7286690903283253
0.04532389381505353,0.10932382038922007
0.04112899672607656,0.18219956001188214
0.018556260619257414,0.9694384668502978
0.02295582437822985,0.8543978633912428
0.03315131390429377,0.4200178123781744
0.04037711414862344,0.198628630888684
0.024015056228168158,0.8142707066675257
0.023435314437388777,0.836688129752591
0.03648647677485772,0.3027309137247286
0.058994174252794684,0.014685682065807958
0.028375336165686438,0.6259200134599792
0.04393129136396057,0.13023741587474144
0.020933788430347766,0.918891702996459
0.034786195755587446,0.3591276948056143
0.03445158221045236,0.37105242343735845
0.0336292231964877,0.4015327963849199
0.02320904727827612,0.8451450574029596
0.033719470708149846,0.39810593334624006
0.039395663310416607,0.22179313663567649
0.0293330105596962,0.5881027945756397
0.028227346787785074,0.6325135077358431
0.03362324112810933,0.4017606619504917
0.04221476320656914,0.16039369767707282
0.025987248502187588,0.7318357302097267
0.055641514250623136,0.02522410332827203
0.018346005445486202,0.9725285610958031
0.03163523714479011,0.4824315929349199
0.0263318700621602,0.7167617734444044
0.01941389142819472,0.95454191874785
0.03140957532740474,0.49221208764049446
0.021334349620101445,0.9075716283435353
0.03648480821728625,0.30278287282416844
0.04018596757750542,0.2029850484421592
0.017740672792984802,0.9802478662327115
0.03992243635908699,0.20911313991260197
0.030534433975174413,0.5313364828748077
0.026764017956383723,0.6976965134878014
0.03246568282950468,0.44753261435703007
0.03240316602560034,0.4500998880974397
0.030138916475538458,0.5496373848495264
0.029067504832701485,0.5952073333341243
0.02441732572549382,0.7981468500750877
0.02556450011447986,0.7501210818721096
0.02224474789867914,0.879082575956297
0.031731438011512125,0.4783006696822119
0.02407322272840362,0.8119663538771478
0.01687550709998098,0.9884767671147564
0.040510886399957036,0.19562363646547037
0.02333268094932428,0.8405456361513755
0.022813425097839013,0.8594984666418662
0.07692372588384178,0.0004757225679342218
0.023888123820515472,0.8192658281243363
0.04193289023155841,0.1658430294603011
0.017024007088203202,0.987280954502811
0.026044502032617323,0.7293408679697119
0.04615602593991197,0.09821121779414332
0.037802569059170454,0.26376159893173834
0.022060200164756905,0.8851533549291244
0.03144845688050446,0.49051787165714983
0.02226810954771402,0.8783038343617866
0.039261341235815816,0.22511959493956546
0.0286182456352142,0.6151142442142626
0.06834119658641824,0.00275063735157734
0.04150518304611417,0.1743931094977943
0.021149324620457655,0.9128965134817422
0.05092285287690812,0.05119282025424422
0.026155680609796228,0.7244850248375118
0.03264465475816947,0.4402370814031855
0.03776419794553751,0.2648416164273623
0.035247610129497314,0.34313342217023673
0.04837000006809128,0.07314573247405741
0.033632307060604494,0.4014153623360583
0.04329024029364964,0.1409080208945749
0.02962370298776576,0.5740477627811148
0.022840812703804114,0.8585233575334035
0.021764924962400012,0.8945599083692433
0.023285453238240383,0.8423087849673929
0.024522254283519063,0.793872314623345
0.031456326817732194,0.4901754063332316
0.01812148544858777,0.9755921960711067
0.03391779068081302,0.39064642435533486
0.057790742590924316,0.017897728979055574
0.01739841090756672,0.9838768321240051
0.04786768322444018,0.07829753498073551
0.03026468441235286,0.5437765183492551
0.05391502307892476,0.03291839511568483
0.029225136092278836,0.5933698978805939
0.03987907714677974,0.21013505955257153
0.034863773867197745,0.3564022240792648
0.04084441788737181,0.18828667177726574
0.038831029302933695,0.2360353796364697
0.020725411872846766,0.9244713640700285
0.0344882378074437,0.3697326981701646
0.026760033390630933,0.6978729703213133
0.031946546576045814,0.46914726932433637
0.029864819200393078,0.5625438710266655
0.016630929035079456,0.9902662252439968
0.02524522982306454,0.7637470887347519
0.02201813344398118,0.8865167804775077
0.04246071857782413,0.1557568670070135
0.0325723508247856,0.4431748091917366
0.017245019422196486,0.9853406866212979
0.02748165720805079,0.6657821488064573
0.030240794954646655,0.544886812235864
0.04511067055149354,0.11233309803327407
0.01917999422264627,0.9589756055448047
0.029319355542553716,0.5887679857294206
0.030528820629479037,0.5315935356007874
0.06211909233209639,0.00862123481981362
0.01616372241748054,0.9931076672344034
0.03412710456708068,0.38287915767066527
0.024895892938387232,0.7784416529150631
0.044220272348311274,0.12564780695550945
0.02140132563414987,0.9056040982071235
0.02165886086324098,0.897844074630602
0.02659186389389484,0.705309932229657
0.026983955465114562,0.687941063214182
0.052497815823487004,0.04070335633729604
0.043700837220380095,0.13399485219285162
0.02923979779806407,0.5926523963084256
0.026555065184795,0.7069343758738683
0.04287973223583735,0.1481061841515166
0.025426409055603783,0.7560358376635343
0.03604225820817786,0.31679627877401134
0.020446195828552588,0.9316085941827376
0.03820637431991547,0.2525962189834577
0.015568598389456095,0.9957694055476662
0.06482089553658749,0.005320446047875483
0.02168445692380233,0.8970561778164106
0.02710050580407497,0.6827606037976981
0.02484818189405169,0.7804293490609877
0.028909747796257435,0.6021839279441646
0.037388810954048446,0.27558354486015574
0.0279399619448899,0.6453317520909447
0.05408622992568368,0.032072694413537675
0.029572468262649365,0.5765102660183297
0.037627734719899275,0.2687095620690545
0.03232906502620514,0.45315552124008174
0.0527205448549275,0.039382534928302834
0.024579979638820304,0.7915093165102061
0.03293383058067867,0.42861839342478464
0.020522301367925877,0.9297020697620962
0.03329056706495115,0.41457289529449065
0.01939647702395375,0.9548817115310307
0.0249804993627257,0.774905089643034
0.038249420174507165,0.25142743795000544
0.0449966437937096,0.11397026990125252
0.021457356510720227,0.9039419372550459
0.03249012989429911,0.4465313441461465
0.0526508646203534,0.03979167317813322
0.03564333142388876,0.3298280722524758
0.0367865156623286,0.29349389746080934
0.037858148977282124,0.262203097001446
0.03844717209088566,0.24611074869247057
0.030120633852479206,0.5504925779844538
0.021809169761672575,0.8931749504915782
0.0250129715013494,0.7735438383881001
0.0574333694526748,0.018965639640369143
0.029581917069087194,0.576055652050661
0.031195638069905912,0.5016013427453166
0.03433311587910623,0.37534024142691313
0.042367939278940836,0.15749315452819893
0.027163147860413295,0.6799736905979128
0.03961105849370228,0.21653834410529174
0.022704000041423977,0.8633659854614438
0.02059232672740907,0.9279220683221016
0.04799819829332702,0.07693030406364451
0.033446456107218636,0.4085348486810014
0.08040363080327961,0.00022011478839592844
0.03316832414402207,0.41935010423686475
0.032748642029838626,0.43603495798264236
0.020743847235806467,0.9239863920886652
0.026511971880974594,0.7088352599824098
0.024520018856393905,0.7939636612867462
0.03911433280916887,0.22880416414691715
0.050014141351240715,0.05824876695039355
0.03824160409901711,0.25163935463043907
0.039020529577676544,0.23117934747233895
0.03512766437301837,0.34724127565741414
0.01702760114773713,0.987250955953983
0.058263052951145755,0.016568917900644412
0.022388841664336856,0.8742432543377695
0.03386589872208201,0.39258883503959896
0.04285816353876398,0.14849245216073884
0.018371630999044652,0.9721634848200102
0.04401266130732451,0.12893145353816998
0.040031201584837084,0.2065667084165439
0.06061500680864862,0.011178917689080685
0.0480229941926128,0.07667284782833843
0.042507350776290975,0.15489001296413826
0.04468354498872873,0.1185671735558769
0.03517333515145127,0.34567303937321614
0.02431340430921214,0.802353198308221
0.05661295035240044,0.021635113571557237
0.023419168138244073,0.8372973192957109
0.02666777363557077,0.7019555794076116
0.046410214248915393,0.0950106293252799
0.019312473736933233,0.9564988754226552
0.04376102880372856,0.13300503751138296
0.03877426549614682,0.237505079307371
0.050035783225747144,0.05807148058053735
0.029293309299020298,0.5900380357616949
0.02641571687286759,0.7130753050448793
0.02829027728282449,0.629708929211972
0.03087218258465063,0.5160126193589173
0.035676706620843324,0.32872317319245453
0.01931128196529197,0.9565215573830368
0.026874703381368492,0.6927906448662637
0.02199413674239381,0.8872911066987176
0.02453207990622186,0.7934706653381978
0.01941237701141396,0.954571530305416
0.056017696860708344,0.023776070502524595
0.024429896918558014,0.7976361644487231
0.018619624760776235,0.9684646108417897
0.036211712397320794,0.3113756573768081
0.028020188609090058,0.6417520858177166
0.024660739874833637,0.7881901656664348
0.019103227697413683,0.9603696352838182
0.02864373958344113,0.6139816204866423
0.03445476189699204,0.3709378129852695
0.04592089151839318,0.10125145555928174
0.025490245573521975,0.7533054412394049
0.03474738070127381,0.3604968732845079
0.026237407958944192,0.720906594954938
0.023298871164552315,0.8418086264577589
0.03269358787905552,0.43825632898111583
0.034368721197925,0.37404789293153157
0.020830560270386322,0.9216826378202452
0.019758001522780733,0.94750679571268
0.036950436319207025,0.2885362635935145
0.038254798691925274,0.25128168926235656
0.05126049279511857,0.048765897677911015
0.022302261442059546,0.8771613165803402
0.04617968389514926,0.09790958480853137
0.0277906413726543,0.6519955768534789
0.040646258811119995,0.19261913058320532
0.03537223590559724,0.33890227672222767
0.020202796517609478,0.9375087075322895
0.019833682793823026,0.9458775551572146
0.034594994529999035,0.36590792446968107
0.023276114824605343,0.8426565148279925
0.027815538838845744,0.6508844141132815
0.049168124265886015,0.06555262693053916
0.028266024891959785,0.6307896405239548
0.0665505256483056,0.00386427925064732
0.02015282283206321,0.9386826990045616
0.03208837828065225,0.4631751530119831
0.027581502514853695,0.6613283138272191
0.03274157117551513,0.43631983483378506
0.02503466270919108,0.7726333437824779
0.046199051559546456,0.09766322748448202
0.03304202874459744,0.42432483723028463
0.04150131935824103,0.1744719140428977
0.027468768785778086,0.6663569370190298
0.03404943966122195,0.3857485066939596
0.032090771681032304,0.4630748049363865
0.024131097308203397,0.8096642138629352
0.05506050068146856,0.027614190467136708
0.026242908208626965,0.7206655076780584
0.048247536577767036,0.07437445289605213
0.03685958251135402,0.2912763308338419
0.0289746340770477,0.5993124424571659
0.04178558806888519,0.16874905597213474
0.025771028192582618,0.7412195581142462
0.026496949175762063,0.7094975527489276
0.037275048029269064,0.27890240695103996
0.04158612596196826,0.17274867741634933
0.01713601224805572,0.98632212972449
0.04161989065554339,0.17206637242053813
0.05381926940968884,0.03339987075069179
0.025501518357931574,0.7528225872288175
0.04455264430127459,0.12053376048393179
0.03011124362737022,0.5509321342842939
0.03235546065959849,0.4520654958833861
0.03693910722151822,0.2888768919981202
0.042639832592371696,0.1524484429486074
0.02294142545885236,0.8549170406990843
0.029628018134901346,0.5738406512718859
0.025138201125705195,0.7682744722293484
0.01998615682034316,0.942505464394426
0.0352406363447868,0.34337130059941606
0.032281255852458224,0.45513426590343964
0.027616456116384025,0.6597687774735737
0.035684196323241046,0.3284755916400709
0.03404879966777663,0.3857722134172449
0.01981573025354544,0.9462667048723006
0.0370685757025897,0.28500193576601596
0.04516915563148716,0.11150094901486342
0.02468887826527033,0.787030159717226
0.023491968596097923,0.8345438195743474
0.0727629734969023,0.0011430549214768756
0.02521198982513806,0.765155451936363
0.026900257302292063,0.6916569450127291
0.023554671560738205,0.8321583903623131
0.057679665594849217,0.018223748527239018
0.029668411571012188,0.57190408468917
0.031016282800987227,0.5095603705088887
0.028349908060422813,0.6270524594257444
0.021376864532111184,0.906325128971027
0.04434040109901627,0.12377930356655006
0.05921336557337148,0.014159806317792905
0.04005317877023684,0.2060551221818581
0.018669828865330335,0.9676788774802786
0.043346377236917644,0.1399461094416468
0.031215648151363296,0.5007183250340499
0.04117587626932151,0.1812119131765523
0.024981468088467573,0.774864511122464
0.027726808425512034,0.6548443772700765
0.039427413932079824,0.22101241436398036
0.05462659918795193,0.02952740042035202
0.029898969774806217,0.5609258711376839
0.04087932430179009,0.18753151169371388
0.027572675283613846,0.6617221364180452
0.026779926658811903,0.6969918881404142
0.03184698190234919,0.4733696425780375
0.04108033598463662,0.18322923174397576
0.038123715095396665,0.2548521241818191
0.026650369724652845,0.7027250275322885
0.016367833483576413,0.9919549750552111
0.01837062828510949,0.9721778299194821
0.020044578601885688,0.9411817023513424
0.03079856957133925,0.5193285248930831
0.031810772903519746,0.4749113394570749
0.047094987294026114,0.08681946828958016
0.03576441877905956,0.3258321895504063
0.029360846988658373,0.5867481465799302
0.05099180766056455,0.05068887538334143
0.02234916097997308,0.875584464475337
0.027177072359911403,0.6793539744764319
0.022612698430485523,0.8665576034770548
0.04065070232471213,0.19252112791389447
0.03649436559012287,0.3024853437253874
0.03972135235280777,0.21388521719469342
0.029707030189424943,0.5700562814594469
0.021857102773085946,0.8916646886438264
0.026140516983021445,0.7251481520287685
0.019921349694326074,0.9439533639836403
0.0270610037039431,0.6845171386708022
0.04192218641276735,0.16605284197426795
0.03012424402854741,0.5503236428505787
0.03640881249344352,0.3051563413207318
0.029695510947672366,0.5706070719512164
0.02950411203747716,0.5798054975773425
0.024693920076711118,0.7868221196244399
0.02815655358896088,0.635669688460978
0.03222216309348497,0.4575879126277566
0.02617907317864071,0.7234615292648638
0.03490454453985958,0.3549757710915297
0.02592160637437857,0.734691085236018
0.05069901559446072,0.052858620287170095
0.025164970294801636,0.7671441381421038
0.022449996250730297,0.87216363999883
0.017860974305555666,0.9788490817872234
0.01890562604888535,0.9638198434862941
0.030956567376729388,0.5122279652602145
0.03450523994959409,0.36912168612068896
0.018585675074143437,0.9689888607759373
0.0409940315113132,0.1850667624870469
0.03743599759835592,0.274215640252991
0.05172470766971393,0.045592040070468895
0.027144874994961155,0.680786812986361
0.02681467455926187,0.6954522559956416
0.033660455374975196,0.4003445627939796
0.01990912334199757,0.9442240958971501
0.020429936107607127,0.9320121209998182
0.032222822557414155,0.457560482255981
0.03453544245742485,0.3680380412281488
0.04430074470362966,0.1243935902832702
0.03649566492624423,0.3024449108933217
0.04080888021932222,0.189057948392687
0.021060459359339645,0.915395641313391
0.025972869018982186,0.7324616885337836
0.023029055623624006,0.8517456467921034
0.04026054727363082,0.20127650533848945
0.032008985762221054,0.4665119500827769
0.05385925843688599,0.03319804848320723
0.027593448500831202,0.6607953329405662
0.0169626843968268,0.9877850469922271
0.018269811251280688,0.9735953201333561
0.02071247145598379,0.9248107722272157
0.03153455909936309,0.4867794584997225
0.03114213233364782,0.5039673565472337
0.02404594734718657,0.8130480919384497
0.027664957182791772,0.6576045677748572
0.030616502729311282,0.527587138862383
0.03276080062466635,0.4355453938317956
0.021396719736509973,0.9057400791272467
0.0421451718491746,0.16172555184628892
0.039284455771752325,0.2245444444609151
0.025972632943315116,0.7324719630591352
0.024098961623740867,0.810943652244644
0.04921375790034399,0.06513960219450038
0.028815850068120596,0.6063438664819887
0.04156291537860801,0.17321895589086161
0.023240713562935333,0.843972014977995
0.04199381409606129,0.1646528518837738
0.03456116349938165,0.3671169565757611
0.028128925605039767,0.636901730024102
0.0374195720235887,0.2746912275588094
0.034563089439667904,0.3670480530362916
0.02042462105988878,0.9321437372304616
0.02738625129284944,0.6700361210350889
0.02759141965416123,0.6608858530607333
0.04011075343756365,0.20471957984858882
0.01970250645236138,0.9486826901829707
0.019425175452927546,0.954320909040087
0.02995773033628127,0.55814850428637
0.02463601658570236,0.7892078793662448
0.032605935702734706,0.4418086218189148
0.0335436795445162,0.4047997405815957
0.025956337664213736,0.733180998705524
0.02744755926654502,0.6673027481732056
0.044370132451067884,0.12332039156936056
0.02112149207192071,0.9136833387154417
0.03698754573745766,0.2874225920706173
0.032712182106363175,0.4375052264757993
0.02285932241720312,0.8578627388324467
0.032533689333334614,0.4447509967888602
0.027630949020507556,0.6591221010108758
0.05869148992998052,0.01544069793843127
0.03222060115918213,0.45765288554770067
0.0291062653418781,0.5934957818935744
0.034279147825856976,0.37730505433695244
0.019662908199257312,0.949512025176023
0.02771082034242911,0.6555578877528399
0.035038213739803536,0.35032752562565495
0.025032067690209825,0.7727423201349773
0.03947527032233733,0.2198396792760683
0.024711591968267665,0.7860924688085353
0.022746048462862545,0.8618852440072852
0.04491207733517977,0.1151971326440564
0.019966707832879682,0.9429422581025525
0.029170929424534475,0.5906428116739826
0.019617902341321825,0.9504447872592969
0.027364687756415318,0.6709972922546916
0.02245584185747862,0.8719640606604115
0.0540337034461984,0.03233010304046294
0.026794126580918065,0.696362804790103
0.038009944300315845,0.257982015808789
0.040115691333747594,0.20460535220267984
0.027513104438815827,0.6643795536751094
0.021475942020171557,0.9033873613148001
0.027831427205399162,0.6501753262998733
0.020774830101264685,0.9231675329607338
0.045686260349374674,0.10436285023372642
0.027529829914386184,0.6636334987743064
0.035573258119750484,0.3321565999785564
0.03239959290501926,0.4502469146040912
0.024600718966584223,0.7906584120643578
0.020508826749299103,0.9300417536244088
0.018498394084338177,0.9703105154173091
0.034997956217033444,0.3517228628727769
0.01912539141716052,0.9599702490960909
0.034217380187151175,0.379562648478504
0.02919848422471738,0.594675471313417
0.033334297057025564,0.41287299157680696
0.03458138371514213,0.3663940011117797
0.02499067283269507,0.7744788421832433
0.014791949320034914,0.9979661876438717
0.039490858636231696,0.2194587238010155
0.030091722280543964,0.5518466153808673
0.030730560640114812,0.5224038764630399
0.035867652494943836,0.3224532606162399
0.04910893238574815,0.06609169395411285
0.021790561500588668,0.8937584964911879
0.020918277722733192,0.9193144038700006
0.03873322110552169,0.23857213423534185
0.029941498621854024,0.5589148728192926
0.02655369289205639,0.7069949329475621
0.040589226876378115,0.19388046716642363
0.021071275332516792,0.9150935078884852
0.036121467489275805,0.3142539785380338
0.05213180488292646,0.042957758246548614
0.03607359691470974,0.3157886464948042
0.022792809150532334,0.8602306073353077
0.02260491895137462,0.8668280435100868
0.030109680887377754,0.5510053069624752
0.032193339213259425,0.45878790222488114
0.043651660871639186,0.13480797553360718
0.03312491865544398,0.4210553424440129
0.031914769409661925,0.47049219865636366
0.03733818724148985,0.2770567520976497
0.026373446929500055,0.7149346190025943
0.03991380634944214,0.2093162289736613
0.03411219088513362,0.3834289896611611
0.03568184971142341,0.3285531473445979
0.03624295777809694,0.3103836042586113
0.02365062920261299,0.8284835082231398
0.03757365601544177,0.2702540599198465
0.02750546853086072,0.6647201438838685
0.03451882807123319,0.368633876196985
0.023676128092154802,0.8275021055116192
0.022485949027087893,0.8709339653327457
0.04848550800339019,0.07200262943290259
0.04694042806317511,0.08861448536598072
0.041136523461186125,0.1820407022371765
0.02687382459297838,0.6928296253880408
0.04805680118346245,0.07632300460984268
0.037989381368999764,0.25855079873510795
0.027089988123790487,0.6832283621587114
0.04076196425157619,0.1900799784261595
0.03508364197720226,0.3487577133251263
0.029161562403180907,0.5910558929435142
0.021882503771291972,0.8908602271928818
0.04582924074359296,0.10245750611230085
0.03633391306833711,0.30750890174218787
0.024536995425824604,0.7932696426680013
0.028471901789449472,0.6216215008675507
0.032786253659404796,0.43452172688989876
0.02536675930054133,0.7585809570066309
0.034704071270838854,0.3620289457319415
0.03751783781200599,0.2718552108124881
0.0212302785953995,0.9105868041405186
0.02193006577738066,0.8893462593683871
0.026317821756533688,0.7173787616963334
0.032681979855712306,0.4387256660781791
0.05869362472598416,0.015435253195380019
0.03721125579114054,0.280776449650515
0.0429928759523977,0.1460931991544902
0.02945708793625859,0.5820788803218285
0.05209682117008396,0.043178816732147005
0.021685356681239387,0.8970284274145175
0.019805494034667137,0.9464878468490832
0.026575224039374956,0.7060446192397933
0.037513463547210496,0.2719809867320142
0.02928828482632395,0.590283221760694
0.03572862379658437,0.32700975694898404
0.028342841198366678,0.6273672209730834
0.03899332551796736,0.23187170952879393
0.0274650924083093,0.6665208871394115
0.026039031551653824,0.7295794209484063
0.022950215081991715,0.854600206716616
0.023895868492236183,0.8189623933138994
0.03330931431856854,0.4138435548365067
0.027640762415561237,0.6586842128063455
0.022381731603295485,0.8744840493726075
0.02222279587948158,0.8798122474389285
0.05047330182403453,0.054585499096674636
0.04841393091607282,0.07270917686454298
0.020021266689542627,0.9417120243630166
0.033568846091097615,0.4038367308195236
0.04163510396124681,0.17175964908491154
0.02881430751170677,0.6064122493562982
0.026340485633484345,0.7163832888670809
0.0583818056358813,0.01624903054013636
0.04541501050400809,0.1080583727596714
0.02098585932155056,0.9174640416975636
0.0360945786556901,0.31511532818883
0.0338362891912658,0.39370016674511443
0.038838189935419876,0.23585047593842426
0.033844966445353786,0.39337425886440175
0.05081596302365177,0.05198255607780422
0.03569200400565853,0.32821764240844814
0.03614991058656536,0.3133447110141309
0.01577369548066221,0.9949614642091955
0.018901616076177408,0.9638878087285428
0.03618530583156032,0.31221588167082753
0.022267422911144308,0.8783267553319783
0.02834929982700851,0.6270795498143884
0.023865196368128616,0.8201630876506109
0.0314570926417268,0.4901420892403648
0.0692990548309586,0.0022848134662953987
0.02977780049359474,0.566679435272287
0.034982360438630344,0.352264479172488
0.036436146070515374,0.3043011024083141
0.02532943927547543,0.7601701934216056
0.0403028959555185,0.2003113591384212
0.03318087059460273,0.41885807715278905
0.023988683209094086,0.8153123651720751
0.027962530632553717,0.6443246816602994
0.040684162213996955,0.191784421141146
0.026232598609806868,0.7211173723458362
0.02782001357245867,0.6506847091874652
0.019065325822511525,0.9610468115245019
0.03695660559612146,0.28835089918805923
0.03424702862207807,0.37847782879872066
0.03799015988813742,0.25852924719340337
0.03292953929664469,0.42878928431538715
0.02596312854206806,0.7328855567938029
0.0335554109873778,0.4043506353164215
0.05014293523096469,0.05720051965570022
0.027014172572527695,0.6865986096013317
0.0335302273778596,0.4053151404069727
0.03843503477615562,0.24643458395055406
0.025968642947420073,0.7326456057081272
0.04652290042355467,0.09361989272736705
0.01675388349671103,0.9893940012562688
0.02965035088968898,0.5727694754199082
0.028906598438288023,0.6023233674294499
0.022546060920771382,0.8688664018110533
0.024897915007868553,0.7783573044109556
0.03397161432405005,0.3886387605902828
0.030165237240269926,0.5484076277375444
0.022444534201345512,0.8723499991299053
0.03655332229407038,0.30065472246564995
0.02138455352414992,0.9060987861746745
0.03463209240165016,0.36458537577359135
0.03375567667779289,0.39673681467177757
0.034060372311193576,0.38534369459249823
0.03740983512900026,0.2749734414133477
0.03778665829564365,0.2642090301597349
0.02268267657026113,0.8641142888541382
0.01778968254019553,0.9796859132150819
0.03408048202729086,0.384599848335316
0.037553057396003675,0.27084410808051
0.03855990809335941,0.24311830326828457
0.06409193970177574,0.006072723680907036
0.03014546770715193,0.549331140787526
0.03859042365444709,0.24231309381794283
0.055553470510532554,0.025574082074164665
0.023224358501728215,0.8445783041770428
0.05213995737513211,0.04290638510234765
0.02610289022062051,0.7267924935140263
0.026083095259556988,0.727656903160739
0.019654534035180485,0.9496863744343759
0.02748752208805061,0.6655205803223402
0.06245650972452621,0.008126025953005472
0.0344841641841484,0.3698791990412809
0.04077564056130967,0.18978160182302117
0.028261630828051575,0.6309854620443639
0.03366546961221839,0.40015402118832333
0.026693820670569468,0.700803586294614
0.025547729084409387,0.7508410681831579
0.03784236906503824,0.2626448702116279
0.03095261149091874,0.5124049932913484
0.04095036903253768,0.1860019191294381
0.02960738766052151,0.5748312444138888
0.025223666503581058,0.7646609486889224
0.028951314220848068,0.6003441336907824
0.028254293427140253,0.6313124651256556
0.038316686579814296,0.2496092422889254
0.03606932804635565,0.31592576566687885
0.03633836261162271,0.3073687731435441
0.027609393132073556,0.660083920901654
0.032685387566892654,0.4385878501439015
0.04225244903469588,0.15967613647408233
0.038437251587138344,0.24637541310544303
0.0351560382399847,0.34626638136373117
0.01978061702115519,0.9470230332335646
0.025365668163763178,0.7586274564334297
0.03202420126575456,0.4658712367975444
0.032583201879777035,0.44273309469548006
0.03818839126343493,0.25308571299167276
0.036628079829829296,0.2983452216108508
0.036485067731320986,0.30277479109304495
0.021966254458485157,0.8881876676156515
0.03477251160857703,0.35960997399006056
0.04692786835789331,0.0887617097299045
0.022111543974238923,0.8834789281080035
0.017220431513908396,0.9855662815921656
0.022278067861131012,0.8779711898885307
0.030275538838717142,0.543272505325924
0.02975692370725852,0.5676743263878243
0.03251508525793301,0.4455107963767978
0.021438637319729836,0.904498875348051
0.037967864273711904,0.25914698806900305
0.03593591517705852,0.32023297609363877
0.025539509077876277,0.7511937929930844
0.025677456122823905,0.7452604770328434
0.04000023384038054,0.20728925728781553
0.04382550244426697,0.13195142782314137
0.029397462670207375,0.5849690761688014
0.01777268713400959,0.9798820097138977
0.050637260637952985,0.053326346987267105
0.03200776113624945,0.466563543285433
0.04062988860755112,0.1929805174338372
0.021401605767564946,0.9055958245582685
0.03898921121332391,0.2319765598591447
0.035364078597080906,0.33917807289548524
0.03447627807257342,0.3701629255538125
0.026157694220324212,0.7243969472996923
0.027649719755658553,0.6582845148605814
0.037419507509279415,0.2746930967263955
0.02324845867972769,0.8436845775428528
0.05740469477571708,0.019053741793449982
0.03585352117671359,0.322914282788683
0.03798065934032213,0.25879234115083605
0.034456736178477665,0.370866663371751
0.031719899463053425,0.4787949245528361
0.03834103698143643,0.2489535239538122
0.02640706587242747,0.7134559706656196
0.027071112426515942,0.6840677042525762
0.020038972410466205,0.9413094925211417
0.028329193901199756,0.6279751231664266
0.02131554591923035,0.9081202161415945
0.03183019562574141,0.47408395743947285
0.030312144557434362,0.54157488343478
0.01928086443885524,0.9570979979726459
0.036056740856469705,0.31633032800830785
0.024091063482676478,0.8112576700178734
0.030616627163219418,0.5275814666229116
0.040831091172911504,0.188575611313816
0.02592000739935285,0.7347605698069336
0.03119308964046036,0.5017138727865705
0.04004069041013625,0.20634570564348526
0.04056852176107428,0.19433999018612486
0.049396223698403574,0.06351025612797995
0.021631051187807282,0.8986967323328292
0.01693884474047691,0.9879770913865069
0.033326742935369746,0.4131663002505844
0.04192737248240952,0.1659511599847038
0.02326370855379778,0.8431180186495457
0.03902130405922666,0.23115965965424176
0.04022801831080769,0.20202032208287438
0.027531786581653686,0.6635462167591974
0.021638803848000543,0.8984593865207517
0.02824569184731799,0.6316958267557133
0.024775040902124124,0.783466950941147
0.02058295982153313,0.9281615977252529
0.04647788598088731,0.09417339059412275
0.05072229253392202,0.05268324283908069
0.023449539402160186,0.8361507177778255
0.05056515154676666,0.05387700501600219
0.031069343647437853,0.5071974530429072
0.023206966775983773,0.8452220054410384
0.025697999548464356,0.744374400892543
0.031234137129715567,0.49990331463727455
0.037620752695851745,0.26890859665514233
0.021440399469749072,0.9044465171191477
0.03334224430268873,0.4125645723430428
0.03602127544000411,0.31747224470798974
0.027455855522969697,0.6669327987409278
0.03358316475947862,0.40328952352159586
0.05184733198219432,0.044784181632191306
0.027794680196175536,0.6518153259158799
0.02279089751040138,0.8602984143749491
0.04295687161302719,0.1467313527309499
0.034393029920047224,0.37316736646693854
0.038333396397230324,0.24915913191319813
0.02797537558143659,0.6437515304894893
0.02956896766286532,0.5766787461255122
0.051242720818185206,0.048891113726434274
0.03564537212003799,0.32976043729461135
0.054092050370045275,0.032044282176961994
0.023340892131042623,0.8402383165447728
0.027266990560783078,0.6753503510184357
0.031993781297082635,0.4671527759483224
0.025394881882361164,0.7573817881393
0.04620000879050101,0.09765106489725688
0.03371742151920165,0.3981835202238209
0.032450664368177895,0.4481484611191805
0.026040281822583666,0.7295249031785808
0.019799863095250503,0.9466092664689515
0.03438338942548358,0.3735163965311718
0.02858374051340018,0.6166476917116226
0.028235994115740626,0.6321280658576489
0.035628473622860146,0.3303208076413931
0.025497749986132134,0.7529840232257259
0.023403915840694123,0.8378719853197123
0.025395168901414022,0.7573695424202707
0.033222591824482006,0.41722474308057755
0.03099831160046479,0.5103622480697464
0.03325419825391335,0.41599028098262186
0.038102511415785245,0.25543325815434764
0.029346999194729106,0.587421812553199
0.025421826140181958,0.7562315950133228
0.023417895890128326,0.8373452837302782
0.04510205137089507,0.11245616785094098
0.019229009118594376,0.9580697535598098
0.02776827581229324,0.6529937396454345
0.03991515950226737,0.20928437523476065
0.025752100415003337,0.7420379760968658
0.03689171219776166,0.2903051358174071
0.021956738619378968,0.888492875368666
0.03694450985091485,0.28871441567770717
0.042519601363159576,0.1546629294310631
0.039800775194404614,0.2119903705212696
0.041336503804033975,0.1778599561520643
0.03282720741165146,0.4328780514838885
0.03293304168007696,0.42864980619526627
0.022025872893413734,0.8862665111598701
0.043563694288048516,0.13627250987818929
0.03259412863385036,0.4422885960777565
0.03464875795114253,0.3639923445581664
0.05609995873468088,0.023469423784815976
0.04130617767364453,0.17848900463991021
0.04086989638728156,0.1877352379729116
0.024757147722520412,0.7842082807641906
0.03613522537672087,0.3138139269724239
0.02079121996401123,0.9227324319382005
0.025118707337573487,0.7690967388893113
0.02478046100559393,0.7832422515452713
0.05021850924213789,0.05659300304003629
0.030324127832815906,0.5410198605754458
0.01796130616908681,0.9776320262813605
0.028211881262222238,0.6332029076546445
0.04809758257839403,0.07590278790445794
0.03220044103332442,0.45849204806536625
0.04686616177306846,0.08948801685389393
0.04749723111798171,0.08229063426398467
0.0203867992650677,0.9330761810904892
0.034411742073925944,0.37249055438855605
0.027022242298741617,0.6862400173314938
0.04091245471643534,0.18681698431711047
0.037803880815825586,0.26372473611246783
0.037344579760979046,0.2768703987492977
0.02244308275660456,0.8723995005273806
0.017632709116428003,0.9814479233521569
0.037620813762516025,0.26890685536545206
0.04899239813258183,0.06716404233439122
0.023789544846183064,0.8231126180485008
0.02708851740401952,0.6832937662629649
0.024880318073261576,0.7790910521819876
0.0294151926152747,0.5841087703620474
0.02106991230981592,0.9151316137874144
0.05097683202489725,0.05079795666421074
0.035761676349873706,0.325922299993935
0.02712067629975959,0.681863412673037
0.04979338969492897,0.0600838181839481
0.03992576963663497,0.2090347393325617
0.04065561333296286,0.19241286015488968
0.019747134121707532,0.947738318599032
0.06080200064442115,0.010827363227434082
0.02628831892394984,0.7186738524968012
0.027719834075313893,0.6551556276114037
0.030878058438575384,0.5157485175868226
0.02608081089119929,0.727756627784473
0.033125693407593026,0.42102486414379975
0.03001574425668052,0.5554146466946218
0.02717306459686275,0.679532349738472
0.019884674666506626,0.944763160275049
0.031271132452772354,0.49827507566944235
0.04620234743489915,0.09762135536961986
0.03671955451919373,0.2955370941115691
0.027015405101578682,0.6865438421622807
0.026021190442375386,0.7303571716098936
0.040886328270316574,0.1873802769606177
0.04578705432028973,0.10301664700535562
0.05311979321109411,0.03710832850332513
0.01773114527800268,0.9803558574787012
0.028250864799029496,0.6314652724227203
0.035938557181265596,0.32014726722635584
0.02891898139350063,0.6017751409950225
0.02016086957346852,0.938494526985721
0.0530732852366238,0.03736720142729603
0.028347724841248367,0.6271496993846418
0.024098917551820698,0.8109454049542064
0.033447128801822656,0.40850892440153075
0.015911682865835663,0.9943552303329949
0.03344438698910657,0.40861459534119066
0.022861553986672722,0.8577830064664863
0.04420707920699109,0.1258544160372662
0.022515459298674156,0.8699207572261557
0.01821506146830615,0.9743446161542939
0.038254218059290745,0.2512974203333908
0.033538649734132675,0.40499239760159605
0.04416502693308366,0.12651482650541984
0.05423592538658728,0.031348959013362036
0.02685846888780785,0.6935106846592662
0.03219443523239718,0.45874223502776773
0.03451241861369603,0.36886391741883995
0.02413567505039549,0.8094817266282497
0.02526407434072124,0.7629477555806696
0.027314131683745302,0.6732502648887522
0.029059939757282827,0.5955415081077677
0.024484336312108668,0.7954201211086626
0.03139456179419431,0.49286728995475965
0.02854660193601022,0.6182987706997412
0.03770231875240593,0.2665903121624164
0.015735054083656497,0.9951220007378403
0.036993907394879955,0.28723199635525953
0.026478305186472095,0.7103192204972382
0.0343800851988304,0.3736360773743091
0.03353520582324243,0.4051243461620657
0.03243091390075542,0.4489592065844855
0.032704766489316084,0.4378046722412719
0.038891759627372346,0.23447070323065816
0.041285250969515075,0.1789241104628827
0.02850915297478762,0.6199642486948822
0.030130396293781142,0.5500358259573925
0.040190965511225585,0.2028701979165426
0.030538737043966036,0.5311394842496125
0.03928455507803502,0.22454197590611474
0.030315100590602773,0.5414379378157871
0.028023784493418413,0.6415916573790597
0.01710043717065951,0.9866320639015255
0.03314128750458378,0.42041171988231496
0.030480086177044008,0.5338284909630849
0.02035804315154273,0.9337802651713075
0.03293497558792083,0.4285728038178584
0.02197745952766672,0.8878277733129116
0.030229825182617465,0.5453971137534173
0.041554649424974555,0.17338668121563494
0.02284123649910519,0.8585082465120126
0.029210413921213263,0.5940908723819396
0.03758291496399013,0.2699891512894068
0.048879397846137596,0.06821799958181948
0.03753689819900774,0.2713076644319896
0.024660452653603726,0.7882019969976345
0.036824240272294806,0.29234740833064676
0.03378268123130801,0.3957177646886108
0.030008412890927705,0.5557596800101473
0.02501249301797337,0.773563912197966
0.03520613250321791,0.3445499769960083
0.026254822640012887,0.7201431641508682
0.023582561285192427,0.8310933111362739
0.04962102715367123,0.0615508663156854
0.03577277414352942,0.32555776111217516
0.01753402509233415,0.9824998848386599
0.05065649268231054,0.05318030417753142
0.033779150719707496,0.3958508899853655
0.06648187605218348,0.003914266504423836
0.03673394354845588,0.29509715573066386
0.023894246383534323,0.8190259617950519
0.057188850539397706,0.019728722121306837
0.04488355147901579,0.11561342486972177
0.03652772128897355,0.3014486365253931
0.025488754857516338,0.7533692784562971
0.030163568190351153,0.5484855588353411
0.03281009253983769,0.43356444575815917
0.05153490508699199,0.046867399921601716
0.046358240288801755,0.09565786957056788
0.03688014039750953,0.2906546438474275
0.024702997270271032,0.7864474219003366
0.0249128281045935,0.7777349542456709
0.03669902926393476,0.2961654826791718
0.023140050357018604,0.847688856331689
0.04068889720652391,0.19168034724657054
0.03343692821364619,0.40890215530423635
0.019776532704766647,0.9471105951253956
0.028970477096193048,0.5994963252367544
0.024997986745014023,0.7741722741366488
0.020601935379970737,0.9276758993309129
0.02806332349442675,0.6398277675367299
0.02789956636515245,0.6471344066883397
0.024967902463259112,0.7754325807253006
0.022101815462160834,0.883797062448448
0.03238628573671898,0.4507947577002204
0.03134631117488762,0.49497677860709177
0.02254481307347911,0.8689094683901532
0.030882669279592045,0.5155413340222132
0.04734969452090615,0.08392805858652053
0.03947085172982079,0.21994775615202924
0.03897807421733501,0.23226056143728163
0.02715382508789116,0.6803885609027567
0.035557116276006745,0.3326946678295598
0.030898492568863123,0.5148307296443585
0.0251363463340063,0.7683527405483536
0.02613986885994063,0.7251764895953305
0.02864850161059873,0.6137700915757807
0.041012080952615604,0.18468126849530178
0.026532545973180333,0.707927913924579
0.03737913467060883,0.27586468206423664
0.03963116750348156,0.216052728670761
0.038921522911787965,0.23370678082132776
0.03420801814452615,0.37990565141769445
0.022362801276044175,0.8751241498985467
0.03233346381339228,0.4529737494733623
0.03555722350008972,0.33269109157874477
0.025586077162793985,0.7491941199563767
0.019899433073199746,0.9444381233771055
0.02454252334746443,0.7930435060955769
0.021423243492430633,0.90495565063006
0.019799054790452852,0.9466266824710694
0.04474901050396887,0.11759359971395149
0.016010463134922215,0.9938885006523934
0.037449270553496616,0.2738317843567389
0.03373334846717235,0.3975807648973888
0.02888661619837196,0.6032082336510259
0.03253302153068938,0.4447782552088629
0.022578031050213526,0.867760918967713
0.04434027278145558,0.12378128721617532
0.027174297846085382,0.6794774616574664
0.022935483315163707,0.8551310721387424
0.03114196340996861,0.503974837562718
0.03539107668329844,0.33826589126145945
0.04692112409906379,0.08884085033725445
0.025406948946708918,0.756866823374256
0.04472232485759833,0.11798965915007388
0.03854603538215973,0.2434850342874993
0.04027845875475944,0.2008678514628837
0.01878263469429564,0.965867527540584
0.047040979798728566,0.08744319507025984
0.017452716081808983,0.9833348925724084
0.03995498989399393,0.20834844135300226
0.030055446701839794,0.5535484145983269
0.04250149105155776,0.1549987267791733
0.03430465123565868,0.3763756571384993
0.021408669874444952,0.905387066891006
0.030077861558920782,0.5524964865889959
0.03436688622707962,0.3741144195664725
0.032960289894119255,0.427565725791086
0.03793175091512213,0.2601499386439255
0.02597205103125877,0.7324972888347623
0.018469426068029038,0.9707408815074905
0.0238018211774203,0.8226351478365186
0.0410916525200436,0.18298936182792527
0.03944704810694988,0.22053068952980615
0.02571481364168371,0.7436487153063064
0.04070639124846226,0.19129621799880941
0.03829278493620508,0.25025415115146127
0.02533001586273409,0.7601456585828368
0.046062852760558215,0.0994066973717256
0.03265878401640521,0.43966453198252214
0.022788880141473483,0.8603699566282859
0.02128849507744829,0.908906474652141
0.033466740772553016,0.4077536143229201
0.04040605963270649,0.197975367011181
0.025720499540590344,0.7434032220392419
0.01891233056189001,0.963706026730344
0.03623289099583937,0.3107029758180047
0.029330185234266948,0.5882403911419329
0.041599580461637364,0.1724765361012601
0.02685197301790873,0.6937987473568952
0.039891774624154386,0.20983539526948772
0.049763821791916074,0.060333332295136086
0.028675125152111902,0.6125876796226158
0.047700935926431876,0.0800741615303371
0.021349070090241756,0.9071410013041709
0.021816268045141557,0.8929519445060711
0.027703082870730866,0.655903188124338
0.027508688201227538,0.6645765357593584
0.03475807277187837,0.36011934843802396
0.03013378439567005,0.5498773622549232
0.02493071264632045,0.7769879853377601
0.03389401519015217,0.3915355554468402
0.036108056805608246,0.31468335780437295
0.020095935746953453,0.94000353013675
0.03563751046610486,0.33002105178410057
0.03270350147173301,0.4378557679089503
0.05512398986057365,0.027343627133052495
0.0246418313807375,0.7889686454348732
0.06029836451693471,0.01179779319418853
0.01735952247094963,0.9842572518352817
0.040033714819559446,0.20650815509668574
0.03843004127583893,0.2465679094587097
0.04617461977442194,0.0979740860004955
0.030020690643032588,0.5551819305482408
0.03410654697912502,0.3836372105444391
0.025023507581051152,0.7731017014495387
0.023343596753213514,0.8401370408954758
0.02354037440407933,0.8327034180859919
0.03128024224347875,0.4978746567166835
0.019318539163802495,0.956383324277779
0.023351726727449007,0.8398324622720341
0.037098608098835806,0.28410861882559774
0.024949081858109623,0.7762200799591833
0.034137484954414266,0.3824967821434842
0.02937154690936311,0.5862279313979247
0.03707733390309448,0.28474120678244697
0.03820044198564074,0.25275761614884495
0.031238645664813935,0.4997047031096579
0.03899479396146688,0.23183429602963526
0.03303670973301398,0.4245352249225945
0.026060495550812246,0.7286432271579504
0.025424506056042545,0.7561171278093823
0.02623838992232458,0.7208635558260945
0.027515556799284357,0.6642701669654565
0.03322376367170965,0.41717892940924217
0.02655277003720835,0.7070356561711727
0.019051902873896992,0.9612848775076134
0.023056742881407105,0.8507378260830478
0.03479545687564867,0.3588015593633768
0.041918947498821635,0.16611637180634212
0.04040102536525836,0.1980888631244105
0.055987674870606796,0.02388886516921178
0.02710728623945166,0.6824590275829922
0.04160624451142109,0.1723418701673685
0.03290089370374594,0.4299312098681167
0.03247598095183213,0.4471106555378244
0.021385727881564537,0.9060641918701369
0.028714516478021812,0.6108388720046151
0.019471316417474044,0.9534103627003481
0.02369997607331581,0.8265824140365906
0.03933011246878049,0.2234117160822847
0.03001453729028844,0.5554714407213787
0.03580985688630873,0.32434181441823795
0.04149930659311185,0.17451297801100285
0.024975711272770068,0.7751056276377289
0.02780944175940009,0.6511565237829287
0.028347883704768928,0.6271426235971123
0.039708876313087615,0.21418405780351904
0.020089314859479734,0.9401561787151489
0.03008504361197653,0.552159691821688
0.05818254689948327,0.016788974832918562
0.042411575023864945,0.15667462137488158
0.04029443822241363,0.20050382487289428
0.03861496165491696,0.24166709036204476
0.02405285050521533,0.8127745103369223
0.04778918040826974,0.07912975635078937
0.027103342930067914,0.6826344182714696
0.024814192743206176,0.7818423949427964
0.02890850766612818,0.602238834627985
0.03859684535635277,0.24214390475834344
0.03304732050561093,0.42411559748890476
0.03670203907652536,0.2960732744655195
0.03053321196202219,0.5313924361038938
0.03581480060671827,0.32417995838093533
0.0675562329097299,0.0031961996331237494
0.023726535421335238,0.8255560923024647
0.023486791830539366,0.8347401916035914
0.0419645006612786,0.16522464904401069
0.038548984508127104,0.24340703761292937
0.025711223411807982,0.7438037020964088
0.03316329141304619,0.41954758036933093
0.028406932269105956,0.6245131783319615
0.036544154246015995,0.3009388562318289
0.025100381719437098,0.7698690619043487
0.02706876026285389,0.6841722858853605
0.03924624165249102,0.2254959251059184
0.023226721896154934,0.8444907493674123
0.029146314582815906,0.5917284538678022
0.036035690175120205,0.3170077570393519
0.04382236698180164,0.132002508658091
0.04020685485369846,0.20250540440961098
0.05915661762663482,0.014294304940217927
0.022183057604926115,0.881127970597487
0.02502304944670486,0.7731209312805348
0.039539276827961156,0.21827871017435313
0.027606418470678545,0.6602166456432201
0.026310058035452333,0.7177196523228107
0.04421862874596649,0.12567353116819613
0.027909151762589124,0.6467066473442309
0.039257054196325414,0.2252263924993352
0.025649961063631876,0.746445406420385
0.02325841804130363,0.8433146609058992
0.040822979772495493,0.1887516474234955
0.020755245844784276,0.9236856878304056
0.03780188515812022,0.263780819370969
0.032636457636187444,0.44056947596490986
0.03771099199506911,0.2663446860832829
0.01560033688077711,0.9956513629819178
0.02222247766300932,0.8798228098931852
0.022809817499774843,0.8596267006037952
0.06980079143974999,0.0020710601720421848
0.05774694315796536,0.018025656029027528
0.026713646446343442,0.6999264111636603
0.02956359609368564,0.5769373312009693
0.016019511470332315,0.9938443402019871
0.02131959675421491,0.9080021764836975
0.02357147545679933,0.8315169647231405
0.025668560526301065,0.7456439662584808
0.038224448582937276,0.2521049659029719
0.03799349134192398,0.2584370387570438
0.03447088677361643,0.3703569817815325
0.037910366393778205,0.260745214962014
0.013948098515014329,0.9992097962381823
0.03682767679927168,0.29224313366702503
0.03941874768743486,0.22122529933345114
0.03359519747307682,0.4028300714495143
0.02522345147379279,0.7646700574049738
0.03492370603719552,0.35430676648565096
0.06965683032815445,0.0021304135320984797
0.027756345875344313,0.6535261629500823
0.051982199226638603,0.04391004391466616
0.03524963273212567,0.34306445251368767
0.05261173861495266,0.04002302878655942
0.021536575574030062,0.9015669587599827
0.031083240340467888,0.5065797545603544
0.04804028322352227,0.07649376738728796
0.023219917607264606,0.8447427701005342
0.02137354754343357,0.9064226862134735
0.025065031128417403,0.771357042380431
0.021629455936092667,0.8987455365496365
0.04335747624586139,0.13975655952477134
0.021018198131423527,0.9165707233112835
0.05633349160261092,0.022617922075063066
0.02831726388322864,0.6285065786801167
0.03776673646941858,0.26477006290152266
0.03004721176167513,0.5539351868410269
0.03282146007103606,0.4331084677542394
0.04812167395273839,0.07565546920226827
0.02296241340101335,0.8541600308948708
0.04596453184746552,0.10068134921365887
0.028585550850178998,0.6165672247517457
0.046252202450874524,0.0969898018282788
0.035688028610197486,0.3283489627155699
0.03446063647202788,0.3707261318910967
0.022794857836431537,0.8601579237982039
0.022469721704763468,0.8714896253852888
0.018713138695782117,0.9669909629984159
0.02947352669502834,0.5812835455441364
0.04573949048749748,0.103650099801326
0.027647094549251933,0.6584016586320787
0.02479950437733003,0.7824522640207392
0.030936305850372492,0.5131350880154963
0.05363836313167292,0.034326407068271586
0.03601690479779035,0.3176131782710112
0.03232612940361457,0.4532768573321464
0.03911146769092977,0.22887643260234503
0.016087709659512672,0.9935037374067694
0.031305869145480725,0.49674933686352307
0.016081935286890392,0.9935331118926719
0.037735212333147805,0.26565966749698455
0.03398106210717938,0.3882870916170563
0.021578908647598205,0.9002859224168495
0.042932931362775095,0.14715692407564526
0.030930081483411392,0.5134139611045224
0.05060516293589051,0.05357085787328217
0.04062588425719865,0.19306899810879757
0.03781361426560359,0.26345132911825897
0.027192660254453438,0.6786601370452199
0.029873506811375128,0.5621319979928789
0.05442295284811871,0.030464943299054865
0.02127481647228674,0.909302735336546
0.02279340661107654,0.8602094122001792
0.020513101707164583,0.929934084672731
0.048684212390832315,0.07007168666036602
0.04371720973128701,0.13372502360829705
0.043889093748972485,0.1309189169657303
0.017799154666060867,0.9795760559228995
0.03034734005126366,0.5399457522319885
0.03761402960212806,0.2691003545444149
0.029989716746785106,0.5566401606446636
0.020087444346010952,0.94019926378043
0.06327677540134286,0.007028168855672398
0.027457884625073703,0.6668423140852238
0.02761103275127963,0.660010763212913
0.0277239516876992,0.6549718676412131
0.02526005089507577,0.7631184734761864
0.02032250643171374,0.934644563667463
0.03410018075232546,0.3838721746103037
0.03069818400889257,0.5238719479067537
0.027587199517847938,0.6610741392499646
0.03755672958032863,0.2707388475525776
0.026774691869117073,0.6972237653055303
0.04122170336462316,0.1802505398396272
0.021237408154332504,0.9103818875750185
0.03653321272596893,0.30127821151836875
0.058828529446643185,0.015094655632958759
0.03633908481998088,0.3073460331911933
0.04188199072782345,0.16684263763912768
0.030465264134160508,0.5345093838969847
0.022824687024394413,0.8590978391419176
0.08642907104456632,5.345485277364551e-05
0.032053692848759696,0.46463101476039576
0.03506273715033681,0.34947947336510576
0.049015917770275585,0.06694642783370662
0.029685745367667493,0.5710742618867504
0.036632991824437466,0.2981939332910036
0.02400114219313798,0.8148205175579011
0.0326760181676351,0.43896684069876046
0.026196130094297998,0.7227148562057447
0.023223588663683348,0.8446068195790037
0.04672779627601242,0.09113476091195047
0.02928736271599161,0.590328225755541
0.02108728217286293,0.9146453330032291
0.039268393916587485,0.22494398541928837
0.03474409954520247,0.3606127833376753
0.02774656905185935,0.6539624919032321
0.035508735935636415,0.33431112881754643
0.025251629405508846,0.7634757084492717
0.02598299987081043,0.7320207058508081
0.03327442634110994,0.41520153361076056
0.04754907467077624,0.08172168386213588
0.028384629226969688,0.6255061988024375
0.035915606002156486,0.32089237991428854
0.025936560915439832,0.7340410649023951
0.026898989980303822,0.6917131788538834
0.01895153102754346,0.9630360007080907
0.03534587665126415,0.33979405613326125
0.038004774765560356,0.25812491917199526
0.022473706046806874,0.8713532907226251
0.02045299458062863,0.9314394688914677
0.032622663289106096,0.44112921793927967
0.037617459992922625,0.2690024991957406
0.020900280276547528,0.9198033940517436
0.0638596990985919,0.006332069216443037
0.024540779526840084,0.7931148503472932
0.03838326801278352,0.2478194126415525
0.030372624302309748,0.5387772644808188
0.03481070172864187,0.3582651607547032
0.025711466877602424,0.7437931925058598
0.037300076000841065,0.27816970710146294
0.03308072899052539,0.42279621750464286
0.03566011202397318,0.3292722089881472
0.0370516272784458,0.2855069890322589
0.023166085266417502,0.8467309555281319
0.032278366403832415,0.4552540385592291
0.030299375876976176,0.5421666699643707
0.03371934366271728,0.3981107432671701
0.03302610162809015,0.42495502781701494
0.03215273033344879,0.4604820444946724
0.025854402939213594,0.7376085549847637
0.039634048445407355,0.21598322556348798
0.04045632408362382,0.19684496180300723
0.04252817426303318,0.15450417684404216
0.0320263859123181,0.4657792904487338
0.026714870205468755,0.6998722576809038
0.03467647600374088,0.3630075277698016
0.06005782725095099,0.012288404537079245
0.027676369960475233,0.6570952772765319
0.047463038636539334,0.08266769987043063
0.022646037263284235,0.8653959488039188
0.029908113074991027,0.5604931555565822
0.04453188495237659,0.12084808750612362
0.03431261294772456,0.37608584452598226
0.03341649381559342,0.4096906773393488
0.03854998101259377,0.24338068698002938
0.025857145992383423,0.7374895899798779
0.020818758924255137,0.921998360004863
0.037901745210536575,0.26098549139908345
0.03157971996312137,0.48482602708313843
0.03635042633132257,0.3069890882002815
0.045714674676871625,0.10398187816988905
0.02898468919122077,0.5988677041577553
0.028303890971765,0.629102363221123
0.023517654139124544,0.8335681927513126
0.029969183803733077,0.5576081218648127
0.026665756668888818,0.7020447636373991
0.03725572716111902,0.2794690139351137
0.04888048382397092,0.06820780397453372
0.027878727188275776,0.6480643975914934
0.02684776154066837,0.6939854935588388
0.04438565703415365,0.1230813203595479
0.020237138742854988,0.9366945278884864
0.026838814720664517,0.6943821786920339
0.027803022856276588,0.6514429965613626
0.028499227600513155,0.6204057600703359
0.030125506161932547,0.5502645898765001
0.022265650596354547,0.878385908801714
0.021447905899032033,0.9042233185109891
0.019642985030317472,0.94992622964853
0.023330566319493817,0.840624743419552
0.032891786093293574,0.43029470429736943
0.020031369908975583,0.9414825294850157
0.023517453044657632,0.8335758393306176
0.04140931826956645,0.17635676022137853
0.023812178176639553,0.8222319748639457
0.03658848854583563,0.29956669005797526
0.045728787977954155,0.1037930804423621
0.024252310061633975,0.8048130764388083
0.025781452615192102,0.7407685998103297
0.041867557047905346,0.16712697249709788
0.042994398787931765,0.14606625743204765
0.05524500926241083,0.026834373736931417
0.03495331122413037,0.3532748939161871
0.027439142708043485,0.6676780467120388
0.02894456951238089,0.6006425907457185
0.04350085729747066,0.1373265736769973
0.03580572795003856,0.32447703953643886
0.02876958312761216,0.6083955029330774
0.03607082489018154,0.31587768100963737
0.025411422866127714,0.7566758348304647
0.027347000392092702,0.671785592793857
0.023922827252882417,0.8179047859777342
0.028852763400199155,0.6047078759090151
0.024614800835040085,0.7900800762519766
0.020427755734274244,0.9320661307746813
0.0468562307161835,0.08960537317419925
0.026879787974321556,0.6925650978500922
0.022805244491537646,0.8597891797971918
0.022681215388591136,0.8641655015574888
0.03097251669586326,0.511514617194183
0.0347555982483132,0.36020669614043804
0.029929558265682554,0.55947903595468
0.030622747909676284,0.5273025033597468
0.03187231104175248,0.47229312963976683
0.02634515353553446,0.7161781960095341
0.04405079229600328,0.1283231568095965
0.024741601429161264,0.7848517989796098
0.029838308304715733,0.5638018617197501
0.02443458257947717,0.7974457157270225
0.04090479008398695,0.18698209705806978
0.021504293709129096,0.9025382783667425
0.039795962245425864,0.21210482394775085
0.02603514267666457,0.7297489823339277
0.03881538536948692,0.23643972748241104
0.030292647468760148,0.542478670041249
0.024317141126608988,0.80220242494772
0.026304297282746636,0.7179725571107309
0.03447106709920611,0.370350489925295
0.045462866085041576,0.107398619701111
0.032335737810565424,0.4528797996948058
0.031122700095305184,0.504828403691226
0.030185487064603,0.5474626662898068
0.03409547476015151,0.3840459273531279
0.03773713971982906,0.2656052126046075
0.054203881640333074,0.031502661889501855
0.02470600508923204,0.7863232207914561
0.04177226808209744,0.16901382715480495
0.01976086037325836,0.9474457885026009
0.030002238180473983,0.5560503793903295
0.03224477835418765,0.4566478522131528
0.0602895754783056,0.011815403949482195
0.04425949203863233,0.12503525326982057
0.020562178282032606,0.928691446871782
0.03009228549176307,0.5518202186505435
0.033794900731629274,0.3952572418781981
0.02429554015306394,0.8030734823736274
0.04315813564034243,0.1431928168748115
0.05031082173980972,0.05585846242409326
0.02258428885959607,0.8675440589979606
0.02868719181588475,0.6120518873709992
0.018621055212822812,0.9684423964283598
0.04568143851722867,0.10442761503326994
0.02772250820798383,0.6550362870510812
0.03026978232797406,0.5435397665422234
0.031114655214840803,0.5051851482296629
0.038188250348321046,0.25308955150033335
0.025420961372839945,0.756268529219666
0.0180059985514876,0.9770749339939093
0.036137458111167864,0.3137425544967533
0.0320880562948207,0.46318865400078085
0.03671295964637933,0.29573889125867875
0.03256830813092959,0.44333945059665486
0.038745958075483644,0.2382406122608142
0.0392577327886407,0.22520948499132923
0.027585426713954364,0.6611532342236048
0.03524726498750835,0.34314519231724694
0.0319556262372076,0.4687634468345226
0.045971581419783525,0.10058950654311373
0.036852951344848034,0.2914770724506166
0.048859079389274584,0.06840899710623699
0.05936634514392347,0.013802876594584339
0.016283994617164288,0.9924445054098163
0.04013950108966308,0.20405526258441464
0.02946943851748174,0.58148127800217
0.0256266315640562,0.7474499224754951
0.0371763560143733,0.28180567292068326
0.0350467375222846,0.3500325956958633
0.045124896704759165,0.11213021189900621
0.01695211368269578,0.9878704708389379
0.03396652782765952,0.388828183677382
0.03240509543788467,0.4500205100474318
0.04744908902010092,0.08282195023483578
0.018689646075912697,0.9673652704486683
0.02552157342407302,0.7519630464556902
0.028135012390457348,0.6366302827656072
0.020731775932520125,0.9243041383013191
0.050344193205936305,0.05559494732644713
0.042870469328205374,0.14827197154063756
0.028921506011405307,0.601663381133193
0.031112161875682803,0.5052957461523105
0.03379171440029011,0.395377291114146
0.027177812947600355,0.6793210121176098
0.02500030732235914,0.7740749827260137
0.0401804228143266,0.20311252431911803
0.03876361416118557,0.23778163679475095
0.07201577524995662,0.001331040050250752
0.03415103796285612,0.38199793988298175
0.022891253019083235,0.8567201089994188
0.030564320692237468,0.529969179510794
0.02576132148849264,0.7416393298457333
0.031649977576066246,0.48179713381628436
0.03949038944331565,0.21947018272799326
0.02706412046884127,0.6843785722546734
0.022222144527629523,0.8798338670901582
0.03137726994568135,0.493622614098424
0.04943779402639881,0.06314396140969682
0.0405666136675113,0.1943823808391749
0.03348493759970145,0.4070536617755133
0.040929650046762855,0.18644697823055206
0.04373318595093534,0.13346215315393747
0.031234362050166387,0.49989340516916697
0.02861401944419334,0.6153020315159683
0.04732217650849124,0.08423648159200521
0.020034542725982374,0.941410350605925
0.029285492626837106,0.5904195024840826
0.05711134623054004,0.0199762432844884
0.02729422357162739,0.6741372367442791
0.04611249619788904,0.09876823558315205
0.024834247013590716,0.7810089722537105
0.03200588922700312,0.466642413615515
0.03695990360328261,0.2882518422610102
0.029562633280747597,0.5769836879318595
0.0451930421727168,0.11116255042071727
0.04005463527447162,0.20602125252796824
0.027570547288238212,0.6618170742736655
0.05402685645688898,0.0323637904139741
0.02847574384143986,0.6214505479805204
0.037318530264953076,0.2776303749138198
0.019706746135795504,0.9485934156760453
0.025310540470168896,0.7609740468351558
0.022789396963739605,0.8603516299565996
0.03734446451647394,0.2768737575033461
0.02768758660054571,0.6565947298229227
0.04605277236188854,0.09953676001702032
0.02540792431742603,0.7568251883679675
0.05430922552426731,0.0309998408851928
0.024740016774855378,0.7849173633281878
0.01856339778574012,0.9693297665229144
0.040493223841215675,0.19601834341859115
0.03140927244166247,0.4922253002718354
0.027621314137507236,0.6595520140727726
0.04909691651896131,0.06620158435715506
0.030860498576644968,0.5165380333890532
0.028127895741760306,0.6369476586961249
0.03224451927324745,0.45665861433057936
0.0269808902557504,0.6880772145116087
0.03410702736701743,0.38361948450398253
0.04354779725291297,0.13653855188097533
0.033592482941912305,0.4029336905070242
0.025022695385275018,0.773135792443451
0.033389401243711925,0.41073772847170326
0.027909570188839772,0.6466879747300882
0.034158770337646915,0.3817135397166466
0.02880652166551456,0.6067574234003605
0.03748854057833684,0.2726984440566271
0.025250172654781855,0.7635374899036249
0.0428828426104898,0.1480505482998887
0.03995299044132361,0.20839534662887296
0.0251549177972179,0.7675687670402547
0.03899584061251049,0.2318076319301782
0.03482516149412829,0.35775691151085637
0.043153418345416195,0.14327495592379297
0.01851523591437132,0.9700584093407518
0.026015502396182333,0.7306050499813813
0.024344376779500188,0.8011024313547898
0.03778548878510202,0.2642419408352133
0.05147038355444339,0.04730793143671775
0.029432587797006526,0.5832654384815957
0.042833653353627876,0.14893238549647464
0.035927407539145584,0.320509084432449
0.04181948167487326,0.16807681953026746
0.020448957772588316,0.9315399164607997
0.018210791177308783,0.9744024558294242
0.025145863719105044,0.7679510570715375
0.033710142222875716,0.3984592150204358
0.021734057124972783,0.895520938752848
0.03241364892687432,0.4496687225652964
0.05470029382664765,0.02919444486844813
0.018813979423221494,0.9653529004669882
0.023213521248659497,0.8449795351850797
0.022394069966482855,0.8740660566358415
0.05157405628208661,0.04660182520198534
0.03519145648209343,0.34505219710760554
0.03461711117002708,0.36511905373080533
0.03067693610592137,0.5248368067621799
0.0450442784805829,0.11328396196206003
0.04385894527871942,0.13140760245955116
0.03542527012151539,0.33711313234868434
0.04719238450422647,0.08570408907208142
0.027560567944775932,0.6622622815861028
0.032407304651986046,0.4499296320819363
0.04522097002033931,0.11076797616695391
0.042971962157688226,0.14646360883506696
0.034227417455251596,0.37919514737283455
0.031865318831210354,0.4725901454087662
0.0303038197745793,0.5419606646281631
0.03697799798301182,0.2877088195758141
0.034456862329956955,0.370862117421664
0.03221713984086924,0.45779689024992276
0.027142628196616503,0.6808867834798435
0.04160803393309587,0.17230572410634185
0.044131212773822814,0.12704791680546343
0.029336144726746838,0.5879501793380627
0.055775697254634965,0.024698873225042765
0.028519033911642733,0.6195247541125226
0.044501808769879525,0.12130467944709424
0.04973089730282265,0.06061221592765305
0.027426706294159886,0.6682325633228736
0.02035467565820903,0.9338624423613585
0.028197178895678188,0.6338583427730815
0.02616191962228598,0.7242121088153151
0.034678773297562346,0.3629259899744845
0.03269342798071684,0.4382627917241311
0.041615276022730185,0.17215949655057267
0.03314845769374153,0.4201299988696223
0.030250243401137245,0.5444475166437007
0.03528051756798181,0.34201252938643895
0.025003746563624252,0.7739307706767737
0.03158335016110014,0.48466922351542124
0.03502210623841534,0.3508853420176735
0.020542804896811984,0.9291834373707175
0.033291831497598734,0.41452367643504434
0.026391078274649815,0.7141592802658812
0.024650488046887187,0.7886123452408893
0.029857517634209907,0.5628901740375362
0.04205764552264146,0.1634132095372719
0.03002886446245312,0.5547975013739519
0.023028777768596465,0.8517557467306207
0.036230213622782254,0.3107879566884745
0.0292189961618744,0.5936705201062281
0.030666852265451405,0.5252950989914609
0.030252412898103154,0.5443466789431647
0.035262379705953306,0.342630016040695
0.0488438478862212,0.06855247474876942
0.02854022352058877,0.6185823979199645
0.029175753340001,0.5904301047965743
0.030828790061055267,0.5179656212888125
0.03147853096312647,0.4892100093998404
0.04670626394938737,0.09139329501003005
0.043905826173143314,0.13064833697956857
0.021477415846215542,0.9033433148157739
0.047952584869016435,0.07740581999110693
0.04186184429136253,0.16723961718308716
0.029761340816364834,0.5674637396181471
0.03744840590479298,0.2738567778796712
0.03433737895469202,0.37518534197150777
0.0266990180236443,0.7005736611806979
0.029181822966682258,0.5901624940102351
0.03337804250640536,0.4111772555128821
0.047870610597454344,0.07826664507461416
0.047967585417267866,0.0772491669229176
0.025059202100084277,0.7716021623762697
0.03631602215235963,0.30807280937378906
0.024357769537286633,0.8005608263670116
0.04128243831180306,0.17898265498385554
0.036632103450102316,0.29822129082975
0.036381404404297935,0.3060156813985696
0.028615903024677425,0.6152183351451992
0.043143513543884016,0.14344754570765936
0.035871121932908534,0.3223401462452838
0.03866310308799997,0.2404035075919886
0.023047395247165814,0.8510783906263732
0.022633975705800613,0.8658167227791426
0.021507946708340053,0.9024286063364794
0.03489404671368335,0.35534267260301894
0.032173165069134924,0.45962902266771494
0.01993377043383171,0.9436775391470871
0.03460186307213686,0.3656628042175325
0.05808804675477422,0.017050618766856974
0.03436871135590319,0.3740482497306433
0.021551006338832113,0.9011311984638912
0.05573768885125566,0.024846656276094232
0.029279411339295902,0.5907163801314633
0.04188089101036291,0.16686428781292095
0.021526725905677946,0.9018638334509415
0.03879221887000822,0.2370394845154251
0.04034179213233002,0.19942809114353333
0.030251703040119482,0.5443796717071457
0.027069731651861773,0.6841290964122946
0.024379530796055815,0.7996798228607691
0.020174525302876445,0.9381744306575257
0.04549533454942589,0.10695290221192819
0.02294808123631442,0.8546771502407458
0.028054614374703468,0.6402162734755059
0.020865512735632585,0.920743517707659
0.0566011332371571,0.021675890608371218
0.0312008036174225,0.5013732990301643
0.03609044622920865,0.31524785770454317
0.02751415514951655,0.6643326872097622
0.0407540161882719,0.19025355126325735
0.028791415645634366,0.607427224303505
0.047244211571227546,0.08511550164841411
0.03581042591264194,0.32432318167087115
0.026774009619782824,0.6972539844661474
0.0294712095161328,0.5813956153814719
0.03527828326216484,0.3420885511530002
0.041406379491507606,0.17641723299374126
0.04051548694454754,0.19552093008465646
0.038037410422058104,0.25722376207746006
0.01533245872245359,0.9965721730655462
0.033284925004192806,0.41479256473475584
0.023127792249695966,0.8481390398188795
0.02068771341376663,0.9254578137508197
0.030213545110496343,0.5461549860363318
0.04757865637586456,0.081398532384976
0.03564160599149563,0.32988526621576303
0.027932960358550307,0.6456441892993248
0.024850235713838986,0.7803438847947556
0.03109597371913997,0.5060141846195007
0.030158602277249646,0.548717466874935
0.05141636523278237,0.04767950464735915
0.024561786820510356,0.7922549024595495
0.026407370477894182,0.7134425684510209
0.04501227200935565,0.11374472549448097
0.028254268521957004,0.6313135750899637
0.026925146659723787,0.6905523613685982
0.034292076662127746,0.37683370011715855
0.023615096763997645,0.8298476875864802
0.05291691375130203,0.03824920916314102
0.025762391132422846,0.7415930790661709
0.031218410089980886,0.5005965224604325
0.03526058307659008,0.34269122406247
0.04063985988034702,0.19276032930543535
0.047093377575144646,0.08683800455786682
0.0402603952339875,0.20127997693285918
0.046816185690708556,0.09007989986166087
0.03465247013463668,0.36386034209599033
0.05499262363861401,0.027906065109316543
0.04691196723214908,0.08894839650336922
0.021630097553398397,0.8987259086741535
0.03281162200886539,0.4335030764169139
0.037950618560166904,0.2596255761694226
0.03445554690071251,0.37090952169021574
0.02379407493619967,0.8229364795670715
0.02902600760277202,0.5970408903861188
0.029766194165751936,0.5672324092967657
0.04150019459023008,0.1744948603526431
0.031340723311134244,0.4952214505442881
0.05458577033924639,0.02971330360551115
0.025775913031809483,0.7410082600987613
0.048673107666215576,0.07017842473944123
0.03399497759636605,0.3877695267090335
0.023082053028971927,0.8498141197375519
0.03708017908025496,0.2846565448808227
0.0410498027471935,0.18387766699894137
0.03264016416831339,0.4404191547164788
0.03436494604789872,0.3741847695436257
0.041171980626156346,0.18129382386513163
0.03995666620896898,0.20830912291878192
0.04670670998508358,0.09138793332837407
0.042602592830774944,0.1531315989614431
0.037185112733851555,0.28154716638646354
0.027000339474213098,0.6872132303640457
0.0252780897634316,0.762352841379611
0.02782062294689802,0.6506575131573644
0.02882908369532433,0.6057572642626661
0.037003617849496295,0.28694125131061154
0.06419084981943024,0.005965245745923257
0.028275409503459303,0.6303714330208394
0.045679530487486186,0.10445325209243157
0.04635838018816252,0.09565612244976415
0.022648150152471347,0.865322181020616
0.022962427570754618,0.8541595192626401
0.06585117053964373,0.004402134159280213
0.024827297755038447,0.7812978708486434
0.05283138357436551,0.03873928970796347
0.02511074965220267,0.7694321910849296
0.037025257140917756,0.28629412556110445
0.030324674809700636,0.5409945349268157
0.01831750416841693,0.9729308727087869
0.0318342997075135,0.47390924946535073
0.0346567741231853,0.3637073378246872
0.02427119004007794,0.8040539420209434
0.024621013879157827,0.7898247616783994
0.034607525941321216,0.36546079841919155
0.046656998076049505,0.0919871316696492
0.04550277044939982,0.10685104048260777
0.027120342115016682,0.6818782787895374
0.0336734255616975,0.39985182241807277
0.036399273842937174,0.3054552104674081
0.043599044587330105,0.13568242286937915
0.022779959208256206,0.8606861355566356
0.017820236060453035,0.9793300973545851
0.03150796014476909,0.48793237101857506
0.027377084219004977,0.6704447484978548
0.03226281579616319,0.45589899648180227
0.035534253040878205,0.33345785976434605
0.041785775774002776,0.1687453271843909
0.04034253321676651,0.1994112919874378
0.03213904484740612,0.46105391079206465
0.08252344435836295,0.00013535796750654825
0.050084653307305105,0.057672848940582354
0.017728610836519887,0.9803845160913819
0.038018905360617805,0.2577344435426418
0.02697460570789373,0.6883563476846543
0.024032602537399805,0.813576585502544
0.04151579224475971,0.1741768676652426
0.016661343150851937,0.9900555274201452
0.022184430433328184,0.8810826276837513
0.020186372060734814,0.93789596411881
0.037696161143281115,0.2667647988671212
0.024318056588325872,0.8021654823299718
0.035195325054137916,0.34491976202464447
0.021640364995908268,0.8984115591922384
0.02311462974895606,0.8486218448378108
0.05017972277899396,0.05690409938221739
0.02869595083547624,0.6116630093597462
0.026386111920177813,0.7143777057629885
0.039233326729410045,0.22581819105019413
0.04078313803100134,0.18961818581100956
0.03095648766339454,0.5122315320930256
0.02775595156701982,0.653543760550998
0.03625153294863348,0.31011174394118496
0.02602693917437221,0.7301066084151286
0.033785521426562215,0.3956106916704333
0.027406160921341682,0.669148563834316
0.0357331333992883,0.3268612327099877
0.03541213491681783,0.33755562326322514
0.05098388714386748,0.05074654253510152
0.030370247038255083,0.53888706082835
0.021633359068234492,0.8986261058020993
0.049121713495183295,0.06597497590967774
0.041767884010597944,0.1691010449955841
0.033359596098050504,0.41189172534976143
0.02878569795120456,0.6076807802220611
0.019582825914571833,0.9511645085048223
0.03475424859553816,0.36025434358048714
0.04624027748685405,0.09714055383696073
0.03172305573240042,0.4786596924651163
0.04686943246738606,0.08944939495688162
0.039037164955098014,0.2307567486784917
0.02580995209607935,0.7395349406124914
0.023338548933013403,0.8403260385606728
0.02140781689498561,0.9054122864536469
0.022208357895197317,0.8802910542820841
0.04191443578110049,0.16620489946712014
0.03495265847754975,0.35329762196899767
0.027173678272742197,0.6795050370126853
0.05433833444947195,0.030862150934679592
0.03233707418113846,0.4528245938169666
0.03054612630335507,0.5308013029740591
0.04436617599148762,0.12338138004079331
0.03417751602105723,0.38102467865439316
0.03017794269213203,0.547814608816045
0.05101547787739957,0.050516876103190604
0.014444802355111669,0.99859245613322
0.036484031500618186,0.30280706211751984
0.017086009247835238,0.9867563243414882
0.02606136304309903,0.7286053781966939
0.029004360802569296,0.5979978199741371
0.03112562503059846,0.5046987392653706
0.022492818088657468,0.8706984342399221
0.018357777326532432,0.9723612474071746
0.047195831259595644,0.08566483912752686
0.05440639366658001,0.030542317798057213
0.0242052092367967,0.8067028154112135
0.0255788828622181,0.7495032721366764
0.03577569454539442,0.32546188123549025
0.06763712717368342,0.0031473823178277383
0.023921595415586416,0.817953157845405
0.03314836495901788,0.4201336416534836
0.03431131774893703,0.37613298013499563
0.03064567504697624,0.5262583800182443
0.03770957497166194,0.26638480452965463
0.022860163215585372,0.8578326999034946
0.027613656693965316,0.6598936856371318
0.03510348161028792,0.3480737143859426
0.029858554799598314,0.5628409748793064
0.038583437572175805,0.24249725470210481
0.017298548424351745,0.9848409624157372
0.030070284331999764,0.5528519486781691
0.021804714862161373,0.8933147947721833
0.0275751430058018,0.6616120412822966
0.04577206692522218,0.10321590026465947
0.02496211613561994,0.7756747722196542
0.02307021416216304,0.850246471071595
0.05564541648940019,0.02520869032963138
0.044338406910743755,0.1238101344893523
0.01743153431044056,0.9835477676681375
0.02952303529842476,0.5788921466359349
0.02383310676397643,0.8214162949888694
0.032717293885168086,0.43729889068802835
0.04118301727474949,0.1810618408220463
0.0366217228484112,0.29854109916334826
0.032740522138919315,0.4363621099929197
0.04239213590206958,0.1570388434544927
0.035106429578151466,0.3479721608633571
0.022986524711535172,0.8532883705574651
0.040883860399636096,0.18743355402396197
0.02687933809279619,0.6925850547311986
0.04618436160184336,0.09785003680268226
0.028944098898557424,0.6006634167480973
0.020677057308920554,0.9257353654621538
0.03027918285615988,0.543103364049191
0.03378256405767738,0.3957221824680057
0.05895678568900198,0.01477711412765762
0.020971151806470717,0.917868630512476
0.03441735037133664,0.37228787223575893
0.03864159096314418,0.240967517845835
0.031824948864329405,0.4743073697021636
0.039825413035729146,0.21140522639989795
0.02797106724525872,0.6439437697544641
0.02840701725535766,0.6245093947373725
0.05297941765158021,0.03789449997296738
0.02340786335489642,0.8377233275739593
0.023878710348342325,0.8196344090759067
0.029648074227313415,0.5728786190900241
0.03199092926888547,0.46727304528018554
0.019573223537160678,0.9513604292678888
0.039786506138797306,0.212329832927521
0.05196387492217325,0.044027935270005696
0.03402074770394092,0.38681231435085073
0.022304015366153507,0.877102510007129
0.028602506458136556,0.6158136436195855
0.038742497556174094,0.2383306489001667
0.035172716497086975,0.3456942487477948
0.02184072408122928,0.8921818933791434
0.025657294631618976,0.7461294692490955
0.03430398166870974,0.37640003703363284
0.049450109800998954,0.06303578908768806
0.03444576468218569,0.3712621782059865
0.0420712621533994,0.16314973572523442
0.02346544170275408,0.8355491490071189
0.02871993570967113,0.6105983434049733
0.020390868846708154,0.9329761995599999
0.042794271264117056,0.14964145758018194
0.02233824548901242,0.8759522746857562
0.02037537773176648,0.9333563363843407
0.024233535338386458,0.8055670461414655
0.054685625239915825,0.02926045313775853
0.020493992307038855,0.9304146583010914
0.0370032821318666,0.28695129953467075
0.029912465636209196,0.5602872375340785
0.023572489372686356,0.8314782334186469
0.040483374628215885,0.1962387159394173
0.022755244981422007,0.8615604826194394
0.030308867473681972,0.5417267275029707
0.038570801269997346,0.24283063283397277
0.035139900478002306,0.34682061664387515
0.03724220179119675,0.2798661716585205
0.032760492808554004,0.4355577834478742
0.02919355081456146,0.5949173252809452
0.02484905618983202,0.7803929686680675
0.036872267442402906,0.29089261213534623
0.03158987838198901,0.48438732468298074
0.02799037229619028,0.6430823882811195
0.02455726641382472,0.7924400375029753
0.03847443601831285,0.2453845018837511
0.02129834769207878,0.9086205004742677
0.02241750774217699,0.873270332962231
0.016910968498710075,0.9881988905007488
0.045284200455353585,0.10987891328909852
0.0375954971909237,0.26962947228376893
0.0196052130026102,0.950705888614054
0.04302080896149463,0.14559965233479208
0.02426981979428733,0.8041090689924896
0.03072425635860454,0.52268953246282
0.044625575638872095,0.119434795128757
0.029659703834918227,0.5723212241821005
0.026946529245361395,0.68960312624013
0.028808696583153437,0.6066609981578754
0.05351111369237316,0.034991560991135345
0.021445589688884104,0.904292217501868
0.023696627882309196,0.8267116424431964
0.026744878821958862,0.6985439923330352
0.034411305510406165,0.3725063349109049
0.02812670635240888,0.6370007019892492
0.023297212550135227,0.8418704852470555
0.04806534576704863,0.07623479738392122
0.03126828003384252,0.4984004955092469
0.04201330881901577,0.16427345838474264
0.04028287802553926,0.2007671248365906
0.017396185911685735,0.9838987697708378
0.043490944942653265,0.13749345299526528
0.01963003074319658,0.9501944511206513
0.02445574379770976,0.7965849384756853
0.027631733351583865,0.6590871033557621
0.028637938610022673,0.6142393140679558
0.03791442711924958,0.2606320984576129
0.04004879089738178,0.2061571843352756
0.03002126566924268,0.5551548807398531
0.02532670969525419,0.7602863340809887
0.029942285356880816,0.558877712962396
0.025983596512724194,0.7319947307965773
0.026382589577213178,0.7145326079029695
0.03556836429421517,0.33231966309402494
0.04012787537438711,0.2043237133292012
0.030952865641642457,0.512393618745593
0.04922225746781472,0.06506291954338159
0.02034535459019532,0.9340896044575174
0.018061068799253704,0.976375687218661
0.02245899192719414,0.8718564544688449
0.03928469699296222,0.22453844822228403
0.03774052609838041,0.26550955681815275
0.02061803532643032,0.9272623883277931
0.026657717099752926,0.7024002189818503
0.030074437972519408,0.5526570762221381
0.026563105813303567,0.7065795245738148
0.019154508291607586,0.9594417541604743
0.05859336147869931,0.01569283914872374
0.03531948231776327,0.34068870859912026
0.06406466383954046,0.006102671844293054
0.03280671712766671,0.43369990352114646
0.04875128889625335,0.0694298824363258
0.04640324237311122,0.09509723813756064
0.021930761528218823,0.8893240387783625
0.025482482415934204,0.7536378445668404
0.02653258686169882,0.7079261103261003
0.0326697284852918,0.43922138031071245
0.0456277334016571,0.10515121790066853
0.041673347050044995,0.1709905325728563
0.016152072464173994,0.9931695117574899
0.02859540186466214,0.6161293867858036
0.0395719879148852,0.21748428277304246
0.0355208567941734,0.3339056223174543
0.04959475470328445,0.06177715382090287
0.022138799585019853,0.8825854843371348
0.04183203970366145,0.16782829019908171
0.03361987065115485,0.40188908744448926
0.028645410723855735,0.6139073873003233
0.020147034660587315,0.9388178495506029
0.025134741924191517,0.7684204379576188
0.03243630908760864,0.448737640444839
0.04919956981757101,0.06526777823449535
0.02297476921582864,0.8537136152909833
0.030511842449159388,0.5323714907914465
0.030471741013216758,0.534211783625407
0.02606459047468962,0.7284645564641452
0.03643416477877648,0.3043630357255778
0.029801612277215006,0.565545960857213
0.043289805599489806,0.14091549029331285
0.025162981808204532,0.7672281492818661
0.025626132489390774,0.7474714024677354
0.03532988698566175,0.34033583432383147
0.029375075809773055,0.5860564211239645
0.027579526502157337,0.6614164735886661
0.02574856504352757,0.7421907853813806
0.03262056477932629,0.4412144121777566
0.04141407479800818,0.17625891752279974
0.02814191116703907,0.6363226327902659
0.03256724756679075,0.44338264954243367
0.029258469604350634,0.5917393918011521
0.027302711652011813,0.6737590800213016
0.03523239057827254,0.3436527191281633
0.026227682990306422,0.721332781765989
0.040607064385890485,0.19348527167571694
0.041112838976466115,0.18254095264838616
0.04457821880009838,0.12014744902163205
0.03725519446345271,0.27948464806594625
0.03617639884585003,0.3124996641938123
0.020261849856901062,0.9361049537737771
0.025364146699815765,0.7586922910569521
0.03175454132101363,0.47731203475983924
0.0490663377346795,0.06648194410508755
0.02206406116812959,0.8850278333342209
0.05314039036595153,0.036994182428066555
0.050433065404475175,0.054898385380141294
0.03902174691442295,0.23114840256962926
0.03263413729206094,0.4406635967722838
0.04684327402083799,0.08975867782205879
0.024417277998418974,0.7981487881623424
0.021581703455075846,0.9002010589117884
0.026139362703446856,0.725198619695534
0.03653507575428172,0.30122040912993303
0.03677971990202111,0.29370078032547353
0.033355404377678366,0.4120541980943666
0.03203641285836456,0.465357434059446
0.03934460434863518,0.2230531004729032
0.022565009323071483,0.8682116813057561
0.033147982830897094,0.4201486525478855
0.02966990019781829,0.5718327910841152
0.050035952918623505,0.05807009231917006
0.03152031506108732,0.48739663706733033
0.027204080049464396,0.6781517674205363
0.06460027740324858,0.005538592473498198
0.04851514761499437,0.0717117646689487
0.03127960547038411,0.49790263924699957
0.031003508177485317,0.5101302939091005
0.041789595137861235,0.1686694692718513
0.02962233148687643,0.5741135992598411
0.043239366940442725,0.14178436685012952
0.027056765191040652,0.6847055688174009
0.04238272281158928,0.1572154565436964
0.031925598026200874,0.470033607748788
0.033814683039688376,0.3945124812914471
0.030725751950286373,0.522621756205302
0.029080676002564365,0.5946256138644017
0.039155865324833894,0.22775853688818223
0.05003797933460119,0.0580535163644304
0.04672600062334131,0.09115629748887817
0.02373105893356653,0.8253810760683362
0.025943752110597962,0.733728386726521
0.017728205834093513,0.9803890930589553
0.025800772139010802,0.739932437771571
0.043290020377485194,0.14091179969866643
0.02300937827900984,0.8524602202160598
0.02303142445496298,0.8516595292144783
0.028087136158571724,0.6387655686636613
0.023249372016915237,0.8436506680534447
0.03729335768711617,0.2783662461455224
0.03803047287778172,0.25741512676219935
0.020506593926257755,0.9300979527865426
0.0235487352931133,0.8323847689202061
0.04630019862976775,0.09638502073419156
0.02686298627969186,0.6933103433117751
0.019243242006540817,0.9578044064775764
0.046679137338718035,0.09171987280894102
0.048614090128573095,0.07074802165136956
0.04066281833648577,0.19225410576913277
0.021902768050907906,0.8902164036556093
0.03265650527096059,0.4397568381456414
0.03303648730738995,0.4245440242636266
0.042836109953422796,0.148888244594808
0.03065926647327122,0.5256400244723313
0.04543842111676699,0.10773520790832392
0.02600916193878622,0.7308813128550387
0.056870321026233184,0.020763771956316845
0.03542073494256437,0.337265863583353
0.030162440980906702,0.5485381942187593
0.036572490499743204,0.3000613043792239
0.02870836871205501,0.6111117545050619
0.023456683337067075,0.8358805722974955
0.03269383282253746,0.43824642902231553
0.038502058501165684,0.24465036936315912
0.03627451129475473,0.309384115773268
0.04611568715780601,0.09872731398731203
0.03467359376152657,0.3631098454356036
0.026821689072297317,0.6951413571763556
0.0359460669971009,0.3199037334633578
0.05480982884365465,0.028705676024666792
0.028351530975535333,0.6269801762443097
0.043347219296985706,0.13993172134853732
0.02231838888473736,0.8766201063603825
0.04150695202953847,0.17435703840349012
0.025554908325173376,0.7505329153159039
0.02014178267655664,0.9389403318819926
0.025001663033893992,0.7740181387640571
0.03818754075523234,0.2531088813907011
0.03808392694627727,0.2559434310801291
0.029767601014664025,0.567165363802447
0.020702372677472325,0.9250750688258889
0.02668488261488111,0.7011989498083193
0.03388014008388773,0.39205508998556127
0.03006439176838116,0.5531284765672301
0.039875858915396634,0.2102110636332589
0.024544126344546946,0.7929779168636779
0.04142513945047921,0.17603148223487758
0.05944685382267911,0.013618302869262553
0.03367683138872013,0.3997225035807757
0.03909677946564161,0.22924719752760722
0.05740245918056239,0.019060625919590922
0.03388627691098589,0.39182524592868145
0.03251796966747822,0.4453929390099947
0.03091430645206289,0.5141211658261633
0.01714479082804382,0.986244870694374
0.042628139143354504,0.15266269203346858
0.04818440145755132,0.07501471795700995
0.02320552559433009,0.8452752991696697
0.023056419669247208,0.8507496069966431
0.020413043995935798,0.932429923973183
0.027315707608078166,0.673180047027989
0.02992318749352567,0.559780186398013
0.02977743247709097,0.5666969641243345
0.02795808863786825,0.6445228906324932
0.036659227041710984,0.29738685199544984
0.05338952118445395,0.03563766892991677
0.04506086028508427,0.11304585778493732
0.03805148086113197,0.2568359744613362
0.02939791774381509,0.584946985350292
0.028490948152624207,0.6207740860297
0.029785494090077025,0.5663130594538706
0.021911616055101224,0.8899347229772113
0.030317736839657328,0.5413158250240938
0.022050800139551352,0.8854586822017828
0.028182609399076908,0.6345079048182614
0.032897959568631764,0.43004829170250236
0.026760960040991266,0.697831934496518
0.060175658745378,0.012045816820769594
0.030263110844498342,0.5438496090875129
0.0264798500803195,0.7102511463841761
0.04048664980952921,0.19616541340443452
0.027998906260965822,0.6427016206216881
0.038613731156655284,0.24169945393039816
0.030140927658120154,0.5495433589253663
0.04234246942994613,0.15797251103173632
0.039620559556842905,0.21630879623581944
0.03749366136331311,0.272550916492938
0.01836727759852641,0.9722257303641118
0.03925814305016573,0.22519926356996164
0.023484918827485546,0.8348112193565588
0.057901518059810975,0.01757779591256763
0.04478100380903971,0.11712020923525916
0.021557590813120253,0.900932050616314
0.03114591851261811,0.5037996990110684
0.021848138820769275,0.8919478989420976
0.04722239385275373,0.08536286437450412
0.02746541193462826,0.666506637794809
0.018720016874699763,0.9668808515853978
0.03237846677432005,0.4511168631456476
0.03185876907993945,0.4728684770009939
0.036772420543966344,0.29392311422599116
0.04264280513991958,0.15239401812553188
0.02212855797440285,0.8829215775982673
0.04389003327916624,0.13090371171226323
0.022677480799518535,0.8642963568886421
0.030955175196581863,0.5122902616619875
0.026726281531531726,0.6993672352125881
0.025485695068919012,0.753500296978569
0.029381727421560783,0.5857332228596821
0.02063782327396052,0.9267523750503261
0.04715481005941813,0.0861329502683653
0.028378706480449933,0.6257699319087962
0.048471063485403754,0.07214474174311732
0.04711911421305792,0.0865420396725502
0.0506767864410298,0.053026572938548185
0.024107707576212334,0.8105957256567179
0.02271959100548626,0.8628177409182083
0.05199602649146584,0.04382126639415415
0.02365716619882549,0.8282321053033675
0.05468515188752443,0.02926258540075587
0.02096243009271037,0.9181080568644703
0.03170208165328803,0.4795588041383733
0.031017273516687816,0.5095161878784492
0.023780470584380597,0.8234652562867136
0.04430265550143153,0.12436393438525994
0.0406533958032852,0.19246174173673264
0.038738676402969685,0.23843009882823507
0.05907734103308587,0.014484120886816321
0.029890079085742205,0.5613468258836547
0.042706787699407944,0.15122634143479455
0.06460711923047424,0.005531706151453265
0.0408027069314536,0.18919218109265312
0.031496678629649444,0.48842189194850405
0.015551919574008699,0.9958304435834207
0.07610406368248301,0.0005675851249029931
0.03602542026254241,0.31733863488453035
0.018617906113643667,0.9684912873990097
0.026668994256041356,0.7019016057460845
0.033497328833710927,0.40657749686778893
0.03017537444479762,0.5479344483912034
0.01973306749660153,0.9480370937021728
0.04193708570689103,0.16576084902159854
0.023248345962305184,0.8436887622056294
0.02047503317678634,0.9308896310516728
0.05191881052918046,0.04431903210723714
0.049192934320489545,0.06532779759202127
0.026537301639618205,0.7077181313340802
0.037288312884840025,0.2785138960191541
0.04829142514842888,0.07393210577543298
0.029472104462822113,0.5813523299617228
0.04330279513784513,0.1406924281667305
0.027746206512013427,0.6539786716061341
0.024942703191421223,0.7764868126978159
0.036771258300012155,0.2939585269294071
0.03021763538339084,0.5459645142035948
0.0268939641174899,0.691936178075923
0.03352762587736513,0.4054148650074138
0.024756033705081837,0.7842544119603645
0.0483316280203524,0.07352886647590591
0.02012588677273526,0.9393101812868673
0.04742391642637084,0.08310091445134365
0.02387485042107875,0.8197854676993089
0.042922989990882954,0.14733393869476993
0.030566126929552295,0.5298866153291174
0.061489306423753054,0.009619440003921106
0.02479334554256979,0.7827078417974005
0.04133620457598741,0.17786615437542658
0.031040415374240793,0.5084848291048976
0.0334155777529932,0.40972605069684853
0.0463030415787789,0.09634929683333347
0.04391573047943936,0.13048838971731094
0.03288502646025909,0.4305646223994839
0.023775880702227692,0.8236435306154424
0.026642651462246703,0.7030661878623835
0.024904703049451443,0.7780740853342504
0.04153861566639422,0.17371239211926676
0.051338880646157825,0.04821690542475967
0.024948606438712856,0.7762399631816053
0.037603195723138305,0.26940957726151393
0.05940941368121788,0.013703859960288224
0.04421912891342672,0.12566570253214532
0.03509906868873186,0.34822577312503117
0.027940094778860947,0.6453258245777167
0.0410181424962211,0.18455195041625228
0.027723975377801358,0.6549708104018681
0.032477276280978046,0.44705759904095355
0.03214754839816647,0.4606985235385758
0.028386248886415166,0.6254340793061572
0.023846558083386205,0.820891347687309
0.02962082208857797,0.5741860604893056
0.03357361350174315,0.40365448112947944
0.026269533386599514,0.7194980216250368
0.029267699973236083,0.5912883561833827
0.054316131450287686,0.030967125924392915
0.02168964648126126,0.8968960705444755
0.03216057436002029,0.46015448230845946
0.01812789607923382,0.9755080526614386
0.0419480379527043,0.1655464711497014
0.040689748040529605,0.19166165084731393
0.0420659573912186,0.1632523393093462
0.030716137097173177,0.5230575720960153
0.020680918763240158,0.9256348544977727
0.028168971138579676,0.6351159927130043
0.0390728066566042,0.22985331868079678
0.042953870234579083,0.14678465181285455
0.027401931414854724,0.6693371205892571
0.02610895578342215,0.7265275301558651
0.02046275008420373,0.931196383154521
0.03150312106612943,0.4881423067082783
0.0173782303368053,0.9840750403032946
0.0248462666385596,0.7805090391679056
0.029620176449507596,0.5742170571627886
0.04891221286491443,0.06791049108785956
0.031014256088427894,0.5096507627273479
0.037927583108610885,0.2602658764451984
0.01790706774334272,0.9782956991305359
0.03469488447501293,0.36235452006823204
0.037545889460719906,0.2710496601875249
0.029667651031185627,0.5719405106704124
0.03625255825898693,0.31007924998790204
0.019382498968201323,0.9551533240153011
0.03613301545794331,0.31388458178106604
0.02708899140126414,0.6832726873276689
0.016326539268574358,0.992198936354385
0.028737752668120287,0.609807659271933
0.04702196695936334,0.08766366623542415
0.03810987452098302,0.25523134233213773
0.03625503396533136,0.31000080061096535
0.02815314511867484,0.6358216771648786
0.03838746051453379,0.24770703799677782
0.018905904815371244,0.9638151156360826
0.028293779817270492,0.6295528665420108
0.033997514626931236,0.38767521751473855
0.027167472489023736,0.6797812293972589
0.027029116642488707,0.6859345182031278
0.0425845749360082,0.15346301737314627
0.028563043160539675,0.6175677643209029
0.022879370666232468,0.8571457612089245
0.018380588769996486,0.9720351159189681
0.055362613286900175,0.026347541577245275
0.023083476346583476,0.8497621068788603
0.041821565210442224,0.16803556506934833
0.019130083781193075,0.9598853717418727
0.03139116919816903,0.4930154231175726
0.025450366196126728,0.755011943915751
0.025194464258769422,0.7658971781582883
0.03352047262368585,0.40568916103417607
0.023160738661380853,0.8469278675481987
0.03292429553640214,0.42899816789917394
0.027127038585875618,0.6815803788962611
0.027549217413624594,0.6627686436456541
0.02632290246035396,0.7171556447053511
0.02680845944845761,0.695727697054473
0.05677781105728044,0.021073305481748503
0.031473840593803204,0.48941383617283457
0.041455604705662064,0.17540646915680724
0.027267983836722243,0.6753061091313368
0.043017986011360365,0.1456494695409073
0.011850940916053654,0.9999716296226503
0.053500835127757274,0.03504577843866269
0.021531838885391674,0.9017097812303999
0.02442154551000958,0.7979754717596852
0.02850630696324241,0.6200908439962984
0.025504415444008832,0.7526984611708879
0.028881971874610723,0.6034139314137096
0.056415744778756216,0.022324612864563387
0.027401624119722634,0.6693508200224054
0.021881396994112956,0.8908953388026211
0.04113661858097517,0.18203869535920034
0.04999410354528902,0.058413327083824844
0.04474521056953318,0.11764993014680124
0.03732309947371998,0.27749695887554415
0.036216084243673285,0.3112367102438788
0.03824515817244867,0.2515429765071403
0.03053809528266671,0.5311688618127695
0.02208131534122132,0.8844661150542241
0.040755941181733424,0.1902115010757212
0.031289254008437906,0.4974787492191538
0.025253723731180622,0.7633868803708945
0.03732121044685044,0.27755211064654667
0.058393818943064724,0.016216980141224892
0.020284399633238193,0.9355642270666775
0.05806756047812989,0.017107818378213933
0.032134848158862805,0.46122936875456827
0.038891559268044995,0.23447585225207174
0.04689001894128453,0.08920662104118866
0.02555837663546251,0.7503840165885877
0.03942711334982563,0.22101979546976705
0.039381812454269194,0.22213438467817884
0.0217954424704202,0.8936055813426756
0.03205968901038514,0.4643791213171757
0.036387052862902114,0.3058384372934506
0.030978184385234475,0.5112612760669889
0.0286558113464368,0.6134454150058596
0.029563758013639002,0.5769295354299466
0.03997703575919742,0.20783181101644813
0.04445269713119293,0.12205329730846799
0.02650118358091913,0.7093108940302468
0.04516373471265822,0.11157786514101102
0.03102480355181579,0.5091804527241908
0.024296035844219854,0.803053507253233
0.035133454802072195,0.3470421639568756
0.05028156865954503,0.056090339850177265
0.029446520180137714,0.5825905076924274
0.038496077725188205,0.24480918048373274
0.022776619954241184,0.860804408722504
0.029639726885180906,0.5732788991299996
0.04010268474064799,0.20490633895389024
0.027943641149419107,0.645167573767349
0.02102476507277995,0.9163886977642994
0.032222438275618825,0.45757646630746096
0.029385955631589744,0.5855278313172312
0.03621263562659427,0.311346311293339
0.03506554661692751,0.34938241180930907
0.020736658447135903,0.9241757058668957
0.03862590646279901,0.24137937440988258
0.034340528653231894,0.37507092601745523
0.03980084943150575,0.21198860551573898
0.028125141778850282,0.6370704778234688
0.0352461972839474,0.3431816053302002
0.026143438958191434,0.7250203900391694
0.029154253175083578,0.5913782717631542
0.040410200556667664,0.19788204926939795
0.03617043359120031,0.31268982651120003
0.049710422410229715,0.060786202877362396
0.029695479075803444,0.5706085963426132
0.024812170765931896,0.7819263765083518
0.0250292586258391,0.772860270012654
0.017937048493952806,0.9779305252769414
0.04615063181577783,0.09828009989223016
0.044272999553125136,0.12482485317505458
0.0408785796475315,0.18754759646373925
0.04968908181524881,0.06096800137213741
0.03188244963408875,0.4718626782513266
0.019016392523280523,0.9619102566455542
0.02549657626292462,0.7530343004789777
0.03305685940383163,0.42373859969570793
0.027633259903991014,0.6590189868444738
0.02608021724244103,0.727782542650991
0.03484185089053138,0.35717092851886917
0.03484989707566777,0.35688866157900334
0.03144325480257926,0.490744327958395
0.024902193438250397,0.7781788057520151
0.0295294626893072,0.5785821172606695
0.029975934463447373,0.5572897702492041
0.01860144344432557,0.9687460762335645
0.03814173749931982,0.25435896756631693
0.022708483954642616,0.8632084080636567
0.035095319209517584,0.34835500847674106
0.021232091751322207,0.910534713717144
0.03021322967757123,0.5461696765046302
0.025479254438822263,0.7537760311920555
0.027284874320935015,0.6745537332683296
0.0228834287852564,0.8570004495734471
0.018524077399809658,0.9699255024756542
0.04025020932141665,0.20151266344872348
0.02539654585247919,0.7573107925992155
0.027535293810300843,0.663389766508159
0.02657189360879819,0.7061916382863083
0.018099962044948903,0.9758732847903687
0.01912388779978169,0.9599974233301821
0.025486555756565,0.7534634443401256
0.027317093230923017,0.6731183077321536
0.03075722365356734,0.5211968205918635
0.02382648185236158,0.821674638765532
0.024763755185181535,0.7839346106003902
0.026274285287541166,0.7192895780665101
0.03145912004092011,0.4900538944937141
0.025578200381662974,0.7495325953660925
0.0280253156698822,0.6415233452968286
0.036966914893806546,0.28804133928639186
0.042155559509192586,0.16152619000210783
0.02296749595762737,0.8539764658519412
0.031196619759236932,0.5015579989569038
0.023562973807073506,0.8318415961746537
0.030657695368468185,0.5257114802148727
0.047771636479647495,0.07931676081951566
0.028828633012933924,0.605777239840235
0.01764808911174759,0.981280127083075
0.030905671249376154,0.5145085479760181
0.04138722343002399,0.17681182074089885
0.024327933632422416,0.8017667656632783
0.04451586308784011,0.12109114225931303
0.02480123984532534,0.7823802309953107
0.026236915567319635,0.7209281759313508
0.027920826735083448,0.6461856467069356
0.025344305393263933,0.7595374262767677
0.022938790618255323,0.8550119616932312
0.04695391701138815,0.08845659677585821
0.03682397928806014,0.29235532850916685
0.03412022622290711,0.38313267751576785
0.02383110149806547,0.8214945057694474
0.0308089240242585,0.5188612991149675
0.03759118447680698,0.26975271620339863
0.024873000710155746,0.7793959743774115
0.0237634465109392,0.8241261629275943
0.03184084674677867,0.4736306334273636
0.01873818112151726,0.9665889268077394
0.03877856180807293,0.23739359703223722
0.046278700863925826,0.09665551528135466
0.018900286214419748,0.9639103306781869
0.05295033594904197,0.038059179335173714
0.029683482333535793,0.5711825592970394
0.02222160682892471,0.8798517130268824
0.03349909457346084,0.4065096749086312
0.03516565512476752,0.3459364002276565
0.016060052296274607,0.9936435282843532
0.02113954080850844,0.9131735266841844
0.03492207643725326,0.3543636274499614
0.02954390305944732,0.5778859380533916
0.038412889376793546,0.2470262799492316
0.04051949919754594,0.19543139176325514
0.04544331757950393,0.10766771750655768
0.034737518569471826,0.3608453422708358
0.03484459135923346,0.35707477279020267
0.028016303894776037,0.6419254021840852
0.01979998814846773,0.9466065717299205
0.028571280502136975,0.6172015617519416
0.035365872562441614,0.3391174056419707
0.023453380708138905,0.8360054809404011
0.02388763227764698,0.819285080743962
0.02540702538791756,0.7568635604372326
0.038583570568476167,0.2424937477753555
0.03557927741436567,0.3319561151927445
0.06565365046840682,0.004566033829944038
0.05349664355585315,0.0350679092910502
0.02298772370528923,0.853244969638985
0.0363222376067186,0.3078768173288119
0.026446252416038374,0.7117311121090776
0.03778142320226063,0.26435637260138817
0.03407175531406628,0.3849225212706409
0.031179575066492715,0.5023108999944323
0.03479736141683554,0.3587345159283065
0.023046192085864226,0.8511222028205354
0.02143778706531163,0.9045241335144337
0.030314749684926062,0.5414541932796748
0.021223991996590308,0.9107672912418927
0.036258662014441834,0.3098858624037229
0.020189058305159657,0.9378327221251361
0.025231140180877853,0.7643443088283464
0.022968716769586645,0.8539323600780313
0.02885458565699528,0.6046271345122483
0.04713475355092889,0.08636260570314594
0.029198631851214574,0.5946682350081608
0.026343533508077055,0.7162493773196655
0.04326494096761285,0.14134327703320013
0.025153165507550423,0.7676427660938101
0.04006227736313983,0.20584361399117168
0.030352704237575967,0.5396977206425763
0.04506051218177959,0.11305085207731076
0.042997849374063646,0.14600522517209502
0.041388859349673734,0.17677809578051007
0.02587238707391626,0.7368284066415499
0.0369733898610905,0.28784703986889815
0.03105006441316943,0.508055193889352
0.03765568699904598,0.26791384187525297
0.018948653023234008,0.9630854571332761
0.048973760253399,0.06733691653613437
0.020050586692296757,0.9410445718277908
0.0309153244877145,0.514075508070942
0.021554606080027794,0.9010223488112457
0.017798039587245573,0.9795890096204849
0.04339805490572379,0.13906532675481137
0.03015827544807753,0.5487327318990473
0.024440507808340894,0.7972048065312761
0.036359468178104926,0.3067047370114907
0.04787735691381306,0.07819549656328689
0.040944078116765925,0.18613696390940965
0.037747297966666205,0.2653183480732775
0.02677937044818468,0.6970165265907459
0.046303411405045014,0.09634465048672444
0.02324976989384303,0.8436358951688465
0.02380595321467671,0.8224743362155937
0.022570837867791016,0.8680100023741765
0.0570225266062479,0.020263301696367284
0.0345997777050121,0.3657372132499817
0.026565500421318333,0.7064738347601587
0.03057755398259937,0.5293644637780014
0.03270119134939786,0.4379490870049483
0.045614638178604894,0.10532828780956167
0.04548588896167938,0.10708241000078332
0.02328758001553216,0.842229549508992
0.03305405765598801,0.4238493072430447
0.02913460273708357,0.5922451638460957
0.03746753204601003,0.2733043165677396
0.021052528978807883,0.9156168081870784
0.04183132064879558,0.16784251271572606
0.026967882919427533,0.6886549223283119
0.026684788685620964,0.7012031043384461
0.02846540099027281,0.6219107683259224
0.030517681325477164,0.5321038684712431
0.03434627262814566,0.37486233336093855
0.01977860599766479,0.9470661574541588
0.03481248624252842,0.3582024088351075
0.03838509094240081,0.24777054658382383
0.03131555218326962,0.4963245631712902
0.0382583000960558,0.25118684161180466
0.035667614594145025,0.32902390282850535
0.05778363215279719,0.01791844143868092
0.042772729747303284,0.1500304623036567
0.028600519844551697,0.6159019306016156
0.026173943593151283,0.7236860161841945
0.021951897512763385,0.8886479954718507
0.035793140305904136,0.32488954455620894
0.039590077456008954,0.2170459194020924
0.039207957694680884,0.22645225738263505
0.03582461871912068,0.3238586897432812
0.022102076314333696,0.8837885375422353
0.027387395375749635,0.6699851213588872
0.025281260759881796,0.7622181925269973
0.023462824926927417,0.8356481961720975
0.03931097818834156,0.22388589371871723
0.021670826600199977,0.8974761162373264
0.02772631126833941,0.6548665644048429
0.027202205239544086,0.6782352308638653
0.024685768606576453,0.7871584445614273
0.03530091882535957,0.3413189410251365
0.0227381045687175,0.8621655100332428
0.029628189867005217,0.5738324096765888
0.023567908928191716,0.8316531790431216
0.03262292517054563,0.4411185869815049
0.037343740443981865,0.27689486099678096
0.030933375072043967,0.513266385051782
0.033876312350711424,0.3921984982946787
0.026201033359077974,0.7225001549753893
0.039390131009580664,0.2219293891300704
0.04270735900777656,0.15121594768110902
0.03836898803981792,0.2482024599072857
0.025873080853021757,0.7367983019464124
0.060941443052417776,0.010571745550883355
0.042446446830326834,0.15602294507906492
0.035615069272744826,0.3307657975483035
0.028802601468900263,0.6069312325656671
0.030768732457154058,0.5206763494491176
0.021181816318460667,0.9119732613537889
0.0354091572184595,0.3376559922019083
0.026285920347976693,0.7187791043089391
0.02916951228832565,0.5907053025212043
0.03507583232100375,0.3490272249696433
0.028782826600938005,0.6078081194983187
0.03719718381249354,0.28119110645351886
0.03104112285376648,0.5084533198852428
0.05639267205600279,0.02240654564963412
0.034288366501838086,0.37696892141927696
0.03161983882112074,0.48309494720040885
0.030345791054362192,0.5400173885321933
0.023174781467081407,0.8464104656380136
0.04701968232066622,0.0876901900931046
0.03496825670499193,0.3527547901443561
0.032107579699852395,0.4623704983201445
0.03219568836474884,0.4586900251623197
0.020053324121260263,0.9409820303978437
0.025997587560445734,0.7313854973219103
0.03246182725241731,0.4476906622987955
0.02197628142214736,0.8878656385050098
0.045641560357653876,0.10496452194838476
0.01739271220813232,0.9839329773953898
0.03221420209045456,0.4579191359153918
0.02700272371791651,0.6871073026151734
0.03019129489036476,0.5471918276787601
0.03078729761203214,0.5198374522044612
0.021030513377757742,0.9162291913926752
0.06850013942546918,0.002667715331359737
0.020545135893618283,0.9291243412640348
0.026037508693992795,0.7296458222443061
0.0261494037864074,0.7247595507790476
0.026083425891369624,0.7276424688445332
0.03413145453596522,0.3827188882822689
0.028694730326072004,0.6117171945137233
0.05038352889478925,0.0552857099929647
0.0417683251575619,0.1690922670813395
0.02469190421205747,0.78690530712712
0.01851479417511237,0.9700650395612199
0.03746474866361038,0.2733846630549147
0.021561387827207235,0.9008171188993822
0.04150737322043885,0.17434845083270775
0.030206026410398934,0.5465052160321918
0.027629030241849706,0.6592077186093968
0.05296707612217161,0.037964309482392135
0.032401704634816064,0.45016001744308626
0.02904508410379733,0.5961978474559508
0.02446199047516484,0.7963306297634358
0.022020293341511787,0.8864469623184716
0.038218524737381965,0.2522658943793855
0.04386195504638235,0.13135874944747744
0.02305590664720636,0.8507683056091566
0.019615410754458718,0.9504961208117728
0.025183007691697568,0.7663817387805143
0.04447973841738889,0.12164063404809042
0.029112020088650936,0.5932417600116627
0.034303554075461484,0.3764156068972082
0.029799211024700067,0.5656602017446347
0.022774075523792958,0.8608945014968381
0.02594631698610994,0.7336168480970573
0.044167583373372954,0.12647459802671793
0.02934034378663697,0.5877457468861863
0.01961713885848937,0.9504605205139026
0.0415031364096039,0.17443484957790278
0.03221936577286483,0.4577042791301537
0.019684732446208497,0.9490559453705171
0.026198300840358735,0.7226198081052058
0.03275037503810618,0.43596515607004105
0.03354730185051891,0.4046610342489876
0.04367717459460785,0.13438560987221598
0.03616859158705654,0.31274856358910086
0.04764491484115352,0.08067863250080938
0.026809537006271644,0.6956799436761214
0.019708129775817318,0.9485642604508038
0.021847361572208235,0.891972438814022
0.035481522382275865,0.33522285726871714
0.020546140345201747,0.9290988676832425
0.01984800653276597,0.9455658731483942
0.054956612537272576,0.028062017560334218
0.050890753765142405,0.051428883101320044
0.03001245868648128,0.5555692581044372
0.033388412719865146,0.4107759666930982
0.03760543327910959,0.26934569065943864
0.04624090328544406,0.09713263781054242
0.05665114833519325,0.02150377096532153
0.024940805425285983,0.7765661541290927
0.03793697231661208,0.2600047475060817
0.016913807859259555,0.9881764346464641
0.0233988123641502,0.8380640981368966
0.025594538126855637,0.7488304337055492
0.03568168401208116,0.3285586242212044
0.038731276287420124,0.23862278561693506
0.023888171876284586,0.819263945850753
0.03533778745172056,0.3400680652491927
0.032293935599237544,0.454608915065988
0.028032891775656932,0.6411853487839339
0.023619997405011306,0.8296597758490105
0.02153177801339179,0.901711615992103
0.023268051981919724,0.8429565065273411
0.02962743582934535,0.5738685972255727
0.04360778692745304,0.13553681204463397
0.02973070138678169,0.5689254515430927
0.0482929399886588,0.07391687782346058
0.016565596234590307,0.9907077791537047
0.05144327062216125,0.0474941171325062
0.045370846788204244,0.10867020411084534
0.02865182554624257,0.6136224490916153
0.039264919489349015,0.2250304843556501
0.03245324944861788,0.44804241719014753
0.03420831966173249,0.37989460117118107
0.022139577689827328,0.8825599314510795
0.024741617313617847,0.7848511417390229
0.056293794513956774,0.022760699914982366
0.03290779264710064,0.4296560036029294
0.038792819919242216,0.23702390926549743
0.0457247667191405,0.10384684495585
0.031900703577753986,0.4710883222741603
0.038100805718348896,0.2554800501317942
0.04999954069091328,0.05836863522207232
0.02570379496460984,0.7441243212113033
0.03144902746367306,0.4904930371878193
0.01807688399553281,0.9761722523720221
0.019158452068314902,0.9593698381115562
0.016906000731446214,0.9882381055978148
0.030667759621961832,0.5252538510358733
0.039480790291990586,0.21970472089265997
0.040418601337122634,0.19769283948131017
0.027088796390895675,0.6832813595654608
0.023894377864763783,0.819020809491635
0.04209810166479633,0.16263140242738716
0.020399915938748236,0.9327536294186147
0.029639191019002892,0.5733046012446408
0.04195583555710869,0.1653939768933326
0.028769180924498844,0.6084133432242915
0.023191926700512844,0.8457778188425891
0.031606530516092524,0.48366874003261173
0.03930597257316204,0.2240100687846481
0.032692000150080114,0.43832050436503334
0.020313093819974953,0.9348724140088768
0.03265059639560608,0.43999625206100523
0.02592854857052801,0.7343893688073464
0.03158728898940932,0.4844991260224162
0.02447111742171404,0.7959588893396742
0.024871930371796108,0.7794405669447708
0.025624644836398813,0.7475354282539014
0.03313405938186392,0.4206958469777421
0.020342933779916805,0.9341485293295889
0.04394604413909198,0.12999983982492883
0.030068174901247913,0.5529509309331923
0.028320217641195633,0.6283749913299155
0.02131392149418021,0.9081675294095101
0.020409139090124068,0.9325263006113831
0.018057297803014016,0.9764240212675237
0.03149146911963435,0.4886480468631852
0.04282388181578256,0.14910806793259548
0.021544279115950804,0.9013344573751391
0.021329553085543518,0.9077117233990426
0.02511821452149604,0.7691175168578455
0.03020922741347376,0.5463560926357534
0.03969500007164284,0.21451681814142712
0.03539467898093884,0.338144314181546
0.0397913477280285,0.2122146036850225
0.03181087411814931,0.4749070254101093
0.035887757754625216,0.3217981673246685
0.04660149546942716,0.09266001119540777
0.0487804414530435,0.0691525071517114
0.040620954403100984,0.19317797262496633
0.02671569363599058,0.6998358188372633
0.024526350483018655,0.7937048995465776
0.05661562317776769,0.021625899982402472
0.028093957085821852,0.6384613288430905
0.04521781209110376,0.11081253432150978
0.04050179773985685,0.19582666369341437
0.029327835952666026,0.5883548183230914
0.021725391680039174,0.8957899551555266
0.03174326440291966,0.47779442946220835
0.016785612945785844,0.9891600019212118
0.024654443668552795,0.7884494778929045
0.03828871050275062,0.2503642127037755
0.03965472763912903,0.21548484582285515
0.05368490643027357,0.03408590105769692
0.0322083089332911,0.45816442697409143
0.0437865346170726,0.13258741170852026
0.019694837314667257,0.9488439425610804
0.03416573154742031,0.38145762976778025
0.030418034683549144,0.5366825977747667
0.025818677903446163,0.7391570001927328
0.02546493421273377,0.75438885959225
0.0640437863564125,0.006125685841635643
0.03911340377461703,0.22882759577401907
0.04007218082342745,0.20561358813435404
0.042503491271122656,0.1549616103748495
0.021205276763958003,0.9113034844772091
0.03809233473627516,0.25571252860458477
0.033841929618412314,0.39348829740928837
0.03336027781332093,0.4118653059347707
0.03359951180993703,0.40266542233682573
0.0355613039914181,0.33255501532183396
0.05032134881052952,0.05577522051315631
0.026203350297926864,0.7223986931365625
0.036399842526281645,0.3054373862154666
0.039895695735143316,0.2097429230897501
0.019156259009063703,0.9594098390775226
0.02839972627951906,0.6248339988106073
0.01991610803200128,0.9440695260524313
0.036179881820045945,0.31238867188195907
0.03265379940320706,0.4398664627971399
0.04616049279762935,0.09815420721477448
0.027134739753460868,0.6812377601238156
0.03238561753082414,0.45082227875236025
0.02423233478407827,0.805615227158069
0.05848193312054606,0.01598362565955276
0.02253425026903666,0.8692737710832569
0.05314087830564318,0.03699148207285778
0.022464671717644213,0.8716623319360837
0.0326076132451486,0.4417404555851107
0.029375656046818355,0.5860282235101552
0.03623774879907596,0.31054883062543515
0.014580965594993889,0.9983685232339067
0.029280507849537174,0.5906628439451144
0.03754446490312585,0.27109052560036817
0.039468222826354316,0.22001207749355137
0.02100098117808058,0.9170469541241951
0.02684551749197761,0.6940849951382142
0.03695221968895113,0.28848267072094347
0.04208460879324616,0.16289181609825812
0.029250440242366837,0.5921319058677718
0.037842567074182154,0.262639323290432
0.019468461769361844,0.9534670147912838
0.026983725427266736,0.6879512812695913
0.03887744310513447,0.23483884081841463
0.035489675899976314,0.3349495045288199
0.035225388929321644,0.3438918069497664
0.030893428883797203,0.515058066177582
0.02630874439292863,0.7177773259415952
0.0342051709855925,0.3800100074753247
0.017447561297709857,0.9833868738595067
0.03506597389684041,0.3493676518115474
0.04935106881499607,0.06391019252850426
0.035949374973887505,0.3197965027267115
0.022170695304169513,0.8815359239188474
0.03736288171021873,0.2763373820154119
0.027404961691591345,0.6692020274646926
0.03763917112193002,0.2683837867417381
0.062238351938544545,0.008443156418687581
0.020044819448150286,0.9411762087698273
0.028979333359590242,0.5991045846830338
0.04773265520676717,0.07973360728476643
0.03497567390792555,0.3524968733762821
0.044409663813786804,0.12271237609172253
0.047921715373946905,0.07772904068366428
0.020625480576286215,0.9270707251205386
0.04537775496578034,0.10857431137125839
0.023060855133019587,0.8505879038750358
0.01936982701069398,0.9553986880822777
0.03169742254080876,0.4797586786686329
0.0272708026482478,0.6751805535534707
0.02014117212221178,0.9389545615434539
0.038765417115097844,0.23773480653278065
0.036888602603445064,0.2903990256227833
0.03480610995310873,0.3584266650557331
0.04897164565673373,0.06735655424776789
0.027124917317056685,0.6816747479768448
0.024378902023527493,0.799705295561578
0.021398392824398926,0.9056906956940667
0.02967825528671253,0.5714327465783204
0.02927142156286977,0.5911065606106419
0.030061109273027187,0.5532825550669757
0.028933797539870854,0.6011193164184861
0.024918725442022227,0.7774887189396489
0.031982590248209375,0.46762481623508073
0.038513957111354635,0.24433465185710845
0.05025205140300493,0.05632514973084881
0.03145479335455503,0.49024212387382704
0.028069822658398857,0.6395378535311321
0.03792059271893594,0.26046041887599525
0.03952818819079229,0.21854852001675626
0.0205145464477553,0.9298976766445756
0.036542366728330306,0.3009942775245769
0.03726184665956367,0.2792894597007787
0.044659192145022564,0.11893102643477078
0.015500335458089043,0.9960149470685897
0.03118938993406406,0.5018772680030534
0.029267144585921945,0.5913154890707079
0.020536684279610196,0.9293384788004126
0.024328262538443224,0.801753484051644
0.023000182760793242,0.8527936691349595
0.034287032506875315,0.37701754878986654
0.04081350323674615,0.1889574740973656
0.02731347874289919,0.6732793575029481
0.03836202344746009,0.24838944195487217
0.030248435731022094,0.5445315454991301
0.028342393076305594,0.627387181090127
0.05527485182560754,0.026710090955082595
0.036227167979084374,0.31088464727525217
0.0478276397449478,0.07872111328263286
0.03984244540028403,0.21100144538018645
0.035364203732158095,0.3391738408990738
0.02639225208049989,0.7141076516320268
0.02879129741164732,0.6074324673034697
0.03193140019212304,0.46978800697368384
0.04690204839081502,0.08906501519701521
0.040088167108936146,0.20524270070271938
0.036415976321487964,0.3049320222854838
0.027443226097347784,0.6674959683141786
0.028362795089127424,0.626478506315276
0.029894444938551645,0.5611400883419168
0.03700812796601627,0.28680628621944765
0.019834968614984794,0.9458496191497385
0.023063389351127173,0.8504954824750922
0.05069575839781276,0.05288320136408216
0.033099315430480614,0.4220634011344387
0.01931493733702727,0.9564519647092099
0.023934484818171287,0.8174467976883347
0.038788073514829824,0.23714692623627995
0.03480838309328127,0.3583467065452605
0.028010542336597166,0.6421824574869672
0.03163984632311956,0.4822331460503521
0.035058351952135136,0.34963101178474987
0.029902424024084273,0.5607623716198273
0.048065013805873635,0.07623822266472251
0.04518007438077676,0.11134615851776077
0.021871472858899454,0.8912099320286991
0.02542457275105592,0.7561142789117832
0.028788039858857917,0.6075769241757099
0.05036269283752126,0.0554493277137807
0.04340804285187455,0.1388956147105717
0.02318102528957483,0.8461801921804092
0.025457873679071874,0.7546908875894563
0.03402410027494174,0.3866879063785332
0.022742999564007063,0.861992839854228
0.04921690013956126,0.06511124409217524
0.02430515662405283,0.8026858484912252
0.030520027902902647,0.5319963377128699
0.04573010171659453,0.10377552067647719
0.025046463882503645,0.772137590590341
0.033015041828835856,0.4253930051030945
0.02182642429262993,0.892632476293623
0.03576870201132809,0.3256914876634808
0.03112929596826297,0.504536034040775
0.02265907106569387,0.8649406190847791
0.0320030794349338,0.46676081677437375
0.028899500756896734,0.6026376434406415
0.061798033019231924,0.009117715930663076
0.037616658583328966,0.2690253578194833
0.03494660836076985,0.3535083311310667
0.06025939802273167,0.011876051749323699
0.028450955810881737,0.6225535967247471
0.018578326236443177,0.9691015900107063
0.015704243575357102,0.9952471867221477
0.03806092121467086,0.2565760419867694
0.025160808233932463,0.7673199715764114
0.035397860416869986,0.33803696723963417
0.04253946701066996,0.15429525834282698
0.024597465570263155,0.7907919612861181
0.023723839705297234,0.8256603606362476
0.039522799520344376,0.21867973085065748
0.034231807687045146,0.37903448314614563
0.048393771720767975,0.07290923019430816
0.0361062498883471,0.3147412438396723
0.032494038442890005,0.44637140153628035
0.026154212713764058,0.7245492293575875
0.04928474183807485,0.0645015513667399
0.03267530207476499,0.4389958155537807
0.032493871173605915,0.4463782456188231
0.04517005941371474,0.11148812972757029
0.031977901660908525,0.4678226745562717
0.02922160095541415,0.5935429737105034
0.036197829753694566,0.31181717966711214
0.02842747613809571,0.6235986388029647
0.04966004569848692,0.06121610503368366
0.05111878898293121,0.04977205720627327
0.02635317796690148,0.7158255779515705
0.022751300612672942,0.8616998117856844
0.033247177791705496,0.41626426613178513
0.055665811966486234,0.02512826822633651
0.02884674243030083,0.6049746697429373
0.03290450761380698,0.4297870322857097
0.02158714629609637,0.9000356857088665
0.03483918543287079,0.3572644699338496
0.019687680338371982,0.948994152272258
0.026751013808803625,0.6982723631775302
0.03965012686613045,0.21559564974511655
0.021117447099210263,0.9137973792947206
0.021738755849254443,0.8953749266248681
0.020653322735016744,0.9263515237560775
0.026255531975786228,0.7201120612827046
0.023781666797138667,0.8234187840547714
0.04077718220212778,0.18974799092641706
0.03652623315792469,0.3014948324103308
0.026089452308006175,0.7273793524745304
0.03644292891622242,0.3040891470897484
0.04765701541791606,0.0805477414370897
0.020841964188202167,0.9213768943382283
0.0205540964221661,0.9288969167080844
0.06189993244618042,0.008957400268575532
0.028135731669236386,0.6365982061811764
0.02407765069670076,0.8117905453127195
0.03284056817429981,0.43234272488888154
0.03299869601420935,0.4260408722208751
0.03815170281552688,0.2540865917834579
0.03549614431746162,0.33473276021151444
0.025984285359208104,0.7319647410238102
0.02595528788710688,0.7332266647653496
0.028259328695608432,0.6310880587129906
0.029136803031415193,0.5921480823316669
0.03677058200310257,0.293979134641205
0.03032354278799096,0.5410469496228733
0.01990396031082914,0.9443381911989346
0.03707982771077745,0.28466699931823264
0.03712973417218127,0.28318496919991154
0.024258269203659144,0.8045735699629373
0.022948650976542972,0.8546566078353405
0.027204687169536085,0.6781247391514358
0.0361460536594449,0.31346789638710504
0.02683340893717079,0.6946218366367329
0.033731400838000525,0.39765443910298337
0.02778024208778218,0.6524596919777169
0.04750358946792399,0.08222067619355285
0.028082342624290657,0.6389793837003381
0.03690859971840227,0.2897956336041146
0.025992425182950862,0.7316103189701588
0.03231200374434379,0.4538610047327324
0.019949797665498578,0.9433204515237708
0.028469606052071272,0.6217236529155602
0.02739941855389033,0.6694491450070388
0.025974419273373073,0.7323942163544491
0.025930739637914133,0.7342941293532114
0.03491495343937495,0.3546122434451536
0.017354614673246727,0.9843048095730131
0.023476948116827323,0.8351133554921948
0.042215809183253294,0.1603737468232985
0.032053124653108334,0.46465488881397277
0.024897934836814573,0.778356477224578
0.03387161257170912,0.39237462802521333
0.04901909565159546,0.06691707076385921
0.04873442114023041,0.06959080457032084
0.0148606198897617,0.9978195059428936
0.02384727066840331,0.8208635235454089
0.028595493341938616,0.6161253211954152
0.04396692976811112,0.12966410684772825
0.03169135224489572,0.48001917371067976
0.03770795095502799,0.26643078890786687
0.02532842808314445,0.7602132200835783
0.033812777192866905,0.39458418996762107
0.02291008497311875,0.8560444305371314
0.016381028619980254,0.9918758429690531
0.043346889999423516,0.1399373478397614
0.03002404592339003,0.5550241061370593
0.03162269854549238,0.48297170663816374
0.037309475725871066,0.2778948992912915
0.03199662495413602,0.4670328798436643
0.05788759357108242,0.01761772855060689
0.035127496479458176,0.3472470501204666
0.02003403720973085,0.9414218541344188
0.03346171729007286,0.40794699098963977
0.06589354512226486,0.004367683544327022
0.023765802269751723,0.8240347603148266
0.017602808019380467,0.9817711647483222
0.027371250197636254,0.6707047917077757
0.039959575467672204,0.20824089916223393
0.04206088376179262,0.1633505206760152
0.021557219991838822,0.9009432714371745
0.032978516670365554,0.4268416015895585
0.041533517530242536,0.1738160578965087
0.04879354308899675,0.06902815768403729
0.06082113042202353,0.010791968088634031
0.03887355631372513,0.2349388628741479
0.02166977141147014,0.8975085905090384
0.023057829448181355,0.8506982185395965
0.04744739401990705,0.08284070951727597
0.0296614797366489,0.5722361357284773
0.028511041601018805,0.6198802413064672
0.031794420925623235,0.47560864141759257
0.021650667117764644,0.8980956648478949
0.025524540901070925,0.7518358081115183
0.021879869814986463,0.8909437784376057
0.0345512059847799,0.36747334772177825
0.019744369330154665,0.9477971234116365
0.03135195914837259,0.4947295535300265
0.03836142213242397,0.24840559079325863
0.06374423975380655,0.006464731550320817
0.025427891885895282,0.755972491594768
0.05701167585834299,0.020298621216968803
0.040926757068957764,0.1865091883275224
0.02962013301173233,0.5742191426155382
0.041755779203929144,0.1693420474698811
0.04050607832749256,0.1957310211086444
0.03203450961995946,0.46543748831752857
0.02722760908700894,0.6771041817501601
0.029835005127159087,0.5639587227033062
0.054254155902440204,0.03126180814002158
0.022931279242251745,0.8552824209305345
0.03879037722947998,0.23708721262347382
0.02979673719741538,0.565777909988467
0.03703886166560405,0.2858878357327357
0.03470341178166014,0.36205231072373206
0.04548476530973311,0.10709782496203107
0.030690515879996605,0.5242200263656152
0.05447393652050453,0.03022779918645034
0.031179037988316338,0.5023346356130969
0.03502427439627731,0.35081022004057877
0.022736217735357722,0.8622320432360462
0.04293287750096386,0.1471578826679235
0.033729831035483104,0.3977138278779533
0.03166997047521547,0.4809374625437751
0.02946331713863426,0.5817774249145331
0.03307191330653503,0.42314409911289425
0.03595908370341344,0.31948193732788827
0.03369161142502536,0.39916164141253707
0.03161397578131808,0.483347680114437
0.04123910436756306,0.17988655668262982
0.024787000329201392,0.7829710667828668
0.03097440486672512,0.5114302086582162
0.0341891832388882,0.38059637352774967
0.024996445974979742,0.7742368656863237
0.06765475255871395,0.003136837567201505
0.035792748535353525,0.32490238921880044
0.034131786549106424,0.3827066575782065
0.04571952855222988,0.10391691431144856
0.030848171424358584,0.5170927342449592
0.052104459595851305,0.04313046608890351
0.028362170734051728,0.6265063121366049
0.017790963701613483,0.9796710780735196
0.0508050438399304,0.05206381907114331
0.05433969438015274,0.030855731419304738
0.015810075159408778,0.994806681060395
0.02791947844235021,0.6462458143481893
0.03435812748755905,0.37443208091931157
0.04599174055833544,0.10032725572221854
0.033055862008775194,0.42377800826260054
0.03558969657714617,0.33160929024570707
0.02629049414173118,0.7185783967673431
0.022824471366121646,0.8591055153844501
0.04405302025178137,0.12828768732400378
0.02002802240764734,0.9415586261873607
0.026038544336722258,0.7296006653290106
0.039632906605439056,0.21601077053112408
0.04128232964032097,0.17898491724868787
0.03129457565651861,0.49724505172724043
0.018062071860785456,0.9763628194384129
0.03261075819541559,0.44161268079971877
0.024484978018187498,0.7953939559049776
0.02463780338566557,0.7891343746946116
0.04678194944181441,0.09048726264235157
0.02936298667525372,0.5866440961517349
0.021136573291475336,0.9132574561849335
0.032328824090483044,0.45316547886118425
0.025202577041463337,0.7655538958570087
0.029497563800431836,0.5801217549868586
0.02716501708221386,0.6798905045745973
0.030025995139883715,0.5549324321909179
0.06800140672493238,0.002935955281004601
0.028953020477469726,0.6002686355039959
0.03745244918792079,0.27373991746762966
0.039620332806540426,0.2163142723777884
0.04761583407457115,0.0809939313662221
0.032670774001245184,0.4391790620661789
0.04299771203163982,0.14600765402275417
0.022502808899606763,0.8703555244718877
0.014029758058959452,0.9991272913234086
0.02410296191332595,0.8107845411649411
0.044854171936205,0.1160434709624511
0.02459816091953837,0.7907634198685682
0.04132417975137548,0.17811537894656126
0.02920305336238893,0.594451526863608
0.03170530046220221,0.4794207498010341
0.020910192463028887,0.9195342769586415
0.026213572179333955,0.7219509938582342
0.022645036080326086,0.8654308972478711
0.023672180302945378,0.8276541807954151
0.02587349730140248,0.7367802309699912
0.02558697319087977,0.7491556103427981
0.027694927379041223,0.6562671396977144
0.028863370504884855,0.6042379189988931
0.03633885043748414,0.30735341298561664
0.04464058495366674,0.1192096528081074
0.039618401104271894,0.2163609283846669
0.027501742838984822,0.6648863199066256
0.025435975610847372,0.7556270922264611
0.023860332631110537,0.8203532292924616
0.03744412705192718,0.2739804874652354
0.0353555960911221,0.33946503476840545
0.02764418583019973,0.658531452750143
0.02109938054516511,0.9143057686652842
0.04555102098615066,0.10619202625217267
0.03818146947804213,0.2532743136411164
0.0220026196473197,0.8870176657529001
0.04689569704651131,0.08913975714881274
0.026146339367086657,0.7248935614760407
0.03232019615269599,0.4535221581079492
0.0450302196288912,0.11348616234757031
0.029469499854906656,0.5814783110056082
0.021794742514975735,0.8936275166806573
0.04671220793218567,0.09132186554416037
0.02929267568237115,0.590068951899094
0.027723447986574418,0.6549943467550758
0.04706286320977915,0.08719001376530008
0.01652737527857584,0.9909591929524373
0.02059207050163603,0.9279286263578723
0.042073844070663224,0.16309981550421057
0.026878617196288646,0.6926170336663401
0.03166060260567288,0.48134014596900976
0.03855401137406983,0.24327413405297482
0.033907147730596554,0.3910442650639777
0.05323071415547087,0.03649724056160005
0.03569266954909245,0.32819566104502884
0.02898895019185227,0.5986792598342191
0.03780211441030945,0.2637743763217449
0.0330386737844649,0.42445753078842835
0.025892613369806083,0.735950477451208
0.027719757224981767,0.6551590572648307
0.0383128459788854,0.2497127833337543
0.04076665396677226,0.18997762113717512
0.01641751728005325,0.9916540232145645
0.0227434619015629,0.8619765262220596
0.02146652286723183,0.903668621826618
0.018327611773760966,0.9727886474737913
0.023154147370188727,0.8471704821880912
0.03041263704988184,0.536931312460053
0.03921519213995206,0.2262713021337977
0.02292268576124079,0.8555915875692228
0.04047636195792781,0.1963957402686519
0.028518882879258967,0.6195314715843541
0.03714195267164622,0.282823003001641
0.031567664472810564,0.4853469900139376
0.02365414491885609,0.8283483157313297
0.028641160898111306,0.6140961700695267
0.032082951391458586,0.463402739142148
0.022407857043599155,0.8735982498427239
0.026800392366775005,0.6960851763080741
0.026639583359981456,0.703201790553623
0.028052250599194584,0.6403217213821673
0.04995481787610906,0.0587371182011533
0.03196915977262721,0.46819172867278464
0.022586437766434347,0.867469554471558
0.06802441355714217,0.002923052657585174
0.025974197613309435,0.732403863916212
0.038300483761859905,0.2500462851735777
0.02370790743458151,0.8262761532581047
0.037767674254380934,0.2647436331801872
0.03221974944836015,0.45768831735184107
0.03234652361758017,0.45243436205455717
0.05360819807685813,0.03448307424911736
0.03985191714888625,0.2107771611216557
0.03536066769116075,0.3392934423751992
0.026544568944494307,0.7073975182981769
0.0366433062244767,0.2978764361524521
0.05608686303847854,0.023518004397948513
0.029460581158703314,0.5819098182194529
0.02729355187472826,0.6741671608728566
0.025828230334145275,0.7387431359941854
0.03659806046331748,0.29927104068057403
0.023334522124586546,0.8404767463680518
0.02500510263731509,0.7738739020853526
0.034474852955967084,0.37021421472488814
0.03459037414502231,0.36607287908600655
0.04542776375557145,0.10788222484949549
0.033037525279164814,0.42450296230123075
0.041067528589025626,0.18350100233174152
0.02880097055595643,0.6070035446633043
0.029240726427468333,0.5926069690706157
0.04933662636600511,0.06403856259421545
0.037566628570064986,0.27045525289549205
0.02843177043944456,0.6234074911826546
0.018522982414601208,0.9699419833675408
0.038382129227494066,0.24784994301726448
0.028665999122234442,0.6129929480639362
0.02930784526926472,0.5893290429101044
0.03381291449216828,0.3945790236943677
0.03218255548724658,0.45923738154244753
0.03004547981349548,0.5540165526193933
0.03967599933367061,0.21497311731834892
0.02441025615766701,0.7984338668686666
0.03411376630318663,0.38337088175710277
0.03883279607506257,0.23598974727829103
0.03401309678013725,0.38709633082075495
0.0380493986794809,0.2568933324372359
0.03915452209122128,0.22779229664281125
0.03349782991399869,0.4065582496149117
0.04299678877428731,0.14602398234036124
0.04217844563949952,0.161087649930491
0.015337354149696503,0.9965568306961227
0.03633589760094613,0.3074463974618768
0.04594336113413067,0.10095758350251323
0.0381580846900228,0.25391227605860933
0.030874114926412122,0.5159257570590672
0.028322370718061318,0.6282790753056382
0.02650824468353108,0.7089995958359139
0.03596956957593589,0.319142445096367
0.02557333689307817,0.7497415372518788
0.036544372522698265,0.30093208916237
0.044137073363207435,0.1269553913958077
0.029703995031680197,0.5702013759518566
0.0268357781348314,0.6945168037944777
0.025611834562481395,0.7480866180587642
0.03231892270616071,0.4535748181866437
0.0467891050182781,0.09040199402479036
0.0337614731309579,0.39651792576068273
0.03965440842873513,0.21549253218428785
0.030834039264401758,0.5177291190215655
0.03547846489963333,0.33532540303431774
0.03276891326725803,0.4352189448484927
0.047795421909490154,0.07906331676703146
0.027823856213895826,0.6505132144028902
0.040389789674973975,0.19834235239011538
0.022582181316890215,0.8676171116817553
0.02670453241235815,0.700329689338042
0.019643770504318522,0.9499099383740355
0.02287014136304172,0.8574760118124093
0.027970969098804588,0.6439481491016614
0.031308141892803454,0.4966496154921933
0.018727951494130368,0.9667535341280686
0.04590668239516771,0.10143765874329899
0.026656598734912593,0.7024496616503125
0.024016082016338647,0.8142301510788369
0.02877775605612312,0.6080330002925927
0.04151875185566903,0.17411658147911882
0.05193665839050865,0.04420354318961922
0.01968472775349689,0.949056043702391
0.024414097657792788,0.7982779216623324
0.024870761205049607,0.7794892741224042
0.025224973450431107,0.7646055842543117
0.02410880075251909,0.8105522226913893
0.02730946049614358,0.67345839274076
0.021953267069493076,0.88860412214539
0.03245907736444256,0.44780340849566813
0.029393768911073814,0.5851484020883705
0.03624919788155545,0.31018575576769236
0.04514419774973233,0.11185543437098061
0.04530697993666649,0.10956006853383808
0.01853611472372707,0.9697439365974515
0.033701073548977944,0.3988028645688224
0.025858902248580312,0.737413416595431
0.03983486987431606,0.21118096194640698
0.029651734491648818,0.5727031513475145
0.03385515870112388,0.3929916878248191
0.027991018496927478,0.6430535558566752
0.027735907685883854,0.6544382935652491
0.02738799119133989,0.6699585616091788
0.02401157328323006,0.8144083862261076
0.03424712085914805,0.3784744572829494
0.033385474296379614,0.4108896455861902
0.03206386343413914,0.4642038104818915
0.030932380027573037,0.5133109672507198
0.026890469694509367,0.6920912180338827
0.03775920207335576,0.2649824778722989
0.03440505979363434,0.3727321511118543
0.03539075190330154,0.33827685408747854
0.04262283903433706,0.15275988124559794
0.02927721291925628,0.5908237247537371
0.03212496662688258,0.46164267620195604
0.019257063527012397,0.9575457341555721
0.032290185576898,0.45476424520772835
0.04437038139697913,0.12331655491746765
0.025734308108132875,0.7428068305766167
0.027190278140347413,0.6787661741769524
0.02994705882751436,0.5586522798039885
0.019686258712161897,0.949023957703832
0.03032550945458845,0.5409558913347152
0.03569277818952993,0.3281920730032113
0.036002329888780826,0.3180834827642593
0.027488804094745994,0.6654634030595133
0.020972521204328604,0.9178310043704175
0.029505096113358387,0.5797579789672241
0.0413877729777693,0.17680049108444829
0.03724869939759001,0.27967532405361434
0.02659558745584406,0.7051454980770437
0.024103706008249542,0.8107549399963918
0.02124281338671813,0.9102263697428009
0.03079417281057062,0.5195270007085429
0.0362718882185179,0.309467114402078
0.019969699378332817,0.9428751993826316
0.04912463387185095,0.0659483315088576
0.03052684015559959,0.5316842461880944
0.016850246572288757,0.9886718112633385
0.022670442253842182,0.864542831546426
0.02707884439459818,0.6837239081753963
0.02932104042213457,0.588685884388058
0.018974534290088996,0.9626391969959185
0.05142478412754936,0.04762142827944947
0.02062385467803865,0.9271126043564696
0.03722258594184086,0.28044291709894215
0.027651311701540227,0.6582134776451529
0.04220964425768381,0.160491364687299
0.028539235543919295,0.6186263315581673
0.03272987548491592,0.43679131541474503
0.03160231972921185,0.4838503816440897
0.018919803004539215,0.963578905587047
0.03880296226574409,0.23676120434153505
0.029352098457493536,0.5871736909548565
0.015858190688428586,0.9945964522985099
0.04529737806011491,0.10969437267065547
0.022825173476838934,0.8590805234793469
0.03266010135901687,0.4396111757143373
0.035310081689366335,0.3410077564795117
0.024831938131806064,0.7811049700166514
0.03017980966053113,0.5477275024205114
0.032951460548456185,0.4279168015533743
0.036325027711915814,0.30778886659728794
0.017143921988166944,0.9862525310233536
0.036737605064274925,0.29498528368965243
0.024883523010241826,0.7789574632586982
0.0290566030785967,0.595688913028003
0.016152859446301404,0.9931653471234094
0.022913659775161466,0.8559160202453471
0.021807317638328994,0.8932331014729705
0.022463697488523837,0.871695638157592
0.03843688540641227,0.24638518641065138
0.03236605164977302,0.451628623332544
0.03417226764516412,0.38121745693843484
0.028417732899381987,0.6240323540094079
0.030095962061257975,0.5516479232040749
0.020259964494726113,0.9361500458315967
0.031081877952043424,0.5066402906415611
0.01846721375582716,0.9707735798499229
0.033233941723093297,0.4167811599014268
0.029214526577504896,0.5938894154600378
0.04244259988374943,0.15609472884481998
0.039162783153992575,0.22758473070813173
0.02938961818579422,0.5853499518522831
0.027296444821923505,0.6740382789142968
0.03731415584491393,0.2777581481914924
0.023576843229086597,0.8313118800356442
0.0694687095380716,0.002210349975551182
0.02686118030244497,0.6933904379091289
0.030841872635693712,0.5173763138559629
0.02838307719734806,0.6255753077473913
0.03071209239411754,0.5232409758712558
0.022469921756456457,0.8714827816195949
0.022006113766170454,0.8869049442021726
0.04917264350894901,0.06551162431413612
0.030521419989357534,0.531932552424927
0.019007091623224337,0.9620729964254559
0.02789112789422099,0.6475109878112028
0.02871484076084474,0.6108244785212791
0.030936553415406104,0.5131239982295027
0.05582519020773857,0.024507603861279557
0.024157697899047315,0.8086030078230537
0.036847629359315404,0.29163825601523735
0.04520376421746314,0.11101092846889647
0.021197771717208505,0.9115180342558569
0.047790022113938846,0.07912079380427273
0.032449468062098474,0.4481975410660557
0.01752227116746341,0.9826223540305496
0.018163480175742652,0.9750374540978164
0.03319323228936044,0.41837367958879096
0.018887410991644454,0.9641279176375093
0.029474277528948933,0.581247234388142
0.031562192014192414,0.48558359488633873
0.038534133961023564,0.243799989375648
0.022132238865400056,0.8828008352614732
0.022589544899380615,0.867361795158148
0.04830582544475359,0.07378745412469294
0.037734024513311315,0.2656932314214744
0.042809173412832524,0.14937282560355478
0.02995072373454255,0.5584792374654588
0.03196810677525319,0.46823619567384545
0.027486249650001016,0.6655773305101251
0.034921545143443145,0.3543821670697019
0.03148767078460546,0.4888129825083595
0.039993914205006365,0.2074369506158504
0.048064646896666896,0.07624200870202143
0.019034631493411946,0.9615898484090458
0.023466752530076795,0.835499524654613
0.028994177625477624,0.5984480909881
0.04006060191153166,0.20588254923918503
0.029434281224977044,0.5831833784323449
0.04432663713439,0.12399222807935004
0.035314973950307804,0.3408416913310614
0.03826836509555359,0.25091434753785874
0.024052765666886744,0.8127778734068811
0.027915676906203946,0.6464154588319986
0.027789369405087028,0.6520523441995115
0.032047093079646705,0.4649083690165788
0.025098807812172108,0.7699353629497856
0.03483387743878896,0.3574508001342414
0.03396984520809587,0.38870463587976833
0.035125826091139456,0.34730450451468076
0.029935175009874637,0.5592136105189718
0.026576091040136612,0.7060063447412444
0.019096192002233753,0.9604958928413228
0.026612176416065392,0.7044127880855239
0.03497459612245635,0.35253434263699845
0.03951446598324704,0.2188827674149648
0.049334805521265346,0.06405476259470827
0.036903739450249606,0.28994220159075124
0.028586138585075416,0.6165411010679307
0.028124676237744062,0.6370912398149857
0.03582482435531553,0.3238519633773627
0.028388149770802784,0.625349438692569
0.05268266422688961,0.03960449928014285
0.028226912548049543,0.6325328638331067
0.030710663888667944,0.5233057599229974
0.021642707800622385,0.8983397641742481
0.03677129575195093,0.2939573857477001
0.038012151694870155,0.2579210142002939
0.03902446510877866,0.23107931709979534
0.015113648719407569,0.9972055064400845
0.034456300514774996,0.3708823630961111
0.0372225630239168,0.2804435914496874
0.055238645869460146,0.026860940831755824
0.041454591501451976,0.17542722727711568
0.02637384908580853,0.7149169374826098
0.03636719820923784,0.3064617934037321
0.046476741966528984,0.09418749297852007
0.02379872776380032,0.8227555044589896
0.032332908015110906,0.4529967141432568
0.04262105989672743,0.1527925168344706
0.033706231838736944,0.39860737058345724
0.024481092559757722,0.7955523678516714
0.030702088652047488,0.5236947605619937
0.0269829846089652,0.6879841875017283
0.02453149089587281,0.7934947493124708
0.03635431266562672,0.3068668457180044
0.03764837705621493,0.26812176362805484
0.019625619453667642,0.9502855901550624
0.036224274750112584,0.3109765194945758
0.03672314205638161,0.29542736141739007
0.020619421932645113,0.9272267139488404
0.02906859854651933,0.5951590236192954
0.03856049728043154,0.24310273718633418
0.03734536244865283,0.27684758844180385
0.030908610299171593,0.5143766791465194
0.038127665384946496,0.2547439684127101
0.021772509038248927,0.89432313288167
0.0188760128879365,0.9643198430643761
0.026000943798994702,0.7312393153152952
0.029118928624898066,0.5929368398310702
0.01963078733086865,0.9501788096200963
0.028991498927147086,0.5985665467877159
0.051957792537834835,0.044067127671478495
0.015941681741651836,0.9942164370644253
0.04237689311142692,0.1573249162516406
0.023987363182631435,0.8153644503837687
0.042261670662791795,0.15950094366745546
0.030142596368925245,0.5494653515729188
0.028868871612688946,0.6039942140225871
0.03755080191928517,0.27090877490921844
0.018928854611838353,0.9634245412960127
0.02178624791649031,0.8938935474041545
0.02676731985334535,0.6975502805218765
0.057897357942295224,0.01758971780827599
0.03206799443946645,0.46403036590585556
0.04867588899820369,0.07015167773821049
0.027161503353656635,0.6800468749492955
0.02911537903371042,0.5930935028753141
0.028813020431796676,0.606469307772675
0.019177644804576177,0.9590187164863611
0.04966880563773124,0.06114116344150867
0.03100411612332954,0.5101031620341364
0.024670069974604455,0.7878057332493782
0.034712916088276646,0.3617156864268362
0.02666222418969877,0.7022009519484107
0.032241623514262296,0.4567789144004992
0.045123860271912175,0.11214498274288508
0.03535639627779419,0.3394379571336074
0.03477184777160036,0.3596333816858044
0.019912963625114743,0.9441391422798048
0.03952678360639528,0.21858271491645828
0.03476702052985081,0.3598036285361977
0.02420131944125581,0.8068586141556536
0.05012075699803192,0.05737986370301622
0.02843220435461924,0.6233881771590103
0.019978288005875255,0.9426824200785103
0.02051409660909237,0.9299090138833497
0.04319846852950748,0.14249208417370096
0.026205055157274226,0.7223240313506878
0.03939372568574262,0.22184085014921046
0.03481047212118682,0.35827323540100475
0.019285600447630724,0.9570085585487591
0.04096975254881374,0.18558630646151572
0.0419594335922715,0.16532364959269838
0.027430430153723484,0.6680665270601933
0.029237491139642025,0.5927652436479164
0.030009158594470065,0.5557245792786105
0.04997234121086491,0.05859250171493258
0.046336355279197994,0.09593150699346116
0.031614939454651325,0.4833061340131192
0.03798612257552492,0.25864102579232967
0.026749576719420243,0.6983359932532033
0.020289402440368975,0.9354439120456098
0.02554197271052039,0.7510880885137264
0.03655694534945092,0.30054249211430506
0.04695161034724438,0.08848357960665693
0.02662193885060604,0.7039814942244744
0.023562627448455997,0.8318548168153306
0.035951294642906584,0.3197342870903133
0.02355614557738306,0.8321021614740435
0.033081801059200666,0.42275392511374027
0.06622163794863134,0.004109206637947367
0.02707252666543658,0.684004823276126
0.04007860977058486,0.2054643715109064
0.027001717778627587,0.6871519950833309
0.019979972961540166,0.9426445552220442
0.04859625299693637,0.0709209450097785
0.05699712509750876,0.020346070473244465
0.02552950148299382,0.7516230785767974
0.030467507875498956,0.5344062765998936
0.028814764235037038,0.606392002270277
0.018697358583869506,0.9672426908916653
0.03202075947624472,0.4660161173474875
0.031091159128822432,0.5062279838198329
0.023084797985323535,0.8497138032240349
0.034341202803019416,0.3750464400296504
0.02084028643887398,0.9214219157409971
0.031965106699943624,0.46836290095962224
0.029213338741008954,0.593947597058349
0.026735324669181604,0.6989669545080656
0.0346028366583877,0.36562806885459886
0.026807361062408275,0.6957763726882144
0.0453404776698047,0.10909259149059462
0.021972031888882526,0.888002171399321
0.02545046540438145,0.7550077019018808
0.06249640282319513,0.008069219161023645
0.03612074832314627,0.31427699373218143
0.024884485816123236,0.7789173271035346
0.02464977416351044,0.7886417345672806
0.020674082273058447,0.9258127527889479
0.031762032586418854,0.47699175486385154
0.013091261766970924,0.9997525927725438
0.031350547153939146,0.4947913524144127
0.03302785721631807,0.42488553314152233
0.025072660780952605,0.7710361018953168
0.030824728407839563,0.5181486652946582
0.030204747939646004,0.5465647824443798
0.032827479271415605,0.4328671544152725
0.024837549787943114,0.7808716307924212
0.04009097896456937,0.20517751867417508
0.03252803668526105,0.4449817622276099
0.028505994509853638,0.6201047426414674
0.04251833494840762,0.15468639196404088
0.022398846080519647,0.8739040869514649
0.04185200356493035,0.16743379969257766
0.0331326390302385,0.42075169428025766
0.038019390040701095,0.2577210581328057
0.046464519718579816,0.09433826813911195
0.03067667960635645,0.5248484610979756
0.021910370236018828,0.8899744051001729
0.026558115762606693,0.7067997531916161
0.018766786704061067,0.9661258471847141
0.026141931573141264,0.7250863009481857
0.03148962650286702,0.48872805459120505
0.019121106017839784,0.9600476668388697
0.030351306691460272,0.539762334205803
0.023005909453344353,0.852586043282467
0.0261867471781132,0.7231256365105684
0.042302258597871845,0.15873168448917716
0.031509380412206106,0.48787076604856444
0.05233514374664183,0.04169226576051244
0.03228482588192466,0.45498631080389274
0.03337669081964417,0.41122958051780784
0.024957493870875425,0.7758681914107035
0.04502770495892461,0.11352236079302974
0.0323270983925793,0.45323680438913216
0.02100255665179962,0.917003435638161
0.01884581256057616,0.9648251978250699
0.037965878807273756,0.2592020530578586
0.02935502031842041,0.5870315460450708
0.02685344319381988,0.6937335539255771
0.03225385304293876,0.4562709991339058
0.02876426629092016,0.6086313459268016
0.019984135506497358,0.942550950568633
0.03310889391081273,0.4216860824974169
0.022745883383894938,0.8618910705672846
0.022293002040481458,0.8774715596229067
0.0299217391572838,0.5598486638991609
0.04830750199762757,0.07377062868486463
0.05051055170590629,0.05429720647244432
0.04229026879293585,0.1589586156461451
0.019064142678284157,0.9610678323582008
0.032423651805006226,0.4492575566297574
0.03500719481170689,0.3514023011594309
0.051780476492631705,0.04522307650249868
0.034547948647529636,0.3675899845520845
0.01757663922214177,0.9820508414084236
0.023509116583414924,0.8338927164885308
0.020767617960304574,0.9233585712611514
0.0318833534563418,0.47182431737340363
0.01944811748443087,0.9538695421302945
0.03757713584603578,0.2701544753109364
0.034508896994846605,0.36899035451102935
0.022902684407311386,0.8563101152528505
0.03842470720786373,0.24671038867915898
0.033364354591222056,0.41170733732967224
0.03567028507187464,0.3289355529728561
0.038388957962990466,0.24766691019948298
0.028132032086083614,0.636763191979003
0.0501145264834596,0.05743033351604023
0.04950071669940248,0.06259295876529722
0.028725792184062293,0.6103384253349822
0.030389013119667907,0.5380207069547206
0.02161705299475769,0.8991245885034579
0.022149018581215096,0.8822496883531203
0.03406425062056301,0.3852001603735424
0.04342027974658991,0.13868791860538712
0.04910778282555173,0.06610220045301407
0.018699627577382527,0.9672065719106554
0.032769084219731015,0.4352120675692494
0.03248255884857776,0.4468412692501144
0.024890104222576037,0.7786830753527654
0.03649431824680177,0.3024868170331759
0.028762028853745236,0.6087305982472392
0.015391879706519673,0.9963823241090435
0.0267054483372835,0.7002891641521997
0.03268656613171261,0.4385401929370348
0.0350645050697721,0.34941839297618715
0.028243482786818763,0.6317942849737778
0.03533263514811258,0.34024267419606363
0.037936445547300246,0.2600193925684633
0.02711005643070541,0.6823358107681665
0.02397832242711395,0.8157210440067104
0.0324853551816211,0.4467267830660657
0.02390346882629424,0.8186644427771279
0.033556402402109,0.404312697486726
0.034329584164602744,0.3754686007194182
0.026750258314706593,0.6983058144034412
0.020934959613707282,0.9188597377791473
0.04711454957549904,0.08659446992155906
0.027860675690948744,0.648869999947704
0.017994647676521813,0.9772173018793461
0.03148926938894481,0.4887435617085397
0.04333525627571222,0.1401362435212962
0.03396485467076471,0.3888905066975115
0.03867250528231708,0.2401573153862272
0.028873851053297095,0.6037736350703606
0.038995793652640165,0.2318088282122202
0.042010270549535766,0.1643325411608103
0.02765607282560656,0.6580010212018943
0.02356597293614693,0.8317271022278616
0.025624742254971355,0.7475312356453088
0.030831495472954384,0.517843720765104
0.04666213107009465,0.09192510963035552
0.03199955042507596,0.4669095553173724
0.05113834374978282,0.04963215108786731
0.05948717431819517,0.0135267013233406
0.028958197119779983,0.6000395916342454
0.031223820960017412,0.5003579558412818
0.021537918090071412,0.9015264598533008
0.03940605023526306,0.221537496387308
0.04137803117364591,0.17700141675230677
0.041947387073567266,0.16555920518035913
0.03854390738494917,0.2435413260855412
0.028284880410207047,0.6299494049634109
0.017686146732147134,0.9808604197105047
0.02771785880192401,0.6552437794252539
0.030480618072204646,0.5338040668566467
0.02223905122374692,0.8792721239416652
0.020679520206761004,0.9256712665474854
0.040630654631531815,0.19296359489479145
0.04412051471965972,0.12721695711579145
0.05054764140614254,0.0540114572387649
0.03849855739556801,0.24474332678660538
0.025270277951264852,0.7626844740708052
0.031964622786106456,0.46838334069788407
0.02815847132906224,0.6355841746929677
0.03390559299974483,0.3911024054696716
0.06325195608830658,0.007059298933657451
0.03309204075461614,0.42235012053667104
0.04402528098629854,0.12872987367561736
0.03431370008802877,0.3760462838938823
0.02522009432144723,0.7648122561449717
0.030983372204304915,0.511029454413142
0.024469120635191022,0.7960402359559653
0.03349204810538764,0.4067803756438106
0.03427510864057301,0.37745239787343127
0.026040055220879155,0.7295347842328319
0.023133572502347044,0.8479268241497904
0.031049254814992877,0.5080912333745283
0.028534950355838862,0.618816891371452
0.02969641467790496,0.5705638486899071
0.017433418628578168,0.9835289078740438
0.025060719159415212,0.7715383740639311
0.03689360194397934,0.29024808858641954
0.040208980459392196,0.2024566428508589
0.02238631804173019,0.8743287450296934
0.020561596029191276,0.9287062608075546
0.019899671903748417,0.944432854179549
0.034578092806835325,0.3665115961016084
0.04738810340619726,0.08349916060620369
0.030169886936477597,0.5481905604432905
0.035566384098397075,0.3323856599658121
0.02348582080584022,0.834777016090764
0.049141225529177934,0.0657971297586981
0.019004181144621657,0.9621238313476953
0.0279570693132678,0.6445683748115338
0.028439508794800727,0.6230630592213924
0.036322686234072976,0.30786267428881997
0.02902488843128115,0.5970903573264539
0.04971575938862044,0.060740810324365915
0.02808433405801125,0.6388905555550781
0.03150185400474759,0.4881972857673493
0.02809357455342143,0.6384783910569614
0.026068838790709536,0.7282791718345777
0.02425572777853713,0.8046757249351075
0.04947943137349886,0.06277888845579124
0.05112777992875539,0.04970768849660042
0.029127710872574042,0.5925492699269528
0.039081828430560184,0.22962507051369663
0.03707933021677451,0.2846818019455337
0.026102980066153747,0.7267885690825273
0.034109212699814484,0.38353885416977457
0.02833717867424712,0.6276194440866314
0.027900758960154537,0.6470811854516507
0.023334111481147946,0.8404921120785533
0.03364093387849709,0.40108697729699483
0.03989337058587228,0.20979775362523898
0.03600653216751615,0.31794783127809784
0.019980913946307854,0.9426234027569786
0.02012233631353083,0.9393926127201891
0.014826298584202868,0.9978938276334656
0.06061114401960788,0.011186287336175582
0.03587035251683379,0.32236522909506127
0.026374836507932486,0.714873523047848
0.030035708240080283,0.5544757513147367
0.021685366418194296,0.8970281270863788
0.03997650422022969,0.20784425553190555
0.024387652331482823,0.7993507149556037
0.037727613500381396,0.26587444085105694
0.026875619321997224,0.692750015883064
0.02431643647223103,0.8022308591531214
0.028001207332084777,0.6425989531290619
0.029363035591191466,0.5866417175552908
0.03885147125974475,0.23550781588564704
0.04333406303810894,0.14015665664753993
0.024025672593825625,0.8138508337088134
0.030609404191536793,0.5279107841911245
0.0330008791831764,0.4259543036191248
0.03672169474306192,0.2954716270494096
0.020779276598527185,0.9230496236339856
0.02265386642458922,0.8651225201978168
0.029592300495018375,0.5755563177341859
0.0372497438402698,0.2796446557524372
0.039923057849520105,0.2090985203692632
0.030192053192909185,0.5471564715325712
0.03130523144346209,0.49677731963035576
0.0428628143876047,0.14840909263684451
0.04025604567508467,0.2013793123378105
0.03153888923169701,0.48659193871125167
0.03552069938986269,0.33391088604790875
0.02521666104478215,0.7649576577177402
0.033259765965694355,0.4157730792051404
0.03563590563408442,0.33007427037910614
0.034039176801081705,0.3861287871799676
0.027630941961636485,0.6591224159846374
0.03225050883222447,0.45640985335490797
0.03435670645065331,0.37448363681719454
0.040248322778565215,0.20155578262243132
0.05351057166406076,0.03499441824940673
0.032600729981292015,0.4420201989075327
0.026207787457086962,0.722204367759691
0.026463754536028228,0.7109602756648822
0.045052019866404946,0.11317274910061574
0.023139968830684143,0.8476918521712905
0.04500768874237471,0.1138108324069535
0.022969826512368452,0.8538922622983706
0.03973070822864316,0.21366132678223654
0.022666365867151872,0.8646854897719001
0.02879371921284113,0.6073250758543867
0.03044407919813219,0.5354835101395605
0.03248174962395585,0.4468744037993571
0.03313298335966919,0.42073815500864453
0.028423547342654065,0.6237735229491117
0.027528756198316684,0.6636813942815043
0.024135879368833657,0.8094735803365025
0.023046138396522253,0.851124157755039
0.031164645050279216,0.5029709832055695
0.04617894731059102,0.09791896440969246
0.028091866375660968,0.6385545817648888
0.022235071255315375,0.8794044705402924
0.02136051439311548,0.9068055080674797
0.03242329544303568,0.4492722005082984
0.0435197871495796,0.13700833798608322
0.0342244013545453,0.3793055517014166
0.02462347021737632,0.7897237977173939
0.03200908194772817,0.46650789796869974
0.04654483303590268,0.09335119664934126
0.026434175273321536,0.7122628574299193
0.023713148372654702,0.8260736737889351
0.03752361377004043,0.27168919791573
0.036239041043273246,0.3105078352485833
0.05936918254911783,0.013796333520367769
0.04943176742295674,0.0631969522873622
0.03095315041154456,0.5123808740246435
0.041792523895872596,0.16861131846475805
0.02683629438126478,0.6944939167460114
0.048210659261065214,0.07474786749747503
0.0273353339748153,0.6723054998171887
0.023985850876493076,0.815424116394729
0.023136707131167333,0.8478116902326561
0.06133957919722971,0.009871664244149606
0.047910778462021186,0.07784382974124614
0.028352620893493885,0.6269316327547493
0.02819807357513371,0.6338184562675373
0.04550678198544811,0.106796121296392
0.025318838760110263,0.7606211601173105
0.02907380722158215,0.5949289661141834
0.027199277857312687,0.6783655504168506
0.04116116210366316,0.18152145030664713
0.023351928024226254,0.8398249181320336
0.027332245736078065,0.6724431187440457
0.034937719872052325,0.353818055185072
0.030429885119394567,0.5361367983514678
0.03458345622348019,0.36631995722010346
0.0408432069259107,0.18831291248765386
0.04033526005361693,0.1995762104693777
0.04954800523676506,0.06218157325684878
0.030812278366428747,0.5187099972866156
0.04263904837683119,0.1524628038795168
0.02368437997359729,0.8271840731887952
0.03889342448121191,0.23442792161148707
0.020437371466030307,0.9318277595471658
0.03647241338059354,0.3031690548372279
0.024298279403678902,0.8029630893932411
0.03226836712331649,0.45566868709580893
0.047782401936576346,0.07920196531382004
0.04788136017974598,0.07815330287706095
0.03314051976263582,0.4204418925247852
0.02314928800206173,0.8473492496057675
0.039211364202064725,0.22636703649969803
0.03049137428716442,0.5333103009502164
0.02531426813008053,0.760815542340085
0.020775326232561175,0.9231543817338602
0.02339692798002113,0.8381350110691821
0.02736636876862064,0.6709223674413378
0.03806868422575149,0.2563624428843337
0.0233412504245068,0.8402249015225549
0.03582737786796719,0.3237684463435125
0.0641299501724909,0.00603121309403276
0.022660371689705194,0.8648951460688381
0.028860016618985185,0.6043865085889821
0.029422955687952612,0.583732321191987
0.05260694996869689,0.040051424887417204
0.025492948539196925,0.7531896823604343
0.028893520951070395,0.6029024453937399
0.021990447869341012,0.8874099175389915
0.0204465405654638,0.9316000241604053
0.025680623437244893,0.7451239056398331
0.03138797747326538,0.4931548116334617
0.01777842402862123,0.9798159618965132
0.04023436654981605,0.20187499290143335
0.03582918526037643,0.3237093418993439
0.022406323767832748,0.8736503134422315
0.02823590780392371,0.6321319129847647
0.025886335630286084,0.7362230229928595
0.03756704146504153,0.27044342877115424
0.03190203528319421,0.4710318621443084
0.02692937920969357,0.6903644865578181
0.030016016411017754,0.5554018409110026
0.026182156472467577,0.7233265805675131
0.041705221129876624,0.17035160280483788
0.04303285968690884,0.14538714558883545
0.02978441956456046,0.5663642207119937
0.01898510519519614,0.9624559497867893
0.04263598674466185,0.15251888038760497
0.06392002194931928,0.006263751306643793
0.022366927934549086,0.8749847383636761
0.02917783711386801,0.5903382277649646
0.0288610248804525,0.6043418381618135
0.05557716203117036,0.02547948681498098
0.03252799559537073,0.44498343998626233
0.027031440240691096,0.6858312510709397
0.039759738679588486,0.21296777262390132
0.030707549368363063,0.5234470237486237
0.06241097515231475,0.00819131014357904
0.028130064762245305,0.6368509274287106
0.032545171069065404,0.4442825087380066
0.031877770416519735,0.4720613106168591
0.027788368770971794,0.6520970020484447
0.030789033218478534,0.5197590694109516
0.024818608601478623,0.7816589540709848
0.024227872999103423,0.8057942553466186
0.033709430364616655,0.39848618288250054
0.05010377262081528,0.05751753407185217
0.027888176663428743,0.6476426924722043
0.03938035731907569,0.222170258839983
0.04192028085535682,0.1660902162701303
0.04787291044188069,0.07824238413499644
0.02536829535698526,0.7585154935746757
0.03979995198489017,0.2120099432974047
0.041921378762159844,0.16606868185884502
0.026447036172977723,0.7116965994375688
0.03966386746242412,0.21526485548430854
0.027899535676312148,0.6471357762223479
0.02157865854708585,0.900293514896162
0.03698621448349637,0.28746248840671734
0.022116615302520737,0.8833129290301609
0.031583600531742306,0.48465841016071187
0.027302625913457584,0.6737628999162328
0.02740670532651268,0.669124293241409
0.037515164530401046,0.2719320721395244
0.02625593724527997,0.7200942908390098
0.03567538760851363,0.3287667887738477
0.030821092226644198,0.5183125693622854
0.015726837790476678,0.9951556271794448
0.04546383240702023,0.10738533212593786
0.01978498695353148,0.9469292528202747
0.035016010581906176,0.3510966047287357
0.03419919354264564,0.38022916204817836
0.033086418276117135,0.42257181178177206
0.02554107427830299,0.7511266377155716
0.033809254982121506,0.3947167390723572
0.04557847600577458,0.10581854811334784
0.027784391902809513,0.6522744878149584
0.035268682665182544,0.3424153471703491
0.026238070791687662,0.7208775433280651
0.02354372007503991,0.8325759352531596
0.0364707621827155,0.3032205279930649
0.05119824693909175,0.049205682930423204
0.02733997547433553,0.6720986588281497
0.028406687582468004,0.624524071814532
0.02531010789994237,0.7609924386328599
0.026379149629510323,0.7146838751270846
0.027215585667584752,0.6776395273037634
0.040357181851873536,0.19907945903781687
0.02793195409136029,0.6456890930721066
0.022149082518784113,0.8822475859687138
0.03733144626115975,0.27725336515604815
0.04200714965350283,0.1643932484002708
0.020312285880841774,0.9348919507044189
0.01995454685896214,0.9432143851771363
0.02468856499751726,0.7870430841620675
0.031939420360928894,0.4694486583561201
0.03441399572284232,0.3724090988947024
0.029985187730392382,0.5568535789379768
0.01931627328142456,0.9564265132408224
0.05167332994099727,0.04593426072622989
0.03732665729497764,0.27739310742934026
0.04863014054554671,0.07059272624344244
0.037825882188366466,0.26310703438283306
0.017688299296638732,0.9808364887928468
0.026490085946015207,0.7098000607032707
0.03367267828610321,0.3998802002382103
0.039859904748068,0.21058816457986035
0.03391313293204523,0.3908204996085372
0.04129848204545661,0.17864891370234282
0.033496676840112705,0.40660254186523687
0.03707637736640784,0.28476967396375846
0.017810135738392574,0.9794481899691977
0.02060439241173173,0.9276128769930212
0.04705401978207885,0.08729225402766978
0.03678188942835564,0.2936347218746587
0.026920339486538825,0.6907657302723957
0.04220642674453423,0.1605527776394542
0.034059493480997904,0.3853762248161908
0.05573691558294869,0.0248496709856623
0.04234093404585773,0.1580014451925681
0.025268222170242383,0.7627717292337532
0.046923675547553834,0.0888109033654689
0.04110899860845796,0.18262216909371246
0.04706351023938893,0.08718253730534181
0.0439808056267893,0.1294414466583853
0.03158474698167105,0.4846088976842939
0.022568250545679513,0.8680995453342562
0.03132327743993357,0.4959858400856899
0.02921870584629327,0.5936847367057148
0.040834995445675204,0.1884909257200952
0.032106710248113624,0.46240691366095216
0.03525471749492992,0.3428911087041134
0.03228071171068947,0.4551568199288107
0.016108161201252025,0.9933988945249832
0.033074691010483215,0.42303446534689915
0.03126213816688295,0.4986706197775344
0.03177319027215053,0.4765149810694849
0.017139952013837223,0.9862874946593301
0.04207219047891608,0.16313178555695065
0.026958694641396552,0.6890629557073056
0.03566325138694826,0.3291682917008073
0.02046409333022714,0.9311628747131172
0.03532360470612961,0.3405488664339258
0.0291843793117611,0.5900497926443772
0.021035895002332383,0.9160797142231412
0.042390819245997385,0.157063537620018
0.027113016665010425,0.6822041371818562
0.039851331987771854,0.21079101194543762
0.02505658150699025,0.7717123406179133
0.02973179223712208,0.5688733715767529
0.029055132671684913,0.5957538738451962
0.02854669334588522,0.6182947061290796
0.03506832365990098,0.3492864893215685
0.029506743320378837,0.5796784445756968
0.031191227326580695,0.5017961164689491
0.03004963887151263,0.5538211751011096
0.029576367979581686,0.5763226114862204
0.05955670784322831,0.013370034078016065
0.019139301555324062,0.9597183093762149
0.03710567477643456,0.2838987226268897
0.019753316286463707,0.9476066863625414
0.052664707271495526,0.03971010010571192
0.02724542105795813,0.6763110034472957
0.0433978600905115,0.13906863866758937
0.0227276325975605,0.8625345983250746
0.01938954742312185,0.9550164887503483
0.031095336212534047,0.5060424907703225
0.02969541247667129,0.5706117817032267
0.026239134777081174,0.7208309084077755
0.041859640256639574,0.16728309275179287
0.032079036022860885,0.4635669826782215
0.026362317400870028,0.7154238868098806
0.040212741723946954,0.20237038163493448
0.034969029753712744,0.3527279028238762
0.02166867673002132,0.8975422748547852
0.04258844293822511,0.1533918212979725
0.04422195157946518,0.12562152956651898
0.041158136829858805,0.18158514384113103
0.03051293883345485,0.5323212321173159
0.0416348707168166,0.17176434835897672
0.03369836936229631,0.39890537693534844
0.016952659331675668,0.9878660718794884
0.026673534320800996,0.7017008424193081
0.03761614418696424,0.2690400307266478
0.029426282114788593,0.5835710592361033
0.025846847775019555,0.7379361665330564
0.031340914325947794,0.4952130854296235
0.016115449246189684,0.9933612284683435
0.027894525639977408,0.6473593571228942
0.05015654694252014,0.057090687338727145
0.03752295042479714,0.27170825995847436
0.018749378320675275,0.9664081497950215
0.03157728140572924,0.48493137709204204
0.030310800764945744,0.541637145043819
0.02814498332657156,0.6361856333812178
0.026161149783386156,0.7242457865912304
0.03190607795310063,0.4708604927417517
0.026163509983721855,0.7241425339345506
0.033769023073173754,0.3962329457304321
0.03956225521465806,0.21772041855754037
0.03484867106984435,0.3569316606682786
0.0382781174704096,0.2506505313360154
0.039147164622710395,0.22797728167011014
0.044192215510882205,0.12608751980775088
0.04229816326050512,0.15880916772975415
0.02816786900202345,0.6351651353806628
0.025493112280931207,0.7531826694724078
0.020697501329973195,0.9252023758071962
0.035146383579543805,0.34659788489821264
0.04849647827490344,0.07189485740089067
0.028098220285796893,0.6382711777372791
0.03914996663360132,0.22790681853401817
0.0227931537060736,0.8602183842646639
0.01874392336475683,0.9664962975959908
0.028521884974886613,0.6193979490655734
0.031116630751477914,0.505097529595418
0.02080649544896296,0.9223257158851151
0.03426781118465916,0.3777187004253371
0.027045426277893303,0.6852096167555795
0.016453008285392978,0.9914340116962674
0.027613096642310708,0.6599186746219965
0.04326743871773697,0.1413002566374344
0.025866561471053595,0.7370811677420009
0.048863143541535314,0.06837075687406777
0.02371960996715755,0.8258239188659857
0.027346172273113145,0.6718224987186228
0.02642229911498417,0.712785623342297
0.03514085194054367,0.346787922044222
0.0344454546798838,0.3712733578791736
0.0392071140355269,0.22647336709241658
0.029517262981177128,0.5791706625501514
0.025899881139345382,0.7356348851335761
0.026561486463320683,0.7066509944751505
0.03536391050023996,0.33918375789373356
0.020482121446675217,0.9307122650023687
0.03798973419564056,0.2585410313593316
0.02913542352989784,0.5922089483645121
0.021182629873906178,0.9119500791366251
0.04211641020762902,0.16227857889289607
0.07826370936573723,0.0003550003194011574
0.028176439476997217,0.634782997424513
0.023909098239422888,0.8184436479749101
0.020243700904282624,0.9365382675343245
0.0495435055620439,0.06222061821447823
0.022705550622408532,0.8633115024374255
0.03686143442265802,0.29122028723834886
0.025812272703335193,0.73943443854732
0.060603784654593984,0.011200340095593743
0.03365553402148913,0.4005316355788897
0.04885970141327328,0.06840314320670109
0.030773515443033417,0.5204601410219357
0.03211756888058748,0.46195225584997973
0.031053904234580876,0.5078842852891605
0.025638316895321867,0.7469468815426824
0.027672807126791654,0.6572542683518869
0.03244597081570172,0.4483410404677486
0.053243376892608274,0.03642804178077406
0.02194088936847155,0.8890003398027638
0.035024978946812224,0.3507858113566295
0.0380814423530626,0.2560116954547272
0.02850802072084202,0.6200146128266677
0.02105285187039796,0.915607809164465
0.025529582703054943,0.7516195952080904
0.020150712502796042,0.9387319938864952
0.03038247048570375,0.53832265589773
0.023501463619679974,0.8341834148794721
0.03229404552388737,0.4546043623935379
0.028682620233623446,0.6122548692972261
0.04543582823698844,0.10777096106482907
0.019754853011364315,0.9475739354107112
0.02104724144189507,0.9157641004152747
0.038250690041889523,0.2513930209182694
0.041650553078335095,0.1714486170355864
0.046476579801993156,0.09418949214056001
0.03947793436075242,0.2197745378875505
0.032298351038151873,0.45442606766915855
0.03196117534388654,0.468528972000661
0.030020904862294973,0.5551718533658442
0.04429330000054865,0.12450918860347004
0.038242368560838624,0.25161862185725775
0.024800517058191418,0.7824102320870565
0.029073052614459916,0.594962294534542
0.02962202232795952,0.574128440512636
0.033103499720317564,0.42189854405344196
0.025688916219825164,0.7447662587380606
0.023192788216850335,0.8457460023866751
0.03944114164281033,0.220675519302888
0.04927681027420322,0.06457257959542488
0.040793756478930576,0.18938693411017257
0.029514003819679724,0.5793279532899854
0.027794922227412394,0.6518045241655458
0.035315551080092045,0.3408221047984259
0.033252063866240356,0.41607356598913564
0.01940880399907491,0.9546413469983729
0.01892047651343437,0.9635674339799322
0.029375290303552126,0.5860459973374542
0.03828946160108093,0.2503439207286004
0.031467586763824995,0.48968569052617567
0.042581385406535,0.15352174520377546
0.0371038906790061,0.2839517034431643
0.03045266845706096,0.5350884259535904
0.022443219637037146,0.8723948325962907
0.03754842103271516,0.2709770499240965
0.023303183486658108,0.8416477525404978
0.042743965759407754,0.15055116458262874
0.021726557742541064,0.8957537747748392
0.04242337507141225,0.15645386043321485
0.03214043024536395,0.4609959988061136
0.017019275013310506,0.9873203746926938
0.030197678268911954,0.5468942440121575
0.026307252698863248,0.717842814552903
0.03511881645994208,0.3475456806259022
0.04760290044121118,0.08113449383047482
0.02460596348085592,0.7904430766893684
0.024934802632943454,0.776817068450858
0.05258388525931612,0.04018844206115848
0.03435682475578494,0.3744793444605166
0.042350017872937795,0.1578303232299962
0.02814598321322545,0.6361410450081011
0.02296505907310631,0.8540644898380347
0.03411866731812696,0.38319015140248824
0.028284391402660147,0.6299711947463857
0.039712954425575875,0.2140863384881081
0.03988002153259074,0.21011276031115983
0.040546386520986855,0.19483219844707372
0.02794522928139831,0.6450967064101911
0.033343659907894854,0.41250965160236325
0.04324182857826664,0.14174186109171136
0.03312173234014254,0.4211807059873012
0.03009673920201633,0.5516115081911165
0.028421881141308947,0.6238476929731068
0.06251577119681379,0.00804176946525455
0.04139284640212859,0.17669592291627392
0.039075000172742014,0.2297978073427193
0.05040196838547362,0.05514125826557339
0.016555284942811888,0.9907761042703606
0.0199640089146933,0.9430027177395961
0.015009119956908124,0.9974737202370625
0.04166282050412473,0.1712019605176905
0.03198707562459524,0.46743558477494473
0.03262888870571454,0.4408765463790244
0.055835694745140774,0.024467177525909597
0.02479928516302865,0.7824613623476555
0.03786069034053463,0.2621320015816767
0.031126582927525792,0.5046562796345138
0.04740839418907711,0.08327332712469687
0.028856904961597096,0.6045243725302059
0.0318630704844467,0.47268567680979817
0.021348872585921636,0.9071467857856502
0.039238849392328995,0.22568034069418944
0.04317562907111561,0.1428885486542356
0.030881482738720045,0.5155946450398518
0.032409934172241917,0.4498214803527228
0.02100408314429647,0.9169612585969852
0.03409004410410588,0.38424650393912924
0.03734603970652306,0.2768278518672263
0.04040646042407481,0.197966333475175
0.03011889292442249,0.5505740545849123
0.031136947916476476,0.5041969877624481
0.04169103905653093,0.17063565333881486
0.03791534440217559,0.2606065515396373
0.025467791317342447,0.7542666179534704
0.03507616386385992,0.3490157803893143
0.030363806404671734,0.539184597543025
0.01937981334935676,0.9552053940255512
0.013009948038502347,0.9997811654160871
0.032019363024775815,0.4660749087661642
0.024816345756398933,0.7817529610927986
0.029546579815090568,0.577756944970134
0.027333278329843558,0.6723971043337562
0.04698550547799063,0.0880877765459773
0.03662837915738004,0.29833600077194267
0.01820024210668758,0.9745449665571803
0.017813830809921216,0.9794050409701767
0.01856226738834507,0.9693469994401104
0.046257928933443604,0.09691747868161239
0.02662083993418418,0.704030046897171
0.03576847741285827,0.3256988645095291
0.029296055635553805,0.5899040444679832
0.025190560977018328,0.7660622968341435
0.030536976906226365,0.5312200595496835
0.05088571074493886,0.051466055688137655
0.023499543270697476,0.8342563296335684
0.021220712881227483,0.9108613591578835
0.04738395963423275,0.08354534356896105
0.052659974297601164,0.03973797452569071
0.024136994375558662,0.8094291223768821
0.03537004098242108,0.33897647058031527
0.038196164652377074,0.2528740352707129
0.018465841711525988,0.9707938468500229
0.06167138703514602,0.009320590031649591
0.056178505460342754,0.02317990621901022
0.03028757634996304,0.5427138938195001
0.027429091885598778,0.6681261969836125
0.021926769086879183,0.8894515187652487
0.022359849715104185,0.875223820059614
0.027365409198257584,0.6709651367851552
0.017265460887378792,0.9851512479684292
0.026350433322528344,0.7159461931043785
0.029556790050937476,0.5772650707276835
0.031224662727257324,0.5003208486425956
0.031006230024258175,0.5100088283563164
0.04399975378201598,0.12913789813696452
0.030969423960675646,0.5116528934644224
0.014074151939177132,0.9990795712244611
0.04297024038630837,0.14649413737620107
0.026644210276153046,0.7029972893001203
0.03668741339888759,0.2965215434828044
0.04288262177119606,0.14805449793672923
0.03728140387821133,0.2787162017133863
0.07892195833437482,0.00030688398622064647
0.04045508072869364,0.19687286263348044
0.042394633351566235,0.1569920118245274
0.03348382017125051,0.4070966206151763
0.023351393955234556,0.8398449335096688
0.03602472415410285,0.31736107132546976
0.03032966920720298,0.5407633225256567
0.023505972706328843,0.8340121598912861
0.02068144797709326,0.9256210736292896
0.028404096042090266,0.6246394488442448
0.025450864830002695,0.754990622824248
0.038085293080992066,0.2559059023003274
0.027536418041280597,0.6633396164511025
0.0441663461167201,0.12649406635135338
0.03354803578085064,0.40463293436563436
0.016049827160624197,0.993694634018771
0.03698463504281185,0.2875098279777076
0.06583566123423945,0.004414805489878586
0.03500104430406348,0.35161568894802075
0.04191536878972374,0.16618658914324452
0.03750969212024208,0.2720894638782141
0.037303617893206686,0.2780661334941782
0.05783846498778661,0.017759268186755845
0.027372399211084364,0.6706535767861472
0.0529707371673207,0.03794358917316625
0.03827829487579365,0.2506457342078252
0.029680254008460027,0.5713370720222569
0.06697486655485674,0.0035681038999063287
0.029709596951099537,0.5699335957837565
0.034512914511176995,0.3688461156039094
0.02245210653879126,0.8720916069686437
0.01654807781370704,0.9908236413549734
0.0317191789290569,0.47882579970792644
0.02763942774052558,0.6587437685435249
0.053056630922329096,0.03746028588190652
0.041997396194048964,0.1645830869558255
0.02549057570631265,0.7532913034083297
0.03163978384599808,0.4822358356315065
0.02815386428569827,0.6357896082449953
0.03871866960266493,0.23895131702205838
0.037370535564752005,0.27611470251242076
0.02863521918520806,0.6143601231922644
0.03148943394007819,0.4887364162917627
0.02671799977589695,0.6997337638503056
0.015449280878765792,0.9961913031789298
0.02710364951555,0.6826207821970682
0.032044046258443704,0.46503644789462456
0.0188440243457082,0.964854976587375
0.03239288271224727,0.4505231113572135
0.037709018870401234,0.2664005499839791
0.030524859066061838,0.5317749946116858
0.019680293365278434,0.9491489118141773
0.029029500202009118,0.596886524324642
0.03970325553180698,0.21431879911289828
0.04132754371282976,0.17804563014149866
0.01972817902510373,0.948140685685496
0.017717228256573292,0.9805128722271095
0.036834091096462296,0.292048578026085
0.04841586966445177,0.07268996193862329
0.04709622945121478,0.08680516684837336
0.0427404125487203,0.15061558786553683
0.03182235178190662,0.4744179814340571
0.04170474782481193,0.17036107647743998
0.034289795409560064,0.3769168391183108
0.04564074308388233,0.10497554938182198
0.019120030209992755,0.9600670870805604
0.03201211060552389,0.4663803181404655
0.029259341873818734,0.5916967602826899
0.019598091239666604,0.9508520649771933
0.022552430922566202,0.8686464594102163
0.021350362880198204,0.9071031336943705
0.042166733430769376,0.16131195791603112
0.023046322798824348,0.8511174432612059
0.018496805770952807,0.9703342190358413
0.01896783256458978,0.9627550780557876
0.03659035312796133,0.29950908154356115
0.03612777659085478,0.31405212352540063
0.02220261454879685,0.8804812770373909
0.026405619613179054,0.7135196028653057
0.04321054274860453,0.1422828513357391
0.024968129431076458,0.7754230793988299
0.027985638641988664,0.6432935976830132
0.037201899334672744,0.2810521041068887
0.024695396751663323,0.7867611766762238
0.06624924315778741,0.004088112920387931
0.027594412517792044,0.6607523216553104
0.02972179141664355,0.5693509436180513
0.033311357958381915,0.4137641023250495
0.03745461323924976,0.27367738661753555
0.029984998973728527,0.5568624746932359
0.024561161968849554,0.7922804964102002
0.019388448111983453,0.9550378470738161
0.04612220415611945,0.09864378242475837
0.042184330765052125,0.1609750345120835
0.021502889283152027,0.9025804262354661
0.04250083192732762,0.15501095916329571
0.035733316479396704,0.32685520397881074
0.043396214795742294,0.13909661169139997
0.04163013547478753,0.17185977341384856
0.04050048940290829,0.19585590361368438
0.045549336264438134,0.10621497954165755
0.03350079863257227,0.40644422945827013
0.018780279539913458,0.9659059958801354
0.026160459122914648,0.7242760000224746
0.042951886559825514,0.1468198868968767
0.026294940828919144,0.7183832464413571
0.02080548489513473,0.9223526579832327
0.04288727952112792,0.14797121366796367
0.024379966155719912,0.7996621850743842
0.021780990876109407,0.8940580237255972
0.025698640709249543,0.7443467364065859
0.021372267623078978,0.9064603166157137
0.05048167525343422,0.054520579009443244
0.01916226888252104,0.9593001615119564
0.023640344893821275,0.8288787563816167
0.021617436614509544,0.8991128750615693
0.034988289074816104,0.3520585172657072
0.02840184779278415,0.6247395442527908
0.032990206124332344,0.4263776326238465
0.01880585255611089,0.9654868038191788
0.017755500972336136,0.9800789839585554
0.026231835864653608,0.7211507986083381
0.027517328927538998,0.664191121124138
0.03385837818442661,0.39287089659197083
0.047036733204652625,0.08749239775107864
0.031453217467505956,0.4903106932761366
0.03908479775291296,0.22954998567541104
0.03669581510225961,0.2962639747021222
0.017029234528146142,0.987237305905091
0.049264109108538734,0.06468645939642549
0.037490398849068574,0.27264490118274476
0.028409975852382807,0.6243776793609688
0.02138188072055147,0.9061774976648782
0.036470189175120016,0.3032383919859559
0.030260803378252987,0.5439567996518703
0.05044338384686731,0.05481800033351667
0.040202607325662276,0.20260287052274922
0.027180581231618955,0.6791977983564388
0.041131623167212195,0.18214411441515077
0.02602999698699554,0.729973314727466
0.03397146121360595,0.3886444615464669
0.04306733497791382,0.1447805816622635
0.03494862397577175,0.3534381227995398
0.028102159833091833,0.6380954653694236
0.04058731865127152,0.19392278199523666
0.021747256802492676,0.8951105082107269
0.0514040493280738,0.047764574384494426
0.03165429893749483,0.48161123595954486
0.037924127762814286,0.2603620249542369
0.061691554276955385,0.009288012588967585
0.05482863601547472,0.02862248424487196
0.032290548750932846,0.454749200594031
0.025261198439543886,0.7630697852782179
0.026270046217808436,0.7194755272559968
0.03328108457800738,0.4149421342673379
0.03914483058858231,0.22803598923035223
0.04642097507129461,0.09487708134204777
0.062291874080298126,0.008364328754949668
0.033643738285678626,0.40098026569415074
0.04799818202995121,0.07693047316634191
0.023535491624371407,0.8328894059932181
0.026672937744902148,0.7017272241001782
0.03601143352686542,0.31778966635395123
0.03736564733514636,0.27625690407544296
0.0282023239730258,0.6336289680666679
0.03681818074720733,0.29253133976980017
0.02773144006258177,0.6546376760202502
0.019691966852504295,0.9489042192166914
0.04568027634741795,0.10444322979464955
0.036478905774007364,0.3029667282737631
0.031875398371760066,0.4721620245709932
0.02307973829608545,0.8498986924590413
0.03924742360777145,0.22546644950017067
0.017853036089777174,0.97894340481906
0.030133176565227515,0.5499057888166922
0.03522054346729797,0.3440573363762588
0.0528165969614508,0.03882456921461534
0.019370977549554594,0.955376444585825
0.037111835628278134,0.2837158256001246
0.019886274945642324,0.9447279702362584
0.04601044066408849,0.10008449474985301
0.03421496767579285,0.37965101643952437
0.044000601836924114,0.12912432595211232
0.045885724589781796,0.10171281988337152
0.04302054715944231,0.14560427183177735
0.027259627641855744,0.6756782952204097
0.035011031038429785,0.35126925252987784
0.02417053111692355,0.8080903502848746
0.030525941114799116,0.5317254276527634
0.02500893537266602,0.7737131515804662
0.022929506142133252,0.8553462338848046
0.027825334899100967,0.6504472216281764
0.034129607297758935,0.38278694184288203
0.024898900500085475,0.778316192511117
0.026354141243643103,0.7157832443967476
0.042131928478155944,0.1619800067611185
0.0390369290246626,0.23076273801386457
0.03359173050237563,0.4029624158660531
0.02004641827976905,0.941139732672222
0.023552145229858323,0.8322547453787867
0.03717573575762495,0.2818239901795513
0.02274853577627063,0.8617974401713038
0.0262308117407844,0.7211956784609954
0.037691848644228254,0.26688705222412273
0.02678146233663181,0.6969238611792797
0.04475142418789191,0.11755783066676036
0.03723448920666672,0.2800928315857849
0.03420093730789653,0.38016522021798144
0.027440854626690103,0.6676017126848877
0.023585956197470337,0.8309634936168389
0.07301479012289047,0.0010854963043526763
0.046805646687007485,0.09020513491345196
0.04411590770396134,0.12728980939580756
0.020576799304318216,0.9283188935078177
0.02091772450804863,0.9193294583898846
0.026586877911974782,0.7055300979935016
0.020213831009622818,0.9372477609587835
0.030892514689502326,0.5150991161140841
0.036805597072982754,0.2929135793138226
0.0181215144042548,0.9755918164469335
0.021443266340968714,0.904361303671322
0.046105355021626465,0.09885986687926396
0.03793068918692849,0.26017946952793203
0.033284710669933326,0.41480091124444163
0.02772130260017569,0.6550900906729473
0.027474091269126366,0.6661195729577307
0.02473321786764293,0.7851986011696418
0.028541988733561285,0.6185039029448298
0.034343286020238784,0.3749707819817352
0.037499110595506036,0.27239399216241555
0.021600055320329603,0.8996429193950449
0.03726575882212163,0.27917471673158933
0.05770993849155115,0.018134373399945756
0.02200820827565486,0.8868373491551101
0.040669005954549364,0.19211785058009323
0.044472963730373294,0.12174391137192916
0.0242438702122586,0.8051521257548415
0.036186341039851355,0.3121829114581638
0.03534020709306779,0.339986087027908
0.03952187050784639,0.21870235789712725
0.037958295067954284,0.2594124620446486
0.014643871870245628,0.9982558828681728
0.025733727716838906,0.7428319032077204
0.028618545879962043,0.6151009034049113
0.03180767849662691,0.47504324395455994
0.030167291759170267,0.5483117076898049
0.047469515437434884,0.08259616384293711
0.030514658398819297,0.5322424125301197
0.02421132711688745,0.8064576928295546
0.03832265651292105,0.24944836005227272
0.042064468757784246,0.1632811414174824
0.04176499699586311,0.16915849960125978
0.014245113902080192,0.9988755499045224
0.04268031595232458,0.15170857107275004
0.03031028747322173,0.5416609284295104
0.04143388329538911,0.17585191631660999
0.024681324395118623,0.7873417462823862
0.04362185108768846,0.13530282889427056
0.035788939406283415,0.32502729522057283
0.04764774704153374,0.08064798071310121
0.034820910666468474,0.3579062716203038
0.029476449076560884,0.5811422235507419
0.01701938710623624,0.9873194419230167
0.03741544430271759,0.27481083883117385
0.03018347752376671,0.5475563971533927
0.03278348417533977,0.43463303116878244
0.020482355112158235,0.9307064137920549
0.03462899169489747,0.3646957873479064
0.03465831803004488,0.36365246391830075
0.03206913905164922,0.4639823157072293
0.02357833769161799,0.8312547652520552
0.03968506691161927,0.2147552673089066
0.04418866927853771,0.1261431867223351
0.02303225664988695,0.8516292704023919
0.0317692790913181,0.4766820725518785
0.0222868437482886,0.8776777006300439
0.0342986582562701,0.37659390948964566
0.025554775162845544,0.7505386317550883
0.02622571920017347,0.7214188306268787
0.020958382104405704,0.9182190548872642
0.05051239748222269,0.05428295538543942
0.027814963723414077,0.6509100812185926
0.019061451114593786,0.9611156265952446
0.020756641784889673,0.9236488174625277
0.026418895253708607,0.7129354308569844
0.041362333919750305,0.17732555533744557
0.019452454252617102,0.9537839147342803
0.02437133650869483,0.8000117094930406
0.022821690932239513,0.859204467745617
0.045014232926698816,0.11371645181617115
0.051409626626998994,0.04772603399909404
0.022844985718884825,0.8583745333640356
0.02709728559107749,0.6829038233349749
0.040905382893434705,0.18696932255614232
0.03149491762001799,0.4884983332299754
0.036847407170005564,0.2916449867546704
0.03332986797137766,0.41304494524673013
0.021002667997694513,0.9170003595311086
0.02126465038284875,0.9095966648448262
0.02624563215132525,0.7205460998141258
0.027707139314727403,0.6557221614993174
0.047394924920002024,0.08342318064678765
0.030907206457792047,0.5144396638202415
0.028097254614483425,0.6383142492005892
0.025638109270383458,0.7469558213854431
0.03548789862400867,0.3350090753441867
0.02987711041796176,0.5619612073635651
0.030887607202219614,0.5153195116132767
0.03239784584152017,0.4503188142611407
0.033219133743892404,0.417359957603821
0.03212390949376076,0.46168690656053263
0.03362631704088537,0.40164348490682844
0.04641388821077963,0.09496501569931118
0.021782333466178555,0.8940160300538684
0.02639970193649166,0.7137799470843305
0.029386393058356663,0.5855065851034459
0.030885183153188667,0.5154283977310821
0.040557130656384055,0.19459316535900378
0.049010790398969384,0.06699381732129245
0.041091342970897615,0.18299591985373176
0.023939954922522433,0.8172317590100407
0.04031931252855481,0.19993819322571932
0.04182249858442433,0.16801708668049217
0.036340583766537815,0.30729884025702237
0.046712282356305534,0.09132097147824268
0.025376966981192683,0.7581458510057867
0.035250605062077944,0.34303130012160693
0.032637759437883274,0.44051667648857473
0.030836882181121905,0.5176010601240697
0.032952419707447306,0.42787865368740685
0.02530488467290648,0.7612144908291257
0.033679532667166334,0.39961995686797325
0.02713593228661637,0.681184703018074
0.034597573280674476,0.3658158820363033
0.019517906929817808,0.952479808767592
0.023561863617455492,0.8318839711797441
0.03424118468182741,0.3786914835382599
0.021446126392760723,0.904276254703372
0.04560881685499865,0.10540708152102905
0.027464280048303924,0.6665571144119558
0.052235240263342086,0.04230990754314793
0.059190425068067154,0.01421404017214274
0.025694677476521266,0.744517730304509
0.02290915496684054,0.8560778294806479
0.023030958771125154,0.8516764605005
0.024526737439594132,0.7936890822155028
0.026565757768108877,0.7064624760721225
0.03776543873277749,0.26480664046484936
0.031170886359236538,0.5026949763237544
0.02857280488892533,0.6171337962878259
0.028250440826757872,0.6314841682616417
0.05133921419806309,0.04821458085818651
0.023856011190268922,0.8205221118342081
0.025777553463047942,0.7409372942463479
0.02093222351538726,0.9189344038744234
0.0328288412361778,0.43281256499171
0.05360829540955431,0.034482567729392295
0.04876134299882784,0.06933411477738426
0.049636477691621994,0.06141812079423088
0.02788566645819579,0.6477547158476631
0.029777931148412984,0.5666732121817506
0.02487747228213133,0.7792096528166814
0.03397477998299406,0.388520902594145
0.018800265488451262,0.9655786672826544
0.03031075986125986,0.5416390402935646
0.023776878192951156,0.8236047927785426
0.02021629866381064,0.9371893200499665
0.03504816844679193,0.34998310187993964
0.04067996336832408,0.19187674784363637
0.04327599939220497,0.14115289107366777
0.03885588754221381,0.23539395969883595
0.021753709399843002,0.8949095859703053
0.033412774796844236,0.40983429860785325
0.034057670930458805,0.38544369328938616
0.024910673376338677,0.7778249038041456
0.04737956416016148,0.08359435530340743
0.025821093398218864,0.7390523594341833
0.022900701684189645,0.85638126165531
0.0376412692437727,0.2683240522197908
0.02906709618579212,0.5952253836224114
0.02212796493040603,0.8829410255092018
0.022813852805565582,0.859483260283233
0.025468222623181436,0.7542481632978307
0.025839184037444896,0.7382684070054337
0.0275361150497897,0.6633531324132538
0.03816652786841124,0.25368179671534935
0.020485600274172344,0.9306251232753954
0.03450018288213896,0.3693033494526935
0.042460140851563244,0.15576763086899154
0.026689831824633747,0.7009800350438613
0.040866283361784994,0.18781335748983052
0.0325582228236061,0.44375035952424624
0.0443987796981255,0.12287953423298019
0.030257160079008694,0.5441260712127546
0.04400217423246583,0.12909916457777332
0.032893682543684855,0.4302189978641664
0.038428307968408904,0.2466142012672523
0.016241247318049767,0.9926854143844741
0.04382707916199169,0.1319257470981692
0.02697704800736178,0.6882478735125787
0.03858459205313783,0.24246681394065497
0.02842098492456535,0.6238875879775816
0.02751448302182463,0.6643180625769183
0.04322479682747832,0.14203616456062165
0.01745656040506821,0.9832960522208782
0.022338973985463736,0.8759277424305573
0.031396965739832194,0.4927623422082222
0.024929879699671087,0.7770227891644876
0.04859474931611296,0.0709355389582486
0.02274098054690432,0.8620640714947692
0.036088332622171704,0.3153156581185017
0.04774323492999888,0.0796202904193296
0.02177834991731975,0.8941406043504194
0.027629774471972568,0.6591745104493669
0.028890514086784225,0.6030356057235359
0.02620793361525986,0.7221979663997742
0.024266309914502626,0.8042502540594709
0.042071598633562024,0.16314322933823336
0.019082998936047146,0.9607319653524472
0.02982356344733822,0.564502268139485
0.04235373974232097,0.1577602533017965
0.023763169536388712,0.8241369083354478
0.02959325253719436,0.5755105474162965
0.035132047572881686,0.3470905459245376
0.0429803164253546,0.14631555324392623
0.04172200816136018,0.1700158650183203
0.03318208699744751,0.41881039504956247
0.024150188923731997,0.8089027668059052
0.023785064564769032,0.8232867589967027
0.030588221540935503,0.5288773065286926
0.023483226495664367,0.8348753858819711
0.027997077472971033,0.6427832165902436
0.034478552756721514,0.37008107126488327
0.02285340912096634,0.8580739263883667
0.03224889748332235,0.4564767677864544
0.038294172760287626,0.25021667062858854
0.024345547507501397,0.8010551052579806
0.027082299510528207,0.6835702701146831
0.056135608971767004,0.02333762427240861
0.026019472979066954,0.7304320208201789
0.05945722197927117,0.013594694977353246
0.0292335135784188,0.592959865323093
0.028749282242166108,0.6092960874309291
0.019988746830973403,0.9424471499558642
0.020734119411073754,0.9242425089123351
0.03450995735526696,0.36895228105753947
0.04433638127278838,0.12384145808336093
0.021721917692633097,0.8958977090601508
0.06368049699284284,0.006539053713609788
0.03356387017681628,0.4040270115422214
0.02605159273576116,0.7290316077897557
0.03103843606287532,0.5085729888494479
0.03355945382286596,0.404195946078546
0.023996959750178237,0.8149856786040071
0.024749058276257285,0.7845431999659969
0.026099008208444796,0.7269620499208471
0.02767228892549556,0.6572773929488697
0.03402994976749696,0.3864709087124102
0.030351393379526193,0.5397583261669054
0.02647413092639711,0.7105031442954418
0.0380299506357441,0.2574295366004512
0.031410653298418634,0.49216506570742447
0.02090522526218727,0.919669197408248
0.026022471674482156,0.7303013315540217
0.039599862428018495,0.21680908584355935
0.029208196969990274,0.5941994855670606
0.03030288428489933,0.5420040270210336
0.03409383650018871,0.38410642738277845
0.027080535583037246,0.6836487070710026
0.02431724407876401,0.8021982705160616
0.033575021390957804,0.40360067082536677
0.03151788906517272,0.4875018031411289
0.023486876226593734,0.8347369908792306
0.02555938041640471,0.7503409195171449
0.020744597028865663,0.9239666318003573
0.02185312097629266,0.8917905349434412
0.023930840850509894,0.8175899998494993
0.03263849717853118,0.4404867565150639
0.02348596725860755,0.8347714623114435
0.036372610557168394,0.3062917752026401
0.04829864994582167,0.07385950231168396
0.01751836127271289,0.9826629604288079
0.024091803494720065,0.811228255624256
0.024178339857220565,0.8077781909259791
0.033388451285646936,0.41077447484035284
0.0441771035647045,0.12632487915464313
0.023495214828404887,0.8344206346091034
0.035076783810969125,0.3489943810552308
0.029500301974285048,0.5799894980716169
0.026409710222281446,0.7133396200776227
0.041765753500273894,0.16914344286938932
0.04278708232844297,0.1497711874710602
0.03320452508913191,0.41793150023428843
0.03355782779729577,0.40425815709171686
0.027930613773749724,0.645748903672927
0.030325502944606564,0.5409561927366457
0.02373318890763232,0.8252986449310749
0.04807113955758863,0.07617503619400114
0.04033959982520974,0.1994777935998735
0.020288339644062736,0.9354694824409348
0.020319349187423286,0.9347210411029921
0.01708780946368771,0.9867408651174437
0.042254640512072505,0.15963448873886532
0.020035972637650667,0.9413778044221016
0.024128161943310134,0.809781199143345
0.049550040469935774,0.06216391984703434
0.05590746075748437,0.024192566192378594
0.03737886217990549,0.27587260218051235
0.02330079038779098,0.8417370364391636
0.021598112974035688,0.8997020655048245
0.042358894408683734,0.1576632500147255
0.03312006992649974,0.42124612264895356
0.02127766290176558,0.9092203492489714
0.03149974501010461,0.4882888060108952
0.0343611316722191,0.3743231040514625
0.017520291599076157,0.9826429211912583
0.020985729440996748,0.9174676192016384
0.04055264421487148,0.194692950677215
0.06049451812608486,0.011410869741509474
0.028298686225007197,0.6293342573941269
0.0362848444669166,0.3090573149891586
0.03122008872035731,0.5005225034522505
0.04197083802624246,0.1651008961111195
0.029534414875613146,0.5783433129218039
0.04018903619594805,0.2029145267950831
0.01658216432670856,0.9905972196665271
0.022008373558755623,0.8868320142466096
0.019293736774287584,0.9568546352519557
0.016396670519246953,0.9917812939030876
0.05854095148858507,0.01582901364881751
0.041075666714412096,0.18332827592119075
0.028388337860995705,0.6253410636744217
0.030702273096611776,0.5236863916499211
0.03805607241943332,0.2567095247679762
0.03790030330150124,0.2610256943791864
0.053491060403465296,0.03509740648903212
0.028436616157214906,0.6231918070937292
0.043521860730512785,0.13697351484175466
0.027054735777040484,0.6847957867606005
0.03568704881859813,0.32838133426952576
0.03327330766094283,0.4152451273002131
0.03284483769294516,0.4321717518145397
0.03484687574600093,0.35699463379726465
0.03664872696759988,0.2977096751533394
0.03032171811019002,0.5411314421743205
0.032342862541792805,0.4525855263961366
0.04141016156977961,0.17633941023102284
0.036305326390101034,0.3084102929742483
0.02487882436408384,0.7791533058599207
0.0352374700932766,0.34347934160046595
0.041127840063427124,0.1822239820220156
0.035467273684128164,0.33570094091220204
0.026822704978807788,0.6950963273268913
0.0620258391223924,0.008762848857311009
0.032933989967472974,0.42861204708421563
0.029149586523476878,0.5915841184875402
0.01849334062501082,0.9703858890751162
0.02095295409014658,0.9183677681666875
0.023325369009151387,0.8408191079469466
0.05290823761087604,0.03829867469656985
0.03706968122176968,0.28496901501306726
0.02412394452193395,0.8099492378405859
0.042492082882369386,0.15517340223621648
0.018737513877466694,0.9665996795466325
0.03862607462281803,0.2413749558774425
0.021266627039117192,0.9095395527730055
0.04085931164573864,0.18796416982195827
0.02586512120784179,0.7371436508318037
0.048206536005876044,0.07478971761546023
0.02669975958321047,0.7005408538111635
0.030928913211078934,0.5134663144068209
0.027394447841929015,0.6696707368038453
0.02475126907332481,0.7844516830412652
0.023052930725165177,0.8508767532497612
0.020041197875790062,0.9412587835469841
0.044698893565020936,0.11833832323918866
0.058207118388645895,0.016721534811748744
0.028046738026334783,0.6405676402663971
0.03377411966759383,0.39604064976343956
0.0312928719708212,0.49731986057177674
0.022497100925149005,0.8705514855370027
0.052560882150590404,0.040325500125287086
0.05633767497934805,0.02260292222747113
0.018556180686948254,0.9694396828098799
0.019712990994058287,0.9484617494457253
0.021603847422939193,0.8995273968024207
0.03348078957321296,0.4072131457141406
0.02797501742851452,0.6437675113065361
0.04383340121462409,0.13182281787712632
0.03012525727896248,0.5502762343604314
0.02993412169666887,0.559263380167265
0.0368993898281057,0.290073416914728
0.04194587712773257,0.1655887493111815
0.017576998589694554,0.9820470209736929
0.018400259701356836,0.9717518542718477
0.019660641977305437,0.94955924341923
0.02903832853920063,0.5964963660171012
0.03925203707643443,0.2253514272139988
0.0210338652965915,0.9161361067942174
0.028191066565336376,0.6341308470723296
0.03006303783053965,0.5531920264780613
0.036074501934341474,0.3157595821765539
0.061821855712130946,0.009080004966331413
0.02127851024460975,0.9091958166120846
0.025538578074790097,0.7512337360365786
0.019710220028408165,0.9485201971708943
0.06032302635796158,0.01174850422275381
0.04062356692987257,0.19312021665339552
0.02207993665022151,0.8845110460526755
0.038566897211822604,0.24293370256915267
0.03337168853651612,0.4114232629734756
0.028115810463959834,0.6374866395449119
0.022874326645212634,0.8573262899915592
0.0187068719872574,0.9670910797629005
0.03733352869665618,0.27719261598586115
0.047450463061671666,0.08280674576437824
0.05678628816020759,0.021044771600998782
0.02876989352343773,0.6083817349452436
0.03158394428496408,0.48464356392386987
0.024494627861296192,0.7950003675839259
0.030706564264347258,0.523491709620976
0.022805685114674762,0.8597735278835189
0.03047512113124562,0.5340565145035904
0.02778021357162741,0.6524609646387992
0.0240582364415024,0.8125609655769765
0.033675748953602924,0.39976360038502573
0.02791290319075168,0.6465392372150567
0.03524214250285518,0.3433199149845277
0.031346351118580196,0.49497502989945175
0.026338175031632494,0.716484801474939
0.023569616610289,0.8315879636184407
0.05427185427753378,0.03117740508893835
0.03872631707184471,0.23875198201650805
0.03227700523186555,0.4553104687263721
0.01783719006337836,0.9791308308424117
0.03721789213859139,0.2805810556046036
0.046028808827240364,0.09984651943838624
0.02598936125303941,0.7317437374993825
0.03211856287405601,0.4619106514281714
0.0275648714288923,0.662070292504664
0.029281608906091328,0.5906090886686705
0.03125586672711206,0.49894653939721767
0.02922813163050003,0.5932232633588963
0.029224739805373323,0.5933892981085892
0.03814425919696651,0.2542900226861084
0.027115167276830276,0.6821084738333589
0.03766889645714616,0.2675384233049804
0.04065962722904615,0.1923244056268491
0.023309439325635894,0.8414142619388956
0.04746205837345552,0.08267853138857488
0.029702167036111393,0.5702887732576793
0.05573126340073942,0.02487171675937516
0.033268545357467594,0.41543074374645783
0.024118278628348366,0.8101749125561171
0.028730176355182546,0.6101438618020122
0.03519037974013128,0.3450890643124032
0.02033855868832768,0.934254947696766
0.026375140634028987,0.7148601512099073
0.04520831025157701,0.11094669399699571
0.0285584637787496,0.61777136005044
0.020544744094187106,0.9291342761892789
0.0353529379139339,0.3395549963492568
0.019979894118250408,0.9426463273392068
0.056622846649664216,0.021601017157497668
0.042490101857757784,0.15521020282077938
0.027644459836237922,0.658519225968387
0.028625852062723278,0.6147762799941798
0.027835689138113573,0.6499851196917472
0.028919044396905236,0.6017723519100158
0.031130594371980624,0.5044784935068144
0.04040995158416427,0.19788765901215294
0.03628299082557329,0.3091159203401731
0.07387194180726431,0.0009092174631914773
0.039619376701598985,0.21633736400884118
0.024071493086771256,0.8120350129412713
0.05248582045512096,0.04077557367792767
0.03627911046641641,0.30923862942392233
0.04613331866305226,0.09850145826391313
0.04011353953003027,0.2046551234534705
0.02976001494709668,0.5675269458163963
0.029877375801930534,0.5619486309032262
0.021460413421488744,0.9038508321084278
0.015504857269590638,0.9959990296677552
0.03315844154592895,0.4197379410113964
0.04317591849463043,0.14288351903750268
0.03776886801880508,0.26470999202701345
0.0249156929270562,0.7776153465812763
0.03363016518621753,0.40149692275390614
0.03976502702769136,0.2128416193945205
0.04090173960893895,0.1870478428946056
0.02967725907062463,0.5714804369156365
0.035554325452804236,0.33278776006106725
0.025828513203635967,0.7387308786113149
0.024541101902108564,0.793101661684062
0.034647008567435134,0.3640545630556517
0.03455238216811485,0.36743123804485683
0.04582411642248613,0.10252528918115988
0.04541844903999237,0.10801085625659716
0.026776824826714257,0.697129287288299
0.03368967925713895,0.39923493108091446
0.03742138141394316,0.27463880812087116
0.026147562065203855,0.7248400927046168
0.02384788282182848,0.8208396197285939
0.02083621294962934,0.921531167561295
0.027881254056679572,0.647951629679666
0.033601303335366595,0.40259706550872176
0.03427007155847628,0.37763619963801254
0.020190842080386573,0.9377907064782605
0.03240721060278767,0.44993350062985854
0.029127991198676262,0.5925368997595195
0.03178141488672552,0.4761637377093197
0.03615672097406397,0.3131272821535627
0.0266648582824911,0.7020844866143543
0.027421411034573795,0.668468658253269
0.031968532324673615,0.4682182248242225
0.026805082163679383,0.6958773609466957
0.025265475184731823,0.7628883097948663
0.029028801796442405,0.5969173918246519
0.03176921521377257,0.4766848018125416
0.018790597801061626,0.9657372544931104
0.030671559798575165,0.5250811190044856
0.03389310730997175,0.3915695351907206
0.030798657231981053,0.5193245682563561
0.04541634063130873,0.10803998991918688
0.036343837379582286,0.307196421559201
0.06252456455524324,0.008029335180100716
0.03387677855605242,0.3921810296896411
0.04304003553885058,0.14526072332726842
0.03165726219155218,0.48148378853883045
0.0457411708346101,0.10362766600153028
0.03157226512301747,0.4851481359707654
0.037495902356689204,0.27248637326452085
0.023438288869301382,0.8365758123731871
0.03358821857129429,0.4030965070331754
0.02537159935743044,0.7583746703212956
0.024770636073615945,0.7836495126097696
0.020689305410838243,0.9254162995134455
0.020667886998351315,0.9259737638270266
0.02524155909493292,0.7639027155970085
0.03208531614704835,0.463303559920565
0.029547979122538037,0.577689519068473
0.02728935336483379,0.6743542014114194
0.029941728049784788,0.5589040360943789
0.028674708497196777,0.6126061815198127
0.029996726117592853,0.5563099602006327
0.033399186240327394,0.4103593551405887
0.02239761458277814,0.8739458589529506
0.029707042176001286,0.5700557084900211
0.024094685073891564,0.811113702627908
0.022913349573900454,0.8559271648468222
0.03739976909786791,0.27526542282526667
0.027980545925190337,0.6435208308032168
0.04789923452938882,0.07796514531605833
0.031283157112994675,0.49774657775006287
0.026453013167457295,0.7114333846951761
0.024462021389915878,0.7963293709524051
0.029770302267196125,0.5670366449605564
0.030488125693712953,0.5334593982662696
0.03945223724755656,0.22040350956886565
0.03322929064290714,0.41696289720550905
0.024683332255447388,0.7872589375726091
0.05881188413668559,0.01513631253350313
0.0380680200712914,0.25638071181878846
0.029202784421594186,0.5944647069272854
0.042023763446413454,0.16407028546577113
0.03033769118302121,0.5403920780833881
0.025611041580575367,0.74812072954097
0.03301722414470487,0.4253065593885381
0.020999392431514274,0.9170908269881691
0.02632431727243295,0.7170935092354231
0.047828363902669646,0.07871343600993934
0.02057074437954165,0.9284733073810497
0.048673613875011235,0.07017355607838556
0.03469005641245393,0.3625257065728272
0.029827002072393083,0.5643388804430673
0.028406927902691392,0.6245133727251493
0.03317676932382635,0.41901887117520903
0.018283281515927008,0.9734087648028442
0.026257857886893027,0.7200100713220652
0.019084724509352446,0.9607011389625911
0.03131257061404352,0.4964553332773675
0.023158576343503656,0.8470074757800861
0.03920539731690509,0.22651632683513223
0.0454953448315038,0.10695276130586501
0.03223112902639358,0.45721506810072404
0.020182730368012103,0.9379816411799283
0.024244571948157323,0.8051239424888812
0.028107694282750506,0.637848621647082
0.020929495743312154,0.9190088062242496
0.05702105257978807,0.020268096482367003
0.04792256528614103,0.07772012637420479
0.023490922764962188,0.8345834984831219
0.0235877028740461,0.8308966884408822
0.0239867210161383,0.8153897869995941
0.02997048335901642,0.5575468280686886
0.04214582172685888,0.16171307349992559
0.03138524554865396,0.49327413993664593
0.064642380914301,0.005496339205990425
0.024828951958861034,0.7812291108130334
0.03606751506225228,0.3159840131677883
0.02280504943055972,0.8597961085621064
0.03911734839982062,0.2287281192023028
0.026302754666337802,0.7180402743549137
0.020989187165196377,0.9173723495986577
0.03427814402792029,0.3773416676487746
0.022428964588150024,0.8728805541225119
0.031163691707184776,0.5030131510163465
0.037704598834828185,0.26652572377769995
0.017138549299605566,0.9862998332655623
0.037157322932730885,0.2823681567420824
0.027281737982514098,0.6746934465772749
0.030677495663491927,0.5248113832195873
0.05169394890407758,0.04579665366473886
0.025197248275538264,0.7657793898053987
0.02592991090094121,0.7343301529170698
0.015101723876970896,0.9972371844001838
0.0481855359992408,0.07500317127202065
0.04629353419909599,0.09646880792004561
0.04305809428291918,0.14494296270239912
0.04397724476158771,0.12949855657343293
0.03291594621201427,0.4293309024050737
0.026852981981175972,0.6937540060672985
0.03505656546610758,0.3496927604567432
0.05755900219151394,0.01858390746228616
0.029310079446121268,0.5892201154211162
0.028720929682435614,0.6105542283171392
0.027654135336901642,0.6580874783309073
0.04224697847911579,0.15978013918357667
0.03598294010478917,0.31870993947973153
0.03964287343222672,0.2157704294349163
0.021275771918970343,0.9092750855038315
0.03478388524896203,0.35920909329966955
0.03891725735147489,0.23381614594849331
0.03183628485433332,0.47382475819039666
0.0562136606892098,0.023051356678775496
0.035785234519311926,0.3251488163719384
0.026923200174927997,0.6906387587018707
0.01909098545914445,0.9605891631207313
0.055667931826630546,0.025119922381680163
0.02208916063499733,0.8842102847465986
0.033904055089822666,0.3911599227399319
0.046081503719400785,0.09916642618577777
0.03926105443680583,0.22512673837972358
0.022181487493901142,0.8811798197613766
0.038566490821782984,0.24294443345363453
0.02630185376169658,0.7180798208427831
0.039759170390534226,0.2129813325797586
0.047034373584577294,0.08751974727111729
0.0375872815874112,0.2698642850340529
0.04095949949278943,0.1858060564664219
0.03734933958745146,0.27673170213426984
0.051600329122186595,0.04642434058478442
0.031400389900202885,0.49261288030911093
0.028010118988697263,0.6422013455704682
0.022165842086109666,0.8816959022775432
0.017536703310463087,0.982471895636162
0.02025600268940153,0.9362447409043926
0.04002482124086654,0.20671541574603386
0.020225426580883332,0.9369728751121009
0.029619082624584903,0.5742695732087686
0.05214818175276942,0.04285461311416689
0.027632852214037718,0.6590371784589663
0.03440115298777835,0.37287345198093863
0.03397004323082056,0.38869726186555836
0.030746763519900827,0.5216701502704373
0.025078602296416008,0.7707860933324617
0.03987915108020207,0.21013331373858815
0.023593032188614804,0.8306927981091476
0.04245894189097699,0.15578997111827372
0.022801452066336436,0.859923864768974
0.03319873274266372,0.4181582648404419
0.03658554159684524,0.29965775624175944
0.044314706956462,0.12417702733456377
0.02866410605734876,0.613077020387705
0.04123782756102734,0.1799132443038605
0.05347772270302964,0.03516796091931059
0.026335687684059528,0.7165940732396394
0.020691924883286306,0.9253479644524085
0.023480666730586408,0.8349724242860503
0.014607952421750614,0.9983209349771867
0.025658977491281987,0.7460569586175703
0.04071866702837934,0.19102703166230608
0.04705376110645376,0.08729524613285938
0.030919203765056913,0.5139015503192019
0.03463544356195819,0.364466072458381
0.02181827444927803,0.8928888688067551
0.03188005394442278,0.47196436823730176
0.02416796873502547,0.8081927472028694
0.03509268380905428,0.348445864749115
0.03023379823378841,0.5452122579205823
0.03242062997021444,0.44938174207107284
0.04705085179053681,0.0873289041720523
0.031253495196225445,0.499050903224367
0.023833891188061784,0.8213856970713689
0.043944474824033186,0.13002509495624576
0.045247535125779725,0.11039373071277497
0.021828103487657458,0.8925796123940293
0.030961145766146114,0.5120231281722664
0.024468702834219758,0.7960572554105729
0.029891161812594658,0.5612955508877411
0.02409467464342485,0.8111141173174197
0.03308037855633211,0.42281004252085436
0.047322719638275945,0.08423038495281081
0.04281901139855704,0.14919569558853832
0.02716184968198021,0.680031462629893
0.02771977154205152,0.6551584183269846
0.04322691294113956,0.1419995718302209
0.025164833867236697,0.7671499022801068
0.02795343998774047,0.6447303229399317
0.0334454343324142,0.408574227955953
0.03699926052616709,0.28707168883844864
0.020793432957732727,0.9226735816579891
0.039547831769124187,0.21807072672850641
0.03914192865649413,0.22810899725338937
0.028516776740722616,0.6196251473560443
0.06456143500879052,0.00557783634423457
0.055259252045205765,0.026774994420238715
0.027442710947417903,0.6675189390634877
0.0397610414318893,0.21293669015659714
0.027568995883702596,0.6618862878464697
0.03340655420640376,0.4100746027148625
0.04515107984250649,0.11175759277345083
0.025495865549450533,0.753064743295805
0.019860133575963834,0.9453011637286282
0.04773354325251511,0.07972409040684056
0.05111966379846711,0.049765790993236234
0.05277635094433897,0.03905751243347551
0.03670155540318798,0.2960880907878215
0.028842989726711094,0.6051409657137874
0.032784540449923016,0.4345905777229567
0.020306225643205777,0.9350383867160501
0.029397470462147482,0.5849686979174011
0.03184429032473013,0.4734841313127344
0.03653483908207278,0.301227751678637
0.03005169101863392,0.5537247881413837
0.05257252503088794,0.04025607819995022
0.017860616992481038,0.978853333612074
0.032646703145631895,0.44015404519985457
0.019251224851076998,0.9576551256235581
0.03730323361834653,0.2780773692400422
0.04338429141996303,0.13929946750131533
0.016715305503935157,0.989673544605949
0.03644813429189264,0.3039265592453951
0.023807659154969518,0.8224079290639372
0.0453642352546908,0.1087620447905544
0.02804814478725881,0.6405048834602414
0.034310446088379076,0.37616470443023126
0.037189491942596464,0.2814179543186488
0.030141667991872123,0.549508749649053
0.03388170710656385,0.3919963910291373
0.04531161528140193,0.10949528139160447
0.023516578444386482,0.8336090943195076
0.01995820519332986,0.9431326024064443
0.029453068334279353,0.582273453847037
0.048277796030024245,0.07406923237306894
0.044421167825913876,0.12253590048104189
0.025461380243360643,0.7545408978402846
0.03512769197505239,0.3472403263308091
0.030822428764958554,0.5182523199282811
0.032604703387361655,0.4418587009192348
0.02937677321986737,0.5859739348346212
0.04898852297791889,0.06719995484465058
0.03162093253583986,0.4830478108757205
0.020527739833796632,0.9295647113171389
0.036162442601302525,0.3129446982872656
0.0335123489678687,0.40600082217995476
0.030861520181583446,0.516492079745669
0.026948886074609726,0.6894984841520677
0.037627890295865385,0.2687051283688245
0.028452597278383784,0.6224805453830636
0.03071422802177476,0.5231441325465637
0.034227395419512585,0.37919595390930977
0.026877765052253366,0.692654834333684
0.0239227311009943,0.8179085618351635
0.022925619020582433,0.8554860887321829
0.04148876630977938,0.17472814387948774
0.023873524489340436,0.8198373480357233
0.02641292715075176,0.7131980674040397
0.03233081599957083,0.4530831597024185
0.03355272630226125,0.4044533807123413
0.025930923175704945,0.7342861512069219
0.033207879493403314,0.4178002169065107
0.04755272515999842,0.08168174737102554
0.022577881804585698,0.867766089080303
0.027342914047028155,0.6719677028192979
0.022302274116093146,0.8771608916838148
0.028812751115893098,0.6064812471189285
0.02182449902953576,0.8926930713868221
0.05027777990456095,0.05612043224639829
0.034386022366178826,0.37342104928377706
0.023655796192843526,0.8282848047091415
0.02345569613429732,0.8359179130222472
0.02357402981762169,0.8314193825727154
0.02470645753587751,0.786304536251669
0.030211129303544193,0.5462675021555534
0.03309526696814169,0.4222229483302957
0.027209251371144078,0.6779215418279334
0.04101809403319673,0.18455298405153367
0.05408415475927553,0.03208282959694081
0.0525907638885281,0.04014753648677609
0.045326278726740776,0.1092905425805965
0.024896141755833767,0.7784312742223838
0.04530031724459471,0.1096532470121944
0.031889462370468635,0.47156509051785656
0.030217897090763834,0.5459523286602732
0.04593538323251467,0.10106184223444976
0.031002829280243005,0.5101605933386559
0.04244124533151045,0.15612001101685333
0.046057795016058556,0.09947193736062268
0.03818418687103656,0.25320025905447946
0.03951275035148383,0.21892458481044677
0.03263835636423912,0.4404924673057223
0.0473141550198421,0.08432656618055756
0.05681637814571561,0.02094376631940741
0.05334253977331721,0.03589009879573468
0.02989240734204629,0.5612365695162859
0.03141408639184079,0.49201533075898113
0.03641198482738717,0.3050569919403049
0.059404291630772876,0.013715602234347335
0.029700282026769886,0.5703789048532869
0.04373519219809163,0.13342917243361554
0.034518785107026884,0.3686354178847984
0.02637414741009872,0.7149038210223585
0.028086016624422783,0.6388155050015022
0.020997533696888587,0.9171421398909341
0.02373056736119228,0.8254000982088252
0.02636890372196332,0.7151343584336711
0.04496491069317132,0.11442937353807757
0.019648782655189323,0.9498059078909563
0.04044251902225904,0.1971549207260817
0.03498495540376062,0.35217431905600444
0.030273101109366207,0.5433856734645864
0.02519226367669747,0.7659902718444325
0.04835118393110538,0.07333339404151033
0.030736802468903757,0.5221211467903104
0.02210328532255723,0.8837490221594544
0.02616816078777362,0.7239390551106846
0.0305091337769218,0.5324956700125354
0.03663742031821027,0.29805758516355346
0.01803131504053912,0.9767552408565224
0.03326835103831638,0.41543831876739956
0.02559241564145276,0.7489216771227183
0.03577404310033405,0.3255160974071543
0.03761647119184219,0.26903070300133747
0.02520118584304154,0.7656127714123557
0.03452698409446264,0.3683412952351483
0.03330745570513288,0.41391582294250456
0.022591948892422775,0.8672783954953331
0.027515220132648843,0.664285183929837
0.027890411348342137,0.6475429650801112
0.026344189002723506,0.71622057628621
0.01978834299374066,0.9468571640200965
0.035409973927077176,0.3376284613633319
0.0316760747768213,0.480675183195596
0.030044659797929474,0.5540550789516765
0.04688604616667147,0.08925342841935979
0.03286781366483138,0.4312524598333265
0.06150053998433341,0.009600753959600347
0.026203716308249247,0.7223826645234622
0.041517318738816256,0.17414577147081475
0.029316756766848195,0.5888946329538078
0.043385274258468165,0.13928273710742445
0.032573405568435465,0.4431318607715068
0.01666689956425005,0.9900166783649532
0.03815123422512101,0.2540993945214783
0.01952116446303616,0.9524143272152147
0.02080670716031252,0.9223200708665795
0.0251030619444913,0.7697561459877542
0.027716705865456596,0.6552952321844578
0.0549940189981134,0.027900037684626445
0.04319078745783356,0.14262531836743425
0.025507404482806306,0.7525703811052552
0.030053016858889975,0.5536625204146415
0.02165093003510188,0.8980875966765787
0.024955385296424326,0.7759564103224019
0.029326506401112895,0.5884195830295599
0.04655478523298273,0.09322948541102087
0.051007558115402696,0.050574368728644126
0.018503288508712412,0.9702373942492952
0.03234801762808315,0.4523726845875871
0.036046141238813834,0.3166713008644779
0.01527522929697911,0.996747626726658
0.019804515066673578,0.9465089680274997
0.03763273835268044,0.26856699296151443
0.038244770113113724,0.2515534984027604
0.03146135227189695,0.4899568010998325
0.01870547195151298,0.967113419896529
0.04714919929166084,0.08619714412518846
0.041076826926081944,0.18330366165554773
0.02663012620819294,0.7036197282043284
0.03801973630514832,0.25771149566933255
0.05065431635110368,0.053196813316364285
0.033352754360663595,0.41215693639520223
0.03944601865701747,0.22055592692408438
0.04118739348850764,0.18096992079381766
0.020598910451899655,0.9277534464864484
0.018301462721859896,0.9731555814535304
0.05214330646398313,0.04288529621800476
0.022682958549122167,0.8641044048728475
0.02673477703091931,0.6989911965142986
0.03747967381344203,0.2729540330545799
0.035952478841732916,0.3196959121113763
0.04427950035217698,0.12472369680755778
0.0493230343852471,0.06415957454845364
0.026039289218777073,0.7295681855887352
0.02652325269514766,0.7083378050426447
0.0421756012115827,0.16114210239448812
0.026126852067690942,0.7257455153084149
0.055407799116466594,0.026162577908987936
0.03300006472726441,0.4259865976249169
0.030624385981829816,0.5272278611135706
0.03283860675336986,0.4324212853475825
0.029651678654813773,0.5727058278418712
0.03722461679147365,0.2803831649592395
0.047332058512900455,0.08412561405444699
0.027103635130212855,0.6826214220180201
0.03488846180015481,0.3555379764036508
0.03384976794811767,0.39319400012508043
0.03568353531145063,0.32849743679237164
0.04874050682581016,0.06953270922271587
0.039829889252490425,0.21129905197432455
0.01861300196700172,0.9685673282132992
0.04045397594506081,0.1968976565317155
0.023329305824075774,0.8406718907394964
0.03807672338549911,0.2561413873469928
0.02623803535502578,0.7208790965109787
0.03226444028193454,0.4558315930386743
0.03120677883774492,0.5011095932188132
0.0267255756870326,0.6993984759203578
0.021710378276934228,0.8962552401614355
0.030307739341654538,0.5417790057125853
0.0303282102378436,0.5408308582585262
0.04427594247894842,0.12477905114203343
0.027286736680369683,0.674470769915107
0.02715037653388852,0.6805420150693424
0.04684019019808344,0.08979519824853106
0.0314345090766146,0.4911251976653252
0.03452300367404515,0.3684840643909151
0.02627419188341662,0.7192936754914876
0.029477608947805156,0.5810861395844106
0.03137112225853833,0.49389132992639273
0.031103922520834076,0.5056613316880669
0.01486173535899643,0.9978170561054635
0.04148995391616067,0.17470388994108174
0.032585979894548256,0.4426200572080433
0.04002117687277715,0.20680039284165908
0.055538271196335254,0.025634933289648026
0.02200202626618411,0.8870368031792859
0.020415956460891116,0.9323579913538067
0.03861053086324867,0.2417836409425841
0.050030354496095164,0.05811590818249821
0.03817872245464399,0.2533491923992962
0.05217353486210774,0.04269535845994525
0.040488620262069674,0.1961213226332178
0.02109208832289078,0.9145105237830996
0.03609734760324079,0.3150265490344049
0.02283614606594675,0.8586897084330415
0.07502743542812024,0.0007136678931377207
0.01939474409624925,0.9549154392778647
0.031206352720645703,0.5011283962122776
0.023316210838334683,0.8411613745448139
0.026723745092462253,0.6994794964731089
0.031062237280683747,0.5075135110244754
0.036766448354126735,0.2941051159070334
0.042286492948809706,0.1590301349554102
0.03125385736740016,0.4990349642744694
0.034623338343305,0.36489715557439584
0.05338445049031926,0.03566483858881105
0.03373449018374364,0.39753758084039126
0.025359337297836793,0.7588972092018853
0.018190848846761698,0.9746714166085766
0.01609798393414194,0.9934512245394341
0.029039204471277558,0.5964576580928845
0.02369383037278905,0.8268195899061177
0.03569002829038076,0.3282829019946135
0.03802837121786895,0.25747312002007183
0.049949245034732304,0.05878317385873119
0.031892252005917554,0.4714467455537345
0.020505437298774853,0.9301270546967864
0.025374338948117026,0.7582578890539894
0.03240805491250576,0.4498987722300984
0.026786058174311678,0.6967202668492976
0.02485465129203729,0.7801601115308501
0.03943661522893138,0.2207865592282978
0.020018001846893563,0.941786073154454
0.028900973197071966,0.6025724431757027
0.03336192903910706,0.4118013185939017
0.03560334535599535,0.33115535604303276
0.038629258533242616,0.24129130785905953
0.023303161838879427,0.8416485602828457
0.01785724191055682,0.9788934664492589
0.05954829342770296,0.01338890550836445
0.03571447776789827,0.32747597476602397
0.026397520135176822,0.7138759256644731
0.04394277889629783,0.1300523921825265
0.04039286014536814,0.1982730540522813
0.035709348315441494,0.32764514746462303
0.029342461993600355,0.58764263732025
0.02375794373560325,0.8243396029819384
0.02454047583671981,0.7931272743559297
0.019110514129578426,0.9602386118579636
0.03282257291371016,0.4330638464063505
0.028625627436653978,0.6147862600545126
0.06973634905418602,0.002097436872723203
0.022544098679920577,0.8689341212532692
0.0496232407678141,0.06153183266905837
0.044009157757649964,0.1289874630647329
0.042518695733026024,0.15467970751068877
0.030068593205334504,0.5529313017053207
0.018851967759641847,0.9647225734176477
0.03440305961499546,0.3728044886267502
0.04101309346656712,0.1846596623595946
0.020237046675053993,0.936696718672881
0.03003516567958353,0.5545012548370214
0.031247422829645433,0.499318193161116
0.032326806924318274,0.4532488519180287
0.034412905517044456,0.37244850154091524
0.0213064962988323,0.9083836378382097
0.02711301798876864,0.6822040782991706
0.040092935576422906,0.2051321717042252
0.042010863348389715,0.16432101214548092
0.020562210550226223,0.9286906258401835
0.022385741832478434,0.8743482611468256
0.027890562104315675,0.647536237295943
0.030271469707461973,0.5434614171029502
0.032059989901515595,0.464366483512877
0.033697169457394205,0.39895086966372567
0.04250105531502335,0.15500681332658597
0.03130832679739204,0.4966415029949097
0.03196389162842328,0.4684142247253963
0.038166323812850456,0.2536873650929885
0.022332316547502257,0.8761518515442481
0.060531856764445946,0.011338528837633893
0.03842735876216086,0.24663955472164445
0.05373140089732836,0.03384712411199989
0.05020327289471871,0.056715035134752845
0.03321634265857465,0.4174691136736774
0.024695969440427068,0.7867375402535108
0.04762870983695994,0.08085420201072166
0.02351217973470776,0.8337763092305392
0.03530130562224809,0.34130580071053146
0.021661837410537843,0.8977526036433741
0.015710720338106388,0.995221076778697
0.030595909205116067,0.528526406096681
0.06785819599301413,0.003017459678675473
0.03795452253134801,0.2595171781632557
0.029609966706352076,0.5747073529410918
0.060420227413157335,0.011556043416419387
0.029942844817226977,0.5588512888842352
0.04600760250122665,0.10012130768371456
0.03096591534712445,0.5118097923127909
0.02115161599816129,0.9128315701814789
0.029772405133336788,0.5669364523490814
0.03611977386346765,0.314308180948639
0.019206828081010263,0.9584812094634575
0.04012869770070315,0.20430471584079507
0.02707811032013474,0.6837565494310442
0.04185161105735641,0.1674415485938359
0.03883691586162891,0.23588336728458778
0.034585689654407226,0.366240175908559
0.042351481504847244,0.1578027651227772
0.028553493620871784,0.6179923397287572
0.02203715447808513,0.8859012361007476
0.03999424457377859,0.20742922768686195
0.024450597440353272,0.7967943795728344
0.049568774795891724,0.0620016215087989
0.02829566717594334,0.6294687728477577
0.03334604213939696,0.41241724027239707
0.048301559805515426,0.0738302776258034
0.025144429821631564,0.7680115861341326
0.04403921787094789,0.128507552952069
0.024056898556193196,0.812614018417919
0.03575752614101679,0.32605870142908067
0.043163863958421755,0.14309312486160267
0.024608396356181755,0.790343162922835
0.028244800691819782,0.6317355455598579
0.032164530461480934,0.459989336020913
0.03491490135471076,0.3546140618272634
0.03839477149881049,0.24751116912076618
0.018228324753305047,0.9741644140106298
0.023188329381250372,0.8459106425739127
0.021140665766534172,0.9131416987109732
0.023549040141310484,0.8323731463402093
0.020307825737763907,0.9349997411482718
0.016809071885538263,0.9889846081398392
0.028727153905249603,0.6102779929246773
0.016829405938314224,0.9888309248771677
0.028726892689078853,0.6102895854739998
0.028087778661625373,0.6387369101895852
0.04559330315184518,0.10561730399205685
0.030810516013619504,0.5187894869678525
0.028741037970933025,0.6096618818390802
0.04402559197389222,0.12872490938423065
0.04546321866574321,0.10739377132215716
0.044095146141697183,0.12761854259187605
0.03858570651626586,0.24243743111406305
0.028908848498568063,0.60222374419826
0.02913761361179734,0.5921123187482051
0.03149750907223792,0.48838584706876215
0.024004550326200302,0.8146858965496493
0.03083072413900434,0.5178784737101078
0.024064165145256222,0.8123258070371095
0.02927586704989793,0.5908894466427126
0.02746945306302495,0.6663264209822325
0.027829189860942738,0.6502751773229307
0.029094030342494664,0.5940359290818941
0.026924965135726175,0.6905604186452174
0.04235902853783613,0.1576607265395716
0.04912311474722181,0.06596219027551238
0.028720027345763066,0.6105942763361023
0.035270408158430855,0.3423565963908472
0.05122798181138055,0.048995171255997394
0.021922146217991156,0.8895990410865742
0.03828761016615079,0.2503939420952533
0.02331955284000864,0.8410365075085309
0.04385695382972421,0.13143993479345448
0.03142190888227009,0.4916742609861411
0.041336870244328305,0.177852365924505
0.029368237183603096,0.586388816445213
0.04009345340776915,0.20512017161239726
0.04100907440456014,0.1847454372909218
0.02962694329774418,0.5738922353927285
0.03676607263585574,0.2941165686544868
0.028029246934145213,0.6413479568895295
0.030180331726917586,0.5477031460994982
0.027472216067845057,0.6662032010075529
0.047335573086723814,0.08408621320669056
0.024802405136355343,0.7823318602625623
0.028265272185470952,0.6308231845237475
0.0301586389023053,0.5487157562655323
0.03124624319013347,0.4993701284716249
0.021708261401651385,0.8963207629933043
0.02706554878035594,0.6843150702584357
0.03132764541677008,0.49579438654716346
0.019141147838871053,0.959684795248129
0.024106054324552012,0.810661510569016
0.030700109273682274,0.5237845773403742
0.023816174076764174,0.8220763381035462
0.03365700079363798,0.4004758736536192
0.01854634146597184,0.9695891198727558
0.028677702642920355,0.6124732259904405
0.029311355450148846,0.5891579090683957
0.03957978088184411,0.21729535202026756
0.016396228973814875,0.9917839739659263
0.040532417430436174,0.1951433242156559
0.02733186904301088,0.6724599048503634
0.02946946841581244,0.5814798317674522
0.03708753148982302,0.2844378511422367
0.03506446373077399,0.3494198211229316
0.03421973679491269,0.3794763420930775
0.03609229582696305,0.315188534918029
0.04040932028397004,0.1979018837587411
0.028955275128036417,0.6001688749249119
0.025263241932043906,0.7629830777330548
0.02938354989806624,0.5856446881384489
0.038748475512958014,0.23817512930247067
0.02972498181522898,0.5691985653982847
0.03725252141845381,0.27956310904601667
0.040748251278960756,0.1903795256060742
0.02455255839914583,0.7926328042246944
0.029462173550227844,0.5818327606585666
0.052755219039304524,0.03918031118565368
0.031255178288728924,0.49897683402846965
0.03326450139493653,0.4155884063958815
0.03200072831070977,0.46685990705904007
0.020042903226142605,0.9412199085766089
0.026069649205007983,0.7282438051861322
0.07083098255141795,0.0016890382967704066
0.022461560896460953,0.871768668971734
0.037384936178298356,0.27569609786178023
0.02111643179594891,0.9138259915151947
0.03500000050845897,0.35165191190241085
0.07016576980655098,0.001927384851882078
0.02430647883151743,0.8026325323599777
0.022172254687043425,0.8814845002508568
0.01765283238131382,0.9812281671502984
0.04500344014771196,0.11387214047928682
0.04018241834312766,0.20306663927310942
0.029622175891004188,0.5741210686507093
0.049255865976681856,0.06476045981124665
0.033130027431348075,0.4208543937881495
0.02599992771838744,0.7312835724937102
0.030944947703681502,0.5127480620265907
0.01749056330389054,0.9829497558697926
0.03388893798648018,0.3917256090625031
0.06139647690765532,0.009775119548935576
0.023195610015937063,0.8456417730492912
0.03575980291076902,0.3259838676290075
0.02533164620629269,0.7600762813239459
0.027681671359027715,0.6568587011760216
0.028376443065600387,0.6258707223133697
0.05165794373811311,0.04603717883400845
0.022449166290895606,0.8721919650938833
0.015493404517769593,0.9960392502501646
0.0305084111897842,0.5325288001015658
0.037128749897127,0.28321414279046636
0.020868965210170787,0.9206504279762806
0.02957076416494714,0.5765922787341418
0.04498217218882217,0.11417945124121243
0.03843374783793918,0.2464689397074607
0.047172216954648793,0.08593405042149349
0.0299955174061437,0.5563668921841529
0.02699266429773195,0.6875542049734226
0.0309491098528496,0.5125617257794
0.05177332779257493,0.045270226669936735
0.030472183965442767,0.534191434573267
0.04120905691419774,0.18051543609918028
0.02704441670600366,0.6852544921760281
0.0264870242762143,0.7099349954700569
0.02770499162587997,0.6558180063671486
0.02438037424193079,0.7996456517851613
0.04198104251567858,0.16490178359086838
0.03361791361146271,0.4019636696134516
0.02984426872371554,0.5635188806924031
0.02112030903243134,0.9137167005065944
0.022515795825785,0.8699091827643218
0.02351054818186671,0.8338383160229059
0.03230697853515144,0.45406893566196893
0.0321011908203549,0.46263812848582797
0.029301448232004396,0.5896409967929906
0.043575066269469526,0.13608245499888266
0.056018281528663116,0.023773878562212813
0.030829258703900075,0.5179445038728157
0.024155343425325215,0.8086970151261548
0.039549715912986505,0.21802494098787623
0.02336822503922653,0.8392136914404791
0.023348854447788003,0.8399400938384384
0.030470441494020395,0.5342714858071744
0.029521595143470414,0.5789616270328298
0.04030444764560692,0.20027606429158507
0.021141659837426996,0.9131135688035378
0.028921482802327203,0.6016644085352414
0.05009176933022946,0.0576150002258924
0.02687803022046864,0.6926430716559103
0.06679827187988263,0.003688725725150375
0.01365395446240697,0.9994559248638282
0.03917333350297747,0.22731985631335733
0.038137556084458235,0.2544733214089335
0.03455166687411859,0.3674568465717102
0.03339793426203297,0.410407754236435
0.05432791637620893,0.030911368160071142
0.03338865899082022,0.41076644017694763
0.029846866361692148,0.5633955803048459
0.024550191553283196,0.792729693228813
0.01911955398722598,0.9600756818595116
0.04627244033374228,0.09673440711793224
0.028877916861409614,0.6035935391978771
0.04611429803310185,0.09874512670112226
0.020778975035058433,0.9230576233979019
0.024231003530295947,0.8056686489725515
0.03390944734596835,0.3909582800936245
0.01921434439139691,0.9583420651566487
0.023350802623295253,0.8398670938182571
0.03535845679629926,0.33936823808098826
0.038842826748662185,0.23573080214067713
0.037172720363544576,0.28191305263480587
0.033431834843257735,0.4090986008470582
0.049786845365371424,0.0601389673497
0.042778724533857504,0.14992212438227098
0.031113145723391022,0.5052521034329747
0.030871870732472828,0.5160266385496064
0.045050246429518714,0.11319821835736447
0.02110785081568728,0.9140676130947607
0.021701696833182682,0.8965238247255607
0.020764172263109504,0.9234497512489628
0.03662114524011084,0.2985589016928128
0.05622674952637896,0.0230036576088388
0.04057435391137881,0.1942104667754577
0.04384999892047381,0.1315529027271699
0.02340695262327419,0.8377576290223793
0.023920861737795507,0.817981965855725
0.04726639013898737,0.08486466614980057
0.02978123629533494,0.5665158017090106
0.016505189894589045,0.9911028162882308
0.03185992042979324,0.47281954265080833
0.028142422784885185,0.6362998176486813
0.03212962074294967,0.4614479815847946
0.03717243274488058,0.2819215488129423
0.03343161539629205,0.40910706612047565
0.047449242425610993,0.0828202526079976
0.06019435799634387,0.012007719041653937
0.01708928901864344,0.9867281499201709
0.03053804520323619,0.5311711543145843
0.039919315447368264,0.20918656627218646
0.02314818040798927,0.8473899843535981
0.033569580940657234,0.4038086351325246
0.031190602931250255,0.5018236930006275
0.03825671444603007,0.2512297910653492
0.022018303183910154,0.8865112944076206
0.024377882571055554,0.79974659327695
0.015104886014200847,0.997228811811733
0.024222575946598962,0.8060067297554973
0.034787206909167645,0.3590920762633371
0.017679906786285657,0.9809296753189529
0.019983401945156576,0.9425674528994265
0.03627672535177351,0.3093140718936277
0.037324093160381544,0.2774679506195307
0.03775725936069141,0.26503726897535496
0.022095751020197396,0.8839951722926741
0.024725533519064258,0.7855163405320067
0.0286525379737656,0.6135908052030148
0.036258363110095226,0.30989533064747343
0.028393024693614932,0.6251323788519996
0.04597775123550041,0.10050918269284702
0.02550604144252011,0.7526287890665625
0.029855759149564287,0.5629735957710037
0.028716676695376808,0.6107429905197079
0.026111297290956514,0.7264252341551798
0.02559196673783204,0.7489409741209452
0.02287516082629948,0.8572964406661119
0.030248478753448882,0.5445295455253216
0.02840372782518097,0.6246558422878951
0.04982958942866944,0.05977954489007162
0.038553584574999245,0.24328541589534858
0.03148218063940489,0.4890514453115906
0.025670070595791405,0.7455788754716809
0.03190665833508588,0.4708358936075665
0.039981317920477266,0.20773157721942787
0.026501273214270676,0.7093069426939193
0.029174087445674124,0.5905035591694923
0.0351145924913836,0.3476910698717291
0.03788297817970626,0.26150911477805394
0.04198911043881981,0.1647444962013631
0.044363606044462656,0.12342100879812112
0.03345337523032066,0.40826825358726715
0.023780932090533335,0.8234473275296954
0.027652392423338557,0.6581652525914725
0.04596826089267225,0.10063275807402261
0.021057555932098293,0.9154766491077937
0.02649918980183763,0.7093987846431208
0.028657382931470132,0.6133756133050421
0.021451326012409955,0.9041215365856341
0.029637963839739934,0.5733634638828087
0.04070982570341952,0.19122087637193574
0.0349841650457107,0.3522017777135505
0.02415799283732989,0.8085912307320142
0.02807730325696356,0.6392041682911531
0.03494514891113426,0.35355917318311597
0.03386685965162228,0.39255280500228457
0.030078522110694728,0.5524655054721752
0.026119070875956996,0.7260855756883524
0.01498028754139108,0.9975440197041824
0.04271177149117289,0.15113569122842904
0.033434392560969556,0.4089999444878758
0.03023323045646298,0.5452386727760258
0.025591793575378108,0.7489484177632555
0.031081333077080497,0.5066645027884834
0.05182224347425124,0.04494844802147388
0.023144902022752434,0.8475105304217365
0.032274770875797054,0.45540310856322513
0.03211832919177804,0.46192043217201983
0.033733822862904606,0.3975628210558354
0.049321171742137904,0.06417617322164672
0.019675270657382837,0.9492539783268564
0.034066239145956745,0.38512658051688853
0.03504820763763128,0.3499817463900235
0.037070379150822175,0.28494823315645945
0.026611228938776543,0.7044546426295822
0.04523191694727402,0.11061363050441467
0.03171241807286285,0.4791155680023658
0.025805665237369713,0.739720578498047
0.026282063966459907,0.7189483136622953
0.03250309727088996,0.44600084996427825
0.05230186720579921,0.041897116627593496
0.02504885039902549,0.7720373021575994
0.039420801766855695,0.2211748268667722
0.032043472981434284,0.4650605492665428
0.026018162575237064,0.7304891274377531
0.048103200711937744,0.0758450517877604
0.022042513985975898,0.885727513256467
0.04988926048329717,0.05928086922751446
0.02867953305617965,0.6123919483958244
0.02081497208536165,0.9220995236330413
0.0357836143111378,0.32520196992011446
0.05816598794216066,0.01683456052265798
0.04869376807207215,0.06997994847747378
0.04506753885901549,0.11295007451656781
0.031359781434393885,0.4943872846016434
0.02397018685046337,0.8160417347596352
0.022176144688337063,0.881356175068307
0.05015529774224109,0.05710075952532763
0.02683296955855602,0.6946413150718119
0.05173207784410061,0.04554313011069862
0.02623294738386489,0.7211020875937404
0.030412855323125543,0.5369212533782495
0.028717400574357455,0.6107108616140284
0.03132505885935355,0.4959077526634281
0.027775398285221492,0.6526758682155911
0.017631031642832307,0.981466161558345
0.025007532763201445,0.773771982509831
0.04926180060772489,0.06470717603408249
0.03565941716554544,0.32929521297388387
0.022349275374554223,0.8755806072194099
0.02475379473454553,0.7843471188406292
0.018624226382474407,0.9683931130877559
0.03618149103475876,0.3123374005912525
0.030667961075159234,0.5252446933531588
0.02089169761927974,0.9200360242427419
0.03412134512849707,0.383091429276711
0.03676500617777956,0.29414907851753425
0.021393477439184405,0.9058357425025885
0.021872234433442106,0.8911858056866211
0.04763407076783699,0.08079608454272634
0.021839367664707565,0.8922246727663488
0.02248917523652516,0.8708233664526703
0.044219278337868206,0.12566336381381066
0.02050907374464961,0.9300355353164882
0.026233724013979165,0.7210680519174877
0.03163363877665418,0.482500422587339
0.032605002528958926,0.44184654398907
0.02553688317868752,0.7513064490080481
0.0388896735623539,0.2345243171274386
0.026781188744730566,0.6969359807804467
0.045818289888920616,0.1026024062131858
0.03472366066242216,0.36133540092700284
0.027007004708547888,0.686917098408692
0.022581831753270054,0.8676292267319515
0.058198174419710536,0.016746054709737716
0.04566538455302499,0.10464348564459303
0.02279120416525049,0.8602875380751464
0.02044386015054523,0.9316666423650868
0.026201806492135993,0.722466299097519
0.03163132728512569,0.4825999723395105
0.044697570342718235,0.11835803841768934
0.029097240324724494,0.5938942054017522
0.03999740014083386,0.20735547225674086
0.02822879854827287,0.6324487963233649
0.04167113971282266,0.1710348501767433
0.03463336037348272,0.3645402319743315
0.036066879027921606,0.31600444951481216
0.046107156256790516,0.09883674782909972
0.027703200663787897,0.6558979313956687
0.026474185244924953,0.7105007510434461
0.024439783729592268,0.7972342509573078
0.037416796821355014,0.2747716418536966
0.023064390219741937,0.8504589750477523
0.030584655628734136,0.529040120534349
0.024616739233879234,0.7900004307093016
0.033386459132755286,0.41085154278992014
0.026860837308419427,0.6934056493750818
0.025602990065872855,0.7484670244268733
0.01967503796131953,0.9492588427764154
0.036669158609145935,0.2970817451098266
0.021857662887460716,0.8916469803628084
0.05812635901905522,0.016944106422338887
0.03675705353027231,0.294391590419896
0.03252290456086104,0.44519134681601696
0.03972035588069073,0.2139090739561523
0.028441542728912195,0.6229725330846145
0.028983697186387797,0.5989115776485648
0.02318146694419429,0.8461638986964657
0.03230695600404054,0.4540698680866203
0.04915980750720955,0.06562814125050771
0.04733918986883712,0.08404568275535476
0.017906299001172354,0.9783050082538226
0.025823186687227495,0.7389616703379547
0.031076154498008823,0.5068946556290512
0.030071787852632037,0.5527814045639177
0.025464927252552783,0.7543891573681282
0.024611703511223215,0.7902073218100923
0.05212598799321155,0.04299444622013728
0.017210902009331397,0.9856530509611785
0.021313719828739974,0.9081734022786179
0.050904603822093275,0.051326912202648574
0.029041379146513724,0.5963615602551513
0.06372113345457431,0.006491583272127569
0.030760272588937987,0.5210589045284394
0.036182060420195894,0.31231926083857586
0.03296569437395802,0.4273509268814419
0.033753695497896974,0.3968116482304698
0.03903384489112194,0.23084104288260332
0.02846141631504495,0.6220880833452123
0.026208545081904316,0.7221711854498003
0.024893878576472794,0.7785256713214984
0.044136136579682295,0.1269701773781723
0.03221684175504322,0.45780929321386904
0.039608104775870956,0.21660974505558542
0.035184317889751626,0.3452966721696766
0.02776157584695471,0.6532927539910717
0.027243105740081597,0.6764141123951211
0.06794498258657966,0.0029678218011732877
0.033205642535130975,0.4178877629639344
0.02214377656633426,0.8824219963074436
0.02973573036554905,0.5686853792099277
0.041240183829495236,0.17986399637559786
0.027551644299640077,0.6626603787259062
0.0316064088626099,0.48367398720532895
0.030132100500793596,0.5499561156046022
0.04149640503033997,0.17457218854035456
0.03210685124271273,0.46240100824070685
0.018240157098656895,0.9740029435069024
0.018478092079965924,0.9706125654715879
0.04095790667421206,0.18584021318998908
0.023279428604908357,0.8425331554122834
0.028688992097150534,0.6119719563270032
0.025124304178310408,0.7688607336262416
0.027167073621234744,0.6797989807347571
0.02157321949219837,0.9004585610656242
0.0371796100334455,0.28170959061178674
0.021371709210071366,0.9064767318687995
0.0314774570509431,0.48925667297343656
0.029473984205299397,0.5812614196824624
0.030446374097985673,0.5353779328386838
0.02363336059394383,0.8291469889731773
0.02284577339450644,0.8583464347809213
0.02473518782921169,0.7851171240697108
0.052837224096542346,0.03870565047711282
0.03007165431622949,0.5527876697740114
0.022217032672637083,0.8800034777461436
0.03091325871615702,0.5141681582791978
0.03883416517794336,0.23595439060557624
0.04625533945575244,0.0969501771554474
0.01972434335427231,0.9482218813213169
0.03541806894526445,0.3373556695945444
0.04138689806511997,0.17681852884197077
0.0410708844903368,0.18342975993305727
0.025389798024894383,0.7575986684593912
0.0256674474044134,0.7456919446364261
0.049219515195159325,0.06508765175691622
0.034453618862653024,0.3709790103074599
0.03188738938529978,0.4716530455371572
0.03989857896093596,0.2096749477512981
0.06441573281853985,0.005727321743078265
0.04505640315029169,0.11310981876213992
0.03192370167620384,0.47011389685821364
0.036768608785670565,0.2940392674351944
0.022730346020185227,0.8624390032276301
0.029743742562260284,0.5683030206910088
0.028285407702403814,0.6299259093237726
0.03912389226816859,0.22856316761541495
0.019880475102201783,0.9448554456579557
0.02791536801450356,0.6464292432455289
0.038202200049765156,0.2527097774914946
0.018862212354179675,0.9645513438878388
0.03283724698820001,0.4324757534314326
0.03190988093937719,0.47069932079507326
0.027924505642139774,0.6460214759567362
0.03779807678324776,0.2638878696945457
0.02926280112936347,0.591527709574448
0.044864481005260304,0.11589242100564738
0.023172495070018395,0.8464947542545358
0.03959773399727862,0.21686058492116886
0.039162554693630613,0.2275904690029113
0.04654386153173112,0.09336308486038258
0.04840519972403057,0.07279576511084293
0.04479626406811388,0.11689496353745936
0.025330111161232516,0.7601416034016274
0.024331461437447632,0.8016242942199583
0.04981385081116918,0.059911671587925056
0.014968199921867154,0.997573029881703
0.0393561023085911,0.2227688885359749
0.03132346800557051,0.4959774863818871
0.06291164833085083,0.00749899608830455
0.05435480077257923,0.030784501085800164
0.027522203837325565,0.6639736727828605
0.0323025810947799,0.45425094281745293
0.03669484865391266,0.29629359444519565
0.05310285506349377,0.03720242758616409
0.03739877148774773,0.27529437273052726
0.029431667448027277,0.5833100395838923
0.04101887354564693,0.18453635890907372
0.045758173938294844,0.10340088963357268
0.039857660240640747,0.21064125910249204
0.026648787309123123,0.7027949766914976
0.036921935297307695,0.2893937630801123
0.024900651113432967,0.7782431569082735
0.023488640458546095,0.8346700769837683
0.051640384955869645,0.04615487355754038
0.021071806114995706,0.9150786664173197
0.029770271788964298,0.5670380971969452
0.02338574632738674,0.8385555542336555
0.02677379254915474,0.6972635992023737
0.03748584411370598,0.27277615204740036
0.019333280018673737,0.9561017111365709
0.0349265413045137,0.3542078521224972
0.03289338130342395,0.4302310227964603
0.049440887055489435,0.06311677969848883
0.03258765409782993,0.4425519431511961
0.04480542657659947,0.11675989386427835
0.025252116085833665,0.7634550672546206
0.027284991449352813,0.6745485155298641
0.035371304413358784,0.3389337620503053
0.026879642835703654,0.6925715362565121
0.020910295464063755,0.919531477934376
0.021376221327579464,0.9063440505519956
0.02694066331775813,0.6898635572599465
0.03236498881507344,0.45167245202825357
0.022299129512878824,0.8772662939747669
0.03540491745141133,0.3377989385544844
0.03207810959148244,0.463605850614357
0.03898112747951754,0.23218267446919422
0.01678324289449029,0.9891776087163112
0.03275377672871227,0.4358281649794018
0.027866216371100316,0.6486227289513438
0.03243687536448392,0.44871438916097994
0.025898441509149495,0.7356974045087428
0.03354838033741822,0.4046197428410012
0.048647788196368724,0.0704223114636845
0.02229731591627515,0.8773270643104641
0.0217620192483029,0.8946505566261436
0.04354498964358916,0.13658558199938933
0.02351349199584135,0.8337264307888763
0.02098140635413727,0.9175866497936338
0.03707882725190856,0.2846967679365984
0.03752062690593755,0.27177503703788464
0.03067612269856168,0.5248737653650993
0.030904167635306345,0.514576020152781
0.033411665704097704,0.4098771362810195
0.025344070644159,0.7595474212406667
0.027798673306286048,0.6516371151145675
0.0471789420584795,0.0858573095412125
0.05908147631095234,0.014474163883706733
0.023958470984922597,0.8165032207115561
0.01456678319359983,0.9983930966298709
0.04066991584029861,0.19209782073703796
0.025827729068032768,0.7387648567334655
0.04069154091663452,0.19162225851953485
0.023314612359953912,0.8412210850059483
0.032488269539933,0.44660748554394386
0.029038489330893258,0.5964892605037744
0.03240528466882178,0.45001272538870724
0.02269879935255037,0.863548655125812
0.026795512373525177,0.6963014044179571
0.032317803550904495,0.4536211012954262
0.04859676685981096,0.07091595830761149
0.025147497436224464,0.7678820882451258
0.027151364297490543,0.680498061949586
0.05258462806510411,0.04018402302223632
0.022992769318171513,0.8530622721448763
0.038924687988788176,0.23362565645218464
0.02720514189415779,0.6781044952565765
0.03097702143384884,0.5113132525727616
0.030074675651607596,0.5526459265250095
0.02331840845758021,0.8410792692776003
0.045246560362764865,0.11040744452834124
0.025913187556245332,0.7350568934647417
0.036835460726000746,0.29200704744433736
0.027377163392948156,0.6704412193695354
0.022082985663151367,0.8844116689878697
0.056045968929183676,0.02367028254357434
0.042188473240109436,0.16089580359800618
0.06263157833895999,0.007879406397301338
0.03631417055630359,0.3081312134526654
0.03024646252207608,0.5446232784750489
0.03574498038653762,0.3264712835558836
0.022829595230490274,0.8589230867091677
0.03484113461105476,0.3571960638812341
0.02781661777854255,0.6508362616002628
0.022238892306362945,0.8792774097217566
0.028053095456340216,0.6402840322494427
0.027766176272042586,0.6530874406229952
0.024349955459505024,0.8008768845047143
0.030000497904712597,0.5561323266147168
0.027242850373556227,0.676425484615843
0.029396278718292618,0.5850265515339407
0.036885137645518484,0.29050367162070273
0.02720258461273839,0.6782183419030411
0.023330332043018376,0.8406335066570614
0.020965357657911077,0.9180277315188962
0.04594861421829144,0.10088898277715282
0.02590761259985136,0.7352990814340505
0.056151522913330254,0.023279002512681928
0.024608774205833628,0.7903276440783675
0.03710486521639489,0.2839227625282368
0.024937967769892433,0.7766847763206016
0.02867766831588192,0.6124747502628326
0.029970816996895855,0.5575310926297373
0.023393580248581736,0.8382609633445653
0.028162751951293807,0.6353933007112471
0.02792558233864989,0.6459734287088065
0.027637077228966633,0.6588486524122192
0.025243978783508148,0.7638001314896659
0.02900073954276261,0.5981579338562796
0.045103459334483065,0.11243605649671451
0.03538094504407141,0.3386080011357068
0.03304803907715026,0.4240871900840704
0.028013075645555163,0.6420694318917048
0.04553931684377066,0.10635157296609123
0.03808663487296954,0.25586904628730633
0.03280631787944677,0.4337159275272327
0.028072778698756906,0.6394059930594983
0.03838683385557723,0.24772383232490028
0.04286112937019926,0.14843928969246178
0.01579118594920159,0.994887492430247
0.027617815185877692,0.6597081364768849
0.03141512909506311,0.491969858884277
0.025323771352341956,0.7604113426722323
0.02127232480338581,0.9093748217583275
0.05409970818902035,0.032006934575554764
0.02909434392072885,0.5940220839905743
0.02446696584926944,0.7961280082671646
0.027319658811815695,0.6730039914210697
0.03328944562000269,0.4146165516003273
0.052479789658054554,0.04081192385863651
0.041021492709379936,0.18448050705554347
0.04359971921957384,0.13567118178577597
0.02050265193264647,0.9301971096098217
0.03831583984058884,0.24963206723289977
0.03499343034927627,0.3518799778717804
0.03172821831885997,0.4784385521522484
0.0316039799754734,0.48377875797374464
0.025160750004782628,0.7673224313342083
0.03044958624380245,0.5352301791541741
0.03939828751868096,0.2217285288141879
0.033235093818645534,0.4167361510096757
0.03879721182590512,0.23691012365081437
0.023416611980236257,0.8373936823808062
0.027959766193054403,0.6444480351862092
0.03485506172138375,0.3567075649030212
0.028332908100235588,0.627809672916287
0.020889513864575326,0.9200951564188866
0.02814410372326126,0.6362248580779664
0.03185922319483209,0.4728491759415769
0.02442810337299617,0.797709048642574
0.025377097785975078,0.7581402742378854
0.04556185582697894,0.10604450655468088
0.03223245197074098,0.4571600710243799
0.03413227924612097,0.38268850810210686
0.018695037726469854,0.9672796088930503
0.027382582476352058,0.6701996632315903
0.04782078574435544,0.07879380840251266
0.024245914044551786,0.8050700373020034
0.027703795780396778,0.6558713732260057
0.05917732974367679,0.01424508257434984
0.034828966168614015,0.3576232652536142
0.019635275239238803,0.9500859669969328
0.03026062962844278,0.5439648715166087
0.03548857324319743,0.33498646252997466
0.030062097677514776,0.5532361571542728
0.03206418455887022,0.4641903261967777
0.017413522440421603,0.9837272836936315
0.06523402167262904,0.004932974158559657
0.042173022195672205,0.16119148667624442
0.028357357366937452,0.6267206810308068
0.037034761078711065,0.2860102518447388
0.026261430544413877,0.7198534011836804
0.021273413963988408,0.9093433149045652
0.04105019013707656,0.18386942864515662
0.022561405681003455,0.868336306963948
0.04104795240597803,0.1839170209552075
0.027572537106257955,0.6617283010474767
0.02047452196722399,0.9309024129646891
0.0284528979021601,0.6224671666297349
0.03290336797743923,0.4298324947591362
0.020928704480165233,0.919030381787459
0.03185448315357295,0.47305066531767953
0.04218508134458698,0.16096067625830998
0.020871387352054238,0.9205850842522114
0.03358115723443855,0.40336621306832693
0.023124342387261354,0.8482656413668762
0.027116216510709723,0.6820618011571883
0.03071084255501605,0.5232976569627158
0.034558962597408316,0.3671957084630919
0.022029389924904275,0.8861526957946522
0.0474280160475265,0.08305542830377043
0.03976850149924871,0.21275876767645532
0.022521671243346808,0.8697070316264226
0.025955503492435528,0.7332172858928195
0.025030769839640143,0.7727968175802146
0.04075202622482099,0.19029702836899606
0.03475970186138533,0.3600618517283675
0.03698684384039841,0.2874436267041784
0.03419799381278743,0.3802731591000239
0.03205392925499839,0.4646210818433656
0.017618946487639203,0.981597190378536
0.029854031061645414,0.5630555827881274
0.056536986747958706,0.021898434018035855
0.033863011456293335,0.3926971068039973
0.01993573314935332,0.9436338808166713
0.03583951873380631,0.32337157206287126
0.039664233160082996,0.2152560569749827
0.019319514295398688,0.9563647296116252
0.018929999615443505,0.9634049850872243
0.019959249328839523,0.9431092479164975
0.021367717843034484,0.9065940204152886
0.03411532464949296,0.3833134095689209
0.017449849377975446,0.9833638146597771
0.02347623159068324,0.8351405058221187
0.03218568792551668,0.45910678762124457
0.03051865872084769,0.5320590781651735
0.023934241755171892,0.8174563508778414
0.02893138131912784,0.6012262590406907
0.03522709540080782,0.34383352448490373
0.028407512377684352,0.6244873519033842
0.04089306364889311,0.1872349325494022
0.033200537513770834,0.4180876008702605
0.03057381201540199,0.5295354151246887
0.020226819044778632,0.9369398190014138
0.04226948300687283,0.15935264514392694
0.029559400632336752,0.5771393471280807
0.02061249292690226,0.9274048860246354
0.023108369049979594,0.8488512735309605
0.04495157017157769,0.11462283465102656
0.03982780904949351,0.2113483885655415
0.019028673695909937,0.9616946965329553
0.05458175547478544,0.0297316397761046
0.032767081481031024,0.43529264070492046
0.039727784352005635,0.21373127694455138
0.03372646572862964,0.3978411648085712
0.03689160553341031,0.29030835602429406
0.026532526060110362,0.7079287922924714
0.02676410505441673,0.6976926562233192
0.01565083891902841,0.9954583501292301
0.041931867970584735,0.16586305830986206
0.04489639585949745,0.11542582710320193
0.02795014516954686,0.6448773457172143
0.025473411738586638,0.7540261080612254
0.02865968247649825,0.6132734815525052
0.042645666475464306,0.15234164428528763
0.0318603755628572,0.4728001996244357
0.020868297330449537,0.9206684407263048
0.03255695916799484,0.4438018629737371
0.026132622241893277,0.7254932974380065
0.021566628865116066,0.9006583690403365
0.017338655387498098,0.9844587612740221
0.04102895733724088,0.18432140229526947
0.02295827482656121,0.8543094324374252
0.029963017309017848,0.5578990217421138
0.032110468643028384,0.4622495139617323
0.0230009241289878,0.8527667969577928
0.020672582574329024,0.9258517465433223
0.01892572557220168,0.9634779502059765
0.02572234394739803,0.7433235781842011
0.0253973184542875,0.7572778268874139
0.0427200083036986,0.15098596784877436
0.03347871711581496,0.40729284391156456
0.030607539800551753,0.527995808366149
0.025497179247615354,0.7530084714889866
0.038278507755535485,0.25063997792766485
0.034600763443946414,0.3657020392724709
0.04033142394252753,0.1996632370266652
0.07384333466741333,0.0009146413112404938
0.021859924928640417,0.8915754507133311
0.05125124222250371,0.04883103978839022
0.02349961867987116,0.8342534666084802
0.03510032903704319,0.3481823396957335
0.03921872849016694,0.22618288791409036
0.041904270817779254,0.1664044916285888
0.04312094292394486,0.14384146474676437
0.03484218129261707,0.35715933461808375
0.030792117146838216,0.5196198125532446
0.039666173186278186,0.21520938554403898
0.04635533604370867,0.09569414499939945
0.03842317920362581,0.2467512150071696
0.044955963652876574,0.11455909164183328
0.03881282491332616,0.23650595791747492
0.06437013073955605,0.005774855146998846
0.04010893011355082,0.20476177112099156
0.023374420579163613,0.8389810911132944
0.03785292794106321,0.26234920269377854
0.050538184143271936,0.05408419528490741
0.03612202232762293,0.31423622310239835
0.038627823178166154,0.24132901491391215
0.04324887646844855,0.14162022042743058
0.030529691766902622,0.5315536384092834
0.03211026947487938,0.4622578541389032
0.040200156605205206,0.20265912277533912
0.04143885547571602,0.17574987119631968
0.021256390223358707,0.9098351267792635
0.030449652275804984,0.5352271420507456
0.05182368194176018,0.04493901557656867
0.02150706622320292,0.9024550463232878
0.0467106547147238,0.0913405262062135
0.0535736076993748,0.03466349625936289
0.03899625506022508,0.23179707426244428
0.04933179810698396,0.06408152713662314
0.023369008951269865,0.839184267992906
0.02813523869678114,0.6366201905146596
0.02570287566987084,0.744163993257037
0.02632859688346545,0.7169055458933479
0.03369522412532855,0.39902463183008396
0.023915350997259166,0.8181982961423063
0.0298340860232984,0.5640023737141701
0.027392870046195505,0.669741072823168
0.03829874843287928,0.25009312708591397
0.03478467061881829,0.35918142347560345
0.03280913646217409,0.43360281096568987
0.0349053985002139,0.35494593681849934
0.02030656719104207,0.9350301387295396
0.0246334769639526,0.7893123405565611
0.025613589891442107,0.7480111061195298
0.048029803236570245,0.0766022771766648
0.06408958513864904,0.006075303623464685
0.025842516936793403,0.7381239280416292
0.04260679906956244,0.15305431307550962
0.03490466358967792,0.35497161181640374
0.02909042924018468,0.5941949297806375
0.022737351786909388,0.86219205613763
0.01982312804390307,0.946106547450412
0.03623727412775579,0.3105638901739026
0.05020725721318753,0.05668310181606529
0.03892568518175843,0.233600101785164
0.040044751520543764,0.20625117529474182
0.04938894709293684,0.06357455999377594
0.02621649152487937,0.7218231112649205
0.02079592853759271,0.922607187440448
0.02238852846228312,0.8742538658415191
0.03536122148966092,0.3392747089418917
0.035143872762057216,0.346684133759744
0.027503297148045558,0.6648169937918529
0.03234545273968603,0.45247857470461333
0.04415083773098544,0.1267383001074075
0.022146902607748986,0.8823192556379736
0.02738921170315567,0.6699041544080722
0.023072058793283223,0.8501791388075681
0.025710129903594336,0.7438509040596284
0.045190301367244445,0.11120133600340311
0.03265930556822305,0.4396434070742274
0.02712446849736201,0.681694714411064
0.023869215675803773,0.8200059051529536
0.027558197077192703,0.6623680506950586
0.03592241455492262,0.3206712081355402
0.016063041350704244,0.9936285302756013
0.03197515829758063,0.4679384699011121
0.024270621944330384,0.8040767979328938
0.03135842606497696,0.49444657873175996
0.017644945198182355,0.9813145121686623
0.03251996223741027,0.44531153447520705
0.04399180205899411,0.12926521343293615
0.028422641699091478,0.6238138370426114
0.039988431892869714,0.20756514164473658
0.028946478636954348,0.6005581079906552
0.052335214680146014,0.041691830025837436
0.04229596560515314,0.15885075958877645
0.047621894273949805,0.08092813997534928
0.04511145817275736,0.11232185745605415
0.054043092002862836,0.03228396116965726
0.025490721665770932,0.7532850526844691
0.0543771595329805,0.030679339641031762
0.016299189824519278,0.9923574667718698
0.03188639265880672,0.47169533962236027
0.020325498050838803,0.9345720513262719
0.0203022495404519,0.9351343612880427
0.043153019358341316,0.14328190496478052
0.03437160911668119,0.3739432086136748
0.028581613287046004,0.6167422458570582
0.019833309027540824,0.9458856740784338
0.026653685537492255,0.7025784490404644
0.026516263208325785,0.7086460362960486
0.033168321845591486,0.41935019440909915
0.026175494548886236,0.72361814451575
0.03304825217724339,0.42407876581144194
0.024233040899673486,0.8055868895720548
0.03216713757140399,0.45988052435966126
0.043909226610461705,0.13059340438173778
0.039931494469414075,0.20890014140995172
0.027638324228627692,0.6587930092103664
0.03877175376254449,0.23757027324223984
0.032444602893969554,0.44839717750053115
0.03282244656982036,0.4330689122270025
0.035068614039449164,0.3492764603388397
0.023447070683796617,0.8362440325095792
0.026564003000631498,0.7065399263434492
0.02557046405524621,0.7498649407239992
0.0444485223995561,0.12211710805333673
0.0486128432114441,0.07076009831559371
0.02007935251270976,0.9403854426964116
0.04492487389285715,0.11501078802604892
0.031048747090049345,0.5081138357179291
0.023288642734307308,0.8421899509440129
0.0273499303116147,0.6716550165267438
0.02448287152036066,0.7954798433895679
0.027807458616695424,0.6512450305328001
0.026678817038540692,0.7014672194179974
0.033986843200816796,0.38807201461184143
0.01946938422514044,0.9534487127337387
0.03240245576378159,0.4501291113583169
0.03415684706828531,0.38178426460482223
0.05718331353088335,0.01974631423486372
0.021628288633101955,0.8987812409868587
0.020513991761820477,0.929911656192005
0.026924909707559896,0.6905628789226326
0.03691807705839012,0.2895099894513997
0.03305971863599266,0.4236256409293863
0.02775544708492078,0.6535662750955569
0.05112417360846899,0.04973349850939016
0.023492882999719966,0.8345091241170127
0.023093737341556175,0.8493869210225979
0.03690369473192373,0.28994355038752856
0.032087931889231536,0.4631938704439601
0.03343554659644343,0.4089554363332984
0.02359656395161494,0.8305576292962703
0.036198446289391284,0.3117975617213044
0.03239650145687667,0.4503741470342661
0.0454471536161104,0.10761486796813376
0.033088316158727205,0.42249697048961155
0.02017359128761942,0.9381963548054983
0.057217467320856974,0.019638023775760117
0.022246017562305043,0.8790403113649176
0.028709474259062784,0.6110626808594251
0.05629851269223829,0.022743688314624838
0.039771131594908304,0.21269606747508596
0.023417553229030635,0.8373582013199138
0.022503451947627928,0.8703334397390362
0.033853077180684865,0.39306979771486356
0.03950403373862499,0.2191371420083987
0.024928501299997352,0.7770803810134902
0.026952673991936238,0.68933029602876
0.0294341028699735,0.5831920208271731
0.020248196254627232,0.9364310958498934
0.04334697857597605,0.139935834372313
0.023207540226586942,0.8452007976920981
0.0222564582288588,0.8786925065697335
0.016569646571996333,0.9906808394885129
0.020976457908042145,0.9177227868476622
0.0458406211360472,0.10230710276730451
0.026111505411940183,0.7264161414395454
0.024073291550934073,0.8119636217570323
0.034546447554115844,0.3676437436079195
0.023460095446583673,0.8357514853732443
0.03063188723159449,0.5268861350298503
0.03993322349342676,0.20885950317764748
0.020846918442087192,0.9212438687997634
0.025412267310884362,0.7566397822516454
0.03412903770868192,0.3828079276090325
0.02477585572866714,0.7834331750962695
0.03367731268299523,0.3997042312206851
0.0218993274260752,0.8903258445838307
0.03379221026335466,0.3953586071631479
0.033131712799851276,0.4207881157686152
0.03934328282647104,0.22308578439784765
0.021113007183721666,0.9139224636945978
0.01742515140687495,0.9836115407714393
0.038183723320021234,0.25321289061864544
0.025678064505263887,0.7452342453548206
0.04595231394336549,0.10084069086495678
0.042266191669922,0.15941510975549278
0.02811664128375585,0.6374495856362725
0.05238097689493787,0.04141154411917652
0.04038119370051535,0.1985364583517345
0.01822681812415672,0.9741849262113124
0.023243836504097004,0.8438561410302124
0.024196465072336637,0.8070529902597441
0.02893173626316592,0.6012105488853539
0.04945940952745509,0.0629542124633664
0.03320364665789327,0.4179658845606409
0.05074455973441261,0.052515942946743034
0.027186592628150152,0.6789302262691632
0.04034061514310244,0.1994547738160547
0.030493204771799287,0.5332263005094453
0.031788415709300355,0.4758648909583478
0.029121907981702194,0.592805351397816
0.03207702284572683,0.46365144718694623
0.0399615838814818,0.20819381087973685
0.05137754087550345,0.0479481223785403
0.02863974053837648,0.6141592662263584
0.037625707447976886,0.2687673415401859
0.038039195780736335,0.25717453228595133
0.03434414277821035,0.37493966944793355
0.03439573581124211,0.3730694419714351
0.05048140919300903,0.054522640781154194
0.030317802758015877,0.5413127718601748
0.038867893898234196,0.23508463696778117
0.030298575854820764,0.5422037616439994
0.038346850770826,0.24879716139006386
0.03274494917904225,0.4361837232460602
0.028949451018304484,0.6004265785242859
0.022168319388936264,0.8816142545260583
0.025054858395360313,0.7717847784110806
0.02630805542567488,0.7178075733801781
0.05001297463167981,0.058258337692390715
0.04985901389212766,0.05953319467394597
0.05437451333290322,0.030691769173288037
0.04011412829725358,0.20464150432028758
0.03616944729841609,0.31272127601170746
0.033428606968799235,0.409223129766712
0.02707908392696945,0.6837132571074634
0.03314076872972638,0.4204321078324941
0.03156846550946507,0.4853123629931145
0.03363329358858691,0.4013778001816895
0.022875383130563587,0.8572884855610295
0.019491335230688245,0.9530118977590952
0.03727019997808839,0.27904450110503604
0.021356459471020273,0.9069244499340621
0.030962883106606776,0.5119454131496778
0.021247805157358357,0.910082624227726
0.07036818506154086,0.0018517456689266859
0.02537810639407384,0.7580972719657378
0.024945900466619042,0.7763531247618364
0.02713099076396186,0.6814045528290285
0.03147812440505865,0.4892276748013009
0.0379454826550632,0.2597682322143059
0.03391234546169841,0.3908499352577692
0.020933857542992373,0.918889816885212
0.026245089601135918,0.7205698838902042
0.022758884608640173,0.8614318652306436
0.024534408850151124,0.7933754292429771
0.026398660774964,0.7138257488833017
0.022441079799707775,0.8724677971918714
0.04257313393205553,0.15367376102584213
0.02173759622856941,0.8954109709007078
0.035461098044189454,0.33590830323434917
0.02569574795947352,0.7444715465381069
0.024391559703372534,0.7991923176221414
0.04523772618955291,0.11053179564388226
0.032416508857949666,0.44955114024807613
0.051329014119612715,0.04828571041784603
0.04355853401614973,0.13635882241830383
0.039431184067177605,0.2209198510044417
0.03985780093245306,0.2106379306880574
0.03059680319666369,0.5284856096337713
0.023841265716088578,0.8210979503134623
0.05578402355767054,0.024666603337601525
0.04688170183767115,0.0893046370492602
0.04101104106702719,0.18470346079559122
0.02135147379129554,0.9070705872745528
0.02290068836263548,0.8563817396255871
0.026047732797893408,0.7291999660238725
0.026376244418251038,0.7148116192013872
0.02062708249547124,0.9270294505746399
0.01801723247853404,0.9769334423440668
0.025967924821400423,0.7326768560637013
0.02431093307074017,0.8024528881541373
0.02848153038209192,0.6211930855884935
0.046085149818774984,0.099119511866526
0.05007693618507558,0.057735640579323455
0.02372890699428415,0.8254643431566527
0.025496285121339612,0.7530467713846452
0.030231299635378517,0.5453285067683932
0.022407565873651614,0.873608137486812
0.02667287723520384,0.7017298999352751
0.022202958141828266,0.8804699009563935
0.05573669569046935,0.024850528330659732
0.035567131039259126,0.3323607644690246
0.0382291975567991,0.25197601047946205
0.022461318457689283,0.8717769546031893
0.0237850413445716,0.8232876613686051
0.034419964534836645,0.3721934236396556
0.033353566407611,0.4121254523514529
0.02678740335846186,0.6966606729087945
0.04031153407899668,0.20011493765815613
0.0505376519402613,0.054088291090464445
0.026769129389759616,0.6974701374319181
0.0432978734666839,0.14077691155678715
0.030506783919308167,0.5326034139506396
0.03044397292580925,0.5354883995307115
0.039679668867503515,0.21488493554413926
0.041656901654795964,0.17132093329254192
0.03396527193619375,0.3888749634283011
0.027402649546553914,0.6693051056813144
0.03428606268276102,0.3770529040015366
0.03791161095721385,0.2607105421810146
0.026082181745244237,0.7276967835742643
0.03619748043839177,0.31182829515564936
0.04034317579941368,0.19939672660048138
0.02600060127206416,0.7312542348212585
0.025770071361869484,0.7412609427165489
0.04313945945568859,0.1435182361817429
0.037090865075953716,0.2843387364576946
0.04633961422039934,0.09589071771098179
0.03479334864650724,0.35887578335332027
0.022952874491527275,0.8545042886437779
0.037698097490274085,0.2667099198137347
0.027533875030305244,0.6634530556073119
0.02900141684102092,0.5981279864733251
0.030169733736499227,0.5481977116201439
0.037190468505345936,0.2813891460749107
0.02488696369974225,0.7788140233884554
0.022015226879565586,0.8866107025561594
0.05050026629335258,0.05437667830766385
0.028595118433183853,0.6161419835590607
0.022044679251835952,0.8856572932498856
0.029769147790869255,0.5670916553789117
0.03632559068060581,0.3077711227211872
0.03431340229404989,0.37605712021629056
0.0320139144225442,0.4663043446489212
0.02844318989926331,0.6228992221205818
0.04007588720814853,0.20552755219212399
0.023756399001350514,0.8243995031346554
0.018653665091134974,0.9679332207947404
0.04426679380288781,0.1249214811220776
0.03524506325096555,0.34322028347500855
0.034711786241643505,0.36175569182671313
0.03502465065328808,0.3507971847165155
0.028545964834546744,0.6183270997291004
0.03939270341044798,0.22186602661229346
0.049306482652275774,0.06430720151007305
0.03781089070824961,0.2635278107573356
0.033249818606348125,0.4161611895522282
0.05043336264651671,0.05489606832000231
0.0486279575755203,0.07061383047160139
0.019449173698457556,0.9538486966223247
0.030764912875322348,0.5208490490128215
0.039416959169556565,0.22126925371780398
0.022383104547565758,0.8744375682460158
0.0294617951466698,0.5818510714692058
0.03863259637006855,0.24120363963116773
0.02158201131445081,0.9001917086591614
0.09002243873490356,2.1888034720639705e-05
0.01714012259491944,0.9862859936493654
0.021569472963750058,0.9005721690324008
0.044336290851064164,0.12384285647751395
0.021886173179864077,0.8907437794727072
0.040367313728696175,0.19885019649208455
0.0368236582736674,0.2923650706612759
0.028179212088551897,0.6346593764958659
0.03020913219468091,0.5463605281812333
0.033746322997892236,0.39709020954141877
0.03384231209110722,0.3934739335830467
0.038183314513176025,0.25322403082419886
0.03612533151519576,0.31413034067158263
0.023964510465663752,0.8162653758547509
0.020650005023390094,0.9264374284280171
0.047097238282825526,0.08679355323269597
0.01544817889421135,0.9961950421637665
0.024145547688179114,0.8090879686271406
0.030241127684542624,0.5448713386051423
0.024029110241309826,0.8137148078818485
0.021224868615199705,0.9107421350027467
0.03415529514862581,0.3818413404193772
0.03682283193516145,0.292390149505827
0.03554214986140097,0.3331941154652337
0.04180474363974429,0.1683688666537561
0.028358609327825357,0.6266649227689425
0.03092038079744952,0.5138487762178937
0.02623557806063928,0.7209867960605376
0.028151066436994554,0.6359143698412112
0.04629878611756344,0.09640277417796238
0.022892776989723362,0.8566654789379367
0.02910926471918221,0.5933633825796765
0.03301647461570473,0.42533624832832456
0.036663120105505265,0.29726722597041255
0.03082195684895528,0.5182735927932406
0.022728787600450384,0.8624939105137942
0.03551006899970588,0.33426651345725333
0.020333865638535453,0.9343689917408631
0.025867792165506054,0.7370277741912203
0.028566250926278736,0.6174251550428259
0.027588728129740114,0.6610059387554117
0.026182689365299106,0.7233032560085031
0.034324609738493383,0.37564944718839866
0.03433963469969692,0.37510339728860154
0.026478317208679797,0.710318690759513
0.024668604081267587,0.7878661463808581
0.018251827363071155,0.9738430282523282
0.03951837324810192,0.21878755347167939
0.02048037694821736,0.930755940219201
0.048593517474089076,0.07094749648203819
0.030023064579423553,0.5550702633935092
0.02090700308987814,0.9196209214971913
0.019402743802246714,0.954759612973925
0.025810559655044085,0.7395086288533085
0.028136111321798496,0.6365812754336884
0.04486145521941659,0.11593673844211402
0.021995479828094355,0.8872478340391536
0.04397755961538763,0.12949350605148116
0.02073499990253036,0.9242193464651777
0.02500191550258335,0.7740075525310561
0.03481412852721326,0.35814466525137184
0.04302729194419058,0.14548529792355527
0.029966296029694306,0.5577443390036707
0.01946778593421339,0.9534804209683425
0.02971091894810629,0.5698704133732269
0.03017978666945298,0.5477285750543226
0.032308554814132695,0.4540037062803121
0.031019381631247733,0.5094221810541825
0.024612510129061294,0.7901741861614036
0.03854417378270508,0.2435342785365499
0.019103262751400174,0.9603690055975522
0.02979682926122129,0.565773529195837
0.017766961798806713,0.9799477766277119
0.0469563892519248,0.08842768473913092
0.060967035761575916,0.010525427657126498
0.0462052081996045,0.09758502321552553
0.022711822785317803,0.8630910217124944
0.017487729016518294,0.9829788106633299
0.031179087210317258,0.5023324602675159
0.027875728043081582,0.648198242457345
0.0319981847393645,0.46696712374572064
0.027033886233770787,0.6857225414857926
0.030933825066059017,0.5132462242213349
0.03368598766441855,0.3993749838428102
0.04607920017878114,0.09919607535390298
0.0332128990856988,0.41760381453961065
0.032683171414220114,0.4386774733223498
0.029034104973406638,0.5966830150784921
0.031109322600584077,0.5054217076383094
0.027767796231806252,0.6530151429863438
0.01609358694468399,0.9934737367937965
0.024843775603363927,0.7806126745524538
0.029358149040714737,0.5868793601704829
0.026713598347458456,0.699928539601623
0.025982957305497045,0.7320225589324237
0.026421395317671736,0.7128254014581914
0.03543614042047549,0.3367472557085103
0.03411405450910365,0.38336025220055225
0.03682362050720378,0.2923662168145632
0.017683358289189766,0.9808913893244393
0.02405344529539344,0.81275093173687
0.01869971583066865,0.9672051665313646
0.022489425362294244,0.8708147900520959
0.05095816261833008,0.05093422691864989
0.025691292012713973,0.7446637779938217
0.03168510023832316,0.48028756251657534
0.02663669635140642,0.7033293827431031
0.018738268000026093,0.9665875265835018
0.03196645275199955,0.46830604897104544
0.02547906618041429,0.753784089827008
0.022898719327941963,0.8564523802902781
0.028629313181506633,0.6146225066718363
0.04590464683924128,0.10146435696494377
0.037390207571259604,0.27554298488077994
0.04144163881393825,0.17569276868451988
0.029084553946582603,0.5944543633281486
0.027475970389803428,0.6660357694008121
0.022427011278757902,0.8729470462965838
0.0254151349212155,0.7565173439651327
0.03600561469192337,0.3179774442175546
0.022288295910570022,0.8776291055395852
0.023228167762185725,0.8444371759651942
0.041876250660426384,0.1669556672383353
0.019908187899864482,0.9442447779644171
0.027063114516624354,0.6844232957949532
0.031237526450750508,0.4997540024023489
0.024818159469090384,0.7816776135910044
0.03653642120116968,0.301178670316386
0.02350028560763978,0.8342281448671245
0.036301713830538596,0.3085243412813476
0.036646907449630284,0.29776564220763346
0.03916730002958324,0.22747130210426417
0.04956898454613612,0.061999806465015815
0.02812059297707259,0.6372733450226358
0.05118412683764956,0.04930592153324669
0.04328164084007502,0.1410558459633884
0.04234069698001652,0.1580059130539613
0.050190860009730054,0.056814620447456304
0.06344379012817813,0.006821920121686068
0.03571556187857064,0.32744022817732465
0.02442889287194927,0.797676966813423
0.03403615121939074,0.3862409469890172
0.03838830649219491,0.2476843673468156
0.023015857612184054,0.852225081370697
0.03137800937448937,0.4935902999432772
0.031700195586227276,0.47963970933264394
0.0301510192927833,0.5490717080766208
0.023141292702916982,0.8476432010732822
0.035205141813550944,0.34458386237761685
0.04909011690524506,0.06626383885439903
0.033435522231883175,0.40895637597691026
0.02990102543675055,0.5608285672835366
0.030416804398683106,0.5367392811326841
0.022967066367941547,0.8539919848672378
0.043435017987241364,0.13843810232586504
0.024164541202140843,0.8083296891561162
0.017789721167452588,0.9796854660411772
0.027169391138566312,0.6796958403192664
0.03142201693932234,0.49166955063717804
0.043228863995222855,0.14196584015216468
0.033984516234275564,0.38815857599091974
0.023953434562325515,0.8167014831747699
0.036106381763564066,0.3147370188492266
0.027053799143901935,0.6848374242804878
0.034658342174328394,0.36365160582286016
0.056224877101264004,0.02301047582934256
0.04222261631191693,0.16024395693342336
0.024409329756003073,0.7984714684870058
0.02523758474486848,0.7640711871955198
0.028305608372590718,0.629025847280068
0.022324581772973306,0.8764119973624586
0.036838585424883385,0.2919123151422713
0.02669082089610833,0.7009362840184359
0.02359778398293566,0.8305109266537638
0.039131011398446436,0.2283838193211111
0.034022613911461774,0.3867430592604914
0.02857432381595232,0.6170662745592267
0.036684331237409884,0.29661607389688366
0.026761540218540186,0.6978062415906849
0.020345648437198882,0.9340824499079204
0.024929693520620688,0.7770305682686449
0.03555282061548781,0.3328379640337664
0.022880059932404495,0.8571210845501911
0.029014751210561407,0.5975384569943234
0.026962178140095494,0.6889082657538971
0.02312290005366352,0.8483185589917888
0.03451399180060677,0.3688074449628417
0.028793563634183672,0.6073319746777419
0.03125587402364849,0.4989462183204907
0.027695805614533497,0.6562279472618422
0.033195307744706026,0.41829238947840763
0.02310428102654316,0.8490010074285013
0.028926938756671072,0.601422897716658
0.0508193880025552,0.051957089179633584
0.025399364238004485,0.7571905315696406
0.043291367858128704,0.1408886473242626
0.037148641951190386,0.28262498274409387
0.038826333445640904,0.23615669753100763
0.020117426645662517,0.9395064945721341
0.02172545083148364,0.8957881199626611
0.018444938043882475,0.9711014836299967
0.026394491825315336,0.7140091351604985
0.028199116975029637,0.6337719397619677
0.02526794747979416,0.762783387561237
0.04057386914196659,0.19422123020126716
0.044903056677065956,0.11532864182641253
0.026883940559005975,0.6923808822174764
0.021495390166644368,0.902805325527051
0.026834023055838485,0.6945946114603303
0.030845895752885627,0.5171951766147401
0.056553500330720013,0.021840950142681694
0.03299111075997141,0.4263417407340717
0.031203677405054087,0.5012464584248684
0.06384776246425583,0.006345668259187552
0.03261234268637825,0.44154831458554306
0.02454910519499126,0.7927741598111828
0.04042583179261877,0.19753010234423135
0.0379802966822923,0.25880238806506506
0.04996593533763671,0.05864533260104874
0.05420847471320955,0.03148058988728061
0.021501143648681054,0.9026328012810166
0.015922970561182193,0.9943033051909287
0.033408961995548325,0.4099815773417769
0.04790063525893817,0.07795041648435695
0.020625674480719502,0.9270657297238095
0.06159189113422314,0.00945001631369851
0.04059996449898284,0.19364249595614377
0.02793904571450123,0.6453726375147604
0.02578973504260884,0.7404101947344368
0.0497756814362324,0.06023314608585002
0.017656802592955767,0.9811845991799611
0.03472395131840361,0.3613251175957039
0.02683367300481765,0.6946101299898929
0.04110364355828744,0.18273546587745162
0.028557664298563656,0.6178069052529918
0.038601684260145874,0.24201647636925366
0.027877877519151828,0.6481023163019166
0.024866238463679302,0.7796776628778675
0.01931230229276082,0.9565021388210162
0.019567015655193698,0.9514868376606138
0.052404846388446114,0.04126599967616801
0.030857491091005218,0.5166733305118097
0.026353048703806614,0.7158312586659127
0.028636495500069414,0.6143034230854607
0.024378107970000062,0.7997374626598306
0.025606208288628807,0.7483286209700801
0.04799727271872961,0.0769399284677535
0.0405164815604484,0.1954987310167702
0.019503804765566346,0.9527626531371368
0.04753688666964795,0.08185514035635647
0.018022304784619303,0.9768693637397564
0.019961674966374354,0.9430549712950835
0.028401438948051944,0.624757746820148
0.04609958972012285,0.0989338954582658
0.05574345417676768,0.024824189447689812
0.023741740160587388,0.8249675671084709
0.03044278445557702,0.5355430807136841
0.019847753116574385,0.9455713966342285
0.03546947593005567,0.335627017366835
0.02745438526762012,0.6669983619431105
0.04434095650816333,0.12377071784713627
0.03472079089403307,0.36143694368499757
0.04605485852542668,0.09950983160156979
0.016768533755211923,0.9892864180052835
0.040370536515897115,0.1987773151222371
0.03681182962450791,0.29272421425105566
0.04091676234648284,0.18672423915805567
0.05555478988488727,0.02556880592817457
0.01668322372272507,0.9899019042387533
0.033286933467624236,0.41471435760749814
0.03534794681118947,0.3397239581408674
0.02914492315367201,0.5917898364792158
0.024791631472994458,0.7827789570225759
0.038017930444943504,0.25776136938004945
0.02052028238319148,0.9297530249858025
0.041775840111963114,0.168942790801697
0.03295596533169931,0.4277376563437247
0.025922637449860453,0.7346462773729636
0.04579302802406182,0.10293731743340656
0.02063353732306703,0.926863007266179
0.06136686632396643,0.009825255881376177
0.03442520251390657,0.3720042283739312
0.03021492267288106,0.54609083249631
0.03223349356589926,0.4571167731955389
0.044240739249983396,0.1253278381818206
0.04172363703880305,0.16998331583059972
0.018863165076167414,0.9645353930680866
0.030846126644456073,0.51718478214157
0.021858041098102965,0.8916350222678529
0.02897841225384945,0.5991453257216938
0.029174193729197606,0.5904988727420116
0.044344025314961455,0.12372328790364426
0.02296211502778911,0.8541708041991454
0.01703470965583867,0.987191474418809
0.03344865568612665,0.4084500855731282
0.028957729483275685,0.6000602818051683
0.040174208923513866,0.20325545795612424
0.018394891419447588,0.9718293442937311
0.03334899520821355,0.41230270469983415
0.04240806456597379,0.1567403449832064
0.027084179557411048,0.6834866680748211
0.042853941791200834,0.14856815341750335
0.03461198349129557,0.3653018441486589
0.03488913966981377,0.35551426731283703
0.024091049442963836,0.8112582280612
0.0453329521069748,0.109197470282645
0.03478271891390944,0.3592501879180204
0.03523962219753535,0.3434059033769312
0.03861825677455988,0.24158044108112062
0.040200643314612705,0.20264795019128967
0.06239293669066892,0.008217303942805025
0.024786120652468213,0.7830075523264508
0.07686725607554568,0.00048157369895422735
0.04494614568310751,0.11470157642998284
0.03872662492366319,0.23874396037171514
0.054846722434350736,0.02854268130904185
0.0460519030023539,0.09954798359211171
0.02884312158022495,0.6051351226642945
0.03111769311239615,0.505050415960407
0.02775921181682625,0.6533982586238922
0.05726090255149263,0.019501069987323212
0.04968359599027916,0.0610148097675796
0.025065114336925043,0.7713535428430902
0.028293790432018684,0.6295523935853478
0.03412101027981518,0.38310377308420934
0.023207302499677285,0.8452095896128577
0.04271369975130704,0.15110062985337036
0.02910701183923825,0.5934628292052808
0.03651174049098094,0.3019449989503068
0.020951098620046904,0.9184185700924985
0.0306255368029415,0.5271754254469291
0.04948625604751916,0.06271922278651816
0.024691384168802677,0.7869267659448754
0.02884872911791697,0.6048866357200351
0.02938480782476549,0.5855835835058231
0.04280042687778629,0.14953044685607877
0.034426032991821065,0.3719742378032477
0.030239114388127764,0.5449649712491172
0.025126663440851682,0.7687612311294609
0.022678333622690672,0.8642664797990491
0.037969899256199396,0.2590905589672425
0.024492884690774264,0.7950714831437511
0.02622427572246855,0.7214820779395275
0.02880362558814087,0.6068858255072771
0.034021347769221166,0.3867900449460423
0.04735988062285179,0.08381413374296026
0.0511867188055215,0.04928750793193354
0.03304895979401094,0.42405079311940586
0.028847749569500536,0.604930041140844
0.030214903926299497,0.5460917054997837
0.029534363140158226,0.5783458074049351
0.04695298506902368,0.08846749759329187
0.058610566003339915,0.015648366955706778
0.0504728309134993,0.05458915209186753
0.02101872328708798,0.9165561745206052
0.03998062253055035,0.20774785185255037
0.018890880648507274,0.9640693640355154
0.04269061690576681,0.15152077392297317
0.044729271311533925,0.1178864566463374
0.02573384858499031,0.7428266818004813
0.032246732355033725,0.45656668921116994
0.021939251305485574,0.8890527249138435
0.039675235840939904,0.2149914681738901
0.030446355348238918,0.5353787953719941
0.036491936947811277,0.302560929039972
0.03402403548496774,0.3866903103559855
0.05259349008344538,0.04013133449985295
0.031735593636037285,0.4781227443855643
0.028694984183220862,0.6117059243302779
0.028200017870109062,0.6337317765660397
0.018593157392238324,0.9688738094825099
0.03106243784519469,0.5075045891371629
0.048626493711001195,0.07062798563142964
0.017736278538496075,0.9802977241858488
0.023124010149578933,0.8482778314538757
0.03143203392749899,0.49123302306156197
0.022139600544911375,0.8825591808534021
0.04220982007631813,0.16048800936444943
0.040617741846790456,0.1932490122502295
0.03277704546551374,0.43489187399524554
0.02643824179766574,0.712083827011238
0.025273834868169254,0.7625334869354541
0.024465904071977906,0.7961712541354081
0.02550133585952613,0.7528304059418807
0.024412200594500888,0.7983549373281222
0.03859052421035736,0.24231044383165457
0.02491569807589822,0.777615131599249
0.03757072746973178,0.27033788937699055
0.04254078417737939,0.15427090525632445
0.0506233558864112,0.05343215098053599
0.030930849026325063,0.5133795673596689
0.029284277767846437,0.5904788027035194
0.02991595856598328,0.560122021557831
0.04341524755171289,0.13877329919214
0.05379642120067274,0.0335156670182412
0.043487847982337346,0.13754562561987085
0.03740337395130522,0.2751608316263566
0.02990138431706979,0.560811580891213
0.06317845060550409,0.007152233034827078
0.02765710860283624,0.6579548012744434
0.021438105857554013,0.9045146636769166
0.03635895919354948,0.3067207386069614
0.03025457523933514,0.5442461852797776
0.026314555314757182,0.717522192483689
0.033949114777995504,0.3894771377826689
0.02798727293996006,0.6432206771761378
0.04070268846138547,0.19137747218688025
0.027267892529171056,0.6753101761100904
0.03995868374022016,0.20826180882406475
0.030148376809602806,0.5491951853343622
0.050920172341328174,0.05121249755071745
0.04644422210039573,0.09458910786236213
0.025649847183509156,0.7464503118466016
0.022478989866155874,0.8711723924478332
0.039556871409299754,0.2178511262576046
0.0214902628000177,0.9029589456356737
0.04012420799348443,0.2044084544230231
0.02923520199712276,0.5928772465704772
0.034169449594962154,0.38132099493341887
0.02350141526071725,0.8341852511937522
0.02951305983507424,0.5793735157879708
0.022640771508116275,0.8655797174582103
0.04135727271096579,0.17743016651522941
0.043133528910609176,0.14362169695433538
0.024103872024266226,0.8107483354314384
0.023453367056815444,0.8360059971723779
0.039104844393253235,0.22904356288770078
0.03947135090939137,0.21993554437582957
0.03429417204342494,0.3767573464076087
0.04056377201372746,0.19444552514311228
0.08787169406644513,3.751554961130888e-05
0.040776301532721715,0.18976719073156562
0.04609299474165429,0.09901863404087217
0.042870435435783505,0.14827257842180178
0.027652730949558335,0.6581501465128168
0.033818279512495275,0.394377186315419
0.04129698360348616,0.17868006334673714
0.022313289137556203,0.8767913618245303
0.05574998935714137,0.024798744343492687
0.03005380587912232,0.5536254663231888
0.03734950201718967,0.2767269700089703
0.01779085928317531,0.9796722874588778
0.03146492671399692,0.4898013525415364
0.053957728332326704,0.03270563372697469
0.02654943854037206,0.7071826607186373
0.019134862988699763,0.9597988078845229
0.032299749247237525,0.45436817669807783
0.026465493064816104,0.7108836915570047
0.03785509769058193,0.26228847688502
0.025255623518627868,0.7633062964607614
0.029476795635804742,0.5811254658213513
0.024333641340426315,0.8015362421856405
0.029607660428242144,0.5748181405192354
0.024731597767544522,0.7852656015636641
0.03436200580238513,0.3742913991382581
0.027467030423321714,0.6664344606190855
0.04568892280837644,0.10432710351259873
0.028027893741372045,0.6414083276422701
0.030786333173990932,0.5198810109978095
0.025866293094838566,0.7370928109464283
0.03609016543497895,0.3152568644264293
0.04153755657171054,0.1737339237614486
0.05230092353177235,0.04190293865082787
0.020977921286830403,0.917682540181188
0.020615463911352938,0.9273285197679106
0.052644365174506214,0.039830024018564725
0.03918083682719231,0.2271316242055415
0.039721024074908184,0.21389307634109375
0.03813287872278104,0.25460128459183956
0.02635443157131795,0.7157704850589143
0.05687325735573423,0.020754013776313553
0.018669373280468915,0.9676860640968928
0.040667282224832235,0.19215580054532103
0.01860542750366634,0.9686845390904772
0.02870288932282372,0.6113549860204404
0.04756633436199495,0.0815330072245239
0.02618114560972462,0.7233708248659858
0.03303977844849626,0.424413836614815
0.04202646798001308,0.16401775889158532
0.023676973617515695,0.8274695281949135
0.041091412532537674,0.18299444612315452
0.02974613451721836,0.5681889017018781
0.037338395786209455,0.27705067116924387
0.025396175472694682,0.7573265957641453
0.03139834660899388,0.4927020648512401
0.024828163641177015,0.7812618794323462
0.02988477562974473,0.5615980241391625
0.033571459214011834,0.4037368287428154
0.03799764904023328,0.2583219962642976
0.03387416561594314,0.39227894290075443
0.044331735833339825,0.12391331770188681
0.031115953157085152,0.505127581046335
0.017113266249689063,0.986520878001434
0.035775177827120586,0.32547884415240913
0.04224138228158081,0.15988658671845252
0.039483924307060325,0.2196281255137651
0.018507589185607354,0.9701730463379657
0.04110156445709434,0.18277946839342474
0.023437225759006752,0.8366159597818245
0.02203995477968529,0.8858104827289994
0.026641459521315247,0.7031188696225772
0.03440997511561347,0.37255442777217646
0.040033362707862175,0.2065163578123503
0.026009904460570943,0.7308489626671524
0.03422092687781331,0.3794327627285201
0.054253299161281854,0.031265899009256554
0.03164987080697185,0.4818017274359968
0.032925053135621773,0.42896798492209387
0.037122617313701145,0.2833959609243044
0.03711236157795533,0.2837002158085078
0.018286579669842262,0.9733629543283219
0.03321426475314482,0.4175503907322827
0.018467437166026945,0.970770278898154
0.02150008311294127,0.9026646141070498
0.037276196680605334,0.2788687484184387
0.03073396226966174,0.5222497844557094
0.027057351482615788,0.684679504759637
0.028735473514130305,0.6099087946316737
0.060189261161052277,0.012018092523823225
0.020932744448518975,0.9189201908233056
0.02780568128565708,0.6513243520215994
0.01696638520930127,0.9877550382952155
0.0417382921163546,0.169690692735646
0.031740983321225935,0.477892046247393
0.02577682986750568,0.74096859780894
0.028957759335707434,0.6000589610060552
0.029843302762889712,0.563564735489209
0.04787641035347273,0.07820547595008873
0.02693189399835033,0.6902528550978796
0.021772162001553075,0.8943339730286409
0.026929607556108848,0.69035435040845
0.028945487669440717,0.6006019600859099
0.01711282716196727,0.9865246942888093
0.03214862202911345,0.46065366633053867
0.05483573628069954,0.028591132220005276
0.031081368598155745,0.506662924346158
0.047595658847345124,0.08121328517032075
0.03054947897245991,0.5306479069495449
0.024631108820238112,0.7894097348981052
0.0302603444821129,0.5439781186699486
0.03199933376203534,0.46691868811140325
0.032325543243477806,0.45330108726984364
0.020344924825455024,0.9341000675242297
0.02267653826403232,0.8643293736000839
0.02329833968854922,0.8418284491214756
0.019057317636596627,0.9611889531126908
0.025356747150623193,0.759007553080852
0.02776889559151452,0.6529660793271078
0.049706200346834595,0.06082213333889838
0.021121519612970152,0.913682561975652
0.04238268715953364,0.15721612576844368
0.034994137358007604,0.3518554308488672
0.0324510598119605,0.44813223833207994
0.03687092366135014,0.2909332437293015
0.03236071817943609,0.45184859102730796
0.016188053173611272,0.9929771579836821
0.027480670072734303,0.6658261735073405
0.028682708560162862,0.6122509474283151
0.024728345284545594,0.785400092518645
0.04008318727552046,0.20535817857399774
0.03568981616400696,0.3282899092701115
0.028981343351249578,0.5990156835176084
0.03096245136808956,0.5119647250567672
0.024463357791816576,0.7962749520408184
0.024196883416989556,0.8070362416109196
0.03213968651778554,0.461027087285108
0.022612094529519067,0.8665786055571889
0.026795940783446492,0.6962824225856751
0.020259722908463007,0.9361558225200031
0.02123050852105335,0.9105801994411328
0.018499632779558017,0.9702920208199988
0.03274341631189559,0.43624548429595683
0.020986894903526898,0.9174355140918438
0.0339848700203883,0.38814541455289114
0.021565812970469986,0.9006830906127035
0.018495544843658673,0.9703530279998495
0.038688341154737294,0.23974309564870042
0.03483447402125439,0.35742985444779524
0.040232981955330205,0.2019066832222631
0.020608844678977167,0.9274986001347818
0.023039384933064178,0.8513699817321386
0.03429077024885885,0.37688131006232883
0.04620660575467356,0.097567278151822
0.036180066993551196,0.312382771744315
0.049481399329334375,0.06276167834684383
0.019533513610015985,0.9521655927969379
0.033137823238192865,0.42054787893808443
0.025464478249127565,0.7544083668126095
0.04605486614233756,0.09950973329281561
0.03690176209049506,0.29000184727393963
0.02496757609457262,0.7754462429854314
0.01669526394218801,0.9898166367322456
0.029051180556423972,0.5959284809663499
0.05314692814285621,0.036958015386118946
0.024176839315671605,0.8078381888142916
0.021279215301295173,0.9091754009065303
0.017833826273699227,0.9791704705381618
0.06435725958322402,0.005788336533592041
0.026559224397852244,0.7067508269642993
0.028499116959120663,0.6204106819674106
0.023286965516755576,0.8422524449341247
0.03700638498786313,0.2868584391965948
0.038909627750891795,0.23401185990882117
0.03572300227303549,0.32719497079748083
0.06899509208689553,0.002424063958700655
0.023938120075146507,0.8173038994956645
0.038240057539356165,0.2516813024414065
0.029442827636437685,0.5827693415129999
0.039074545730765076,0.22980930706462346
0.04474012672532035,0.11772532806805812
0.03012866637451711,0.5501167461779081
0.024517879873216464,0.7940510556281312
0.017545627134704367,0.9823784111009561
0.04075655472584938,0.19019810015490135
0.016621375480799006,0.9903317309467181
0.023282954189832894,0.8424018700367427
0.02815648492811329,0.6356727501248773
0.029934392333971882,0.5592505921438782
0.03486918441390796,0.3562126901889016
0.030311596115065065,0.5416002937476536
0.06407306596925866,0.006093432184928852
0.03248851330974001,0.4465975079341171
0.05065646817461167,0.05318049006260815
0.02777460512282498,0.6527112665869454
0.03800567802724161,0.2580999456636459
0.03852946726460482,0.24392357193028352
0.05466725709135217,0.02934329481231441
0.03260098668200628,0.4420097641859164
0.03863530033825763,0.2411326377818797
0.025532635778270363,0.7514886471472153
0.02714315869284656,0.6808631794295072
0.02942302162403998,0.5837291244172178
0.03702337902048303,0.28635024800767467
0.03859290089222622,0.24224781671086537
0.023334519387892882,0.8404768487732373
0.0405962731093531,0.1937242800171738
0.04312271346121721,0.14381053239931044
0.025127943372487027,0.768707245204282
0.02195166559581785,0.8886554240471674
0.025365767342813927,0.7586232299458947
0.016602311349480092,0.9904614844126514
0.030922542818026533,0.513751847542148
0.02604441006988445,0.7293448785159065
0.026288793020871948,0.7186530479726589
0.031008794282046892,0.5098944121667076
0.031155419508853865,0.5033791375133967
0.03611435229824639,0.31448173733810925
0.05176114248220248,0.04535069478013559
0.03538788468967702,0.338373646872742
0.02976580784654073,0.5672508207543443
0.030233323012273938,0.5452343667237293
0.028698857914553788,0.6115339511184043
0.042972341077591625,0.1464568909380638
0.04175373458405385,0.16938278215802757
0.028305147357094995,0.6290463869737115
0.03264306750072221,0.4403014318277221
0.020732074707240866,0.9242962825682146
0.034422815300167,0.3720904459081461
0.028636310299590018,0.6143116505422564
0.023193979831933775,0.8457019908608489
0.037339442701431524,0.2770201458103656
0.02270751820343253,0.8632423538510758
0.04166809722856457,0.17109595036022593
0.03024200943387284,0.5448303340888299
0.0431696501247118,0.14299248318918928
0.04337955122987097,0.13938018042788353
0.020928316928304658,0.9190409481375869
0.02970694564728016,0.5700603226619285
0.031486054887692516,0.48888316071566607
0.03169937174121873,0.47967505197201715
0.02851885332821552,0.6195327859281008
0.03512388146057355,0.34737140025102553
0.03804235760656893,0.2570873650273544
0.029148158173564642,0.5916471264324752
0.02691193891867616,0.6911385621695871
0.03150830568498768,0.4879173825378478
0.035104062790359936,0.3480536918411033
0.026765957176696054,0.6976106310446584
0.04277142457763916,0.15005405773005165
0.03795104047965897,0.25961385946876636
0.0367445594275522,0.2947728899543752
0.02394618031476925,0.8169869233963091
0.03083704427777645,0.5175937590978529
0.02763045582938428,0.6591441076708949
0.02399666481625512,0.8149973234095995
0.023510909324899243,0.8338245916079421
0.02103790493949137,0.9160238511673541
0.05085422195199785,0.05169868750470315
0.03361827588252042,0.4019498628587089
0.035649930520153,0.32960939405707207
0.02755594619940016,0.6624684660462785
0.029808044485483465,0.5652400137311091
0.041429201641712377,0.17594804189880342
0.026554334772851296,0.7069666079736676
0.03187377399906621,0.4722310014345746
0.05377900460838869,0.03360417194988957
0.022631539620657837,0.8659016378759605
0.03791449798460522,0.2606301247446558
0.04788931208148006,0.0780695483924516
0.033199217401164605,0.41813928773368514
0.04270949332137286,0.1511771234301382
0.02281471884998107,0.8594524675548578
0.04205531199099771,0.16345839615750757
0.03260139018786151,0.44199336226110236
0.03199136267553587,0.4672547673191774
0.032439634345401036,0.44860111708672706
0.024355161787721902,0.8006663200675619
0.04630991800381595,0.09626293482358673
0.020927968175972422,0.9190504560141844
0.029698530795131406,0.5704626475511201
0.022092252361108955,0.8841093929133801
0.038559252142036204,0.24313563412854083
0.03582104635288905,0.3239755581138647
0.0219131186466609,0.8898868529923938
0.015034172533975987,0.9974113614800576
0.022784569909340302,0.8605227592122462
0.032104516333868516,0.4624988100007093
0.029273195251370954,0.5910199294691176
0.025299685495477564,0.7614354723415089
0.028719713960187243,0.610608185292213
0.03722263187201824,0.28044156562548855
0.029823134454663114,0.56452265391061
0.035132096135759794,0.3470888762032477
0.026711396427333667,0.7000259756463691
0.026289275336518703,0.7186318825550704
0.040232797066649506,0.201910915211598
0.021367424549576963,0.9066026360510383
0.029968890575545193,0.5576219526002595
0.02516246178968712,0.7672501181955438
0.03631663501996474,0.3080534797470816
0.04493631557133149,0.11484438384917929
0.042332654805131376,0.1581575399930776
0.04104177133942544,0.18404853113841496
0.035559824087127545,0.3326043625427295
0.040949612046457085,0.18601816497800763
0.032220361821751586,0.4576628419798597
0.020751272564897838,0.9237905793792276
0.03901656373475049,0.23128018192731362
0.029282365077243355,0.5905721729001403
0.03701815033243416,0.28650653595033626
0.035023896471067156,0.3508233135063962
0.024669753996093502,0.7878187559314438
0.0379018626783727,0.26098221639331387
0.017263833244894583,0.9851663949135232
0.034403609977748884,0.37278458348473564
0.024080253446930433,0.8116871799639722
0.03491619271273527,0.3545689798332733
0.022751590014061573,0.8616895911203861
0.02535792093058692,0.7589575498654288
0.025934304967149574,0.7341391413990457
0.03350432412077267,0.40630885383683507
0.031810226080089224,0.474934647023392
0.027106560269363644,0.682491317831676
0.03466162322259919,0.3635350096391431
0.035226310606617184,0.343860327300903
0.027290039636267416,0.674323628909263
0.026557548190214775,0.7068248008711095
0.04565145197657616,0.10483113107252919
0.024392222808587438,0.7991654327872365
0.027995458538128293,0.642855449767118
0.032431854889891476,0.448920557396892
0.026365564860454244,0.7152811368293014
0.028564105195576173,0.6175205483867505
0.04791878120651061,0.07775982236410345
0.024700148611823236,0.7865650319085518
0.03895932694355586,0.2327392333012679
0.03322953647772664,0.4169532900526792
0.02112907176623935,0.9134694307285525
0.031182878142373333,0.5021649396770469
0.024646689893808582,0.7887686949924899
0.020622038388731084,0.927159371945628
0.017152543896789496,0.9861763796352379
0.025119185743116668,0.7690765680448874
0.03149811247097878,0.48835965797223885
0.03472804656561179,0.36118025085157385
0.033634986303290204,0.40131335553344044
0.021745471545492445,0.8951660648224198
0.023539788138405654,0.8327257533386458
0.024773350123540705,0.783537031697253
0.020502550434875977,0.9301996616471959
0.05438630739622605,0.030636405106416496
0.02928469113647242,0.5904586247820297
0.0330980493359887,0.42211329267659353
0.024555012464506976,0.7925323306607636
0.021292779751246105,0.9087821676753827
0.021982865788028993,0.8876539345025917
0.02333658754349091,0.8403994526008814
0.03903278627547235,0.23086792539906761
0.040078827377767745,0.20545932230082567
0.047875899588748105,0.07821086128255895
0.06250489291073502,0.00805717617399521
0.026163665157840965,0.7241357452505444
0.031190760308442922,0.5018167423175477
0.026721933632424366,0.6995596678122418
0.0803797226718711,0.0002213091668308922
0.021258839021262355,0.9097644664701725
0.031042238963829405,0.5084036138892136
0.026668668063731776,0.7019160294975899
0.03136212304424535,0.49428485559756724
0.041823130826345256,0.16800457084809767
0.02735928611596372,0.6712380448754908
0.037441747991970864,0.27404928859368777
0.028505474101479578,0.620127891690927
0.02007696297595704,0.9404403574669453
0.033302879011169684,0.4140938143553291
0.03245682310012432,0.44789584807732225
0.0308735904605289,0.5159493318487363
0.024544593414510762,0.7929588047768344
0.03190702235600382,0.4708204652333732
0.028901175817467706,0.6025634711643284
0.049149089311321115,0.06572556956581531
0.04744948620493905,0.08281755494038956
0.019474225734059297,0.9533525824584643
0.01782931707271246,0.9792235273398814
0.02922993120738626,0.5931351825652124
0.02576610107156896,0.7414326508639946
0.03334100196956763,0.4126127748217396
0.03873879025145255,0.23842713533132656
0.02698208011653286,0.6880243635434183
0.05947115476660292,0.013563028538084589
0.020047192498710537,0.9411220647501836
0.026530230471056626,0.7080300487536679
0.0347366649583809,0.3608755150088898
0.030958371920364658,0.5121472238096652
0.03228489769260101,0.45498333503314575
0.03317018598214827,0.4192770647661883
0.03595413889830479,0.31964212219176685
0.03359387454339685,0.4028805680190189
0.03273625548679193,0.43653408027889495
0.029084110084685755,0.5944739637929637
0.030264623804540924,0.5437793334127622
0.024646966679724547,0.7887573023167644
0.0326136661596973,0.4414945564077602
0.029532835936825874,0.5784194461231822
0.03410672041763796,0.38363081069594773
0.04516509298665444,0.11155858879845904
0.03434498142476683,0.3749092163698025
0.06066626248104501,0.011081543590114165
0.025619321743776013,0.7477644964141688
0.024950321449218216,0.7761682349754467
0.0371170830457252,0.2835601147935127
0.02398949847635168,0.8152801941146303
0.023389980502347252,0.8383963555248442
0.02992790188166916,0.5595573248119678
0.04909966859045384,0.06617640169732673
0.020291732493337822,0.9353878318836945
0.04234190893657022,0.1579830729807828
0.038096221104072736,0.25560585087522614
0.03645455213037707,0.3037261884968229
0.03724703467025042,0.2797242111536126
0.021497135319040572,0.902753011506968
0.028153349514831116,0.6358125627704183
0.03847226469673026,0.24544228090413156
0.034679027118370453,0.36291698191274946
0.05758277869223899,0.01851244005802169
0.016401568070188777,0.9917515237565578
0.03498712664827319,0.35209889341833767
0.026995767795364112,0.6874163337922412
0.0322614704870845,0.45595482126916675
0.053962202113878144,0.03268341498414715
0.03536656139257649,0.3390941132644918
0.028351197778726633,0.6269950164615742
0.020074295793217123,0.9405016182933533
0.044982787136019026,0.11417055598167136
0.025419368203119408,0.7563365701776661
0.024770447924639616,0.78365730963979
0.019529336798059238,0.9522498094776815
0.03314924447747164,0.4200990934772748
0.04014418744594095,0.20394712728864137
0.04011736297125246,0.204566693723591
0.039534911490685,0.21838489721540028
0.02918462693972776,0.5900388757529202
0.019346441586545193,0.9558493249765879
0.021054644634428965,0.9155578354408394
0.03773642759731882,0.26562533138518846
0.04346781589433074,0.1378834830049778
0.030251677318594128,0.5443808672147519
0.027293031008615798,0.6741903653835102
0.027269872027921083,0.6752220055634646
0.04499510012293084,0.11399256797452263
0.019375704485827927,0.9552849867097297
0.02235826398547329,0.8752773532001372
0.04137878423018737,0.17698587842759528
0.027598919370913744,0.6605512390563075
0.03021993275166318,0.5458575505115418
0.024980640481087613,0.7748991785181878
0.03600878349618841,0.3178751746803176
0.0377807689302338,0.264374791526839
0.02905288345909368,0.5958532442550153
0.026924771825300953,0.6905689990635462
0.01791863070394939,0.978155349170278
0.032123691848432556,0.4616960131687909
0.06579026143879035,0.004452090501262529
0.0335415659847762,0.40488068867257726
0.03384784016201664,0.3932663664883116
0.03081884166788426,0.5184140316291816
0.025758453838900852,0.7417633173085273
0.06204106255176289,0.008739587336225011
0.04735638385280361,0.08385322812496225
0.0317670940183597,0.4767754387380396
0.023833452144849693,0.8214028229927908
0.032434927596738716,0.4487943677136445
0.04816021485455568,0.07526123331461189
0.026538536719252215,0.7076636462223885
0.024622966877072383,0.7897444878850728
0.03158724995595519,0.48450081148459134
0.03983406204343598,0.2112001120463674
0.016349010295325955,0.9920668702229536
0.02190532174419957,0.8901351409246666
0.05357026651113128,0.03468096750412443
0.04120776931735998,0.1805424237623636
0.054496305791110644,0.030124265386586548
0.02602879667790836,0.7300256389848744
0.020981991132383748,0.9175705540182257
0.026894241639383254,0.6919238647235718
0.036531501163122454,0.3013313217244163
0.03776649632305995,0.2647768312983676
0.024192507510298555,0.8072114100935394
0.03286472172826438,0.4313760945675456
0.04527448223670827,0.11001517280444559
0.032768472499886514,0.435236676898968
0.028586268507467816,0.6165353262889196
0.03542305283351621,0.3371877977492687
0.029642102137770965,0.5731649815907337
0.023401335307688426,0.8379691364964176
0.031646906089765725,0.48192929238968485
0.020367159183750372,0.9335575167988545
0.03557334026058945,0.33215386352409376
0.025997937575631513,0.7313702529548133
0.029293772046135924,0.5900154574871505
0.02050526760210236,0.9301313238679016
0.03475412750382034,0.3602586187577071
0.02899265584791627,0.5985153855463463
0.02174296941299203,0.8952439062301755
0.04577568501137774,0.10316776950888638
0.0362648844094981,0.30968880676349053
0.03156567320795056,0.48543307485704323
0.05111588047236848,0.049792895469402604
0.02604539926355004,0.7293017386922742
0.028529094314747705,0.6190773186695504
0.02442109859469485,0.7979936244615808
0.03667523957016361,0.2968950463891998
0.045360147485718816,0.10881886005392319
0.03519095137710093,0.3450694913453461
0.030769706134511243,0.5206323311033909
0.027995351384456857,0.6428602307303112
0.034910350933493095,0.3547729519168532
0.0292079368871086,0.594212228349017
0.053548405363548324,0.034795471133726656
0.02516878936614997,0.7669827660254809
0.033056934386449494,0.4237356371209531
0.03311295293519678,0.42152625714977854
0.0180447596240223,0.9765842481190219
0.018105782403715867,0.9757974882968535
0.01921329412159789,0.9583615254817811
0.027771306587049627,0.6528584781987365
0.02089472760256389,0.9199539388664785
0.039780728635105345,0.21246740042110274
0.03522335491479134,0.3439612854874032
0.03289215357374531,0.4302800337501448
0.04014006324602415,0.20404228874911845
0.03949063433785327,0.21946420170053596
0.03352251575060061,0.4056108030511421
0.026816368286141756,0.6953771891466749
0.053925608022745264,0.032865547012827324
0.03641705878640322,0.30489813787809383
0.02522683029773555,0.7645269197038866
0.04095701959255077,0.1858592380971102
0.04935793790807613,0.06384921458306363
0.029774249843671885,0.5668485685546949
0.03687681695265871,0.2907550808487885
0.035853470502351215,0.3229159368565632
0.02486307264089671,0.7798095050123737
0.03437111408173732,0.3739611517013266
0.03463384109607526,0.36452311776459484
0.04801304703709597,0.07677604157556994
0.05774914324622843,0.018019210689748114
0.029948304839208628,0.5585934444301429
0.019912099099704927,0.944158273685171
0.04307749578766007,0.144602201998739
0.03426123507217915,0.3779587919405884
0.02425992052814452,0.8045071843055641
0.03088231448112816,0.515557274673813
0.06026031927644715,0.011874196152193721
0.03425506288351865,0.3781842334647191
0.025505849977715322,0.7526369933287947
0.022962382341288945,0.8541611523775617
0.0579931846182552,0.017316928680640005
0.016801671574948607,0.9890401576100896
0.027725814527774173,0.6548887329363859
0.03387577757492166,0.3922185368822613
0.02612492695933019,0.725829654519621
0.022910924617693618,0.8560142739620623
0.058345910808192736,0.016345132998499184
0.03965312375637697,0.2155234683390984
0.018473015860191677,0.9706877727665478
0.024624225234380348,0.7896927610880208
0.03392219863748014,0.3904817341840622
0.030657433995002314,0.5257233683850718
0.02856496958617727,0.617482119690942
0.043197468545129514,0.1425094239710209
0.03557934841487853,0.33195375089801926
0.042195030515658205,0.1607704499708272
0.03929369953814285,0.22431475266418482
0.023198154656396186,0.8455477573469605
0.053426515066951175,0.0354399971475316
0.029902711679134664,0.5607487573859202
0.03542696506667009,0.3370560644425743
0.03125548200656075,0.4989634688242765
0.020374707573302925,0.9333727539238058
0.02508725325783462,0.7704219521372451
0.04476856796702451,0.11730402997473537
0.034192411659605515,0.3804779171895474
0.03705335452268213,0.28545548774139623
0.0403617187113568,0.19897677410347078
0.022036321710990237,0.8859282182371404
0.03255015415280721,0.444079287027692
0.055628487167402985,0.025275617928359834
0.03813316758631419,0.2545933804567687
0.030265683318187242,0.54373012325748
0.038117281369145495,0.2550283488744597
0.03215147005320029,0.4605346874281793
0.02838827609245964,0.6253438140164274
0.02445667645850169,0.7965469750078819
0.031649600353940044,0.4818133634993619
0.044530812224275296,0.12086434846723489
0.04789634816509225,0.07799550318895385
0.03296748438929564,0.4272797995105459
0.03214688830615042,0.46072610417007875
0.021671856724241267,0.8974444084725139
0.028112316528852488,0.6376424677234321
0.01865787858295767,0.9678670451300129
0.03435225182773777,0.3746452849292364
0.023289655068637005,0.8421522261935834
0.061272052880488204,0.009987363754752588
0.023144895154570966,0.8475107829246363
0.030416749212558464,0.536741823829823
0.05367076497634604,0.03415881828176134
0.02384883631335022,0.8208023848750198
0.033479651926679566,0.4072568936022779
0.03998395421078697,0.20766988753438212
0.0380642273946426,0.2564850560585767
0.03205138424928955,0.4647280209197977
0.020044826140627497,0.9411760561135499
0.04470963410590484,0.11817839592300143
0.03557247824045273,0.3321825818257458
0.057779241730242015,0.01793124128224704
0.045687415393757314,0.1043473411217461
0.02514884618073643,0.7678251459539785
0.01573235045368082,0.9951330853304313
0.020508879847923267,0.9300404168495231
0.02689915695081263,0.691705770061942
0.026603659376218336,0.704789000486042
0.03269102852030617,0.43835978036746215
0.025900641078224984,0.7356018818753738
0.02562467472218899,0.7475341420590094
0.023096017849189132,0.8493034848504792
0.035460530342633856,0.33592736983678545
0.0399669661949873,0.2080676606912333
0.02546078636447746,0.7545663018446593
0.03715024932879274,0.2825774155220741
0.04308334058089203,0.14449967345175554
0.03178015189040795,0.47621766472312355
0.027666064806521506,0.6575551409759688
0.030889575513030565,0.5152311075294436
0.025006147535966528,0.7738300804580851
0.04456081271854517,0.12041026298410712
0.0328347736232113,0.4325748408013324
0.02283163583192166,0.8588504061336591
0.023796529068283556,0.8228410324401191
0.03626181341919732,0.3097860498075831
0.050520359800661274,0.054221515891177026
0.034561141213099056,0.3671177539558889
0.03667759231825096,0.29682283513462665
0.03291156298170905,0.429505651139397
0.023824394209877864,0.8217560209228794
0.03127943773536357,0.49791001040796906
0.028563982920107478,0.6175259844820691
0.04285873299037657,0.14848224355973497
0.03142119983575914,0.49170516997604075
0.03172395430911423,0.4786211969953794
0.026523493468798037,0.7083271863585757
0.047697659904478495,0.08010940443377976
0.03069783163768569,0.5238879398758864
0.02640935115753601,0.7133554192004001
0.03715277137823558,0.2825027923709083
0.04839674640224745,0.07287968106677829
0.04277110669895279,0.1500598049328921
0.03034792518092788,0.5399186933288074
0.03955500532793166,0.217896445043949
0.023519866924053723,0.8334840433813869
0.027813261172181747,0.6509860652221338
0.03841303038889782,0.24702250887508578
0.0315638496431207,0.48551191848094144
0.030690424170169484,0.5242241902152962
0.01978929205412211,0.9468367673627338
0.024515624850037165,0.7941431791274579
0.04326966573838975,0.14126190815037412
0.03159408858240148,0.48420557791141683
0.02949030211608089,0.5804725896141222
0.04125200327017248,0.1796171215691066
0.04639746019791813,0.09516911781400225
0.02714492816836922,0.6807844470288713
0.049126685928262304,0.06592961482294038
0.041504598747005905,0.17440502516244066
0.04748787100416052,0.08239371070175244
0.041149056902439474,0.18177641709800627
0.03996682849719935,0.20807088729762663
0.029052262478421742,0.5958806798506904
0.025631373720135242,0.7472458028342686
0.03171635082584956,0.47894699751171393
0.02969750311715952,0.5705117938495491
0.01941317338427956,0.9545559602119352
0.045597639429785786,0.10555850912907509
0.05766514946504553,0.018266744133958217
0.02329159843552961,0.8420797966019651
0.03692504116238804,0.28930022649686565
0.017721631835826257,0.9804632837754891
0.024194750421588695,0.8071216322978396
0.030055040419245505,0.5535674926946916
0.02865701488627581,0.6133919598659741
0.03410957540344006,0.38352547295082956
0.031184720664645615,0.5020835318292982
0.03165731252782855,0.481481623800855
0.027396493141219058,0.6695795591624368
0.027032315358369946,0.6857923577273655
0.02252188306550057,0.8696997410431163
0.03486730767099991,0.356278425231226
0.023089097040449424,0.8495566368610915
0.020039522477910632,0.9412969611706969
0.035594768628919304,0.331440550398004
0.04423973793096825,0.12534347673106228
0.04068714863980638,0.1917187751102159
0.03654377047133334,0.30095075438405383
0.035334972060936665,0.34016346944015785
0.019714792733553255,0.948423724254217
0.029712988247761474,0.5697715234695079
0.03217162727631773,0.45969317955858413
0.038203771642892126,0.2526670187043842
0.037363975469989374,0.2763055522027092
0.027715553803365656,0.6553466458560453
0.03373795661316259,0.3974064871536882
0.027871920476251977,0.6483681659062059
0.03812311598543028,0.25486853036924273
0.033991678052098795,0.38789220472404534
0.037511090686700777,0.2720492332819991
0.024235197499102523,0.8055003334806029
0.04796760852483939,0.07724892581401745
0.029394257343855035,0.5851246876115851
0.015505821245677676,0.9959956300196096
0.04600544723719158,0.10014927048020032
0.021186552879223886,0.9118382487779353
0.03506851537622413,0.3492798678966257
0.044948107747446286,0.11467308998953687
0.03370400741785562,0.3986916657859776
0.02598436038844676,0.7319614744984357
0.03167235482259914,0.48083500487067465
0.02168928733863984,0.8969071546782175
0.026933505300822114,0.6901813275147773
0.030589758034735404,0.528807162249083
0.03723448661880613,0.28009290766162637
0.025108942331398598,0.7695083606944324
0.06395543649969249,0.006223957198820092
0.04032840257145054,0.19973180118664882
0.019024163509199915,0.9617739488195982
0.049583270912744504,0.06187628841381322
0.022724553095532646,0.8626430562719246
0.02576726558388165,0.7413822900482032
0.027763529233349127,0.6532055759406676
0.03284395515853622,0.43220708921268963
0.022707605469176606,0.8632392866413081
0.014551493771167157,0.9984192556766669
0.025834577681624782,0.7384680645424377
0.027285735475247985,0.6745153711845031
0.04606510309622258,0.0993776816905055
0.026803046001049657,0.695967589617117
0.04309840746303273,0.14423564366399375
0.034307581556657696,0.37626897295127376
0.04808358878143332,0.07604676041392529
0.029601841819274055,0.5750977081247552
0.03157844830710471,0.48488096303327716
0.017800342468163532,0.9795622512240941
0.03276916019290227,0.4352090112536661
0.031061263534514383,0.5075568284466423
0.02687838070887283,0.6926275241690993
0.032673231837832106,0.43907958957089294
0.0230495915665051,0.8509983998916089
0.02823879138931898,0.6320033856292622
0.04177795530047179,0.16890073763081961
0.04523102986841954,0.11062613120310014
0.02882932846365427,0.6057464154549561
0.027063479966482396,0.6844070483475237
0.031465505571796615,0.4897761816424445
0.04243551459201633,0.15622700937930495
0.024565541264455648,0.7921011006800895
0.038426211387085796,0.24667020394531705
0.042578181571579554,0.15358075464898369
0.023372099451562267,0.8390682487152972
0.024925796420915636,0.77719338387891
0.028876401908085936,0.6036606432285476
0.02528273955002394,0.7621553930142927
0.028001922341814006,0.6425670514839132
0.03805228555096489,0.2568138102195147
0.02983267905352327,0.5640691989049205
0.027475023544131782,0.6660779961739978
0.0385773328514637,0.24265826931012463
0.02166230191541285,0.8977383255103252
0.03346914435691539,0.4076611116635193
0.021477262117179374,0.903347909605709
0.027607735539034894,0.6601578802404676
0.031204383478944137,0.5012152975179383
0.037431329399997826,0.2743507409116038
0.024679988142016218,0.7873968512797235
0.025032191583224728,0.7727371176242022
0.02147202719307867,0.9035043100848112
0.04030118703507651,0.2003502359889989
0.027374339399118264,0.6705670960744563
0.031154340379274448,0.503426893905882
0.021931722204927978,0.8892933536091563
0.02503583260106798,0.7725842104323063
0.027076270342917264,0.6838383645113635
0.017692838234394825,0.9807859600818862
0.027368492221707674,0.670827721386896
0.04072932900549747,0.19079347513029268
0.02376123387324358,0.8242119971404451
0.02953530938625104,0.5783001841008852
0.030787360568820032,0.5198346088442323
0.028617711587611172,0.6151379737169985
0.032572870848009305,0.4431536338640137
0.022660330322439748,0.8648965924716557
0.03702236925124869,0.28638042555137255
0.04208772306093461,0.16283168083597943
0.02986687781184949,0.562446257303269
0.021703561728441234,0.8964661577597774
0.018550852422012376,0.9695206672297068
0.0263478863223163,0.7160581160737545
0.028458389090532332,0.6222227966086837
0.02428171118816863,0.8036304970896277
0.03971556023337014,0.21402391650598349
0.02321699152016643,0.8448510986183693
0.03513540626167627,0.3469750787677023
0.05403158164852068,0.03234053904712217
0.016950921345857406,0.9878800793369198
0.04281164657439995,0.14932828110101282
0.02994511596196059,0.5587440274052548
0.022068134778892134,0.8848953303011227
0.026210891432769112,0.7220684164746409
0.04788462090034795,0.07811894970945871
0.036746004310274416,0.29472877585756796
0.03631554725946355,0.3080877879380541
0.024425350310719296,0.797820909043556
0.025668436960086194,0.7456492923672888
0.04524091849575096,0.11048684691446298
0.03811077991132955,0.25520652247701775
0.026314960284052058,0.7175044106981208
0.02704852970812982,0.6850716663412431
0.04277903315874554,0.14991654861489073
0.04463811279093732,0.11924671164726942
0.026529289353053417,0.708071559372117
0.056759990542305405,0.021133401527072444
0.04244930314503903,0.15596966360358935
0.03531288032433033,0.340912751230231
0.041395120855970635,0.1766490601683323
0.03430944097228622,0.37620128819852
0.031087498320060136,0.5063905860323737
0.03881918140920887,0.23634156276666463
0.03033687881102254,0.5404296662180561
0.024302977096795797,0.8027737249176589
0.04212080704144061,0.16219393893352682
0.03015271773643005,0.5489923526343893
0.02492273200655437,0.7773213887479096
0.03238173559051538,0.450982184301293
0.01783530134927236,0.9791530942319404
0.02402925010350787,0.8137092729053208
0.026228426821437223,0.7213001876853438
0.032664836879204906,0.4394194089706627
0.02017476688405989,0.9381687592934624
0.017404168866061914,0.9838199635706344
0.018739842198849,0.9665621486186927
0.029326205514430437,0.5884342403138605
0.029488524291216178,0.5805585011327351
0.02022045699421282,0.9370907688108268
0.029109087510118314,0.5933712048102504
0.029095656204018217,0.5939641448787405
0.02071093314641781,0.9248510643626433
0.028371101484169103,0.6261085910421892
0.039834774649011695,0.2111832192473443
0.029351193658008368,0.5872177124577703
0.031073972656374682,0.5069916436342286
0.028251652219431822,0.6314301783465442
0.030912854367136644,0.5141862946363462
0.02053269868392496,0.929439336544077
0.022127472493050915,0.8829571730502155
0.03200930021388626,0.4664987029126358
0.04262573938456249,0.15270669074293114
0.014712233728416346,0.9981265323853378
0.037845836504017516,0.26254774800979785
0.03482174783556602,0.3578768527539138
0.03235033782634544,0.45227691054155794
0.02160621367235324,0.8994552780208658
0.02861178298250533,0.615401410210203
0.04682499098788018,0.08997537827178452
0.02069326138067007,0.9253130856054975
0.03557733323784007,0.33202086037938455
0.022801320908388517,0.8599285217644915
0.032207043909389665,0.4582170924142036
0.024514052838544798,0.7942073925560006
0.015990657559491805,0.9939843295372232
0.022781200558070314,0.8606421573182067
0.045224651513375624,0.11071604927097722
0.031947525987678305,0.4691058569736462
0.022551005746627467,0.868695681657166
0.04228461625359825,0.15906569156227277
0.024212778118772982,0.8063995414556695
0.02301514389832482,0.852250989939075
0.037297568814683796,0.27824304076704276
0.07908415570339078,0.0002960099353727194
0.022893517192640433,0.8566389416262982
0.04214379980632588,0.16175189906882523
0.03055978236838941,0.5301766643745962
0.021372560346836766,0.9064517110466055
0.031227320503854294,0.5002036987642356
0.026385064384544132,0.7144237744904726
0.03518679568985761,0.3452118010250791
0.0359277588593383,0.3204976792032756
0.030225204781758996,0.5456121375696951
0.02357137060582004,0.8315209698141355
0.019308973573538446,0.9565654702486875
0.026616013233394464,0.7042432905342701
0.02286703879672325,0.8575869589296069
0.025845095430640175,0.7380121416891781
0.04228672384526422,0.1590257607407792
0.030316804967348565,0.5413589880204691
0.04631324723475194,0.09622114576119024
0.03253189870043682,0.4448240894934763
0.0445712296532258,0.12025292125680127
0.01943720777174296,0.954084520560616
0.04980888773883996,0.05995338878134744
0.027271685260341738,0.6751412396749297
0.027823840935373323,0.6505138962737576
0.03241100547399145,0.44977742284498173
0.02623814923488038,0.7208741051714229
0.03897606009157367,0.23231195160766552
0.03526929320876426,0.3423945581373249
0.05085513112988432,0.05169195801091838
0.022558620485479464,0.8684325928039552
0.03835258130647212,0.2486431109877434
0.04252392047145692,0.1545829319779441
0.030230543471690796,0.5453636907597107
0.02735492028306996,0.6714326253710519
0.06374853883873466,0.006459746801743664
0.033399890848097025,0.410332118063669
0.016583510509315946,0.990588194445765
0.049262427036384726,0.06470155386211425
0.037353731699575676,0.2766037663960028
0.027294303694557764,0.6741336672543301
0.01982458205203727,0.9460750359089116
0.026935413375116513,0.6900966240006954
0.02475031778589054,0.7844910633424842
0.050804285054618425,0.05206947019056367
0.031932391592238596,0.46974605025041916
0.025720490890286996,0.7434035955588011
0.03457803864866976,0.3665135315737522
0.03425804481794914,0.378075305439511
0.02515755966804012,0.7674571900063305
0.028778941683947817,0.6079804159272028
0.020353152497715188,0.933899593227886
0.059473479178454136,0.01355775207829296
0.044650325330228,0.11906373232345527
0.04037898294534248,0.1985864035294475
0.022682012342321256,0.8641375702906042
0.0272412771135363,0.6764955459928861
0.026011140976380298,0.7307950886415552
0.020550642253475693,0.9289846338150072
0.028044263597099106,0.6406780273809508
0.019847119407606972,0.9455852075716061
0.03574117578036001,0.32659647722923774
0.04367805293451288,0.13437108865339528
0.048501368851193716,0.07184685651743133
0.02445118534621575,0.7967704569068973
0.03338127146770653,0.4110522779550734
0.02819812610951669,0.6338161141910685
0.02050767039396456,0.9300708617132109
0.01920168494143326,0.9585762540873597
0.03839159210215026,0.24759633398782036
0.03563598639032739,0.33007159223497695
0.032670571384290525,0.4391872629651626
0.05038918073819687,0.055241399880131006
0.03051782432132777,0.5320973153697112
0.0371144555700971,0.28363807402772145
0.02474006867115286,0.7849152162315864
0.018511900964842933,0.9701084410504355
0.038154501506982186,0.2540101366406994
0.03651432448398362,0.3018646996094772
0.03515578889120452,0.34627494018069527
0.030499740073103854,0.5329264644131916
0.0297134202028152,0.569750882042188
0.024860503781769183,0.7799164705737957
0.020646005092632258,0.9265409244156204
0.04936110914387948,0.06382107983847693
0.047112085313141816,0.0866227859782423
0.048240654408727934,0.07444402049807776
0.02305901761289675,0.8506549026872366
0.05516908020566669,0.02715289629234929
0.02757452375252345,0.6616396687722734
0.03191477823467875,0.4704918247985672
0.02101487435098226,0.9166627734206301
0.022646854856013476,0.8653674060689107
0.03530293485127267,0.34125045631002343
0.049518594077483935,0.06243716203450708
0.018964402494405785,0.9628143000307737
0.029535149411550776,0.5783078971384106
0.04573478000827902,0.10371300947801872
0.03433354209589495,0.37532475276303584
0.046390272146356604,0.09525853758426714
0.03366133947444461,0.4003109623717743
0.024095903825224252,0.811065246022118
0.03203306992277721,0.4654980510540459
0.03508446095628903,0.3487294589183711
0.02969766097409199,0.5705042445450331
0.03784250693479341,0.2626410079934485
0.026310909786136705,0.7176822564839475
0.03303928542742873,0.42443333732427857
0.02792367427087228,0.6460585757023856
0.037441727725129714,0.2740498747553084
0.03579599353384971,0.324796009189696
0.027654321833847362,0.6580791562372035
0.033745929829431476,0.3971050687445879
0.04474396255629565,0.11766843560783181
0.0328454292849244,0.43214806507805914
0.04632080153977214,0.09612637904246238
0.018750942101239176,0.9663828528512356
0.015437465637439085,0.9962312443404219
0.0195387981433649,0.9520589122579092
0.04612899848731766,0.09855675888895135
0.035405242093342726,0.33778799151491956
0.036985277497422864,0.2874905713964272
0.028025276572817504,0.641525089573791
0.02277346119842305,0.8609162497319596
0.03366083821260252,0.400330012715366
0.02145308660318461,0.9040691204740002
0.03051348893897865,0.5322960161823276
0.03197575359067817,0.46791334142194885
0.043903266580574474,0.1306896985377547
0.03018288620223286,0.5475839799952712
0.04352814377233327,0.1368680431240349
0.030743620886581363,0.5218124097173981
0.02692010758927793,0.6907760228210611
0.029573373142212422,0.5764667199238535
0.050965549805449595,0.050880269251604764
0.029849584169704624,0.5632665933620192
0.036916225399481695,0.2895657814827583
0.03914580556456043,0.2280114644120918
0.02325812907087499,0.8433253988314077
0.033809347120078326,0.3947132713113206
0.033414202132800386,0.4097791735963929
0.03074355235893106,0.5218155120704425
0.043022244114478386,0.14557433116789806
0.03133097711423635,0.49564838621210633
0.025301128266499107,0.7613741548370474
0.026528316309643862,0.7081144773604788
0.02128301746115399,0.9090652644241681
0.05112695053567684,0.04971362334045963
0.022251306405096205,0.8788641836970393
0.018395519528644377,0.9718202849125182
0.02428515158768335,0.8034919684072057
0.028949805589565836,0.6004108889326141
0.03176203963773511,0.4769914534593613
0.04722396189276534,0.08534506626111951
0.036325733880539945,0.30776660940699
0.034372438326768506,0.3739131543325739
0.053865949445747185,0.03316438409964285
0.02022819244248142,0.9369072058037895
0.05159350128129195,0.046470409213869524
0.03454743619959311,0.36760833636298706
0.047388704312785246,0.08349246519742867
0.02148659134687414,0.9030688704110241
0.017635600099962456,0.9814164622501171
0.041745056360640465,0.16955576419198282
0.0319948058152828,0.4671095772239859
0.02753608749510114,0.6633543615827653
0.029689231671637784,0.5709074490921331
0.04258564508039464,0.1534433171842792
0.020492581030307377,0.9304500767810306
0.04555566125713917,0.1061288267063179
0.021598948779259913,0.8996766166384043
0.05176585599204253,0.04531955347728912
0.041608831450340555,0.1722896163162245
0.021320708298435465,0.9079697729742153
0.03386835000246735,0.39249692885305665
0.03961596676786033,0.21641973551601737
0.03802041740927009,0.25769268703218795
0.028475712312362123,0.6214519508497938
0.03002207624848474,0.5551167516457673
0.03100244048135392,0.510177946087394
0.039766319874297906,0.2128107874452539
0.026075868348337417,0.7279723745742992
0.02023607536720906,0.9367198286329987
0.03836768208537966,0.24823751339507855
0.03488975059230304,0.3554929007206527
0.03149831769951239,0.48835075071917255
0.0546798629594244,0.029286419219915087
0.03287802935517892,0.43084414318683084
0.028040397584429166,0.6408504964239337
0.02990898642571571,0.5604518339826471
0.027648025077632393,0.658360136025558
0.023747114399081615,0.8247593790228145
0.035586908553734364,0.3317020701597555
0.04244612018946736,0.15602903914465796
0.038920163119229245,0.23374164041835266
0.01881353853770429,0.9653601732915489
0.01380774818851116,0.9993366483726803
0.0528142676411264,0.03883801814000874
0.017284750940221638,0.9849709014327045
0.03469967772999483,0.36218462426912246
0.034866800080555815,0.35629620563998954
0.03463824138227656,0.364366489494241
0.02369845915239399,0.8266409661452605
0.03106844142743248,0.5072375726402927
0.036864410702622086,0.2911302340818012
0.02674479331749907,0.6985477778954586
0.026412542137597583,0.7132150094270469
0.031088454858337333,0.5063480962491685
0.024571692621797314,0.7918490361814904
0.015214266739162624,0.996926762557886
0.03928290812948049,0.22458291844495346
0.03014856956245121,0.5491861778546309
0.020294472430201216,0.9353218511564777
0.038557829596035764,0.24317322238880149
0.028971406971052827,0.5994551915306853
0.038597196545628654,0.2421346547669502
0.0386927273574692,0.2396284621089573
0.03301527582972702,0.4253837353101561
0.03239206968001479,0.45055658403962623
0.018112818537892317,0.9757056459534028
0.023940933893021876,0.8171932649521219
0.02814309907575757,0.6362696591424681
0.055073500344575865,0.0275585998589336
0.03365281452715885,0.4006350360935162
0.025178510316539837,0.7665718899126337
0.03086400724265037,0.5163802180029783
0.0232583826349661,0.8433159765944271
0.022367038779548154,0.8749809927066123
0.03175072606525228,0.47747520513511726
0.030398785969973696,0.5375698756688515
0.026858098866066715,0.6935270941613335
0.025793807807155122,0.7402339189320561
0.02512528637746389,0.7688193104298949
0.022028198378137964,0.8861912616744257
0.024554610263140764,0.7925487984477686
0.045485763207771424,0.10708413508025771
0.027131536941003565,0.6813802537618885
0.0430452664284352,0.14516862296029762
0.039280046667385715,0.22465406703556443
0.03515211579384758,0.3464010355875757
0.032754771844057534,0.4357880956851696
0.05290985447011304,0.03828945221619976
0.019529506020444815,0.9522463992113683
0.031961614429591556,0.46851042192704667
0.035218441220473296,0.34412917052559755
0.04314893441158296,0.14335306699444658
0.0316291634899461,0.48269317326711225
0.026757637544517876,0.6979790653569964
0.02430131955773529,0.8028405470286955
0.031932269339859154,0.4697512239211828
0.0461612222262201,0.0981449001272547
0.023916102175708498,0.8181688129976844
0.03940220552079088,0.22163209493631714
0.0456152766304887,0.10531964910870432
0.04039716638890711,0.19817589714955058
0.024995249691865146,0.7742870124688496
0.03621154597853948,0.3113809474365362
0.021860233532249668,0.891565690376341
0.024057463694442394,0.8125916088944012
0.0289334232977303,0.6011358802419224
0.037834750518147664,0.2628583591096554
0.021334405657299493,0.9075699909917763
0.02835962871931086,0.6266195227695157
0.03688206006371231,0.2905966417993534
0.06068650347823268,0.011043301851200811
0.03211707676791714,0.4619728545476854
0.02172924459878517,0.8956703841309734
0.0385342802065779,0.24379611730042353
0.029058661743984693,0.5955979661685845
0.027595707521543944,0.6606945426370288
0.02189760619658726,0.890380574642106
0.0530189736793496,0.03767150767557549
0.039110684295546594,0.22889619567163647
0.020532935819071008,0.9294333379444292
0.043365110794790385,0.13962629701907234
0.02696654996018459,0.6887141192601149
0.02474454668121484,0.7847299255976354
0.030701273001021878,0.5237317705821461
0.038279447304931824,0.2506145736579944
0.031228945209777925,0.5001320933643807
0.04343798019728955,0.13838793639771094
0.02967218495795476,0.5717233792876397
0.036588828324617184,0.2995561915746153
0.022692888301684894,0.8637561486788292
0.04185470696373095,0.16738043685274867
0.022013272357393615,0.8866738399609332
0.03157132001794094,0.485188981974821
0.035738582005326425,0.32668184743448697
0.04409900444308845,0.12755739876062896
0.03906587872501638,0.23002871161321897
0.023552212553387686,0.8322521779046652
0.024352129600529016,0.8007889620965984
0.029973017101633803,0.5574273353562764
0.038547782358334004,0.2434388290332168
0.02643938036836735,0.7120336982574651
0.03430334334077145,0.37642328050137175
0.032987475318966175,0.42648599114211294
0.04453620622191665,0.12078260169578717
0.028836149222329244,0.6054441145688202
0.0388698686692891,0.2350337902901813
0.024131386569864632,0.8096526844256796
0.046449824801180095,0.09451981355685668
0.02211296651256739,0.8834323754460464
0.018755243152885376,0.9663132124896414
0.03363236015681781,0.4014133406306615
0.04279333637073962,0.14965832332163392
0.030203289284489454,0.5466327488659144
0.042639837901252364,0.15244834573355298
0.033808702963393666,0.3947375156313713
0.06232926787215998,0.008309652379475849
0.033121241608774166,0.4212000157513903
0.0453549061118842,0.10889174504555875
0.025606730520566612,0.7483061602630008
0.01958866925253122,0.9510450518766961
0.030426314174108238,0.5363012303168535
0.041268901723105045,0.17926462691321224
0.02160399796529,0.8995228093216775
0.030032457675218838,0.5546285576074517
0.029171443937482222,0.590620123788463
0.034223550874106334,0.3793366875882652
0.039132379292776576,0.22834937112273293
0.02331818262411045,0.841087707399032
0.028741181482522804,0.6096555139873946
0.03155784302578468,0.48577167905705554
0.030581603356369558,0.529179507376045
0.05708641943478876,0.020056436742720028
0.04360748238859202,0.13554188224922406
0.051088083913790217,0.04999242691482381
0.024078392705321805,0.8117610791799053
0.020332707896272506,0.9343971083709539
0.05537128727171392,0.026311946066713703
0.03235466441243748,0.4520983519730652
0.03429556185690735,0.376706708896972
0.02894467406133605,0.6006379641757427
0.023889623920498537,0.8192070682237159
0.043370619649073516,0.13953236486843487
0.051465894602054085,0.047338713527541626
0.02955203019963215,0.5774943436262144
0.020487672078771668,0.9305731972570062
0.02403496517092185,0.8134830547998194
0.038838411519819815,0.23584475589898413
0.038340030242230955,0.24898060790819818
0.03359881521952231,0.40269200335645033
0.04337918697177279,0.13938638435289966
0.03584891544372448,0.3230646441795216
0.030600717401200406,0.5283070117343416
0.03236402058477461,0.45171238192789254
0.03196736690954749,0.46826744110078006
0.027839520372410997,0.6498141351587617
0.03102485548606318,0.5091781376642349
0.05235740129819838,0.04155573511312571
0.04080865527781524,0.1890628382298707
0.030971663860786536,0.5115527451098869
0.04229999910241322,0.15877443009184422
0.031073463750755925,0.5070142673848763
0.027134758112277987,0.6812369433245198
0.030746349043765275,0.5216889112137588
0.030638033259573594,0.5266062504686173
0.024023223211652955,0.8139477340612518
0.041081129707409625,0.18321239956908877
0.04299319001785962,0.14608764243796474
0.017785844757471914,0.9797303082595683
0.04156497365578993,0.1731772112488087
0.024667303341309066,0.7879197489954405
0.03222354852985254,0.45753028672231916
0.03341459849872919,0.40976386648436486
0.06475742190109846,0.005382388492102336
0.025291233561216653,0.7617946032438441
0.03182760155324871,0.47419440701569804
0.04403550268635448,0.12856678674378672
0.05295508325957998,0.038032254378024544
0.03101112012275986,0.5097906481289056
0.035804166474143084,0.32452818944872885
0.028591355844783117,0.6163092107678141
0.030673269603117448,0.5250034136854657
0.018987864369605756,0.9624080259956984
0.029552871668516778,0.5774538077284438
0.05330343588072528,0.0361013951400687
0.021053769610325124,0.9155822288938618
0.03125734433101801,0.4988815216241242
0.02553581096219293,0.751352445945743
0.03397459673036851,0.38852772444206324
0.04950844829644824,0.06252553913062041
0.023023757887374707,0.8519381696258164
0.02058344262429246,0.9281492623210817
0.017874156952708553,0.9786918081151265
0.029414404151518303,0.5841470128344606
0.03105766566581747,0.5077169011996543
0.042349811413893435,0.15783421087111227
0.02319329498815248,0.8457272857250411
0.030390480458930336,0.5379530022104415
0.05922163032849509,0.014140313153697253
0.032776315183489,0.43492123863203136
0.025231652194551257,0.7643226124015124
0.031128428989033508,0.5045744577360864
0.03494387166538371,0.353603672164764
0.02514662777730814,0.7679188023066463
0.036397139173841575,0.3055221242467963
0.022059033802959316,0.8851912608413056
0.027618111281282665,0.6596949248215892
0.024378080420348613,0.7997385786671707
0.03678762634799937,0.29346009517771077
0.037630124368828066,0.2686414664303393
0.03742258262337306,0.27460401228713077
0.027530161976161205,0.6636186863769903
0.04549129682143621,0.10700824731774243
0.02151464062210895,0.90222747816057
0.031258138799323265,0.49884656553801404
0.04124227846808326,0.17982022569168904
0.021077597111901547,0.9149166528379086
0.03924983814938354,0.22540624488040553
0.020565296707517833,0.928612077485751
0.040613462442021464,0.19334367510234748
0.020908487855942348,0.9195805916131948
0.03147072697506109,0.48954917319858327
0.022711323013925838,0.8631085953728538
0.03148429425682023,0.48895963209718313
0.025528503563756133,0.7516658765069697
0.019154843388096365,0.9594356466595009
0.020988566275960685,0.9173894610644396
0.03475731759209241,0.36014600378478845
0.03063906501683583,0.5265592742870554
0.027629608858966148,0.6591819002428814
0.025534890939584054,0.7513919124639324
0.017148224510953325,0.9862145671524629
0.029769127051492095,0.5670926436328595
0.02853157591401123,0.618966956306084
0.018746379732553997,0.9664566230612632
0.018749822236169555,0.9664009699137572
0.025257780603567703,0.7632147907097263
0.019019373988128696,0.9618579962463355
0.020800300744058475,0.9224907917248044
0.027578945729703763,0.6614423846380318
0.03862157647941056,0.2414931692811962
0.06320710031103516,0.0071158790253885796
0.029768385909953732,0.5671279605174735
0.04390275971621016,0.13069789044530852
0.04604834553806508,0.09959392202852743
0.031474910976579396,0.489367316323287
0.02704677970314845,0.6851494562941998
0.06002736927970864,0.012351822676251272
0.022817927727139975,0.8593383492937543
0.03881998528469083,0.23632077873555118
0.019598809855860266,0.9508373270350952
0.033540889790148354,0.40490658887490005
0.030446134617245824,0.5353889495917761
0.03358257379346008,0.40331209799760964
0.03735945782900063,0.2764370390630278
0.030466514523665666,0.5344519228615076
0.037617730527669035,0.26899478305624225
0.056195157371516924,0.023118937294652312
0.035443501857788884,0.3364996438880531
0.032704436460399514,0.4378180021430399
0.041332740055112005,0.17793793109396422
0.022014859560446576,0.8866225694186969
0.03670844175744159,0.29587719327315454
0.04372697042388851,0.13356437245744252
0.03079427746544472,0.5195222758897641
0.042866959646860214,0.14833482690562366
0.02966174066270988,0.572223634665802
0.03561560865436186,0.33074788311486064
0.031838772808816085,0.47371888043452276
0.029220387933257985,0.5936023685830827
0.03855018375810171,0.2433753260335433
0.024703764936022832,0.7864157248222998
0.01500133109391455,0.9974928650830105
0.022902078070362708,0.8563318740983143
0.055715251946862554,0.02493426191962167
0.03771327226043697,0.26628013726152916
0.02304568343090574,0.851140723530518
0.04048126202698543,0.19628600991855105
0.0280955505120013,0.6383902570282465
0.023772802577812446,0.8237630514629428
0.030010034569208144,0.5556833483260376
0.03921482709018953,0.22628043045769475
0.04444326848989222,0.12219745294608726
0.02852799516839205,0.6191262010356644
0.0403737558688646,0.19870453230456603
0.02562782392161611,0.7473986022994458
0.036644676712573765,0.29783426864719853
0.03353676410113288,0.40506463929916264
0.04520114936279496,0.11104788972402349
0.031663624050204064,0.4812102434942483
0.030106350972763263,0.5511612444632714
0.018590418100293382,0.9689159621455641
0.031477292609373375,0.48926381853287504
0.02519195923343187,0.7660031503349697
0.030289727356820506,0.5426141117172748
0.04645521263707919,0.09445321673498046
0.0215029683728283,0.9025780529383358
0.021193835960134022,0.9116304395458703
0.026382802615252055,0.7145232394610908
0.040123015639914106,0.20443601169553993
0.03438071229058859,0.37361336170930387
0.03364395878285187,0.40097187629843606
0.04190056990096769,0.1664772077807802
0.024010226046611904,0.8144616327805458
0.029566195342546148,0.5768121958052861
0.027440953454702155,0.6675973059483211
0.024824507571542087,0.7814138365356128
0.0381036372762803,0.25540237625444995
0.015763194591269625,0.9950054824109333
0.05099371695746269,0.05067498277563484
0.04942558019821314,0.06325139503282862
0.06697846572627231,0.003565683712864543
0.024208661829194456,0.8065644941183652
0.021135903975380066,0.9132763804149053
0.03943982733862439,0.2207077567670867
0.02607136032053392,0.7281691291898909
0.03986425168280877,0.21048536608039053
0.024536862197078402,0.7932750918917598
0.01896411655562591,0.9628192342203311
0.03008663112520804,0.5520852640109171
0.015762806746693392,0.9950071025760192
0.029174980589616095,0.5904641774646293
0.03031939526408145,0.5412390144237935
0.03663785785048035,0.29804411655316365
0.026442874494944812,0.7118798522032475
0.04172706523566816,0.16991482780802605
0.042108784366558766,0.16242546176685355
0.03357566125071698,0.4035762166614033
0.03097755426967841,0.5112894377960822
0.033027864491015246,0.4248852451898214
0.04466336869235954,0.11886855997379733
0.02985147504252894,0.5631768632381349
0.024776830165153974,0.7833927812415453
0.032404076166241635,0.4500624427952617
0.031222052538088907,0.5004359180163003
0.019075309766783843,0.9608691434323098
0.02531828219042953,0.7606448321927826
0.031528075708688263,0.4870603140925952
0.029771705819779615,0.5669697704752374
0.041776138944584484,0.16893684904735495
0.022151444018140398,0.8821699233781956
0.031085432333639973,0.506482365646623
0.03409197153260313,0.38417530768100916
0.035827014367982524,0.3237803342836972
0.03552244184121611,0.33385262036414415
0.030587528279798937,0.5289089573058697
0.05124367423940407,0.04888438915159771
0.026470209608248085,0.7106759090409644
0.029252774366091305,0.592017786797887
0.04929085360063368,0.06444686523987399
0.025040868438244823,0.7723726831422246
0.029245197867838135,0.5923882612302098
0.056445983384648235,0.022217636656703
0.03559044169290654,0.33158449743559504
0.03422331873449813,0.3793451864745483
0.01989689710746889,0.9444940549738485
0.0427903528218615,0.14971215764736245
0.033589480337252176,0.40304832725210005
0.03311797891091017,0.4213284147664
0.0415013383355482,0.17447152690881912
0.019860690370249734,0.9452889917997721
0.032704719341943966,0.4378065765118001
0.03934490028423465,0.2230457818914815
0.058133776043914676,0.01692355520367149
0.035739638262788254,0.3266470803589834
0.038470593248397134,0.2454867653180545
0.05086138656262784,0.0516456774455554
0.04973167582156268,0.06060560883434703
0.030072889450674656,0.5527297218615346
0.035020009220858905,0.35095801004006283
0.03878822419213157,0.2371430202419449
0.023824476694924462,0.8217528056715375
0.02497779277541079,0.775018454508561
0.028993667652957467,0.5984706423234227
0.03436307092012558,0.3742527696053201
0.02853224688754047,0.6189371170328447
0.04723527161275737,0.0852167871791929
0.026720978071303025,0.699601957962158
0.03257093951623086,0.4432322810335544
0.02683914458939307,0.694367553822987
0.029279652000512857,0.590704629805689
0.02933626253094923,0.5879444434329467
0.02586797565107024,0.7370198135151889
0.03702347897893321,0.28634726081941775
0.023101995289766974,0.8490847022194381
0.034444286792837786,0.3713154777412501
0.022436898688898643,0.8726103120062141
0.023042893193467306,0.8512423026772042
0.048959771115216544,0.06746692072961352
0.032550149788582616,0.4440794649837382
0.043007760916476845,0.14583002941057413
0.04167727361382989,0.1709117199664872
0.02891938764321844,0.6017571568517095
0.017288092483867312,0.9849395044773074
0.03193205626932871,0.4697602410681639
0.0535779424633574,0.03464084105266901
0.027153325937154915,0.6804107724757392
0.03334741354860482,0.4123640470926867
0.030866449706462795,0.516270377000932
0.02774197056141048,0.6541677165016695
0.030434731022072503,0.5359137081875629
0.033644904910934914,0.40093587973562456
0.028113506602179816,0.6375893906475314
0.041928567812518636,0.16592773049716344
0.02168322389605523,0.8970942010093784
0.029381619418440752,0.585738469829834
0.017256949642683095,0.9852303335669508
0.0336458803920916,0.4008987687305024
0.03375811449204347,0.39664474639773206
0.032455260589853374,0.4479599286711181
0.03633010890976218,0.3076287424796047
0.022358919812719202,0.8752552141762648
0.0453997735504269,0.1082691378811912
0.03049033289142633,0.5333580939869461
0.02861248277433237,0.6153703142348989
0.024818815956948792,0.7816503391945602
0.028256990910319635,0.6311922457547515
0.02213898039765594,0.882579546697547
0.04549711489838343,0.10692850652249211
0.04559918187582673,0.10553760191232663
0.020921303851900164,0.919232027851095
0.028185178556505153,0.6343933587199548
0.021401552985984895,0.9055973834731128
0.025153026863092787,0.7676486207887954
0.03581876217567448,0.3240502999797408
0.03617872512194931,0.3124255293100158
0.061355825101025774,0.009844010299352132
0.02910065952363569,0.5937432526759572
0.022237844648297533,0.8793122534201215
0.029469220195002088,0.5814918387084731
0.03798260304089818,0.2587384987683206
0.028964482751277165,0.599761502999258
0.021022125293697902,0.9164618936124415
0.022191787909477123,0.8808394832134641
0.028712322945077973,0.6109362346829641
0.035769781997469996,0.32565601764472796
0.03624649392675652,0.3102714759298522
0.021857196128124534,0.89166173727668
0.021468070329063005,0.9036224421958144
0.024312242030420705,0.8024000866446463
0.04090273933483379,0.18702629413884514
0.04809006642973443,0.07598008764243439
0.026789378200958613,0.6965731818612353
0.03287245840523978,0.43106677928603276
0.035010305330654495,0.3512944188908175
0.036190820541001756,0.31204027373205095
0.0265709437722062,0.7062335663629851
0.02239209610644488,0.8741329678520324
0.04204230706096973,0.16371040739588105
0.026777067633744656,0.6971185321098092
0.03738559621813642,0.2756769228498607
0.018480296320359052,0.9705798689723377
0.028610417293136292,0.615462096688352
0.061562649736359054,0.009498032194491326
0.031282419310854404,0.4977789946806129
0.042434908155771556,0.15623833556877822
0.024486071265404474,0.7953493770449392
0.04211329303279687,0.1623386065739018
0.037273283956378744,0.2789541048692713
0.036316446126170576,0.30805943729558544
0.033941233317898056,0.38977111313822155
0.022322539187344947,0.8764806549763762
0.04164838458286335,0.17149224757402579
0.06672953572802731,0.003736681761498563
0.024480050230951192,0.7955948577900882
0.04403365543305199,0.12859624710563977
0.03079112496106473,0.5196646128086221
0.030015362198928863,0.5554326241098934
0.036264606205058114,0.3096976151992532
0.026199440486536774,0.7225699055993019
0.043090229258512525,0.14437890878937193
0.030613283000207492,0.5277339213808317
0.03037805185480824,0.5385266393400283
0.039710325657414225,0.21414932479887247
0.026387126041704234,0.7143331055335731
0.027611537452821522,0.659988244020001
0.023550324982538284,0.8323241574683494
0.05054873814052552,0.054003027449922324
0.03289157586651359,0.43030309711834086
0.026123882156458167,0.7258753171289476
0.02191933672561519,0.8896886501219805
0.0318970759583056,0.47124214439749645
0.04429634810795052,0.12446184819068365
0.028788484733828335,0.6075571957515566
0.0286167976818561,0.6151785818842876
0.038489219461772306,0.24499138869209983
0.017508354974369866,0.9827665805645425
0.02267823740499647,0.8642698507500665
0.019208179583279805,0.9584562113732708
0.03211005616217333,0.4622667867300608
0.024622885038316222,0.789747851870513
0.03759930631060593,0.2695206546601692
0.022911768899922302,0.8559839481857578
0.05252307842104098,0.04055162894341399
0.02440439836431557,0.7986715919567243
0.033845167301191026,0.3933667171579484
0.03397772396959409,0.3884113197776367
0.02539901682998022,0.7572053562668822
0.023251993176295338,0.8435533362447718
0.03681893701268191,0.29250837933717744
0.04185659528588681,0.1673431710002921
0.025263429437113544,0.7629751213151496
0.024340077614854627,0.801276192802971
0.032052238939165534,0.464692105740335
0.03477610827789329,0.3594831698385426
0.055363996118666936,0.026341863986319262
0.02891085306589594,0.6021349930022553
0.033199430767720806,0.4181309334184652
0.027693192852672244,0.656344545117475
0.03379650947310575,0.39519663999631943
0.02761451730884884,0.6598552857303353
0.03834726147276156,0.24878611833492562
0.03751358367056912,0.27197753216932874
0.019791425802813678,0.9467908930975254
0.04195009355636942,0.16550625972846006
0.042368035970145046,0.15749133697486975
0.020032961547832184,0.9414463275271052
0.048334500985036555,0.07350012189113753
0.03312958802499949,0.42087167484312404
0.02061148432413551,0.927430801112139
0.06131464147508403,0.00991425039378057
0.037685257774835224,0.26707397555632345
0.03209855900116998,0.4627484050410958
0.024644784317097768,0.7888471248681022
0.0334289318830201,0.4092105936508249
0.054909479306695874,0.02826729832084696
0.03575876843589226,0.326017867630803
0.036584221552030005,0.29969855468245105
0.048005320641660965,0.07685627781568759
0.03479695310660952,0.35874888846910447
0.023053075660214195,0.8508714723094146
0.03239493304563734,0.450438706101153
0.06575045186146189,0.004485022102604081
0.03768058984643474,0.2672064219491971
0.03932700157812785,0.2234887560589717
0.022202338888635542,0.8804904035576748
0.024241503861418878,0.8052471540350303
0.029728830242624557,0.5690147914031025
0.023211915641089154,0.8450389454016253
0.018838704459611,0.9649434722738656
0.03717891929173822,0.28172998429076057
0.02452621110296571,0.7937105967909885
0.04447804149769652,0.1216664961366593
0.027586771672459653,0.6610932279301855
0.048314074200901835,0.07370470317709922
0.06591188642167378,0.004352848936891232
0.03042919654562634,0.5361685027999529
0.03951727578724662,0.21881429364166963
0.025187048311795412,0.7662108670451496
0.04602155474495956,0.09994044592468296
0.03482646896092678,0.3577109803169807
0.028551959655162495,0.6180605440034177
0.048794722252213985,0.06901697542241668
0.02572094224612953,0.7433841058963986
0.028890047321746493,0.6030562771162038
0.023266586303952314,0.8430110155952948
0.03599548679762565,0.3183044710264073
0.03189769114967339,0.471216056095794
0.03275029818684688,0.4359682513174273
0.057082042181813786,0.020070548634766094
0.06607894555540461,0.0042198443336914975
0.052502902356011905,0.04067276686297893
0.02385667551085774,0.8204961536849167
0.02007413133108915,0.9405053945239832
0.037892548008904015,0.26124200581020585
0.023432027639507802,0.836812208402311
0.046749791588215295,0.09087130080868724
0.02283657316621468,0.8586744870641939
0.028624711551539228,0.6148269527670611
0.02346997969410969,0.8353773290297304
0.03773157713723041,0.2657623963626717
0.026837670640292077,0.6944329014482158
0.05181536820616628,0.04499355487044733
0.03004614711080078,0.5539852025702425
0.020818060867928923,0.9220170135843804
0.03870417287016559,0.23932953053552583
0.03682787445070257,0.29223713715932376
0.045715657147099575,0.10396872614882655
0.04743374888851781,0.08299185642409396
0.026001829081466588,0.731200754237419
0.0334863669698412,0.4069987150635605
0.047741460431206056,0.07963928714835268
0.04517794125550123,0.11137638496405944
0.0235791016867557,0.8312255644358006
0.046910709633840475,0.08896317535461418
0.04598776419526185,0.10037893922371352
0.019216144523386824,0.9583086975756636
0.018962377570007405,0.9628492334091983
0.0302404369395336,0.5449034620596149
0.035769236464851556,0.3256739342399177
0.023030184662588715,0.8517046037250314
0.025131244253519203,0.7685680036057574
0.027636897929069926,0.6588566530595641
0.03220192880504236,0.45843008506500216
0.03656355525187854,0.30033781849846736
0.025706116959224423,0.7440241103141059
0.034900804545027087,0.3551064539170945
0.029732078348731816,0.568859712356875
0.022160591980529,0.8818688509961619
0.03568379766218155,0.328488766485957
0.04149626827411379,0.1745749796402566
0.036045626621659554,0.31668786209305616
0.055432451984132214,0.0260621488593411
0.038299411811036466,0.250075219664982
0.03968612371037572,0.21472988869600682
0.046430492003939616,0.09475910150753432
0.04834400690850521,0.07340508118070795
0.031885478537681866,0.4717341306941302
0.02172623377010785,0.8957638275493687
0.026498828198426555,0.709414724627931
0.016711315699971308,0.9897021467153913
0.027906706339607235,0.6468157765814866
0.021601914009003687,0.8995863045450927
0.022162226421520492,0.8818150218481225
0.026406186503788454,0.7134946611689765
0.029650387561864777,0.5727677174502301
0.0394661877603201,0.2200618794103936
0.034740981378817815,0.3607229600674377
0.03294442706850087,0.4281966087385612
0.05666994931162217,0.021439385196972267
0.039634700253202704,0.21596750301805692
0.0299181101344147,0.5600202668440383
0.03249351201148154,0.44639294153123404
0.035750790388921816,0.3262801677238949
0.040513544238501065,0.1955642955061899
0.027194802769198057,0.6785647635369847
0.03495787734991829,0.3531159345811496
0.03333029424657441,0.4130283935229753
0.03148501718442431,0.4889282314687681
0.029723569916349057,0.5692659967775742
0.04443546939669374,0.12231679981881097
0.023336344741021864,0.8404085396979408
0.018077822117957942,0.976160148175361
0.0344665606067579,0.37051275101934944
0.022848796470750887,0.8582385715951751
0.02119112226771469,0.9117078994390638
0.02414002548190719,0.8093082478172157
0.023164768867543525,0.8467794469730328
0.024941249949055666,0.7765475702373036
0.02156701060055144,0.900646801421548
0.028566414603416523,0.6174178784861575
0.039419495793212356,0.2212069159837837
0.03573509105533365,0.32679677230190785
0.03697679324558728,0.2877449508353491
0.02234417676996621,0.8757524741137623
0.031617217093476424,0.48320794913069154
0.04478294023180801,0.11709160730654675
0.022856590161333235,0.8579603349536855
0.054930898837943054,0.028173845510568438
0.05987122988744814,0.012681585158633728
0.03834403932382119,0.24887276627416136
0.0264101252588701,0.7133213580010547
0.022212895796635324,0.8801406583220449
0.025390572566397984,0.7575656289259175
0.030954347996077103,0.512327278980118
0.038951913826269724,0.2329287202309238
0.050584022866665634,0.05373242383227093
0.02820930253752585,0.6333178640692376
0.02965419911906042,0.5725850188657232
0.02787067819601456,0.6484236063207509
0.03844878750709213,0.24606767226484233
0.03068334828748706,0.5245455149922815
0.017403296297130555,0.9838285905262328
0.030734628433804034,0.5222196109142948
0.01992774954878082,0.9438113429600702
0.020621438116615654,0.9271748247031689
0.029928089400381053,0.5595484614212017
0.03741456610730043,0.2748362918144639
0.022693909069462115,0.8637203266791422
0.02577300050524456,0.7411342480547913
0.02731174934188252,0.6733564125443536
0.048834563412975485,0.06864005823080456
0.037811169143153356,0.2635199911138938
0.0315992770504,0.48398166181273283
0.03479010116356507,0.35899013810823505
0.022641537113913812,0.8655530054470053
0.027189284572775696,0.6788104010705657
0.019240148323512424,0.9578621711051675
0.06690073933215523,0.0036182867755495717
0.026454755541898245,0.7113566479770612
0.018281125472856485,0.973438683380758
0.039905581119224987,0.2095099352423011
0.02697042213161238,0.688542152867307
0.033404882852934636,0.41013918425265045
0.02208775758914827,0.884256056612811
0.024668194528060572,0.7878830242109998
0.019719783391807022,0.9483183103596783
0.02367889113881147,0.8273956396272627
0.05191263931641399,0.04435902536296957
0.022977474436108092,0.8536158010771064
0.026545404232450623,0.7073606649110304
0.03373879238772093,0.3973748842347652
0.03561735594789378,0.33068985522076283
0.033552344112081856,0.4044680089441135
0.043521910454379475,0.13697267988128245
0.026111284221679076,0.7264258051445809
0.020112442344505932,0.9396219811264814
0.024913503117120372,0.7777067737098684
0.04453345999031233,0.12082421553270928
0.03386229478341596,0.39272398506613926
0.03728430598152532,0.27863121058645723
0.0339910427775269,0.38791582751331805
0.033018611134462916,0.42525162424554386
0.051721253666780376,0.04561497720595449
0.037768826142694834,0.2647111720719325
0.03179502259999267,0.475582972231854
0.023072589645971475,0.8501597594947095
0.018401950095678243,0.9717274247514872
0.03270713366262845,0.4377090698460296
0.03390804083428278,0.39101086944652297
0.030766295454525916,0.5207865325635015
0.027865578571678706,0.6486511927764944
0.027481377580181654,0.6657946197943985
0.026105105665278128,0.72669572068577
0.028978269764971032,0.599151628136549
0.019867223115166532,0.9451460618345943
0.03502059662613466,0.3509376535836146
0.04443882011625988,0.12226551317825497
0.031239211523525517,0.49967977927175616
0.017153452083798926,0.9861683408413093
0.024193076426938243,0.8071886391472508
0.03217765944189632,0.4594415507901972
0.02988786683172584,0.5614516010391654
0.052873927422903644,0.03849483610617872
0.0263896441789363,0.7142223557080922
0.033756965653925386,0.3966881324186422
0.031797902261811783,0.475460129950092
0.019488257470302806,0.9530732935337257
0.025526585801344037,0.7517481194198516
0.03755070811615857,0.27091146459165705
0.01986195563392354,0.9452613262702513
0.05413936674034159,0.031814129082062895
0.032362265650987265,0.45178476151779307
0.03384542282452219,0.3933571229488706
0.022658920369228563,0.8649458873781679
0.026800548502320387,0.6960782578249274
0.026477158329010986,0.7103697541941332
0.030581839330156957,0.5291687304431634
0.03422852924856101,0.37915445586011787
0.036591038890670335,0.2994878961295147
0.0670253521510859,0.0035342937193415186
0.027961565831665147,0.644367732468803
0.03302574545032655,0.4249691279949581
0.024052276412196316,0.8127972675226782
0.03307925536336931,0.42285435579012043
0.028357905675514716,0.6266962610889366
0.01978351168634873,0.9469609236342145
0.03744594687670899,0.27392786784071765
0.038665799289253955,0.24033288907728845
0.025048004531628865,0.7720728492853387
0.03625242531650141,0.3100834630369544
0.04722453093838552,0.08533860805357012
0.043219708468405726,0.1421241859062459
0.036922183607121906,0.28938628412950074
0.036446851270667546,0.3039666279746376
0.045408794927478846,0.10814430862387893
0.02972149213282549,0.5693652391213267
0.028310604597091116,0.6288032537932365
0.02552396527251105,0.7518604908000939
0.03043395976702029,0.5359492104994411
0.029752299766775347,0.5678948243522909
0.032562530067219375,0.44357483700831674
0.04263866588952761,0.15246980856572376
0.03335330567544448,0.4121355610742597
0.02503386573711519,0.7726668136064438
0.032961248508666996,0.4275276207144573
0.0440295378510378,0.1286619349822841
0.047145277269490915,0.08624204060559093
0.035970573079979556,0.3191099692562418
0.03548330961794177,0.3351629251270826
0.03436320729050202,0.3742478239465967
0.03377808242971839,0.39589117818455444
0.025341688395371084,0.7596488453089478
0.03260946048081792,0.44166540207327326
0.03141854071723005,0.4918210982857331
0.036744739153952155,0.29476740241450794
0.028492439894671318,0.6207077211999406
0.03007046308930872,0.5528435612248335
0.026677157857023848,0.7015405973191626
0.027852910024749655,0.6492165701729815
0.03405554379991127,0.3855224473197957
0.02031367267843953,0.9348584146461555
0.03509502503799,0.3483651492956938
0.02014926024090047,0.9387659038133896
0.04746172585435543,0.08268220586437994
0.025002444565963233,0.7739853680219672
0.041582922008943424,0.1728135334328619
0.034076800239374205,0.3847359606062577
0.02860297462861082,0.6157928379460345
0.025945236350465556,0.7336638426794944
0.021181226569177147,0.911990064242708
0.022098594716111863,0.8839022956090843
0.018871534195730844,0.9643950774378154
0.022593390968111804,0.867228355868165
0.016841865698002362,0.9887359928170403
0.03776772658136865,0.2647421585000459
0.031600859959794364,0.4839133623370637
0.03155777354396583,0.48577468437487953
0.035551301767131505,0.3328886409754986
0.04718190429520652,0.08582352542828375
0.022203937711668065,0.8804374654793666
0.028168472750091378,0.6351382150985407
0.043340827928732784,0.14004095927488922
0.03480044453982889,0.3586260030174195
0.0208069461405066,0.9223136984918509
0.027014143109626798,0.6865999187761763
0.04609496791472267,0.09899327448935573
0.025971889356637634,0.7325043251060503
0.03386473342206464,0.39263253101775697
0.022250001523236307,0.8789076494036993
0.021966007935639742,0.8881955794949561
0.030608134125760647,0.5279687036752962
0.03367559736812448,0.39976935586196777
0.0182373146600463,0.9740417940808901
0.02386466602967996,0.8201838239578694
0.04681351967112446,0.0901115664073292
0.023659305627374505,0.8281497971405405
0.03314910279631211,0.4201046586941762
0.023498976348425016,0.8342778531165729
0.04033002130038332,0.1996950649796736
0.029652077197352245,0.5726867241860889
0.04272575435231207,0.15088159077088792
0.024684794195375726,0.7871986380613961
0.018017415290901173,0.9769311349537768
0.020679744827610702,0.9256654191004743
0.034948977995104435,0.3534257925466989
0.03398564856504527,0.38811645247506915
0.03332521325104065,0.41322571159058386
0.01968195929718411,0.9491140345880982
0.045458937049116466,0.10745266061462085
0.02741199465809835,0.6688884812447833
0.03245792552590865,0.44785063982261647
0.02932746069306269,0.5883730974266645
0.03735566901794507,0.27654734921846785
0.03148897117781879,0.48875651130658193
0.055429584410601196,0.026073813018407003
0.025787590522314274,0.7405030036905436
0.052459422362098385,0.04093489499102388
0.03690054306092305,0.29003862298319927
0.02923622554455574,0.5928271650106313
0.049336744193399285,0.06403751440807111
0.02363259513999194,0.8291763769773974
0.01808893559147251,0.9760164409796197
0.028563424974830665,0.617550789571168
0.015694943456150384,0.9952844880065401
0.026721485192618744,0.6995795144377361
0.02731128088664503,0.6733772848369556
0.025586189241450757,0.7491893030935257
0.02210160901071445,0.8838038092788587
0.026693192425294,0.7008313778337926
0.03185795940883257,0.4729028913971216
0.033769895483920176,0.3962000248477065
0.0208644310739739,0.9207726706752319
0.039164307687744426,0.22754644147209938
0.023049727516868512,0.8509934479596148
0.026705711910077923,0.7002775022366353
0.04412768777445486,0.12710359512117553
0.0266852189834611,0.7011840720333166
0.026120057183559614,0.7260424750627668
0.03318185754015801,0.418819389325281
0.03897531803223614,0.2323308873599554
0.03897340286673423,0.23237976372296681
0.03962578938576927,0.2161825228622165
0.04702853456273226,0.0875874561771591
0.041220321556013684,0.18027946861783903
0.030297226641425534,0.5422663191954515
0.02635738642689578,0.7156406202235752
0.028893084743165875,0.6029217627138177
0.01701978820350286,0.9873161038315552
0.048751879851447855,0.0694242503389038
0.02474703040254067,0.7846271351083014
0.027100532901088104,0.6827593986335481
0.028799000166143812,0.6070909106271727
0.024424842251930423,0.7978415500469742
0.03025453564345848,0.5442480253745113
0.04224041418151386,0.15990500710928715
0.017487944678468148,0.9829766010873517
0.048039755927652916,0.07649922389843346
0.03591508181953501,0.32090941226791625
0.031569040683853467,0.48528750047775343
0.035553263404689006,0.33282319125411236
0.038139167079029535,0.25442925912396747
0.03600189492006711,0.3180975261592945
0.027456003865982292,0.6669261836445817
0.04379046457464991,0.13252315874915496
0.0442620257319421,0.12499576501321373
0.025522833371494913,0.751909024642362
0.01626586984906292,0.9925473593092555
0.03724629866413398,0.27974582705725104
0.02683155432024592,0.6947040542730374
0.028751995696845473,0.6091757007003482
0.04755127971393752,0.08169755863705168
0.03181185135371545,0.47486537424646796
0.03796730807799531,0.25916241272784807
0.032104186758159625,0.4625126159550942
0.03821728756849785,0.252299513408973
0.028984221351298967,0.5988883952774238
0.013707611774713246,0.9994165080452937
0.03719523805086844,0.28124847778819745
0.036868337247154825,0.29101146035869463
0.028336983853693876,0.6276281220660026
0.042894764210751946,0.14783746073992712
0.02287793103455915,0.8571972962460013
0.03775947805228996,0.2649746950193087
0.02351199657550951,0.8337832705837334
0.031160343508439325,0.5031612647815822
0.03443032601359575,0.37181923346516405
0.018230937781052226,0.9741288128635481
0.03158477233920043,0.48460780258922886
0.027738119760496116,0.6543395721400226
0.028787011162417858,0.6076225431671094
0.04145903775540449,0.17533614871967232
0.03872854415052207,0.23869395603584279
0.025736020652849967,0.7427328466164633
0.05746086759061175,0.01888149403966928
0.06029766664791236,0.011799190660772108
0.02344708189440059,0.8362436088068977
0.031357754902225976,0.49447594216703755
0.028170329316966503,0.6350554338792938
0.023289726869584526,0.8421495503903929
0.028246419897217268,0.6316633777240681
0.041919208191647184,0.16611125771610363
0.016240915337414452,0.9926872626528465
0.022658748043934418,0.8649519116991135
0.029495891414301423,0.5802025419795556
0.04658695038043459,0.09283702665321837
0.028984535774094544,0.5988744893091831
0.022483125320468922,0.8710307315393997
0.02254522945793419,0.8688950985267736
0.04303333238642343,0.14537881495594804
0.01944328440295795,0.953964854796022
0.042848317726143614,0.14866904839833261
0.0327459751885561,0.4361423873762734
0.04354750825364889,0.13654339228438653
0.032974155251672244,0.427014799121639
0.028738567040891005,0.6097715228985312
0.017556005974207672,0.982269249105892
0.019954918283116893,0.9432060850612036
0.024919761369013305,0.7774454576953371
0.02230405497255633,0.8771011819137056
0.03240557661670085,0.4500007152944816
0.0292011366356828,0.5945454642241473
0.02473441735777221,0.7851489916053844
0.04245444200398152,0.15587384055009837
0.05253500164563718,0.040480189327206643
0.03861901440054005,0.24156052171409795
0.03360378169055195,0.4025025154002825
0.025548733288669245,0.7507979698800775
0.03552609367932558,0.3337305306220449
0.04977820615068562,0.060211836580203244
0.045055276590409865,0.11312598990263825
0.029280885635442344,0.5906443995302784
0.031337641161567245,0.4953564397007731
0.05354229191875248,0.034827551163040475
0.026736674704455177,0.6989071923318484
0.05903957569418106,0.014575338082628784
0.028576280030696483,0.616979315342401
0.02462979269521315,0.789463857359735
0.033289813601016044,0.4146022262611658
0.035251593809674464,0.3429975903093405
0.04150785172777688,0.17433869505731733
0.04756275839229107,0.08157206821199071
0.02825530812110183,0.6312672427901327
0.020901444393291113,0.9197718131532798
0.029891853080054653,0.5612628158281388
0.022879810427180902,0.8571300173784724
0.03201025681399461,0.4664584049320841
0.029390560140407196,0.5853042090722006
0.019187777231778447,0.9588325883932367
0.037790240840699596,0.26410823455695825
0.018763047209800265,0.9661866166693084
0.025592485501945428,0.7489186740049358
0.017223940415656558,0.9855342385247872
0.03885338137657646,0.23545856598382808
0.021598871174066114,0.8996789797211486
0.02954341643430264,0.5779093904077363
0.028967933476913066,0.5996088469945258
0.01725459187587658,0.9852521889771864
0.017184734441629268,0.9858894151993042
0.017027821639501006,0.9872491139290711
0.02832801817442221,0.6280274972067257
0.026205380616419152,0.7223097779917533
0.025147767996100412,0.7678706658268497
0.038759409778910126,0.2378908696210496
0.021969436692590327,0.8880855135019864
0.03315918633597742,0.419708703672378
0.0285790867901059,0.6168545500167726
0.04339394282638476,0.13913524684299897
0.03959607992756456,0.21690061299943933
0.03264064956485058,0.4403994716308216
0.03612794256381968,0.3140468146213237
0.028132906074507857,0.6367242155370927
0.03354879204370609,0.40460398084230687
0.02597129890147684,0.732530022135101
0.03449206817264128,0.36959498290562065
0.023182030031407785,0.8461431243415588
0.018082456981004413,0.9761002858139655
0.047322588001434907,0.0842318625440273
0.0349323414545073,0.35400556265141203
0.06182540917459389,0.009074392030469532
0.029349373335749884,0.5873062831044132
0.04758444734906275,0.08133539794234579
0.02762128118508056,0.6595534844086341
0.024859785466264855,0.7799463782204967
0.05131584553732632,0.048377674939388146
0.026109518344262672,0.7265029535235938
0.03301837132973878,0.425261121958437
0.02431937811397189,0.8021121495550567
0.02980747092397762,0.5652672910464251
0.0255303272962345,0.7515876605778677
0.0480603087325836,0.07628678511899109
0.030914756163646473,0.514100996451032
0.025161139616209804,0.7673059729644717
0.018718113599966862,0.9669113443910506
0.02226409326560086,0.8784378760669449
0.05007616766351897,0.05774189699490626
0.0315950075666922,0.48416591288366806
0.029380976902377065,0.5857696848983547
0.02674149573433371,0.6986937688295074
0.03659197469127873,0.29945898802171766
0.0431175109410501,0.1439014388890549
0.023755969697107915,0.8244161489738957
0.052827899277011925,0.03875937011455622
0.035566044992330514,0.3323969627957269
0.034825323540644826,0.35775121860387304
0.054944282953776735,0.028115589494780314
0.01800637247989406,0.9770702338116962
0.04511329503308281,0.11229564622031281
0.023658310089648693,0.8281880992772803
0.017144197535159722,0.9862501019274723
0.02293448909324692,0.8551668705292906
0.049281443938903546,0.06453107639101911
0.030613862048579132,0.527707521571786
0.038701957341023774,0.23938737301975688
0.028811842028547585,0.6065215491976561
0.02414998539675317,0.8089108894867552
0.02929599054876736,0.5899072197860578
0.06126370780786017,0.010001747110552874
0.023068139553344857,0.850322183342647
0.032236509166367666,0.45699143368031747
0.024149888557187915,0.8089147542757336
0.023062626048070717,0.8505233221035985
0.07139801799170076,0.0015078010324320581
0.020608896377210306,0.9274972726063043
0.03127636047208471,0.49804525397487315
0.02257567923162862,0.8678423795687534
0.023495373871960268,0.8344145984929427
0.03234333166254799,0.45256615471842104
0.02947001276351835,0.5814535010879958
0.050537556836459996,0.05408902303230447
0.03652407652872236,0.30156178964908115
0.05929550226711555,0.01396714796362752
0.023068539347859907,0.8503075941542476
0.02136069253263112,0.9068002809764949
0.04300336859723547,0.1459076467616822
0.0278043914948706,0.6513819148165247
0.039642619714168326,0.2157765450460548
0.037604392994967206,0.2693753913934685
0.04558653953676001,0.10570906495568091
0.023030682014519965,0.8516865224176778
0.04534940984679686,0.10896821789042144
0.039591568434728774,0.21700981910716807
0.035235907917188225,0.34353265620795814
0.034394116283007314,0.3731280495090969
0.026472651224343058,0.7105683383525582
0.01856447349847523,0.9693133614141434
0.04479911230619016,0.11685296228474665
0.03654665821022929,0.3008612344183115
0.03143895196768298,0.4909316893690533
0.01866344029324385,0.9677795595610905
0.033190871054050164,0.41846617601244224
0.028113204423960647,0.6376028677215813
0.03301184229607457,0.4255197662238133
0.021901493368497782,0.8902569554040488
0.018812995104343866,0.9653691363950878
0.02483052376191769,0.781163770425535
0.03636724842899486,0.3064602155314416
0.031108528194366714,0.5054569542204526
0.027684612006116938,0.6567274732654195
0.02618001675658349,0.7234202321366454
0.03481673748126918,0.3580529466417008
0.03232618429332901,0.45327458841533297
0.03637046266514976,0.30635923870080056
0.048113075784549486,0.07574365835093506
0.024764396090119656,0.7839080602203606
0.034722387655367254,0.36138044201755076
0.03304953969685265,0.42402786999926995
0.0232200669132393,0.8447372417528068
0.019764553600991608,0.9473669134297916
0.07207505258966984,0.0013151348266569397
0.01994628703087231,0.9433987818019717
0.042887584839249315,0.14796575565928222
0.031934190124183304,0.46966994142426954
0.02790530280122283,0.6468784109436635
0.02754707055467681,0.662864415621601
0.03275961282954998,0.43559320395881734
0.031126859203411406,0.5046440338834338
0.044122900289715106,0.127179246708475
0.027715908310376625,0.6553308250951846
0.015355624763773529,0.9964990996144769
0.04180016178859003,0.16845974250513926
0.040002883463113925,0.20722735854215335
0.028740650141000912,0.6096790905632398
0.03444355799493226,0.37134176354927734
0.028014249234578514,0.6420170715633613
0.02790437301598722,0.6469199036486288
0.030916540469497544,0.5140209760112925
0.021531038697374494,0.9017338985774798
0.023417566916988652,0.8373576853206703
0.030318693609660247,0.5412715110120316
0.02976387794268731,0.5673428027905965
0.03268033059919906,0.438792376350126
0.04563362978821517,0.1050715693361788
0.040249802539910506,0.2015219603123614
0.03303120805149662,0.4247529122324731
0.02912078138262686,0.5928550710217564
0.023683984004084765,0.8271993389119433
0.0360667318378603,0.31600917899924624
0.028080615270818843,0.6390564330584922
0.02183666314243582,0.8923099450280759
0.022813741520897046,0.859487216870749
0.033557857977143724,0.40425700236427853
0.02482501844566598,0.7813926048332747
0.02453686300748953,0.7932750587450516
0.030976096469124137,0.5113545949822443
0.03005707274187458,0.5534720635159506
0.05451770948912743,0.030025493110616582
0.04415752059216771,0.12663300780572748
0.020108406207640594,0.9397154052909636
0.03392243387232685,0.39047294668860955
0.02817688751051317,0.6347630210800075
0.033739188033837075,0.3973599243795201
0.038609099997009066,0.24182128859024224
0.03569477459613035,0.32812614320849065
0.048934496827541446,0.06770234272255374
0.03558969268124629,0.3316094198804969
0.02540465372378825,0.7569647916567233
0.02036202588956726,0.9336829997295962
0.03563666679998845,0.33004902822323734
0.04552214602991245,0.10658599913618852
0.023479658547471582,0.8350106377347997
0.03842832957068454,0.24661362429001077
0.025347328031504468,0.7594087221350957
0.02040563442826171,0.9326127330320882
0.03721644932508916,0.2806235277548228
0.04087905070837505,0.18753742127252315
0.014476608154416593,0.9985425013117923
0.04848748440390982,0.07198320313158128
0.02440721484127978,0.7985573024634744
0.03098724146423032,0.5108565969309132
0.018190826992250497,0.9746717103192778
0.05877246439839057,0.015235376931008354
0.03323470408922008,0.4167513761901375
0.031971263781201686,0.4681028868354772
0.05264097574752452,0.03985003656633048
0.0263941045299938,0.7140261709084358
0.031512493344598935,0.4877357582590426
0.028945751434956257,0.600590287926234
0.03212068159605064,0.46182197879661563
0.05256200183409715,0.04031881935964026
0.03616895038718004,0.31273712168503054
0.019961868593454002,0.9430506373457509
0.04181752423625151,0.16811558460593226
0.033315846145394734,0.413589647384929
0.033535166183352505,0.4051258650800324
0.0440373313776824,0.1285376278472877
0.0314516861667542,0.4903773285739611
0.03715838087056511,0.28233686963269855
0.01989379136924596,0.9445625079485926
0.03201231736003929,0.46637160960416646
0.028697439310750306,0.6115969287472236
0.027730871657954265,0.6546630428979587
0.022626023970064524,0.866093812127114
0.025429121174851188,0.7559199739292226
0.0528452958183091,0.03865920234491118
0.02883348737416125,0.6055620863666387
0.028856867430931965,0.6045260353849969
0.02858386564666704,0.6166421296639459
0.025004793715050933,0.7738868574416555
0.032106724387328145,0.4624063214516048
0.030270341602917195,0.5435137971741791
0.028112848254527645,0.6376187528124345
0.0358163599211227,0.3241289190089274
0.027364984375380152,0.6709840716329809
0.021105951999399908,0.9141210315667624
0.03438835053143241,0.37333675316667647
0.02388686293995662,0.8193152125325792
0.0345982877223463,0.365790384612681
0.03901494626184962,0.2313213170541185
0.021924073214590056,0.8895375592916787
0.030699650487601315,0.5238053967126007
0.03994491590990529,0.20858485118444228
0.030922356427594555,0.5137602034264297
0.06524962956080627,0.0049188557443584704
0.03795680408359059,0.25945384420391765
0.02644446879846285,0.711809651483135
0.031340213892749935,0.49524375995470465
0.03471341524061938,0.3616980135300643
0.04042202007282583,0.19761588030311172
0.025650777998077468,0.7464102161090023
0.03606406106459403,0.3160950047633513
0.03346358925812243,0.4078749230887127
0.024045994802026183,0.8130462116945546
0.028427442169950523,0.6236001508173921
0.025760010902610486,0.7416959965960394
0.027970456055121162,0.6439710414011004
0.01861844922782302,0.968482858853758
0.04456117227589729,0.12040482926208518
0.021655773612278995,0.8979389050227646
0.027867792472387964,0.6485523904973812
0.022603547379065392,0.8668756991532532
0.021138200969899656,0.9132114262358784
0.030478539126027937,0.5338995339813023
0.028453263461212797,0.6224508980877701
0.01762551914038668,0.981526008549728
0.03284094652070313,0.43232757215051926
0.037222219278891466,0.2804537061545115
0.035562410134847955,0.332518134557324
0.023921077243078903,0.8179735041585988
0.033565980209136814,0.4039463156375358
0.037945429976322165,0.259769695737239
0.029652970401899514,0.5726439108923018
0.023934482296903203,0.8174468967834889
0.03931464049511568,0.22379507595368145
0.02763242893769377,0.6590560655389457
0.03798364705879567,0.25870958195755916
0.04182106796433144,0.1680454099172471
0.0436978977807676,0.13404334282267338
0.0299805726035281,0.5570711061984536
0.04260794349995606,0.1530332906240929
0.02867587567404889,0.612554352309552
0.028335132665335216,0.6277105809759199
0.02225479034552294,0.8787480985266533
0.039774714187211624,0.21261068330606733
0.04530618852064172,0.10957113314286401
0.024602799255761865,0.7905730048648455
0.02465631187404338,0.7883725445079415
0.03781146785389061,0.26351160223258097
0.03596623536715615,0.3192503654925459
0.048951084699432545,0.0675477531377664
0.034226609951162335,0.37922470384748974
0.027013334631652564,0.6866358430720461
0.016028043221184007,0.9938024815198586
0.05051946575818256,0.0542284115891182
0.052849546914290224,0.03863475929361927
0.033610099089230516,0.4022615735506276
0.05297332697969204,0.03792893765569411
0.0262348262510389,0.7210197454738483
0.0256135021243441,0.748014881857002
0.05841937964096511,0.01614897493811421
0.021436883547370833,0.9045509702593921
0.022342879550668215,0.8757961845015243
0.03902141884906535,0.23115674173244657
0.022880432098311226,0.8571077597717249
0.02390021340541204,0.8187920834438114
0.04046937793934363,0.19655222096995947
0.04040274339922689,0.19805012481326298
0.02285835309060169,0.8578973663600242
0.053126549629103126,0.03707085164219803
0.020237585580434148,0.9366838946225202
0.02288303153530785,0.857014676865758
0.032791115902226,0.43432636196454666
0.03458423600024829,0.36629210109864374
0.02163994901142996,0.8984243043791622
0.023416980718155456,0.8373797828855263
0.043359021319688995,0.13973018914414956
0.025230487028350512,0.7643719852715836
0.02130976271524354,0.9082886017700829
0.033851652581856406,0.39312326255383034
0.04505976609773632,0.1130615568750946
0.04911478207745634,0.06603825228866614
0.03123475415220589,0.4998761303721663
0.03782511779820141,0.26312847680552026
0.02540742382604133,0.7568465527155408
0.04188617507811887,0.16676028069980578
0.03637582212325552,0.3061909229117392
0.020750902610935817,0.923800341889075
0.056490343936293264,0.022061525037693038
0.03682914415029359,0.2921986181649255
0.03332144923901284,0.41337192671388
0.025591443378744805,0.7489634713372098
0.0349533818616754,0.35327243444234213
0.026313883902716828,0.7175516731337495
0.01967693419901964,0.9492191942872621
0.01781282026041775,0.9794168477547136
0.03369748048421073,0.39893907717032157
0.025313017949867622,0.7608687042267841
0.020325624374463336,0.9345689884295317
0.04295549303949231,0.14675583177399115
0.019149180671415578,0.9595387787416806
0.02154090278644205,0.9014363924318793
0.033511451725625196,0.40603525462986806
0.03476074630266124,0.36002499287881257
0.025101514672205227,0.7698213331395629
0.021618477996946217,0.8990810741074293
0.03460487942735857,0.3655551950290169
0.02533480121770859,0.7599420104188038
0.031535619269330295,0.4867335426901587
0.022696593495865724,0.8636261023474853
0.04044130958585823,0.19718209388454727
0.03389175294809288,0.39162022945622593
0.030930641383053015,0.5133888717507195
0.05705328724569375,0.020163472284632382
0.05435160721416793,0.03079954742143752
0.032361883357007015,0.4518005296757892
0.032829132680476325,0.43280088410472856
0.01844360888131935,0.9711209724974726
0.030549518262732445,0.5306461094495479
0.026567544200721466,0.7063836255994784
0.03300328003492403,0.4258591170408523
0.026100074365384307,0.7269154846463506
0.041392323608252846,0.17670669593311256
0.050047967876735155,0.057971870066652484
0.0475449412155754,0.08176692389872708
0.04572592300782219,0.10383138292545097
0.03297196940063657,0.42710161993875445
0.022090339822117763,0.8841718093442176
0.03128904934085086,0.4974877384974586
0.03780138820884116,0.2637947863561824
0.029445139839653245,0.5826573552327465
0.02355302638440887,0.8322211402046232
0.02912221283671046,0.5927918975446236
0.02145140337389337,0.9041192336917395
0.02313300688807063,0.847947595280436
0.04782529246672995,0.07874600267475632
0.024131393763903275,0.8096523976816252
0.026185229263616133,0.7231920811265005
0.030442712720724185,0.5355463813250368
0.028636361491073486,0.6143093763795577
0.028221577298448874,0.6327706847538705
0.03423510260759827,0.3789139340243362
0.031010988417392138,0.5097965236168308
0.01981680705322586,0.9462434104052626
0.04628975415202374,0.09651635880530676
0.02280359530975007,0.8598477558750999
0.03636377853348338,0.3065692514178658
0.031612599020804585,0.4834070393361214
0.05365635964469512,0.03423323673437554
0.028482073983318146,0.6211688996436688
0.029648791895735216,0.5728442125694448
0.026974279901188114,0.688370818074555
0.046536716904747366,0.09345055194578043
0.044892999941406386,0.11547540154296038
0.051685075282673465,0.04585583064718293
0.029181034507977544,0.5901972557136294
0.026431539967902595,0.7123788697584856
0.03598039883370188,0.318792110869607
0.03667614873505143,0.29686714048986823
0.019399066381574362,0.954831286387147
0.02858474404445055,0.6166030859655101
0.03325684382254823,0.41588706517404433
0.021602265463263617,0.8995755976216019
0.05410037641724985,0.03200367740542569
0.03358239141067976,0.40331906506380527
0.041937035910818654,0.16576182422991229
0.02063577474533218,0.9268052646998934
0.025740342161549412,0.7425461335294758
0.048849343761943,0.06850067520207162
0.03763209815857549,0.26858523092001585
0.027215183842606322,0.6776574177346906
0.026626191549585093,0.7037935912630637
0.030968949976870608,0.511674087383492
0.028362827318687667,0.6264770709666192
0.028270607366552625,0.6305854281357729
0.017115365463257537,0.9865026222646172
0.02215372703177204,0.8820948194306002
0.026766949488489122,0.6975666834465284
0.04079701222510301,0.18931607402060988
0.04325988067492681,0.14143046635018353
0.03631248096220019,0.3081845146514378
0.02576605995621517,0.7414344289145973
0.03571394550958318,0.32749352605460247
0.02264257838407302,0.8655166718215664
0.025755250497365156,0.7419018051012012
0.028496352598540414,0.6205336565199472
0.035073354333550855,0.34911277148872966
0.04826024926629158,0.07424609311325352
0.032772097026526725,0.4350908767804095
0.04688949016597482,0.08921284990313062
0.030527293340118333,0.5316634883696668
0.0265427393739594,0.7074782379689629
0.02499378637372618,0.7743483490935656
0.027028188216961457,0.6859757792531334
0.029862896929608862,0.5626350291105479
0.04050539404560788,0.19574630778331256
0.024673246603459154,0.7876747995021893
0.04979193104687596,0.060096106478010766
0.028890418123825534,0.6030398555768498
0.034252144134496953,0.3782908746303674
0.02914947345751101,0.591589106044067
0.033011767779715984,0.42552271876478226
0.03678890143824731,0.29342129300230524
0.045777982143588525,0.10313722085037251
0.036632074225985245,0.2982221908195431
0.038899708951377954,0.23426648399394512
0.04269046180179403,0.15152360024052752
0.02743922821832645,0.667674233845382
0.02455612758466924,0.7924866710085946
0.02647778774106946,0.7103420207101139
0.04215663808584924,0.1615055010510308
0.018312273111313504,0.973004285798718
0.026146476642588956,0.7248875584818701
0.015474230581883797,0.9961058887950516
0.03727227544349665,0.27898366355801246
0.03764334213963694,0.2682650456973908
0.022827241526917452,0.8590068996250282
0.034443099150249235,0.371358313531236
0.024271438303161086,0.8040439535107508
0.02814519281647243,0.6361762914914239
0.025992528956025884,0.7316057999769808
0.024425390008986275,0.7978192961871848
0.024384364670400616,0.7994839605170923
0.035202437482142135,0.3446763730083592
0.02845326160353423,0.6224509807602541
0.0505133020622629,0.05427597237356763
0.026810528737585215,0.6956359931462666
0.0502427533370306,0.0563992906906971
0.022530367699509557,0.8694075661167204
0.029419603389255533,0.5838948641569114
0.03706319824112886,0.2851621090559156
0.028558839987487095,0.6177546337589037
0.02552477681994414,0.7518256918645685
0.04036554137814108,0.19889028603872977
0.04063942373001375,0.19276995635389985
0.03112015787234701,0.5049411194361523
0.01934791722956225,0.9558209725113862
0.037173198871807256,0.2818989180515938
0.023166716064442316,0.8467077170187822
0.04692971795516432,0.08874001594375865
0.021615575368354123,0.8991697000458793
0.031957551392575834,0.46868209161280616
0.0439185155553915,0.13044344160426516
0.03561092989783665,0.3309033015527442
0.027287842798930317,0.674421494627776
0.020537378069085954,0.9293209138908944
0.018286097814476987,0.9733696504347129
0.024492344704786617,0.7950935112716657
0.024678264014925233,0.7874679455605993
0.03182142535051935,0.4744574429284846
0.025213099062665056,0.7651084869739451
0.029164227005462506,0.5909383785791744
0.04154668845724524,0.17354834011594564
0.025958816869632417,0.7330731459204138
0.033863833891360495,0.39266626358278134
0.04659260717491087,0.09276814919192755
0.03518077070623027,0.3454181984670579
0.03560740147356217,0.33102054324024943
0.0329324797691245,0.4286721815458198
0.039687191997406,0.21470423656122528
0.025060478707398692,0.7715484847357346
0.026657946769485907,0.7023900652155959
0.031001674982081062,0.5102121127015479
0.020955718687450678,0.918292043501641
0.029736321393984744,0.5686571688251055
0.03541982545047845,0.3372964985381394
0.02867535935725113,0.6125772795926818
0.02667917628905625,0.7014513311659987
0.05283294864903987,0.03873027295881589
0.023125496451785632,0.848223294704467
0.023617552826832866,0.829753521003883
0.019024873802337194,0.9617614745259717
0.020308349629521494,0.9349870852531521
0.027256153125632898,0.6758330436535738
0.030099802926967567,0.5514679634709347
0.03148644046474855,0.4888664145606229
0.05671755620943231,0.021277116998385272
0.023928504551020996,0.8176817924557586
0.0381427774475418,0.25433053297962593
0.0370175633143921,0.2865240861489363
0.030200092355890384,0.5467817287554856
0.031868584915530795,0.4724513931933702
0.03293906290713822,0.42841008982594353
0.03026387427210775,0.5438141478416807
0.02329035658328632,0.8421260821192595
0.03174589632145375,0.4776818150574071
0.025621573584273194,0.7476675984614544
0.024993916328987287,0.7743429020487401
0.030085126982927757,0.5521557829663113
0.030447797518423886,0.5353124546024282
0.017728019903103784,0.9803911940354011
0.020332236571197107,0.9344085528968762
0.038876210670392375,0.2348705525590761
0.06120325176676633,0.01010650894493479
0.03896138253941639,0.2326867111012215
0.027378376694203954,0.6703871370277104
0.04492611838711258,0.11499267886033221
0.029812218171220706,0.5650415464256356
0.04555605359493342,0.1061234845762312
0.03190095371001633,0.4710777171139529
0.025823458888498824,0.7389498771197862
0.04296176039811744,0.1466445701985853
0.027719031553779458,0.6551914422861913
0.022104119379248277,0.8837217580963168
0.03310577088189559,0.42180908071976964
0.02672193732406014,0.6995595044307193
0.028622260217415985,0.6149358673183176
0.044671116961141455,0.11875274460366704
0.036823108557369144,0.29238175402175753
0.040375753438999684,0.19865938192873836
0.02003089457233198,0.9414933385313555
0.018123773273168803,0.9755621892704043
0.03958330167397622,0.217210036510835
0.04654181811593455,0.09338809409343007
0.032582300387704266,0.4427697805745789
0.04044680609879786,0.1970586239616529
0.02542575528160307,0.7560637655175199
0.036034978800377926,0.3170306681329156
0.052599014471818306,0.040098520112377946
0.05504571404110692,0.027677543096407325
0.01560100855800195,0.9956488378776065
0.052205437704657964,0.04249569348299847
0.03063528981171698,0.5267311731200688
0.03457534813812213,0.36660969250357284
0.027582569919119004,0.6612806913917693
0.03169591880512537,0.4798232000280886
0.04790548259850669,0.07789946431357556
0.03509938278353131,0.3482149486012982
0.030924952205055256,0.5136438424360048
0.03484157478913463,0.3571806171982355
0.025275143363067798,0.7624779370410816
0.03444669183200294,0.3712287436342114
0.043629063246262256,0.13518296900172658
0.040127101636382445,0.20434158958325918
0.028231019627198872,0.6323497940076419
0.017074639861643925,0.9868536614439455
0.03266368354675764,0.4394661084571576
0.024084454177145054,0.8115203128974169
0.02496046098046445,0.7757440374315674
0.03142529948150219,0.4915264741465861
0.032694343780993895,0.438225777934076
0.022801267912862883,0.8599304034461099
0.015056542709994833,0.9973546641083718
0.055037536884403326,0.02771263279860748
0.03579977933580725,0.3246719320324754
0.03912406043810143,0.22855892975465036
0.022259758980970545,0.8785824554717255
0.03344140713765342,0.40872946165156593
0.019220770670724974,0.9582228702662611
0.040996132247067885,0.1850218630195355
0.0438400351437469,0.13171488146071475
0.03482870663016113,0.35763238089815347
0.02048408416527603,0.9306631080538188
0.021267676595638774,0.9095092200968522
0.03918197211181618,0.22710315434835862
0.023810760033526307,0.8222871987726272
0.04168896025933877,0.17067732093177035
0.04111223763427946,0.18255366799993944
0.03761191679782616,0.26916063770563037
0.041020180154322405,0.1845084947140885
0.0380480315991239,0.25693099674419867
0.024614028137786348,0.7901118226286192
0.03232763495975571,0.45321462651381156
0.02182124480044051,0.8927954563896172
0.03733430366628365,0.2771700109752577
0.06278536713061716,0.007668401128321882
0.05105158778576169,0.050255455276686234
0.03097779287072444,0.5112787738936221
0.029389972416667756,0.5853327496018442
0.03612222383790875,0.3142297747334349
0.02384860706972669,0.8208113373276835
0.0320523224207232,0.46468859783456756
0.03286317760978169,0.43143784690923437
0.04988068810946178,0.05935228903528171
0.023167245539402748,0.8466882101578934
0.03086029433277193,0.5165472209581432
0.02607470251700554,0.7280232600383538
0.02525825341677554,0.7631947323580092
0.037604140461299784,0.2693826017512959
0.04516809194815413,0.11151603790729352
0.02901434930571506,0.5975562239816449
0.019405522275562734,0.9547054139792381
0.026143768812021184,0.7250059667287992
0.037414410603366255,0.27484079901218617
0.03869721367576373,0.23951125537900605
0.037713356872907056,0.26627774231256096
0.036271838211704044,0.30946869686166495
0.03244612258364957,0.44833481247399765
0.043370113337025895,0.13954099591552657
0.04197457669116467,0.1650279240627358
0.04772295610191457,0.07983761170599704
0.02920150082520301,0.5945276148934678
0.02674775500154558,0.6984166514952121
0.02457990514947217,0.7915123708672676
0.0364643955502153,0.30341905654196877
0.03613207681418662,0.31391459530814697
0.02537584285323513,0.7581937761769929
0.025902917660348357,0.735503008028003
0.036118866542600686,0.31433722144251425
0.021734729780207518,0.895500042195808
0.051257606246434495,0.04878621654775628
0.034086804296283024,0.38436619819074047
0.022340179875277477,0.8758871290577134
0.06555050608802454,0.004653829698706044
0.038271078945163656,0.2508409127293627
0.035117099893297254,0.3476047597135396
0.04718842908003884,0.08574915012201315
0.02645219659756537,0.7114693466849775
0.028531239959493915,0.6189818968157598
0.0258646838068598,0.7371626260933257
0.031955946125077905,0.4687499280386525
0.03414289184226238,0.3822977176962112
0.04057922837550765,0.1941022641738375
0.036858990651616755,0.29129424371399537
0.032771941257690784,0.4350971420587064
0.022775689450309597,0.8608373587127556
0.02767547830581696,0.6571350673614502
0.027363842007942396,0.6710349880287148
0.032010695419662394,0.46643992888161245
0.053906259840699744,0.03296220431875183
0.02277356641129824,0.8609125251069247
0.029030182149706485,0.5968563845340249
0.028176439175345958,0.6347830108741681
0.021816663712668216,0.8929395072528281
0.026545806051732596,0.707342936204581
0.021379803736223835,0.9062386396782673
0.04279253825251195,0.1496727228142566
0.02917749873846298,0.5903531470740282
0.04383389247079128,0.1318148224889017
0.03421752456096405,0.37955736066110213
0.04079613701385135,0.18933512061126231
0.016017721696238163,0.9938530941864506
0.04031486244631255,0.20003929446542193
0.04591243740707174,0.10136220799748714
0.043533114440283516,0.13678464867812382
0.03361348956032428,0.4021323039159207
0.029973025110338725,0.557426957685998
0.0373801330205511,0.27583566583761093
0.017469395983730096,0.9831659127953825
0.034984287995199925,0.3521975060963576
0.026003744207225454,0.731117331992274
0.03238349525784456,0.4509096951171775
0.0274313455882661,0.6680257099574893
0.022072768510103757,0.8847445213695346
0.03500112640266828,0.35161283998377485
0.021128736056058806,0.9134789107298507
0.024836390496263627,0.78091984107303
0.048986869095163144,0.06721528697881221
0.030011601933566445,0.5556095792459655
0.03932329907431037,0.2235804738169662
0.03713073314750226,0.28315536218445975
0.03845101998097944,0.24600815092257167
0.030366713938485668,0.5390502661847683
0.030967562826772044,0.5117361162123454
0.04152125685625885,0.17406556850051869
0.019352609319891467,0.9557307459756298
0.04250778434431973,0.15488197153657718
0.03302077754802468,0.4251658277140655
0.015877468467881073,0.994510437529718
0.027985699838962375,0.6432908671385743
0.02863220702238889,0.6144939411782464
0.019064396084653823,0.9610633307067467
0.026815618896670584,0.6954104027023004
0.03297215629932393,0.42709419595784925
0.040681919236101205,0.19183373671781975
0.03890462641960046,0.234140221835236
0.04149220188411862,0.17465798805128982
0.021867614799807387,0.8913321141903442
0.04257785824091509,0.15358671088970735
0.016662954213125164,0.9900442746377385
0.02074702257639921,0.9239026889944747
0.022758708813815254,0.861438078643638
0.03794901119105376,0.259670216452865
0.039366961550613366,0.2225007214970563
0.022983283814719035,0.8534056575758444
0.026576101276985897,0.7060058928230263
0.02052055226452476,0.9297462148988712
0.04110060878994459,0.1827996971359713
0.0466845547053909,0.09165457503376705
0.034801893490959246,0.3585750140933503
0.02128878605552087,0.9088980355511944
0.024181732330693345,0.8076425233392124
0.0373429741262582,0.27691719705942935
0.03185608537807716,0.47298255178759296
0.027699883732715036,0.6560459551436667
0.043253570667506624,0.14153924947269583
0.023195351457111102,0.8456513246431567
0.02417363384931248,0.8079663363138063
0.026924884628791557,0.6905639920876478
0.02287281389844481,0.8573804136579251
0.03182743167065194,0.47420164080737737
0.028494881358790636,0.6205991069251258
0.027587256094753543,0.6610716150221584
0.021078434141539204,0.9148932219928221
0.04296475598476046,0.14659141499822465
0.017826714988255096,0.9792541023178931
0.02229597438445685,0.8773720078293308
0.045293855743279265,0.10974367444717598
0.024373951534233662,0.7999058137286379
0.05035517260041322,0.05550848353281338
0.032675048649511096,0.4390060700614598
0.0372961136306621,0.2782856106284853
0.030279945337400305,0.543067976707947
0.03576265283198721,0.3258902127808735
0.03293909537187922,0.4284087975889779
0.04590719399153287,0.10143094959726022
0.028036502287333162,0.6410242740844392
0.022390000135698918,0.874204001037626
0.014747974007185236,0.9980559339083891
0.04603212887224328,0.09980355574129456
0.031200739256333487,0.501376139975511
0.04430948573961799,0.12425797534130553
0.032762127511002936,0.4354919892909356
0.031746355414750904,0.47766217316428744
0.04237506554101647,0.1573592437065885
0.03040091624286423,0.5374716351268183
0.03620921642214414,0.311455005424551
0.04572185727474265,0.10388575885569881
0.017721745261445987,0.9804620053513663
0.027123972129915908,0.6817167959787933
0.030418564491297095,0.5366581888942668
0.024307347539644586,0.802597500474545
0.041330010228074254,0.1779945028654158
0.028249187471304893,0.6315400288046465
0.022400689395150303,0.8738415507597281
0.038145533498575634,0.25425518782145434
0.02060541857945697,0.9275865470450108
0.027828539057947688,0.6503042221958228
0.024749003712528805,0.7845454585178637
0.022350042708450646,0.8755547321964323
0.0445177276660339,0.12106283561973602
0.039851347827792705,0.21079063700119519
0.020659929404964528,0.9261802949610761
0.05069829526122821,0.052864055575458084
0.042168646285443145,0.16127530652752362
0.021929205059791235,0.8893737456559311
0.03490738784070574,0.35487644339740976
0.0429444090052119,0.14695276865545814
0.045987673092061615,0.10038012361384097
0.0472201037279191,0.08538886415650837
0.023291848159911366,0.8420704883996188
0.03150591473724462,0.48802110064347215
0.03236898193629212,0.45150780012624037
0.03304624760443098,0.424158015063727
0.028529263438565378,0.619069797266421
0.04119931553950856,0.18071969189773773
0.021421298256523946,0.9050132920537923
0.03357621910883202,0.4035548972678216
0.02971003420620935,0.5699126975152938
0.025453269222171948,0.7548878075808833
0.023698251688700933,0.8266489735490798
0.038995519109390475,0.23181582217561036
0.02848698970028518,0.6209501945204504
0.025453226891424596,0.7548896177873139
0.03023337626351552,0.5452318892806453
0.028351500784014383,0.6269815209397768
0.036014273096309224,0.3176980607804393
0.05069209562031174,0.05291085500845266
0.027872432195096608,0.6483453289656063
0.03195623107500667,0.4687378859718275
0.029201850523980943,0.5945104760664279
0.026229721108770754,0.7212434716499168
0.02888201487152231,0.6034120270144423
0.033930485730148896,0.39017224205686335
0.030555913109232336,0.530353600649645
0.03314903010510095,0.42010751401461954
0.030363224323349702,0.5392114928465792
0.03542547942521729,0.33710608482791193
0.021586948800392913,0.9000416887205429
0.021340369528193737,0.9073956478098958
0.04125819731482955,0.17948785268765127
0.05698704470383059,0.020379000007962715
0.0351949529205797,0.34493249990903524
0.03039951330335544,0.5375363324130095
0.055028199010516976,0.027752751386259877
0.03193209294330773,0.4697586890169315
0.029719286961323255,0.5694705773573674
0.029607525584326444,0.5748246184645145
0.031926799762042435,0.46998273238814503
0.026745875110741835,0.6984998829928168
0.024536214593253614,0.7933015790969254
0.02420996354010785,0.806512335366117
0.02438430718579887,0.7994862900663996
0.02174183249369087,0.8952792665095036
0.021743744435278434,0.895219798278323
0.027586677888079114,0.6610974121956439
0.020235055385434353,0.9367440914862001
0.030857517495451292,0.516672142563362
0.025677147904507258,0.7452737662984035
0.03777298723592892,0.26459393418192617
0.050069258443415365,0.057798170040272406
0.018349134739550965,0.9724841499528338
0.04085231816018464,0.18811554897038105
0.034839016185887,0.35727041006438587
0.023062476200000848,0.8505287872028964
0.03118292818427884,0.502162728572815
0.0316453718720775,0.48199531484205643
0.025414465446261636,0.7565459297676338
0.05160048560405178,0.0464232852386902
0.02939583989484508,0.5850478552243054
0.02208095973242752,0.8844777049861257
0.02143434647868514,0.9046263071684727
0.061026235452825595,0.010418990133941134
0.05469941835535441,0.029198380780809205
0.025086055110754568,0.7704723939740603
0.03962768201356548,0.21613683975128675
0.04633856022652627,0.09590390803435474
0.026563877689604443,0.7065454571065706
0.03659147092138809,0.2994745498787966
0.02540305283678368,0.7570331179028742
0.02772887250638971,0.6547522613354355
0.0603535439539572,0.011687769274299353
0.03781233892800068,0.26348714045938054
0.026085600834168665,0.7275475146691133
0.02210347218201003,0.8837429142626936
0.0458124561201646,0.10267966731716498
0.04030230940271573,0.2003247021753674
0.025907589968613615,0.7353000645003116
0.029661937637499636,0.5722141976404189
0.04640414799690229,0.09508598421016763
0.0475536755467319,0.08167135280495309
0.022458385581848372,0.8718771703037841
0.03220699951656658,0.4582189406476028
0.04787310602311279,0.07824032125210686
0.022669616872613818,0.8645717220054876
0.029932786503735653,0.5593264726597779
0.05048785937736977,0.05447267552726039
0.01927322909871479,0.9572419486920467
0.03191175500710819,0.47061991039602524
0.024309558511288853,0.8025083310847365
0.050653049849923415,0.05320642273084415
0.016987895092519967,0.9875795738059108
0.04511993319279678,0.11220096455651823
0.037310231796491844,0.27787280382441837
0.019675298792912965,0.94925339014211
0.03901993783510255,0.23119439081625826
0.022227554097593916,0.879654258768692
0.05803382378019262,0.017202388664921367
0.02045969175927842,0.9312726416961495
0.02975232500049363,0.5678936209131218
0.018982472226589664,0.9625016454833453
0.03198296310175652,0.46760908417601593
0.04141004943235971,0.17634171725910974
0.04696624766739521,0.08831247269991248
0.026045615417563672,0.7292923118210519
0.03445998474503165,0.37074961166127524
0.030718545769551242,0.5229483719540157
0.02223134717678099,0.8795282478612223
0.03006319499447213,0.5531846494306677
0.021296366596210037,0.9086780391624532
0.03425235650709446,0.3782831145481882
0.021518349141217863,0.9021159611262638
0.02438954092654788,0.7992741597625838
0.044781876365914575,0.11710732042350332
0.052265781504635234,0.042120250343759144
0.030883995375849516,0.5154817569279642
0.06109972847352707,0.010288209235027044
0.03459333447660656,0.36596718480909773
0.023335040893425862,0.8404573339393516
0.01898419593997236,0.9624717340713322
0.02634869918916105,0.7160223969110325
0.025576152210925907,0.7496205920011718
0.024278537370628683,0.8037582643336202
0.04159269759131046,0.17261571181036875
0.0404267601614548,0.19750921499147514
0.038764067303934335,0.23776986611640852
0.028832193608720136,0.6056194268981268
0.03312800165816843,0.42093406778372694
0.04650871588135774,0.09379401157069987
0.03103391416632348,0.5087744332928986
0.03278319646882033,0.4346445950590523
0.024169259558545153,0.8081411660318654
0.027880172935328795,0.6479998774233378
0.026639914011113763,0.7031871769212729
0.02138092702623806,0.9062055749194686
0.02999008802736547,0.556622667207479
0.04802332395673353,0.0766694288020697
0.03612246085238846,0.31422219034681365
0.028949689409990792,0.6004160298088067
0.03812445546885718,0.25483185070168674
0.030717766317389872,0.5229837078173938
0.03187170732999389,0.47231876935243
0.030789047251099322,0.5197584357053912
0.02549379357652537,0.7531534898214935
0.02976779315316258,0.567156207525124
0.040361328326964596,0.19898560823092
0.03591881866088842,0.32078800480434355
0.016839874377950786,0.9887512038502038
0.020517369181482392,0.9298265122787771
0.03637000026132575,0.30637376384477194
0.023111629493281938,0.848731809171453
0.025412362708447156,0.7566357092884968
0.03222182311177291,0.45760205457590825
0.029339033165330597,0.5878095503517163
0.020373759018777915,0.9333959877100471
0.028389937170156254,0.6252698523548028
0.035177795544441226,0.3455201509148084
0.029458101856679186,0.5820298064279925
0.041475898588576754,0.17499110701564421
0.02171947939183183,0.8959733061763013
0.03565520511325032,0.3294346820492866
0.034498113745081715,0.3693776965035081
0.037535263971844535,0.27135457833973264
0.025925722766645065,0.7345121892767237
0.04058888678902012,0.1938880080612033
0.030497504809177012,0.5330290053189602
0.044939033126157324,0.11480488978257906
0.018011651354551045,0.9770038102601076
0.04436619491709487,0.12338108824536566
0.031096389045589423,0.5059957441081985
0.029952905155612664,0.5583762549048369
0.03790845757678096,0.26079840020224254
0.03634362003677172,0.3072032623943047
0.0441411424391418,0.1268911823619025
0.02037265248559006,0.9334230852330545
0.04585469410735754,0.10212136822692462
0.0249849416575742,0.774718992584724
0.022897611414844032,0.8564921212065342
0.033967834203842306,0.38877952760651363
0.027283363598449184,0.6746210312654917
0.022283962574772415,0.8777740901363653
0.022615349479169544,0.8664653900615256
0.037972589566100834,0.25901597218843586
0.0486536107070028,0.07036616311476025
0.03816239023681578,0.25379472472535625
0.02850600529222269,0.6201042630162361
0.03774041777256221,0.2655126163203457
0.0582307694973076,0.016656850082707713
0.02770436856204872,0.655845811775365
0.03652580271574346,0.30150819554943903
0.02167495044480927,0.8973491531415935
0.0654238026754716,0.004763797505316515
0.02986740941697641,0.5624210517092064
0.023833154567962866,0.8214144303581234
0.028031446702366902,0.6412498179304069
0.04357357316940769,0.13610739621039833
0.030620479788978416,0.5274058660079647
0.026789740749413066,0.6965571196698144
0.025655029804820706,0.746227048812083
0.03370660825842564,0.39859310724478825
0.028807542770883987,0.606712152233533
0.026449759458195166,0.7115766754736843
0.019694923593499003,0.9488421301388141
0.033028138362506065,0.4248744047300065
0.02849588228876196,0.6205545788925587
0.021533470373896024,0.9016605996557046
0.02228621758270377,0.8776986519013429
0.028183475620448983,0.6344692840978114
0.03896246839635539,0.23265897021618767
0.02562484012087085,0.7475270237704719
0.03238235902404529,0.45095650118221997
0.03176611040538557,0.4768174715144231
0.02330357102731631,0.841633291987725
0.026467568822913845,0.7107922485917069
0.025648620609158068,0.7465031457259554
0.01774824919404905,0.9801616997816747
0.028772826473832447,0.6082516429370561
0.03174214858111535,0.4778421784053751
0.025934872713481216,0.7341144594600366
0.035357756819322184,0.33939192112760064
0.025697559908016088,0.7443933699298411
0.05258864687062004,0.0401601220210962
0.052282794378157416,0.04201492376127848
0.02562715816521366,0.7474272573405722
0.037828049955802134,0.26304623203961613
0.023265288302268927,0.843059282565117
0.06935388152731309,0.0022604990657831155
0.02788634912216459,0.6477242504477896
0.03627529080324077,0.30935945392881065
0.022904014712183285,0.8562623715040485
0.029075330963865664,0.5948616688350613
0.045200504953749276,0.11105700007855906
0.0321155345939399,0.462037410300045
0.030355213677745962,0.5395817122337533
0.030054862457864706,0.5535758494783358
0.038229388015548205,0.2519708397344978
0.067453128352435,0.003259432241255739
0.031910128071125476,0.47068884851029585
0.037742592771444095,0.26545119177903437
0.019548824532868436,0.9518561103625678
0.03411119674955165,0.3834656606337183
0.03961665254506397,0.2164031676989335
0.05141567436985983,0.04768427317402263
0.03945474906327501,0.22034196817844168
0.029572290982765592,0.5765187976012519
0.02518849704812043,0.7661495947058398
0.03312414475551412,0.4210857887137633
0.026389126094165813,0.7142451420103613
0.03487871835371781,0.3558788861516445
0.03046685301796448,0.5344363681819924
0.03618206914507771,0.3123189828831187
0.03234107075340248,0.4526595208240621
0.027257611614441957,0.6757680858031339
0.05627795895060228,0.022817878374551414
0.047353527389173866,0.08388517518582823
0.02941074250522857,0.5843246313504936
0.025655849595021984,0.7461917292231307
0.02727384167862712,0.6750451860039619
0.03341209871612877,0.40986041123047223
0.022170985151296563,0.881526366427873
0.049432207899576586,0.06319307796534895
0.024259312266581068,0.8045316381444146
0.027605050235973705,0.6602776937855142
0.039529000146193205,0.2185287546818556
0.029976315175877066,0.5572718196816548
0.02714779160763181,0.6806570361945474
0.034114118112828384,0.3833579064075853
0.035665176261641396,0.3291045873892983
0.04379127769969193,0.13250986770801054
0.04567842052971227,0.10446816833829965
0.030596798166135475,0.5284858391916937
0.030599008153495255,0.5283849969055421
0.039031084779948766,0.23091113826459125
0.03270147033389448,0.437937816512372
0.04065429758735728,0.19244186229882226
0.029632434968699273,0.5736287055554585
0.030681715556458045,0.5246196768814453
0.04598120956560156,0.1004641826035342
0.03230467045179053,0.4541644596839235
0.03567501202093537,0.3287792090366706
0.03678219667950944,0.2936253674784167
0.04741119094376156,0.08324224003709994
0.023358587932512942,0.8395752432073578
0.024878457346392713,0.7791686014191501
0.03129729918970481,0.4971254763487255
0.037938964441912026,0.25994936874039143
0.03253272788941697,0.4447902414338283
0.034719063595635646,0.36149807146553625
0.04639941755705418,0.09514478030841352
0.0255234264721797,0.751883593828374
0.03680311588825591,0.29298899093163455
0.03426833615732039,0.37769953846233434
0.04013333843139938,0.2041975309283747
0.03787384854279985,0.26176412917195696
0.03926933439059982,0.22492057589656114
0.02917588387728698,0.5904243490964559
0.02071625599312016,0.9247115956528194
0.02920541845497482,0.5943356274446758
0.0368978577793273,0.29011964480096836
0.03616144985805375,0.31297637231858166
0.04038660431306429,0.19841426379910435
0.027131663865379463,0.68137460695936
0.0247745984276303,0.7834852915918019
0.02998708078977752,0.5567643673066996
0.023181309978338005,0.8461696895454494
0.02140991882140919,0.9053501338317577
0.026070788592463978,0.7281940807629323
0.024191634646835602,0.8072463448512813
0.017791613785048455,0.9796635476307295
0.032134210253390694,0.4612560425851673
0.025681871115122545,0.7450701029403763
0.03910463791048968,0.2290487747193316
0.03349271355293068,0.4067548061842104
0.040129777889080565,0.2042797632850076
0.024145128179122066,0.8091047056397032
0.026095706880145286,0.7271062297311577
0.025627100795489466,0.7474297265781435
0.05348982180098777,0.03510395328264203
0.032152838035154785,0.4604775458906256
0.08209252369094305,0.0001495740879666432
0.03668440282539176,0.2966138780291837
0.049209207721833126,0.06518068536693275
0.023509227268486144,0.8338885107141019
0.030964622818715037,0.5118675995188177
0.020529226916467413,0.9295271263626673
0.03564565154975696,0.3297511769127143
0.024232103186419773,0.8056245212666787
0.045079604713636146,0.11277719746130487
0.028173404306907734,0.6349183268819912
0.022529201592265236,0.8694477389441118
0.037704750435351375,0.26652142977417953
0.03432813627334785,0.37552123286080835
0.024454401126475622,0.7966395874279739
0.02000512473150806,0.9420776002285517
0.03663827984342416,0.29803112671680476
0.026980984208103242,0.6880730413843976
0.034289359348072423,0.37693273260253285
0.016000366038571356,0.9939374977042387
0.03757277524031166,0.27027927000849805
0.03282982681022975,0.4327730647162909
0.045470838300279204,0.10728903713880411
0.05614678545239826,0.023296440094286556
0.031914969971453266,0.47048370222317343
0.0400461996275448,0.20621747591788464
0.01910376599803726,0.9603599649216784
0.038923554169936314,0.2336547149808505
0.03769719565557733,0.2667354781409782
0.022233422818156268,0.8794592668730301
0.03235200256365012,0.45220820115716553
0.04188897923551271,0.16670510706972494
0.020908518882342658,0.91957974874466
0.027269820029881764,0.6752243216694205
0.018916688447538133,0.9636319247412416
0.017902318416071594,0.9783531679432045
0.020223321463624017,0.9370228302990078
0.02233228093705064,0.8761530498062395
0.021865826072834868,0.8913887396292788
0.037447191412131875,0.2738918868697436
0.06125818161234886,0.010011282240279343
0.03271957430300593,0.4372068632032422
0.04097843761449649,0.18540032317389854
0.02319120650110762,0.8458044143671473
0.0309159155007947,0.5140490029735298
0.03342636683922062,0.40930956750056
0.031232041909511066,0.49999563116298645
0.01402684520351416,0.9991303504856962
0.0352342894370728,0.3435878986318039
0.03879064933747267,0.2370801601872402
0.03185272601603051,0.4731253718512265
0.023942411349632486,0.8171351646931249
0.019557134068718618,0.9516876418704703
0.060190831455493254,0.012014895675169333
0.02566038985925989,0.7459960995800567
0.05297144085043559,0.03793960769080837
0.022760807502157088,0.8613638934519166
0.038311217157497024,0.24975670554749704
0.046384136127102515,0.0953349255421665
0.02937384685858946,0.5861161467674462
0.018670859304595333,0.9676626190189062
0.029852352578829233,0.56313522327068
0.030376611095683792,0.5385931614574816
0.03131903056185842,0.496172031168286
0.035840847432483725,0.3233281594978152
0.03550319464166107,0.33449663236081295
0.034000870922389015,0.3875504782327813
0.027894140157676314,0.6473765599500445
0.027689629632337343,0.6565035576921037
0.017837020415811256,0.9791328312417347
0.033970701452982865,0.3886727515406982
0.023880132712385593,0.8195787336615072
0.016510320649327184,0.991069750935033
0.028699190742016767,0.6115191756939211
0.03747775689945121,0.2730093126449378
0.03433710876269691,0.3751951581056676
0.036800569400811195,0.2930664022478644
0.029613577253189582,0.5745339373798716
0.022219966442677264,0.8799061490779863
0.03251396485328051,0.4455565818707699
0.031697036350888275,0.4797752485287429
0.042913872855551705,0.14749642829481577
0.025199840791759187,0.7656696905878271
0.03131135598600987,0.49650861257382595
0.02870572832248558,0.6112289601586576
0.0214501769526374,0.904155738470901
0.030704716970486712,0.5235755122303123
0.039164619338796336,0.22753861484969173
0.031569139778507394,0.48528321709073297
0.02755367087249705,0.6625699713377238
0.023931890690401136,0.817548746752532
0.040494903156340634,0.1959807887403246
0.029873832181011917,0.5621165760156938
0.024374414001279723,0.7998870842647645
0.03348253491448644,0.40714603535357824
0.02964478087413497,0.5730365252045908
0.02674470463287859,0.6985517042486553
0.028512611772482654,0.6198104001190958
0.032764147163770296,0.43541071072052223
0.02407545813643039,0.8118776057993937
0.02652676059207204,0.7081830936684075
0.06128161646043789,0.009970903242027424
0.026446324116575326,0.7117279548050564
0.04882364526891525,0.06874317455046168
0.04388727828881267,0.13094830225842535
0.04124477259375037,0.17976811811938115
0.02176005604896289,0.8947117802173395
0.04456181756213112,0.12039507803799558
0.03895468814032277,0.232857792045323
0.028442805255124548,0.6229163414691119
0.019516609016811293,0.9525058836156901
0.033362478618633395,0.4117800231148214
0.03563717022303292,0.3300323342281062
0.03866660742571337,0.24031172557014213
0.02906476227530208,0.5953284767014757
0.046704041028154175,0.09142002011021563
0.05406240797153672,0.032189211058862605
0.0187696081859903,0.9660799496614145
0.044165527902249146,0.12650694236398605
0.024171620039703745,0.8080468297933605
0.03451439862568284,0.3687928422143507
0.02156920438489443,0.9005803108119175
0.023454016866072347,0.8359814236142858
0.02128455994451256,0.9090205640163085
0.015008351562358357,0.9974756140252161
0.024693469880644192,0.7868406984035968
0.0221536079297856,0.8820987380574299
0.041879019181402244,0.16690114372964718
0.032941791669332976,0.4283014824874111
0.027478648313814635,0.6659163402089723
0.024108674372034927,0.8105572521727819
0.034309719045451104,0.3761911667658246
0.023707297469482747,0.8262997132760854
0.036864417363280944,0.2911300325736958
0.019858218891736654,0.9453430079210742
0.025346978652115548,0.7594235995499125
0.037208116710965744,0.2808689089334895
0.04755667417581577,0.08163856352371782
0.02559085661402216,0.7489886936141196
0.02596222335538101,0.7329249409575034
0.028598210130622026,0.6160045787433988
0.03863685916145099,0.24109171284699116
0.02534906670143175,0.759334682214959
0.052006193968120895,0.043756085971432275
0.03119846908114582,0.5014763537358123
0.027728305474418402,0.6547775668930931
0.03728442607849847,0.27862769383785463
0.03456077507886468,0.3671308540346541
0.0340271011316885,0.38657657350455876
0.05374962763788588,0.033753919971033663
0.024180690719858566,0.8076841814488711
0.034061782595778634,0.3852914963838426
0.028644646265219037,0.6139413449023959
0.03504309891422763,0.35015847288720386
0.024505914573688947,0.7945397280643576
0.02135810869173549,0.9068760831594249
0.043717633524328336,0.13371804513383162
0.027473352104511184,0.6661525374484144
0.02951524315247886,0.5792681387169368
0.03963736955459379,0.21590312486883403
0.040015445340754296,0.206934092199742
0.030743150845173206,0.5218336894538025
0.04384601567288371,0.1316176379166644
0.022094788065016857,0.8840266150926729
0.04288026679470347,0.14809662119584585
0.02889959707627776,0.6026333783375957
0.0251932574858732,0.7659482307447047
0.05442690628772545,0.03044649597594107
0.027073059380389175,0.6839811370527515
0.019726105722533638,0.9481845839501505
0.05080584823805934,0.052057828824108573
0.03480204441932644,0.35856970318488085
0.03170783871374516,0.4793119027010451
0.036316239417664375,0.30806595680155724
0.031128698193402887,0.5045625266548939
0.03661354742126671,0.2987931477353044
0.016856003517240037,0.9886275713499904
0.023476365225940043,0.835135442294235
0.0368110941918479,0.29274655435996183
0.02360357862059248,0.8302890442450488
0.02316444669255313,0.8467913138245968
0.02823964321380841,0.6319654184651764
0.06182648320062456,0.009072696152747707
0.03563469292722088,0.33011448963733137
0.018059970362448108,0.9763897731100061
0.03061017910737429,0.5278754472414735
0.03635514885235025,0.30684054859527155
0.06864923450852528,0.0025920370198325095
0.020707927782404434,0.924929748264534
0.015268634922737667,0.9967673864122518
0.08285806529234696,0.00012521224542833193
0.02782673946636302,0.6503845367234142
0.022791046483882416,0.8602931306934123
0.021646167925302384,0.8982336832360971
0.030176846996917916,0.5478657341864235
0.026103571021836358,0.7267627560454422
0.021135882109730136,0.9132769986074669
0.051733054292332575,0.04553665361998048
0.042965940410600395,0.14657040224613566
0.04415841312776081,0.12661895081862018
0.02518696050678526,0.7662145805125062
0.03366303198062259,0.40024664366981694
0.04052927495370395,0.19521336855172725
0.029495853332887845,0.5802043816344921
0.05067161967620043,0.05306567631895122
0.030881028086107154,0.515615073402384
0.05089588165198211,0.05139110872025245
0.030270555134561006,0.5435038822492343
0.02905611350095144,0.5957105418163133
0.06619559724839658,0.004129196511864726
0.032136610222712636,0.46115569385217187
0.02351404923689071,0.8337052486260677
0.03215461994452762,0.4604031213335718
0.029747382452911086,0.5681293687874648
0.03301465736963194,0.4254082355009403
0.037477266256294384,0.2730234630633985
0.025722729197262595,0.7433069419761431
0.040871257929138594,0.18770580585945312
0.025344090528445606,0.7595465746267935
0.02699679642334485,0.6873706364538364
0.022833810287144818,0.8587729407915343
0.029345116094023904,0.5875134567669528
0.02122290917373182,0.910798359838396
0.03317307533732747,0.41916373316769073
0.02158669325424223,0.9000494559480403
0.027042158937138794,0.6853548480966326
0.04381566076773047,0.13211181591591364
0.0382746155346636,0.2507452396536887
0.02723131040509963,0.6769393690787782
0.032487871594908624,0.4466237739351423
0.03458499685109462,0.36626492251160503
0.023936479800791277,0.8173683817240825
0.024706263229661518,0.7863125605081751
0.023399147085426897,0.8380515007065095
0.043419566219935424,0.13870002232081266
0.046324559460861336,0.09607926597205357
0.029063072924978894,0.5954031007480867
0.023630483889969356,0.829257424462594
0.04089454560539085,0.1872029649780763
0.03532902609735222,0.3403650213934878
0.04622717750232441,0.09730638544590926
0.017420034211221846,0.9836625428573519
0.02618328006060311,0.7232774010871323
0.043707365828669076,0.13388720376657334
0.03085314703893338,0.516868794900116
0.04078460652791516,0.18958619120655767
0.021827347485193584,0.892603414183464
0.03177626188283966,0.47638378401895043
0.04077862493869494,0.18971654058931303
0.042654511046968824,0.1521798450656363
0.018880700213412815,0.9642409955784764
0.018616821392874683,0.9685081167144093
0.03870967988873242,0.23918580093684322
0.04680864112310812,0.09016953717213462
0.04044652950079497,0.19706483582206735
0.034135768400204825,0.3825599953382355
0.026767346280750837,0.6975491100866985
0.02841634399536841,0.6240941831418634
0.039826763983263236,0.21137317798965635
0.03909633902181153,0.22925832248082925
0.040946083743405665,0.1860939014587769
0.0586694048161609,0.015497126641693768
0.031159510624823306,0.5031981132466846
0.02571842582159234,0.7434927619816162
0.021865642445491634,0.8913945518885019
0.016952848410361182,0.9878645472816545
0.044447459975596626,0.1221333515673802
0.04316917249513752,0.14300078866598212
0.04732048331807015,0.08425549006186198
0.037426193641523886,0.2744994305767439
0.027816077005626813,0.6508603960103883
0.0271501403063992,0.6805525265681804
0.019902977556587986,0.9443598930430136
0.034779641305571596,0.35935864028020875
0.042777363512385036,0.1499467152541602
0.02090658141866711,0.9196323731462221
0.032445553276647,0.4483581750191715
0.03555728451647078,0.33268905650836117
0.044243404269861064,0.12528622382615515
0.037501467767549035,0.2723261324428591
0.026137085821958728,0.725298165580929
0.02117026252389402,0.91230214339901
0.0382677270895837,0.2509316138865674
0.044680290759734564,0.11861574151396638
0.03448915778138628,0.36969961853798294
0.028279352007970382,0.6301957500839271
0.02593117060776151,0.7342753955920867
0.023514076612871304,0.8337042079688537
0.023780606827340123,0.8234599635382082
0.01973787654697723,0.9479350643757326
0.020437436747071935,0.9318261396487069
0.029619852993799822,0.574232586418645
0.041270605901535584,0.1792291089157969
0.0256516936513822,0.7463707721823106
0.02390560179916168,0.8185807949820945
0.05320928462779928,0.03661460973617239
0.028637922591362663,0.6142400256787817
0.03395408735337485,0.38929174188737736
0.02832070015942273,0.6283534958151669
0.03192937648402894,0.4698736592831399
0.044251000344795954,0.125167673031286
0.023673684423600044,0.8275962453277449
0.02190814026046667,0.8900454177527927
0.02167163849400111,0.8974511261175265
0.026684932881093082,0.7011967265102538
0.036670425948175045,0.29704282790583647
0.025359979520870102,0.7588698478012514
0.034348327925549316,0.3747877149243546
0.017378193392396546,0.9840754015865535
0.020491127034617862,0.9304865568518321
0.022206146318382802,0.8803643193540743
0.021468308452114476,0.903615335096052
0.02349933732305809,0.8342641486578283
0.03204731683237355,0.4648989640622275
0.03026476895815311,0.5437725914480738
0.029378203085515642,0.5859044553076067
0.02404733856656066,0.8129929667654396
0.03574482449880034,0.3264764124865218
0.06568062201667069,0.004543327829184346
0.03514268798589765,0.3467248372217116
0.03351994887493759,0.4057092495139096
0.01779664854985724,0.9796051612035728
0.03086001688062079,0.5165597018442368
0.041485391302037544,0.17479708471585284
0.0275480336548653,0.6628214515423838
0.03716549913799139,0.2821264233993833
0.036580493050746204,0.29981381304285276
0.03111587561647322,0.5051310200610073
0.021151620270422278,0.9128314490714742
0.023504426207983292,0.8340709032927871
0.03434336877876609,0.3749677765878839
0.05407074976643744,0.03214836787683453
0.0341973952891802,0.38029510976600406
0.027136910202960163,0.6811411939990003
0.03024249183379646,0.5448079015603017
0.029657011910382752,0.5724502163460523
0.03251995654081841,0.44531176718986343
0.028027088197564387,0.6414442659424995
0.037790582253614646,0.2640986303491147
0.03685701194288393,0.2913541360738611
0.028171542591960197,0.6350013363820622
0.040718692823201064,0.19102646634104986
0.020597207388542094,0.9277970860713916
0.03184785089338765,0.4733326831028122
0.01729413058531526,0.9848826536144849
0.03321553008143718,0.41750089626319176
0.03106177759926554,0.5075339598126116
0.037675926379795194,0.26733879102046926
0.02426507346579071,0.8042999825566699
0.04503204930392901,0.11345983033082102
0.04246648118584162,0.15564953414757862
0.04758855536725526,0.08129063649062772
0.02279809269013705,0.8600431248228075
0.04036907845695792,0.1988102856453402
0.027641381394200304,0.6586565927440393
0.024565544517445637,0.7921009674059416
0.018358580856782936,0.972349802356113
0.03964542955845013,0.215708824154343
0.03428425895880083,0.37711866544024575
0.04530857516775655,0.1095377687780459
0.02237017516480111,0.8748749875779942
0.03105930450243921,0.5076439837545423
0.03130692584146688,0.4967029706006657
0.03150618871100819,0.48800921507827183
0.03055822132719499,0.530248044365617
0.03276509901855551,0.4353724079683192
0.02805642678267603,0.6401354226269156
0.02004006288911686,0.9412846482894003
0.03192438509798523,0.4700849605922736
0.033284968187536346,0.4147908831220035
0.04185188378963178,0.16743616427128205
0.03281798118372037,0.4332479797000721
0.03677141672691997,0.2939536995944999
0.04700936913063286,0.08781000652958444
0.030718287973160674,0.5229600587891272
0.030034542327594393,0.5545305569161609
0.04045684532916949,0.19683326599805515
0.04682507436490374,0.08997438904708183
0.03265558199326757,0.43979424146310353
0.02159870986951462,0.8996838913659833
0.03333215914584864,0.4129559871805541
0.03246929086409611,0.4473847473375809
0.023592872219634187,0.8306989195581843
0.05312430041621469,0.037083324020206546
0.035365235773875514,0.33913893928690425
0.04420061741724601,0.1259557113293723
0.02906953600068851,0.5951176166109068
0.03228405651498756,0.4550181934960942
0.05013325538666391,0.05727873630570495
0.03749771001674096,0.27243431888375297
0.022229431775945233,0.8795918874532983
0.03999549320906881,0.20740004074780383
0.026569435402428065,0.7063001479261874
0.03870624660632682,0.23927539962578107
0.031517237069368154,0.48753006942845545
0.04135414777958063,0.17749478081604872
0.016357928196541693,0.9920140019852874
0.0328484166687103,0.43202846664794065
0.03506464234850398,0.34941365040988565
0.037484738787190386,0.2728080106598625
0.03238610729428426,0.4508021070076928
0.02770540694450241,0.6557994719715594
0.026503187858800015,0.7092225371306097
0.06087932184634809,0.010684940720850866
0.022581891271292287,0.8676271640118451
0.05706093927242262,0.02013870685113367
0.02128497441557342,0.9090085509241763
0.0386767855170527,0.2400453031887106
0.04179383163649075,0.1685853582979924
0.04969959437868349,0.06087838772777924
0.024980122372634916,0.7749208806946459
0.03920825350312196,0.22644485613824641
0.02290347098249146,0.8562818863918055
0.026665676358838986,0.7020483146443834
0.03175908166795138,0.4771179010724802
0.016501062940392885,0.9911293472661012
0.035786867404423495,0.32509525330535494
0.029193663208304355,0.5949118146818975
0.03710355479549815,0.2839616787109433
0.02952810263420963,0.5786477121370631
0.055082781100230516,0.02751897294119938
0.030606703565649887,0.5280339470190372
0.04928826991026747,0.06446997845342758
0.017964427091975904,0.9775934247188717
0.03684262086804169,0.2917900052229383
0.035224521754816385,0.34392142695334693
0.017131227665935,0.9863641080211556
0.022247933821494703,0.8789765101144269
0.04207062342642942,0.1631620871132874
0.0327128507425436,0.4374782334166957
0.029668838046753465,0.5718836592844376
0.03101385384532207,0.5096687041453702
0.024279478845772223,0.8037203664522397
0.028214011553753193,0.6331079430706228
0.05388292414671958,0.03307911392017814
0.03553608707108896,0.33339659195352206
0.020393909681532207,0.9329014374315655
0.03445284400413828,0.3710069396405457
0.01874449232301789,0.9664871106363675
0.03789251366474555,0.26124296404162195
0.029114680626690648,0.593124328499778
0.02917280279202128,0.5905602048944522
0.03050675845489148,0.5326045816005422
0.03762144210624363,0.2688889389056286
0.04112465537645238,0.18229123753032742
0.031305668496076966,0.4967581413770207
0.04865570757056881,0.07034595170863973
0.054866948608507216,0.028453669633094602
0.03043724988191221,0.5357977705196078
0.02987325227901122,0.5621440625803731
0.04986359959083064,0.0594948803760678
0.034349250020326516,0.37475424127034684
0.027803658313576993,0.6514146363777903
0.02978945009425238,0.5661247267268786
0.031529175289191635,0.48701267372693413
0.030514805351001706,0.5322356770308281
0.06715421312498226,0.0034493286954689886
0.027684378469795545,0.6567378949678828
0.036462486549522666,0.3034786028698335
0.02064637667485114,0.9265313133048002
0.03648324802376468,0.3028314633821549
0.02608563332965852,0.727546095931068
0.033909681894438326,0.39094951082336815
0.038635852522097114,0.24111814028577244
0.0320657650005472,0.4641239659352902
0.044575267018667986,0.12019198466198898
0.03064197957019088,0.5264265880529345
0.025214925511642616,0.7650311504051907
0.05494201370252405,0.0281254592005802
0.04111277288981885,0.18254235001309596
0.03528096572215875,0.34199728249652356
0.02426034296281948,0.8044902006613104
0.024996352029595048,0.7742408038715953
0.03555529225883239,0.33275550862237874
0.04143691552305284,0.1757896796636515
0.02941827832913485,0.5839591197787763
0.02992413579958253,0.5597353531353998
0.030473983983504205,0.5341087473999577
0.03215755933283021,0.46028036998124167
0.03532221410735936,0.34059603456817134
0.025879965529945093,0.7364995249248592
0.028314874171980198,0.628613040179912
0.03315107109268489,0.4200273487624601
0.02719735188020056,0.678451288196978
0.029485814326808413,0.5806894718834194
0.024288062399457355,0.8033747395888496
0.02381013030246898,0.8223117191950833
0.030140281594981555,0.5495735623107397
0.021066108996998567,0.91523789504878
0.031239645325520704,0.4996606725479993
0.020528659785809533,0.9295414615002396
0.050981271917020066,0.050765595737504235
0.04402540653568965,0.12872786951329113
0.029109909340879203,0.5933349283586511
0.03682469256004978,0.2923336829741524
0.023509647245635368,0.833872552201171
0.02195364207925926,0.888592107392671
0.04764765524819625,0.08064897400204586
0.02896051931903787,0.5999368500295421
0.037355769354930346,0.27654442751186503
0.040563579203164335,0.19444981016433766
0.037677913269129726,0.26728238860545855
0.016885572592399645,0.9883983779757857
0.033619804774016715,0.40189159784666256
0.03514680724657582,0.34658333306266004
0.04010718050850215,0.20480226293395215
0.04304370537196922,0.14519610356188642
0.02496674424170675,0.7754810645472086
0.022125984841159657,0.8830059484486869
0.033676782326927945,0.39972436624638935
0.04112536091898833,0.18227633590460599
0.03496773058057878,0.35277309005237123
0.017661291314364336,0.9811352572444676
0.02140537840948975,0.9054843649771862
0.02041043125201847,0.9324944174349562
0.02834709579487399,0.627177717214692
0.05411088264509867,0.03195250478345711
0.037526336682179695,0.27161096217971076
0.050717269954794975,0.05272104237978795
0.026872780366391624,0.69287594366622
0.03439733206744178,0.37301168292689757
0.02315679289776218,0.8470731230172965
0.05627696125273357,0.022821485092257125
0.03553775522696773,0.3333408724042645
0.0272176168789324,0.6775490908790653
0.031988695068874584,0.46736727513350296
0.01812219074775523,0.9755829480978856
0.023135608910951677,0.8478520314654732
0.017341229564109842,0.9844340014981082
0.02890967787549964,0.602187023656028
0.017219121309110408,0.9855782334115208
0.02357648784338162,0.8313254609795405
0.02159073709814255,0.8999265097112283
0.02252841744154127,0.8694747501782163
0.0207709503547866,0.923270333435154
0.024040452344686075,0.8132657707935232
0.03788676282292497,0.26140345483447985
0.033265736695220594,0.4155402412098871
0.03562771871286663,0.33034585721586845
0.01686139983535606,0.9885859896396156
0.04646098186429709,0.09438194918663627
0.031656446226929646,0.48151888040617896
0.054757777090936766,0.028937034990767815
0.030642936075622185,0.5263830473079307
0.031064188733545772,0.5074267070638077
0.02990382927911972,0.5606958651448157
0.027156415874319995,0.680273272553254
0.0465968361881588,0.0927166844219257
0.021307613819348092,0.9083511293727449
0.04523036147576176,0.11063555095179516
0.0359388430945316,0.3201379929563742
0.036710385928227174,0.2958176722951873
0.026256798846987006,0.7200565103586247
0.030619006126239023,0.5274730304527377
0.02616868746303702,0.7239160108538392
0.030451472766417575,0.5351434138586258
0.03537339948099194,0.33886294971221975
0.03609717588586259,0.3150320541782395
0.05258561956626506,0.040178125125421835
0.022776957145834942,0.8607924676476058
0.0318027804896196,0.47525207887597437
0.030512994787888048,0.5323186672239227
0.0423097578608429,0.15858987806324662
0.024986804689411668,0.7746409342872743
0.018848818218845986,0.9647751089363665
0.02575332460541857,0.7419850587746418
0.028173417196627748,0.6349177521623087
0.042695629324123685,0.1514294600885087
0.037513341936125044,0.2719844841129162
0.026263043757199234,0.719782653327038
0.023003923855532182,0.8526580462424387
0.03065244732266814,0.5259502117190548
0.04653004681815742,0.09353227139890645
0.05143913488655166,0.04752257312373897
0.03646932598298436,0.30326530418529646
0.027298034283365802,0.6739674666363563
0.04496173371024714,0.11447542094437603
0.02454423334550615,0.7929735385259559
0.048186211105636256,0.07499630115879725
0.03679510121020635,0.29323268226137417
0.031419616031568176,0.4917742162069917
0.029477049065895045,0.5811132114958731
0.026255738399693473,0.7201030099334945
0.032695345990183755,0.4381852741671592
0.03915144512059732,0.2278696452661696
0.040971034079252344,0.18555885431871874
0.05238948413330824,0.04135961997199927
0.03654309284499688,0.3009717636532854
0.03221787589181058,0.45776626507743085
0.03194478117333166,0.4692219216941133
0.03292576218269222,0.4289397375756043
0.033584202359763754,0.4032498900401621
0.03156895342677668,0.48529127220328455
0.026018143929514737,0.730489939992035
0.04055307287502086,0.1946834148846266
0.02403870429706445,0.8133350001026565
0.029266118394227436,0.5913656245622071
0.04420214584768323,0.12593174556200257
0.032775283144204526,0.4349627391989929
0.039437270984107764,0.220770469866368
0.03966027537838451,0.21535129411804063
0.030151637618271998,0.5490428175832058
0.030539283454575572,0.5311144723013232
0.04789579954862627,0.07800127449500327
0.01972257444934533,0.948259300907245
0.019081844730368114,0.9607525761077313
0.038538874651611765,0.24367449619118745
0.04472423705684764,0.1179612424554993
0.019875714135868416,0.9449599578887953
0.02249927647185823,0.8704768120208939
0.059935635281580746,0.012544613242636343
0.03684011428623385,0.29186597254463403
0.01916690659971787,0.959215398895727
0.03652785808692871,0.3014443901831552
0.03819108052856701,0.25301246622857737
0.0244905906229774,0.7951650621758526
0.02237001753908241,0.8748803160540273
0.03072119938920309,0.5228280833755763
0.05851095563887315,0.0159074262444518
0.03188424845071436,0.47178633318531554
0.03588184968092034,0.32199057081374594
0.027383379447540213,0.6701641375178194
0.02639647307345372,0.7139219848640456
0.04459602039044319,0.11987915116776682
0.03798035621581275,0.258800738755099
0.024102388333769653,0.8108073579431803
0.031982773214354165,0.46761709617880554
0.03140381526282615,0.4924633950981508
0.02836396872466171,0.6264262384884076
0.030492203595771705,0.5332722431854205
0.03602364601109631,0.31739582349562956
0.046254844938256434,0.09695642269230031
0.03950661184884985,0.21907425740208056
0.029925911111389203,0.5596514272112423
0.020188487750146783,0.9378461577350734
0.029862096922954495,0.5626729697280693
0.031561378396688156,0.48561877847070023
0.02447107519510411,0.7959606097010905
0.02746173767955129,0.6666704906988129
0.02122841571754197,0.9106403066921984
0.05766168886609763,0.01827700751586994
0.028683528788774004,0.6122145278812605
0.03853258197256593,0.2438410835372055
0.029072270105413134,0.5949968557084784
0.03328234908315414,0.414892882692609
0.025612468571982294,0.7480593443521513
0.03708529236256375,0.28450443962934596
0.03179796405645163,0.47545749410521804
0.03008846148762223,0.5519994582492672
0.0209010212533024,0.9197832931340343
0.04384696693758072,0.13160217573206148
0.04526730510209487,0.11011589340844635
0.024623592380180415,0.789718776037693
0.02417665905210331,0.8078453960920354
0.026685429773606106,0.7011747486220351
0.0428220547745678,0.14914093485374846
0.019988333688825355,0.9424564542207005
0.020136827153063058,0.9390557708052294
0.039064606081536835,0.23006094203105368
0.03558588749942537,0.33173605351606494
0.03479387821915958,0.358857137774467
0.028149441730534852,0.6359868194622682
0.021156498733819307,0.9126930971848932
0.02756036354250413,0.6622714004099612
0.028738939261585772,0.6097550063707786
0.027726919647567017,0.6548394136497258
0.023952152700505547,0.8167519329335612
0.04973597169933963,0.06056916189258064
0.020610164989519175,0.9274646924579738
0.016462994857659397,0.9913713411925447
0.030536549493871787,0.5312396267115403
0.030837048629143493,0.5175935631079971
0.03210433809852142,0.46250627626082247
0.04300663505500435,0.14584992149871492
0.02080852503923425,0.9222715902671681
0.01696405725615463,0.9877739210814818
0.02401769451280089,0.8141663933522758
0.0242897721451395,0.803305871698243
0.027737136742842505,0.654383442700817
0.03604367869895719,0.316750555171639
0.0255849267805357,0.7492435594019513
0.027395117488629023,0.6696408846602395
0.03671146580848739,0.2957846154741101
0.02935768179550151,0.5869020862141512
0.020086556278575307,0.9402197130764391
0.04088777045946901,0.187349148118118
0.0631730417266958,0.007159115393866824
0.022498185041466168,0.8705142766756104
0.07683851589140311,0.0004845775236434214
0.020612017408675853,0.9274171046481257
0.03613808150473269,0.31372262896645303
0.027004965769610534,0.6870076895392077
0.05072194460011559,0.05268586060835045
0.030215695372645845,0.5460548496380295
0.023917823277855424,0.818101254937347
0.04422374571289289,0.12559345910754233
0.02953260190430196,0.5784307312021042
0.05890533013248378,0.014903782115037945
0.02460697124089159,0.7904016915024645
0.037029274129329104,0.2861741163649711
0.03526463946092129,0.3425530412596431
0.02482028715482143,0.7815892135127787
0.0399403602379618,0.20869182934434682
0.034678366235303404,0.3629404368818758
0.03569937918119914,0.3279741168446286
0.03082156113894763,0.5182914308946228
0.038519182226005755,0.24419610689394325
0.019522830425034,0.9523808175978524
0.03411420033602652,0.38335487391762413
0.02447662933051309,0.7957342901225988
0.037617587399865315,0.26899886529896894
0.0503679283419034,0.05540817612892979
0.028283828490534457,0.6299962777424373
0.025092924897542557,0.7701831387469564
0.034202980802064964,0.38009029723984816
0.032908831578262854,0.42961456982124435
0.02603031693844221,0.729959367005835
0.042485277678194155,0.15529984874519065
0.047642443880973606,0.08070538275921565
0.024924777210579063,0.7772359598952086
0.039346033803042635,0.2230177513256351
0.01974651351267176,0.9477515218703028
0.022177820841547236,0.8813008616046945
0.03410790810758019,0.38358698716003775
0.02493403500827951,0.7768491494537791
0.028430544852595996,0.6234620437237959
0.014078144222949063,0.9990751777213703
0.028413954030181876,0.6242005776244395
0.037237267144071384,0.28001117690144656
0.03625603203393313,0.3099691782450503
0.0238344995111609,0.8213619670372186
0.025464264936617687,0.754417492716994
0.050082268289819376,0.057692248764468275
0.027214683927354655,0.6776796753496344
0.024349108093703276,0.800911148759861
0.03461076508838462,0.3653452870142828
0.025540135374454098,0.7511669220660799
0.04321011284307141,0.14229029684417616
0.038631336339222055,0.24123673146260877
0.058737175125193,0.015324554277740488
0.027885345705809583,0.6477690301457519
0.026505531778035468,0.7091192030173483
0.01651953255262173,0.9910101580887132
0.03434229661052482,0.3750067139177803
0.02809517677363832,0.6384069268933716
0.040393994338582595,0.1982474609143089
0.02643055277009787,0.7124223268821817
0.023542679448422033,0.8326155909555698
0.04665567674829807,0.09200310296146556
0.027926086737327604,0.6459509201048658
0.021234535805946836,0.9104644732893836
0.040635922449849315,0.19284725302074904
0.029384192156237443,0.5856134895451056
0.024805199607663475,0.7822158508508589
0.020591222320373914,0.927950332997684
0.018244540654990475,0.9739429530373157
0.02437152425295741,0.8000041073459377
0.03828875384091235,0.2503630418285897
0.025666159361869056,0.7457474602259477
0.055906822418530566,0.024194996691579002
0.019841279794475253,0.9457123775569525
0.02428743518908144,0.8034000014668211
0.04490407120242301,0.11531384522246074
0.02621724778875059,0.7217899814580316
0.03607328696645984,0.31579860079848704
0.021185463022775908,0.9118693239511138
0.030984418045132855,0.51098272828218
0.029366764922745647,0.5864603911270738
0.018919223065899493,0.9635887816104348
0.03342041114446273,0.40953943497519885
0.03484844405986756,0.3569396228790707
0.043223368818507524,0.14206086261427764
0.029447799171448852,0.5825285723892092
0.021640252630011958,0.8984150020050897
0.027589144683150213,0.6609873537704181
0.02222196350028538,0.8798398754279325
0.020657501667058153,0.9262432413798628
0.028131517369431508,0.6367861463856412
0.028230525138741247,0.6323718352149034
0.028475667080844036,0.6214539634024241
0.05268737133598833,0.03957685838167647
0.02837872549176157,0.6257690853378687
0.06482766046967314,0.00531388293438714
0.018191950864833717,0.9746566032393339
0.03505355116314057,0.3497969654130925
0.03157900745901476,0.4848568069943521
0.029191508054239534,0.5950174858416115
0.02563979648268211,0.7468831720874933
0.021698248434206535,0.8966304159117959
0.045503958976581924,0.1068347667324134
0.020200323532835435,0.9375671039211302
0.03753971474650297,0.27122682381408536
0.04130442637446374,0.17852538527283213
0.035783604241340305,0.3252023002957829
0.031382832298695096,0.4933795642160886
0.04104490313960174,0.183981888756453
0.055095290974003897,0.027465637984230976
0.021378386611746236,0.9062803451833334
0.02552495698604726,0.7518179662469461
0.034196751121247315,0.38031873541227856
0.016525295157411524,0.9909727310135512
0.02742430397843376,0.6683396740078635
0.026977703449658608,0.6882187616525413
0.025837265757568728,0.7383515562993088
0.03747250848360695,0.2731607083245822
0.023767738476244277,0.8239596235714158
0.06156313861484686,0.009497227616741011
0.026865383890028127,0.6932040068726302
0.02393817411034349,0.8173017751392506
0.034182863063863866,0.380828346240934
0.04689493349063553,0.0891487461366651
0.02514225456757324,0.7681034025554336
0.026025277727446228,0.7301790280853291
0.04812868500195944,0.07558362310668752
0.028908194285005573,0.602252709708099
0.03357701327960749,0.403524548163215
0.03377540655555039,0.3959921053113276
0.027325919574367585,0.6727250180831468
0.05044253728669784,0.05482459157936899
0.02541094398051222,0.7566962797526727
0.022034429428898883,0.8859895181310016
0.04316072983334274,0.14314766221703246
0.024291840921731978,0.8032225319911377
0.044664011014576066,0.11885895548730224
0.02821049743792947,0.6332645966593582
0.022499901472671613,0.8704553559692297
0.037917846143974976,0.26053688602775793
0.027853620449307392,0.6491848648853538
0.015742281139791564,0.9950922761457595
0.035671076757381515,0.3289093642130669
0.034581974289233264,0.3663729007709768
0.045027555709779565,0.11352450952049532
0.03193103915865847,0.4698032867633654
0.027886162937462378,0.6477325593522882
0.046497433865518745,0.09393269447500038
0.01768750056822277,0.9808453709786944
0.03442291982636303,0.3720866705058158
0.0339689294043643,0.3887387400462857
0.038069902040423154,0.25632894694505953
0.025195225357039108,0.7658649784580879
0.04149821183308633,0.17453531627648058
0.02849902585022382,0.6204147349625305
0.021478633468990704,0.9033069175441414
0.016237292490356103,0.9927074098975164
0.028315138141150442,0.6286012802834221
0.03679225588423729,0.2933192322226852
0.03962323896970266,0.21624409510690426
0.0251312822954598,0.7685663987543596
0.019919763386538114,0.9439885335682255
0.04814081115429936,0.07545949615538017
0.02904005549024391,0.5964200515948719
0.03789481229878933,0.2611788360322433
0.024469116542705893,0.7960404026686825
0.02159364303938277,0.8998381131567549
0.05132333443980619,0.048325356633979695
0.029249623963346072,0.5921718181220951
0.02768062618101641,0.6569053426416771
0.016532177947463644,0.9909278788166278
0.05082965798121475,0.0518807898751778
0.029695650819372865,0.5706003820926818
0.027401652898326745,0.6693495370529889
0.027372434259733958,0.6706520145587918
0.03539047395246553,0.3382862364155668
0.036333144247416294,0.3075331188115807
0.04266131062918532,0.15205555025540357
0.02694137035913058,0.6898321675843625
0.025088443845878827,0.770371825752608
0.04914472811878112,0.06576524808596518
0.03824286763745355,0.25160508722739455
0.023196784979005902,0.8455983650170971
0.019103324099229296,0.9603679035712674
0.025798343839360416,0.7400375648808334
0.04947098250233084,0.06285282114418525
0.019018164190782838,0.9618792075445044
0.03191767386799191,0.4703691663951171
0.03699049282426342,0.28733428547299095
0.025165950510796342,0.7671027224526801
0.019768662803538062,0.947279071782626
0.03945433534185411,0.22035210375313669
0.03012233710481116,0.5504128717773664
0.03453891103813922,0.3679137345726123
0.024229006600790498,0.8057487748279494
0.04914919481762153,0.0657246099131949
0.045589106785658084,0.10567422768465054
0.026323983116921634,0.7171081847988119
0.030003946097196532,0.5559699630615365
0.031395087527952614,0.4928443370547475
0.030654473679320338,0.525858025530585
0.03045637651244848,0.534917920700868
0.04929635079676892,0.06439771189599626
0.028576507784422556,0.6169691911630418
0.04115384198249089,0.18167559710948952
0.027643895970707433,0.6585443869418444
0.024675064292632443,0.7875998678886178
0.030918784927491783,0.5139203303872536
0.05522264697815937,0.026927838741493224
0.06501851380331464,0.005131750029655237
0.04714299965363489,0.0862681221312518
0.027509376342453318,0.6645458421034691
0.02903142548514509,0.5968014341091783
0.032443965245255585,0.44842334704811937
0.043841847127381484,0.13168541237601372
0.04213355636326388,0.16194871169939962
0.027112225920923105,0.682239310488253
0.030741849575862568,0.5218926034193573
0.01871584559530788,0.9669476569832799
0.018430739090335962,0.9713092296596907
0.031099156455559218,0.505872881904582
0.03293592405005419,0.428535042330139
0.05235097845000025,0.04159509366315313
0.05081098179485749,0.05201961390610317
0.03438567047907748,0.3734337912579931
0.02117038213397643,0.9122987419452858
0.031847560724582835,0.47334502420211033
0.03968599904716008,0.2147328823138202
0.02632923408619736,0.7168775579714344
0.037522931074551624,0.27170881602665914
0.021811396687631657,0.8931050115958041
0.02634093919228664,0.716363361866971
0.040113239333841144,0.20466206774660323
0.04134942923734691,0.17759238162915497
0.021969337653510945,0.888088693459679
0.031222399463825046,0.5004206229294272
0.03781238432589695,0.26348586562847043
0.021923119126488144,0.889568001990678
0.06432652204218392,0.0058206478419300005
0.022184023219016247,0.8810960783261456
0.04057423589266462,0.19421308712387125
0.05438202346619764,0.030656504693707624
0.036891553474632216,0.2903099276933514
0.02507661012418494,0.7708699281830407
0.033842564350159865,0.3934644601506399
0.0243712794237253,0.8000140209618258
0.03446241058805932,0.3706622211051712
0.03236466663005222,0.451685738705759
0.02612937147020855,0.7256353953451491
0.026993008206981473,0.6875389272404757
0.029150294655410414,0.5915528816445539
0.03546993921303321,0.33561146767955674
0.024722694576086668,0.7856336941048909
0.0261423178025858,0.7250694131831905
0.025600731234162177,0.7485641585819307
0.016994162713992178,0.9875281091657987
0.03407460620692304,0.3848170878938871
0.027676687453765947,0.6570811091255256
0.03521917934840024,0.344103947339921
0.0288579359429455,0.6044786936160639
0.023253446293683866,0.8434993672715244
0.03523258666838057,0.3436460248822409
0.03834651648069953,0.24880615014056467
0.04070653804903446,0.19129299715743378
0.020507548933568875,0.9300739187556306
0.020387078529877534,0.9330693227953978
0.0343270038825762,0.3755623998808124
0.04078671422834379,0.18954027750442742
0.03666882490545664,0.29709199304420847
0.05188482324872501,0.04453967986815899
0.03008321781500467,0.55224529873667
0.018549110454274986,0.969547113055096
0.03973706378233577,0.21350933925003618
0.029658090993477215,0.5723985065372892
0.04234428185571448,0.1579383615223519
0.05095716852940954,0.05094149173726662
0.03445649932536832,0.37087519863245044
0.0385584186019996,0.24315765841125073
0.03666342129948447,0.29725797236406604
0.03421059408145194,0.37981125363400464
0.02064132104474309,0.9266620197860355
0.059007940023502736,0.014652146656466495
0.04647570066968537,0.09420033068841738
0.043994741747847566,0.12921813403303997
0.029331399090729016,0.5881812726178348
0.0479664493933345,0.07726102120296365
0.029211936037950692,0.594016307383418
0.03443210362018129,0.3717550642851269
0.03012173086843105,0.5504412406937157
0.025213594421229946,0.7650875128238894
0.021178909588493666,0.9120560625350975
0.05030781711247734,0.05588224084864495
0.023370293287235222,0.8391360571207672
0.030371005120292782,0.5388520465389651
0.03387235481680334,0.39234680787659376
0.03386413002410826,0.3926551583292417
0.03135192110140528,0.49473121867003633
0.029064744713325097,0.5953292524603723
0.027249578880487693,0.676125836803817
0.021155706212329803,0.9127155806609138
0.023557301007528397,0.8320580807452842
0.048802453916332866,0.06894369256432693
0.04999785270779289,0.05838250684298113
0.025031281124779398,0.7727753488440338
0.030151621593351996,0.5490435663160032
0.03107214467205449,0.5070729109256232
0.02762154747081058,0.6595416027474155
0.03404842371062805,0.38578614014526635
0.04001787141273916,0.20687749103605693
0.02912679703557014,0.5925895959177283
0.02847446431602385,0.6215074800847025
0.026474015726774214,0.7105082199347874
0.02343514302400873,0.8366946015951512
0.035698784642531955,0.3279937434472925
0.029402620560973203,0.5847187236108862
0.02116714948779208,0.9123906473011438
0.03093913571040874,0.5130083322079507
0.02162413161722254,0.8989083415913999
0.044324697771651905,0.12402225357978862
0.03152683414965396,0.487114109429917
0.05005717923724373,0.05789666384576241
0.03626405858704862,0.3097149542721278
0.022333445906884908,0.8761138468293623
0.04342362618037676,0.13863116373469336
0.03360764721544418,0.4023550747813588
0.03529773414940729,0.3414271450419645
0.027348655530633814,0.6717118293563664
0.04445215788912904,0.12206153807989485
0.025207313228236883,0.7653534332727401
0.03287160806481057,0.43110076890543575
0.028916534154966977,0.601883479217861
0.04083342571003434,0.18852497045378624
0.029174494376954074,0.5904856161336989
0.03121846384544069,0.5005941520114116
0.039832892294752065,0.21122784401049932
0.043537705774814445,0.1367076551507292
0.028128181571509203,0.6369349115649798
0.024278659420814752,0.803753351489851
0.06365617673935947,0.006567615274449233
0.02581976508073497,0.7391099039805948
0.038224060490658546,0.252115506518492
0.026116072314573024,0.7262166028613288
0.03518491530010359,0.34527620793512176
0.0276059274793109,0.660238552810055
0.020439309869324115,0.9317796503799785
0.029083389085656552,0.594505802632084
0.02946737602429783,0.5815810495828836
0.03576578646922357,0.3257872568774515
0.03181008322185197,0.47494073627422323
0.043524063530549495,0.13693652951301968
0.027274507523187608,0.6750155268746254
0.03301782737865677,0.4252826662330256
0.035820890588869836,0.32398065456004105
0.026445589389925916,0.7117603079736752
0.03914634527447092,0.22799788927093323
0.057081909807233155,0.020070975536978407
0.039986839397054885,0.2076023899946334
0.0203482404339268,0.9340193212820196
0.02828875633360317,0.6297766993560999
0.02348686636041264,0.8347373650558145
0.034660317516744255,0.3635814063771774
0.029788046152600445,0.5661915595780034
0.03684830555653895,0.2916177728058416
0.02636153261471466,0.7154583824619118
0.020752591703787446,0.9237557638193405
0.031716660778792205,0.47893371356684244
0.040671030304078565,0.19207328963656853
0.033469461673776624,0.40764890070454457
0.015071791032914839,0.9973154621797863
0.03926169212263303,0.22511085547138998
0.02724558685809897,0.6763036197330434
0.025825440290020873,0.738864029117333
0.03452876367335911,0.36827747815460254
0.03584217827035252,0.32328468127698307
0.03180595962421773,0.47511652421032824
0.024085062302642624,0.8114961520566579
0.030467344515285544,0.5344137831223341
0.021330872582203897,0.9076731949605636
0.03199187779894597,0.4672330437455995
0.024032315145768812,0.813587961539471
0.028560772723571937,0.61766870502457
0.0398968632026484,0.20971539664553773
0.03625841596298124,0.3098936564375879
0.028145257497658782,0.6361734071321804
0.032815388851194505,0.43335195827625883
0.032495315478185405,0.446319151958752
0.04903306448983724,0.06678815763164662
0.04207105496305025,0.16315374218832604
0.05839603090857126,0.01621108499881565
0.0410128402526041,0.18466506553024734
0.023369789626177917,0.8391549640003454
0.031676807357314096,0.48064371315167964
0.03537847106509723,0.3386915764545473
0.022645278111190326,0.8654224489988317
0.027736514043575244,0.6544112327894731
0.022964732193050064,0.8540762955881191
0.031170064254445906,0.5027313264071824
0.03463663927456051,0.36442351104630394
0.032764904390747585,0.43538023963083555
0.016410802896152488,0.9916951726091603
0.05207527331151229,0.04331546706412409
0.042765422090143,0.15016261186188884
0.03229139898633049,0.45471398057899165
0.032908441944192623,0.4296301085646699
0.02975733064261593,0.5676549236742416
0.028427194748888107,0.6236111642137828
0.02527169811415697,0.7626241924914534
0.02593667792971341,0.7340359775723818
0.05872796511602879,0.015347905248384957
0.028050878002431334,0.640382953245002
0.028654912372689134,0.613485343324815
0.02476754012663973,0.7837778009294468
0.027556970821489724,0.6624227560678997
0.0232832995596442,0.8423890069030556
0.03251227787419575,0.4456255264271885
0.020426336109256704,0.9321012831971278
0.0238868800231688,0.8193145434723907
0.02185191304395334,0.8918286982337937
0.044401926176169504,0.12283119146602355
0.03722747362073853,0.2802991267131085
0.04555030038948382,0.10620184343169223
0.022747829753750004,0.8618223656493609
0.050934266465516576,0.05110910834537199
0.03927328550027803,0.22482224857206057
0.038250761835146585,0.25139107522277787
0.027686562040834306,0.6566404516148583
0.040053853016820906,0.20603944266374494
0.0324918859852682,0.4464594780227345
0.020399887859898214,0.9327543208369466
0.038368015237151054,0.2482285708178189
0.024186442503801447,0.8074541085024637
0.035742167670962055,0.3265638349104102
0.020972905001817532,0.9178204573480993
0.020818127348628368,0.9220152371796729
0.05477516505842395,0.028859566948105743
0.02601964483690311,0.7304245312021616
0.029336477419314277,0.5879339805699428
0.04989246926540192,0.05925415457091188
0.019803235915502426,0.9465365581894039
0.03692168081405134,0.2894014281199311
0.033511478169536923,0.40603423979314446
0.027913560084895872,0.6465099229499125
0.020724879894250633,0.9244853335226195
0.03024907830321466,0.5445016748616683
0.042382739386941704,0.15721514540853015
0.032552939995415864,0.44396570095244636
0.033069491380974814,0.42323970630505325
0.033442007158777765,0.40870633046127863
0.028525640448397893,0.6192309242688683
0.0469475010515632,0.08853166632771753
0.028286311643912543,0.6298856307334333
0.017129944192721916,0.9863753531782508
0.031021340670004616,0.5093348318050065
0.03978118119530938,0.21245662206221286
0.04311000047923605,0.14403275538128796
0.049311259981944355,0.06426456215176515
0.024755667914009072,0.784269558679062
0.05197475211200575,0.04395792259349316
0.035131046324420934,0.34712497279601506
0.020025818796713273,0.9416086880879582
0.02866449768810375,0.6130596276495317
0.03518296434799856,0.345343040821945
0.043117260496042975,0.14390581622579302
0.05144373393648638,0.04749093021070511
0.052187357410534596,0.042608749630674445
0.016688553249735727,0.9898642254872525
0.050045748386777056,0.05799000364319643
0.01829048351693907,0.9733086632945195
0.0319580940667753,0.4686591603924491
0.026759226661498436,0.697908695072103
0.021812375168503984,0.893074274404384
0.030718255613336964,0.5229615257875806
0.05236567210534826,0.041505100227701694
0.04342835872253514,0.13855093294694987
0.03874965737770464,0.23814439167879026
0.04583958588991621,0.10232077699177679
0.025477950993328502,0.753831825600582
0.042894352914313344,0.14784480815421278
0.024134949671701295,0.8095106469653645
0.02737804378451536,0.6704019763617428
0.026936054346203053,0.6900681694600579
0.03919949588518501,0.22666405411664187
0.027515315420179376,0.6642809336459692
0.0313216941049617,0.4960552512157079
0.021302155129005435,0.9085098655496278
0.03183672659878656,0.47380595812121207
0.02805962838684073,0.6399926014921988
0.02492228912272143,0.7773398870018142
0.029473418439695975,0.5812887810026862
0.029913272730603235,0.5602490592503016
0.02458612570475205,0.7912572583018906
0.04190420026091002,0.16640587770298365
0.04574609314600231,0.10356197294597988
0.03131803625824503,0.49621562977235995
0.022245795628976828,0.8790476995730336
0.03962397199416995,0.21622639700986648
0.02470664720526461,0.7862967033995942
0.021427678568185393,0.9048241638585398
0.051008353308142906,0.050568593564533214
0.026308629992207844,0.7177823484612896
0.023683923245886307,0.8272016812660066
0.03157179795600695,0.4851683259404942
0.023233710668628726,0.8442317286177918
0.0255982655299668,0.7486701796413943
0.024848000528159386,0.7804368956860582
0.03523805855114004,0.3434592599973021
0.019881746557194657,0.944827515042874
0.03222074810955178,0.4576467724862775
0.038095569556576336,0.25562373298978397
0.038384850407302495,0.24777699402806977
0.024427540181231555,0.7977319333745623
0.036968317282132124,0.2879992484696912
0.04644512038784421,0.09457799496923519
0.029597502579464252,0.5753062492254594
0.02854497677344192,0.6183710346959823
0.021901411064766063,0.8902595735045302
0.030972018476121133,0.5115368910129887
0.040817560479013415,0.18886933073504678
0.030663466922796867,0.5254490127992991
0.033386640591780425,0.4108445225002518
0.04416250008889733,0.12655459954928286
0.025068994227333385,0.771190349388521
0.02054900474183219,0.9290261967296592
0.05431049984407854,0.03099380185227734
0.025739840841441985,0.7425677947107872
0.030982755870834655,0.5110569922592862
0.022296914464356055,0.8773405143920409
0.038130216157746866,0.25467414876033895
0.03067139466208757,0.5250886243273983
0.020181762508516,0.9380044003173792
0.04715175004620642,0.08616795547437668
0.049956041493530334,0.058727010000693
0.018113846235564446,0.975692211916328
0.02727754844716712,0.6748800712331846
0.02646160154755961,0.7110551134314568
0.027349597383342472,0.6716698540981136
0.044673256721199095,0.11872077742225302
0.02978609420485459,0.5662844874728361
0.02456258216517887,0.7922223237613806
0.01578595936346601,0.9949096829464321
0.04594563811482438,0.1009278433428461
0.020520127139364797,0.929756942185436
0.03161745930296811,0.48319750867854905
0.04174732056385172,0.16951061851645205
0.021580508980596602,0.9002373331671164
0.02474711646036254,0.7846235733000775
0.03285007780886945,0.4319619733694941
0.03279148834592052,0.4343113996117873
0.02083214600548955,0.9216401620917068
0.026193340717426544,0.7228369840703595
0.029282019903837053,0.5905890238654997
0.025469966798563726,0.7541735306250542
0.02389750855358619,0.8188981134527138
0.029367901445570554,0.5864051380585237
0.013840179661403273,0.9993089365412012
0.01979465284104376,0.9467214691574326
0.030587843268516296,0.5288945763767666
0.04384284600787458,0.1316691694448537
0.06402986183128723,0.0061410793822660745
0.029822579917753278,0.5645490062146754
0.02088240468324082,0.9202874978601113
0.03591289405470688,0.3209805067677296
0.021212378769828788,0.9111002084397427
0.028842592993482685,0.6051585468908796
0.044810494223750885,0.11668524407147353
0.02396066576072786,0.8164167989045347
0.033898721838444834,0.391359429830966
0.01991646050876797,0.9440617191471068
0.020537399146606516,0.9293203802260306
0.05511299141093284,0.027390329402367818
0.017429197743445313,0.9835711329616981
0.0418188160115808,0.16809000151256162
0.03565508453728522,0.32943867517747943
0.06522165724563611,0.004944184991961311
0.02849429845924889,0.6206250383651141
0.032517618285083094,0.4454072954302238
0.03398746065823094,0.38804904791930267
0.023256517631145224,0.8433852734603972
0.02514628124309637,0.767933431408201
0.019778162207392147,0.9470756712449309
0.025221899712077278,0.7647357878901536
0.04170918030882506,0.17027237233261489
0.03224857141743431,0.45649030910283317
0.03577587091959569,0.3254560913392916
0.021437819469241393,0.9045231709657828
0.04424207636031119,0.12530695775351058
0.02465349123411653,0.7884886963904526
0.0291739226348966,0.5905108262933951
0.03905981387897295,0.2301823384208183
0.025991147299886497,0.7316659656855599
0.04119198685771536,0.18087347927379235
0.024657681386481056,0.7883161423699793
0.024358644030678056,0.8005254457924794
0.020338782449799586,0.9342495073547145
0.02627943198336291,0.7190637903936246
0.03458174102525213,0.36638123484642005
0.02246069314002698,0.8717983244780415
0.035088014398984624,0.348606885674946
0.05371277918618125,0.03394258104285601
0.02439922344967782,0.7988815322333367
0.04220452533910529,0.16058907878333561
0.02490516625546449,0.7780547553422446
0.037970699002121466,0.2590683849310413
0.02095171135726792,0.918401795489887
0.033465462157450665,0.4078028280669022
0.053853914728624885,0.03322495575087525
0.022410713154305595,0.8735012427982045
0.022973128904005158,0.8537729119521784
0.025380379246951357,0.7580003618584619
0.028209374848800733,0.6333146404983914
0.02158096855690156,0.9002233773546463
0.05197570723139777,0.04395177944529591
0.02421019250672593,0.8065031603466981
0.023528588646186455,0.8331522133843915
0.02980507057538817,0.5653814549380481
0.02557695139885008,0.7495862568522975
0.020505404011142203,0.9301278921471707
0.02785086260163122,0.6493079439922294
0.04715736793943753,0.08610369842053475
0.030053137598514135,0.553656850123431
0.034574806573580696,0.3666290505900026
0.047282916849087475,0.084678156849651
0.030737386219284457,0.5220947101626638
0.024795887429884922,0.7826023692765895
0.037214991709877854,0.2806664404880527
0.021925434927334134,0.8894941033279763
0.03202478738715153,0.4658465672337176
0.03062563703000104,0.5271708588856128
0.027531969460274253,0.6635380589705008
0.028229993676779586,0.6323955245395552
0.03228277143715222,0.4550714506312226
0.034056318886206194,0.3854937495379368
0.020027966478506853,0.9415598971011006
0.032277066035004354,0.4553079479091396
0.03809747881426023,0.2555713349368515
0.02397659190115642,0.8157892743097632
0.04437244764809828,0.12328471448476526
0.016251481157258746,0.9926282678034755
0.048082890964210145,0.07605394582276383
0.03183891487703838,0.47371283502446637
0.03201833067270726,0.4661183745187101
0.04506315563466157,0.11301293060790515
0.02925464248430998,0.5919264608227967
0.017936722744860578,0.9779345152408858
0.03118785799841517,0.5019449349220908
0.03258320949885779,0.44273278464852484
0.02333500790469578,0.8404585684109958
0.021944959944655174,0.8888701122312161
0.0426645497023625,0.15199636950703663
0.029533468471899083,0.578388945856652
0.036344242556888784,0.3071836689572045
0.02249695258435025,0.8705565764988095
0.03148911313380853,0.4887503469449066
0.03490896740606264,0.3548212714944479
0.029134548454057274,0.592247558969603
0.04346037709930406,0.13800911593346138
0.02995340923427796,0.5583524595310861
0.049987263978576224,0.0584695881730504
0.034487313729920754,0.3697659274517913
0.03915212434557669,0.22785256922874347
0.030168187354433995,0.5482698979391785
0.03205542993605914,0.46455803202254753
0.044175530737375235,0.12634960414360444
0.022969389475029578,0.8539080540880302
0.027727808268466547,0.6547997562370846
0.04812652295902636,0.07560577258921099
0.03665339677070922,0.2975660708899524
0.028920993622892466,0.6016860632415622
0.061370952595088124,0.00981832322507342
0.038954292128576595,0.2328679154779634
0.034158661675322555,0.3817175353410525
0.04734022474009114,0.08403408878895832
0.037088169738311194,0.28441887265437665
0.04437019913980389,0.12331936378041529
0.03324741130087028,0.41625515107445016
0.021598528788740246,0.89968940504508
0.05133595338577046,0.04823731004439039
0.022068264505155755,0.8848911094999231
0.025206217584673007,0.7653998109039113
0.03372951549805692,0.39772576602999105
0.03547986327619357,0.33527849969017287
0.02662676356871585,0.7037683158660395
0.029756604642820733,0.5676895396878259
0.032588802405823236,0.4425052289105106
0.043863877942103224,0.13132754574674496
0.03340001585137187,0.4103272861090065
0.02782758463041124,0.6503468176293155
0.02248258497034117,0.8710492452597551
0.024594228743130442,0.7909248056173137
0.015757391681312738,0.995029681484796
0.02654914108899531,0.7071957855126745
0.01793300782175969,0.9779799831603992
0.025393106973426394,0.7574575118152332
0.03888568234850087,0.2346269213866413
0.04902900706761215,0.06682558020965679
0.028631485526133815,0.6145259949258288
0.03263064912601743,0.4408051136045126
0.021524468212318792,0.901931818476484
0.026564373379570655,0.7065235791178412
0.044404680668829855,0.12278888400911185
0.03748796487700701,0.27271503349737986
0.03348433202679013,0.407076942262453
0.03247124994474393,0.4473044725415641
0.03221272519479018,0.4579806006403552
0.03919452101690343,0.2267886448760792
0.01637921160233413,0.9918867737623989
0.025762355124288705,0.7415946360633462
0.03840815654127416,0.24715287515081008
0.04217875963884277,0.16108163977033044
0.05808153716612641,0.01706877557377142
0.025172258483188298,0.7668361570715471
0.05804557245675157,0.01716940197808658
0.061670454669100094,0.00932209864486385
0.023672949095667306,0.8276245694452201
0.032817864854167655,0.43325264532395413
0.03878887368337869,0.23712618410142236
0.02647839940958352,0.7103150687158792
0.028943393271181117,0.600694643033661
0.03564340961321322,0.3298254806327568
0.024530208200546855,0.7935471943970726
0.029675263411493846,0.5715759792603041
0.04980435601622091,0.059991502002729936
0.01603825832324235,0.9937520828645902
0.03329976259315681,0.4142150443110543
0.040818503406267526,0.18884885033297488
0.02210027588594346,0.8838473713860703
0.03917877274330528,0.22718339286695854
0.0235784125856916,0.8312519027923946
0.0606802408558762,0.01105512119518353
0.03534080538139561,0.33996581901532574
0.020136451492695384,0.9390645166817988
0.04840498856424369,0.07279786029057526
0.04879969730297473,0.06896981290868173
0.02302030375379782,0.8520636401169521
0.033911226369556735,0.3908917695779709
0.025982648525299523,0.732036001615456
0.029983290883796476,0.5569429777711605
0.028816297985768125,0.6063240101556642
0.03575860238836581,0.32602332534053985
0.061890777099342764,0.008971698852909438
0.03545907439292373,0.33597627235370736
0.030763928397999962,0.5208935672574689
0.07042536601363203,0.0018308826734000248
0.032845323374300794,0.432152305566622
0.028326123915758505,0.628111879939488
0.03134958888282027,0.4948332959727405
0.030382754839059445,0.5383095305334471
0.022548337519761513,0.8687878142829366
0.026301717117534706,0.7180858189604161
0.05445809950879432,0.03030128842378778
0.032670224527675984,0.4392013021866817
0.025891119537281515,0.7360153363186358
0.038285886293984106,0.2504405238405155
0.035254537578238376,0.3428972411435553
0.028884705095761354,0.6032928750755954
0.02151644834316785,0.9021731270302096
0.03033664656736701,0.5404404123379984
0.02313846699575761,0.8477470357398854
0.016027083974001655,0.9938071984491013
0.02169914690501895,0.8966026490575687
0.0517347959577692,0.045525103654769146
0.03603074754510699,0.31716696818271894
0.01983392145060825,0.9458723706967217
0.04854390743909054,0.07143048839095947
0.03218496851142616,0.45913677841639694
0.025429043777430382,0.7559232805757847
0.03488550294567494,0.35564147810579283
0.052729274658003256,0.039331536149406064
0.05206703025730841,0.043367841475981155
0.027003521222820237,0.6870718702237579
0.04178405314184508,0.1687795499728292
0.057229939636500915,0.01959861034131143
0.024146850856683777,0.8090359734897374
0.03375585190166994,0.39673019654651864
0.019462113015044302,0.9535928587756195
0.018350384187815538,0.9724664044560455
0.03289749327268976,0.4300669004551017
0.03166260099226392,0.48125422578841215
0.02545387226682233,0.7548620190211117
0.03748083085280651,0.2729206706360002
0.029348516267647368,0.5873479878400061
0.027799868460708588,0.6515837758817498
0.03600297602692615,0.31806262238834926
0.0515342754829658,0.04687168141430006
0.028902714223354053,0.6024953515249484
0.036566943038117916,0.30023295650491855
0.02823443886428323,0.6321973874832756
0.03709250856490831,0.28428988144780354
0.021257093580102637,0.9098148342713792
0.03163773860954927,0.482323886501433
0.033782754765493195,0.39571499225793244
0.0541808413902487,0.031613587221841405
0.03838929225927268,0.2476579525871771
0.01737003366121581,0.9841550556897933
0.03827202169676158,0.25081540637032657
0.02626249983436857,0.7198065075040674
0.020065418012904845,0.9407052632498429
0.02983834836120247,0.5637999596830705
0.021243124994730633,0.9102173999981664
0.05416910119174312,0.03167024137373606
0.032358451960174395,0.45194207796467845
0.02300227254573678,0.8527179161240792
0.03129190869055831,0.4973621614012962
0.032750883362824945,0.43594468324746105
0.039477600802778734,0.21978269326974031
0.02674642156842011,0.6984756890252748
0.028547936111884442,0.61823944647986
0.042180292183653434,0.16105230840289156
0.037566756144113755,0.27045159950034875
0.04618840184631301,0.09779862811557899
0.036874068015254946,0.2908381752213964
0.040046887927314034,0.20620145977166338
0.02777105345187615,0.6528697754579108
0.047657753821238935,0.08053975998788883
0.028857806993381696,0.6044844068528139
0.026918817750039736,0.6908332705999709
0.014977804276320283,0.9975500016721681
0.028651694617116585,0.6136282645965753
0.04652877668135824,0.09354783942221387
0.028160044193576123,0.6355140398260997
0.04297342633053847,0.1464376517925245
0.03344666340306984,0.40852685980112247
0.046992338936303446,0.08800816063940775
0.024674271832321848,0.7876325368527985
0.04370949116190548,0.1338521749397921
0.025511762518921066,0.7523836136717839
0.021545077177181793,0.9013103553550207
0.04239255985220869,0.15703089284297983
0.0440819642944949,0.12782762077996332
0.05052627168760104,0.054175936852272726
0.036870245305059335,0.2909537566260804
0.03078056002269014,0.520141803048195
0.04149655140410313,0.1745692011924736
0.05459491877795797,0.02967155924683467
0.025127774763013755,0.7687143571225237
0.021516047262345295,0.9021851872737205
0.0378747564627816,0.26173876022446396
0.03361533626823687,0.4020619058864273
0.032590249517951725,0.4424463637322422
0.030867389372381315,0.5162281228395588
0.03242678550446676,0.44912879809870004
0.04344685900036599,0.1382376596526101
0.03816204445988769,0.25380416370821013
0.024835774602457006,0.7809454524398237
0.03013167601458444,0.5499759693063744
0.027677830408793652,0.6570301046487117
0.0431113100405649,0.14400985140538308
0.04323517426963941,0.1418567866104348
0.019938237352599253,0.943578148913767
0.027730149672961724,0.6546952637723296
0.027332055753243156,0.6724515847188934
0.02655973984375537,0.7067280789896698
0.026313058613874785,0.7175879096528062
0.017496841546527087,0.9828852734419746
0.03429442078148737,0.37674828334762156
0.035974157462333234,0.31899398952118957
0.02166195046406827,0.8977491286499509
0.0396432820154487,0.2157605812417594
0.027499821498204458,0.6649720159467355
0.03428144132650876,0.37722140873068
0.03126844870151679,0.4983930786900201
0.03683132769875108,0.29213238443703277
0.01691570004642995,0.9881614527115242
0.023252959384847893,0.8435174519408462
0.023990142151894434,0.8152547928551109
0.025518033609090607,0.752114806746299
0.017155915196515936,0.9861465219516086
0.02653877856863529,0.707652976970252
0.03511076177010966,0.34782296106792193
0.03756483754251849,0.27050654725997664
0.04231805391583349,0.15843312325354214
0.0337812890254372,0.3957702570163353
0.03956673764596419,0.21761164069385094
0.030065256535289464,0.553087889253182
0.04161685935914616,0.17212754001412303
0.030123656824448675,0.5503511184075499
0.026031689629004623,0.7298995255579976
0.034168663549033806,0.38134987855147207
0.029663508804443184,0.572138926670056
0.01877894755992293,0.9659277396937769
0.0418030384854971,0.16840268189575824
0.048424020547953806,0.0726092257233456
0.02969793389722225,0.5704911924894605
0.044102867103675614,0.12749620985665536
0.027203431852711013,0.6781806242209454
0.02074709677235176,0.9239007325638571
0.03215021982727079,0.46058691430488724
0.03181393635637292,0.47477651644333935
0.024073685379497167,0.811947987278133
0.025531441735434646,0.7515398620738722
0.02648539781438597,0.7100066740063833
0.029418902511914258,0.5839288510045914
0.04026186972307497,0.20124631118859046
0.03309761069695866,0.42213057855784486
0.028440054844246387,0.6230387555559136
0.03568336861154131,0.32850294606555297
0.020697644369899404,0.9251986393119663
0.02154368251129346,0.9013524733435555
0.03674541648629254,0.2947467222787032
0.021454935998261593,0.904014044930169
0.030433634998670467,0.5359641606300721
0.048205476842305806,0.07480047109436325
0.026262546730185243,0.7198044508621225
0.03239242520332411,0.45054194687814475
0.048688565085333146,0.07002988645629614
0.024607955047457386,0.7903612877012401
0.03961602093532407,0.21641842683858642
0.017657147515606986,0.9811808108056697
0.0380100174834056,0.2579799932107703
0.04989633460394774,0.059221987477016694
0.03820891208585708,0.25252719949939867
0.028138766449937958,0.6364628698154777
0.03565364433735141,0.32948637314892754
0.04604333492740953,0.0996586552657746
0.031183127571707492,0.5021539186904509
0.03332077698751701,0.4133980444106467
0.033345390416266996,0.41244252045754926
0.01999516710793403,0.9423024477415197
0.04171872342242722,0.170081517712155
0.02638878304305811,0.7142602298764446
0.028437896995067935,0.6231347981354118
0.02768946235024479,0.6565110228164426
0.017268946978932498,0.9851187694552618
0.02713717151800976,0.6811295676174169
0.03728083301525725,0.27873292230754365
0.01908664014612882,0.9606668994091008
0.025846781368125182,0.7379390457657705
0.024269447273823186,0.8041240551783141
0.027544550011828095,0.6629768568220484
0.02444554969108692,0.796999743926691
0.06712877773523884,0.0034659490940572553
0.021494397100000506,0.9028350881434514
0.04286692104066414,0.1483355184289205
0.028853791032814158,0.6046623428468036
0.045223107846680766,0.11073782000213253
0.02355492844486673,0.832148591578539
0.02368092290823043,0.8273173362336699
0.02050924072982674,0.930031331155109
0.02303370748292216,0.8515765117685263
0.018410305055797382,0.971606474837161
0.03914348803380385,0.228069763550477
0.04257624293708384,0.15361647001860299
0.027039263987454487,0.6854835225298344
0.037012304714757915,0.2866813391812959
0.035526375215576,0.33372111952307404
0.022553559560705927,0.8686074731622851
0.033142130952912074,0.42037857363663783
0.03217066939551538,0.459733145440409
0.042961970299047914,0.14664084510301845
0.02912125449718006,0.5928341911860425
0.02854553816856964,0.6183460717387166
0.03993479262485594,0.2088226283184565
0.028854135410884774,0.604647084042697
0.025685322755864104,0.7449212483320189
0.024917369300142878,0.7775453492510687
0.02305533441858576,0.8507891610642957
0.03469423680956307,0.36237748073910675
0.03558107307212249,0.33189632408594116
0.04385405041035623,0.1314870851297524
0.0340951254001961,0.3840588284650367
0.020815323482768044,0.922090139201137
0.02570030608141849,0.7442748769334618
0.031110101297936538,0.505387159552166
0.04161547415052069,0.17215549747172318
0.036661006123034356,0.2973321799985856
0.018258285589424383,0.9737542519186544
0.06489195702891781,0.005251873507973606
0.025218446716072207,0.7648820360621837
0.030706309027094036,0.523503287975452
0.027038627117896175,0.6855118294941756
0.04761459478990304,0.08100739097925996
0.038315083941705796,0.24965244479789392
0.022317561244970086,0.876647906782645
0.03492559203105647,0.3542409673705492
0.02398743145078397,0.8153617568012829
0.043820251872171534,0.13203697570523645
0.04309105497453364,0.14436443873651078
0.029260449547357736,0.5916426261745833
0.05427278538193214,0.031172970233602836
0.02142163499839045,0.9050033149521243
0.0389709753626013,0.23244172666626664
0.02442869144822446,0.7976851519517363
0.02527296857776773,0.7625702620987764
0.03799796098783281,0.2583133663112285
0.04144741782595496,0.17557425447661368
0.04302219044535144,0.14557527801671
0.024965171594509533,0.7755468920544567
0.02279764343802282,0.8600590703230422
0.02079462562381118,0.9226418549529909
0.0344432161797259,0.3713540923679624
0.046712202327326646,0.09132193287630393
0.029257476059857623,0.591787952750561
0.044358706323693875,0.12349659175208778
0.029030130343029925,0.5968586742035051
0.019992510603124458,0.9423623465990022
0.03196391115896835,0.4684133997397761
0.029729993614881545,0.5689592439069785
0.027711333725914,0.6555349768566934
0.033127324757641685,0.42096069267637193
0.03210087171189385,0.46265149861264837
0.031231402505991213,0.500023805794666
0.04102469427101857,0.1844122541089719
0.022419071750129915,0.8732171545366371
0.017890607749389553,0.9784944295076354
0.05342297104984933,0.03545889244273288
0.04563511320686614,0.10505153915914807
0.021629024628378013,0.8987587297353975
0.03215574901054974,0.4603559680244217
0.058223612717012485,0.01667639987880945
0.017237257846221987,0.9854121666516203
0.028117307454281093,0.6374198750499227
0.036841776007681404,0.29181560888783425
0.03889543928118777,0.23437615545636234
0.02405731383398957,0.8125975514236002
0.021290800021383893,0.9088396144300958
0.029360475777341855,0.5867661992593455
0.033513033077913534,0.4059745702094791
0.03338793648684646,0.41079438927604833
0.01933188569766886,0.9561283964461317
0.03631313546013862,0.30816386656890726
0.017109762873392276,0.9865513058404712
0.03392113800146995,0.39052135728846465
0.051067024780971804,0.0501440549616035
0.04178324740369266,0.1687955591243458
0.020581352732394698,0.9282026497303832
0.045980899502054196,0.10046821649244421
0.04896999559151388,0.06737188136651182
0.03843886898522353,0.24633224853771837
0.033307121838306974,0.4139288055339151
0.018934829294833838,0.9633224230251501
0.0339591691161909,0.3891023383939251
0.03592987643946183,0.32042894050673654
0.02067546222332095,0.9257768626974061
0.06334229326288565,0.006946591937228942
0.03060087843185405,0.5282996650109417
0.04797678778299727,0.07715319799852509
0.0343042335718462,0.37639086474852845
0.03462198521798088,0.36494536454192655
0.02495678071471058,0.7758980295909345
0.025239747508798316,0.7639795118243833
0.04479752442038232,0.11687637634751714
0.051582154292749094,0.04654705697241612
0.04186003686718809,0.16727526876610396
0.06022675910615166,0.011941962400200547
0.022909368798543536,0.8560701505122186
0.03132385508045177,0.4959605187058971
0.01962920397575285,0.9502115401211298
0.03244792880275005,0.4482606963599275
0.024426181847967188,0.7977871246274333
0.028976858369724745,0.5992140561694088
0.019091449048810216,0.9605808639606757
0.05582313249900672,0.024515529809119307
0.03255989834144901,0.4436820757520324
0.019954434243289076,0.9432169016290417
0.042670831828894196,0.15188164237099874
0.025712060613898524,0.74376756256557
0.03783276191539345,0.26291410576241225
0.028983453581132856,0.5989223516997475
0.03230448822011911,0.4541720022238603
0.022544185414259732,0.8689311282637261
0.054207124301747234,0.03148707787505067
0.03679508813899601,0.29323307982211466
0.02620507750384382,0.7223230526948818
0.03059909996971366,0.5283808075679719
0.035403229495008515,0.33785586114423016
0.018605842059199407,0.9686781314147432
0.02728550294994142,0.6745257295786049
0.04659052465145047,0.09279350114374736
0.020871742555591766,0.9205754992617703
0.033051465664840296,0.42395174396711804
0.034792276191940585,0.35891354521635305
0.0303787833036272,0.5384928691418602
0.01867643208040526,0.9675745990949404
0.02761092829679923,0.6600154238460644
0.03385823548061673,0.3928762501266985
0.027563952992970375,0.6621112664318995
0.0306568034862994,0.5257520467960815
0.037495799730080104,0.27248932878067894
0.028023830395479843,0.6415896094946091
0.03317018139226832,0.419277244815463
0.051869823722865305,0.04463736081157592
0.02725183632734063,0.6760252999577514
0.01938645725165722,0.9550765113147583
0.021842942839382845,0.8921118993816701
0.024884487571603442,0.7789172539216437
0.04186361127926047,0.16720476907267162
0.038485411191329144,0.24509261022807854
0.040003692419431136,0.2072084631063209
0.01659434254220077,0.9905153422987167
0.021380006355849246,0.9062326758785029
0.04513391542474465,0.11200174839562242
0.027113885124128823,0.6821655066949548
0.03659025769934565,0.29951202972767094
0.03408930268909127,0.38427389312265203
0.019589456682684775,0.9510289407970638
0.023285733744443593,0.8422983352814022
0.0344584982418672,0.3708031698267086
0.03137150843590575,0.49387444732200186
0.016811172706897748,0.9889688015498771
0.0462950961347795,0.09644916535086372
0.02938321297935287,0.5856610548324052
0.036841258923675235,0.29183128004383235
0.03775788552841369,0.2650196079855407
0.027556696968660255,0.6624349730822005
0.02585148703239154,0.7377350054332548
0.027550755609076494,0.6627000238790612
0.018166781360300144,0.9749934917665433
0.018527508456650216,0.9698738225747328
0.04683249601092243,0.08988637163434356
0.02837110676273108,0.626108355975096
0.026200239697347305,0.7225349091376245
0.03323849693855607,0.4166032207281364
0.047469304359465614,0.08259849436856449
0.04433937873931071,0.12379510885684751
0.030537509140630026,0.5311956942067466
0.05428443856218701,0.031117512985147568
0.03193006030102108,0.4698447159692782
0.021836519527917722,0.8923144722144318
0.036065998791625864,0.3160327338765095
0.03750454334923836,0.2722376097444231
0.051849765524891844,0.04476827583386661
0.030101119801573484,0.551406270960457
0.03981580396119033,0.21163329061841857
0.04172805512688027,0.16989505599662136
0.029164283157916582,0.5909359021988589
0.04387510846155973,0.13114542383940636
0.023997763550989537,0.8149539410714174
0.03701605785463058,0.28656909883598386
0.025978575250394625,0.7322133196234337
0.025786016517471144,0.7405711182000592
0.045969970029507645,0.10061049377634895
0.04376106508104394,0.13300444275496262
0.06405839228022314,0.0061095768960186475
0.028387360190609945,0.6253845961521804
0.01857792319592333,0.9691077648208158
0.03303747290544974,0.42450503413082485
0.05169595372255675,0.04578329297815014
0.0461132242140998,0.09875889809300714
0.05821833856761183,0.01669082013747856
0.03944504002876437,0.2205799204735556
0.03860145759173761,0.2420224443452483
0.03376445417895052,0.39640538624694743
0.0362994134214456,0.3085969811625094
0.04945201611059552,0.06301905969626051
0.03288559707737537,0.4305418327447519
0.02367041202200676,0.8277222821431358
0.03467649022109487,0.36300702311377964
0.0230607170943119,0.8505929374004053
0.032716213783023584,0.4373424833243768
0.03899648049831572,0.2317913315930494
0.024616395768343402,0.7900145437704865
0.042596020097079024,0.15325242999271096
0.037727179705397185,0.26588670556791355
0.025183623034284952,0.7663557188490808
0.04526140160770564,0.11019879750306397
0.030818168352086395,0.5184443892524243
0.056724214472802514,0.02125450961064972
0.02284683345682592,0.8583086157264253
0.03898718234614834,0.2320282775938746
0.022254382096708325,0.8787617040331019
0.022171301039926372,0.8815159498328592
0.04511649424829256,0.11225000680971037
0.028136930933913007,0.6365447246247177
0.029976336306809348,0.5572708233698088
0.029928804013882315,0.5595146847805073
0.018479096251224847,0.9705976730971407
0.028273642617440586,0.6304501690898751
0.02944535072795873,0.582647141976001
0.02568093941172145,0.7451102803224148
0.033461598926884106,0.40795154808429834
0.04174131618340715,0.16963036012859006
0.03515406659859105,0.3463340614513073
0.0424553226881722,0.15585742339697997
0.038422199468525875,0.24677739498617965
0.019826199511014164,0.9460399692162287
0.032070573917006295,0.4639220854593774
0.05020326473886216,0.05671510051776231
0.017585256716958653,0.9819590734647214
0.03639515111271724,0.305584452093438
0.03006046066639212,0.5533130034013793
0.03324408837605741,0.41638487462988855
0.033621406556694794,0.4018305612363663
0.03806908713380569,0.25635136054946767
0.04634098082341365,0.09587361746166047
0.02512627867655931,0.7687774593926251
0.034086649686825066,0.3843719108650256
0.021847119488473066,0.8919800815148196
0.03110183965599822,0.5057537763946695
0.02602675019089551,0.730114846055876
0.022399325291416194,0.8738878306019435
0.0294350864716445,0.5831443602351869
0.016777329918760686,0.9892214451019695
0.04195110346290132,0.16548650694265213
0.029292557864086466,0.5900747007269894
0.04224322890024723,0.15985145515405783
0.02788926267736247,0.6475942268412165
0.022443585254103726,0.8723823638588113
0.04682547034432205,0.08996969108324893
0.040237914112459916,0.20179381474346705
0.031949581548948516,0.4690189496961395
0.03252774531165975,0.44499365951722286
0.034664683540538976,0.36342628119510606
0.06559417112250099,0.004616474965665074
0.040021086688053154,0.2068024960578172
0.028118328266217796,0.6373743479497511
0.042540491910350475,0.15427630871246345
0.016145783139943748,0.9932027261416886
0.021227368064129837,0.9106703884145453
0.03640370581444202,0.30531631930834524
0.02148508973499136,0.9031138112365603
0.04560118689053139,0.10551042990560436
0.028851507098222706,0.6047635418591535
0.022053366817423592,0.8853753503506485
0.033575120980545825,0.40359686464299305
0.02100942403280326,0.9168136003108821
0.03292413779123626,0.42900445269356696
0.04007014693239341,0.2056608125817032
0.03967108412817688,0.2150912775304753
0.02877620216809018,0.6081019187224024
0.046245990175100615,0.09706831127397894
0.06101719053295551,0.01043518908584637
0.024432315970878693,0.7975378488779923
0.022298746629367594,0.8772791248436955
0.0399821492828637,0.2077121216436396
0.036096948638220036,0.3150393396929138
0.02182445953939921,0.8926943141135885
0.021173500353738328,0.9122100422463103
0.0333306824960915,0.4130133186820879
0.0584513263579326,0.016064338803630916
0.05468783643565911,0.029250494400214273
0.018948925583160275,0.9630807751872812
0.017957663451711237,0.9776770247187148
0.030004872065872212,0.5559263672927995
0.0322151863379528,0.4578781770081498
0.017630842784872203,0.981468214125989
0.03726680208510147,0.2791441239697385
0.03396025946788839,0.3890617079959174
0.0253356363151718,0.7599064674298126
0.03914177299491062,0.22811291396091343
0.037021741945643005,0.2863991741351561
0.052777839312496244,0.039048876113638
0.016682686450643136,0.989905696984237
0.038374239738122734,0.24806153559479438
0.04802209608408159,0.07668216015876304
0.021749234589184097,0.8950489433992666
0.020802281304524217,0.9224380346193111
0.023436022664190356,0.8366613890827853
0.04844208092822999,0.0724306050514651
0.04914850088081174,0.06573092196673619
0.018684601972124293,0.9674452789951667
0.017569469096382018,0.9821269491974521
0.034921272197280084,0.35439169185695163
0.02636122500956059,0.7154719032312835
0.03469486748757622,0.3623551222841369
0.035362710400501915,0.33922434699110876
0.028690446140703596,0.6119073991554717
0.012533334221768777,0.9998986435121873
0.036174055466885124,0.31257435711023357
0.024616092200793138,0.7900270171864221
0.023092271904419093,0.849440526688361
0.04467971238358215,0.11862437524041988
0.031233272996362693,0.49994138749607064
0.030924643987955247,0.5136576580213047
0.026853187956175306,0.6937448722708841
0.045118434621580494,0.112222333271043
0.04049277764713266,0.1960283226470569
0.022968306456067705,0.8539471845881129
0.03287155182168533,0.4311030171068714
0.05095642600844075,0.050946918676808416
0.03711811586994501,0.2835294744643031
0.03967711456746009,0.21494631440801615
0.031505319407371224,0.4880469279648955
0.027578639980794697,0.6614560255473657
0.039897415664212565,0.20970237173607756
0.017019509882447825,0.9873184201971553
0.030627099540926794,0.5271042265405055
0.03431131607730015,0.37613304097282746
0.02608097914639279,0.7277492827750748
0.023096871593376367,0.8492722444241323
0.03292625409218597,0.4289201413944502
0.026452592152121424,0.7114519264155126
0.04425623604794071,0.1250860137234787
0.05749363080969816,0.018781672173704328
0.02214108338098164,0.8825104773853775
0.023175446588511506,0.8463859423236755
0.031679210513274825,0.4805404882558876
0.03328450364057478,0.41480897339865613
0.02955877123457673,0.5771696569451218
0.041228368597117426,0.18011105186536946
0.03748630141817788,0.2727629720637779
0.033727549773112875,0.3978001435168123
0.03666869880513829,0.2970958656128391
0.04077786517817289,0.1897331021618212
0.02120927786487048,0.9111889932676427
0.04779166513085559,0.07910330130545248
0.024555473264666394,0.7925134631216451
0.013700185995600361,0.999422099432774
0.036665470397330036,0.29719502340835485
0.024547448213802003,0.7928419775629555
0.044772615925098846,0.11724416890875144
0.02702291247601346,0.6862102353706543
0.030765155143660294,0.5208380939607052
0.027304029606517677,0.6737003611330354
0.0325314058920918,0.44484420708034733
0.06098890499678977,0.010485994055194237
0.04269281262173785,0.1514807679612161
0.020380327429198986,0.933235008089395
0.01985075643612122,0.9455059146716516
0.022673413997354785,0.864438790980701
0.04074280854577933,0.19049852003123424
0.029660086056629398,0.5723029102221552
0.04634675527158827,0.09580139013495459
0.019608220598357984,0.9506440781671694
0.03303262240663796,0.42469694264129804
0.0367928356799766,0.2933015942935724
0.03468611096070462,0.3626656411797432
0.04697697544425683,0.0881872439260243
0.04189873541977884,0.1665132613403094
0.0413600536778016,0.1773726800742489
0.03244812720346185,0.4482525557129418
0.041875697381222654,0.16696656527508164
0.032661529863998284,0.43955332194300406
0.03855551394751991,0.2432344187787713
0.04090953598685246,0.18687984649243358
0.027045687188552936,0.6851980192092328
0.020611656119496724,0.9274263873543808
0.027904398935267083,0.6469187469710502
0.033677165510031914,0.39970981858814314
0.028030399943255735,0.6412965172435043
0.028403142938798392,0.6246818822057503
0.029119360353758617,0.5929177858744346
0.03846411169480557,0.24565932533742202
0.04601518769327584,0.1000229476953439
0.01831703078296476,0.9729375216744512
0.04955497622777216,0.06212112538647919
0.02227034122771676,0.8782293239230717
0.017342381201175483,0.9844229154804586
0.036769221524739826,0.2940205935518927
0.030172810242964587,0.5480541152422275
0.027412731333403023,0.6688556378259491
0.03379030154755114,0.39543053027050634
0.02460410634287402,0.7905193366159673
0.027827103115419083,0.6503683073129198
0.027470821228100767,0.6662654059867863
0.04070223028909281,0.1913875282353443
0.032362605850593584,0.45177072989813877
0.03702023937582333,0.2864440858665666
0.026801064654623105,0.69605538661572
0.043223127375076276,0.14206503883046007
0.026974242650079194,0.688372472542941
0.026974838414674907,0.6883460122032307
0.02565042451535765,0.7464254428729185
0.047965315076575255,0.07727285920447015
0.04225470490511618,0.15963326511880788
0.03688950107311617,0.29037189529086893
0.03681404403145033,0.29265695521371776
0.02524433198777362,0.7637851562923061
0.0265141019297086,0.7087413386458237
0.03793467014816776,0.26006875620007164
0.026495412226078874,0.7095652998627876
0.019955869334758125,0.9431848289275798
0.030590582576217218,0.52876952253267
0.041034422503654744,0.184204983799613
0.029747504258929025,0.5681235582188215
0.030567361343350474,0.5298301941528787
0.029969178437568633,0.5576083749695762
0.02212839875479189,0.8829267990930012
0.03734305113523029,0.2769149523980056
0.05449532331141804,0.030128806124965546
0.02391379138965921,0.8182595042239424
0.04724828503535625,0.08506938481438893
0.03257569382826009,0.44303869399883977
0.03813659712996642,0.2544995525002496
0.024225028174763352,0.8059083757045659
0.04480793746226752,0.11672290194269334
0.02257722444315978,0.867788860106884
0.0344764152693493,0.3701579881802651
0.028424281491660985,0.623740843034915
0.044861624471416006,0.11593425910918392
0.042174604019379,0.1611611956900312
0.031513717674465314,0.4876826657154044
0.03257257819481163,0.44316555060897106
0.025993205265037844,0.7315763485042932
0.03069447207644138,0.5240404251267836
0.0270756041741258,0.6838679854978565
0.02340281565755753,0.8379134074123444
0.040930382100658386,0.18643123886553553
0.06692677790255014,0.0036005855401778685
0.044341056622664965,0.123769170292202
0.025405234908457114,0.7569399854742842
0.02637588169020602,0.7148275680276299
0.025358181006281733,0.7589464702745723
0.025680858679978158,0.7451137616165233
0.04579484512935422,0.10291319671918653
0.01679648270977578,0.9890789860584599
0.036514968657827995,0.30184468391448743
0.029311752015465597,0.5891385769400113
0.03590424939229253,0.3212615391813443
0.0428287860291956,0.14901987420288468
0.021923021250931707,0.8895711247425091
0.03595239417660623,0.3196986556462863
0.026101419467392417,0.7268567343316314
0.02559758313987162,0.748699519583442
0.04091768225086023,0.1867044379220452
0.030330580609069346,0.5407211363503177
0.021968210077247363,0.8881248947849304
0.02769578514625741,0.6562288606866483
0.03424513265949414,0.3785471360415611
0.01770589890272617,0.980640053491967
0.030861170228421275,0.516507820983492
0.049007958763846116,0.06702000083163469
0.03088951428852471,0.5152338572031266
0.05166255600929337,0.046006306446057375
0.029291773181012698,0.5901129894127971
0.028942273808167385,0.6007441835293142
0.03280444666158017,0.43379103500147137
0.03777206385672949,0.2646199468143767
0.024309608746123312,0.802506304946127
0.047386108230263846,0.08352139445747063
0.023678139282280686,0.8274246125583669
0.03672047703574699,0.2955088740455939
0.02486172897920358,0.7798654559399809
0.02892314068877938,0.6015910193091971
0.05464691232144542,0.029435292399048237
0.04708843216989478,0.08689497279648506
0.03732807003270938,0.27735187820385665
0.019509188740457456,0.9526547888469591
0.02058851016321439,0.9280197182346734
0.04185600288461977,0.1673548612681585
0.023712077079526828,0.8261150692243949
0.022114488782854463,0.8833825494738582
0.017738057722111622,0.9802775476935126
0.02616943753495915,0.7238831915216393
0.03807252669377581,0.25625676722517354
0.029614487947323243,0.5744902014392581
0.03069394373263068,0.5240644083591676
0.04545354205740321,0.10752690135496902
0.048188349729720914,0.07497454131034804
0.060692499362211605,0.01103199661841465
0.03529855097963941,0.34139938969716316
0.02127982042141663,0.9091578770935239
0.03603818795228836,0.31692732121717415
0.034816535043433516,0.3580600628120875
0.03266105033772382,0.4395727419600985
0.026694354049014213,0.7007799911313156
0.022869634497681424,0.8574941396707879
0.05369437809454741,0.03403713891774279
0.035349937075819904,0.339656575281392
0.03506335235894442,0.3494582174711144
0.01830052014121275,0.9731687465375689
0.03407675968982382,0.38473745987213204
0.02096331681732011,0.918083731698462
0.03309877428524466,0.4220847249382544
0.04128514207018663,0.1789263768831491
0.027802275709298108,0.6514763414083489
0.01866887103987036,0.9676939854860558
0.01457247451863386,0.9983832712562679
0.03179690954459202,0.47550247552033614
0.03578012115077489,0.3253165901099597
0.031212270787683516,0.5008672938181185
0.057631474905470326,0.018366834580223527
0.030970723801991007,0.5115947746432414
0.023915741165344784,0.818182982566731
0.032321403096564394,0.45347225181517914
0.03741994573303753,0.27468040029393886
0.029166858964496722,0.5908223090324896
0.046264096006864985,0.09683964139408081
0.04338259354575824,0.13932837345378907
0.0529567926781348,0.03802256327532851
0.034195870624304736,0.3803510303723243
0.03732016723891596,0.27758257151058807
0.0340062369134867,0.3873511050418592
0.031771056371126205,0.47660613977741645
0.05041259835443085,0.05505813263258098
0.027546198488347273,0.6629033185385093
0.02128397983267194,0.9090373766966764
0.029876816436240516,0.5619751392612319
0.031744746511717464,0.47773101093723247
0.03218476136914372,0.45914541396346054
0.046644282424281425,0.09214092600681591
0.026547662054882237,0.7072610455658785
0.025908339639231115,0.7352674996014954
0.02475227572257771,0.784410008738187
0.03846017136194385,0.24576427492909222
0.02226115169285736,0.8785360071141886
0.026387250190153422,0.7143276455198844
0.02479803710307349,0.7825131601442692
0.026938854432264625,0.68994386293186
0.048309350182970334,0.0737520845584398
0.029560142686274327,0.5771036133653668
0.03406627250834526,0.38512534611787985
0.022693151992411398,0.8637468953157684
0.036657976283252514,0.29742529282251434
0.019705272786243594,0.9486244503414142
0.03774551036278251,0.265368812334727
0.03679387788106414,0.29326989153249167
0.031527734211397096,0.4870751103983108
0.020138552734707438,0.939015587661482
0.04668392789621634,0.09166212823313558
0.0281066779639203,0.6378939503812392
0.021490384763425796,0.90295529292853
0.055047162411930306,0.027671331958791144
0.016252954167681855,0.9926200151326497
0.03805847772732185,0.2566433023372035
0.028049144159279726,0.6404603008006877
0.028386494306754106,0.6254231514135755
0.04280194470921417,0.14950308440465215
0.053821341923736665,0.033389384498096475
0.03737409918239687,0.27601106919220986
0.039210588515447786,0.22638643974481865
0.05219179011262154,0.042581007745957355
0.039270231399433975,0.2248982500241244
0.0320620833961896,0.46427856037374793
0.02989931753607733,0.5609094092913215
0.05767223011584391,0.018245760509661833
0.03357677104508716,0.4035338049489799
0.027088739313624932,0.683283897825496
0.034236047046482414,0.378879385395116
0.04588454804885289,0.10172828542256283
0.03893864576512679,0.23326816104380405
0.031207639798996767,0.5010716035135048
0.04779358595132699,0.0790828552943461
0.028270977918678497,0.6305689151864957
0.025595387339037323,0.7487939250068795
0.03391268965587124,0.39083706908709337
0.06347697202793745,0.0067816063884766275
0.03271699308198711,0.43731103073181926
0.0276395379712501,0.658738849845649
0.047150753954341096,0.08617935290762484
0.017185331721242647,0.9858840511359863
0.03656985980111238,0.30014269566497054
0.038561280275349996,0.24308205195625
0.02091045441874384,0.9195271582832463
0.04057977761647669,0.1940900751763097
0.02995023395419938,0.5585023610596987
0.04509697662950635,0.11252868012399617
0.022124095104799846,0.883067893318681
0.019682143244832584,0.9491101826617677
0.036068691924339924,0.3159462020853882
0.035586310011688105,0.3317219908989264
0.024439694382288768,0.7972378841459717
0.057979864532640035,0.017354619030062562
0.023665157035980933,0.827924608609235
0.04386390931861678,0.13132703663599954
0.0322886094802447,0.45482953939161413
0.028845588627301244,0.6050257980794582
0.022964480223122863,0.8540853955821783
0.03557147254060483,0.3322160890972401
0.0314519536862794,0.4903656869110835
0.022329787399759715,0.8762369422453733
0.03454703364536382,0.36762275310773496
0.03101788000920891,0.5094891415247934
0.02250145156706973,0.8704021350319561
0.02414640653233302,0.8090537021128628
0.024610710786537954,0.7902481005859645
0.030310967125930066,0.5416294368414478
0.04976276855415762,0.06034223658684585
0.03723940989917163,0.279948204887909
0.028490458281100528,0.6207958796969627
0.031030242012173637,0.5089380600960796
0.02746484133828464,0.6665320836459938
0.028443151319236692,0.6229009391985149
0.025448841591040994,0.7550771319516463
0.043108887081156094,0.1440522308195406
0.030089161755460725,0.5519666324725163
0.025365294168773145,0.7586433939720507
0.041400259899387615,0.1765432118680348
0.028123328176933526,0.6371513602579109
0.030526186245748016,0.5317141989871986
0.028359811713383684,0.6266113729132454
0.03193788966788813,0.4695134124975518
0.040447763316865504,0.19703712786545913
0.025613838082737414,0.7480004288746264
0.03228997913353726,0.45477279734437465
0.027437885559360886,0.6677341022398027
0.03984781812345006,0.21087420036068308
0.025436494103415863,0.7556049344608351
0.039558907575554136,0.21780168519475768
0.03660452488017463,0.29907149479998907
0.03675991137572088,0.294304424892097
0.044578738560396625,0.12013960843046276
0.03681172379850384,0.29272742883135294
0.019195985055027842,0.9586814290308034
0.040372949068603003,0.19872277040583716
0.021580219587862604,0.9002461205696167
0.027458667205683657,0.6668074158842698
0.02127379266286722,0.9093323587162383
0.04095845441822099,0.18582846669764347
0.04528905632753194,0.10981088125669188
0.03066176795906217,0.5255262664192781
0.04788801091367234,0.07808324792324317
0.020634894215052046,0.9268279920910063
0.04068474694872873,0.19177156642019197
0.04077009237143858,0.18990260241363294
0.03923324049975205,0.22582034392999012
0.029466628107799042,0.5816172320060665
0.03496213111259172,0.35296789525060046
0.05059003956939828,0.05368639765182928
0.05203670693950391,0.043560982650720476
0.018639049841094046,0.9681620787771226
0.017796360583538395,0.979608503738753
0.029970843881828246,0.5575298246613382
0.026985139525974144,0.6878884679518462
0.02844685508312339,0.6227360986377524
0.03234604846047007,0.4524539792082764
0.026346554536741285,0.7161166362721852
0.04136439010282206,0.17728306964280577
0.04116641065335713,0.1814109902952554
0.04707660236000577,0.08703137286316097
0.032570865577220665,0.4432352921431822
0.03262558812753891,0.4410104951878576
0.026801463900710365,0.6960376955148635
0.018071753909981114,0.9762383705896471
0.03220550374588571,0.45828121785580067
0.0318920542849479,0.4714551328494158
0.03036435940202864,0.5391590468442784
0.03150308735879559,0.4881437692514369
0.04071152068713235,0.19118370212496189
0.020085472796168458,0.9402446566595751
0.04363901427004835,0.13501773346104523
0.03047921811205967,0.5338683531506316
0.03768859127788843,0.26697942194360264
0.028595419850933057,0.6161285874087283
0.032053379869917964,0.46464416519009194
0.021031395828783106,0.9162046905470473
0.02138310328993498,0.906141498339037
0.02908297249135028,0.5945241993274692
0.024949523606266677,0.7762016045327904
0.0546703174785588,0.02932947791062185
0.05312024147471034,0.03710584102507206
0.020890287761320625,0.9200742033605788
0.045989687126689494,0.10035394280562186
0.03467849376124099,0.3629359108587236
0.02535959606398308,0.7588861847626327
0.04889364769267701,0.06808431933808719
0.031900458975018364,0.47109869314332536
0.02345137121145624,0.8360814645228223
0.01818681036512304,0.9747256526154099
0.02696399304627134,0.6888276695310527
0.040177152333197325,0.20318774304109719
0.02005117206741791,0.9410312011287716
0.035806828925259604,0.32444097794826204
0.022816386410769995,0.8593931684464967
0.040151712888790825,0.20377357512478572
0.016602086877349764,0.9904630045808316
0.025746446528964018,0.7422823453145835
0.020890017981537334,0.9200815079143039
0.01525504297230068,0.9968078194251566
0.04870948426527688,0.06982928922715298
0.026861221007487557,0.693388632673579
0.046747578768118636,0.09089777708462222
0.03828922600939427,0.25035028543414867
0.03342283812450708,0.4094457519850591
0.03629559947662353,0.308717441462748
0.044505010721835825,0.12125600274159641
0.02260591256493938,0.8667935155210849
0.029254405396705874,0.5919380507732482
0.043490463730660234,0.1375015586278698
0.020093367042015697,0.9400627798963586
0.01570455076060223,0.9952459508223623
0.02216582562410402,0.881696444750708
0.02622181040509619,0.7215900929447656
0.024708805943883916,0.7862075473704258
0.023252647563412943,0.843529033120423
0.025015645743236226,0.7734316374374208
0.019189733564787925,0.9587965909033619
0.03825613490391022,0.2512454901298335
0.0291864942542277,0.5952633643124701
0.02324753785866679,0.8437187619742128
0.035259505493096865,0.34272793920598316
0.019628876187642308,0.950218314412541
0.02067449848022873,0.9258019289704766
0.02515566471475572,0.7675372229964025
0.031495035150822526,0.4884932312541714
0.024651652754104858,0.7885643937587327
0.035464099341933064,0.3358075157618007
0.024660265611835208,0.7882097015944196
0.026870331725410312,0.6929845543242135
0.03988026856894977,0.21010692748680307
0.018588710138962905,0.968942225731167
0.040221742855524434,0.20216406540474552
0.02025129402256587,0.936357183269912
0.0389698066099452,0.23247156403304753
0.06786151450879208,0.0030155476408294823
0.03133768675622661,0.4953544426157503
0.022036559519140964,0.8859205134209587
0.04192953917105202,0.16590869298952765
0.026389944892954653,0.7142091296466445
0.02723895815487659,0.6765988136790643
0.05370576913073233,0.03397857648290171
0.049873375450829927,0.059413271973321066
0.030316660611254043,0.5413656745789039
0.04199467397849305,0.1646361026602324
0.06025399804394166,0.01188693369505222
0.019927525098642263,0.9438163273681096
0.019528673412079756,0.9522631769867094
0.02200680563830193,0.8868826178680612
0.04309695944682396,0.14426100150638024
0.04404152010681528,0.1284708579910981
0.02724818277475216,0.6761880123812835
0.029016351958848996,0.5974676938714283
0.031514396395886046,0.4876532348571331
0.04443163725509258,0.12237547682601742
0.029278918515849517,0.5907404427521508
0.030192655851861372,0.5471283733288543
0.023970032336676383,0.8160478235970844
0.025826352556182375,0.7388245016324447
0.037485407321691144,0.27278874128625413
0.02921517319316136,0.5938577448898973
0.03733932150272884,0.2770236795246702
0.03731253707394411,0.2778054423109137
0.025826748314607004,0.7388073535019604
0.04874799259761092,0.06946130493824078
0.02970190025275049,0.5703015289659505
0.026406725812083698,0.7134709327426778
0.03119238132732588,0.5017451523646436
0.062030457644235315,0.00875578578764012
0.04169594569523977,0.17053733637940285
0.030403201957592163,0.537366238530458
0.04355652405625576,0.136392453755173
0.02967508760903409,0.5715843962772406
0.022580860560882043,0.8676628834346332
0.029663383527536502,0.5721449281785184
0.03369162816893545,0.399161006334559
0.035567356023262,0.3323532660284343
0.03498124339242814,0.35230329516300657
0.029087953328564897,0.5943042548802139
0.024782879625970367,0.7831419627025638
0.02873664182766178,0.6098569514503193
0.025585795033228637,0.7492062450990585
0.04278536965208746,0.14980210741817332
0.04359995865971822,0.13566719228817592
0.034055327028539056,0.38553047360518095
0.050983114364702375,0.05075217196505048
0.03293831121487095,0.4284400111621241
0.025076557562814128,0.7708721399719002
0.0444086329722122,0.12272819974255579
0.05100099398971114,0.050622063091638046
0.033974737148007694,0.3885224971819236
0.036057360738229294,0.3163103956800282
0.05572605435615974,0.024892049457531908
0.04690589570286996,0.08901976601244296
0.03436852315559741,0.37405507253142045
0.032982596355709326,0.4266796350449886
0.0316895341744482,0.4800972105694392
0.03360579250062212,0.4024258135250152
0.03317413654160084,0.41912211389294257
0.03105974332178718,0.5076244603102097
0.019158206469320205,0.9593743190117019
0.018365962767684818,0.9722445119235099
0.019669924097703795,0.9493656761660069
0.04024208272086871,0.20169845793579821
0.046485559398544485,0.0940788452031872
0.028187108501546376,0.6343073129529344
0.020011024940813082,0.9419441302927213
0.019532080092390047,0.952194506826697
0.03086470988307155,0.5163486177742139
0.038417090387884434,0.24691395146465547
0.029458670694634925,0.582002275666812
0.03745981915470076,0.27352700406932745
0.05604920588867335,0.023658197220440116
0.043728494223762904,0.13353930645005413
0.0252590173897439,0.7631623211550891
0.02895153832634606,0.600334217398064
0.036576043890521714,0.2999513916840096
0.028293748794570917,0.6295542488069692
0.0345815222373117,0.366389051842144
0.032559908922759256,0.4436816445453906
0.04447893035297998,0.1216529488782612
0.035435273843618914,0.33677641280155235
0.027450831677494736,0.667156825517589
0.02172279196043736,0.8958705967120438
0.030509637010215473,0.5324725978932588
0.027246615609309632,0.6762578052922478
0.049840002872798383,0.05969226075423835
0.03353423122316246,0.40516169193970636
0.03794276167865607,0.25984383463368604
0.05188558418337241,0.0445347294080709
0.024818745888354643,0.7816532503039126
0.03179001879008042,0.47579647684365617
0.033687787145442405,0.3993067103563815
0.032795452494752686,0.43415216750320207
0.033664389335096745,0.4001950665643039
0.06436645510652184,0.005778702112957845
0.07059771968613843,0.001769310532916767
0.02781562942335225,0.6508803713737594
0.021791603526443826,0.8937258599682076
0.031231958024172446,0.49999932742281633
0.022955907548075416,0.8543948623474912
0.031103410857534097,0.5056840400694337
0.0229676095615442,0.853972361774114
0.024820460515016074,0.7815820103920299
0.02366109126501359,0.8280810890934738
0.01868200851573043,0.9674863664992429
0.028542592088218632,0.6184770734512666
0.025338418353408942,0.7597880509092093
0.04123416155935056,0.17998988795955317
0.034407437698178334,0.3726461657643817
0.02193339711719644,0.8892398452144599
0.023562689887092425,0.8318524335370943
0.04111724513872089,0.18244780592849896
0.05689411225701302,0.020684824962271982
0.03245179534618564,0.44810206462704943
0.05239328152374634,0.041336460810600745
0.050082512253806055,0.05769026409476306
0.014220094843275632,0.9989075058009149
0.04466905905059465,0.11878349566532244
0.027217528592330398,0.6775530217300503
0.03218627615403935,0.45908226662544693
0.023894418278994856,0.8190192257848177
0.02399735793094246,0.8149699569351557
0.02598531134809695,0.7319200722442292
0.045157748590910596,0.11166285174278208
0.029414489529175636,0.5841428717319084
0.025819673973646817,0.7391138507763462
0.06452053942277147,0.005619429375151623
0.03006204648098182,0.5532385603754422
0.020247066909582168,0.936458029776791
0.050208949321412566,0.05666954466636621
0.04280333435921868,0.14947803626562725
0.04504572379320887,0.1132631917322625
0.02954413464330763,0.5778747773279329
0.02508836420314514,0.7703751789740212
0.039843757161906856,0.21097037273524477
0.03992263619313058,0.20910843905763166
0.02340772620434295,0.8377284933363666
0.03986957655249687,0.21035949407078958
0.026587230315872068,0.7055145375680812
0.023343074708781164,0.8401565909785663
0.031016130411970377,0.5095671667685934
0.03871761378398231,0.23897884744160236
0.0316198914092054,0.4830926807194227
0.014448193190441105,0.9985871968546729
0.0240074255685489,0.8145722990200768
0.02607220324018067,0.7281323414647518
0.024822864120795818,0.7814821337792569
0.0383565255303,0.24853712301095712
0.028292905550203695,0.6295918209872691
0.04142920276167783,0.1759480188982371
0.054842635456009314,0.028560697151145193
0.027882243657132544,0.6479074663365426
0.02996559531552223,0.5577773949456029
0.02826804996183896,0.630699395040643
0.027972565255879323,0.6438769278453701
0.02593412879275292,0.7341468002380523
0.029780810119911516,0.566536097199316
0.04469261070438235,0.11843195795650369
0.033456604817313745,0.40814385781157747
0.04171595396032085,0.17013688716772138
0.04250786425305075,0.1548804894983733
0.029315815861261862,0.5889404904681845
0.03364815780452346,0.400812136527624
0.023245917960298235,0.8437788917551117
0.021212985775276028,0.911082823334666
0.04653865376092303,0.09342683348786138
0.037516176718452754,0.2719029681214862
0.02385418344200578,0.8205935238616231
0.02682156104962291,0.695147031708566
0.042124650525532825,0.16211998002975672
0.043346333519008184,0.13994685647263558
0.025397479017928104,0.7572709757598022
0.0772969771564328,0.00043869662033654394
0.05507562474979871,0.027549524641194076
0.02996132674224361,0.5579787891101661
0.028047869722240687,0.6405171543223693
0.030085920204701133,0.5521185935303444
0.025765990257724136,0.7414374430493985
0.05586345104302837,0.024360642653081355
0.027519043972272894,0.6641146209720341
0.028500543507519682,0.6203472221515649
0.01633581779560933,0.9921446038640587
0.05296873577752231,0.03795491515539689
0.023285977734789465,0.8422892457003615
0.033830374068084146,0.39392243919594194
0.03179040766135108,0.4757798820870979
0.024603734145748235,0.790534619225875
0.059743263382083134,0.012957738601351286
0.032843929322386556,0.43220812374252643
0.037245973080270445,0.279755389588981
0.039805280366880136,0.21188327960338887
0.020054919840062913,0.9409455556045991
0.02057945945585582,0.9282509955530451
0.02623575466440342,0.7209790559945946
0.03798886988024419,0.2585649588832536
0.021982365903680745,0.8876700136731934
0.0268237538030216,0.6950498377155054
0.028555910712403376,0.6178848713563609
0.02886178441835613,0.6043081876837535
0.02188370522727716,0.8908221058494439
0.03504338742767471,0.35014849062281506
0.027610981187157546,0.6600130639421147
0.04527563134452561,0.10999905383524197
0.045773384835535835,0.10319836617816536
0.043158875773201655,0.14317993290760572
0.03873841932072086,0.23843679082997793
0.03616292589802472,0.312929279280874
0.020242084954343542,0.9365767674774077
0.04022575427261921,0.2020721721126106
0.03609395854379649,0.31513521297590463
0.03576752798770155,0.3257300493324377
0.03890735365022627,0.2340702192661756
0.024201966356818427,0.8068327059295721
0.03214535536141472,0.4607901594146569
0.030428166380243482,0.5362159375429202
0.04520996332741645,0.11092334401634901
0.02690830241251374,0.6912999440777887
0.018508824483597863,0.9701545466650279
0.03761238621630281,0.26914724324229533
0.03554381376560661,0.33313856225146793
0.019143485250995185,0.9596423410572249
0.029066838461805133,0.5952367675742051
0.02537989179408512,0.7580211466675048
0.028951376416517016,0.600341381633441
0.03697267646154112,0.2878684426409239
0.030316740258876984,0.5413619853034587
0.02669449846163907,0.700773602687001
0.026223137664984908,0.7215319414099328
0.03603331115514033,0.3170843823522526
0.04311527576653951,0.14394050960808763
0.03982893092444756,0.21132177972027025
0.03313693807964346,0.42058267389264137
0.03593011368924304,0.32042123981712445
0.028438809222049777,0.6230941960912518
0.03260883470728396,0.44169082640744145
0.023707164756842536,0.8263048391751433
0.034706713838528275,0.36193533310070175
0.02938602047533645,0.5855246817689428
0.03544116125363517,0.33657835904598565
0.04478121679787811,0.11711706300243052
0.029793905613161198,0.5659126589721322
0.024994141096911893,0.7743334808719629
0.03948432122710066,0.2196184262552223
0.034421787822482175,0.3721275590100433
0.027871221105952526,0.6483993773572809
0.025193716335016658,0.7659288194302509
0.03781131742364774,0.26351582683446834
0.028527623793186296,0.6191427173300686
0.028753570290452224,0.6091058431684331
0.03592307591764371,0.32064973006547737
0.036649984310382355,0.29767100473216235
0.02020486446472436,0.9374598515805739
0.028314871741049852,0.6286131484786013
0.025698984714662088,0.7443318931832291
0.02036245965757036,0.9336724014872363
0.02584459893303137,0.7380336672271277
0.022641111156258664,0.865567867406134
0.0287896597659954,0.6075050883088534
0.032044246935263976,0.4650280113527224
0.032205715672738916,0.45827239382861507
0.024213584293004575,0.8063672302190924
0.026501749094296617,0.7092859642025631
0.036786808519397196,0.2934849844549856
0.03454023842815035,0.3678661715254981
0.03005371028302961,0.5536299556412295
0.02693166604150299,0.6902629742484409
0.03694624830276483,0.28866214864635414
0.03360318352262581,0.40252533431521176
0.019694423299412955,0.9488526390666129
0.0457295545858411,0.10378283346581862
0.04611067934710111,0.09879154160703717
0.02482366257841362,0.7814489528328303
0.018450230560288716,0.9710237963697936
0.022942952335675004,0.8548620227536425
0.037317452589002875,0.2776618488839334
0.035397229939484576,0.33805823865002566
0.05964746290429812,0.013168009335519197
0.02256405176563131,0.8682448017764963
0.025118555090308137,0.769103157944431
0.04959701040733128,0.06175769728751952
0.024439060987441974,0.7972636397320124
0.022764838098318307,0.8612213713059417
0.031959160032612566,0.4686141191207021
0.02515683889226228,0.7674876326379185
0.03910373264312611,0.2290716256501712
0.042244925155853486,0.1598191896726599
0.06852621060915809,0.0026543363920603132
0.04094398179295344,0.18613903225864456
0.037726958367068186,0.26589296364636145
0.029281118909277315,0.5906330107112915
0.042683562012837295,0.15164937176521362
0.03960326273223125,0.2167268324337856
0.032017633021331426,0.4661477496694095
0.052841134908878096,0.038683139913065274
0.041164620273847846,0.18144866431310855
0.054259126712400296,0.031238082215693134
0.02078248551755202,0.9229644706896868
0.02265439886005971,0.8651039165372001
0.025395572381351594,0.7573523276386596
0.03732276739036089,0.27750665374321554
0.028602806785348545,0.6158002969527167
0.030957874615790693,0.512169474112302
0.05602174258369613,0.023760906618165396
0.030543507648542745,0.5309211345549002
0.025256259608787912,0.7632793137457372
0.03978969132540211,0.212254020400251
0.02676075665653066,0.6978409412329698
0.037647062511559026,0.26815916698105263
0.016327760713503336,0.9921917998764748
0.01577217964117439,0.9949678365446476
0.034834822542187505,0.35741761846998
0.026131696471474286,0.7255337659913927
0.03425268931096703,0.37827095413830597
0.0458988267808359,0.1015407247384449
0.04252385505554157,0.15458414334700338
0.04726410800869019,0.08489044787680729
0.027554311375251495,0.6625413977562873
0.04334728107773089,0.13993066576196989
0.029412944878562497,0.5842177951580582
0.028925946836695804,0.6014668042127858
0.02543376235116146,0.7557216707456207
0.03208929249341119,0.4631368211333953
0.04056788191396721,0.19435420437005813
0.04163179926895877,0.1718262396650983
0.026378054174513665,0.7147320439616314
0.04743522067393302,0.08297554230739314
0.0546230039093549,0.029543729304823952
0.030899616775021177,0.5147802664725656
0.02598068483754773,0.7321214875666426
0.01965527633765396,0.949670934394006
0.02493872755390092,0.7766530167936383
0.030025722547164846,0.5549452519919924
0.03583605794047939,0.32348466639350787
0.029821824690572152,0.5645848967733865
0.03318048940677326,0.418873020196926
0.020558634226017558,0.9287815899239684
0.030791866389821343,0.5196311347785256
0.037730055182796596,0.2658054149245303
0.025772723402371578,0.7411462341450439
0.035580470886062865,0.3319163745749853
0.03278784563950077,0.4344577546229333
0.04961045379942075,0.06164185030910514
0.02493156435300148,0.7769523961476237
0.024591087017531266,0.7910537232108157
0.026841934225721453,0.694243871394989
0.018677649178850134,0.9675553548939906
0.03204659348625638,0.46492936877848223
0.016447012923516136,0.9914714740152185
0.03593756126047476,0.3201795737870317
0.02402169615818106,0.8140081374593214
0.035931430038422085,0.32037851599782463
0.020409516797736504,0.9325169818200741
0.029162022753795314,0.5910355901708697
0.057062280849896174,0.020134367690707446
0.011715057660152059,0.9999785852651161
0.04883900052778839,0.06859818959156175
0.03890411015412076,0.2341534751466817
0.024142365478366568,0.8092149162016187
0.041371786181922166,0.17713031560513712
0.033751032454868546,0.39691225263000257
0.026576254239324748,0.7059991401035528
0.037623912881645905,0.26881849642833816
0.03094924649955466,0.5125556089368077
0.045534286476276664,0.1064202062084532
0.04163560292996721,0.17174959649499646
0.020468343235920616,0.9310567970236047
0.04082715069919052,0.18866111252227352
0.018967826393939402,0.9627551846489117
0.018001657204636312,0.9771294559457796
0.037050108732202325,0.28555227327112015
0.02323619389006132,0.8441396537440314
0.0553461673463031,0.02641514785589435
0.025023302763042377,0.7731102985774198
0.01996014515720368,0.9430892061832455
0.04232201384879297,0.15835834377104374
0.026034405482691536,0.7297811231449991
0.04190016667900587,0.16648513187743555
0.05835068028167023,0.016332334260609246
0.03145249784351256,0.4903420073381521
0.026777417682386173,0.6971030265764403
0.020505114410656028,0.9301351776813772
0.040122063640907035,0.20445801605648875
0.033982708758900415,0.38822582195166677
0.0337749298938273,0.39601008563746165
0.02238231977050452,0.8744641378738014
0.040747130226670536,0.1904040303761171
0.01873644137173444,0.9666169584708666
0.02823145545248129,0.6323303676900951
0.036686515739901004,0.29654907254137036
0.017337340996661565,0.9844713930899877
0.02282093516477679,0.859231359574298
0.02829131042175459,0.6296628951997394
0.030487696184042345,0.5334791129636725
0.02338040529573232,0.8387562836962807
0.031897486811197084,0.471224721333405
0.03925332438542167,0.22531934029762493
0.036206721998482905,0.31153431891334826
0.04863618044907281,0.07053436240912686
0.018497325094640527,0.9703264701333374
0.020841766071781342,0.9213822113978011
0.03162838493625353,0.4827267106837014
0.027707337383649944,0.6557133222683482
0.03219860269672281,0.4585686190970777
0.023815457536592533,0.822104250226592
0.03623319881501824,0.3106932066057916
0.03241329717642116,0.4496831857358095
0.020795255249141165,0.9226251031338196
0.03290110768664348,0.4299226720739255
0.03838043502872618,0.24789536909686985
0.029984899351834793,0.5568671697251893
0.02352534460083533,0.8332756662778833
0.03614125703773119,0.31362114373126265
0.018607510384927584,0.9686523359333398
0.021680396843828054,0.897181353514247
0.020427478912781072,0.9320729861649949
0.04257941709393964,0.15355799616789922
0.0343887993505686,0.37332050426204744
0.02793530262450139,0.6455396680978239
0.02746931213804693,0.6663327056822184
0.05432203049987594,0.030939204827898893
0.02523664368641365,0.7641110741590893
0.03854207970060419,0.24358968164226283
0.044180440486820016,0.12627243555252587
0.029388737209880278,0.585392735329926
0.03131672936715779,0.4962729385665686
0.03824698948389982,0.2514933265752278
0.03554761676519269,0.33301161555832953
0.04269944817550414,0.15135991985945343
0.05049840482835527,0.05439107190424116
0.03186596262932351,0.4725627929939677
0.03396639668912482,0.38883306817469077
0.04117715062266303,0.18118512468983772
0.034786624186176895,0.35911260275390794
0.01858962654570162,0.9689281357978864
0.03938290427494229,0.2221074704250733
0.03224696107297664,0.4565571896164353
0.029777827494469555,0.5666781492169208
0.03587042121444661,0.3223629895054883
0.028277051535875675,0.6302982614691677
0.030621178159450424,0.52737403856596
0.03722867947930436,0.28026366007121656
0.020954517780621074,0.918324941952373
0.02498969028793213,0.7745200179879446
0.024049401081686628,0.8129112324183867
0.027157591504098577,0.6802209568657513
0.05112946720553185,0.04969561683038598
0.032530699292787735,0.4448730531722561
0.0336873949159156,0.3993215911151813
0.035763879525564424,0.3258499068585559
0.03567641885576778,0.3287326883199847
0.02766327902277188,0.6576794540949005
0.02969200799024929,0.5707746286490036
0.021206137950102025,0.9112788481658974
0.050508838764535546,0.05431043483399546
0.026966333491209638,0.6887237325913298
0.01986710059827368,0.9451487444070724
0.04256936106915843,0.15374330833242592
0.035490690301995254,0.33491550717544155
0.03721231707184158,0.28074519554334143
0.032884536452109314,0.43058419329318254
0.02427382564643868,0.8039478939183203
0.016291716392347166,0.9924003673314151
0.03690995007595543,0.28975492148487736
0.06446503132278752,0.005676337999626507
0.02705695933950436,0.6846969378113752
0.03530100204722064,0.3413161137705369
0.043412973521447906,0.1388118963692274
0.05329843252338351,0.03612850899574601
0.03843039385220626,0.24655849393632018
0.02517875545681858,0.7665615262473994
0.03860159781130157,0.2420187524765816
0.025202757591870406,0.7655462546943412
0.05665594147321895,0.021487340085864514
0.02853219742768054,0.61893931658597
0.02614829414736286,0.7248080778353287
0.05139857424588479,0.04780243463866043
0.02391189557205553,0.8183338975945774
0.023637880876680256,0.828973404638683
0.05975053158911092,0.012941909823960958
0.02735170540804366,0.671575905504733
0.02680560770825202,0.6958540720011361
0.04824630241638028,0.07438692421473836
0.03297708595622251,0.4268984118487997
0.034391450618176306,0.3732245287432679
0.030601928242635412,0.5282517709140292
0.04520288909124648,0.11102329734051235
0.02536655800983917,0.7585895352818672
0.023403554966131446,0.8378855727555026
0.03006426385306371,0.5531344803500606
0.038030239917633546,0.2574215545839232
0.021891526719072685,0.8905737796793668
0.02448006433316796,0.7955942829390483
0.03097016203484021,0.5116198919999759
0.035473604828042626,0.3354884528025535
0.02519832445976322,0.7657338538827467
0.026197525344439643,0.7226537644928956
0.030673664915309262,0.5249854489956733
0.01940571808799918,0.9547015928146899
0.022424105936816208,0.8730459177430743
0.021502934263763207,0.9025790764755575
0.035345831765145,0.3397955761437732
0.023355090409277968,0.8397063813139802
0.024874645999217626,0.7793274233851264
0.04250893365348185,0.15486065681482253
0.026761699736015165,0.6977991773897385
0.0366323495106709,0.29821371319516377
0.02943506364966908,0.5831454660517973
0.020072218265022423,0.9405493104130769
0.031506785476926535,0.4879833267486965
0.03273854435177914,0.43644182037907786
0.03674556473607249,0.2947421960977245
0.042009202613222385,0.16435331249276755
0.03829593520413582,0.25016907901198865
0.030635929477062174,0.5267020443603319
0.02761941262308415,0.6596368593697031
0.035333715916414654,0.3402060421780244
0.022697677935582194,0.8635880302199079
0.02566940223563141,0.7456076852208475
0.04994518311806584,0.058816762293754335
0.049954533991592165,0.058739463560576424
0.023724338660620972,0.8256410630892829
0.03235795727426638,0.4519624866422003
0.06623821502864552,0.004096527779486557
0.04690546082663627,0.0890248797317638
0.03807791880291711,0.2561085288621971
0.031080286433752935,0.5067110136541982
0.0343049041674367,0.3763664478166973
0.024497205885869122,0.7948951791683692
0.03829781132073709,0.250118425419974
0.01888048803954656,0.9642445670416168
0.03178288549317343,0.47610095123696544
0.032532245453808645,0.4448099345753122
0.02563939987807795,0.7469002497850529
0.023473896614275347,0.8352289701946769
0.024737133878035056,0.78503662744957
0.060842362194026,0.010752806206450086
0.01952939596425607,0.9522486171434346
0.03801807068205276,0.2577574960920129
0.05503273270000464,0.02773326676048747
0.03525364922538926,0.3429275216982815
0.036509177296620954,0.30202466747564644
0.03646945890757797,0.3032611598103915
0.0282664627857957,0.6307701260691059
0.03276480032417439,0.43538442722276965
0.028074705207597805,0.6393200578026698
0.031829338869359736,0.47412043427800593
0.03273761859591828,0.4364791343031458
0.04137514459504066,0.17706098750812993
0.01989229069924492,0.9445955661119834
0.05131020162936839,0.0484171362928053
0.0373664236056121,0.27623431824270245
0.029953406400664018,0.5583525932920225
0.03328715664115084,0.4147056681221821
0.02472386908113111,0.7855851457134205
0.06646643756501447,0.003925589639460367
0.05286197839417239,0.03856335788532817
0.027625284167203223,0.659374870656553
0.02829436358498158,0.6295268559096983
0.021424055534774666,0.9049315828744995
0.03932383835976361,0.22356711292809417
0.026810299133641413,0.6956461685546861
0.027940945482985258,0.6452878632404057
0.030562013605525323,0.5300746494776111
0.05393271002591976,0.03283013017759882
0.03386038771674382,0.39279551433359927
0.026123786349957046,0.725879504243633
0.03683549417324261,0.292006033295251
0.0287089554086446,0.6110857118066129
0.027675282141390256,0.6571438211900273
0.03215058109769009,0.46057182221097004
0.0428298320667731,0.1490010684900347
0.03331028846151962,0.4138056808642397
0.038574065598598994,0.24274447798867335
0.026234475902580268,0.721035099922549
0.02267491232668717,0.8643863215502072
0.03190543805812088,0.4708876152720013
0.05097044109078186,0.05084456937860272
0.03734703499426417,0.2767988492081451
0.019155233219718903,0.959428540828055
0.02951197931517613,0.5794256709404709
0.025092223174643657,0.7702126893099746
0.045485165780031034,0.1070923308486753
0.02566519906227127,0.7457888482358903
0.02089657063130651,0.9199039872364495
0.03392186319986268,0.39049426511813334
0.03474835789476849,0.3604623580647818
0.02315953870097931,0.8469720475083302
0.021067082370540308,0.9152107013917138
0.026511808912453305,0.7088424456769353
0.03686492872691177,0.2911145623529017
0.03221986237896923,0.4576836192502203
0.034136437455358104,0.38253535609244044
0.022280858314482635,0.8778779043657474
0.032050089823452366,0.4647824178493126
0.03701787836615866,0.28651466688253063
0.04053686767829123,0.19504416402448338
0.018087009470414972,0.9760413890582348
0.04890317323381599,0.06799508310438583
0.01705632120642675,0.9870094184656982
0.03969310093300915,0.21456239177607223
0.030539825373249868,0.5310896666958139
0.03200256941308227,0.4667823109404245
0.061092945511226626,0.01030021699971209
0.03364458368118539,0.4009481010521422
0.03626464308785304,0.3096964474153659
0.029262248175830924,0.5915547300049354
0.0346272572936438,0.3647575571013016
0.03241240740741602,0.4497197723735483
0.02357676024794697,0.8313150511677153
0.038678651223739674,0.23999649080997032
0.024864886750421922,0.7797339582134186
0.0332884130851947,0.4146567495292594
0.03115908786861865,0.5032168174991262
0.026377863093597687,0.7147404459646787
0.030060738290013544,0.5532999704509761
0.021672708347468483,0.8974181914182903
0.01951530120913192,0.9525321484572014
0.01661499726475285,0.9903752847362532
0.024138476475296655,0.8093700222898448
0.0422259701099435,0.16018004184238596
0.022032329844902332,0.8860575153915018
0.04852986945190019,0.07156766511114945
0.03762406336440838,0.26881420657150895
0.04222403626334836,0.16021689367769304
0.03884382419209953,0.2357050647111932
0.03280215422516164,0.4338830613890986
0.04436837348348455,0.12334750284378475
0.04207726083978269,0.16303377258693497
0.0350692561423297,0.3492542844418506
0.026749662544302888,0.6983321932207299
0.028271771094222742,0.6305335689582838
0.02839691875131778,0.6249589987203795
0.025750636620922973,0.7421012478060467
0.022261055612118164,0.8785392117645483
0.01932596368837869,0.9562416238495456
0.01706498328969397,0.9869359329421264
0.03060374195485166,0.5281690327618795
0.025100149889049184,0.7698788280919847
0.05186563622736032,0.04466466409846333
0.023335323574140587,0.8404467555902917
0.027845954597810474,0.6495269823289841
0.021504325962877213,0.9025373103003795
0.03213176214099123,0.46135841912431413
0.025064014948077085,0.7713997792274294
0.03222368610453266,0.4575245646963583
0.037245418399610375,0.279771681348944
0.03101456567392391,0.5096369544282916
0.0415401478073526,0.17368124709104357
0.041191681215476283,0.1808798952171077
0.0350526604673872,0.34982776115111697
0.029279806867919977,0.5906970684505027
0.01619140124222118,0.9929590557661923
0.0523276900252817,0.04173807503921851
0.03941923448505147,0.22121333702621102
0.023430310772683427,0.8368770069974205
0.041594408973340546,0.1725810983093105
0.04123072580938936,0.1800617413087209
0.038866535211456,0.23511962551659008
0.032226740759178196,0.457397527241051
0.03899778034997475,0.23175822211274574
0.021330844944858762,0.9076740020372748
0.04255856486813875,0.15394246076051915
0.025904412755333506,0.7354380711109876
0.040620731804892785,0.19318289430279725
0.03205913924192294,0.4644022128650301
0.028893510999324357,0.6029028861021652
0.032522259516096164,0.4452176936718254
0.022543167402618497,0.8689662554658079
0.04466728511883722,0.11881000852987672
0.029514416189659873,0.5793080504511637
0.027328888632058235,0.6725927157338032
0.02500393848027377,0.7739227226458741
0.017005165432739,0.9874373945771996
0.022845898164030598,0.8583419836906481
0.047298468729009835,0.08450296400541199
0.02737556400156721,0.6705125109036614
0.03570966647716678,0.32763465244406886
0.016793427321684318,0.9891018029945349
0.027466931388887894,0.6664388771164147
0.02767041104215784,0.657361192825568
0.0507029202085848,0.05282916632936804
0.034411476875802594,0.3725001404860793
0.03564779116332381,0.3296802757251505
0.03244650556945193,0.44831909641289847
0.02612517438397044,0.7258188407611317
0.05447888598431666,0.03020486416351295
0.03431910670576732,0.37584958238542493
0.043838474852937126,0.1317402614661626
0.03190928406160454,0.47072461430512935
0.04431850125643377,0.12411822890117634
0.03446090682011149,0.3707163923668011
0.04034530512602355,0.19934846721954402
0.024897689263413403,0.7783667215316767
0.04628603311308499,0.09656318651059143
0.02831431209164159,0.6286380810781723
0.024097624983497018,0.8109968071080064
0.03253730743699956,0.4446033321321694
0.030766429736156897,0.5207804609666502
0.02074448812418983,0.9239695020828256
0.027165529139622557,0.6798677162243156
0.019863357375747792,0.945230666949769
0.018005044341044524,0.9770869252195508
0.024567204421085842,0.7920329583020418
0.03552516717316198,0.33376150290822687
0.025368277740424716,0.7585162443778727
0.02579507764064526,0.7401789537533894
0.0423716334734191,0.15742372486265144
0.02492216553529758,0.777345048895235
0.029228102751539642,0.5932246769104241
0.025589933946770782,0.7490283536898958
0.07105773393198767,0.0016142618775541583
0.03977806867791339,0.21253075963433504
0.02142349353016737,0.9049482402033249
0.04274890769932099,0.15046159919287644
0.052897468233422396,0.03836015217105999
0.02849844304046867,0.6204406614351802
0.02913257830312052,0.592334489159092
0.03398757655918083,0.38804473702042286
0.05272546884854734,0.03935376228094955
0.02379664688623223,0.8228364497591717
0.02816968369557382,0.6350842209739631
0.034555689330334816,0.36731285335516856
0.019947072783530362,0.9433812553776812
0.030969655187485956,0.5116425544894146
0.03718453096856361,0.28156433516229373
0.01781661144927077,0.9793725293946796
0.021105387024476063,0.9141369223697493
0.040133849430821045,0.20418573128330245
0.025456899565839075,0.7547325506784742
0.04033218317352277,0.19964601064781545
0.0495339298804659,0.0623037789582771
0.031247056780567738,0.4993343086237693
0.02255455740158341,0.8685730007967816
0.02243210705001636,0.8727735497771308
0.036350953975126554,0.30697248936439686
0.024968191042578414,0.7754205001999652
0.03774854908392633,0.2652830331849136
0.022652894700534387,0.8651564700538554
0.031215890980371308,0.5007076154208606
0.05579192964364521,0.02463599664799912
0.04806029601914119,0.07628691637366625
0.029578166945097406,0.5762360575064622
0.022007275710166474,0.8868674477215842
0.025183677890137868,0.7663533992196321
0.03324158653838705,0.41648256196051975
0.05015718563297361,0.0570855382262865
0.0305660282573072,0.5298911254890626
0.022744785970929216,0.8619298017542425
0.022048793325544658,0.8855238172692181
0.02663344098364895,0.7034732469775173
0.03433223575654876,0.3753722263864161
0.028704047323079518,0.6113035808015934
0.03135739511439595,0.49449168338030014
0.03965388775484613,0.21550507010093709
0.03199039505060164,0.46729557539275907
0.05881339755215259,0.015132520769324923
0.0293547159592904,0.5870463517888365
0.024121088262140822,0.810063014781774
0.027873655619538917,0.6482907301423672
0.028974613929485415,0.5993133336513217
0.02003205524331078,0.9414669430949586
0.018767785219406363,0.9661096087301333
0.0520210933112078,0.04366072325924906
0.023533765721309052,0.8329551282761798
0.03605816621363689,0.3162844969461171
0.0424106253468165,0.15669239926410253
0.02447986985338768,0.7956022105081241
0.02386659923880019,0.8201082312054282
0.02333459915243985,0.8404738640286346
0.027541981638278257,0.6630914307155792
0.020709021985912845,0.9249011059629891
0.02963253947203709,0.5736236914377403
0.04439374424275533,0.12295693189763542
0.023614419993366886,0.8298736319384302
0.029152717954471774,0.5914459888078942
0.026651242659914864,0.7026864394524399
0.03288223701504023,0.43067604067123777
0.030417760080254763,0.5366952493496879
0.03336508173397801,0.41167916606617033
0.0406201885546974,0.19319490605505465
0.027568571790927143,0.6619052080463654
0.026821263786677818,0.6951602076790757
0.021528476727710077,0.9018110954204364
0.04111690323967321,0.18245503236360452
0.021403184097791295,0.9055492022155509
0.038746871718010445,0.23821684522678108
0.022593197986478852,0.8672350527525787
0.03080829640505317,0.51888961175338
0.03964846848224579,0.21563560069741855
0.02472616244483354,0.785490340131205
0.030190519676703387,0.5472279737622876
0.02362566874481442,0.8294422176703321
0.03463967316415262,0.36431553544009393
0.03313862809596113,0.42051624224726997
0.05540176765059068,0.02618720050834855
0.0314995532869069,0.48829712642617157
0.026585418191885535,0.705594550998272
0.03260237673586465,0.44195326223656756
0.055250837533664277,0.02681006114758343
0.023500351704610734,0.834225635235679
0.0380847888478445,0.25591975349105145
0.03571093837255468,0.3275926995808182
0.023462646779304264,0.8356549383932453
0.035567610814590256,0.33234477429360637
0.029911776184329053,0.5603198521809905
0.02498779567200876,0.7745994106899783
0.04051428184717476,0.1955478295886302
0.03630636613816596,0.30837747390730497
0.02033215197170246,0.934410606988131
0.045160489086038036,0.11162393754901224
0.03785734879021502,0.2622254854891988
0.04038255995308171,0.19850559701904585
0.022127177829689537,0.8829668348787734
0.0399369248383038,0.2087725290575098
0.038493903360128034,0.2448669371592803
0.018438448255136408,0.9711965584363726
0.029616289890370906,0.5744036692883132
0.04660077998630774,0.09266871209850937
0.05596581518651528,0.02397129179678138
0.02744624203345969,0.667361485289399
0.02867497001878805,0.6125945684327455
0.04130481104708533,0.17851739376806175
0.01960588712166822,0.9506920385512025
0.03316192863685863,0.4196010643501836
0.044104904832050096,0.1274639396160501
0.023211269235638987,0.8450628609744802
0.03934783106377038,0.22297331278841315
0.026564725540519474,0.7065080358658227
0.029528133030323533,0.5786462460970027
0.0316826251923667,0.4803938392609536
0.017539509478774362,0.9824425359081332
0.04708741320638965,0.0869067145742683
0.017390115986713806,0.9839585106537722
0.020207590655129337,0.9373954109907229
0.027510734346830268,0.6644852698118497
0.01765155269460339,0.9812421952148711
0.01846674413359095,0.9707805178603701
0.03504642351032505,0.3500434576283687
0.035964587928215996,0.31930369896282706
0.03259567484477327,0.4422257205635643
0.04765449896412799,0.08057494696354293
0.02772289176894166,0.6550191695559096
0.039812173035245035,0.21171951769731626
0.042488735480615936,0.15523558947109758
0.026955856421404856,0.6891889862144014
0.05985744927904635,0.012711067007135389
0.026629941814680647,0.7036278763763081
0.02537008383731912,0.7584392672310735
0.02609513887247622,0.7271310352034395
0.029656646565664135,0.5724677243499061
0.03215747711860961,0.4602838030235294
0.032400156315647854,0.450223729305404
0.053969573680608285,0.03264683349743301
0.05459779736489956,0.029658434935283313
0.035313977872744984,0.34087549794129346
0.035746321022110505,0.32642717712629127
0.021030177116098003,0.9162385265463944
0.049076453323165126,0.06638908806248926
0.02977934931348525,0.5666056676152063
0.03199084671052799,0.46727652704836614
0.021731313083981463,0.8956061633915935
0.030326599697321655,0.5409054162721854
0.04262808741456392,0.15266364035444752
0.028381383244748593,0.6256507371903556
0.03150231034100276,0.48817748442105274
0.030291791208877678,0.5425183832331173
0.04748210762343863,0.08245723293949155
0.036986413886626934,0.28745651223473395
0.025602663634436307,0.748481062101044
0.02136692112936145,0.9066174233172817
0.024564274566866606,0.7921529950328681
0.025960024552913574,0.7330206052882644
0.061670871752638745,0.009321423756225957
0.04931480488531881,0.064232938247436
0.039550920191434635,0.21799568025258662
0.0385471137475637,0.2434565121313606
0.03448594413252182,0.3698151812297058
0.022213992636322843,0.8801042936600176
0.023449073766100947,0.8361683198229852
0.03831291799537284,0.24971084149839168
0.021936321874741482,0.8891463785320534
0.04518449874571226,0.11128348675830722
0.02668973457125956,0.7009843369540081
0.021263333527351547,0.9096347027986667
0.05512624570662361,0.027334056922964037
0.028449679556789453,0.6226103954300545
0.01732900938642523,0.9845512953304949
0.031802232668829866,0.47527543987443555
0.01839218565622347,0.9718683482764217
0.03923487754346594,0.2257794748646061
0.026842809184839833,0.6942050778558484
0.035601482041034666,0.3312173001507198
0.040156956731240895,0.20365270954187578
0.02374342336362123,0.8249023724117606
0.035978034582878404,0.318868572190401
0.04222238040254206,0.16024845355188289
0.027652288084158927,0.6581699085237457
0.021016222599748946,0.9166254409605602
0.03561978703570767,0.33060913063848646
0.06364673112664587,0.006578738798210067
0.02905824813199609,0.5956162383106813
0.027698970990647942,0.6560866877110754
0.03956952694657245,0.21754397229911734
0.03216055113569655,0.46015545191643226
0.03147831027565062,0.48921959846575946
0.04692923278113281,0.08874570608260995
0.02204551954111389,0.8856300370493695
0.019885394357056496,0.9447473359579032
0.020976432604728923,0.9177234826616307
0.024103674886892357,0.8107561780794603
0.019664159615011556,0.9494859397330451
0.029347339821378493,0.5874052362967196
0.03703368546474328,0.28604236893151225
0.053372393242829996,0.0357295162607732
0.0389414586188323,0.2331961672825482
0.029247520035064256,0.5922746977519057
0.03379195213601294,0.3953683332370928
0.037061294313206705,0.2852188355631874
0.03594196716285539,0.32003666916879914
0.01398502318577377,0.9991733172329978
0.03814828238153678,0.25418005546484507
0.04319813704319078,0.14249783197956206
0.03133962377553741,0.4952696042864659
0.03613005392505142,0.3139792851553891
0.03347765291946342,0.4073337726865229
0.05093046911424981,0.05113694653730358
0.03245826679719327,0.44783664559224295
0.018727239755487735,0.9667649674067622
0.021484842174187918,0.9031212193271876
0.047057734879358104,0.08724929094027772
0.02469763431946337,0.7866688219317373
0.053249625316641236,0.03639393797958955
0.02909031548660379,0.5941999525310535
0.024498512018300778,0.7948418802417467
0.041647430487879555,0.17151144694559547
0.04826431730989117,0.07420505784524833
0.03720558626202908,0.28094345794599673
0.02239970361802701,0.8738749959047957
0.03979294855792337,0.21217651481462355
0.029086912645036878,0.5943502080691427
0.02222682567008316,0.879678451146147
0.02918117573752832,0.5901910291264632
0.04860117714346379,0.07087317165250998
0.03637386253891306,0.30625245652551175
0.025175842449049357,0.7666846706084798
0.041885740788115966,0.16676882694339823
0.01992132002098168,0.9439540219820071
0.04824691859959268,0.07438069740290966
0.028446707964167983,0.6227426462494581
0.040769987382414885,0.18990489270696875
0.019399835737785642,0.9548162972935408
0.016414634426225594,0.9916717092991387
0.040169786522829265,0.20335723108699133
0.026359099830679897,0.7155653128576098
0.020108607080026708,0.9397107576883919
0.028257805605854336,0.6311559374117905
0.029391661287038184,0.5852507383672104
0.017635229232896843,0.9814205002673367
0.03544907934795816,0.33631212473782485
0.041258905938996726,0.1794730684966541
0.02994961175745403,0.5585317371592159
0.03458602608551553,0.36622815917559226
0.03845671952365115,0.24585624165833153
0.03415045667315475,0.3820193259490789
0.03766679504014214,0.2675981200468986
0.04297040574950417,0.14649120511604957
0.031479286826372466,0.4891771673918484
0.02896722928407708,0.5996399990234655
0.02605875678357189,0.72871908741499
0.05245540943559501,0.04095916177032078
0.0374379274789009,0.27415980281428914
0.028622647346850022,0.6149186666889658
0.04075874703242843,0.19015022225960238
0.026928757636739187,0.6903920776292172
0.046546059938680134,0.09333618495765021
0.05648978780228486,0.02206347610868206
0.03167657768324694,0.480653579299657
0.03602814018235834,0.3172509795588415
0.030881977217730006,0.5155724277851359
0.027569277740503495,0.6618737132558976
0.03542442588054229,0.3371415600869956
0.020413831292045048,0.9324104834230701
0.036991739540779056,0.28729693488244035
0.033165912680162474,0.4194447182497679
0.02373483913381802,0.8252347707431211
0.022325039492519266,0.8763966096303786
0.06416863104478748,0.005989236657483722
0.03892924581157797,0.23350887243599186
0.03268201417029393,0.4387242781703544
0.03005639810289229,0.5535037405634161
0.04126063643593186,0.17943696879155477
0.030548755514231196,0.5306810052895466
0.03276350916253995,0.4354363852347656
0.022467603573101333,0.8715620767450918
0.020433713438271384,0.9319184961888384
0.039582295581392146,0.21723441340520083
0.038511605989312414,0.2443970118639722
0.024852369916548336,0.7802550660034412
0.03337741785741988,0.4112014356687111
0.030139808365759968,0.5495956863735953
0.04738026581835192,0.08358652983959877
0.035389796916755645,0.3383090907760069
0.03396896293955223,0.3887374911725772
0.04091652917772792,0.18672925845327973
0.02897279479085052,0.5993938013347012
0.01899681147358645,0.9622523588103717
0.02171317272064119,0.8961687137988867
0.026637459851032497,0.7032956402768433
0.03129124433583974,0.49739133676194935
0.0286275722724606,0.6146998524472626
0.027182637440302193,0.6791062764529607
0.027223663453701197,0.6772798678359397
0.018778347328833517,0.965937535214371
0.029924534405026848,0.5597165088337314
0.0416766937479538,0.17092335700902084
0.031756211538310805,0.4772406145398542
0.03993224454091787,0.2088825112980075
0.02791387043772764,0.6464960732933087
0.019890740485825842,0.9446297034761727
0.04769850618016441,0.08010029908519282
0.02510295313436889,0.7697607303504812
0.025496932739971584,0.7530190307730409
0.02938228537395733,0.5857061170533496
0.033173947627271216,0.41912952270145903
0.04526831469345377,0.11010172065877918
0.03401109311050032,0.3871707347039206
0.030480854676934732,0.5337932024215565
0.033333779423766696,0.41289308551282283
0.037125894533292625,0.28329878749216475
0.039910662000294694,0.20939026273469574
0.031961068236757484,0.4685334970333965
0.043091964414455064,0.14434850284385656
0.029245699909390188,0.5923637082579144
0.020434177362391115,0.9319069923963148
0.03130744681075076,0.49668011225686415
0.020130558707287638,0.9392016139535456
0.04187111786619796,0.1670567905867274
0.03756581594218694,0.2704785253524715
0.03034216587791161,0.540185064647627
0.025602072467884845,0.7485064838760573
0.03178039190124682,0.4762074165107581
0.04070497472643386,0.19132729903953663
0.027906663010135058,0.6468177102023819
0.028460291643363556,0.6221381314839931
0.040435096499407686,0.19732173344103163
0.030737542329507705,0.5220876404546458
0.024546629315206958,0.7928754914237746
0.037433706756755836,0.27428193245949417
0.029243127372583277,0.5924895277316431
0.045063413418072684,0.11300923315608147
0.024565752101864846,0.7920924626745435
0.03180201408940675,0.47528476107601303
0.01909744199022423,0.9604734799032753
0.028383744863819116,0.6255455777209996
0.05164886698432125,0.046097986851820996
0.038675256975222894,0.24008529999416786
0.047599914173085955,0.08116697776371469
0.02418603489028026,0.807470416090118
0.05256072282267932,0.04032645085844901
0.0246935517860509,0.7868373183496229
0.03295361413642295,0.42783115182773807
0.024556825578201047,0.7924580894899131
0.027329973602455426,0.6725443683839167
0.03238667744584911,0.45077862509677197
0.055483142789062634,0.025856719238682473
0.03973780318816911,0.2134916624548415
0.025833208618505688,0.7385273995271228
0.02189058773383623,0.8906036059788358
0.039907457509164135,0.20946573350418835
0.028165026540855398,0.635291877820359
0.022057145621201757,0.8852526129580733
0.029736445307283366,0.5686512544249412
0.024860001657513675,0.7799373770392796
0.03839784884533881,0.2474287590361413
0.03185375516398847,0.47308161561884554
0.04226373915100712,0.15946166763408987
0.04473943523854651,0.11773558650318369
0.03707322908287575,0.2848633839581684
0.03179197231054787,0.47571311580137604
0.019465477120775676,0.9535262018930399
0.025559241910765418,0.750346866315136
0.024704142672697937,0.786400127505957
0.026832829491117538,0.6946475244847383
0.030776784043099248,0.520312420817426
0.018677813149397537,0.9675527617029651
0.022972248476926804,0.8538047350009033
0.0331531602527223,0.41994530217239523
0.023492272523010033,0.834532287897524
0.02625826457186431,0.7199922378219357
0.04775393190958532,0.07950585597783046
0.023316335669926525,0.8411567111500453
0.045007256501071125,0.11381706849051901
0.03203455355239915,0.4654356403236283
0.018111713875024638,0.9757200805205793
0.02895251731297191,0.600290899257371
0.03208379664283911,0.46336728720495124
0.04375732234951257,0.13306581521878424
0.030684422574574988,0.5244967223180668
0.03290689133990099,0.4296919509649872
0.051879198315351316,0.04457628917257469
0.030969615983772014,0.5116443074179149
0.028202170925803904,0.6336357910339098
0.028723471911940912,0.6104413999301079
0.023771581484714366,0.8238104574760337
0.023876485974577588,0.8197214655142118
0.025401978095524302,0.7570789856715566
0.04785854446185711,0.07839403435820735
0.022257244979617175,0.8786662794705716
0.02184951019077941,0.8919045944855309
0.032519915032701824,0.4453134628635692
0.032351332602210014,0.45223585191721516
0.028835260303617383,0.6054835105498464
0.03342912779185819,0.40920303505703143
0.02534418294375773,0.7595426398481658
0.04146139644980734,0.17528784768320338
0.024567050461582363,0.792039266563374
0.027585884874584687,0.6611327930834574
0.03211297945324626,0.46214438214360887
0.01835791997224509,0.9723592158671305
0.023297506940747614,0.8418595064981163
0.016976576754431205,0.9876721250138945
0.021690857437065447,0.8968586927941642
0.03391717818425777,0.39066931227653356
0.023101143191714135,0.849115897974482
0.01940826655194916,0.9546518430313031
0.029587826209878543,0.5757714523464624
0.04390635624936623,0.1306397725857878
0.026895606357042967,0.6918633129874308
0.026792472659830924,0.696436083486697
0.03277648222916785,0.4349145216085291
0.033570290241602074,0.40378151752627217
0.025182808883576865,0.7663901452847683
0.022226237092539847,0.8796979972300141
0.03748166968525957,0.27289648539972555
0.02437137175064541,0.8000102824815993
0.03341141812905768,0.4098866990544099
0.034411450063577154,0.3725011096753106
0.019429598603154297,0.9542340979622231
0.03056327624833599,0.5300169253212998
0.03429286284095545,0.3768050512355127
0.02128727401293251,0.9089418842351942
0.03492420287138431,0.35428943194373924
0.03040686306538251,0.5371974478554368
0.029563809683467224,0.5769270477562785
0.026090910242137333,0.7273156919421672
0.030377763591253548,0.5385399485154533
0.025908927368613832,0.7352419687441343
0.01879391413452941,0.9656829067812275
0.030280683287490118,0.5430337292294087
0.04750238552698466,0.0822339187656806
0.038971713537856,0.23242288312759865
0.02476901345613569,0.7837167524780144
0.03404776805157678,0.3858104288176967
0.023122206437530032,0.8483440043741908
0.03448471709305867,0.3698593122261934
0.028079079439742416,0.639124939898783
0.029228943896096482,0.5931835058393783
0.02786127400490973,0.6488432981698267
0.03323218429949493,0.41684982350659827
0.03511332830123634,0.3477345918130104
0.03674766045410649,0.29467821769027713
0.042565462968797374,0.1538151908181984
0.04687241842168671,0.08941414761449357
0.029722429139193984,0.5693204830698693
0.027287070667033064,0.6744558915438263
0.0324422510520318,0.44849370377061915
0.047587705007944736,0.08129990040006853
0.021046746633459845,0.9157778770985845
0.06844951017358714,0.002693874931459834
0.023611922825393483,0.8299693496479474
0.028077722688514162,0.6391854590838109
0.02352797781106042,0.8331754614515623
0.04913700977755264,0.06583552034570804
0.023692212356074327,0.8268820132456569
0.03562801021209744,0.3303361844674874
0.0251322304777315,0.7685263974877139
0.037782415299869476,0.2643284451255159
0.044196706069199565,0.12601705822023077
0.05516198593882582,0.027182826699062614
0.02301745030950819,0.8521672581086903
0.023807053297469793,0.8224315142842104
0.01648878772868212,0.9912079173716977
0.04838149813772474,0.07303125792448015
0.02328923521869325,0.8421678723729548
0.02861713806491495,0.615163457377379
0.0429263894617401,0.14727338886332392
0.027622197309934426,0.6595126069129016
0.02382986004602272,0.8215429197382189
0.031778140637514496,0.47630354876857256
0.034894397457208015,0.3553304096852168
0.03701518785294172,0.2865951139565118
0.026422208354624832,0.7127896179402873
0.029728330659631652,0.5690386459774882
0.036130074748942476,0.313978619179906
0.0399135336968891,0.20932264777651796
0.02410774524086312,0.8105942268462433
0.029254999670220716,0.59190900015809
0.03609973857277782,0.31494990344551926
0.03364704369047955,0.4008545155379103
0.02229839007856943,0.8772910727261244
0.03645391302412737,0.3037461376236149
0.031219647169052678,0.5005419729271605
0.026498254799501297,0.7094400006227226
0.06830744581681947,0.0027685491978781097
0.046213543303704585,0.09747923041099746
0.023052600800094303,0.8508887743154634
0.027975462907000093,0.6437476340167113
0.05284292991787043,0.038672811701753323
0.03008222369229363,0.5522919139998805
0.027944853315892415,0.6451134831328837
0.043220391655099444,0.14211236518263454
0.02353103665242373,0.833059031462048
0.032092920708422096,0.4629847148751733
0.02317131678072004,0.8465381850339245
0.022994817888016716,0.8529880686167802
0.042695988800028895,0.15142291303378527
0.024232428183199484,0.8056114789729033
0.03641262021436742,0.3050370960997726
0.029262166981819437,0.5915586976638431
0.03822017007749767,0.2522211889009614
0.02075109430129618,0.9237952835634067
0.030162703683090375,0.5485259269845827
0.037643030998728566,0.26827390193320855
0.028397307665685934,0.6249416828759904
0.033877232999552365,0.3921640023169078
0.05394221485668799,0.032782783172306
0.03810995412294149,0.25522916009614843
0.03627144867933696,0.3094810237691185
0.018024264910028842,0.9768445692631127
0.028019253499836583,0.641793805495567
0.029700722841682348,0.5703578265504979
0.03923589532257754,0.22575406871516127
0.029152535929479112,0.5914540178635681
0.03778730514883258,0.26419082867742344
0.042819113034748946,0.1491938665442135
0.027877428618322597,0.6481223496914716
0.055966125291452395,0.02397012071834841
0.026473950966303894,0.7105110732444392
0.02820895026480097,0.6333335680849713
0.03545484160645987,0.3361184725027244
0.024405242302496855,0.7986373479780938
0.0354268177246095,0.3370610250960823
0.021777141501264086,0.8941783801147389
0.029715244882660974,0.5696636927575238
0.029788770751446175,0.5661570653797956
0.02615621938505719,0.7244614586607838
0.03403345167517702,0.38634103955989646
0.04128629645341153,0.17890235293845194
0.030659449958886142,0.5256316797213915
0.039861028432138346,0.21056158739267225
0.032609489649600365,0.4416642170088799
0.06332255461755831,0.006971077410788891
0.05593367775783789,0.024092930803371264
0.033614692077384656,0.4020864620100809
0.035978134323464195,0.3188653462492091
0.04411403234750466,0.12731947480925254
0.03895206391478556,0.2329248826399406
0.03791575401541586,0.2605951441582754
0.0481886956301793,0.07497102238132235
0.034977795795342145,0.3524231141474438
0.032226932535290576,0.4573895524038655
0.034840642007164746,0.35721335084725747
0.024684193407368327,0.7872234188929359
0.0226442441953274,0.8654585369243063
0.0362296420617102,0.31080610046216733
0.027971764044031955,0.6439126782499511
0.055667158723946064,0.025122965786233985
0.03553823267329581,0.3333249260327834
0.04082750295357823,0.18865346799106897
0.03628181538770825,0.30915308759536253
0.02471023514832571,0.7861485153390715
0.02716074926921519,0.6800804330817574
0.04017511090352743,0.20323470548901082
0.02365645321265719,0.8282595321542561
0.028684658453902445,0.612164369379522
0.04933413607777837,0.06406071949345106
0.0425183549495341,0.15468602138618065
0.03706667859162305,0.2850584355571398
0.05233310775246136,0.04170477428044876
0.03631054792782412,0.3082455038813315
0.020387624704014784,0.9330559084919012
0.025621152836583394,0.7476857040593878
0.03959751136888834,0.21686597213987405
0.03261157977070414,0.44157930545503127
0.028046013151275084,0.6405999776768554
0.02570444837818231,0.744096122479123
0.027601090201793133,0.6604543820368824
0.02656581857624568,0.7064597921346335
0.024394271938515177,0.799082346170076
0.03558650640839445,0.3317154543080023
0.03331919613413731,0.4134594667109874
0.052580096217903494,0.040210990106781905
0.01828929510480881,0.9733251983783358
0.018506834275076156,0.9701843480942587
0.034647296890313095,0.3640443080609835
0.027484503306997365,0.6656552161406661
0.03153169769466024,0.4869033994939493
0.04729735833954207,0.08451546248601673
0.02711335398960818,0.6821891324694882
0.037646865706481125,0.26816476710504505
0.021180387769775377,0.9120139600900427
0.02967610866214443,0.5715355116449653
0.02755506902125815,0.662507598196331
0.04516714457316534,0.1115294783273297
0.03880971071035233,0.23658653107162825
0.027486109588951035,0.6655835771532577
0.022567392418295307,0.8681292378569281
0.03312038996648392,0.4212335284077091
0.026775174256529977,0.6972023985253737
0.02932432420118522,0.5885258908155184
0.051125268706717464,0.04972565979471932
0.05134508176164421,0.04817370490381539
0.031625817345885876,0.4828373243511768
0.026653444394976633,0.7025891092436671
0.032327496395548494,0.45322035370487396
0.02779270666377065,0.6519034038156954
0.06161253550533907,0.009416249804652669
0.04653496266414325,0.09347203846712086
0.024454364142404095,0.7966410926781239
0.026090825904493853,0.7273193746038431
0.03151695286085735,0.48754239118766973
0.018398067684578634,0.971783512512852
0.03347105701025088,0.4075875129081457
0.025322800355427444,0.7604526493236382
0.02975104505078474,0.5679546658412853
0.05004980281661675,0.05795688200017484
0.039825978732404566,0.21139180596751525
0.04877063881234034,0.06924567004178295
0.023871609157588028,0.8199122809443659
0.027608992166351598,0.6601018114260058
0.043578413606995214,0.13602655353820378
0.03580939078006917,0.3243570776288906
0.032314497484638105,0.4537578432551813
0.03407424081503871,0.38483059990520047
0.020136512549966845,0.9390630952359561
0.03493842448136897,0.3537934956636307
0.03858221425417524,0.24252951370426246
0.030948972252890505,0.5125678853400406
0.02943358279129482,0.5832172222662763
0.04992030917561585,0.059022807025152925
0.04498074123325535,0.11420015233954812
0.0380399658501549,0.25715330045644075
0.04834978796089506,0.07334733292738659
0.030072712583923966,0.5527380195636974
0.0441612272185129,0.12657463866567112
0.04071342295861785,0.1911419884310298
0.04224394315348473,0.1598378682840679
0.026196163205170486,0.7227134064545326
0.04082080023630141,0.18879897045297672
0.030840732341523625,0.5174276618462315
0.02590775704785514,0.7352928068184843
0.021177309530824723,0.9121016245248216
0.03183617987329723,0.4738292261182935
0.023157832302215325,0.8470348647163477
0.05512633418899454,0.027333681605315442
0.022494133996798477,0.8706532918563749
0.04581104836213773,0.10269831858614502
0.03708721329669806,0.28444731305075527
0.049389075236251245,0.06357342710122246
0.020197346775401304,0.9376373547746464
0.03141845905275903,0.49182465885062626
0.0411905937317848,0.18090272478511124
0.05497804086486402,0.02796912598058019
0.04158107257039928,0.1728509795085774
0.05864951225550746,0.015548111500041383
0.045863944843222426,0.10199943019252447
0.02417667529693579,0.8078447465965649
0.01854624624284773,0.969590563778522
0.050391923867542654,0.05521990492791233
0.033180652197378535,0.4188666385553424
0.05784376649238432,0.017743945756531546
0.0162733364298302,0.9925051150364458
0.023524096418666263,0.8333231570865292
0.05426621890695288,0.031204258235626062
0.023013561798656212,0.8523084152405898
0.043652692388390424,0.13479087839524131
0.03917929272336307,0.22717035054905524
0.03954299757532431,0.21818823436747897
0.05044743085393277,0.05478650010250593
0.03048303033479416,0.5336933068278344
0.029713993393053362,0.5697234922373562
0.035526107285537456,0.3337300757937786
0.019438717594378208,0.9540548057192466
0.04219457314857877,0.16077919079107605
0.030500682333140294,0.5328832426789589
0.02495241168440121,0.7760808052368654
0.027035319044240946,0.6856588603632388
0.025107866147429436,0.7695537135036574
0.024948355206622752,0.7762504701440608
0.030402035343501166,0.5374200306756913
0.03422012035265287,0.37946229630076134
0.04468094810215539,0.11860592964402246
0.030394714032006165,0.5377576897747371
0.025891277671283963,0.7360084706335046
0.02298480815916637,0.8533504968160524
0.03547172354619571,0.33555158294394954
0.023400628243677946,0.8379957519750059
0.018128944061128888,0.9754942787951314
0.01976840518242562,0.9472845814609471
0.018543488499204452,0.9696323611348474
0.041433971497978894,0.1758501057061587
0.024433199816616402,0.797501923820461
0.046838791942023617,0.08981176131745262
0.025864277617127063,0.737180247123246
0.02522029231512117,0.7648038703146556
0.02198057130926706,0.8877277292366803
0.05036787319087821,0.05540860948449784
0.03520542227712886,0.344574269206952
0.034500667848267774,0.36928592545037925
0.03721706943330211,0.28060527302122507
0.029885359269337775,0.5615703767069709
0.02442367819744634,0.7978888398852788
0.0342651459850965,0.37781599304311597
0.030287374371647968,0.5427232638827845
0.02192885646484699,0.8893848768153302
0.036101604962659684,0.3148900833808094
0.028659737901304605,0.6132710199529047
0.027173905442120838,0.6794949264012985
0.02639466639598617,0.7140014563693369
0.04638189930659009,0.09536278468490472
0.03517458906881221,0.3456300540828366
0.020223902271341077,0.9370090497858526
0.027479272488139306,0.6658885032774684
0.026657021541240833,0.7024309695847546
0.020293610984007837,0.9353425998626185
0.037291100109386854,0.27843231308197036
0.021263317625212386,0.9096351620885914
0.07338707181835491,0.0010053401396948628
0.039602639930359396,0.2167418962115065
0.021202878383220658,0.9113720772545845
0.025686625876715996,0.7448650456717847
0.037670496809472875,0.2674929674448564
0.03702917607808198,0.2861770452418061
0.04314660235702228,0.1433937055095261
0.04168521569375638,0.1707523977818643
0.03465371678942475,0.3638160195719729
0.03338852440031992,0.41077164653172593
0.022218978328887973,0.8799389340778142
0.025598211792936865,0.7486724901368395
0.04139820796315946,0.17658546932879876
0.02617015216901808,0.7238519221884167
0.031012767433531818,0.5097171638277324
0.019820318350713517,0.9461674087583494
0.021118580142937826,0.9137654431637227
0.017076869984237075,0.9868346089741316
0.03541206233437616,0.3375580695362967
0.05145142089447324,0.047438082255831904
0.035856656148118504,0.3228119657688189
0.034185523795620565,0.38073067597106103
0.03260809705213974,0.4417207975972316
0.020833976335932536,0.9215911191535343
0.03754517340222441,0.27107020074261395
0.02578700182277205,0.7405284798642973
0.050512874314964984,0.05427927432266043
0.02325452366748497,0.8434593487697942
0.05225967042354929,0.042158140058179236
0.04463815768232643,0.11924603862055663
0.03460691399677446,0.3654826239017786
0.017368172715031938,0.9841731827517547
0.0530414530447304,0.03754529467997001
0.029339814462294833,0.5877715148795325
0.05502034112893317,0.027786551159162027
0.013081111785190447,0.99975632232657
0.031417542330743786,0.4918646290005782
0.057387734223567466,0.019106024339050183
0.046081323637909455,0.09916874377173021
0.03563920827020928,0.32996475684445464
0.03794665601274172,0.25973563555654877
0.046731108406668165,0.09109504728885064
0.026227004442958335,0.7213625146485483
0.027749405622232826,0.6538358991508204
0.029781481882923067,0.566504106441465
0.03089056578761873,0.5151866342718948
0.02216597251308916,0.8816916042712093
0.03651842807968342,0.30173720985367075
0.03203729691322854,0.4653202519067817
0.05703617987072518,0.020218937690458964
0.026999374349544247,0.6872561083199784
0.06344440162759546,0.006821175219844395
0.023916015103447374,0.8181722305975204
0.018762854591163225,0.9661897449631199
0.02803903244323569,0.6409113980877387
0.04431950516412991,0.12410267564802162
0.023056566670914547,0.8507442489096084
0.03248342227893872,0.4468059169949464
0.029045003821133952,0.5962013948463882
0.03199677326277539,0.467026627312974
0.04506320246940171,0.11301225883810878
0.024890982921257326,0.7786464331717562
0.020226961349501082,0.9369364402296803
0.022188371598116152,0.8809524113903362
0.025123525248702205,0.7688935828259515
0.018839461729014878,0.964930883887068
0.04273505102510003,0.1507128397602565
0.028038720108760185,0.640925331987737
0.029009319055484067,0.5977786051573071
0.03308950816185463,0.42244996951561203
0.02703472508555116,0.6856852589223903
0.036577387700809094,0.29990983296781504
0.03444393065975926,0.37132832235370855
0.026574728721136864,0.706066485217322
0.04956100091896562,0.062068923725355836
0.035842910485983315,0.3232607617398696
0.03192628261105246,0.47000462547919375
0.03671360656394257,0.295719091667669
0.04964087055226263,0.06138042368323112
0.03998739526687456,0.20758938765239476
0.027670244444722658,0.6573686271635855
0.023287315335816905,0.8422394112891414
0.028707698823931538,0.611141490184493
0.028316019709042906,0.628562006353068
0.033396678903642674,0.41045628792094924
0.023104568458027608,0.8489904814886011
0.06045748524189709,0.011483029667955256
0.022484463138220834,0.8709848895717369
0.02565596211309551,0.7461868814501289
0.02792630478884961,0.6459411896426437
0.021400003175858467,0.9056431516123402
0.028371468348391715,0.6260922537158773
0.03485107862474712,0.3568472251775688
0.04275587661655322,0.15033537085474258
0.03668827390228491,0.2964951556676262
0.047337932975837105,0.0840597659078211
0.02849836932655128,0.6204439406314219
0.040976359053529476,0.18544482038723384
0.03537095648536448,0.33894552288789925
0.024735779979469852,0.7850926311870309
0.027306395650975424,0.673594945282526
0.03491832609697315,0.35449451118129044
0.028900339027708166,0.6026005242963377
0.04542509771779024,0.10791902848179281
0.035390842016824575,0.3382738123139891
0.02839649903068739,0.6249776862276998
0.03334533547323901,0.412444651732912
0.04099037372355763,0.1851449616885389
0.038926302016608294,0.2335842954773653
0.02198477485907535,0.8875925177270235
0.023473403237706636,0.8352476602857607
0.03566495325072905,0.3291119675466763
0.01782162325138964,0.9793138422311372
0.025423346705884642,0.7561666486019383
0.022538846846825056,0.8691152933707444
0.04348492945649157,0.13759480699595242
0.029340507301117313,0.5877377869867456
0.02918709357612026,0.5952339702221423
0.03051905429965901,0.5320409509622085
0.05193097980497144,0.04424025946887768
0.021478984855148986,0.9032964126013303
0.044975405119923206,0.11427737520077788
0.03129634071331622,0.4971675556800977
0.02996200405859839,0.5579468299166656
0.03835521455162316,0.24857234741884696
0.0439325141080007,0.1302177115560184
0.02228708339419455,0.8776696817345184
0.038866539184420734,0.23511952320001844
0.042558587146930504,0.15394204958048643
0.025808723533955913,0.7395881448009749
0.027337228854589002,0.672221058293055
0.03927719566388099,0.22472497286316495
0.035363479469411985,0.33919833557431095
0.026018500686844193,0.7304743929368673
0.01667965032385632,0.9899271103151901
0.028192393881370292,0.6340716709736135
0.035113796898196825,0.3477184590952053
0.018684262345716518,0.9674506615221675
0.05513652758772081,0.027290474494722276
0.03450623205135256,0.3690860545646829
0.04146853438259257,0.1751417424174822
0.04148934797011894,0.17471626456383804
0.027705606296025587,0.6557905755213596
0.021909589432145826,0.889999271967662
0.03995893458843233,0.20825592664711573
0.0369457885760327,0.28867596977417775
0.02909270398957975,0.5940944909248094
0.055195414008066324,0.02704204958398944
0.0288516583768757,0.6047568387479357
0.03888670848968778,0.2346005385437854
0.024816748468010172,0.7817362317658133
0.0318285708361542,0.4741531352386397
0.0381363759306485,0.25450560344243306
0.030858844211407332,0.5166124552052107
0.038502287571727606,0.24464428827647858
0.045484421520258,0.10710254164888108
0.03146408782816801,0.4898378319098519
0.022132502320110548,0.8827921910812863
0.03905834155592286,0.23021964528893168
0.04648069565440749,0.09413876294791507
0.02681834043150677,0.6952897803227696
0.04164096773979398,0.1716415426884301
0.03028259548551926,0.5429449923464257
0.04052384743564669,0.1953343918615102
0.03720793734224481,0.2808741927914553
0.03618117192617476,0.31234756724116797
0.020350440794405955,0.9339657042310211
0.019808951911365225,0.9464132037801322
0.027884822619261285,0.6477923740734688
0.01951105163863509,0.9526174321293752
0.04508885250768402,0.11264484497155172
0.04008727371377466,0.2052634140055235
0.027254729454415594,0.6758964500996365
0.0405304648646454,0.19518684367256162
0.02733169914295519,0.6724674758823155
0.03430479446656287,0.3763704420389909
0.03126693261352764,0.49845974812339616
0.021692487949278028,0.896808354385357
0.04089583080062764,0.18717524526751897
0.039156430163883704,0.22774434182736475
0.04667577962103481,0.09176036433292094
0.02730794707431461,0.6735258228072716
0.029594993447611295,0.5754268571530867
0.03246304161126007,0.4476408792533281
0.024594493288955688,0.7909139491790722
0.037276901871044155,0.2788480859683137
0.05866664545497846,0.015504189946702187
0.04837579819801541,0.07308798739039449
0.034010120390116416,0.38720685910076413
0.0359370307230541,0.32019678479712016
0.046418177648788306,0.0949117838616528
0.022185710682084914,0.8810403353917174
0.023110309858821787,0.8487801658265619
0.032729274721060686,0.4368155428373006
0.02352899486302007,0.8331367523164825
0.03040397982306109,0.5373303732937802
0.029182739192206042,0.5901220998887085
0.025801325684498888,0.7399084722665764
0.02544148881390068,0.7553914625711963
0.046839822716862045,0.08979955100619783
0.022653721929644988,0.8651275687596461
0.027917387030735208,0.6463391439758732
0.045057187355872275,0.11309856305404116
0.04394415026523013,0.13003031861095776
0.032102014010856106,0.4626036393136116
0.05408448920740838,0.03208119595064427
0.029366522826417232,0.5864721612538487
0.033403621532386296,0.4101879266177199
0.02560185468124987,0.7485158491594761
0.05741650964643141,0.01901739678818078
0.030025265499468434,0.5549667469572181
0.02763539964083561,0.6589235089446623
0.04061976369927006,0.19320430040108832
0.0344892610811367,0.36969590430440047
0.02286473767863273,0.8576692231699684
0.027081742484326432,0.6835950396776755
0.030361045106627155,0.5393121918052682
0.02870849463892483,0.6111061647601512
0.03455532883014445,0.367325756679147
0.029568310667931752,0.5767103698657189
0.020232436554107447,0.9368063626914196
0.03619765807651343,0.31182264253428355
0.022351421394889548,0.875508235863383
0.026207690908706227,0.7222085963229528
0.027523362899559506,0.6639219714972813
0.043208309827867275,0.14232152659746766
0.02791316005367525,0.6465277745611986
0.01949358103202259,0.9529670672435201
0.03772557557877254,0.2659320628511024
0.04273840627040415,0.15065197352808385
0.0501692758201534,0.05698814256488448
0.03240275041960694,0.45011698778287335
0.05535608683743454,0.02637435229388861
0.015527246701736996,0.99591949354812
0.04801948194168548,0.07670927119347092
0.04956415214114862,0.06204163453783194
0.030687195705570547,0.5243707835775523
0.03850159173717799,0.24466276080219204
0.029399414764152143,0.5848743183897256
0.02734650216517187,0.671807796782778
0.04310122985063036,0.14418622802863387
0.031505734987702705,0.4880288986627994
0.03439509035894539,0.3730927988444605
0.02911835171092414,0.5929623016093647
0.031012192955160445,0.5097427897666756
0.026390885530634067,0.7141677577869419
0.025784122076057625,0.7406530948795444
0.018128154842556254,0.9755046521584404
0.03987978775471002,0.2101182802029594
0.016191042890270818,0.9929609949524496
0.02880664384650905,0.606752006419779
0.04233045728635809,0.15819899226194717
0.03960230560331823,0.21674998295121167
0.03758229232482113,0.2700069595652433
0.028569555712911254,0.6172782371965655
0.026025728384953983,0.7301593850171058
0.025385918318742623,0.7577641491829255
0.0400657409151014,0.20576314389488268
0.025070177948650407,0.7711405545538057
0.035274561722102166,0.3422152026208004
0.022842227860924214,0.858472895465363
0.05157086629008362,0.04662341499295844
0.026892980000553846,0.6919798419358302
0.023080885364724413,0.8498567847426108
0.03627692082895928,0.3093078883375033
0.0509059816119275,0.05131677779086857
0.030952398716202145,0.5124145161718474
0.035513193689014955,0.3341619522917073
0.03688401436117983,0.2905376021852698
0.019325278026080306,0.9562547219026233
0.0493066810749212,0.06430543003677244
0.03146578121456245,0.4897641959584688
0.053072581697125726,0.03737112956300853
0.038592009132226046,0.24227131372216867
0.02981082816959546,0.5651076391732065
0.04028456451391918,0.20072869581677888
0.027153946233816395,0.6803831700476554
0.01846559079723087,0.9707975522055875
0.06306766874338998,0.007294403263933879
0.047811889775496996,0.07888824571268296
0.031689111395473146,0.4801153586503064
0.030404504555991974,0.5373061801394063
0.03865820805067177,0.24053175820851205
0.024332635982390605,0.8015768527687767
0.033104084049674354,0.4218755255037822
0.04291106817244961,0.14754644370450443
0.024676162099910248,0.7875546086996862
0.03067656036361685,0.5248538790762818
0.028563672553733377,0.6175397827100897
0.022759990505239136,0.8613927749537886
0.020026147150431384,0.941601230091026
0.038891361384995604,0.23448093772084963
0.022146858625487154,0.8823207014497891
0.017675569441667177,0.9809777125640702
0.02023913167229474,0.9366470948482066
0.03426400163596516,0.37785777267748216
0.026568160326784107,0.7063564301068912
0.03684954853578615,0.2915801235443469
0.02633004296499164,0.7168420289233985
0.03115881411266841,0.5032289296817156
0.04778692138808299,0.0791538148118099
0.04312490362103549,0.14377227644786175
0.029000371103532402,0.59817422487322
0.0416171861429358,0.1721209451128075
0.036756597159510296,0.2944055116923419
0.030106990581281634,0.5511312899624997
0.038130272309458424,0.25467261194091223
0.04964772311787047,0.06132165829600404
0.05459974253992128,0.029649569215002787
0.023990067664714454,0.8152577323906295
0.034746603478637006,0.3605243270514734
0.03184049027308655,0.473645800782059
0.03212251746888006,0.4617451530193033
0.030208275022270747,0.546400458555762
0.028134453641755153,0.6366552005052221
0.0465626558253569,0.09313332537819304
0.021574838044209232,0.9004094608946009
0.04084975576171512,0.18817103802339402
0.029666347123652015,0.5720029644363918
0.028485650087239495,0.6210097942838992
0.028201310280139613,0.6336741594082593
0.028041974749025145,0.6407801363110385
0.031511846689764256,0.4877638016763163
0.02223689400392581,0.8793438665941624
0.024525310121422117,0.7937474238281048
0.01777448217240818,0.9798613597098778
0.04475177284429088,0.11755266457202579
0.035456318806917464,0.33606884114448987
0.02342466373820555,0.8370900706340921
0.02940777573447828,0.5844685664628958
0.023609819702163803,0.8300499481390882
0.034066885931232305,0.3851026501342438
0.04124541274837806,0.17975474586155193
0.03161930533667312,0.4831179401054191
0.036377947873637906,0.30612418171150074
0.018559436675815277,0.969390125992745
0.032898388191290207,0.43003118687932956
0.02012098286311359,0.9394240189236316
0.03134914886212564,0.49485255645744664
0.03542955922537716,0.3369687339434633
0.036958334050528174,0.28829898124027237
0.024060845089372784,0.8124575072001079
0.03930310502833906,0.2240812283409284
0.02902496803287047,0.597086838939485
0.040329226457178624,0.19971310286975238
0.020469466352982635,0.9310287487565383
0.015157075659250618,0.9970877353688565
0.03956149769951833,0.2177388057924217
0.02892964674880899,0.6013030338872792
0.04331753079091011,0.1404397279310899
0.0400149444026654,0.20694578077523762
0.03989852572268571,0.209676202748455
0.027995385041048898,0.6428587290464087
0.028234955756253066,0.6321743481870086
0.017633366202913642,0.9814407758490187
0.02035833340192439,0.9337731794716851
0.0460011014566597,0.10020567322346227
0.03955725165701163,0.21784189263317819
0.027148710993476155,0.6806161267211206
0.020128689011246426,0.9392450757475141
0.0417072907692882,0.17031018183995567
0.0387199230669929,0.23891863614990136
0.02751500965549658,0.6642945722212452
0.027393369242619314,0.6697188193840768
0.05035018839740368,0.05554772026552981
0.01908454582324476,0.9607043317935479
0.01629335674164273,0.9923909664070151
0.02318875928287134,0.8458947717058358
0.03797912141836668,0.25883494907013377
0.043102780197864565,0.1441590896830258
0.020665343481866882,0.9260398125881317
0.045014137795341636,0.11371782334304455
0.0232160310983765,0.8448866485191477
0.03695650091113867,0.2883540438555337
0.03110154945796717,0.5057666572348073
0.02217438486208187,0.8814142369721198
0.028549607539234856,0.6181651274320139
0.032339630063647595,0.4527190219578949
0.03020731026943818,0.5464454025832419
0.037756131510833346,0.2650690820869451
0.018167697942305217,0.9749812763396439
0.025943897078827938,0.7337220827241866
0.0460094625111791,0.10009718079588088
0.03364049037880146,0.4011038548693125
0.01627966048783841,0.992469195943744
0.03914282190293805,0.2280865226693811
0.029867379385365656,0.5624224756136397
0.03111079300675118,0.5053564721043675
0.03640248447235739,0.3053545896614091
0.028555369868533853,0.6179089180575346
0.030096582357290735,0.5516188574526578
0.04785469751210203,0.07843468570110088
0.0357609278512771,0.32594689721507236
0.032298655407992594,0.45441346522832227
0.02686861304032606,0.6930607852669024
0.0469117179316626,0.08895132603092233
0.024248324586175596,0.8049732061486383
0.025534958999068547,0.7513889929397778
0.01986448452489953,0.9452060062546064
0.02143017155505167,0.9047502138595083
0.03083192396651746,0.5178244153478294
0.030116251835064944,0.550697673431573
0.03040893463717831,0.5371019552470427
0.03187047938225174,0.4723709232500744
0.024154229253649295,0.8087414955168778
0.03599915814079835,0.3181858961361758
0.027119189783956832,0.6819295395477762
0.055815905722253784,0.024543384138208446
0.04299956479408645,0.14597489134756939
0.026640551870413254,0.7031589855172163
0.02721291697114392,0.6777583444008956
0.03054492657476271,0.5308562013505597
0.027574941803690467,0.6616210177594755
0.035498984919311555,0.33463760898844974
0.03565987159907047,0.3292801683644942
0.04659779051011964,0.0927050741527288
0.02487338872653333,0.7793798081889689
0.030448535933473186,0.5352784890026863
0.0295732088957818,0.5764746239131742
0.037516454958722245,0.2718949681299014
0.04722954299497972,0.08528174302051868
0.019166910286747663,0.9592153314648552
0.041832568638547396,0.16781782876681942
0.039868504011872946,0.2103848426284496
0.03680780318217325,0.292846540230058
0.030942174313684845,0.5128722483651617
0.02704201422310018,0.6853612804288554
0.026762175054597992,0.6977781278942017
0.028160112215574462,0.6355110067009028
0.03527428343730232,0.3422246745603395
0.022349789507854934,0.8755632705611743
0.04189039126129024,0.1666773300580166
0.03519742800238601,0.3448477858268384
0.031731010817960925,0.4783189626439381
0.02707223564715422,0.6840177628307569
0.024500644138895022,0.7947548665522004
0.017415368646038154,0.9837089467564396
0.03380816045171023,0.39475793510674057
0.03579726039926345,0.3247544846879501
0.03815078613199499,0.2541116376937287
0.023582534976237524,0.8310943170170644
0.03066165717300251,0.5255313042216024
0.023366309586140943,0.8392855776117996
0.03728925511612635,0.2784863146182939
0.046756841044565955,0.09078699752056846
0.02202123475908313,0.886416524902202
0.03592446490777973,0.3206046253508444
0.01338705259537798,0.9996207809217103
0.028179106944353993,0.6346640644716735
0.02740849234627446,0.669044624072163
0.027678328302222388,0.6570078860768083
0.035631228403829485,0.3302294095834317
0.048275463850194766,0.07409271872439482
0.05460085821317118,0.029644485252311878
0.029082890107538062,0.5945278373895087
0.028215192809065925,0.633055285302573
0.036595626400570846,0.29934620158935804
0.022479724382910682,0.8711472364369743
0.02137040587032374,0.9065150394744812
0.03199477477852697,0.46711088584771254
0.02303281010139646,0.8516091453829444
0.02021038530538788,0.9373293127289342
0.04289982167268225,0.1477471381702802
0.03259919069888334,0.44208277321813294
0.027069838555444675,0.6841243432849318
0.022135279596690927,0.8827010482177762
0.03792234316600218,0.2604116936687672
0.03584184070279228,0.3232957091437014
0.027799596624322187,0.6515959078237898
0.024815534586163035,0.7817866574159487
0.028091125658824434,0.6385876204878111
0.03298595753594946,0.42654622491247235
0.030052385873690413,0.5536921539296763
0.043224138570238435,0.14204754898138866
0.029864072826587318,0.5625792645646547
0.025198070659395777,0.76574459297683
0.039413695118443504,0.2213494880102762
0.03195223696641325,0.46890669665203477
0.04793787132915739,0.0775597367939072
0.02063266184810053,0.926885594376901
0.01747891579846328,0.9830689360544536
0.024704784802246027,0.7863736122669988
0.03653615216923167,0.3011870159568421
0.03254893534268988,0.4441289871972147
0.06353320405725726,0.006713784029008891
0.048098984433248504,0.07588837791773503
0.04525108468645578,0.11034380430659094
0.04450324567113223,0.12128283340588883
0.0302203975856829,0.545835909765737
0.06302500520154358,0.007349837862930442
0.030957487013471063,0.5121868165625659
0.037055362236257494,0.28539563236270743
0.02276572936172727,0.8611898477992481
0.02119572884757459,0.9115763879061645
0.0391520375839729,0.22785475040165842
0.03608231592062755,0.31550872044151923
0.029627358809626525,0.5738722936097771
0.028063166599429756,0.6398347663752201
0.03640962674450832,0.30513083879648456
0.03169097527874146,0.4800353535148343
0.020495587594541786,0.9303746096393644
0.02380994786834012,0.8223188225798201
0.037700378565793224,0.2666452815098226
0.02091992818941546,0.9192694811284768
0.025157005746405003,0.7674805854867
0.021986860552954235,0.8875254006751839
0.02379137904083861,0.8230413085387007
0.047545693748777484,0.08175868596533768
0.04573631894541863,0.10369245308369252
0.024514509199234924,0.7941887517794918
0.028345622982185847,0.6272433170324483
0.028904180191474255,0.602430440739066
0.020208439964056635,0.9373753276048067
0.03154359437612064,0.48638823164257283
0.050032657101116484,0.05809706057656347
0.036178700800972546,0.3124263043161234
0.03735200168959729,0.2766541537559156
0.033820289719228985,0.39430157874524724
0.024920591347444065,0.7774107954283067
0.030431975541823697,0.5360405547969677
0.03597799089894044,0.3188699850812466
0.027767000105937356,0.65305067351629
0.044386118361397275,0.12307422196059906
0.03776357446558942,0.2648591927198102
0.018160868187782578,0.9750722016461472
0.05216783044726342,0.04273114558934174
0.033800885875316766,0.3950318118306945
0.042384524527778966,0.1571816395079171
0.04468721924946362,0.11851235647410277
0.031699752845769646,0.4796587025206035
0.0319727780255345,0.468038954652984
0.030000983241338486,0.5561094720318266
0.028098748286903397,0.6382476275790483
0.023752944716132235,0.8245334236576168
0.03674371418669714,0.2947986984875583
0.017730668752814815,0.9803612480599505
0.036228605956102666,0.3108389928251493
0.022127106915208916,0.8829691600652823
0.0419561447314406,0.1653879328239932
0.02407935012311818,0.8117230566048005
0.030920597851160636,0.5138390446468452
0.05212802457407578,0.042981598108465066
0.024518784875998345,0.7940140804742333
0.025118782916869864,0.7690935522954528
0.026391293869497956,0.714149797647728
0.038327768671637674,0.24931065637538757
0.022448871979584006,0.8722020087612774
0.044900637410805855,0.115363932550098
0.038739381546713636,0.23841174426016096
0.023423478767313766,0.8371347664101227
0.033254452539280166,0.4159803593820024
0.02770446305776947,0.6558415947255787
0.045668256362723536,0.10460484249103441
0.0400141945545307,0.20696327822335334
0.03220944177867269,0.45811726777985545
0.027917326502633344,0.6463418450582652
0.03110468334126032,0.505627566540848
0.031540202553248964,0.4865350735128224
0.022313214318828156,0.8767938735238672
0.04025762414823686,0.20134325867236338
0.027347338458582615,0.6717705264770195
0.037466225706885126,0.2733420237948405
0.024031466302879168,0.8136215605603795
0.05315127519761609,0.036933984557465147
0.04364669049044456,0.13489038314789922
0.041755128516238194,0.16935501018632235
0.02878467055824252,0.6077263427464492
0.03301524903531183,0.42538479674653645
0.03507481691651959,0.3490622775432534
0.025847250737051852,0.737918695004018
0.053674141125290564,0.034141397510843705
0.03339068749134638,0.41068797730069284
0.031904929588108755,0.4709091679641444
0.03116111870429855,0.5031269700857269
0.058281238001749225,0.016519569524686112
0.03129515950774908,0.4972194164762451
0.06028189273524237,0.011830817426149455
0.03509750856804611,0.3482795425007332
0.025839613826432628,0.738249776788729
0.03846418906573246,0.2456572649274582
0.023560134902301466,0.8319499469326411
0.025081778690093315,0.7706524078055269
0.028502116976543257,0.6202772275470523
0.03972063155059724,0.21390247387474143
0.03808689128677012,0.2558620036329975
0.032926482455207684,0.4289110443102059
0.03852811403191281,0.24395941690548859
0.03764755183379098,0.268145243609296
0.03415192675474099,0.3819652422055797
0.052870628262874475,0.03851374452710588
0.030245398572481708,0.5446727446247915
0.021783729915612393,0.8939723432000533
0.02818169945766652,0.6345484749926202
0.03797231038873361,0.2590237114127525
0.03571124878068399,0.3275824615065536
0.024016482275999174,0.8142143255939263
0.03625041888586222,0.3101470534439295
0.018499585492371518,0.9702927269895496
0.024363129257820026,0.8003439501755413
0.025915261911767185,0.7349667686827329
0.02799226597380282,0.6429978956072977
0.05113378837069332,0.04966471249564386
0.028371787081486077,0.6260780598183621
0.0295019799912955,0.5799084568189078
0.041635951882540434,0.1717425665187666
0.03130075147430489,0.4969739319751849
0.026437580683974504,0.7121129338441987
0.0353384724141943,0.34004485706273907
0.040049406103287,0.2061428722381667
0.04560403152522341,0.10547188930991025
0.04415252473363823,0.12671171365606249
0.042021326256966474,0.16411763129276052
0.034878380786855956,0.3558907013095204
0.03349445350549374,0.40668795466347346
0.036248231012152854,0.31021640525239413
0.030223541172009483,0.545689571257694
0.04617821320355764,0.09792831320790346
0.040170495670664,0.20334090872098207
0.029454148595926655,0.5822211587214926
0.03354594206848946,0.40471309956686213
0.030491244708015675,0.5333162476137101
0.04380851618527509,0.13222834953843474
0.05641154467960491,0.022339507849784748
0.025786211357929578,0.7405626867357951
0.03475123279874298,0.3603608278299276
0.025229784996330662,0.7644017320404132
0.0261681462703256,0.7239396903056956
0.027405358754763354,0.669184325776131
0.030973474183277117,0.5114718127035808
0.02295544681299677,0.8544114868769863
0.029257849299812677,0.591769709823068
0.027742499440597757,0.654144113352951
0.02629821989610648,0.7182393261790141
0.01873036468955236,0.9667147500104144
0.027199934439830487,0.6783363213303377
0.03017199116595848,0.5480923435239224
0.02617666628456279,0.7235668662025496
0.024926712105679094,0.7771551306423882
0.02510445178334668,0.7696975875968901
0.03593997120547088,0.3201014019272198
0.0313741822549104,0.4937575655323642
0.024423700043943397,0.7978879524001512
0.02482524417229176,0.7813832235543223
0.04205310865386236,0.16350107086066426
0.01848118242060466,0.9705667183316686
0.03553397934185465,0.33346700367916476
0.03861878270219643,0.2415666133525206
0.031982203691305944,0.4676411268554472
0.03491094138984796,0.3547523317027686
0.018348730210324404,0.9724898937263136
0.03255588816086474,0.4438455176765517
0.04916955044194138,0.06553968502063907
0.03753705835843468,0.27130306704784835
0.03085653217743245,0.5167164736511153
0.024913895142887,0.77769040691396
0.03405043374822159,0.38571168560017866
0.022038304051248958,0.8858639843409608
0.0474902822170602,0.08236714728522969
0.03239046208600174,0.4506227738353549
0.02594449690710704,0.7336959986616258
0.041564176112061535,0.17319338556344813
0.025809792374084428,0.7395418576614703
0.04527916414262534,0.1099495101802243
0.026230801330590747,0.7211961346578446
0.024003774416613277,0.8147165478244461
0.024710349031531575,0.7861438112946328
0.021565072345169967,0.9007055288751222
0.024135775037414042,0.8094777401034996
0.03151694068170219,0.48754291921511556
0.031904907675588456,0.4709100967921312
0.03698361625228597,0.2875403666069394
0.02688562770498526,0.6923060346487035
0.029311348750784227,0.5891582356583617
0.029472535058481075,0.5813315042494426
0.03180198456327338,0.47528602021117694
0.031486706441649415,0.4888548630245031
0.04302682086788445,0.14549360486822524
0.051424131412225293,0.04762592873764438
0.040247331984190504,0.2015784312917672
0.03617937345724587,0.3124048701387483
0.053353449136756215,0.03583134395988685
0.029839814962039413,0.5637303224843814
0.03830214528338907,0.2500014417962675
0.04867141100827177,0.07019474510593499
0.03153258636673825,0.4868649047140458
0.029261152475650337,0.5916082742486034
0.021054728949967405,0.9155554847412348
0.030933280060539636,0.5132706418631384
0.04391055699951352,0.13057191765394505
0.026132151221732736,0.7255138874429213
0.07072625866631388,0.0017246487616535148
0.036507925517365036,0.3020635805623165
0.03533978747098494,0.3400003029415115
0.05302730712257053,0.03762467541294894
0.046300791425031074,0.09637757088088339
0.025880594195058948,0.7364722393516985
0.03506040327869786,0.3495601186701584
0.03850754995121031,0.24450462073137058
0.029781854598847246,0.5664863574007638
0.02357540494276733,0.8313668411754254
0.07269370331269787,0.0011593804552905902
0.02452478604116104,0.7937688443678388
0.0360697420052683,0.31591246710435433
0.03970478491638246,0.21428213021063094
0.02998239944066905,0.5569849947160744
0.030537697887914605,0.5311870536466354
0.0374580532497612,0.2735780085842528
0.02717049154107487,0.6796468664786726
0.022475302706230604,0.8712986389067703
0.04134226740580804,0.17774060206926837
0.032671329593459975,0.43915657505868255
0.05094694614395234,0.05101624902699167
0.02834309967789056,0.6273557078855121
0.05935299164930141,0.013833707322829028
0.04946604503187074,0.06289606143589786
0.019084221795070078,0.960710121236145
0.0388796070655012,0.23478316795916107
0.02131318687167294,0.9081889220437898
0.049544307233752694,0.06221366034552848
0.02486660884174058,0.7796622369153612
0.0209696708564171,0.9179093113960026
0.05170794862819739,0.04570342608533782
0.016028039349469392,0.9938025005637614
0.02292054142439559,0.8556686915517315
0.04203411322237116,0.16386934822350818
0.030783693664636597,0.520000236031952
0.02498065567580715,0.7748985420437748
0.04377082314759184,0.13284454070591717
0.022635275989244058,0.8657713890389402
0.02349431291637294,0.8344548629575494
0.02092365986185185,0.9191678624304559
0.03604196469447507,0.3168057271670344
0.050049113118095234,0.05796251517172597
0.021265452549134478,0.9095734898744534
0.02684691411342688,0.6940230690245783
0.06373487206689332,0.006475605455213278
0.03108474379165327,0.5065129558629969
0.02550302040237018,0.7527582336269033
0.018521084172619884,0.9699705402932918
0.03301641064279859,0.4253387823683027
0.019209100330302598,0.9584391753967927
0.02304108908871068,0.8513079665182517
0.03222538646413531,0.45745384699837793
0.03472601938137121,0.36125195605638416
0.025790252837558425,0.740387785023737
0.025726403445423762,0.7431482664440779
0.02271530108758646,0.8629686861122307
0.02329485953302246,0.8419582260096292
0.015803814618548406,0.994833571473275
0.030086292828987393,0.552101123929566
0.03952291951700304,0.21867680834182165
0.020023329187895234,0.9416652172899633
0.03061645622051523,0.5275892589456421
0.04054509793470151,0.19486088209690144
0.02540919273731146,0.7567710417464679
0.026349753382333474,0.7159760723742019
0.029722410740942284,0.5693213618408485
0.02113886441025159,0.913192660808154
0.04752721615201011,0.08196116157143042
0.04150247019279635,0.17444843843379002
0.025803203416740583,0.7398271735113184
0.038891387251960896,0.23448027295145538
0.02493110555722977,0.7769715674541561
0.023419162082688294,0.8372975476061084
0.034123125210355376,0.3830258132833209
0.039110816678391225,0.22889285589764807
0.02399870245878788,0.814916866601707
0.03744003852671984,0.2740987333859603
0.019028166377517558,0.9617036162167512
0.025737692858263717,0.7426606012809887
0.03298677979268294,0.4265135926413195
0.030660994606277914,0.525561433915453
0.02147694362747965,0.9033574285590764
0.030794459829986187,0.5195140428030581
0.034275936498372184,0.377422195558111
0.019366565276307313,0.9554617105283318
0.02826624931645841,0.630779639185109
0.033800406336673805,0.395049870345494
0.04234981970976126,0.157834054657743
0.02804587071512521,0.6406063319069077
0.03886422126358352,0.23517922288482626
0.04806310301957856,0.07625794129826143
0.02570304289996056,0.7441567765563968
0.04126530232905756,0.17933966278219626
0.024847203802860207,0.7804700465450984
0.02617498982515376,0.7236402321192329
0.024965619676944495,0.7755281368399273
0.021510058873080606,0.9023651657447935
0.014249397486796211,0.9988700035707433
0.017935084212168828,0.9779545775176622
0.04622646644035244,0.09731539347443822
0.04109481295992312,0.18292241622352032
0.02221699940075539,0.880004581342978
0.03235679572386002,0.4520104097717393
0.018731620027385265,0.9666945631003129
0.017679873756626274,0.9809300414467794
0.04063818894885568,0.1927972134509642
0.027577216627344914,0.661519527929495
0.020538129494657054,0.9293018870536482
0.03947036059744752,0.21995977157575744
0.024828581970738894,0.78124449056708
0.05437683285682382,0.030680873840013632
0.023071202420313797,0.8502103994370211
0.022865891645790892,0.8576279716874954
0.026856888360170084,0.6935807763627391
0.032648478613346854,0.4400820809238231
0.06397066053557568,0.006206921535373436
0.027363687497141242,0.6710418746936682
0.02131185182733175,0.9082277927725746
0.03667440091375668,0.2969207898175014
0.03707252769377614,0.2848842642235611
0.030249045906414862,0.5445031808364992
0.040942795803213694,0.1861645003552518
0.040942012078804435,0.18618133166328085
0.029510015816774066,0.5795204533689577
0.03265416093617968,0.4398518147080886
0.04397267770387403,0.12957183415373746
0.026467975406184008,0.7107743370083743
0.020808198708231584,0.9222802943188496
0.03194885531967373,0.4690496528103579
0.027372014299516523,0.6706707334705819
0.04500884991118656,0.1137940812493412
0.027693039971146027,0.6563513676385184
0.02909574491873046,0.5939602280463534
0.02749962659924321,0.6649807088323387
0.031894228599493646,0.4713629040949003
0.025720955407324553,0.7433835375881379
0.028433629050925335,0.623324762905608
0.023565037371256814,0.8317628211887318
0.018679462769827904,0.9675266655345016
0.031998688911919704,0.46694587056728776
0.05205437701314408,0.04344834429297065
0.05607451789521711,0.023563882387451465
0.04580632077574731,0.10276097459788272
0.024517245231415963,0.7940769836236508
0.032616316757653196,0.4413869049022366
0.022162594215772102,0.8818029072456264
0.012923999777929684,0.9998082888244515
0.03713940978620789,0.2828983061728371
0.03666788794227027,0.2971207682800597
0.057635721327241485,0.01835418606483381
0.041940034142315286,0.16570311491274783
0.034615663666156204,0.3651706475051319
0.021362506727330977,0.9067470391306547
0.0400764870272633,0.205513631290635
0.034480386100798954,0.37001510782273894
0.022857022582254638,0.8579448907513056
0.027364044651833397,0.6710259560251138
0.029950551831438132,0.5584873533182636
0.032663733908276454,0.4394640692037538
0.030929434771119424,0.5134429415366464
0.0421284206433408,0.16204745912900145
0.03181352043615637,0.4747942410977744
0.020460588285094117,0.9312502919572601
0.03344996277266776,0.408399721312918
0.03707030794921562,0.28495035323666545
0.03901797036091603,0.23124441356409917
0.028575184203354698,0.617028027722848
0.03188212158835496,0.4718766019824462
0.028942681851496885,0.6007261259679719
0.029591917534638523,0.5755747295268372
0.028984128163028644,0.598892516724926
0.02888047859665588,0.6034800716818752
0.04994580841818047,0.05881159054633876
0.01918733583391119,0.9588407076216285
0.03647552528516107,0.3030720642013192
0.020017710752050166,0.9417926727170282
0.040286735690123976,0.2006792309730443
0.04957946298049648,0.06190919069109571
0.03346034643659235,0.40799977228216944
0.03113732292451965,0.5041803754529277
0.040237399125483075,0.2018055975025586
0.040609256187310094,0.19343675533762486
0.04492447949450468,0.11501652757513539
0.02442534734078322,0.7978210297056001
0.03886799573337274,0.23508201469648346
0.02458075177219521,0.7914776552220828
0.03385077430840444,0.3931562264465956
0.04946704214784692,0.06288732706359824
0.0511295480767478,0.04969503829878744
0.042529343261642594,0.15448253953903418
0.021426191730849864,0.9048682544000567
0.053251503320724425,0.03638369332393037
0.02717080200239108,0.6796330491894549
0.039572580460428886,0.21746991277906533
0.027768600834551904,0.652979234127511
0.039944074987249056,0.20860459486180533
0.02391025038773166,0.8183984474229143
0.03279003925413143,0.4343696165953139
0.033823714745128464,0.394172780326556
0.037796467048862525,0.26393312785383966
0.04153963294212054,0.17369171266413852
0.026924598837538172,0.6905766774072835
0.030573439902206345,0.5295524169553841
0.023681928804432872,0.8272785647462053
0.04368013828784745,0.13433661751644424
0.03446501993442852,0.370568236044662
0.024844242516644854,0.7805932504179083
0.02714766089724563,0.6806628523237043
0.018455625932075503,0.9709444583369736
0.0645386446801598,0.0056009804745786075
0.04261693258585886,0.1528682477332408
0.03592993783682641,0.320426947648806
0.03735848362747313,0.27646539952310206
0.020634379965689786,0.9268412635995984
0.03539159783793011,0.338248300417269
0.043506844607206885,0.13722585420976477
0.03021631169842831,0.5460261498027235
0.028275183864601816,0.6303814879029688
0.03975169924396127,0.21315966410034554
0.03702093809880519,0.28642320042366204
0.0523586966314491,0.04154780137528144
0.028010260540776266,0.6421950300825123
0.0236704332426666,0.8277214649350251
0.02802934499477905,0.6413435820649764
0.0340435864731968,0.38596535904061124
0.03442842781986538,0.37188776426868925
0.02074870751113722,0.9238582531699941
0.033777440522084035,0.3959153876771456
0.025029958209912717,0.7728308966362046
0.0253118598561171,0.7609179478103173
0.03392392847303727,0.3904171171920059
0.03701950922941255,0.28646591179148195
0.030702113420763955,0.5236936367115317
0.04168347765640279,0.17078725358404165
0.030403126780227274,0.537369704830489
0.031848373438550126,0.47331045939055444
0.025659563315100276,0.7460317157907275
0.021945927110881613,0.888839159576427
0.0298471063588992,0.5633841893378512
0.016629443535632782,0.9902764320578176
0.03538890630319502,0.33833915646783186
0.032438713711671646,0.4486389122944984
0.05091189574069033,0.051273295698174966
0.014551570953655779,0.9984191244843781
0.03486002115382636,0.35653372536108696
0.022841393150086473,0.8585026607285582
0.028785460598856505,0.6076913062029032
0.026782411387996446,0.6968818196207078
0.03419994784673319,0.38020150167839645
0.03859912579661007,0.24208384494006752
0.026128380387016592,0.7256787152289437
0.029891727258469947,0.5612687740393177
0.0207098869953668,0.9248784589124974
0.03421029534793274,0.37982220018217205
0.03735468901768452,0.276575886999304
0.0487986809940818,0.06897944508892395
0.026605238388672958,0.7047192571038984
0.026356936368059358,0.7156604006952134
0.027467990004527015,0.6663916674402596
0.02379348923440061,0.8229592562439741
0.028642421233228688,0.6140401834430569
0.03390462057052637,0.3911387732860711
0.02256892227650803,0.8680763003832163
0.03224009447475701,0.4568424445619183
0.018955689489474403,0.9629644663892779
0.02112679884017088,0.9135336044757616
0.03272873301435125,0.43683738939442834
0.018097185713349395,0.975909383759888
0.04723236454438051,0.0852497447388572
0.024314996509930964,0.8022889605025558
0.0225927694416298,0.8672499236703768
0.038383883659274254,0.24780290859750917
0.025856105512359062,0.7375347163343748
0.0285418720111712,0.6185090932809163
0.02061304875355663,0.9273906024080579
0.01762807640369768,0.9814982620222793
0.022009840710756845,0.8867846532010226
0.03980834538112121,0.2118104462268718
0.019919198710996122,0.9440010497024492
0.028595651738962502,0.616118281451588
0.05161898453133318,0.046298671109824836
0.04348848238344205,0.13753493693607002
0.02950288642463267,0.5798646826604577
0.03212153870676808,0.4617861102334304
0.047979545975868065,0.07712445322633395
0.030136401577420813,0.5497549741288605
0.02604620216227571,0.7292667225290719
0.03203975395435288,0.4652169223275122
0.04103602669414885,0.18417082250613756
0.018913946187997965,0.9636785656434599
0.020376616037741935,0.9333259943686486
0.042025865138857366,0.16402946591188758
0.040990181186870644,0.18514907861929195
0.05342833228118188,0.03543031190162978
0.030132595762996928,0.5499329521841428
0.019924463699681705,0.9438842865437659
0.02910388916640888,0.593600676238361
0.031534752559058854,0.4867710795792942
0.040437716470083096,0.19726283996602176
0.031773057202400645,0.4765206653809621
0.04165235767525155,0.17141231494335463
0.025162428057889596,0.767251543225068
0.024335488310546716,0.8014616286247146
0.026816725689089882,0.6953613486278638
0.03856211515049757,0.2430599976280744
0.0522607033351451,0.04215173375307892
0.02105100338461946,0.9156593198157355
0.021686912883219556,0.8969804222251497
0.019691455956497905,0.9489149430309585
0.03027011265355173,0.5435244281147024
0.023781470365182522,0.8234264156290446
0.01879289351784441,0.9656996384195622
0.02768385844525101,0.6567611013703838
0.021683236337852352,0.8970938173729239
0.026051222142613573,0.7290477726627977
0.035572129814688436,0.33219419017903945
0.0298799293650005,0.5618276270919029
0.03296495630051388,0.4273802570177398
0.027267249170537966,0.6753388322134923
0.028753156814962044,0.6091241870595036
0.022808454377219012,0.8596751406919693
0.04168251714386895,0.17080651879759176
0.021216258925960574,0.9109890474157171
0.02458464234259561,0.7913181011097862
0.02926614737062061,0.5913642088608357
0.01593157889340857,0.9942634636220476
0.02852730516054003,0.6191568880330158
0.031258030130492664,0.49885134680302307
0.030191712138050275,0.5471723731722461
0.031199220150064655,0.501443197416467
0.023918384281387595,0.8180792321195521
0.023636130701145786,0.8290406211127324
0.03232428657982922,0.4533530365173773
0.0281517926196565,0.6358819877649259
0.04259344950175936,0.15329970787086108
0.05108481316247393,0.05001595065648627
0.04154204381308926,0.1736427116460478
0.03334484022023454,0.41246386325474077
0.0171922813676344,0.9858215312810127
0.022541940236385005,0.8690085942127266
0.021834417235788828,0.8923807326531203
0.038985856768983584,0.23206207258433967
0.021992740661108456,0.8873360785005338
0.0269454524371478,0.6896509349868147
0.022136428692285076,0.8826633283378973
0.018818855600797546,0.9652723981001572
0.024300308503665935,0.8028813032073636
0.06790662048317914,0.0029896694520154744
0.03515485827399378,0.34630688465328485
0.0277482591392337,0.6538870653492488
0.032386144641425585,0.4508005688264847
0.03933196341416051,0.2233658878767532
0.05567894598574996,0.025076599365905183
0.037986920111407696,0.25861894201251157
0.02091746229148872,0.9193365935117092
0.022561455035213618,0.8683346004826084
0.045933674861985185,0.10108417961786567
0.036283904801582834,0.3090870227492789
0.030472007076904173,0.5341995607058599
0.021159223783281833,0.9126157657299256
0.03174220466771832,0.4778397782383577
0.032607280052310436,0.441753994176884
0.02093998577672418,0.9187224819230042
0.03875402140923723,0.2380309193922261
0.025083754860511176,0.7705692263336974
0.029543292630069273,0.5779153571049084
0.022677895049937002,0.8642818447405007
0.04467919991409974,0.11863202557520787
0.03267483729180076,0.43901462248604084
0.02831041980214749,0.6288114867071888
0.02866088352952223,0.6132201391388197
0.02203733094086302,0.8858955182197329
0.036890820412002145,0.29033205972820914
0.031869934860999816,0.47239405158297126
0.029178585133300884,0.5903052471470667
0.02629512322029981,0.7183752414594731
0.025176627526599993,0.7666514838488458
0.027085403779796624,0.6834322284062968
0.033337899369081714,0.4127331724026631
0.054680713384340995,0.02928258574426247
0.03031456074585631,0.5414629458767414
0.03372830713100672,0.39777148609380525
0.028586554479157644,0.6165226154713598
0.027976986522822378,0.643679650302998
0.024961867784425218,0.7756851656218844
0.04144447861948558,0.17563452288540538
0.026795972749815045,0.6962810062265092
0.033826370697825514,0.39407292301881586
0.025045918810207457,0.7721604945397801
0.04181008466908398,0.16826298272727253
0.025698198400393744,0.7443658209933235
0.028162185507426996,0.6354185583540433
0.02757531546425751,0.6616043471767108
0.03166843843268563,0.4810033033430889
0.02750261589993358,0.6648473792352678
0.026949748806941287,0.6894601784844011
0.02157199318257974,0.9004957542068492
0.04062768108513365,0.19302929120956053
0.03505029101856871,0.3499096940750821
0.06254998186257638,0.007993491950221504
0.03537155124090885,0.3389254188386215
0.025152533312026604,0.7676694622261333
0.01657924469210681,0.990616772024103
0.02782068894826495,0.6506545675546926
0.02400597378823177,0.8146296601308571
0.02364398123864403,0.8287390416803874
0.03813127955024545,0.2546450459024757
0.021662651207491168,0.8977275881871297
0.021571862494307426,0.9004997174860828
0.03915101405618254,0.2278804829404016
0.021997486159645363,0.8871831777629915
0.023081398861546587,0.8498380228058109
0.038384303658428154,0.24779164988100597
0.03210352835355912,0.46254019739197844
0.04322262468363591,0.14207373413941293
0.041159299793690096,0.18156065693131912
0.029992806871016797,0.5564945750426958
0.032124854576999096,0.4616473642271542
0.02158724174267307,0.9000327844832924
0.02220355853967859,0.8804500210864805
0.04435423319857923,0.12356562720050497
0.01859296183837994,0.9688768199277205
0.025217618853531132,0.7649170960685823
0.022599164720328746,0.8670279261669458
0.02502227383860134,0.7731534858632829
0.030707530374210923,0.5234478853307266
0.020515861193468654,0.9298645353906004
0.03493439513320462,0.3539339570303463
0.020977239603818643,0.9177012895119563
0.04066835379294667,0.1921322080023126
0.02668636839927696,0.7011332320855823
0.030408270121266012,0.5371325860872076
0.03062955656451216,0.5269922958097928
0.02379903965733865,0.8227433708029531
0.028168590702228324,0.6351329557870227
0.05047969703247018,0.05453591036629014
0.02677524279937543,0.6971993624883817
0.032323121788044085,0.4534011913960537
0.02990580285296457,0.5606024699368443
0.030288633937461507,0.5426648324490857
0.04540167961402192,0.10824275364162786
0.024506683286614095,0.7945083436551323
0.027506028752908862,0.6646951562321244
0.022508156228918552,0.870171826317084
0.039970332994797964,0.20798878020627237
0.04540943410499515,0.10813546881642006
0.036127955766508735,0.3140463923155398
0.03883027584244353,0.23605484214066166
0.0479433141448935,0.07750276992243482
0.023061309840436306,0.8505713226696014
0.030698812518484386,0.5238434244683119
0.03351653566053303,0.4058401807033957
0.03589644917922041,0.32151527243976047
0.03376679532843918,0.3963170194356908
0.0417644207620978,0.16916996911763973
0.026674062968488427,0.7016774644274245
0.03007241544098896,0.5527519601934063
0.02761278748480489,0.6599324689275083
0.028669133569700064,0.6128537489685263
0.0370216786787993,0.286401065072278
0.020085028545201555,0.940254882320461
0.0644517546856388,0.005690027496444013
0.04221729696126164,0.1603453725228414
0.05189945703425747,0.04444455965866533
0.027952144361191977,0.6447881368181665
0.04797045801895361,0.07721919851771376
0.04330460689638049,0.1406613386233017
0.03323369417095934,0.4167908314472743
0.04341531344439964,0.1387721809237744
0.03461883991903231,0.36505744220119113
0.05169573077686862,0.04578477858519553
0.022996805284892452,0.8529160662871118
0.026061774164668705,0.7285874405198244
0.043368072615036946,0.13957578827906011
0.03393844854353956,0.38987502093448295
0.03940511507094924,0.22156050307569153
0.02905961506124921,0.5955558519110358
0.0380130038271671,0.25789746834014804
0.0200311926131877,0.941486561286406
0.019709812251773484,0.9485287950205258
0.03309860006428472,0.42209159026290793
0.029214208412185694,0.5939049992348522
0.02555501477797162,0.7505283454525908
0.051059131738636965,0.050200988024740024
0.03752066025188805,0.27177407860054026
0.03471447728100385,0.36166041315442166
0.027913813271806087,0.6464986243517971
0.02722228333485255,0.6773413186512077
0.026082539171350505,0.7276811798843146
0.0186496045818364,0.9679969102206616
0.02763325211508255,0.6590193343950661
0.019703952244844947,0.9486522567297657
0.030679027879538245,0.5247417708082707
0.03932778189966318,0.2234694297789791
0.03902285764032276,0.23112017050817948
0.027239956313338087,0.6765543639982216
0.04107236101439882,0.18339842174394705
0.03732813398183277,0.2773500120259858
0.03632091495565348,0.3079185168584855
0.03034401309397905,0.5400996209215102
0.03122106953521353,0.500479257773313
0.02391806069981922,0.8180919347858626
0.03958168618479563,0.21724917967360224
0.024305115558887702,0.8026875043128453
0.0324254807594575,0.44918240493243544
0.03997045718577191,0.20798587099130425
0.02332778054619769,0.8407289347386437
0.022728322818314606,0.8625102842217334
0.026888559339163565,0.692175973299732
0.019765807178608152,0.9473401251750586
0.03736643908662074,0.27623386783193193
0.036431140097757275,0.3044576022584602
0.02187235331139442,0.8911820394545639
0.02876638806917553,0.608537226734539
0.021025830721613015,0.9163591398280977
0.02940596112753935,0.584556613850048
0.021190580514148905,0.9117233590799281
0.02215932065116477,0.8819107134887173
0.03426943865193521,0.37765929865553216
0.05904869037858668,0.014553275652835072
0.025230049843772417,0.7643905099300936
0.04728515091883134,0.08465297113495626
0.029212797140805435,0.5939741263718443
0.05667898376812952,0.021408506868379983
0.029455639424096736,0.582148992786897
0.030272317330557352,0.5434220623729317
0.04215283887083776,0.1615783859459772
0.024644820707490966,0.7888456271882137
0.029208717986304422,0.5941739588135585
0.05193937439677565,0.04418599154798345
0.03375722925714264,0.3966781771191082
0.03432541649909432,0.3756201130644488
0.041366327870895114,0.17724303807979325
0.0343671718488302,0.3741040638407742
0.024439170786120346,0.7972591750855442
0.03017543583191762,0.5479315837573348
0.020372394554022857,0.9334294007396389
0.03552725449068184,0.33369172864214197
0.03314009428159892,0.42045861477568836
0.0288410256158963,0.6052280059076414
0.025393620916685344,0.7574355857952402
0.01915565054425128,0.9594209329958522
0.026568521753470797,0.7063404767711934
0.03950108216337789,0.21920915322316287
0.048153228639643886,0.07533256604808214
0.016376993888442992,0.9919001003213159
0.03783081398676491,0.26296872082910977
0.024375246233391046,0.7998533783093909
0.033377551661824656,0.4111962560197547
0.027698245189938908,0.6561190776866584
0.02743032623156938,0.668071160695771
0.04592145158302424,0.10124412203346334
0.022930307719806198,0.8553173869578777
0.036036195735926646,0.3169914752840837
0.027402543479803088,0.6693098342332839
0.025317445137590044,0.7606804327720036
0.029834607159723914,0.5639776231247273
0.02000613422691694,0.9420547769060743
0.07497156036424857,0.0007221367785545177
0.03592590735108625,0.32055778973010196
0.05156192963595685,0.04668394422697269
0.02387516720218269,0.8197730720936167
0.026495035161455377,0.7095819201576317
0.031599827535276015,0.48395790874839795
0.039837175246909495,0.2111263191733185
0.026983943349781714,0.6879416013660714
0.021446566820095936,0.9042631543851813
0.022021424295644215,0.8864103964418937
0.02901920569102112,0.5973415452675623
0.017073730617253147,0.9868614236896494
0.029080868454774977,0.5946171148988484
0.03259788770855243,0.4421357465028955
0.030432272205147326,0.5360268972138185
0.03854741445294929,0.243448559097858
0.01622217514851454,0.9927910342085579
0.03737394427748686,0.27601557336688815
0.028417138352507698,0.6240588210648996
0.049513902501436835,0.06247801576531997
0.04112276668846859,0.18233113288199904
0.035581574868137844,0.331879616868233
0.03830740200596111,0.24985960652117886
0.03657835447091129,0.2998799372295583
0.020839793363565562,0.921435144480719
0.025640650523209463,0.7468463965005041
0.02209531068345222,0.8840095508381217
0.04560018565735746,0.10552399791552944
0.03196461150773022,0.4683838170852361
0.041564217821333016,0.1731925396629627
0.04162958809945916,0.17187080689493378
0.02646065491363192,0.711096810737339
0.04555954377918875,0.1060759715225523
0.024784441364289367,0.7830771978896234
0.028831591049218175,0.6056461330609908
0.034619122672963465,0.36504736572682406
0.019899591310402726,0.9444346323026185
0.035255421444958523,0.342867115404468
0.03550101428377844,0.3345696435938235
0.023521833228470457,0.8334092540633142
0.029550969211876832,0.5775454567812451
0.028300890314258753,0.6292360546280465
0.019731239773328413,0.9480758395677382
0.028513475284385525,0.6197719915635116
0.016744169269628795,0.9894649035611041
0.029128039567949404,0.5925347653368449
0.03657322864965307,0.3000384696503834
0.050110411214105754,0.057463689850499655
0.019833429925228074,0.9458830480274047
0.024998692226042285,0.774142697633411
0.03453294353613123,0.3681276156570283
0.025076220935067894,0.7708863051795556
0.04556860650771177,0.1059526799390616
0.04158915007329522,0.17268747961192749
0.024015718790003915,0.8142445119457608
0.02143758159677106,0.9045302367793886
0.05288633181269525,0.038423815548907184
0.029013322243662848,0.5976016277544081
0.044624326452220364,0.11945354889642525
0.03781451721723078,0.2634259765512474
0.03996151190066605,0.20819549836326418
0.03711210366090889,0.2837078705130239
0.029091511294934036,0.5941471524819444
0.04021043522639822,0.20242327567250828
0.03146706068237881,0.48970856375400995
0.021522722324703536,0.901984375540076
0.02882072502084218,0.6061277645103385
0.029273149156438305,0.5910221807598989
0.04422911911796773,0.12550941920270903
0.029034164532746265,0.5966803829301489
0.024889287116125147,0.7787171476402668
0.023354241676198706,0.8397381979860967
0.04326784497304359,0.14129326043895224
0.03983959256119024,0.211069034923515
0.01913051989432135,0.9598774774399064
0.0367039573889254,0.296014516361265
0.02956027197126948,0.5770973877545835
0.038803144789841204,0.23675647868316674
0.04439710365718724,0.12290529144633708
0.040074604492746135,0.2055573245599271
0.02842498394489179,0.6237095742100157
0.03182658868418997,0.4742375371821896
0.049194709060512154,0.06531174011078414
0.03404518370573928,0.3859061754175104
0.031081538305261724,0.5066553831513951
0.020131013390934982,0.9391910419507393
0.023692675624319037,0.8268641411115469
0.039004482567324916,0.23158756261829824
0.02719895353774282,0.6783799880916745
0.041781056101256375,0.16883910407519373
0.03176046466131777,0.4770587780064761
0.03161064228239058,0.4834914125094493
0.044906913183334174,0.11527240396044176
0.04465990758960284,0.11892032398350783
0.028185650903749027,0.6343722992428829
0.02751115825154904,0.6644663619403717
0.03195842482246508,0.4686451843531509
0.030398073909917,0.5376027158030576
0.030659505504277984,0.5256291535862372
0.044180707843983646,0.12626823449599833
0.021272340172460574,0.9093743772063659
0.030824161585441795,0.5181742131659649
0.027911533056008297,0.6466003803333196
0.027959218884430537,0.6444724570242086
0.03375930363185464,0.3965998418303544
0.037362681248636787,0.27634321600170986
0.04217557605223754,0.161142584099605
0.032823772627226466,0.4330157452877195
0.051152693650912295,0.04952969999346693
0.04705137933620823,0.08732280015748169
0.01944393928117477,0.9539519470652114
0.021238907873197488,0.910338752047014
0.033229864755501604,0.4169404612882805
0.02456264140572484,0.7922198971054423
0.020977351510134246,0.9176982117436133
0.027235679585949454,0.6767448113900025
0.033167300638502706,0.4193902598008072
0.03328714699013524,0.414706043891595
0.03244223811918934,0.4484942346094092
0.04408617581536173,0.12776079112005886
0.04528092182398599,0.10992486748784384
0.03007673373438785,0.5525493861283425
0.02403161968728168,0.8136154894273261
0.030311173300931582,0.5416198839825447
0.04544272930230592,0.10767582417406159
0.030818397022632116,0.5184340791144771
0.05035342712171931,0.05552222160795686
0.019247937406110804,0.957716641121594
0.026749289429816914,0.6983487134179741
0.02012009194740061,0.939444687092409
0.0222310265283987,0.8795389025429744
0.03323742660917145,0.41664502607002807
0.02672138991245898,0.6995837312387032
0.024548593588017198,0.7927950998181921
0.031395663973700305,0.4928191709203679
0.026292006180747896,0.7185120406615274
0.031899970978255976,0.47111938407989135
0.03217740275260961,0.45945225660352906
0.03695843474810312,0.28829595677980197
0.03200468242466881,0.46669326521574833
0.0302023781625671,0.546675205466397
0.019535027126075022,0.9521350536943838
0.029407351900430895,0.5844891308074551
0.047238623666385315,0.08517879810967309
0.03970178655227008,0.2143540243129448
0.0352210765210107,0.3440391235414325
0.039034871864172094,0.23081496619719294
0.04016079456821198,0.20356428653344116
0.02556407386136167,0.7501393865766253
0.039376531372239065,0.22226460313059468
0.030976605134970803,0.5113318592892708
0.0306230094967343,0.527290583145433
0.026973510368928977,0.688404995880997
0.05193655191854357,0.044204231366511866
0.02719471046840677,0.6785688723200983
0.02037769543668838,0.9332995396748297
0.03729594172670331,0.27829063981701435
0.027984910972577687,0.6433260655571769
0.030031166715114077,0.5546892516709266
0.03921562178112012,0.22626055902015768
0.025267141278058514,0.762817603337965
0.031188166533835493,0.5019313061782856
0.016437235502604675,0.9915323095506771
0.03766646056237333,0.2676076227646457
0.02918108634868538,0.5901949701372018
0.03146438867153123,0.4898247493849449
0.03616085532245239,0.31299534243181026
0.029675570288100528,0.5715612868934343
0.03044373494825181,0.5354993485342328
0.04457312167913069,0.12022436144989353
0.023239928587085734,0.8440011355097069
0.04664263407226543,0.09216087838833857
0.055641624652039756,0.02522366715190056
0.047369088857682706,0.08371125780556964
0.025564421484421285,0.7501244585258136
0.047177493305804896,0.08587383654109433
0.025211677190994153,0.765168688409966
0.03755440367940066,0.27080551427164873
0.02969139308677049,0.5708040443315332
0.0360190644945656,0.31754353206713193
0.04923267445776924,0.064969043135048
0.027284072693447792,0.6745894433770769
0.028634733107982147,0.6143817173085543
0.021593993408203893,0.8998274525836099
0.017294159277942422,0.9848823831027864
0.018887761043121287,0.9641220129597652
0.0326538258516722,0.4398653911840212
0.03274680601704949,0.4361089168865652
0.03182449109107216,0.4743268653948064
0.034942121475915744,0.35366465487764925
0.025044761311324937,0.7722091307063568
0.031212307734779787,0.5008656640021864
0.04154842617963994,0.17351304294105818
0.025814808508467957,0.7393246080651927
0.02717655174441541,0.679377146098918
0.034332203580063614,0.375373395763821
0.02319383685801174,0.845707271771112
0.04387264937941482,0.13118528438606586
0.04663830397766344,0.0922133090016252
0.03118124434209124,0.5022371326403912
0.0182595320845228,0.9737370942654351
0.027900695105400164,0.6470840350580391
0.04236282125375457,0.15758938467377057
0.026987356187925915,0.6877900031947927
0.028331311259722214,0.6278808041893222
0.024797558888165094,0.7825330064262563
0.03433854094202593,0.3751431287699752
0.05138304113847325,0.04790998771127701
0.0384885486196937,0.24500921696003777
0.02983564791861848,0.5639281958149347
0.019069131139800577,0.9609791543720919
0.032556475300154875,0.4438215852761634
0.043149246326063984,0.14334763226244168
0.030716821921495163,0.5230265232836945
0.024477975103663896,0.795679441238293
0.030990391516509286,0.5107158970867154
0.026107944893932755,0.7265716920310992
0.045222674971546084,0.11074392558778587
0.04451572509914936,0.12109323731705732
0.034347316270581074,0.37482444218178024
0.03423880124040224,0.37877864648342846
0.03457363620300691,0.3666708876493354
0.030211877704314216,0.5462326438946354
0.02581289666851022,0.7394074142683082
0.03215422700542958,0.46041953243957123
0.02885069975453569,0.604799315241028
0.03874096883046596,0.23837043194594226
0.0374063318156822,0.27507503436027936
0.042199386878875006,0.16068721385832213
0.04064645217473717,0.1926148650901026
0.033944948871410086,0.38963250527473736
0.0380462380467842,0.2569804170742745
0.031795440772922956,0.4755651322852178
0.053688827152365226,0.03406570892127626
0.0264476682783239,0.7116687643256931
0.03265217984048485,0.4399320859912529
0.01833199393297752,0.9727268322411935
0.025472419893973752,0.7540685550082802
0.021386493128613626,0.9060416456826977
0.015340866241618789,0.9965457909711845
0.038119906129587156,0.2549564435376882
0.031759656705410144,0.47709331760047896
0.03224120242115658,0.4567964098423517
0.02437559111487847,0.7998394098641283
0.026123268619441586,0.7259021308878073
0.03826242700668747,0.2510750848328051
0.03489381152508281,0.3553508955845812
0.041875372261024,0.1669729694891346
0.038435516106946066,0.2464217354094965
0.0347401384822682,0.36075274691308334
0.021294893230433154,0.9087208193405744
0.03137037405222068,0.493924040488062
0.0255156674601133,0.7522162379170882
0.027445213063801543,0.6674073681029247
0.02610692597122022,0.726616203649933
0.0551053068752253,0.02742300172879847
0.053229659959990794,0.03650300666593614
0.034242742857944486,0.3786345082988884
0.02320513758072351,0.8452896463626031
0.03910504809992507,0.2290384212167741
0.03315327565655962,0.41994077028967725
0.0541525898669179,0.031750070372441735
0.033157925920530074,0.419758183116465
0.04087675309639782,0.18758705515889434
0.03330267605665227,0.41410170863339507
0.0383150351977003,0.2496537588849196
0.041294193324800554,0.17873807919471937
0.019473921359804525,0.9533586295020072
0.03301898778872864,0.4252367067555628
0.038520664255326714,0.24415682148876264
0.03187342201753607,0.47224594873810966
0.01881340120139874,0.9653624385844405
0.016291476924522708,0.9924017390119044
0.048548225053934746,0.07138834237568095
0.016774317567067598,0.9892437279113305
0.030663592004091522,0.5254433255056519
0.03873119198153485,0.23862498148869887
0.04234711011063785,0.1578850837219369
0.022811803843607925,0.8595561010625302
0.044718796386859605,0.11804210962519106
0.020203760652560354,0.9374859322383646
0.026810368189306433,0.695643108203196
0.03415710483869405,0.3817747850153879
0.024883725561630432,0.7789490197324811
0.0263499778606677,0.7159662079555438
0.035099179540944325,0.34822195284204593
0.033426947914451444,0.4092871449068135
0.038258755645289966,0.2511745034812688
0.020749615926325626,0.9238342901993414
0.02220247895903893,0.8804857661652312
0.02220451590364625,0.8804183185129518
0.02352364852554395,0.8333401972877236
0.04089671421770691,0.1871561931794523
0.05248354383129766,0.040789292542735264
0.026722980736781587,0.6995133255010215
0.026591919254112528,0.7053074875791319
0.030712872443287187,0.5232056020377671
0.04413468168528634,0.12699314390113267
0.018653559133971598,0.9679348837835374
0.028423328903290135,0.6237832465982978
0.04258405636074325,0.15347256450952299
0.033629331710843036,0.4015286637391591
0.024791496900276155,0.7827845400520346
0.03779407245113142,0.26400046349085254
0.020661381938401835,0.9261426195670093
0.044675210825222536,0.1186915900549495
0.028438208030704293,0.6231209543064813
0.02569219881747553,0.7446246604214628
0.028735807694523108,0.6098939655121398
0.030325363625159085,0.5409626430329684
0.026556826823852075,0.7068566352866384
0.03828408844681852,0.2504891115144806
0.03557930984746527,0.33195503517923175
0.020739713377426472,0.9240952869400622
0.04563265145692308,0.10508478119803492
0.01767895690202928,0.9809402026814472
0.021244215333931893,0.9101860105636321
0.030111580158111773,0.5509163775751736
0.017543049866960647,0.9824054456253022
0.026892277213032223,0.6920110232627354
0.017319000404396934,0.984646901127806
0.024257613290195948,0.8045999366502138
0.03215636749379036,0.46033013959043884
0.03455858091210717,0.367209367001408
0.04220295678276742,0.16061903020964535
0.025220681972568326,0.7647873665390907
0.039098449445589156,0.2292050200994939
0.027093746572975697,0.6830612163995456
0.040540683912146935,0.1949591624052741
0.03559810717545525,0.33132951558857526
0.034279710071346,0.37728454764136427
0.04766863046858183,0.08042227092385813
0.07076999567471054,0.0017096923865229908
0.03479898987045171,0.3586771983376874
0.03733076839951399,0.2772731419984284
0.023119920759535367,0.848427842640266
0.035969172749118594,0.31915528804394655
0.04244813894855326,0.15599137866953464
0.04911435302056355,0.06604217081715147
0.027337649057153635,0.6722023326651758
0.02991353008006148,0.5602368860859328
0.030677383569075567,0.5248164761765268
0.028848029055440372,0.6049176565961447
0.05282894679866634,0.038753332171695624
0.015477550793967176,0.9960944117838207
0.029823280149647857,0.5645157304217155
0.029423217735127127,0.5837196164383639
0.041595199956834084,0.17256510216490226
0.0472287749428803,0.0852904550010226
0.03585174748662395,0.32297218167575403
0.04077897977939865,0.1897088060156516
0.05656935597675328,0.021785882835709418
0.03199311458539256,0.4671808891985797
0.041165247752059986,0.18143545991317092
0.04550058466042778,0.1068809744725556
0.0299716205170239,0.5574931971366341
0.0280010303575014,0.6426068492275578
0.035306166143342865,0.3411407093664073
0.03570326131663837,0.3278459826793088
0.02207432835594425,0.8846937340250327
0.03546253620468237,0.3358600052233019
0.0303928096820667,0.5378455399705474
0.03126398865427138,0.49858922399031264
0.025990019075342485,0.7317150936776897
0.04425022759323305,0.12517972904723362
0.03205181002683177,0.4647101289660539
0.027568864693350154,0.6618921406904601
0.032743212196366556,0.43625370879760195
0.023442799464487907,0.8364054323315796
0.030134902949551123,0.5498250529118879
0.026718816491898723,0.6996976203206549
0.04178501135704071,0.16876051284264496
0.030454313792063037,0.5350127653541484
0.028854377937085562,0.6046363381630204
0.02865776196299541,0.6133587788603992
0.046644855379537886,0.0921339915502268
0.04038869706185372,0.19836701646966867
0.03110225769186109,0.505735221662738
0.03315736599425223,0.41978016510947824
0.032895374092138496,0.43015147871054477
0.03013111143858127,0.5500023758470157
0.02534062262655673,0.7596942171191411
0.03877187243695135,0.23756719265061635
0.03614385082631366,0.3135382679495038
0.0395600244167893,0.21777457036333625
0.027131013748252997,0.6814035302751911
0.020021406026752453,0.9417088628835363
0.04016635719106365,0.20343617802268213
0.016877578367942625,0.9884606675588409
0.0406462063528768,0.19262028779547638
0.08384696678039494,9.927632397273707e-05
0.026026767263259143,0.7301141018867944
0.03871593105126392,0.23902272962492224
0.026732497707909197,0.699092091813668
0.021348028423440746,0.9071715074363684
0.04261936287168683,0.15282365142459706
0.02687415768343926,0.6928148505093878
0.034922021574765094,0.3543655418571859
0.031692846244210426,0.47995505309141034
0.03457244804510984,0.36671336399238813
0.023297903980128487,0.8418446991867276
0.058229895522615704,0.016659236372479565
0.024687383298049814,0.7870918353606187
0.020227714874501118,0.9369185473984253
0.04080833691846142,0.18906975897888215
0.020625238712495553,0.9270769557898023
0.030905384200688224,0.5145214283762367
0.0358698862087255,0.32238043135960337
0.03629755216630237,0.30865576307009923
0.03104594728623894,0.5082384857852372
0.030148656150879083,0.5491821315443737
0.042598347255473124,0.15320963948304045
0.035999429993551435,0.31817711727377396
0.03441866152489914,0.37224049872083126
0.034227995849434145,0.3791739778284523
0.028026405247804753,0.6414747349368088
0.030466543701023308,0.5344505820761648
0.04272217703861447,0.15094656590179825
0.03140552364106605,0.49238885118439213
0.030510716428485574,0.5324231110806531
0.02256753631938302,0.8681242588622773
0.040891357441580234,0.18727174281021225
0.03415939083157271,0.3816907240818619
0.044968227941716954,0.11438130942131676
0.030311244301260754,0.5416165942958222
0.04103260557282529,0.1842436814523322
0.03767569808022797,0.2673452724005179
0.026925718473014504,0.6905269802613923
0.017644469173539012,0.9813197146611278
0.018526434764965183,0.9698900011628991
0.022069233847390568,0.8848595684846385
0.038499227246502454,0.244725539575873
0.038325795199194435,0.24936380797636176
0.03870963416049672,0.23918699414231986
0.033638626212143086,0.40117480188376586
0.02559573162451756,0.7487791234226638
0.027343547268471213,0.6719394832998239
0.03446338634442203,0.3706270737438264
0.05505538508078123,0.027636093503739908
0.029633336141057953,0.5735854677590654
0.02783912633079999,0.6498317208641602
0.024830838402760846,0.7811506900561329
0.037312770582013544,0.2777986197527596
0.05237687652540235,0.04143659109698424
0.02537289473436477,0.7583194535570899
0.0406185524044782,0.1932310863592585
0.020691749973447804,0.9253525284509913
0.023294831191080723,0.8419592827264257
0.03508177921375655,0.3488219839007502
0.025001636961340612,0.7740192320016728
0.02560016609913479,0.7485884592522314
0.023061081959493412,0.8505796325911494
0.02129663357102063,0.9086702862657615
0.03514954345164423,0.3464893622108932
0.026749867938709926,0.69832309903775
0.025550944646646034,0.750703057470028
0.041115291713239355,0.1824890969025986
0.03470739776852816,0.3619111077548
0.02298312076578246,0.853411557251127
0.03214336248691152,0.46087344194534335
0.029021622768805266,0.5972347031638712
0.038769178560529416,0.23763712876128423
0.029589557444199388,0.5756882046453943
0.05030738576632965,0.05588565520836581
0.026499165430380778,0.7093998589746424
0.04347473838443344,0.13776665340933436
0.039259291245662076,0.2251706588643895
0.0223794280874291,0.8745620177412421
0.027635818082583308,0.6589048374641766
0.03770227265956255,0.26659161796560493
0.032908051332447785,0.4296456866787085
0.05647274077528386,0.02212335621459425
0.03018370451492347,0.5475458091283083
0.026980676125639147,0.6880867256151282
0.021911489921676686,0.8899387409194646
0.02978226350752089,0.5664668852174061
0.03014647932621417,0.5492838609357923
0.02753228636521765,0.6635239225670453
0.02716841575543061,0.679739249717404
0.018591296084991105,0.9689024556208137
0.026225434686196758,0.7214312970466774
0.02596502759382735,0.7328029267460684
0.027115012862799936,0.6821153425339141
0.04931656717250721,0.06421722192050348
0.023841060966424188,0.8211059416265705
0.028149417414845113,0.6359879037623255
0.025875266328281077,0.736703464869756
0.027420013515856323,0.6685309670495985
0.030888535944008588,0.5152777972081315
0.03301135646819697,0.4255390162962517
0.02147459501254756,0.9034276089083383
0.03555208977243668,0.33286234819037175
0.023294928678416704,0.8419556479426042
0.02987797508223189,0.5619202318312011
0.027602748165922175,0.6603804074557295
0.029835616962023692,0.5639296659554832
0.027992472204786484,0.6429886939568068
0.02931611056927097,0.5889261268694701
0.028214591821107082,0.6330820759832705
0.03765055350012192,0.26805984486635737
0.04421614435530108,0.1257124228454108
0.04410368930310832,0.12748318838982076
0.021930195937452157,0.8893421025337093
0.02829944823602104,0.6293003059807227
0.03166040026759598,0.48134884600374656
0.015579912870911539,0.9957276100780315
0.03457572068410375,0.36659637636085635
0.021819520205740184,0.8928496967022788
0.02114179449967453,0.9131097578075404
0.023386434545988544,0.8385296823074169
0.04147534906906891,0.17500234392440686
0.022866554877270018,0.857604260541416
0.04428943185183365,0.12456928639591004
0.023864455967880727,0.8201920371736934
0.024737111896941055,0.7850375367258416
0.06089781508015424,0.010651128943230075
0.03246189539674807,0.4476878686016366
0.032117520252451515,0.46195429128429966
0.025811142986957802,0.7394833658222851
0.024253457794884525,0.8047669546704559
0.028730031444710535,0.6101502925694331
0.048981829422387047,0.06726202508657407
0.022723689395321676,0.8626734686506825
0.03487464802835649,0.3560213699410601
0.02515427693638339,0.7675958312200355
0.030917172026277084,0.5139926545849522
0.02899958418680093,0.5982090197157979
0.031407244637718684,0.4923137640118607
0.02211886948675401,0.8832391078762313
0.019528048783381324,0.9522757614448862
0.02950612258280494,0.5797084157491753
0.027187495397298422,0.6788900420675489
0.040769449619751374,0.18991662412424665
0.022997135750823045,0.8529040922872475
0.01997484416139661,0.9427597657920704
0.028531277615875483,0.618980222165473
0.03897162607861504,0.23242511565487908
0.0389757041262373,0.2323210349267422
0.03957748673497914,0.21735095753904646
0.0448338586133904,0.11634157951457326
0.032343474104823744,0.4525602728750696
0.0376408785121769,0.2683351757767667
0.0668656894511559,0.003642240480944332
0.025184809880105852,0.7663055307361075
0.026723948535373965,0.6994704923806427
0.025286019049701625,0.7620161090596868
0.02528379660293001,0.7621105009283324
0.05010189285223654,0.05753278834577464
0.03055124395976272,0.5305671638686857
0.04595199835537167,0.10084480943314687
0.058900119526322736,0.014916663243273622
0.018462165269811814,0.970848107559756
0.03567761419662388,0.32869316495049206
0.02921457831340024,0.5938868814525168
0.03784949916890784,0.26244518696654373
0.03432972157501524,0.37546360599672063
0.03013692181869071,0.5497306479046759
0.039199208377718564,0.22667125302730243
0.040832967901960004,0.1885349003975356
0.060831718682052616,0.0107724220149983
0.02496264165926909,0.7756527788380954
0.01925626505042244,0.9575607044693986
0.033460086628301355,0.4080097760795605
0.018279468239870256,0.9734616649683059
0.03201461602190597,0.466274796754532
0.01926118668928528,0.9574683785905682
0.02582701142990218,0.7387959526518599
0.039977354628839,0.20782434584385331
0.019927559565415587,0.9438155619746115
0.04851477336234178,0.07171543112064063
0.025876224709651008,0.7366618746106832
0.03636242661877165,0.3066117408623384
0.030868631326005036,0.5161722789874225
0.05010099556423048,0.05754007104003854
0.025945764983555192,0.733640853719669
0.036627985808547536,0.2983481179966533
0.02969153577364192,0.5707972184120604
0.03616409591769787,0.3128919534936865
0.03487592246313356,0.3559767533544892
0.03752283529208822,0.27171156854075496
0.02676737331000012,0.6975479129961578
0.03646260142318247,0.30347501944107647
0.02053552650227486,0.929367785253536
0.026789673143474135,0.6965601148609695
0.026732933066875325,0.6990728207268202
0.022417392850037965,0.8732742390610945
0.04381507518941408,0.13212136399461433
0.02841849416732828,0.6239984653263007
0.027692874209554352,0.6563587649461892
0.01662762032833931,0.9902889485667156
0.02355076131325795,0.8323075196942669
0.02349233052040589,0.8345300873105285
0.028002501156895954,0.6425412264918323
0.03774448983174172,0.26539762527973737
0.026907541112060895,0.6913337283181158
0.03783947749091299,0.2627258832640138
0.022849152862234712,0.8582258533061652
0.03339142969482595,0.41065927125756474
0.027325445305588114,0.6727461514386338
0.05896155898827016,0.014765412845576779
0.032272734423771765,0.4554875538606707
0.03513873403156886,0.34686070162485144
0.03119783736924131,0.5015042420625843
0.02685304299510377,0.6937513004562567
0.022111916086605843,0.8834667515409225
0.029060939553193887,0.5954973414864086
0.025081166410665823,0.7706781784744957
0.03692900739973837,0.28918081142545704
0.01022240980927372,0.9999995611721747
0.059619666238224955,0.013229592034248143
0.023253273513367034,0.8435057847365186
0.02142805461379005,0.9048130109983464
0.023462390444071085,0.8356646395403552
0.025433348560823577,0.7557393522034881
0.04725663576796357,0.0849749095461744
0.024763925336634962,0.7839275619282337
0.026799302804175418,0.6961334552001557
0.018447116013991405,0.9710695304411576
0.02245116846716022,0.8721236295320814
0.01886701604266912,0.9644708721255274
0.04419119940353308,0.12610346807692505
0.01978489507533676,0.9469312255754785
0.04426324197522513,0.12497681318182483
0.0285652012144213,0.6174718221205047
0.0328799746602233,0.4307664197467642
0.04810614272141678,0.07581483235349194
0.03873978732064731,0.2384011826406522
0.021142088707517548,0.9131014313030986
0.020099664210014606,0.9399174691518039
0.04089562156224541,0.1871797580012049
0.02957285761930778,0.5764915285192955
0.0401951832180692,0.20277331619883227
0.02166407608787979,0.8976837812712919
0.01944757614799375,0.9538802237526464
0.02485370489187269,0.7801995035650628
0.026903484026237323,0.6915137639962881
0.02695396944542494,0.6892727745144953
0.02600716982108031,0.7309681020786483
0.036141704184763035,0.3136068555127482
0.04234040775622644,0.1580113640474908
0.02280616324171536,0.8597565429160703
0.0254228075869641,0.7561896758990876
0.03206765306664161,0.46404469718531116
0.02477376930983244,0.7835196575145555
0.041911294738364024,0.16626655437549584
0.022009898940692996,0.8867827732912734
0.04792540768191578,0.07769032016939802
0.02595412335362024,0.7332773211686485
0.024722853024992275,0.7856271447702753
0.033972267321155214,0.388614447369454
0.03919769909145962,0.22670904699323852
0.04863510655840009,0.07054473645859219
0.04532911241440524,0.1092510136875976
0.034531046200854565,0.36819563634657837
0.042142264831368625,0.1617813791372597
0.04133099992696049,0.17797399111966258
0.026370610029500918,0.7150593439607996
0.025190372125233673,0.7660702850180847
0.02699273400735369,0.6875511082167245
0.04473119468069353,0.11785789455621459
0.02263526167050589,0.8657718882906946
0.035490020398883826,0.3349379584814912
0.023801864959000385,0.8226334442033861
0.03247706164320041,0.44706639028380957
0.02373104443313978,0.825381637194995
0.020010890917703916,0.9419471640462028
0.023680136325734846,0.8273476522564899
0.030815581398869307,0.5185610369818527
0.03356466664518806,0.40399655016907104
0.026573254972522498,0.7061315431262485
0.02495154532953281,0.7761170439674603
0.036311979066204314,0.3082003491386248
0.025705722475177106,0.7440411357172769
0.024754055519966095,0.7843363213261534
0.03455639527204879,0.36728758662481753
0.02121895711866356,0.9109117055703487
0.03590293578943454,0.3213042592027592
0.028311925571232466,0.6287444025550561
0.035050911318712186,0.3498882434591424
0.04286846850720211,0.148307801882221
0.029596473892768205,0.575355693888462
0.03473602939946052,0.3608979813790703
0.03926754441281949,0.22496513219842626
0.0437912670585614,0.13251004163697325
0.016883623938714745,0.9884135838177579
0.025428316279306085,0.7559543609529515
0.04017099676973712,0.20332937560400585
0.023120132590923825,0.8484200734815172
0.0529935892302561,0.03781447719789536
0.04316263781721169,0.14311445911386622
0.049893744023507935,0.05924354446184393
0.04369311548923627,0.13412226471438937
0.02067370134414581,0.9258226584082418
0.03672248246518295,0.2954475342037263
0.04460147512228477,0.11979703846819853
0.030297245371859294,0.5422654507107606
0.044049696844871034,0.12834059954336488
0.029967446489393534,0.5576900690606524
0.013931232983985464,0.9992260144238041
0.02561762883749985,0.7478373379971492
0.027923974138252497,0.6460451941855943
0.027705175450479347,0.6558098028406134
0.036986367163064915,0.2874579125457143
0.02084731861323552,0.9212331186085561
0.021579962048019374,0.9002539404364679
0.021114100871771457,0.9138916603803799
0.04380398594194268,0.13230228471291128
0.02214143105848196,0.8824990566305139
0.03219779119748645,0.4586024226300117
0.024550269623855092,0.7927264975522416
0.037556933688951966,0.27073299782526433
0.03264362355592626,0.44027888757959527
0.024645617411137286,0.788812837352872
0.03524865175830971,0.34309790195066975
0.029560971231108235,0.5770637161775154
0.040773225449348915,0.18983426558709454
0.034344742110481,0.37491790621451554
0.02001592316995071,0.9418331903674213
0.04484895684707063,0.1161199449737809
0.024696542373489283,0.7867138930014373
0.030901089446704444,0.514714166165672
0.02300465082765235,0.8526316859994005
0.043452900920175175,0.138135473960673
0.0333865324453152,0.4108487064625527
0.020436710618365217,0.9318441567550284
0.03297658870174924,0.4269181578393882
0.05999227105441696,0.012425268312094452
0.020094940065410627,0.9400265005503234
0.02990566499103564,0.5606089936544184
0.028599004132710576,0.6159692914835855
0.034208688621531674,0.37988107953952854
0.033084327937271174,0.4226542528158855
0.04612940863972331,0.09855150760086558
0.033679619588398824,0.3996166574402007
0.025582272923113214,0.7493576051265439
0.020180335832697627,0.9380379397415572
0.0254510373756075,0.7549832448483369
0.0226763324524088,0.8643365826555885
0.018872804412385924,0.9643737502530711
0.045438699116010284,0.10773137516691687
0.027969685337910388,0.6440054312904198
0.03374275008502681,0.3972252564505087
0.020431243976559044,0.9319797123757166
0.02631107691857837,0.7176749185023557
0.044494989914339644,0.1214083945198355
0.026936068129810337,0.6900675575637618
0.036250888338882126,0.31013217407399607
0.0442486873879131,0.12520376126388774
0.021661989627257294,0.8977479248542256
0.034870823480677604,0.3561552870666994
0.039769760393421616,0.21272875446080983
0.030465126023168504,0.5345157309549993
0.01827597056778385,0.9735101254016434
0.038260248712935374,0.25113406834564916
0.031390483831187366,0.4930453522231655
0.033604281132382785,0.40248346337093366
0.04137735102988732,0.17701545154866655
0.031515383001705644,0.4876104554966171
0.022407422344934758,0.8736130113547342
0.03400640817206496,0.3873447431103965
0.025604680613943553,0.7483943224121676
0.034274165243878094,0.37748681739773104
0.017208092346615793,0.9856785632479084
0.03122680942350939,0.5002262248795617
0.023486447171803482,0.8347532625614433
0.01921927770035331,0.9582505808162575
0.022987222637999405,0.8532631078034073
0.04206354461643841,0.16329902376749034
0.025947907934560144,0.7335476583586246
0.027500429487604672,0.6649448983514512
0.02899816481426848,0.5982717806909645
0.035521346458833425,0.3338892479081139
0.030506703322981554,0.5326071096344239
0.028674758002977585,0.6126039831712037
0.038468687105414734,0.24553750345589748
0.025946833790881807,0.7335943728107277
0.027066434873816686,0.684275674514599
0.04939872271421619,0.06348818498223621
0.030125409585414875,0.5502691083827244
0.0310014042615695,0.5102241961473427
0.022851226039524164,0.8581518598509308
0.017718589012939656,0.9804975580782731
0.02780543355189885,0.6513354082695976
0.021052545045528115,0.9156163604178537
0.042428797575405075,0.1563524974870473
0.06458635301193072,0.005552631649070626
0.016817907936987897,0.9889180150358656
0.04495224782505225,0.1146130009790417
0.014783036494901869,0.9979846375005741
0.035876031761908955,0.32218011991073914
0.03667303818564027,0.29696262368186793
0.038385496117893325,0.2477596863100385
0.036981631828907124,0.28759985735374266
0.0278526909562824,0.6492263469059296
0.045007181423021625,0.11381815169430293
0.032813784133452706,0.4334163319915025
0.033982772743757605,0.3882234412979548
0.03259576407910969,0.44222209209818275
0.027683773328184225,0.6567648997679636
0.02620085110068321,0.7225081360656803
0.02658443480721484,0.705637970749385
0.02355140989738369,0.8322827873335812
0.03153103468822732,0.48693212035195116
0.02108918687949002,0.9145919206490306
0.03533859620748259,0.3400406627677783
0.047447696391731964,0.08283736277830069
0.029731673594003083,0.5688790357615193
0.02992453483439747,0.5597164885351958
0.02914792803653421,0.5916572784700913
0.0469066340602311,0.08901108421628603
0.029028045784858958,0.5969508057162819
0.02694944443215941,0.6894736928957655
0.029597250286382437,0.5753183756623265
0.03456493894795837,0.3669818925521217
0.028587709139059836,0.6164712937338637
0.02542171937635801,0.7562361549637425
0.01806771578504268,0.976290328356941
0.03677056480499219,0.2939796587055782
0.016863102691488496,0.988572845425297
0.022330127682087142,0.8762254953162277
0.04103058188912989,0.18428679016344868
0.02401630194522497,0.81422145557654
0.034089501221274965,0.38426655885889444
0.044806639751428845,0.11674201941626405
0.02595992812513681,0.7330248004763571
0.0258505307942547,0.7377764709013132
0.03718559696567336,0.28153287656568626
0.032518664586953294,0.4453645476139807
0.029575375952553606,0.5763703444018242
0.019694307428618663,0.9488550728063847
0.030339025856154667,0.5403303267856209
0.030337508312160477,0.5404005393057475
0.018425636895186392,0.9713836398772722
0.02059841154426989,0.9277662320878225
0.0495745308965157,0.061951828410552155
0.029190446855037244,0.5950695224368893
0.029841411809496954,0.5636545068277042
0.037215548713155855,0.2806500415274286
0.039830798972798676,0.2112774787693205
0.04597528299244663,0.10054130994603054
0.04656216804852864,0.09313928244474672
0.017606232906810404,0.9817343396641287
0.04567392009628124,0.1045286658569161
0.023670745052207787,0.8277094569806385
0.04353528904389126,0.136748177673464
0.02129700211750457,0.9086595831922294
0.06675576033750136,0.0037183180166733723
0.04431018477683413,0.12424713519359747
0.03333747192933595,0.41274976124326906
0.03709743287434908,0.2841435368205325
0.01812576957372336,0.9755359858575464
0.03441364062214375,0.3724219327621384
0.02300060516320168,0.8527783586716176
0.03281429580773687,0.4333958053313154
0.03843684559072935,0.24638624910266516
0.03812424106738865,0.2548377214833312
0.0461005318060807,0.09892179557307731
0.01959668560718464,0.9508808850800398
0.03364994627411133,0.40074411262796766
0.026523828532829974,0.7083124091648973
0.016284129942775116,0.992443733524371
0.03249390334794755,0.4463769291502337
0.022372346116769415,0.8748015890314076
0.038473060667483044,0.2454210988637072
0.042404953195759654,0.15679861529380373
0.032945881433119495,0.42813874080784087
0.036893517546564225,0.290250636179323
0.02253499922728988,0.8692479547443335
0.03977345915510255,0.21264059154266785
0.03367198415632777,0.3999065610871793
0.049495948547771174,0.06263456810838079
0.021273927214901192,0.9093284658091294
0.032935157766963985,0.42856555047922235
0.031539912002117365,0.48654765364749153
0.028049671823904415,0.640436761386527
0.03144991681902165,0.4904543298652505
0.030631325844800605,0.5269117047100168
0.03555442086492713,0.33278457713187287
0.016180372587266845,0.9930185538724281
0.029757589670545648,0.5676425734080106
0.01705849849214003,0.9869909751104224
0.03812360322263342,0.25485518767475257
0.031232784836775496,0.49996289614266787
0.02163080192370398,0.8987043589417947
0.029774785260476055,0.5668230623162469
0.027972216721681487,0.6438924795774146
0.04377692727228888,0.13274459425304133
0.02350346078986354,0.8341075705535281
0.01987079740104314,0.9450677668833876
0.0197915551348265,0.9467881117848301
0.031708076571802635,0.4793017035263391
0.03479033088917094,0.35898204785131377
0.030551745136030872,0.5305442378945572
0.03258873513245586,0.44250796556299055
0.03437671938926268,0.3737580164475904
0.025647996991046917,0.7465300067927433
0.028812041883369444,0.6065126891013335
0.02601322259124539,0.7307043900621903
0.01956142941198802,0.9516004178961877
0.01931565182709688,0.9564383538904734
0.03482559980742772,0.3577415131370438
0.03178102328371224,0.4761804578243517
0.027714341562472322,0.6554007450856032
0.05459462448383401,0.029672901307229917
0.042006329372954565,0.16440920736027773
0.02484156028512363,0.7807048279620695
0.03683347956821226,0.2920671224982264
0.03742381409001072,0.27456834340588937
0.02676912932635389,0.6974701402401517
0.03262752876289787,0.4409317342357623
0.028772229442156683,0.6082781240967954
0.03995846245766754,0.20826699781888064
0.038490132823216894,0.24496711682920416
0.03969538397817174,0.21450760644801947
0.03463616038537137,0.3644405566944671
0.06246564094231932,0.00811299133815906
0.036282795463129736,0.30912209745901903
0.015832860627725376,0.9947079143130118
0.02262310176379201,0.8661955782506625
0.028441574742166464,0.6229711082541973
0.025830534138466477,0.738643303687367
0.021050908513735256,0.9156619630787746
0.029858253373109656,0.5628552731304071
0.05061137713495101,0.05352344466040032
0.03677034883075486,0.29398623997593903
0.03220064021689201,0.45848375210951586
0.04973423734803489,0.06058387415657281
0.03814843999870865,0.2541757479885306
0.026237369757270368,0.7209082693009509
0.03889513685154866,0.2343839252069953
0.020023254229538268,0.9416669188046172
0.018887251504175806,0.9641306076712026
0.029726437910274295,0.5691290282747442
0.037604332555950526,0.2693771170390527
0.03428719151098181,0.37701175247178
0.021520763742868376,0.9020433186354314
0.0476455868020946,0.08067135924300921
0.03002185337120844,0.5551272354815113
0.07919754004598462,0.00028862532622546817
0.03782434568966575,0.2631501370776981
0.041320362544259526,0.178194551647504
0.022017641536052845,0.8865326784550778
0.02463668271257835,0.789180477368819
0.03924723559307619,0.2254711380128148
0.024529027621980393,0.7935954607671645
0.022553831490363718,0.8685980792120658
0.038361375089489114,0.24840685420585332
0.02884160751056103,0.6052022188259112
0.040786237837042716,0.1895506543461136
0.042242006205541166,0.1598747159928276
0.017731802393211593,0.9803484223471806
0.027991633824559492,0.6430261009848941
0.03285502221252201,0.43176409612119215
0.02835350492390784,0.6268922595036406
0.03598402760212044,0.3186747802233385
0.03723004323874371,0.2802235532886406
0.02413024656699042,0.8096981215137594
0.025356581648456653,0.7590146033069318
0.02466818927416914,0.7878832407231902
0.03374895462092953,0.39699076124207966
0.04272656855814583,0.15086680541423056
0.0328428334995402,0.4322520041624373
0.046552025402365804,0.09326322368216297
0.04321826302328058,0.14214919810621884
0.04405614557162807,0.12823794514068101
0.036977741453701474,0.2877165128599154
0.019663170329150992,0.9495065618144505
0.03700725671567562,0.2868323546847418
0.03826143479290722,0.2511019505455822
0.051268236310720694,0.048711426014423215
0.022173140948505587,0.8814552694762511
0.03024103230059272,0.5448757744158033
0.034771880825395396,0.3596322161434294
0.025732960633356505,0.7428650401074043
0.03722294589268116,0.280432325848036
0.04709203379506555,0.08685348102905563
0.041116345330095005,0.18246682491931102
0.03662698360735556,0.2983789927339799
0.02766123330000536,0.6577707422417218
0.032163101097596625,0.460048999883135
0.026974459907563822,0.6883628232723776
0.04727303366078872,0.08478965033403683
0.032871122071417125,0.43112019573691834
0.017255712271428192,0.9852418062772538
0.04044485500228512,0.19710244512362202
0.03630582695246509,0.3083944926835312
0.0323968250541139,0.4503608278643911
0.02554073427967085,0.7511412257658171
0.02626276617755774,0.719794826845932
0.05191067916019121,0.0443717349384635
0.0295634551429394,0.5769441174432991
0.02019995828406873,0.9375757261550607
0.029869750546205998,0.5623100572468538
0.044447255059817614,0.12213648475077606
0.022566145872092574,0.8681723650701767
0.016939315297082702,0.987973321858347
0.033716898481164104,0.39820332528518876
0.029459608924251368,0.5819568686882073
0.038522399077934866,0.2441108411966137
0.02511239704974777,0.7693627559338418
0.05275893416638189,0.03915869798435285
0.03845758821510631,0.24583309479596943
0.030087601248550255,0.5520397844761129
0.03144435855809624,0.49069627376539066
0.02109050727902051,0.9145548833116441
0.029506551601459097,0.5796877012729759
0.02547340793947167,0.7540262706511089
0.021435536509022135,0.9045909735922282
0.01992953879760162,0.943771599482637
0.026773731602697137,0.6972662987056721
0.03004654264216977,0.553966620767619
0.03135823181109815,0.4944550772426352
0.055345077887904326,0.026419631834070853
0.038747056547662084,0.23821203738234634
0.04329339391250156,0.14085384152405753
0.025488778085165364,0.7533682838021076
0.03178881887524643,0.4758476845838206
0.019933828050431535,0.9436762578153199
0.031343036528587165,0.4951201538757069
0.04193914221002537,0.16572057838402982
0.03989054923555474,0.2098643003065103
0.021662929239644746,0.897719041014764
0.03562791027852766,0.3303395005158924
0.016285847707307233,0.9924339304548198
0.019007696502925886,0.9620624260886979
0.03221702588926369,0.4578016316019713
0.024686931088600983,0.7871104904901473
0.026571552008286037,0.7062067174411355
0.02311532530552285,0.8485963469722866
0.029361381714587798,0.5867221424664255
0.04872921118186235,0.06964057283445228
0.033049333260713354,0.4240360301672821
0.016376716654391776,0.9919017651214679
0.019284182029169705,0.9570353574335915
0.028506674683515865,0.6200744870040529
0.036642131907995146,0.29791257130369153
0.028825837911753305,0.6059011296170583
0.026596166237826235,0.7051199378112265
0.021461137800070362,0.9038292370659584
0.028026655832073977,0.6414635554091301
0.038062187705134476,0.2565411853406453
0.04431200266302171,0.12421894840030742
0.023660848413302904,0.8280904341645495
0.03473632921673564,0.3608873830158587
0.026455999048905332,0.7113018804376112
0.03164121306202583,0.48217431166272806
0.017674226217510414,0.9809925721975491
0.03757054810016802,0.2703430244544084
0.031024487525921296,0.5091945402753713
0.023581599068720427,0.8311300985098673
0.03085947607394962,0.516584029996113
0.022887845745936775,0.8568422188801141
0.016861439055590066,0.9885856870244437
0.02219444155787556,0.8807517313183104
0.021221585509437202,0.9108363311050183
0.020413848962401726,0.9324100470563284
0.023154189664261693,0.8471689258999963
0.030898153618365093,0.5148459450085026
0.0420388549208115,0.16377735559948842
0.03174383095371658,0.477770186455032
0.03629798742645404,0.3086420160086188
0.029680430326313623,0.5713286325237756
0.027716512833536378,0.6553038467245815
0.02378532331347763,0.8232767035213758
0.04485250317429035,0.11606793715218863
0.03695590132816018,0.2883720554206621
0.04583408510105946,0.10239346059176008
0.03147406786878759,0.4894039583483263
0.04340864350141731,0.1388854140274399
0.025492621865928766,0.7532036733056813
0.04716833516918478,0.08597837214053211
0.026440756192218445,0.7119731221940415
0.025676994884269333,0.7452803639283473
0.06046696205401603,0.011464524633205454
0.021871850306770968,0.8911979749690636
0.03298336549882708,0.42664910414691914
0.03752076485414074,0.2717710721138202
0.03147007046373368,0.48957771229866076
0.016142532565458723,0.9932198452570415
0.0388720154454848,0.23497852436092842
0.05852962430125708,0.015858583408383253
0.028348994867433808,0.6270931325943874
0.025210724973981358,0.7652090027712009
0.04744257228362414,0.08289409328972523
0.03923351803282346,0.2258134148699978
0.03996992620020445,0.20799830972718084
0.029721732045879135,0.5693537794874354
0.025633149115044773,0.7471693745621064
0.0189495031622961,0.9630708524760693
0.024404578380224917,0.7986642877082132
0.03455354584552506,0.367389579451115
0.02679424420604104,0.6963575932178536
0.02461757260070241,0.789966186368205
0.02958494271592982,0.575910123301736
0.02163783827712662,0.8984889621877402
0.03594223929367002,0.3200278441773376
0.0676568909175741,0.0031355604686701703
0.027657995919163514,0.657915206106739
0.04810303648532732,0.0758467389745787
0.03694232320363955,0.28878016779049626
0.043083656653914726,0.14449413062053018
0.020238887196020267,0.9366529146370316
0.045192170275731525,0.11117488756312895
0.025995641956614524,0.7314702322987618
0.024939812689374563,0.7766076552588006
0.044983125487296105,0.11416566194772043
0.031462262948518394,0.48991719375717036
0.03966005226777636,0.21535666386004954
0.02884753162486864,0.604939698706938
0.018719738019056686,0.9668853203281172
0.0487198905287658,0.06972968416947549
0.02649838745848121,0.7094341529083837
0.023707886817676882,0.826276949608695
0.035227958480063826,0.34380404975169626
0.05094944843787863,0.05099794075966608
0.0325755444595196,0.4430447751657469
0.0354180110346799,0.3373576205444208
0.027724709854694107,0.6549380322330498
0.044293810469468786,0.12450125943890766
0.021206272996194375,0.9112749845241954
0.033172186109155066,0.41919860989063434
0.03492597293782232,0.35422767923643833
0.04979059489518156,0.060107364699029
0.026739705697470376,0.6987730143564483
0.03235215541743472,0.45220189270748684
0.02531212883454559,0.7609065107260711
0.029426150551824404,0.5835774367788327
0.030767076297218532,0.520751227076027
0.04492291255650832,0.11503933304031846
0.046352994215569876,0.09572340393537107
0.027913383272921033,0.6465178132792984
0.030406162878639065,0.5372297265264023
0.0285571160602036,0.6178312803064538
0.05234963952653299,0.04160330253474556
0.027722150287853797,0.6550522602454674
0.03273908865485259,0.43641988245901775
0.027736362829179795,0.6544179812478468
0.03233031477493892,0.4531038727613929
0.031831661816457246,0.47402153787233064
0.026007138961758713,0.7309694464670191
0.024459825627851567,0.7964187738477202
0.03417977240519976,0.38094182025260737
0.04101464141077227,0.1846266344842171
0.02576074258442984,0.7416643606410227
0.023572316923664682,0.8314848211548157
0.04758465077975815,0.0813331808482021
0.038975069433394405,0.23233723133060533
0.027911791094273997,0.6465888652047369
0.04420731369153791,0.12585074150229375
0.04178972393577579,0.1686669116391191
0.02845612472536385,0.6223235644738504
0.03271693432779338,0.4373134020046967
0.03306908467621139,0.4232557626935524
0.023062787341694202,0.8505174394841086
0.020583728541138213,0.928141956715864
0.03468425885638837,0.3627313435277185
0.04342792349892721,0.13855830971731686
0.03231282013032344,0.45382723062605884
0.026691099992127487,0.7009239382321317
0.048068654359970986,0.07620066539254694
0.028583586267177663,0.6166545478105452
0.04067287337346337,0.1920327261866173
0.01727258655672198,0.9850848075181424
0.03903962728611288,0.2306942470146648
0.022356254712669277,0.8753451700305431
0.02664333659997914,0.7030359054485444
0.047811718402235304,0.0788900659057067
0.024437847343974584,0.7973129870460444
0.04088237334188627,0.18746566279813984
0.02941326502747854,0.584202265835647
0.025674084471361186,0.7454058428329449
0.05120748661473412,0.049140185904566765
0.03091502806531432,0.5140888020182164
0.031143371449980584,0.5039124827534531
0.022195107393738422,0.8807297085321828
0.024525906987443724,0.7937230275350897
0.039354646293578766,0.22280486352763634
0.023962384371691625,0.8163491169574997
0.02255337717618433,0.8686137735651058
0.023732200726327368,0.8253368898047131
0.018916670232416166,0.9636322346732066
0.022823954377858446,0.8591239165946203
0.03515375671845189,0.34634469949626234
0.035737049312182356,0.32673230131645675
0.04912257035860401,0.0659671572633244
0.038751154436902246,0.23810546091729906
0.03398177717278661,0.3882604841756124
0.024426989286814194,0.7977543176506865
0.027760717182702233,0.6533310754535191
0.03044987544623723,0.5352168775360714
0.037731425843255506,0.26576667250415664
0.025182918644718888,0.766385504097688
0.028664723984652363,0.6130495776136697
0.03464555922393475,0.3641061160266231
0.045178797470616705,0.1113642515565487
0.021924313600138634,0.8895298885257561
0.023484818620560177,0.8348150190668109
0.018925632179357166,0.963479543546842
0.03954023023821768,0.2182555237420361
0.03769977255788726,0.26666245266558297
0.04399122355671481,0.1292744798531204
0.01863867357775939,0.9681679566107675
0.019186514683389055,0.9588558095004807
0.03125694714909788,0.4988989979564643
0.0277461291188264,0.6539821255673774
0.031034132755734856,0.5087646942625503
0.023282897281454995,0.8424039895229398
0.04089567625542456,0.18717857840173308
0.026764843372974162,0.6976599584931641
0.037701700797101334,0.26660781914132414
0.0314379924000987,0.4909734787847192
0.029844889281474773,0.563489423597742
0.027790011932912917,0.6520236684697993
0.04141112681595249,0.1763195529975498
0.02295581267193758,0.854398285791036
0.04090396750644332,0.18699982399293846
0.025417754124953368,0.7564054997156722
0.03636558726520578,0.30651241138375984
0.04195559406692906,0.1653986979235135
0.027057064138351294,0.6846922788977058
0.02965724333277482,0.5724391263173965
0.0325773700782368,0.4429704535849242
0.055248511532417666,0.02681976170874637
0.0631108341552033,0.007238704326166071
0.04029718197498944,0.20044137168447607
0.026736512391674516,0.6989143775189213
0.027375155586243705,0.6705307155663947
0.02226568040684762,0.878384913943385
0.04292589022873794,0.14728227971498054
0.04226213402140522,0.1594921448340888
0.021767526161017625,0.8944787278009024
0.061361411376264,0.009834517506768918
0.025671705981317267,0.7455083791592199
0.03559929900359715,0.33128988376087554
0.04071365218626516,0.19113696232814997
0.054194882288636725,0.03154594770904637
0.020875040329942716,0.9204864808004188
0.025095429030507654,0.7700776782640711
0.03897761381215625,0.23227230784925748
0.04926301056807686,0.06469631706402248
0.02048829747702141,0.9305575185266517
0.02952992154411138,0.57855998789043
0.03533624011010644,0.3401204971120645
0.02451816967954168,0.794039215401289
0.03677734865053511,0.2937729935330216
0.05155064846388324,0.04676045045942771
0.056526012950005144,0.021936708221170068
0.03220068680558846,0.45848181171390695
0.03218965408270627,0.45894147044291517
0.05353383797160832,0.03487195557511822
0.020016211724120547,0.9418266510598993
0.01607692671292149,0.9935585099612044
0.018059629152417433,0.9763941474924763
0.03816996263928507,0.253588080741809
0.02276939513245335,0.8610601595923764
0.03976102175035179,0.21293715971370397
0.044402129983009936,0.12282806069794204
0.031104525793545168,0.50563455837758
0.027212908478908227,0.6777587224924181
0.028139641111718627,0.6364238645262157
0.031186101990139603,0.5020225064831053
0.03362384963045398,0.40173747915798186
0.03923992310038937,0.22565354756004524
0.037766700769209405,0.26477106908461034
0.02712832737175086,0.6815230436150619
0.01802111250985454,0.9768844365728906
0.03125104531457917,0.4991587296897394
0.027696962905049083,0.6561763015475712
0.029680477696513996,0.5713263651499638
0.028134868188095602,0.6366367135520191
0.053303880880910315,0.03609898448781267
0.021405456374817222,0.9054820608526438
0.03475986291491584,0.3600561678953065
0.020974128058492636,0.9177868420982781
0.02028105198744823,0.9356446650223228
0.0379695834683727,0.2590993150060491
0.04398635750079172,0.1293524455792113
0.021471631147553905,0.9035161372979262
0.05026960562596561,0.05618540419350447
0.025699851119553807,0.7442945085778077
0.03338634731846257,0.41085586870391455
0.05291512362569922,0.03825941068741193
0.03684849426580489,0.29161205665858003
0.017616979262685795,0.9816184584867537
0.025985814628373627,0.7318981603017893
0.03907621859126009,0.22976697726352277
0.027411985933127103,0.6688888702320379
0.04349405139260243,0.13744113666897767
0.032925500659138685,0.42895015612623655
0.040466557116909996,0.19661545073216805
0.03703694001320079,0.285945198580893
0.02405678271528111,0.8126186117670207
0.035545661528684436,0.333076878316575
0.02442443236684544,0.7978582020584954
0.021902766538698715,0.8902164517680895
0.04395200279034489,0.12990398319193533
0.025380236569643277,0.7580064456081983
0.03992535240926298,0.20904455150432552
0.03711412744214587,0.2836478109574735
0.016150737576733687,0.9931765715164032
0.021268913080510266,0.9094734783839818
0.044498262985218195,0.1213586018917199
0.028717286585974167,0.6107159208974504
0.01942070122339134,0.9544086200892749
0.025672890818003058,0.7454573020932227
0.02188818878534582,0.8906797894624675
0.02965351548439865,0.572617784811276
0.028992523873848985,0.5985212216464884
0.031769889520402494,0.47665599159820676
0.02560848811667138,0.7482305646082388
0.0283555791566803,0.6267998776049107
0.02294843266525698,0.8546644793514044
0.022484461648481946,0.8709849406234704
0.03880141090029143,0.23680137303857612
0.0273920607898116,0.6697771481422599
0.05108218844104806,0.050034834970574316
0.02850390896296162,0.6201975135817459
0.01823119706823917,0.9741252784292806
0.04478124243292303,0.11711668433084885
0.044544312362340466,0.12065983746708968
0.036068847830367956,0.31594119327032505
0.03512530067842745,0.3473225779250132
0.05819492766839485,0.016754963640990828
0.045500755532182025,0.10687863416388889
0.02647812293275184,0.7103272511755823
0.02633084588257234,0.7168067610726752
0.025769190870493786,0.7412990243638998
0.03685810260265204,0.291321122413503
0.01985562518169731,0.9453996616377383
0.02330278834394359,0.8416624962270752
0.034163457766911244,0.3815412059524176
0.03311814032514804,0.4213220619050927
0.03369886767354646,0.39888648520758035
0.03562396058444994,0.33047058059735873
0.03350021497549749,0.4064666443574616
0.018375221353385207,0.9721120802072163
0.051896332754232,0.04446485278341217
0.034633219171388105,0.3645452590192778
0.04519557921030237,0.11112665835896099
0.01984930541318386,0.945537557415943
0.03661458891723113,0.29876102968360124
0.01734794558917363,0.9843692727701796
0.02625933330300273,0.7199453721806786
0.04618369391136312,0.09785853476805277
0.030878611423661106,0.5157236669791685
0.04682117737621039,0.09002063452580712
0.03300506674202436,0.4257882887980186
0.027684324209650085,0.6567403163598132
0.040326388886570586,0.19977750809547556
0.046589210772526535,0.09280949885417224
0.041519053560427344,0.17411043679589294
0.028755858831506442,0.6090043134304735
0.03033529528647827,0.5405029399213119
0.03043793727359949,0.5357661340695312
0.034825217579150136,0.3577549411630973
0.03231606071308202,0.45369318327616476
0.031896781180054457,0.47125464533663525
0.03891551814769789,0.23386074882903804
0.03946111210558023,0.22018612826741182
0.040581446643991825,0.1940530390716066
0.02251142561842462,0.8700594557614597
0.03993667997135675,0.20877828206452584
0.026559203179919944,0.7067517633623988
0.03910056441213511,0.22915161254358607
0.034266106798029716,0.37778091672325353
0.020826275143401296,0.921797357697567
0.04469836307313485,0.11834622690944296
0.055367547325843036,0.02632728849833185
0.04266865999940328,0.15192129744352953
0.02734888521250911,0.6717015932184658
0.026568456288035724,0.7063433664164998
0.052157667734979984,0.042794966871828495
0.04244318389234947,0.15608382957474712
0.021512992365248396,0.9022770216401639
0.033578178705000405,0.40348001446548937
0.02101416434936576,0.9166824295196616
0.024918800516397305,0.7774855838415998
0.027099693184589546,0.682796745630861
0.03383154156923038,0.39387856115420616
0.03294833100084771,0.42804128653298035
0.04112760569174609,0.18222893090880057
0.02577672522227714,0.7409731248189177
0.032868070929206794,0.4312421738896915
0.03189317240549677,0.4714077036172495
0.03187623950247498,0.4721263096416678
0.0198901630883227,0.9446424152233865
0.03374661875054663,0.39707903227331537
0.039259812899429924,0.2251576639605991
0.020513662879142802,0.9299199441695473
0.021153110106302664,0.9127892098695569
0.04306095268302512,0.14489271806200074
0.029223432645760106,0.5934532927611067
0.028421312607534444,0.6238730011671867
0.019151273983369244,0.959500673455652
0.039928931345554586,0.20896039528917718
0.02803780781366344,0.640966031477403
0.02210237875764942,0.8837786530319625
0.029628657238772282,0.5738099803976403
0.025959071658991695,0.7330620613852581
0.022001084542251137,0.8870671720409025
0.04202754232015138,0.1639968971390011
0.029862042260047406,0.5626755621936124
0.03207815454224816,0.46360396467939174
0.048235802418291396,0.07449309942824227
0.02362101790616422,0.8296206358985508
0.022651316279069467,0.8652116087071327
0.037088225316133094,0.2844172200776784
0.034966066785944605,0.35283096538985853
0.021067437695284186,0.9152007733503966
0.041984767183478267,0.16482915479070354
0.041108512077791426,0.1826324603269404
0.025300385528510994,0.7614057215298077
0.031271336195057564,0.4982661179670471
0.03370679991385955,0.3985858451500332
0.0286258660188054,0.6147756599309544
0.021870748496014614,0.8912328771410717
0.032808860024108766,0.43361390421791235
0.04542517018310993,0.10791802798824812
0.026019072156657774,0.7304494886450561
0.047345994536951874,0.08396947274376364
0.030846381958516245,0.5171732883492317
0.028216262757674526,0.6330075896394163
0.03539153085449004,0.3382505613126043
0.020690375501479674,0.9253883878342071
0.029663193569727353,0.5721540283587566
0.030117346344889717,0.550646441735838
0.029471605545296986,0.5813764606088798
0.041783529483311765,0.1687899543675745
0.038355953235417906,0.24855249941412363
0.02198723893592669,0.8875132223865155
0.029274599240496357,0.5909513606281017
0.031866166870259116,0.47255411582706125
0.032922552969396834,0.4290675977247351
0.0426625108339983,0.15203361928102396
0.0490565130474091,0.06657223583204204
0.023773923738126368,0.8237195211224968
0.03368323575103982,0.3994794087989891
0.048131668902717695,0.07555306296539488
0.03681890522913395,0.29250934426780273
0.03544923957167362,0.3363067390144966
0.028437170176031312,0.6231671481323713
0.03921413694275455,0.2262976888507246
0.03735223871719179,0.2766472498096462
0.03215924118278091,0.46021014420652373
0.020918982057496538,0.9192952347765669
0.028719074926232435,0.6106365476217146
0.02678231105920048,0.6968862640649816
0.02157831529445342,0.9003039347928726
0.03315231594384449,0.41997845900284086
0.04274270319989559,0.15057405351045586
0.05002983493494023,0.058120161693162524
0.021306440571084106,0.9083852587933052
0.040697747617399194,0.19148593665598687
0.029392287114512583,0.5852203500302585
0.028151640974460324,0.6358887499474128
0.03304617787507558,0.4241607719409688
0.038997434740617426,0.23176702502918892
0.030557639791412017,0.5302746371352358
0.02316451686173937,0.8467887292747918
0.04443085755198378,0.12238741831663645
0.04813306114755844,0.07553880762820339
0.03672177439537172,0.29546919078072514
0.04529936980388927,0.1096665023986305
0.0395206518999327,0.21873204108209038
0.028092185187825525,0.6385403615874161
0.039448533210928616,0.22049428551971614
0.04644705157117235,0.0945541076104399
0.031064418917442493,0.5074164687122917
0.02813081464490387,0.6368174853137827
0.04172597479256973,0.16993661013746741
0.01982171533089727,0.9461371535905028
0.04262480822778569,0.15272376591568226
0.020267516764995483,0.9359693095895744
0.05993109653743445,0.012554222012572813
0.04406210707370467,0.1281431063864829
0.022923000427351736,0.8555802716794076
0.03152878516029081,0.4870295760862128
0.024632298440126793,0.7893608111851906
0.026896407488272045,0.6918277667462694
0.023823804220719697,0.8217790179946737
0.030904052072590726,0.5145812060683568
0.013800052486918957,0.9993430882278495
0.024431135849859897,0.7975858133956448
0.026160619071603053,0.7242690030013201
0.03736268794563402,0.27634302109908776
0.041871945785482034,0.16704047609218692
0.023324442538221968,0.840853745699864
0.024740895278922426,0.7848810163175869
0.019381034100465433,0.9551817301452722
0.04774734207197179,0.07957633648037446
0.06705901269665848,0.003511915460959342
0.02298364718539847,0.8533925092166557
0.02206841730246939,0.8848861379613193
0.02966192283132063,0.5722149069984422
0.04013601517761023,0.20413572726554793
0.03193674919791667,0.4695616625197711
0.038405106487516605,0.24723448498215442
0.03179836258033655,0.4754404953330677
0.031785865044965056,0.4759737579742703
0.03215255883307222,0.4604892079720032
0.02899062213416448,0.5986053208326676
0.03531299793586401,0.3409087590876654
0.031752630511982294,0.47739375146189716
0.052462782768106064,0.040914583739628696
0.036908111584683656,0.2898103514589704
0.032548651141998564,0.44414057675734303
0.022917595586611883,0.8557745873797684
0.020777573818629436,0.9230947884315257
0.028753888693385354,0.6090917172458864
0.03256328449635476,0.44354409838344805
0.029211357730274612,0.5940446366983811
0.027640342969474152,0.6587029293067895
0.026966823356372904,0.6887019777699739
0.03356727818476485,0.4038966814656061
0.03483537815198501,0.35739811256846055
0.05404008823536299,0.03229871746546118
0.027658490290549842,0.6578931454914355
0.032375210803174514,0.4512510393067458
0.032507122347280926,0.4458362699324951
0.021217416898164254,0.9109558591969336
0.015730110255448237,0.995142255352807
0.03579462092636543,0.32484100398000043
0.02903436624538891,0.5966714685175132
0.038123304333814945,0.2548633725005724
0.02277837131750704,0.8607423824136088
0.03560408894508532,0.3311306384755837
0.04279806092624644,0.14957310670977597
0.038271463230404756,0.2508305155670489
0.02832611430381171,0.6281123081216111
0.02784341499390705,0.6496403220915608
0.023172915115982018,0.8464792705265188
0.029492265757981584,0.5803777074835987
0.04296981669508071,0.14650165058799614
0.018442501791709143,0.9711371986262487
0.04232474422892607,0.15830679969989733
0.021969175685157105,0.8880938938652239
0.027899905852322937,0.6471192565848409
0.027720553567978756,0.6551235182961975
0.03025148892813473,0.5443896234409549
0.02507296977476703,0.7710231016882887
0.06957518986175715,0.00216476944196164
0.022817140228581972,0.8593663589438622
0.03722662871428317,0.2803239790455451
0.026134625496038733,0.7254057250891173
0.029242129752757362,0.5925383242709337
0.038887229700532544,0.23458713870133643
0.03897446440903654,0.23235267144627939
0.020823869447666232,0.9218617223449835
0.02230297909205614,0.8771372563410046
0.02000092061483283,0.9421725932389141
0.022032172451157572,0.8860626119873739
0.020478641879452364,0.9307993641042525
0.035523746963436076,0.3338089832907159
0.01548780756737933,0.9960587923934259
0.027656090430080993,0.658000235630734
0.03334993052764346,0.4122664326144541
0.043249796557248144,0.141604346716474
0.023546383800545134,0.8324744114164734
0.030595269921933288,0.5285555803882568
0.05514487355225495,0.027255143098574484
0.03437791888874242,0.37371455687875366
0.038711570213726954,0.23913647989816564
0.032768662914939406,0.43522901645085543
0.02824815525250543,0.6315860338665553
0.04048194270390104,0.1962707708940087
0.023634998973208088,0.8290840806389483
0.048338168702890205,0.07346343949739362
0.029212139468953402,0.5940063421832747
0.021124560555459027,0.9135967758259211
0.018526939778513274,0.9698823922307664
0.035075250700662086,0.3490473026610354
0.02136463875516452,0.9066844499131625
0.02690225480024805,0.6915683097650289
0.031231779747375676,0.5000071829341408
0.017876730401252816,0.978661013299358
0.02374111321774719,0.8249918479730669
0.035537175160521794,0.3333602469552635
0.032569631829849455,0.44328553757720374
0.04021334265584234,0.20235660246449716
0.03304026094696083,0.42439475269864513
0.03424554668705321,0.3785320004344509
0.02102124122374549,0.9164863995442443
0.044110051843890996,0.12738245933728942
0.029773120951485987,0.5669023491005488
0.036690788961157295,0.2964180399216072
0.032607701440959425,0.4417368719798586
0.05432252980608371,0.030936842552917995
0.02575260343386576,0.7420162326707063
0.016125762704347874,0.9933076517914221
0.02549521981219205,0.7530924021969028
0.0285854078506938,0.6165735808269119
0.022106606531826584,0.8836404391398922
0.05107565916793316,0.050081838437342624
0.03307642971507935,0.4229658498591856
0.038721685274022144,0.23887269689337606
0.034581115195958856,0.366403595189348
0.02211838546299516,0.8832549607573694
0.028295143972479342,0.6294920847473887
0.03467749612039592,0.3629713191954508
0.03623859801745921,0.31052188942971976
0.02580261623622293,0.7398525967497995
0.02494333256217096,0.7764604984406723
0.03426648458400383,0.3777671255454888
0.025375616670501505,0.7582034188071198
0.03390134158121477,0.3912614212752053
0.03083615672934742,0.5176337361300797
0.023041325488227016,0.851299362974646
0.01857537264263448,0.9691468221266408
0.04068076166658802,0.19185919169849794
0.022466647606655704,0.8715947699545452
0.03040376284191393,0.5373403775484082
0.027805272334635367,0.6513426033248706
0.03467452662715198,0.36307672710090294
0.04388733452816629,0.13094739187955365
0.03278267160788262,0.43466569151383616
0.026613463978233276,0.7043559092544253
0.02208235870886277,0.8844321066884901
0.029674395286842292,0.5716175437933136
0.032353220867059995,0.4521579220106617
0.02876526775412347,0.6085869220778538
0.04425722320267589,0.12507062233162902
0.0478636602264369,0.07834000283683075
0.017242913701778162,0.9853601036099782
0.023403557937832997,0.8378854608685207
0.03858977351657866,0.24233022767001103
0.02675832106438858,0.697948797508624
0.03861775231084441,0.24159370504632904
0.021050713130836174,0.9156674066386722
0.04593844131468755,0.10102186728349574
0.026703920359958055,0.7003567693175814
0.0442143032841833,0.12574125009180093
0.04764117651945965,0.08071910593628595
0.018858027826202828,0.9646213485792442
0.030862126519607957,0.5164648067802989
0.024534631847163202,0.7933663096760437
0.03043652472367364,0.5358311463896249
0.025623406405318683,0.7475887254171367
0.024965209761868556,0.7755452945140342
0.02371805528215498,0.8258840226099988
0.02470644720976392,0.7863049626909467
0.015290485526081449,0.9967015524147889
0.04582359826195448,0.10253214533723848
0.035623651613547636,0.33048083612225826
0.03306792345073323,0.42330160924673454
0.028291174010134257,0.6296689733328449
0.025961447310403063,0.7329587054109317
0.024181374669839495,0.8076568279317848
0.0455210651927026,0.1066007696927599
0.036960752717480894,0.2882263428718081
0.0209265417955731,0.919089336567858
0.022619991150922947,0.8663038688646765
0.030662525664970075,0.5254918118781946
0.04147353786582075,0.1750393845677067
0.05575525426428829,0.024778261929506693
0.03689475391692909,0.2902133171618336
0.03149287058198191,0.4885872000296838
0.029079656353690253,0.5946706434552529
0.030408904074650772,0.5371033640020527
0.031188993676040416,0.5018947705036192
0.04279297487983971,0.14966484513109718
0.02364175725315476,0.8288244960005485
0.02890507284100491,0.6023909162561302
0.028075108460003495,0.6393020701095082
0.05037762748863894,0.05533200929587315
0.02758216015694176,0.6612989730238874
0.03187738429774378,0.4720777037642971
0.04906490056686097,0.06649514556912312
0.03356075006723275,0.4041463570594021
0.05123145454282124,0.048970636503578344
0.027543283575376255,0.6630333520661883
0.01829630995850129,0.9732274981649666
0.044055272255026506,0.12825184314578048
0.030973776917910034,0.5114582794187041
0.026580179564049122,0.7058258450870957
0.028595334374188375,0.6161323863159143
0.031036180397767454,0.5086734693851286
0.020397460480234775,0.9328140779251411
0.030769294130163605,0.5206509568543528
0.03442695475023605,0.3719409528613345
0.030248303788892206,0.5445376790912269
0.05956231420166852,0.013357473708682335
0.025013673942773484,0.7735143680313454
0.030052747784340084,0.55367515708189
0.036718563217473354,0.29556742055463814
0.019621868194951986,0.9503630136541239
0.05576013369705207,0.024759292534500033
0.018980445394212203,0.9625367975921052
0.022288810655838764,0.8776118780243227
0.022983340259610685,0.8534036151815247
0.037724019454917435,0.2659760683973958
0.021603638320333518,0.8995337686190278
0.02846494709422187,0.6219309660467339
0.03874636258998876,0.23823008920161967
0.036496050621881604,0.3024329095542871
0.04091593416301248,0.18674206748937108
0.03460058751910772,0.3657083165976707
0.032028278942132116,0.4656996271618751
0.0284684472974564,0.6217752141012356
0.026091714661149346,0.7272805660099768
0.026933855287923414,0.6901657909890484
0.02795684442712032,0.644578409667431
0.031687402928377906,0.4801887003231693
0.02695029305402863,0.6894360134807331
0.027938381285136704,0.6454022867355718
0.032306548516080946,0.4540867317358857
0.025927166264460122,0.7344494505176477
0.02929285830394915,0.5900600411232493
0.03485917330810956,0.35656344004596213
0.04695505124783261,0.0884433312701721
0.03359554247624441,0.40281690330462855
0.03941175086367299,0.22139729080650952
0.02121439279533599,0.9110425184196886
0.0417360017907652,0.16973639798305837
0.034385036686221504,0.37345674192331624
0.018346132154923034,0.9725267637483488
0.04689020190212695,0.08920446588591249
0.04368842495105485,0.13419970917750207
0.030963834560338133,0.5119028557157973
0.019733937321363137,0.948018648250328
0.04611608415771912,0.09872222375880418
0.04239367077142153,0.15701006058925296
0.0327730662955969,0.4350518925495337
0.030381973185461986,0.5383456110767747
0.03063467358878902,0.5267592353229587
0.019195580843512833,0.9586888812682539
0.04572738672831034,0.10381181262311462
0.031133472648797955,0.504350953638493
0.026702984344652902,0.7003981823650567
0.02500563995694538,0.7738513679071947
0.023948091244837766,0.8169117468322212
0.02998171705105046,0.5570171595152655
0.03815333371337015,0.25404203651201573
0.025981065049617058,0.7321049360301186
0.03379113829471919,0.3953989993419772
0.033579531051429856,0.4034283423019401
0.03618030857528992,0.3123750744074402
0.03390577068933809,0.3910957603216269
0.018050748774171788,0.9765078038985281
0.02274575419145064,0.861895630418351
0.03047856616358302,0.533898292323784
0.02557326217683524,0.7497447468710029
0.021982042863376544,0.8876804039380279
0.0381801877944285,0.25330924786981557
0.042201568403485656,0.16064554490840338
0.02431218866482969,0.802402239420902
0.023231318338177043,0.8443204131854241
0.040676727601018814,0.19194792165516555
0.026656393072865492,0.7024587538222256
0.036835955487873884,0.2919920461054605
0.029533828550649566,0.5783715836151676
0.02104723328097946,0.9157643276448686
0.03318424172322537,0.41872594043277467
0.022347741199115978,0.8756323333996272
0.035126540299869724,0.34727993788116057
0.03707852792129307,0.2847056749582059
0.02705744242829955,0.6846754616823125
0.04259542982376918,0.15326328514364704
0.019309228318828975,0.9565606255369007
0.05007855916655246,0.05772243004989539
0.027659581798535116,0.6578444384359716
0.03363020859477972,0.4014952696863627
0.04617783304502898,0.09793315479091724
0.04526287800328155,0.11017805930867851
0.02743668850395009,0.6677874779119386
0.043599087755651245,0.1356817035530011
0.03343404080608947,0.409013511420691
0.04660100113533516,0.09266602265909644
0.03160703520475845,0.483646972133734
0.034061740527154494,0.38529305337906694
0.037336281048931386,0.2771123391385443
0.018186736636682688,0.9747266420521409
0.02399365635602646,0.815116091572179
0.046665224090838064,0.09188775352871097
0.028341803771938512,0.6274134298038285
0.023684674802168404,0.8271727064136898
0.02149855447788329,0.9027104593041124
0.03181869110571417,0.47457392101047163
0.045592189154817,0.10563241287664234
0.03202634031749996,0.4657812092996433
0.04449881371000847,0.12135022546502698
0.04692349212283825,0.08881305598332857
0.02592994314239594,0.7343287514611332
0.03174547459896593,0.47769985853717967
0.024234563213308746,0.8055257921081035
0.03933591925267621,0.22326796820394526
0.043514377260962744,0.13709922405520766
0.04414164623770733,0.12688323439181856
0.03493130376925607,0.35404174754301687
0.03288279481810652,0.4306537588963906
0.03233875460261609,0.45275518142531185
0.017129478335259796,0.9863794331591494
0.032661462337232994,0.43955605662999847
0.04612769256414806,0.09857348051728072
0.026869925251252647,0.6930025833315239
0.02840129820192616,0.6247640131265937
0.037687716521278614,0.26700423166474524
0.0372299138404934,0.2802273585762965
0.03663574009406889,0.29810931188225875
0.031086504690743866,0.5064347258135533
0.024849241030850178,0.7803852770229602
0.025356242506019866,0.7590290502851847
0.02469517514732114,0.7867703226898584
0.029864163740145333,0.5625749533116646
0.024244565974164398,0.8051241824231484
0.03710637314001852,0.283877985922629
0.03469167599815992,0.3624682752580768
0.04014074872519835,0.20402646965562848
0.045283853423065235,0.10988377663671818
0.026280523106702966,0.7190159188548011
0.042614579092705274,0.1529114448667042
0.024222374538252933,0.8060148071369275
0.020331083794509763,0.9344365393936365
0.02292731455472863,0.8554250919310108
0.053341439453171935,0.03589602949752234
0.03263981105918293,0.44043347384798337
0.03347824602101279,0.4073109617739045
0.02924076405378062,0.5926051284878189
0.03724911381792767,0.27966315499789496
0.05238564213547808,0.041383062679189765
0.04778173345551373,0.07920908945091953
0.04452223101977243,0.12099449147027184
0.02177189964935966,0.8943421675855513
0.0242063518513963,0.8066570423459192
0.024732197260516564,0.7852408097913934
0.038098037871352186,0.2555559935998017
0.04752981197563866,0.08193269129952015
0.05187031222737948,0.04463417661101615
0.019724576388832515,0.9482169504816045
0.021095864349016447,0.9144045304860865
0.01707521933627043,0.986848712746072
0.051471114129075235,0.04730292330857235
0.02624346888853002,0.7206409301252585
0.025789340458665544,0.7404272717289095
0.03173573933367657,0.4781165070440385
0.02863723441252397,0.6142705973600784
0.03064487573802066,0.5262947595354669
0.06016599590423183,0.012065546550065294
0.041721878390832634,0.1700184583829824
0.021068000226888706,0.9151850545421203
0.024641032768518645,0.7890015068116033
0.033203462607746315,0.41797308905687364
0.029973270575507582,0.5574153822446721
0.02752419390729388,0.6638849033131993
0.01835541626057638,0.9723948590491833
0.034723344513557186,0.36134658642485634
0.02825315312539356,0.6313632858112042
0.027422248453603387,0.6684313214502537
0.028978391157729044,0.599146258821771
0.030624654318570255,0.5272156344078173
0.027222713919253905,0.6773221466362733
0.03101349893117472,0.5096845348625563
0.04197779323641601,0.16496516348979123
0.016643214704721188,0.9901815107853401
0.025903385688570646,0.735482680330838
0.03591560135080729,0.32089253104846804
0.03562094600469168,0.3305706519333045
0.028091443906450464,0.6385734254495363
0.03085594969442551,0.5167426816528542
0.02847793442001678,0.6213530803243512
0.021210305173195887,0.9111595845622491
0.018280242247805445,0.9734509330993155
0.024624982820940132,0.7896616174945081
0.040883473361692846,0.18744191058782653
0.03107101728114503,0.5071230358351525
0.030874841660163882,0.5158930914331653
0.03220214326722137,0.4584211535592898
0.05370791909365957,0.033967533231839576
0.04181904960608801,0.16808537559849313
0.04249668397489198,0.1550879569273017
0.03510641730305053,0.34797258368019535
0.04237135881639281,0.15742888599331098
0.033543733494846406,0.40479767446127224
0.03549423911730909,0.33479658933536993
0.02292400640436043,0.8555440927020911
0.057751157061899705,0.01801331285664943
0.019661609709065386,0.94953908332722
0.026432185485514043,0.7123504531473239
0.030395741667083254,0.5377102872923772
0.026567908866911016,0.7063675294559797
0.025093084118578524,0.7701764335857664
0.020241433684393073,0.9365922801878735
0.02643128442126602,0.7123901191823254
0.0240463794450545,0.8130309712305253
0.019975421543937666,0.9427468025475331
0.04038602327266788,0.19842738332835774
0.02425264422949444,0.8047996482305616
0.032028962175511766,0.4656708772413625
0.04452681282028448,0.12092498932354126
0.01835292111281564,0.9724303500937975
0.049527601474963934,0.062358790661694204
0.022378051098781326,0.8746086150620304
0.03199921271330393,0.4669237906161271
0.026386201919114782,0.7143737477234042
0.04424450538252034,0.12526903322823954
0.046899737783118844,0.08909220009781144
0.04018478057973357,0.20301233264100152
0.022412111788966294,0.8734537264268186
0.020822308779675502,0.9219034628856047
0.02142117327774684,0.9050169948322099
0.0444379214206313,0.12227926702226316
0.026268841146751376,0.7195283849815313
0.04345463973716335,0.13810607710065725
0.03909461976405226,0.22930175233655511
0.02774194817409492,0.6541687156164755
0.054670512413004635,0.029328598023431383
0.028440349331844667,0.6230256484957364
0.018726723256880684,0.9667732627884755
0.014990070139295979,0.9975203423972488
0.03613350709818275,0.3138688622143126
0.024307381746541457,0.8025961209929378
0.04022091050403109,0.20218313695189316
0.031462610348769515,0.48990208509466315
0.029893529883771364,0.5611834153816178
0.02795709256424428,0.6445673373081617
0.04224670993431712,0.15978524598424873
0.019633183297805723,0.9501292565148881
0.01724851840855829,0.9853083820062888
0.053145442723067315,0.03696623002638635
0.04071063472763592,0.19120313220829666
0.03197748569831277,0.46784023082257076
0.01540957933860862,0.9963242311871723
0.03147946033872759,0.48916962853802465
0.03471112755710526,0.36177901585070943
0.022787086612604812,0.8604335478247355
0.06057773842026992,0.011250203751833963
0.03080638149242368,0.5189760017151456
0.020042243120127368,0.9412349580501622
0.02975740000734739,0.5676516163976301
0.0518496191986047,0.04476923209369395
0.02600306629565244,0.7311468621151105
0.016245791334284276,0.9926600810755442
0.03841712613045073,0.2469129959309144
0.02143325938563534,0.9046585786187672
0.025224994293542302,0.7646047012800319
0.019432292647806104,0.9541811738308706
0.020256890231241442,0.9362235338418032
0.02630539310303015,0.7179244517072316
0.03134715467863136,0.4949398514301438
0.02948655472735595,0.5806536870779724
0.03693551553843433,0.28898494421446497
0.0360128700371769,0.31774332159049845
0.030341058250903608,0.5402363023875523
0.035035920768260675,0.35040689456285573
0.026127039561393894,0.7257373204407005
0.027962361631255123,0.6443322227355806
0.023465685701698713,0.8355399122980304
0.039780383880877235,0.21247561151380426
0.038947910598789215,0.233031096063347
0.03460644938899832,0.3654991951169905
0.022916780041958462,0.8558038985823215
0.04781140677081308,0.07889337590238721
0.028667666680651127,0.6129188921033969
0.029799084198151027,0.5656662359737447
0.04336933136400356,0.1395543269774313
0.046276696824409214,0.09668076326381667
0.03589261844330438,0.32163993578506883
0.0312458735772283,0.4993864019171519
0.025550314200212865,0.7507301172859439
0.034560872228573625,0.3671273780401221
0.030536005307722658,0.5312645404883797
0.034985397783872774,0.3521589505300179
0.024350103348286134,0.8008709042557342
0.03849288009701082,0.24489412122587448
0.03724390301341929,0.27981619400293817
0.03461807053096333,0.3650848618028919
0.035809361056271305,0.32435805098814086
0.044141181542228236,0.12689056545361682
0.03568377201795747,0.32848961398261034
0.03869924469307873,0.2394582087059714
0.0337442483914171,0.39716862046553786
0.027910422033747752,0.6466499604899
0.04893799113496872,0.06766975271357284
0.02149621049988265,0.9027807363514149
0.026722828044553226,0.6995200833388647
0.022366617987808257,0.874995211768518
0.04450251689623952,0.12129391298839565
0.04632114902312934,0.09612202183307332
0.040238307509075866,0.2017848143004338
0.018542953391713413,0.9696404670729962
0.05702503843462603,0.020255133425219937
0.02591507175765484,0.7349750305657482
0.026491186541969303,0.7097515529252683
0.030834970439428927,0.517687172138815
0.02278577985376279,0.8604798724489218
0.016715513655783498,0.9896720508236192
0.03309307312911691,0.4223094231494209
0.02361211801633306,0.8299618685903569
0.03271834013325331,0.43725666717214356
0.04065250456776215,0.19248139022269625
0.024083266390589997,0.8115675007252336
0.024657860692331557,0.7883087574995589
0.0262602692367927,0.7199043289446321
0.03804259062195681,0.25708094199235
0.03841052475916479,0.2470895232324564
0.027497557928701566,0.665072975261553
0.026598356055717642,0.7050232282904753
0.058482158184210764,0.0159830334923432
0.04017547251448894,0.20322638612465965
0.036423324516207334,0.3047020559843478
0.01823414900235963,0.9740850169112724
0.032339300504271806,0.45273263363708843
0.01495034779632548,0.9976153807155477
0.03877612346964954,0.23745686301590824
0.03267057491204639,0.43918712017875383
0.031590216146071826,0.4843727423869679
0.038873107033522314,0.2349504266820914
0.053102536346697815,0.03720420020017842
0.02055814677527923,0.9287939832894584
0.03355346142077542,0.40442524526027007
0.029353626392607524,0.5870993562660703
0.020982420455573303,0.9175587360152062
0.038511030964195836,0.2444122653933178
0.0230883910989077,0.8495824494511863
0.024597724338018323,0.7907813399964826
0.042815936069297345,0.14925104775570386
0.027878277911334348,0.6480844477475429
0.026401677967231474,0.7136930165935886
0.031469119449420324,0.48961905559312136
0.03853505458410955,0.24377561524945193
0.04452955571538325,0.12088339755752023
0.023425165053182345,0.8370711601952807
0.0390179439776035,0.2312450844124972
0.024137151448246685,0.8094228592436535
0.04662634364317503,0.09235825955297272
0.057587809540049606,0.01849734983187181
0.04234201820230221,0.15798101393053054
0.01762230928334052,0.9815607950413272
0.02384662812163807,0.8208886129867543
0.016095637832290954,0.9934632436331985
0.03572794589655315,0.3270320878797919
0.028718879433255406,0.6106452242551872
0.035583093351366224,0.33182906290902087
0.02566205824774781,0.7459242047432475
0.04127052998408465,0.17923069104681036
0.03635765772163779,0.30676165741962974
0.02995131902162715,0.5584511334521911
0.020857612260895775,0.9209563187086052
0.04686958531810298,0.08944759036576494
0.016257334240518118,0.9925954347876929
0.02327928778429933,0.8425383983922141
0.02505260621604799,0.7718794487744326
0.024000599612667983,0.8148419463997618
0.02016345492979643,0.9384339983672914
0.04445660073236146,0.1219936555584184
0.027910421012832642,0.6466500060489997
0.019884441357061966,0.9447682896327049
0.03755007317585113,0.2709296712040724
0.02957664295528989,0.5763093810229019
0.038860053785836124,0.23528658842320405
0.02449327312136007,0.7950556371097872
0.03255382036035287,0.4439298102092899
0.03806569613774691,0.2564446441417957
0.03121473820376075,0.5007584582246556
0.030704057864279655,0.5236054146623577
0.02742980174513665,0.6680945462295296
0.03860951967313464,0.24181024599115614
0.027509761966479224,0.6645286418016055
0.012525861739499933,0.9998999320136902
0.03819498723245962,0.25290608905160017
0.03270025039795171,0.4379871012550408
0.02857739248497604,0.616929864398767
0.03645959212071781,0.3035689034478514
0.06025066194519513,0.011893661039514414
0.026982689721552933,0.6879972859550478
0.03193310986262465,0.46971565409447097
0.01695122369747426,0.9878776433407103
0.046996960766927165,0.08795434643623568
0.018410365137527585,0.9716056038375559
0.019928753178667602,0.9437890519808305
0.04038314784162356,0.19849231876846984
0.036553232747077,0.300657496727789
0.016593528291618947,0.9905208329310318
0.03108635948375299,0.5064411765172873
0.04599104414620114,0.10033630586457389
0.03060660124886344,0.528038613558485
0.02091501161478343,0.9194032620655515
0.034971675563351845,0.3526358902544322
0.02229539119006607,0.8773915434698643
0.04487693153526484,0.1157102101409408
0.037960228585203315,0.2593588048396253
0.016938328256714985,0.9879812278500327
0.01832197866527846,0.9728679724337826
0.05777072996606736,0.017956079770544253
0.046347987112308475,0.0957859880414252
0.0262603398092337,0.7199012341145428
0.029221184130075906,0.5935633829087409
0.04146074159748564,0.17530125660363366
0.03786251456723655,0.262080977236478
0.03170523425174432,0.4794235892996825
0.03842432425459405,0.24672062022035096
0.05419338142528052,0.031553171770455274
0.02476318170573119,0.7839583670128732
0.0285841294003244,0.6166304061026011
0.05139535659432676,0.0478246968551667
0.0319620174013171,0.4684933979858714
0.029469126010680635,0.5814963946325897
0.040454358144843494,0.1968890788082299
0.0269123683643393,0.6911195036033129
0.018914133237910247,0.9636753854697628
0.037613101691279405,0.26912682872496346
0.04418919101278884,0.12613499554652352
0.02287208171193622,0.8574066070524888
0.03164287980819025,0.4821025690779386
0.029824040140979474,0.5644796161360952
0.030117485451663706,0.5506399306501993
0.03198423781620524,0.4675553019183243
0.02422749086974102,0.8058095857480748
0.020427905459561913,0.9320624227169971
0.03254246346887506,0.44439295697458003
0.03224740468732412,0.4565387648647924
0.03859906499590998,0.24208544609696492
0.0328545402962509,0.43178337994005966
0.023033104759961565,0.8515984303351564
0.03516751549001962,0.34587259205738924
0.04398594426282726,0.12935906839862144
0.025342655288859484,0.7596076810877476
0.027123904770474883,0.6817197925451439
0.037376547255176584,0.2759398938003749
0.029382149307859595,0.5857127271926266
0.04528620840375008,0.10985077718190885
0.04063172110465019,0.19294003695709813
0.029243927033845707,0.5924504156402328
0.030697138059318646,0.5239194180400182
0.026399532923479407,0.7137873822152245
0.017261288391819535,0.9851900556172912
0.027751640526858135,0.653736157853535
0.03909446778014469,0.22930559187854999
0.017570215685166868,0.9821190349386181
0.029215875124330853,0.5938233661469929
0.03218845067297571,0.4589916267579037
0.026066143754709614,0.7283967781564433
0.04062450318077204,0.19309952195623822
0.020082250537963975,0.9403188028421117
0.019805569435530856,0.9464862198746798
0.024728563675978532,0.7853910627248526
0.026945721705725956,0.6896389799066909
0.0183508754500199,0.9724594251520491
0.03906107398068748,0.23015041267211636
0.01823715686503813,0.9740439496968181
0.021459715106221466,0.9038716478424881
0.03239584728420514,0.4504010733939066
0.03572317349782839,0.32718932828760866
0.028522380501561945,0.6193759101648589
0.05202887154839775,0.04361101072564398
0.02461578035171233,0.7900398306611394
0.026810979422774883,0.6956160199325174
0.02294290978813257,0.854863555985376
0.027424319145670006,0.6683389977591636
0.048892302548632305,0.06809692881875334
0.03287223428173358,0.4310757377259179
0.024682764708795824,0.7872823454167905
0.02435314047217274,0.8007480782639935
0.06459210059545695,0.005546832745066542
0.029785508888582446,0.5663123548738289
0.04251666667150056,0.1547173040614878
0.01981202059906978,0.9463469102318887
0.03623083871924193,0.3107681143611205
0.04444928612390531,0.12210543248542972
0.02454520428875795,0.792933807557121
0.05143498637567834,0.04755113184849252
0.033400436833026736,0.41031101350746696
0.05331298043845045,0.036049721306554115
0.026740520415821756,0.6987369467808089
0.03518665708793045,0.3452165481102224
0.03078330979607491,0.5200175765731566
0.028095973652153994,0.6383713837232721
0.058820304007327184,0.015115227912913575
0.027406533863541083,0.6691319373867748
0.027668723310277782,0.6574365070245347
0.02067578254321667,0.9257685303773885
0.05437357915217855,0.030696158195130458
0.025853034155249366,0.7376679147413915
0.028168965047233874,0.6351162643165305
0.030137628486452822,0.5496976055262958
0.021564883757418496,0.9007112419973465
0.059434991966823364,0.013645357082148493
0.01914300129771196,0.9596511333466586
0.03385877622142752,0.3928559644972392
0.0338664909246682,0.3925666301425273
0.028823981892566075,0.605983398108605
0.03152107057973774,0.48736388858956176
0.05225137192620388,0.04220963959917775
0.056307576544816884,0.022711039871810265
0.02394199013313386,0.8171517294694528
0.036324874375473715,0.3077936996474841
0.023410194344359786,0.8376355215236321
0.022025029890742398,0.8862937837864441
0.041454658699908165,0.17542585048176135
0.03349058370211572,0.40683664842452777
0.041732993676777796,0.16979644216839473
0.029618727248360927,0.5742866359316001
0.05063843959530656,0.053317384377799884
0.03186287015918304,0.4726941891661871
0.036114654842290705,0.3144720503873126
0.05682635928786223,0.020910357313278637
0.022154729105330173,0.8820618473830941
0.04417173456038259,0.1264092967141043
0.0377822373892156,0.26433345313412543
0.03473307924234892,0.361002279435291
0.02516841556827437,0.7669985618045153
0.022057708167857126,0.8852343359064729
0.037558129452276545,0.2706987293034719
0.020315008324071293,0.9348261063056811
0.016353119859427834,0.9920425396726464
0.03462538983733088,0.3648240737949116
0.022099265150545944,0.8838803938051796
0.04401242349251522,0.12893525473763157
0.027414846426694006,0.6687613392504814
0.028034051638329782,0.6411336039691857
0.04687140116219091,0.08942615442445956
0.025268643247888967,0.7627538577205403
0.029222407331788935,0.5935034919290793
0.02928709306397681,0.5903413866216792
0.021309080018083515,0.9083084689534178
0.033837029994275514,0.39367233572485666
0.0341633970528723,0.38154343776240207
0.024575416487982837,0.7916963994115234
0.023236234221168384,0.8441381581389308
0.025983083066527524,0.732017083917351
0.033865819438256284,0.39259180788763354
0.01888529917865034,0.9641635266270204
0.029165711626657043,0.5908729060640123
0.03407055699649808,0.3849668441515188
0.022343364136219124,0.8757798569841984
0.02075788455855937,0.9236159844697831
0.02134455644957578,0.9072731503079362
0.03163138766909068,0.48259737159447375
0.030464407971909135,0.5345487306248963
0.025958575958058394,0.7330836266307926
0.03572485600362063,0.3271338870508286
0.02884447507252952,0.6050751436412852
0.028816195291371582,0.6063285626195474
0.034909725222173504,0.3547948042521278
0.039279416948840185,0.22466972695395504
0.03753587289048457,0.27133709734639044
0.0347752183832335,0.3595145410097114
0.021461328041420646,0.9038235652202584
0.019556201933167427,0.9517065578363548
0.039491154206108714,0.21945150544360845
0.03409944807685572,0.38389922255713843
0.02085944373956794,0.9209070148285124
0.031174534727480774,0.5025336807506628
0.020646298693648257,0.9265333303745876
0.03131566007814729,0.4963198313709742
0.031148998386636984,0.5036633439038302
0.044704535228765885,0.11825429632631335
0.03374388865688516,0.3971822179230038
0.051563600881459504,0.04667261946793617
0.03351967955980106,0.4057195794113752
0.04659801644687894,0.09270232558706057
0.03160551843120063,0.4837123945227997
0.02795857446462527,0.6445012121649036
0.030194404379630835,0.5470468554701652
0.02509643651700899,0.7700352449532206
0.032024374384804044,0.4658639502118952
0.018719530597954503,0.9668886440595286
0.02725448565292421,0.6759073082852307
0.027697319946610677,0.6561603680496959
0.027756177003678967,0.6535336995304197
0.05062948712247173,0.05338547492120664
0.04749311898905961,0.0823359048893527
0.02570424783276859,0.7441047772885306
0.0431084421703285,0.14406001374763783
0.049298632013802524,0.06437732372973377
0.034936751706995506,0.3538518030552144
0.03397460836609084,0.3885272912827497
0.02488011378427063,0.7790995666634167
0.03070530658715831,0.5235487633171728
0.042746767558440646,0.15050038082066036
0.025986661097308295,0.7318613058117894
0.04112524794841649,0.18227872186913374
0.027861330993111166,0.6488407548799013
0.03247993837907315,0.4469485730484283
0.02952715402421613,0.5786934658182817
0.045996219538323835,0.10026906590474813
0.02769944120587109,0.6560657036146845
0.029154089242292458,0.5913855025914737
0.03160860523579301,0.4835792586466196
0.05902662880228282,0.014606728153337427
0.02798741754028722,0.6432142252894588
0.028867546119132975,0.6040529331565246
0.02831908971513597,0.628425239141752
0.037666997000818436,0.2675923823434424
0.03126403764305841,0.4985870692784444
0.028783783331326862,0.6077656896993422
0.053170257625083095,0.03682920838846611
0.02764250379133626,0.6586065090491876
0.028299405387735455,0.6293022150822748
0.031006277907095425,0.5100066916935612
0.03865543056820708,0.24060455184322804
0.04579404923283026,0.10292376107218446
0.03290904710441228,0.42960597472566764
0.053824833424150315,0.033371725165884006
0.03093325620923504,0.5132717104793862
0.022258773328596937,0.8786153230873546
0.02395118499263149,0.8167900155134145
0.027190717510267026,0.6787466162841556
0.031516695016372054,0.487553570117834
0.02546770861971121,0.7542701563733647
0.022497577853649364,0.8705351170563758
0.032499760664491895,0.44613731006754187
0.0381561498717633,0.25396511447818293
0.042873160279677136,0.14822379349121784
0.03875815164332225,0.2379235643343465
0.037289416174006634,0.27848160026648033
0.024882061481000806,0.7790183857626949
0.03539179179114038,0.33824175396628886
0.012053382060728257,0.9999576319234779
0.03818872334166307,0.2530766674001176
0.036260580538942655,0.30982509529991004
0.028183367087270983,0.6344741230703274
0.02585163620092812,0.7377285369087134
0.03671527541942543,0.2956680191122429
0.030661671206574148,0.5255306660678023
0.060333388434409496,0.011727850154594424
0.032856096351706165,0.431721116664729
0.030473930079293776,0.5341112234745266
0.042281448151058165,0.15912573015208759
0.03684127191787934,0.29183088622359904
0.022363321589252333,0.8751065759279009
0.027387577487421766,0.6699770033527216
0.03171625976192605,0.4789509003694729
0.018040678453318137,0.9766362431500171
0.013979345097874574,0.999179014617297
0.034396117056284925,0.3730556464038173
0.0362514375276021,0.31011476813422584
0.04256412593285769,0.15383985250986248
0.05521289126257273,0.0269687036033156
0.02869519143181634,0.6116967233937232
0.01870981771393565,0.9670440433411472
0.036878258744368064,0.2907115056638755
0.04069024406513688,0.19165075176374158
0.026619767121012494,0.7040774453579036
0.023747650144712695,0.8247386203938022
0.04417461382382837,0.12636401993619414
0.020443136936810102,0.9316846106665033
0.03702519324920728,0.2862960346543515
0.04429684954198915,0.1244540617898262
0.025056765769879724,0.771704594052384
0.024136320953734303,0.8094559737067861
0.04321855900315025,0.14214407613549587
0.030708425437656617,0.523407285871883
0.05284103843740218,0.03868369506358637
0.026583335278201614,0.7056865177407768
0.022456546145331324,0.87194000570847
0.022883790461653675,0.856987495816926
0.016780300632895262,0.9891994375533008
0.039114747039404096,0.2287937172418769
0.019721663186667293,0.9482785715424202
0.03316016904875413,0.4196701286009121
0.0354066578071931,0.33774025612834624
0.0343143241234935,0.37602357679207954
0.04047585775933954,0.1964070338364694
0.031776421072478855,0.47637698522719435
0.02332136393149431,0.8409688239582938
0.043380551623403985,0.1393631432053727
0.03326002208141576,0.4157630897447818
0.0219533702629231,0.8886008160433823
0.036399963640843414,0.30543359021822447
0.02963287203264464,0.5736077352032464
0.034520269110679624,0.3685821699009169
0.0351266272722347,0.3472769463779995
0.02575454737510416,0.7419322007281646
0.021306989358834155,0.9083692955428052
0.01979186854940651,0.9467813713790106
0.03389812139419682,0.3913818957595654
0.029693074876008668,0.5707235932515092
0.026299923510869738,0.7181645491740012
0.025391394266348954,0.7575305766358753
0.02228794717460171,0.8776407764232736
0.03540031497104379,0.3379541632325975
0.02541443981326197,0.756547024251835
0.03367444973897615,0.3998129315002377
0.02941052407636935,0.5843352278733523
0.04352985604627424,0.1368393111025328
0.030146213047957726,0.5492963056912394
0.017262150651757013,0.985182041764853
0.027355526869653257,0.6714055907742091
0.03644968983575836,0.3038779848416216
0.028224726575206027,0.632630303596263
0.04336316518976102,0.1396594840352929
0.035658739697746134,0.3293176423434739
0.06260142961232279,0.007921385746695632
0.024780389091478394,0.7832452332888733
0.023714586350046085,0.8260181038914741
0.0385411113849482,0.24361530360659456
0.01613019366637425,0.9932845345856939
0.02341736490668045,0.8373653005035167
0.019727806307696216,0.9481485789082994
0.02146930271330172,0.9035856571952282
0.04497613517434673,0.11426680749734411
0.04406045317202156,0.1281694117854902
0.03464462589566286,0.3641393171280914
0.05344983973869755,0.03531585909598934
0.037834522050204544,0.2628647633161275
0.03793118326303535,0.2601657269915813
0.024520953410500868,0.793925473902771
0.030037536248904262,0.5543898294565535
0.031216740830468548,0.5006701351950692
0.02495145854407299,0.7761206740282778
0.024162799651170408,0.8083992580250012
0.024693792952425686,0.7868273658610104
0.02256408123519482,0.8682437825228401
0.04263039015208092,0.15262142988388
0.033195467740632534,0.4182861233061524
0.051915680897016425,0.044339310133831085
0.02835636299806174,0.6267649673475174
0.05831134359565271,0.016438161894363677
0.024075625050707705,0.8118709785668251
0.024179858082250233,0.8077174797937807
0.050403051376807395,0.05513278440907132
0.027962416780891952,0.644329761881025
0.04149423304920852,0.1746165213629595
0.03037171301465391,0.5388193515883051
0.056987978393023664,0.020375947939878198
0.04669087413919276,0.09157845347435646
0.027444924694823403,0.6674202267297769
0.04308041392423012,0.14455100509618435
0.03598824453427363,0.3185384716802341
0.014120664804793903,0.9990273157127465
0.039329100239670345,0.22343678128638386
0.031123967636595418,0.5047722100963846
0.025115531203806607,0.7692306418864563
0.030736191255040568,0.522148828072102
0.04299143500841862,0.1461186957669676
0.0438244532111387,0.13196851942438884
0.05106526999188302,0.05015670755177984
0.024350808252012968,0.8008423989596404
0.017982189534230253,0.9773728682343993
0.019468224838207704,0.953471714934739
0.01802135562106366,0.9768813636797137
0.02575378962762953,0.7419649569858482
0.029944708890218774,0.5587632516433098
0.04623478813106818,0.097210014404964
0.021093371757776036,0.9144745054158779
0.023136877091855523,0.84780544663775
0.039610371955177026,0.21655493834351666
0.04671100451444765,0.091336323364408
0.022341703424800685,0.8758358086017592
0.038258145952241196,0.2511910165588759
0.026789451895199212,0.6965699169502119
0.03809083090825233,0.2557538165360957
0.03168090902271831,0.48046753934951936
0.02300432666231178,0.8526434405764345
0.029898219829508632,0.5609613720174597
0.032952733165380554,0.4278661872729905
0.023170980965901866,0.8465505620014392
0.028412273912200803,0.6242753729425121
0.04541943236574786,0.10799727104026514
0.019660621270736534,0.9495596747321478
0.03559434392476668,0.33145467731537875
0.023427533626985353,0.8369818023879927
0.04175503909584341,0.16935679164226008
0.034770765104646745,0.3596715601492907
0.024826647568770843,0.7813248954175995
0.025030656308041355,0.7728015846728765
0.02743089805504842,0.6680456644496247
0.04317256658063279,0.1429417775620856
0.0361547752141117,0.31318939136519397
0.05291251484424819,0.03827428180272987
0.02901307187305424,0.597612696102553
0.024379767356879245,0.7996702390989355
0.02033321014691314,0.9343849116789201
0.01924554473199347,0.9577613785812507
0.05919645108016092,0.014199775974682822
0.02499816847085773,0.7741646555803954
0.02605633619923986,0.7288246884908711
0.030448452311271468,0.5352823353878029
0.024823153755787475,0.7814700977798391
0.038236774260338,0.2517703734058839
0.024468655103900894,0.796059199715707
0.03597687920894055,0.31890594254411603
0.027593562971913288,0.6607902256212629
0.022912620236816394,0.8559533663370729
0.06452720496583153,0.005612630863161089
0.02969972686863087,0.5704054513351611
0.03185848902056365,0.47288038050651104
0.029964545558163636,0.5578269191054777
0.03981742676718475,0.2115947611147887
0.02858678289414096,0.6165124629503111
0.01785823266569886,0.9788816908458426
0.0369903512607882,0.28733852682484307
0.04226872694802686,0.1593669922633682
0.025461753909586105,0.7545249134424036
0.036820091107017616,0.2924733432777011
0.03215516965510945,0.46038016331195797
0.0322806299523099,0.4551602087797739
0.029469428622324823,0.5814817566487441
0.031850464230886444,0.4732215453423225
0.016288597515317083,0.9924182179836131
0.048468882791996015,0.07216621716539179
0.03260632179933465,0.4417929323221005
0.03705095557285301,0.28552701916129036
0.022658900135850035,0.8649465947229565
0.0349624172491213,0.35295793872038767
0.04403503597453967,0.1285742294353291
0.027012121399713485,0.6866897517765859
0.04662556632353598,0.09236768669913062
0.02318404274037056,0.8460688590454986
0.048577326549679056,0.07110482154476645
0.04521363102790377,0.1108715516253034
0.031623423240147,0.4829404789697026
0.03979983120968955,0.21201281498820757
0.021060148876894558,0.9154043059581313
0.02020820372466625,0.9373809142661119
0.018396288358646318,0.9718091932663214
0.05714843300761363,0.019857458078640436
0.021848906463752593,0.8919236597129101
0.03776008516264051,0.2649575745693061
0.04172264633433881,0.1700031120785278
0.038000062297091186,0.2582552397861886
0.034001008635966445,0.3875453605984945
0.04138313658836956,0.17689609448521476
0.05887296254639507,0.014983959871241641
0.02538002801355574,0.7580153383610981
0.023160339829139343,0.8469425522550809
0.030598039700230784,0.5284291861962853
0.041470875029312626,0.17509385314421555
0.02632084566886006,0.7172459709537684
0.04546837261864822,0.10732291941021375
0.028905730139113794,0.6023618129107777
0.02260656735547803,0.8667707594814832
0.031034321981347257,0.5087562636021195
0.02822508669974766,0.6326142509580498
0.025943915736711884,0.7337212713765717
0.05556058274851372,0.025545651806651574
0.028901175772286458,0.6025634731649467
0.020846938897671863,0.921243319300434
0.029311266353010512,0.5891622525086504
0.023784690246173135,0.8233013053835947
0.022598817158345885,0.8670399951283354
0.037219287277816426,0.28053999139928726
0.0266411224979739,0.7031337652831626
0.022602952117042552,0.8668963793866014
0.031698059343451435,0.4797313568338869
0.031139736518172673,0.5040734651158868
0.047282385730824994,0.08468414532238662
0.03325497287333351,0.41596005770697647
0.0341317294087875,0.3827087624945375
0.024012294922102884,0.8143798629253323
0.023337522306444203,0.8403644664113186
0.0616215158641914,0.009401595443973853
0.022367764929320133,0.8749564535194165
0.04088388161983847,0.18743309586555298
0.06590192481984708,0.004360900220020458
0.026559695452441023,0.706730038102998
0.02616756176341567,0.7239652645695158
0.043688636277808224,0.13419621922357164
0.02643022738156864,0.7124366505120635
0.03331324830503407,0.4136906188047471
0.02495062117521496,0.7761556986797424
0.03404979165470606,0.3857354685361543
0.02669402361683304,0.7007946085467518
0.031792441372962665,0.47569310128689063
0.01736406737669416,0.9842131204657222
0.024697691043384595,0.7866664805258914
0.043402110062589094,0.13899640250456757
0.0319616177942012,0.468510279784089
0.025324927603312827,0.7603621530561177
0.02300223506331589,0.8527192749714377
0.04110855501149034,0.18263155216283883
0.0188110597284028,0.9654010454049371
0.030993228655352034,0.5105891948098351
0.028212697059034286,0.6331665407614636
0.032369425633235194,0.45148950723733977
0.04157662628586151,0.1729410310326136
0.03717162310460098,0.28194546639320167
0.028270627510770308,0.6305845304461235
0.03356731680797931,0.4038952045904824
0.02421724710505535,0.8062204038950841
0.035396046606497866,0.3380981652186782
0.037049267268028596,0.28557736868959144
0.02309116330044436,0.8494810743100524
0.02591152629700122,0.7351290663511857
0.029648677282938962,0.5728497072627038
0.044756121722875464,0.1174882422834779
0.025110566342188445,0.769439916981498
0.025607569999048396,0.7482700541970363
0.03423179029608736,0.3790351194889718
0.027060645418654272,0.6845330671704349
0.04436677937034578,0.12337207741098212
0.018697283298279244,0.967243888885268
0.04894973724097906,0.06756029945348532
0.046996195177394506,0.08796325865451418
0.02414920307363977,0.8089421106415398
0.04752199260363554,0.08201847728209455
0.02408101147476327,0.81165707218557
0.02633767533592435,0.7165067541169623
0.03633502638275765,0.3074738359581875
0.01853356315765914,0.969782482937344
0.04051382386502389,0.19555805316945585
0.029844090021510006,0.5635273636336444
0.03757338327777293,0.2702618661970109
0.036739137143204925,0.2949384826466974
0.04813202760395463,0.07554938996885047
0.02458970944308947,0.7911102432652882
0.02470058679070275,0.7865469424088589
0.025981986055661738,0.7320648416933216
0.024166318863455882,0.8082586693277245
0.04538180092193059,0.10851818180947737
0.04146922983625512,0.17512751245565206
0.02596679714642125,0.7327259272554407
0.02312397124966259,0.8482792586997526
0.03797431197044299,0.25896822836329636
0.033276082699983056,0.41513699292578055
0.031959584909057925,0.46859616720138275
0.028855888655465678,0.6045694018566068
0.01570529896728695,0.9952429395330625
0.024171587319159193,0.8080481375675213
0.02550372607471578,0.7527279985306634
0.024639387788856992,0.7890691899394512
0.017561815618856613,0.982207940254143
0.029759367492335265,0.5675578125087312
0.0298666684284441,0.562456185222862
0.034473344465903555,0.37026850990674687
0.03915024283201385,0.2278998737846571
0.0282276494664907,0.6325000159576125
0.036032882384074094,0.3170981939764304
0.030552359311960764,0.5305161436678579
0.03863135122781475,0.24123634042750428
0.025216627284116777,0.7649590873962349
0.02864169604764888,0.6140723975550705
0.026961347050543205,0.6889451721231369
0.03213816776556222,0.46109057678017346
0.03129865223339412,0.49706607848360085
0.03663966052999312,0.29798862917705504
0.04156736710447817,0.17312867893875575
0.034081976677074466,0.38454460209720076
0.021384176153151968,0.9061099014213501
0.027431452616825724,0.6680209377896982
0.02405254907058607,0.8127864593934807
0.03937737518672968,0.22224379279139583
0.042091456317923215,0.1627596165579684
0.02000792919473049,0.9420141821725824
0.03420310911978364,0.38008559292393357
0.021891701402000585,0.8905682305524051
0.034021363950125005,0.38678944445856006
0.018123588927122514,0.9755646080443449
0.02309550373518099,0.8493222961880729
0.025296452842495487,0.7615728460017045
0.05213102730548319,0.04296266096426537
0.015893071201724784,0.9944400645873717
0.018292401498707478,0.9732819629346592
0.02861368580777568,0.6153168567290735
0.02283729055075534,0.8586489187482407
0.03536387897883542,0.33918482394833066
0.025820991818591876,0.7390567600895671
0.029831820580431545,0.5641099751450028
0.025689155815795228,0.7447559240515533
0.05964924308256614,0.013164074209493518
0.03493179540698177,0.35402460342542386
0.03739293505153174,0.2754637873939861
0.016412854551849404,0.9916826148710612
0.01868602379936324,0.9674227391000255
0.04233424044794559,0.1581276350874854
0.04066276723729911,0.19225523132118436
0.03686261688484077,0.2911845070696801
0.03477805613717744,0.3594145093479575
0.02845648065472492,0.6223077249195534
0.033848595422478756,0.3932380139803449
0.02670413046757436,0.7003474732323209
0.031178748807799306,0.5023474159454996
0.030658698899645842,0.5256658377047223
0.026334256636186937,0.7166569378911603
0.046266064920745475,0.0968148018753466
0.03988674944384174,0.2099539512592321
0.02166658518453879,0.8976066184750718
0.02102420360665569,0.9164042689466004
0.027899108396924444,0.6471548441907333
0.029856538958243917,0.5629366010687668
0.030105068517929934,0.5512213081000232
0.03442714741667108,0.3719339958894402
0.035003192882642975,0.3515411349522605
0.02384213786235434,0.8210639093304649
0.022809221848552053,0.8596478686027238
0.03159414815836309,0.4842030064411699
0.03982678073784113,0.211372780545979
0.028188121440047537,0.6342621518695827
0.04613334715748185,0.09850109360543804
0.025815371387509112,0.739300227512082
0.022439159672450693,0.8725332542831568
0.02270671844924288,0.8632704621818668
0.036366539106093554,0.30648250255041976
0.04378775134146318,0.13256751612194764
0.03253576791838758,0.4446661600773281
0.03521591235835053,0.34421559641682076
0.04968587909141886,0.06099532522188113
0.0230226069395556,0.8519799823043288
0.017913802730816664,0.9782140253354377
0.025692402259404223,0.7446158842152795
0.02153337129122479,0.9016635868749712
0.016549230973680218,0.9908160473899762
0.016408978705716448,0.9917063263233521
0.03779503018708613,0.26397353058449435
0.031032251426320823,0.5088485188657997
0.023457218819821823,0.8358603164427972
0.02180008527615629,0.8934600287773969
0.030629880845611135,0.5269775241591184
0.03876300740248606,0.2377973984455981
0.03410847083957991,0.38356622462079165
0.02928075189304344,0.5906509291164204
0.022549740335303214,0.8687393792450819
0.02105988553088728,0.9154116547982317
0.028725508764091634,0.6103510034741393
0.0198111745125214,0.946365193280089
0.0436301818790128,0.13516438603098593
0.03944820615663586,0.2205023021270081
0.024714006685241374,0.7859927131390957
0.029789667043681023,0.5661143995509172
0.04235874731221945,0.1576660174912012
0.02255819932182679,0.8684471499998296
0.020981928385661763,0.9175722811753253
0.026419280601099104,0.7129184718516131
0.04001834089644285,0.20686653919982123
0.024290212954181795,0.8032881148454628
0.028828681292232927,0.605775099953183
0.04043230145369714,0.19738457756555766
0.034947166915945016,0.353488874424631
0.042665808759719204,0.15197337041882533
0.02283988311275964,0.8585565010523682
0.036338088655959666,0.30737739942375036
0.03766751215497738,0.2675777472306596
0.027413223299119993,0.6688337042958288
0.03252921140801601,0.4449337984118821
0.03372396170107089,0.3979359307932966
0.03281375107244122,0.4334176583111559
0.029168477135333992,0.59075095016576
0.04831613020363934,0.07368408976139215
0.024207554796271902,0.8066088486785448
0.030951704007657843,0.51244560911568
0.022413256878556553,0.8734148179146514
0.032462344138935006,0.447669471913218
0.017168462452130107,0.9860349956681431
0.03495578573418823,0.3531887431318331
0.016529169755609252,0.9909475019841136
0.030308537311061534,0.5417420270838927
0.030918474978908317,0.5139342283107025
0.029923425241139223,0.5597689461498825
0.026039708840483455,0.7295498881629016
0.03559275289791797,0.33150760344099617
0.021998627468351795,0.8871463900078849
0.0409382564420247,0.18626200458954084
0.024973739574666642,0.7751881939848702
0.029047889840597918,0.5960738752267136
0.04231375189354131,0.15851439487636593
0.01664190407695587,0.990190573612035
0.027564290362733446,0.6620962154623876
0.03152298280960408,0.4872810080136598
0.03551853311980907,0.33398333398471225
0.035986513406908505,0.31859442368308627
0.03052672024183456,0.5316897388435213
0.04356216482976516,0.13629808750417852
0.015224152445232675,0.9968982486179904
0.03957142687689097,0.21749788934601494
0.035444255181031725,0.3364743122380501
0.03667359675633297,0.29694547581003833
0.027454443268154813,0.6669957755299087
0.019232895028511776,0.9579974107192573
0.026006462302827105,0.7309989248624125
0.026439194970001953,0.7120418610187043
0.031571966242094684,0.4851610529092337
0.036089415295969096,0.31528092671509
0.035693411835215516,0.3281711463034723
0.01951378769042228,0.9525625336026002
0.027031096334200755,0.6858465353954015
0.027132474095444947,0.681338560063539
0.028815148274031088,0.6063749774590699
0.026140452006752746,0.7251509929756639
0.03388843330753538,0.39174450406846373
0.02349217689541827,0.8345359162578119
0.017485314444695144,0.9830035356420854
0.025571169270268812,0.7498346492355253
0.038343389117882765,0.2488902539706473
0.04933821504528302,0.06402443102271073
0.03147620676049134,0.4893110041408769
0.027202818858927225,0.6782079136885029
0.022965251177005874,0.8540575515426623
0.03764661113108403,0.26817201122416473
0.0522320608593434,0.04232969387223755
0.04814239693937816,0.07544327635734417
0.022397330690677175,0.8739554876026794
0.023068839666730123,0.8502966346257584
0.03085012282426549,0.5170048995737527
0.03617181343679954,0.31264583183508454
0.02857376044726173,0.617091318189033
0.031220159048525792,0.5005194024925761
0.029974774687584832,0.5573444557779348
0.026846823512173823,0.6940270863156592
0.03378340391073292,0.3956905183707426
0.025453360816379555,0.7548838906914834
0.02643011725112121,0.7124414984414082
0.04088799586404801,0.18734428325546093
0.019407176061168666,0.9546731351171684
0.03223324067804745,0.45712728518313367
0.03301829253954491,0.4252642425564867
0.022883815002908314,0.8569866168327555
0.026468208237180102,0.7107640798259747
0.03798336392690645,0.25871742379573853
0.03399930362367176,0.38760872461313084
0.03225817646091261,0.45609152888484594
0.031207608961328293,0.5010729641863505
0.025173843073795,0.7667691828524167
0.02173088976700227,0.8956193077817356
0.044130475574708034,0.12705955941333852
0.040661316642388645,0.1922871854602777
0.03502178047089766,0.3508966301474127
0.029016277019496717,0.5974710066228244
0.034742584027093626,0.3606663294059423
0.0266264950016194,0.7037801828784138
0.020404936908646865,0.9326299279187412
0.017166557663581022,0.9860519672608892
0.025187083792578058,0.7662093664805665
0.03825526331104606,0.25126910188182083
0.02846269534418555,0.6220311668550762
0.04484744616538083,0.11614210535030961
0.03984253530571963,0.21099931561163512
0.024407036067735977,0.7985645574867253
0.07534599866893732,0.0006671344279535451
0.04270339801757056,0.15128802140941097
0.026866841747690273,0.6931393477016436
0.02799410785209211,0.6429157145324855
0.027201348785656942,0.6782733583332224
0.028203477941153077,0.6335775234272409
0.026351577855830366,0.715895896750087
0.03985366707941984,0.21073574430842532
0.04727588612318456,0.08475745867295943
0.025315472004819428,0.7607643468975787
0.029330214559631806,0.5882389628655199
0.038520428392897044,0.24416307337148918
0.040671365111308644,0.19206592048411128
0.03560476773518706,0.3311080760471472
0.03560318579903665,0.33116066003279243
0.046207667282385956,0.09755380150018196
0.03330249173276778,0.4141088783287262
0.02087216316848184,0.9205641484289575
0.040589977180854,0.19386383117609804
0.03126575287106792,0.4985116308290521
0.032092996614176084,0.46298153301680117
0.023420161317088795,0.8372598721939961
0.04296786766855287,0.14653621620635415
0.024111687629227996,0.810437323565552
0.017749127622802785,0.9801516927452758
0.022195587309999903,0.8807138339511732
0.05048167016389027,0.0545206184490186
0.02770516464512679,0.6558102850503209
0.025114321169690812,0.7692816507268643
0.02964280132158903,0.5731314511960389
0.025192384960636305,0.7659851412702035
0.023682496775784156,0.8272566713447463
0.024009737116215568,0.8144809554024093
0.017731403939063806,0.9803529310095025
0.023611066555739635,0.8300021663604261
0.01957638391863281,0.9512959994021025
0.043723299308323416,0.1336247768505007
0.02227899251306245,0.8779402821431859
0.02283043129936574,0.85889331014714
0.0211521430377285,0.912816629007539
0.024826100943077523,0.7813476148495538
0.019060670284265058,0.9611294849327401
0.027379094956676953,0.6703551206270989
0.05896229488910565,0.014763609596145894
0.0489906476779316,0.06718026242708529
0.025640351947899043,0.7468592534895578
0.023283485983967345,0.8423820634485892
0.04988405651640265,0.05932421671985024
0.022339875423792052,0.8758973832976807
0.023807743879616483,0.8224046307591972
0.027508545224286807,0.6645829130515211
0.03086294465826045,0.5164280085033821
0.03202557683763463,0.46581334100355215
0.020625785517168205,0.9270628691004072
0.035043487996124334,0.3501450111070165
0.03642257084848355,0.30472563662164504
0.01906534420494821,0.9610464848688686
0.02534300760045538,0.7595926814768663
0.032476800270017786,0.44707709589454425
0.032095666866225336,0.46286960910718644
0.03629935393925404,0.3085988595942138
0.027154583020098877,0.680354833687034
0.02699727235561422,0.6873494927271053
0.0399819449006083,0.20771690447375749
0.04890533443917944,0.06797485058721105
0.024942426808142903,0.7764983681400022
0.03905314719120423,0.2303513012632795
0.02454498152562551,0.7929429232177061
0.04263723212486509,0.15249606814069216
0.04122610234392038,0.1801584697321366
0.054145634750827454,0.03178374990082287
0.03519228710222477,0.34502375893855447
0.03987223097181514,0.21029676941069472
0.04359655734664436,0.13572387315499035
0.03600428906349129,0.3180202344649917
0.053303167256315453,0.03610285039875823
0.02510748023059381,0.7695699763585024
0.016448309169976083,0.9914633846020727
0.025700107235152814,0.7442834572046892
0.027051775890539587,0.6849273654782451
0.027705033109784227,0.6558161550682501
0.025342640951483586,0.7596082914946714
0.02951554143670876,0.5792537430175332
0.023238546464981462,0.8440524034166272
0.02663131530289109,0.7035671826209156
0.03381918647750681,0.39434307245257
0.03674886991121093,0.2946412998636246
0.024792917351373095,0.7827256076745468
0.032444814934443955,0.44838847543684296
0.027576211228165837,0.6615643832708917
0.024764217961376844,0.7839154395431761
0.055072930690447275,0.027561033805459798
0.03364036960116712,0.4011084511990319
0.03400331526996808,0.387459649749309
0.04822071270125494,0.07464591052456573
0.037499644716424085,0.27237861445103567
0.049390607659344665,0.06355988055463789
0.01731971733053128,0.9846400669272236
0.023810471386487286,0.8222984382378402
0.037272527817718615,0.2789762664565599
0.035643366202997906,0.32982691948171433
0.035217924855612814,0.3441468164469523
0.04099545854104664,0.18503626134301251
0.02804723367184503,0.6405455290632475
0.021635573389024887,0.8985583195657838
0.032123378187717044,0.4617091374135633
0.02824132849426475,0.6318903034074203
0.01826098723075692,0.973717055157296
0.02141322016593669,0.9052524734094749
0.035401039060924844,0.3379297389561417
0.017989986209722808,0.9772755945988479
0.023525277496847033,0.8332782195769792
0.03278071346074668,0.4347444040785915
0.040499606676486666,0.1958756335326703
0.040288745299681294,0.2006334555213871
0.030751668883120975,0.5214481449470683
0.021630215761052396,0.8987222923492137
0.04412343854499867,0.12717073938821175
0.028921103123871417,0.6016812159039098
0.020564472008640866,0.9286330722716446
0.030027856263726393,0.5548449099632337
0.021187801724134925,0.9118026333537191
0.019336574900649328,0.9560386120864112
0.036250591954455014,0.3101415679532928
0.019134703594067104,0.9598016968166503
0.02692312685225695,0.6906420131846835
0.030189867694799255,0.5472583750224574
0.045898695804576395,0.1015424438907356
0.05549151496752769,0.025822928340500387
0.015724513793090256,0.9951651063621056
0.03458316174570658,0.36633047729711765
0.03563416660165819,0.330131946254412
0.01683050500796024,0.9888225742947785
0.02299080977536838,0.853133236607954
0.029735878284942147,0.5686783187886686
0.0239516986799313,0.8167698005160439
0.035417592581930224,0.3373717180415351
0.02836703655006545,0.6262896151155206
0.031249601562369445,0.4992222804293857
0.03503868811296934,0.35031110726848264
0.02327589315233536,0.8426647654996406
0.01866180152674779,0.9678053533143717
0.05557396695134276,0.02549222600242918
0.029209601805742724,0.594130658302225
0.02250997702892188,0.870109249786111
0.04373216375186095,0.1334789596513964
0.046705067383092436,0.09140767993085006
0.02972021356828658,0.5694263130935366
0.02835138856435404,0.6269865190763972
0.03552634012415368,0.33372229253689034
0.027910966719769614,0.6466256534792235
0.029943569070901732,0.5588170825190533
0.03502057681980053,0.350938339955945
0.023919296969650616,0.8180434015684619
0.022359075481646506,0.8752499589383022
0.04308421196881551,0.1444843927283207
0.026328759132324464,0.7168984194580867
0.043504352996220685,0.13726776118244874
0.03064742049297664,0.526178943758489
0.019454488346023147,0.9537437191476456
0.02477329051684536,0.7835395022083547
0.031031267029360654,0.5088923831957504
0.021698199700712628,0.8966319218950026
0.04414716167625243,0.1267962489970295
0.042672297683522986,0.1518548822906435
0.035331741034002606,0.34027298181699467
0.031455653755938784,0.4902046890207509
0.029588030902376716,0.5757616091787364
0.02412496574868317,0.8099085526152288
0.02933188803767961,0.5881574603976827
0.032571946374312266,0.44319127886830123
0.037622771154787155,0.2688510456491807
0.042389018492953956,0.15709731617755368
0.02884981060046979,0.6048387140833085
0.026579031555293176,0.7058765286070201
0.026928639478091987,0.6903973225619351
0.027650837541558615,0.6582346360548228
0.026300474615873037,0.718140358813357
0.018880651518028757,0.9642418152743049
0.01987037057385299,0.9450771200222586
0.032316010833683184,0.45369524634855474
0.03261342993692451,0.44150415122231035
0.018844032307963055,0.9648548440293436
0.026234086886655295,0.7210521488672899
0.02943721209704475,0.583041370586677
0.02623142190235339,0.7211689396803002
0.041134659571126886,0.18208003091862424
0.042275857649736404,0.1592317198720333
0.03819869270029519,0.25280522274019174
0.014036964289516618,0.9991196854096407
0.02825843744269574,0.631127778612447
0.03219425389354297,0.4587497905619945
0.019283591622283214,0.9570465092389088
0.03083259568700414,0.5177941524581768
0.0382356176703027,0.25180175583944336
0.03578983723157861,0.32499785129726305
0.028108513711779137,0.6378120745138026
0.037442446006428765,0.2740291010528748
0.017933867532892278,0.9779694665896542
0.026548510542356296,0.7072236076138888
0.015747452633095738,0.9950709214621951
0.03535638382255463,0.3394383785964162
0.037898367664592314,0.2610796707112545
0.04436630529052088,0.12337938651673969
0.021735583419540627,0.8954735202921167
0.05930900206470885,0.013935709558900914
0.03864871917317414,0.2407805168447956
0.030794225556369792,0.5195246194081203
0.029651886429408053,0.5726958683696488
0.023522245509965622,0.8333935711568563
0.03422987665986227,0.3791051448466879
0.02907125079739148,0.5950418762542455
0.0467803895209572,0.09050586021064798
0.038006413901758296,0.25807960144912606
0.04313713663996954,0.14355875145335864
0.03499186909939134,0.3519341880798577
0.051116052497852116,0.04979166276888706
0.03165196027249231,0.4817118357025501
0.052621257223823825,0.039966636694349626
0.021013392868274527,0.9167037848701767
0.021503814431413304,0.9025526628751778
0.030561880177483652,0.5300807496272968
0.039112764192468674,0.22884372805552103
0.024547843679399772,0.7928257923474934
0.039619270919998506,0.21633991893957752
0.03026006422103067,0.5439911390610198
0.03413272870325257,0.3826719519768209
0.03671999412105159,0.2955236463069698
0.07860680746271931,0.0003290977849230678
0.03394166013573818,0.3897551890579576
0.02108971475100896,0.9145771148123384
0.021330133431473497,0.9076947786911123
0.07179329158408643,0.0013923485837543429
0.04405554031341696,0.12824757711983029
0.024577714870151812,0.7916021750792535
0.02227104623873935,0.8782057809825219
0.023956997407491243,0.8165612367277073
0.0392430030881627,0.22557670365325241
0.05101074541252415,0.05055122410953222
0.04688409227565654,0.08927645679394183
0.05629709101788061,0.02274881303539871
0.033892204103875945,0.3916033420233102
0.022656462764992558,0.86503179183993
0.04122408779404663,0.1802006293944296
0.0251887714355844,0.7661379894166073
0.015564555535676483,0.9957842634129009
0.018769642301539824,0.96607939445377
0.024713350438983928,0.7860198249850313
0.04506583780434342,0.11297446446570368
0.030561182590839953,0.5301126430579182
0.04459103146250637,0.11995429240433017
0.025035063828757198,0.7726164977918553
0.019661392023925695,0.9495436186338739
0.045303641794671945,0.10960674462082291
0.02545148638760164,0.7549640450560172
0.041045312234919196,0.1839731849201903
0.01985040836318086,0.9455135061570196
0.052621726713589334,0.0399638570407508
0.03914215448110181,0.22810331521803623
0.02555811944048214,0.7503950589312831
0.03533498580472805,0.3401630036623269
0.041876869504896885,0.1669434784239989
0.025228264107608728,0.7644661726041829
0.033641287475464465,0.40107352136217256
0.04269962236251912,0.15135674857595305
0.023848232595981123,0.8208259609909779
0.03850484213317584,0.24457648068803148
0.039203857386910734,0.22655486789990498
0.028542732790072023,0.6184708168558795
0.02743800869650828,0.6677286116418416
0.03882984253433408,0.2360660354021083
0.02564168768726205,0.7468017339983517
0.02919541938828274,0.5948257141060024
0.032335711241674336,0.45288089730908504
0.04417920624778282,0.12629183097308147
0.03254619972134731,0.44424055282929764
0.029279149592451648,0.590729160123164
0.027972375198558774,0.6438854082756694
0.054686224620540735,0.029257753364521532
0.02426547048940808,0.8042840151766093
0.026233422281507157,0.7210812753654714
0.04822583857238649,0.07459397189111754
0.02990837881473729,0.5604805821938622
0.03728303440761016,0.2786684475763899
0.03746547462839134,0.27336370529387766
0.022930821375348492,0.8552989004350773
0.029501717545832917,0.57992113139961
0.03433878818381242,0.37513414728811006
0.024190587251939677,0.8072882622059991
0.02470948724946659,0.7861794072197802
0.026115084683318857,0.7262597568012539
0.02632606854803682,0.7170165942571747
0.026860420264102014,0.6934241448055929
0.057495999546674725,0.01877447347977954
0.03670458706257029,0.2959952312696621
0.05716630400504069,0.01980044418514644
0.029917720219506505,0.5600387063638501
0.02377082496981009,0.8238398250870864
0.043262990007084,0.1413768871006052
0.028714832564476656,0.6108248423212128
0.03729643931603921,0.2782760826268941
0.0334797944293011,0.40725141352618327
0.04866967443566883,0.07021145275921242
0.021311024943407586,0.9082518638328918
0.04543603800598639,0.10776806819972996
0.03313944420673598,0.42048416488290324
0.020754073868064937,0.9237166352743823
0.018098671695913504,0.9758900669382168
0.0251402804178138,0.7681867226297321
0.024342823981661793,0.80116519701532
0.023262268320903834,0.8431715599801965
0.03551913145474728,0.3339633223598468
0.03732652969940964,0.2773968313935482
0.02808263498420649,0.6389663429082243
0.07037178984033243,0.0018504239427818538
0.04273782447867103,0.15066252617037468
0.01992222852758574,0.9439338740377846
0.03717799498179147,0.2817572756329326
0.0352768849040202,0.3421361361435121
0.04263152296928452,0.1526006681589222
0.03052309938969855,0.5318556087718574
0.030594245782296747,0.5286023200619995
0.037046301144327276,0.2856658419876315
0.025436672783661685,0.7555972984609894
0.030345665828093393,0.5400231801151163
0.025302999382033953,0.7612946272359897
0.015563062298194708,0.995789741057637
0.03639633333603276,0.3055473870014968
0.030244161649579993,0.5447302562884243
0.032485915634452245,0.4467038396145139
0.035782817204349615,0.3252281226071874
0.029882137754782045,0.561722992486213
0.02208846400744468,0.8842330120319962
0.033047682238577014,0.42410129687996573
0.029223521727075763,0.5934489314755504
0.041670024723075905,0.17105723975504225
0.052371130369544605,0.04147171350472589
0.03471952352516661,0.36148179419374116
0.03954735148367705,0.2180823991216561
0.020333813435752135,0.9343702596710155
0.037169911619424734,0.2819960303422408
0.039107403974996124,0.2289789640546698
0.028910674995548447,0.6021428768753909
0.030495826815897686,0.5331059899484578
0.06024688366917463,0.01190128419577409
0.023020685449903128,0.8520497772315425
0.029807683700708965,0.5652571717634043
0.046188925147881754,0.09779197119478553
0.03071858980098552,0.5229463758675317
0.029071634731761553,0.5950249186502355
0.04493493240826352,0.11486448958054626
0.02316381505767562,0.8468145781267308
0.022654195758751022,0.8651110131666353
0.02693149228847891,0.6902706872368964
0.04218896777210396,0.1608863470363667
0.06545356922335965,0.004737750629839451
0.021751286299744446,0.8949850588861079
0.02059408526766182,0.9278770500226812
0.0240282447119905,0.8137490595441832
0.02207167029907242,0.8847802719774094
0.02854720226758778,0.6182720768210586
0.036925992727114276,0.28927157355085126
0.02742030551235075,0.6685179483354806
0.0451671049480723,0.11153004051815887
0.043639037637064115,0.13501734564821857
0.027786201080644002,0.6521937450682411
0.04018469211936915,0.20301436609581147
0.021594235120664773,0.8998200977387174
0.06946898264473528,0.002210231939295806
0.03290026611051011,0.42995625113584696
0.0442226360327988,0.12561082021426515
0.02850495227857841,0.6201511037728842
0.04608464864650258,0.09912595934781729
0.035155970103710826,0.34626872010448256
0.020915944078760296,0.9193778986584902
0.03264894519958994,0.44006317028971437
0.03911218872375066,0.22885824394144583
0.03348379358025966,0.40709764292709694
0.029481308162331687,0.5809072907184322
0.023503122173756497,0.8341204307152192
0.024553946699153673,0.7925759666559299
0.040078366524100684,0.2054700157525863
0.029824248727638114,0.5644697044802578
0.031189179392481337,0.5018865674613205
0.02586070992918532,0.7373350084618828
0.03332833172155447,0.41310459963069873
0.026855797021423378,0.6936291730966015
0.03065959751673475,0.5256249689911576
0.027243598181575623,0.6763921824654135
0.03133708766147314,0.4953806838895876
0.040674396218652153,0.19199921551846252
0.025945332909766916,0.7336596435784171
0.039882221856206046,0.210060812469996
0.025649950739277783,0.7464458511463645
0.024571495628257597,0.7918571097910116
0.021464255955844225,0.9037362512755139
0.036439923758365134,0.3041830410789569
0.02769837940963904,0.6561130879280472
0.03848493157612615,0.2451053603693755
0.02360618776727441,0.8301891027138352
0.04625997298164192,0.09689167408656346
0.041382344460502596,0.1769124324442379
0.023180531113477287,0.8461984224726407
0.02817966535768235,0.6346391669954118
0.031953528355220584,0.4688521118513013
0.026505140536240757,0.7091364516483882
0.039704163258992176,0.2142970346344873
0.019778607285582117,0.9470661298428452
0.02262779069413673,0.8660322695538423
0.03550303332058813,0.3345020339480557
0.019809936514922466,0.9463919384620523
0.027295501968988556,0.6740802836837894
0.05362440863452633,0.034398804308111236
0.020270926056841443,0.9358876251992355
0.033936458071032294,0.3899493028651973
0.02348688004788313,0.8347368459560995
0.01699033005948447,0.9875595979353902
0.0402737127652919,0.2009760688708189
0.03857886719331832,0.24261779272056055
0.0230545822153011,0.8508165740871643
0.03388910739270748,0.3917192666932735
0.033720648343530946,0.3980613501567393
0.025422145757132385,0.7562179438562355
0.030088227940722856,0.5520104062663137
0.04667604852070889,0.09175712105578908
0.021222382401557438,0.9108134720792236
0.03814279772227869,0.2543299786454088
0.03697130771236251,0.28790950992879055
0.021365859286532007,0.906648609557819
0.02589765290578344,0.7357316503342308
0.02317445456286349,0.8464225181692487
0.04730937602579233,0.08438027477547796
0.04498316836813704,0.11416504171625173
0.04507340040006935,0.11286606426213754
0.024402375711988084,0.798753656631808
0.027498671352434945,0.6650233146585516
0.040289327495073024,0.20062019563718056
0.016688364235811992,0.989865563527775
0.02260386874454068,0.8668645338886287
0.018211861820813358,0.9743879624939756
0.02671942385724005,0.6996707412360059
0.026487282057821138,0.7099236347638591
0.018222015854653606,0.9742502349286227
0.019783486016204388,0.9469614746176009
0.03124107584049296,0.49959766910639647
0.04454822220096083,0.12060066120096578
0.030098285646849132,0.5515390497477124
0.025679642372256006,0.7451662097633356
0.02433986771192967,0.8012846753386156
0.04186142545142635,0.16724787829355267
0.020877896118846606,0.9204093498063517
0.04480348352418462,0.11678852674280837
0.04565401361493138,0.10479660970999428
0.023253558004595998,0.8434952180122917
0.030474036133405352,0.5341063519158717
0.048946343780120805,0.06759190509365691
0.03774104803812062,0.26549481577540496
0.025554804820642985,0.7505373585971727
0.02675750461244586,0.6979849518609602
0.02354717111740301,0.8324443996700933
0.03688217509838654,0.2905931663388358
0.023165441994648706,0.846754652129044
0.0714563795481119,0.0014902118539919433
0.03579953852586337,0.3246798233960164
0.04766165129140176,0.08049764304165875
0.02894430305584672,0.6006543821891352
0.049548465645455786,0.06217757934230785
0.037433453911846215,0.2742892500015858
0.024296198600815555,0.8030469484278835
0.03550101688968971,0.3345695563257056
0.03129201496731149,0.4973574943236731
0.036107763139753724,0.3146927650956846
0.025424058675498795,0.7561362376101964
0.027925782799721327,0.6459644832054827
0.01696822572955281,0.9877400944332558
0.03584580945248139,0.32316607281858173
0.021120590121787464,0.9137087743796445
0.032129269868721666,0.4614626577437008
0.03155139648192529,0.48605056451564005
0.05172776288083181,0.045571759548109735
0.028400728039543077,0.6247893979973653
0.03418284360416901,0.38082906063279737
0.0305883822626537,0.5288699689612949
0.02404176229024943,0.8132138863538285
0.022419322090804134,0.8732086416853685
0.030037361418232766,0.5543980466674197
0.021496981535543136,0.9027576220060312
0.030810110711083027,0.5188077689371342
0.03881397705574563,0.23647615409009273
0.03786600295771944,0.2619834264151033
0.050918910881947,0.05122175994087826
0.033340751833263016,0.412622480566202
0.038711998518907526,0.23912530593899528
0.020417281240026286,0.9323252574777058
0.059159347428744624,0.014287808830782664
0.02082003833639845,0.9219641650813949
0.02491519755704008,0.7776360297391876
0.020194138701240316,0.9377130139093867
0.03240975256399942,0.4498289493138874
0.03786759252803573,0.26193898407943805
0.03152270299313237,0.48729313535447905
0.03850321790433564,0.24461959212135628
0.03485555435437748,0.356690294290121
0.021971987230337275,0.8880036058117647
0.020416194710730418,0.9323521051110132
0.027776347027286902,0.6526335264036758
0.026719771106412882,0.6996553735308311
0.025541479086382934,0.7511092686976493
0.043629710302180214,0.13517221971437235
0.036452932614506994,0.3037767420986592
0.019018123186817837,0.9618799263339515
0.03674771070979088,0.29467668360285376
0.02415011454479063,0.8089057352529734
0.03627264634238393,0.30944312438928884
0.023927048347406887,0.8177389983053132
0.022560227591770288,0.8683770379529823
0.05328331932739733,0.036210517657288166
0.022644119723499057,0.8654628812226584
0.053696324586469835,0.034027125545379004
0.03438643901093896,0.37340596280309385
0.030774934867286996,0.520395988719132
0.029897069968117307,0.5610158067551924
0.025713300577594356,0.7437140351300369
0.02936387717791733,0.5866007952804635
0.024166910696197363,0.8082350229581146
0.0413132299414129,0.17834256376715707
0.024476955164197622,0.7957210107186146
0.021778389933399978,0.8941393533133762
0.02271458847895641,0.8629937531161235
0.0236264667784844,0.8294115961818629
0.03307545291818825,0.4230043968213024
0.04745086599887127,0.08280228750492721
0.03449298660318911,0.3695619674234045
0.04945173207029471,0.0630215521363435
0.03361470844552894,0.4020858380546105
0.04089340136021363,0.18722764733420788
0.03424136375952752,0.37868493519636504
0.03769759688161367,0.26672410702013294
0.036665227788052035,0.29720247593155
0.04128301469487611,0.1789706565279826
0.03134571691396179,0.49500279541369213
0.01939319554416996,0.9549455654642911
0.030611390000785055,0.5278202322287208
0.0330760335506205,0.42298148325863644
0.031270106605604475,0.4983201794762552
0.05649276505194134,0.022053032885319998
0.047843946282184024,0.07854839020069378
0.023233114925844567,0.8442538148733453
0.024563217187363873,0.7921963110677732
0.04155116431825967,0.17345743657613702
0.04196929094213997,0.16513109996757905
0.02554144749914311,0.751110624014319
0.03213282226301578,0.4613140845083877
0.0421712012120945,0.1612263630803037
0.022749070171049046,0.8617785725842816
0.042140329071750804,0.16181856263865352
0.04819185752382063,0.0749388621598645
0.024952955303499502,0.7760580654189612
0.03666822159651478,0.29711052113212344
0.02279686863723901,0.8600865688649157
0.02794376970806589,0.6451618370749406
0.04195217673846652,0.16546551678539195
0.02441059466923634,0.7984201265215445
0.023122091663337785,0.8483482147132476
0.029021921316493893,0.5972215067319169
0.03307558434771485,0.42299921012950414
0.025903658853879907,0.7354708159097885
0.02954897838949716,0.5776413720716791
0.0224475747954892,0.8722462722884368
0.03139250819322342,0.4929569542734671
0.03574837523070562,0.3263596027694595
0.045796024715147654,0.10289754111471176
0.027893943265053206,0.6473853466337369
0.02736232159648111,0.6711027536495031
0.024154554242802884,0.8087285215233209
0.04331332012134337,0.1405118986650057
0.04576633142472364,0.10329223684433862
0.03658359496033403,0.29971792209596704
0.02225534650740202,0.8787295624741183
0.04322645582432849,0.14200747583975143
0.041043468576757,0.18401241282126174
0.03984221940054039,0.2110067991586251
0.033326617931590974,0.41317115504783447
0.03261185218838519,0.4415682392409358
0.030422049886111524,0.5364976297115113
0.02123143809307837,0.9105534945693731
0.037630654985590206,0.26862634768784466
0.02985435221747157,0.5630403453961077
0.029406897549149047,0.5845111763190076
0.02625084099800734,0.7203177409097827
0.04562302439041249,0.1052148633510015
0.026642437855194212,0.7030756290105171
0.03485802221460704,0.3566037855537683
0.03773079803756618,0.26578441722660784
0.0507635922030375,0.0523733098896599
0.03273293081902462,0.43666811478400036
0.027941597383198458,0.6452587732580162
0.05643194304644983,0.0222672508861634
0.06925881446387483,0.0023028130102094335
0.020748403882076105,0.9238662616485682
0.04328467301308658,0.14100370839405585
0.03904110053191806,0.23065685764674215
0.02280768023259061,0.8597026476583209
0.028817411482187194,0.6062746490156719
0.030989151591165595,0.5107712765082553
0.03662038685317426,0.2985822772084877
0.06116426405949549,0.0101745949668852
0.035763538640960046,0.32586110706721455
0.021477552350066098,0.903339234775397
0.04884023735076759,0.06858652279971796
0.0617757642866722,0.009153095399628929
0.029289022829334765,0.5902472046620754
0.048304162159666486,0.07380414962899953
0.029614174806205096,0.5745052397665835
0.03276953802357707,0.4351938117630276
0.01829921835087195,0.9731869216869421
0.039318235662500034,0.22370595075582334
0.03642214410639233,0.3047389890550738
0.04358442175878152,0.1359262626182434
0.03770490691968731,0.2665169974938246
0.035746559829357316,0.32641932090617903
0.026780574441244265,0.6969631930750978
0.03986669522307473,0.21042759714786796
0.04625494677296038,0.09695513653765993
0.026718268026179992,0.6997218925642387
0.025197835090241538,0.7657545605431434
0.03855470697347674,0.24325574770079014
0.04336761791928179,0.1395835413674812
0.05083775837613058,0.0518206773949181
0.018046761402915723,0.976558716523561
0.027828210654837426,0.6503188785950926
0.024473636828710343,0.7958562378234575
0.022213182197149073,0.8801311634773356
0.023117038888861186,0.8485335227266503
0.03331343566392142,0.41368333608045743
0.02828246268369483,0.6300571375769377
0.03361868847722663,0.40193413858322813
0.03328073035052076,0.4149559318903975
0.03370002311287046,0.3988426831418358
0.035171414530065115,0.34573888722137025
0.019158537629750505,0.9593682769893425
0.02182360679562223,0.8927211476653644
0.05027291800449435,0.056159068492519386
0.04512336788138677,0.11215200066729838
0.029190040267956907,0.5950894604078408
0.028064534589300916,0.6397737426349672
0.03822070907023872,0.2522065452545794
0.024243027902441594,0.8051859530601555
0.0298089425342295,0.5651973061183495
0.04858352593558196,0.07104454793954312
0.01893330660740407,0.963348465702992
0.025249425060853148,0.7635691941947382
0.022864739866916284,0.8576691449489395
0.0325725877520735,0.44316516143693196
0.025479257689135504,0.7537758920578492
0.048253859312019365,0.0743105888648153
0.02289759958892279,0.8564925453784981
0.02650826002070983,0.7089989196289141
0.022590029756422658,0.8673449762648948
0.027071223999023952,0.6840627434640592
0.020178771279938557,0.9380747085098818
0.022256321263498496,0.8786970721785633
0.04452986314196239,0.12087873664101889
0.025936440957351148,0.7340462801998532
0.026128101248867885,0.7256909160528604
0.033152349129922154,0.41997715571972827
0.035637923250282366,0.3300073642545049
0.033994619834266715,0.38778282710437006
0.03992894474902875,0.20896008016531412
0.023431390413970132,0.8368362599305763
0.0459548513726562,0.10080758133621785
0.033394718588609096,0.410532083939896
0.034037327086672176,0.3861973543151266
0.02305106120396977,0.8509448654654279
0.04534663925734306,0.10900678362253544
0.034958638974993184,0.3530894252804205
0.029122792174942402,0.5927663303903756
0.052287954009762716,0.041983025852677984
0.03378908066922348,0.39547653943315003
0.05147699965816044,0.047262594441963623
0.024334227493423066,0.8015125638341364
0.04248577779249596,0.15529055337422243
0.03962516755452944,0.21619753388367738
0.03052567056486344,0.5317378208522224
0.0327210907233077,0.43714567444245417
0.02219141486510645,0.8808518168100847
0.03368136844538905,0.3995502768749521
0.02371029855673157,0.826183784652646
0.025474882086871098,0.7539631801052749
0.02340373836602,0.8378786675453992
0.0322223052825073,0.45758199819003437
0.03095854725646119,0.512139379102643
0.04976585859160232,0.06031611595989061
0.05307764498749873,0.03734286728329077
0.03383333458637039,0.39381118101370094
0.023099563151938562,0.8491737372103908
0.03038792344724839,0.5380709891231833
0.027663578123079957,0.6576661070406751
0.02404595492151343,0.8130477918307719
0.017289712399790963,0.9849242672113575
0.02952934014623637,0.5785880272787578
0.03623735916210191,0.3105611923123688
0.0321358636727907,0.46118690743400664
0.050896992993704315,0.051382925222677414
0.053677797729625665,0.03412253839237435
0.057485156022153316,0.018807447600143076
0.0409912276860005,0.1851267026412165
0.015581854048770244,0.9957204076835223
0.030154483709964208,0.5489098494867812
0.04368274031841973,0.1342936157462453
0.05255566081119789,0.04035666680141255
0.02138429894387095,0.90610628476444
0.035690827500406086,0.32825650226559855
0.04547869800415483,0.10718109184594463
0.03546174757294929,0.3358864893705323
0.028550054751982024,0.6181452425808424
0.04464373629400076,0.11916242652273545
0.024726738719762165,0.7854665155858435
0.034859202587316895,0.35656241386012744
0.020271863428025325,0.9358651560097732
0.020960232156749026,0.9181683353972632
0.035741060653882606,0.32660026610162257
0.02563411487700276,0.7471277978429767
0.022773006186605882,0.8609323570505795
0.022788542873412587,0.8603819157071114
0.042661256087383026,0.15205654694157147
0.03782339180687744,0.26317689859083987
0.02460259439834661,0.7905814158290658
0.02094192188018884,0.9186695772525927
0.03976693993420499,0.21279600141856164
0.03175675724221666,0.4772172811836758
0.0326720428670928,0.43912770719338007
0.036142957450618574,0.3135668109571819
0.026176191565511098,0.7235876413715434
0.022170980402649004,0.8815265230138201
0.02607594209629882,0.7279691556161847
0.02434374817992202,0.8011278407306666
0.04105133181469045,0.1838451510703664
0.020480411629184903,0.9307550720972062
0.03553703373871819,0.3333649706474253
0.027964954399594233,0.6442165300837022
0.028049829511693547,0.6404297268541466
0.02682319981600889,0.6950743935298573
0.023951389530294576,0.8167819664892793
0.04474690098421119,0.11762486860596874
0.038423062618204384,0.24675433023225615
0.02161784362676461,0.899100446617503
0.03801816505511363,0.25775488957382914
0.04753419850911955,0.08188459997319168
0.025561830456150347,0.7502357210196335
0.04760154137908135,0.08114927603331717
0.024681372113055572,0.7873397783934495
0.030409934250397896,0.5370558801452016
0.01987622700540226,0.9449487050466333
0.041082943671919225,0.1831739361077597
0.034201798059954935,0.3801336602171868
0.04339263726963577,0.1391574519580744
0.025206582846557857,0.765384349936825
0.03233095509454903,0.4530774117273142
0.03472475849118656,0.36129656112340935
0.02777500616477291,0.652693368321742
0.026947804097146255,0.6895465238131235
0.03872513858228327,0.23878269163168658
0.03365641922751639,0.4004979822736205
0.04271196878501582,0.15113210355161624
0.03228377753936085,0.4550297546572808
0.04869427461666431,0.06997508830899513
0.030573406320275942,0.5295539513286143
0.019386171661608054,0.9550820560487745
0.029283858753542003,0.590499256624838
0.03599534481820166,0.31830905724038533
0.017502011406635848,0.9828320475847678
0.02461075529063661,0.7902462725125916
0.027028080607836347,0.6859805615858572
0.021978567567503604,0.8877921545637063
0.04290484958618379,0.1476573875095931
0.021966029030489193,0.8881949024893685
0.026360299781325813,0.7155125710398625
0.02580241904618051,0.7398611344076202
0.03808611376344084,0.2558833595190404
0.020319942256425527,0.9347066791559427
0.03042149286680304,0.5365232875213739
0.02288425366760427,0.8569709049783627
0.05804591159170103,0.017168450631905495
0.027088760650989807,0.6832829489404164
0.02206614009415364,0.8849602206727373
0.03362079516684549,0.40185385775377835
0.03904768363403033,0.23048984259143193
0.036629604522672166,0.2982982553640599
0.022561930463758234,0.8683181614726727
0.029487658692269603,0.5806003330332618
0.03689378991068648,0.29024241474409934
0.01956210339417952,0.9515867229434822
0.037973052548654906,0.2590031379876673
0.0237923026897896,0.8230053952309178
0.02605809985238705,0.7287477475675261
0.024388841095080105,0.7993025288496517
0.02707137331567555,0.68405610446884
0.045254129207406124,0.11030099642710084
0.049894477786751046,0.059237437918164854
0.03316188761983582,0.4196026741901308
0.03497948316965721,0.3523644669319322
0.021289917731278002,0.9088652102694706
0.019997632060921422,0.9422468355220319
0.034093187632458666,0.3841303915431337
0.035421412100697436,0.337243055768298
0.04388294280510996,0.13101849878861757
0.02752657867182673,0.6637785271273591
0.029650049687755975,0.5727839143874667
0.03515190912570876,0.34640813136574305
0.03568564423079701,0.3284277447852626
0.025684725691027088,0.7449469984664918
0.04171267010378321,0.17020255944926438
0.016002256457419373,0.9939283468555504
0.0208908524937379,0.9200589115144802
0.032816150072139894,0.4333214239281392
0.024869289616822166,0.7795505759561286
0.04061800632202961,0.19324316310366016
0.017801245611464234,0.9795517505735489
0.04051514539369849,0.19552855369521674
0.021275552908707307,0.9092814238618926
0.03646183595029939,0.3034988985873074
0.038645417993090514,0.24086710600894778
0.029855427208094865,0.5629893437671215
0.02000811509371392,0.9420099769610283
0.028442520847094865,0.6229289996467915
0.044332674287728246,0.12389879813392304
0.03726636795419058,0.2791568541699933
0.02597693116518951,0.7322848841254399
0.0427089971664511,0.15118614802380895
0.03815453443633621,0.2540092371745799
0.02679866697497041,0.6961616286508866
0.023115057598685186,0.8486061608318152
0.02763230039444814,0.659061801283597
0.047496346661615674,0.08230036951497201
0.03164714361578569,0.4819190713850968
0.04341955681238702,0.1387001819089342
0.033994762914962895,0.3877775078057682
0.04748118458383621,0.08246741023684583
0.02324214220000753,0.8439190108523087
0.039420763901965805,0.22117575719546717
0.03663664040770831,0.2980815943583201
0.03555644551387338,0.3327170404254281
0.01964554217412018,0.9498731810223219
0.030301636455685454,0.5420618704990242
0.023596992587415544,0.83054122171072
0.028514811163533826,0.6197125729664088
0.022662038311747873,0.8648368672336517
0.03331152940321752,0.41375743737587606
0.028772953577094196,0.6082460053355181
0.023003129433342706,0.8526868500485605
0.037670113479038037,0.2675038549029593
0.04832134461545401,0.07363183216942808
0.027378470426296708,0.670382958946865
0.03435446712529189,0.3745648907151756
0.03740683941675538,0.2750603126455726
0.024254065498479638,0.8047425326376508
0.026094037937698045,0.7271791130718699
0.04142423747710505,0.17605001368025894
0.03363954308737249,0.40113990609125166
0.025232147622975543,0.764301618310379
0.020091532696944636,0.940105070184049
0.03680482263187723,0.29293711566419645
0.02533101210875144,0.7601032651188144
0.04020585143405386,0.20252842612223257
0.028467360875718994,0.6218235571583363
0.023047384879605837,0.8510787681753893
0.031413760284222936,0.49202955273805055
0.020256001196941043,0.936244776562089
0.028619054025588453,0.6150783250081431
0.0369700031650565,0.28794865497960165
0.035851398712037685,0.3229835676739125
0.04530760719416976,0.10955129964499877
0.03208143066912217,0.46346652649781056
0.036127736993655624,0.3140533901132335
0.03643973231123926,0.3041890234274965
0.019059328517092633,0.9611532916377296
0.03771041808474118,0.2663609339554357
0.034925633930872335,0.35423950565595197
0.02275950420159223,0.8614099649703146
0.030191515091056553,0.5471815605927475
0.05968748774128396,0.013079788769863545
0.02411805296812375,0.8101838988636283
0.028695301090537473,0.6116918550321229
0.01701616834597386,0.987346206975747
0.02668025011137254,0.7014038396156537
0.025100547191370615,0.7698620910978238
0.032544534816545345,0.44430846105913147
0.03058961458254661,0.5288137109074417
0.037981502422193336,0.25876898592992975
0.024360550128626035,0.8004483214225748
0.0421227702958894,0.1621561572972807
0.028279704938093175,0.6301800232894492
0.026587226270432307,0.7055147161954012
0.016645875631448287,0.9901630920211003
0.030782667717217382,0.5200465820919186
0.0432341995259915,0.14187362759729155
0.034468238811769386,0.3704523196068049
0.026825215150886872,0.6949850616355255
0.03475237533941655,0.3603204834363484
0.054927662305987,0.028187948898969205
0.03155022448096456,0.48610127784123935
0.024913027939614585,0.7777266115993993
0.02059757043863672,0.9277877844348152
0.025921983068109666,0.7346747152646786
0.030820054757329907,0.5183593401886671
0.03387508204605727,0.39224460011074885
0.03738177141695076,0.2757880521263107
0.03128938858936425,0.4974728382988352
0.021103281845379684,0.9141961202491916
0.032913837109929456,0.42941498118716387
0.020120158245322983,0.9394431492008328
0.03422372584763966,0.37933028170280614
0.019932748742960582,0.943700257623235
0.024758828775108155,0.7841386635517472
0.03297586701676947,0.42694681707066945
0.0307965908891904,0.5194178394184984
0.016782520606164877,0.9891829703790868
0.02627560245173033,0.7192317961311896
0.022132596719065645,0.882789093696809
0.021919035433981437,0.8896982577889672
0.042270068706324215,0.15934153150960964
0.04389252815281908,0.13086334194818725
0.046428968062268705,0.0947779853099559
0.031162214169128788,0.5030785092185384
0.02056480468165428,0.928624603654199
0.03884195452530054,0.2357533102308794
0.037371610636137864,0.27608343537290153
0.02644447584049925,0.7118093414015294
0.03963419746036634,0.2159796310292263
0.020802551114485257,0.9224308460634576
0.03528656189012391,0.34180693332949674
0.031763081621224876,0.47694691583235493
0.031013641572762485,0.5096781723888405
0.023214855186215355,0.8449301704077222
0.02445273515088442,0.7967073892085625
0.03853281849626067,0.24383482042871646
0.03983696245713253,0.21113136233291074
0.031588698215683775,0.4844382782588946
0.03495253122930764,0.353302052760259
0.030191269382393915,0.5471930170220448
0.026242038780949384,0.7207036186148199
0.03196646967023942,0.46830533443936395
0.05804805389369483,0.017162442105745693
0.028662800649511766,0.6131349954827523
0.03151988248325477,0.4874153880918663
0.02001311230923225,0.9418968685993286
0.03334104909502844,0.41261094628543543
0.03232857495781383,0.45317577540608384
0.051050503003625125,0.05026329158863076
0.046390114591096876,0.09526049836660272
0.032478238261459735,0.4470181991714192
0.02595553664416489,0.7332158437810794
0.030711979754680208,0.5232460839919815
0.01491761518664525,0.9976915188116317
0.03646365970339521,0.3034420083592873
0.04653065969778525,0.09352476012948048
0.03030358786272702,0.5419714141494408
0.03955464249057039,0.21790525759128854
0.027375366050432448,0.6705213343627808
0.026763671227914787,0.6977118688168416
0.02729391643514356,0.674150919707019
0.04937323385177114,0.06371360885933719
0.02099457107292446,0.9172238923429215
0.045804651096849114,0.10278311090708331
0.027441535467086803,0.6675713539982142
0.030106341653935956,0.551161680895121
0.053371728590676376,0.035733084582667426
0.032452340852834105,0.4480796872667436
0.023428469984094147,0.8369464718699516
0.035872846536731506,0.3222839295630307
0.034443904035666606,0.3713292826144669
0.029467310915361866,0.5815841993452892
0.026648463518212706,0.702809289323012
0.032015028155678804,0.4662574402918247
0.018120467717860717,0.9756055365459244
0.04357980975154613,0.13600324306201206
0.035210627571879316,0.34439625837821053
0.024272130297110506,0.8040161112704224
0.024788798875463813,0.7828964648333718
0.03485330676448245,0.35676909459701645
0.030108388674168984,0.5510658171696361
0.03889080295571218,0.2344952894549488
0.018757695591690826,0.9662734624089941
0.043780573426206115,0.13268492287075542
0.025195960215376845,0.7658338878601177
0.02524467010052156,0.7637708207330367
0.03225262433790177,0.45632201267196887
0.04054049343660204,0.19496340430937278
0.0629909328879747,0.007394384719684332
0.048157945765353594,0.07528439556715094
0.03431771133685951,0.3759003412624396
0.015552029041430493,0.9958300451928077
0.034202994162706446,0.38008980741722304
0.029107804925227798,0.5934278203889448
0.024922907524967564,0.7773140576281845
0.035483151062368115,0.3351682417274633
0.026339480343924526,0.7164274553072747
0.024471536522123416,0.7959418144617331
0.027737860993890362,0.6543511204977508
0.0327924514611323,0.43427270954592906
0.027530037877820046,0.6636242220778413
0.03466569769264172,0.36339025498199906
0.049557658375740554,0.062097880954956955
0.021390570252270535,0.9059214765655286
0.02496429856434179,0.7755834329578009
0.030058182334204098,0.5534199660451474
0.021798159613918622,0.8935204102296577
0.025215085361359024,0.7650243816608163
0.047571291616894995,0.08147888429675436
0.016944689713387473,0.98793020831257
0.02677374083617129,0.6972658897272817
0.0226547304112356,0.8650923313533414
0.027601679014584768,0.660428110590194
0.02628881271376482,0.7186521837957293
0.02253043946032232,0.8694050937529803
0.04248415849448928,0.15532065206622298
0.06917913505098128,0.0023388416286202933
0.042461795244083,0.15573680877871923
0.043035766866344916,0.14533591694810818
0.030313904404547287,0.5414933515478109
0.04709656591539446,0.08680129334555065
0.030327871768423276,0.5408465267617825
0.05834731905655327,0.016341353072203725
0.03408195767508959,0.38454530442649537
0.024862283492738446,0.7798423661116463
0.024049365099958475,0.8129126584219847
0.03928759316579761,0.22446646525719044
0.020589572741035123,0.9279925386595878
0.026645918451138062,0.702921786942315
0.02803664683247231,0.641017825573053
0.017981291188621518,0.9773840581295907
0.021646679760026294,0.8982179867106127
0.024178352205681986,0.8077776971579493
0.02884785234525089,0.6049254869497951
0.032116573405153004,0.4619939247740849
0.024091922739461258,0.8112235156787394
0.039300053447875904,0.22415697398261764
0.0303404188380908,0.5402658823645229
0.03717184019266434,0.2819390532473585
0.02549812072990998,0.7529681416907548
0.026486116789841918,0.7099749888837619
0.02415301095291089,0.808790129125306
0.027270296009103023,0.6752031204841102
0.030845457098501172,0.5172149246936354
0.021189470867528815,0.9117550198962429
0.025191177331611858,0.7660362253746551
0.020067834023274445,0.9406498831382339
0.03314470786317314,0.42027731595054946
0.03467661239049899,0.36300268663633284
0.045667034150985386,0.10462128715864519
0.036059533155886336,0.31624054870767754
0.04293460864907506,0.14712707551241613
0.03190269537767365,0.4710038778512176
0.022077143504975028,0.8846020485434384
0.019491394014611446,0.9530107246503597
0.022755450261713772,0.8615532297585166
0.03034080812297335,0.5402478734760368
0.03739290889720459,0.27546454675293697
0.03820577374974088,0.25261255475074695
0.04908709611961559,0.06629151195553426
0.03310774120557958,0.42173147812061923
0.04435422852374293,0.1235656993655925
0.026645654863447055,0.7029334378215828
0.03922839361860142,0.22594138053789775
0.04465845541836977,0.11894204807601938
0.03765212507991467,0.26801514086905015
0.03397410696540659,0.3885459570698663
0.023984916362475128,0.815460983126739
0.027526448291620986,0.6637843429671384
0.03839321879688279,0.24755275776709537
0.037515402189287894,0.2719252383888905
0.02704736996688889,0.6851232184838632
0.019298684305673386,0.9567608714371343
0.023124591924232774,0.848256485382948
0.018245639585663276,0.9739278993666988
0.026742415981787393,0.698653028301252
0.024617442678286472,0.7899715251895731
0.028371933851414677,0.6260715238366188
0.030540000334336792,0.5310816582391584
0.03421201242445593,0.3797592840344094
0.02460998473228146,0.7902779237102461
0.029361745580381626,0.5867044477965746
0.043929369433368226,0.13026839239144983
0.023010214700006693,0.8524298745715406
0.03596410495436364,0.3193193357760474
0.03556984663922877,0.3322702650070879
0.03319450826813125,0.41832370159434545
0.029807572730275456,0.56526244930626
0.030987557332994187,0.5108424872684101
0.028011875588522694,0.6421229732886833
0.032238597659970225,0.4569046414747273
0.02190974105140453,0.8899944434412508
0.02797099012404436,0.6439472109441504
0.03544188817995225,0.3365539108974593
0.03593689250077958,0.32020126893612555
0.025581679462916673,0.7493831067244643
0.04660805582801314,0.09258026334793969
0.05721142066478602,0.019657157077432038
0.03420312086933286,0.3800851621702458
0.01603502358332176,0.993768075431253
0.04291645473705874,0.14745039817644087
0.023096657190868397,0.8492800901401459
0.034575348387973714,0.366609683572858
0.039328570780895356,0.2234498928112613
0.019846261800473483,0.9456038948068048
0.04063603840622154,0.19284469269820562
0.047266817683524254,0.08485983681823599
0.024746310342745104,0.7846569366890465
0.03622505724847014,0.31095166991417666
0.04062814824351957,0.19301896884000075
0.02440506803879461,0.798644419119539
0.026925562963223598,0.6905338829011862
0.05602119468570588,0.023762959707210218
0.03188319928040739,0.47183086090986776
0.031205066415239624,0.5011851589109448
0.028596894551768948,0.6160630466963125
0.0315547794441573,0.4859042004850494
0.05037959745385934,0.055316550285477564
0.029169702386959373,0.5906969197362644
0.033718831425419094,0.39813013690085647
0.03251012310682766,0.4457135992037433
0.048348082434282236,0.07336436581235162
0.03498034150567367,0.3523346368469668
0.04601374451405982,0.10004165573176052
0.03319665027186902,0.418239811954427
0.05408080557633499,0.03209919305736944
0.020661366273478254,0.9261430259355468
0.02677773268636477,0.6970890732891015
0.04994978115717924,0.05877874183302591
0.021926924086893007,0.8894465708683825
0.04258169813469592,0.15351598623595517
0.038029600031296684,0.2574392109117047
0.03476317669702578,0.3599392334024936
0.029877712322856076,0.561932683530786
0.04047036220628031,0.19653016202145648
0.0300460961695396,0.5539875957847172
0.02226360825927537,0.8784540583934708
0.028054531589698728,0.6402199664959725
0.02723188656420983,0.6769137133615876
0.0485936028890932,0.07094666730100774
0.04643389951804455,0.09471688894331001
0.03261450380701714,0.4414605342638732
0.026432637488432387,0.7123305551029945
0.031357526426012194,0.49448593827889553
0.030650224045035812,0.5260513681730768
0.0346735806962821,0.36311030928942056
0.036884525970617726,0.2905221478561333
0.028553216895476075,0.6180046436148119
0.039073389278367954,0.22983857325993573
0.03772195664804323,0.2660344108464815
0.02404763521093395,0.8129812119335491
0.023514194910921327,0.8336997110164048
0.02443541404696814,0.7974119150140977
0.031829930483684155,0.47409524580171497
0.06842420668861365,0.0027070376320049105
0.03169794116964714,0.4797364269706903
0.0240315280223099,0.8136191176414994
0.022081208622874438,0.8844695932546153
0.030141044776172743,0.5495378837773389
0.02632665536877432,0.7169908207581509
0.028026073057349193,0.6414895552434549
0.03368063915829217,0.3995779571678901
0.0462915291327064,0.09649402810141335
0.019020327043000274,0.9618412811560004
0.02623729446836348,0.7209115691434784
0.043929070127367964,0.1302732169662803
0.027319248657896034,0.6730222670587591
0.023840357672510498,0.8211333900105164
0.033481315321186145,0.4071929293073869
0.03207685330605914,0.4636585608257711
0.03944595155964975,0.2205575719215212
0.024454871326099192,0.7966204500283375
0.03082174615747435,0.518283090447805
0.05924230445634232,0.014091656962041125
0.026113605855554833,0.7263243711689404
0.037417122497710786,0.27476220413980396
0.03152951775252277,0.4869978367937162
0.026427495500448428,0.712556904305293
0.02820063049649224,0.6337044649124965
0.028857591483686162,0.6044939552429944
0.03973297992240793,0.21360699156279475
0.031055569517381088,0.5078101757054673
0.05154967363325247,0.046767066627003674
0.017479337799812755,0.9830646282019558
0.035859161748608814,0.3227302066359087
0.0336825502133159,0.39950542535371214
0.024133090610297725,0.8095847598629692
0.020871255956385504,0.9205886297413951
0.020718951970481236,0.9246409020745271
0.030874937821729675,0.5158887692082792
0.02074888066827102,0.923853685795973
0.03304259081577776,0.4243026092447618
0.029999547890154465,0.5561770646151569
0.03142314692500758,0.4916202948150582
0.04304306854623563,0.1452073153543876
0.03848227745205968,0.24517592701695745
0.020899856053781862,0.919814900980788
0.036808010633230026,0.29284023680631494
0.048681357500830025,0.07009911453064606
0.025260751515507218,0.7630887477263439
0.03292190588419566,0.4290933817418432
0.023986797031350593,0.815386787888315
0.026196133506830054,0.7227147067889435
0.04781084771267757,0.0788993142388421
0.0426019498604428,0.15314341573613863
0.02449152903908225,0.795126784097239
0.03697083230463505,0.28792377484899195
0.04413334295133897,0.12701427975373403
0.026296194951699325,0.7183282035175087
0.04311867381808432,0.14388111526336195
0.04465279295693281,0.1190267881663372
0.04075010126332135,0.19033909274146057
0.02118630712232361,0.9118452565632724
0.023184697326226383,0.8460447029647512
0.026144497450216297,0.72497410559004
0.037527501380924366,0.27157750277248904
0.03452730845956842,0.36832966267032535
0.030058806230641943,0.5533906742356811
0.026337372141985727,0.7165200739191804
0.031024783256132005,0.5091813574416248
0.020177338652869303,0.9381083658859232
0.03133059761915902,0.4956650149043216
0.045153132235983384,0.11172842792338962
0.051659093232570064,0.04602948297497918
0.030814173582658477,0.5186245234479399
0.03389028305285524,0.3916752533256498
0.028363694893483116,0.6264384335119496
0.021687544492849264,0.8969609354139283
0.04874454989394128,0.06949413598887447
0.033116159187697614,0.42140003902591106
0.024106188513162208,0.8106561713206129
0.02808676785630032,0.6387819966038191
0.029460487099200572,0.5819143700511327
0.01490798937724469,0.9977135401993659
0.02343496691259539,0.8367012507145162
0.017370518118058675,0.9841503343149466
0.040320660350261495,0.19990758001026757
0.030298859594599548,0.542190606348014
0.03971726808021714,0.21398301279159432
0.020129500191652216,0.9392262217520407
0.03247385160055605,0.44719788257509707
0.04261397816248361,0.15292247620124644
0.04158842220955944,0.1727022075403636
0.047426183017186346,0.08307576356218878
0.02867283071952431,0.6126895668224261
0.018995801712483495,0.9622699476054307
0.03406829966271599,0.38505034714411507
0.02435424342171344,0.8007034674411296
0.025057676250597183,0.7716663156965019
0.01801990718340811,0.9768996676663773
0.02165789901800841,0.8978736240646262
0.026802802842819107,0.6959783645305223
0.025309421203970284,0.7610216345347275
0.041700138247454444,0.1704533637162219
0.04344666138568837,0.1382410029043682
0.032980837882101155,0.4267494426599482
0.03564096936072114,0.3299063708147433
0.03305242851452206,0.42391368973151955
0.029485861630222654,0.5806871855904702
0.036516521008095104,0.3017964534768144
0.028335616910298844,0.6276890107752412
0.043099755552673424,0.14421203899214458
0.04270258582266773,0.1513028034363327
0.03622373804327267,0.3109935643822582
0.05362560853676068,0.034392573846625724
0.02307360819437998,0.8501225735290928
0.03605281167146346,0.3164566924304593
0.02065778898653947,0.9262357932941607
0.03561788024560497,0.3306724446446839
0.033064125216875004,0.42345159151420647
0.025882258775712874,0.7363999900217265
0.020773592156349108,0.9232003425271708
0.03336889794781295,0.4115313383426438
0.03122074581533421,0.5004935308310886
0.026302833043623686,0.7180368338338553
0.02029215956281072,0.9353775500928794
0.050127477860953645,0.05732546457803825
0.028436304895214065,0.6232056611814145
0.024172117921565928,0.8080269301024652
0.03520268418878181,0.3446679328525431
0.026549182091565482,0.7071939763128228
0.033604580849404764,0.402472030470468
0.05955354776209332,0.01337711854137665
0.023285738347312623,0.8422981638086691
0.03759229748108883,0.2697209059669163
0.033636341393815994,0.4012617699702972
0.019937878883529825,0.9435861287466878
0.021454526058412138,0.9040262544378294
0.026213627483075597,0.7219485713506457
0.04710885295094053,0.0866599398251015
0.020110246518866975,0.9396728181055513
0.03868565380953576,0.23981335019325534
0.03393081636780426,0.39015989750037045
