statistic,pvalue
0.022009460076679033,0.7178830427228271
0.018106963910665796,0.8983626435053756
0.028916954218232815,0.3684489655817008
0.021548056884436617,0.7419189428126889
0.02144060774487222,0.7474586933911738
0.0233589693942515,0.6462533978406971
0.027188294178854933,0.44784804563449193
0.026876249669992802,0.4633147785899231
0.054173411736349264,0.0054342030444875285
0.021517432574878592,0.7435003096606904
0.022438902190938248,0.6952331611661118
0.02327247532813445,0.6508670316732299
0.03582754412225836,0.14984821590878863
0.02886889453769137,0.37051333534159336
0.02964962545244265,0.3379776188102823
0.035208103001898916,0.1637057997453373
0.023653930280875757,0.6305298657583709
0.030442701452772947,0.3070829555529395
0.04419598238192102,0.039018098443530505
0.02345183800696693,0.6413006312986046
0.017334264257433674,0.9246551541694819
0.02592633538916511,0.5121898484753366
0.025766674043582072,0.5202393250915265
0.016925494339799632,0.9368681869099741
0.04517200120882936,0.032746885637347255
0.028458121545870074,0.3884898264292489
0.038313989681746596,0.10345346071242094
0.02900184917096449,0.3648221832260434
0.027264209485112878,0.4441378145070667
0.03542046597038395,0.1588438162387149
0.02851685659533512,0.3858829236818359
0.024788553560930793,0.5705737764896119
0.025444004704372913,0.5366602982674111
0.0402065052562956,0.07674729425163024
0.026507181366695,0.4820562750539614
0.02096653661463782,0.771576837791025
0.026815155405428448,0.4663836415451748
0.034377999297358464,0.18386260628506979
0.02499793540756423,0.5596669359894877
0.03095771239585282,0.28816063908284767
0.03252394470963482,0.23593918618963827
0.021909483988943906,0.7231214822560348
0.017942478323128508,0.9042989470258364
0.03185896695203777,0.25715129942605963
0.02606553957171681,0.5052151166970593
0.021281062943130147,0.755637363175071
0.027988967873804005,0.40975181855210324
0.016676718878878005,0.9437059765620225
0.018815378969425423,0.8708403726226309
0.021134114885957123,0.7631164433544587
0.022216640724973064,0.7069829431339518
0.01831858138522169,0.8904668340035233
0.046726540922038096,0.02457782613659051
0.02353001240294983,0.6371328153691935
0.017453704314548846,0.9208606162327719
0.019751916381428036,0.8301175454442637
0.028271035483365847,0.39687490532938074
0.02704319809712097,0.45499661444430184
0.025090081747966342,0.5548876466137962
0.04036332952557509,0.07482336449876208
0.022527448740729872,0.6905388424040961
0.027027645667620948,0.455767308566925
0.020575246181015028,0.7910112202097124
0.01572129216025231,0.9657382312864494
0.03397679855370883,0.1942839596235888
0.01956678805007689,0.8385165121008231
0.0469698403503207,0.02347779758312461
0.03220792797894001,0.24584656517149162
0.036628831664187955,0.13334361020843913
0.019114698048074197,0.858322868564452
0.026166173956764127,0.500198908869719
0.02926083775888705,0.353913972071372
0.03797277854738798,0.10900911762505394
0.03635110471976599,0.13888783724166442
0.03325651870108304,0.2141511772397431
0.022887056251869153,0.6714172879419558
0.024508433578785738,0.5852577285255764
0.02054022061850047,0.7927269191068076
0.019519574780803822,0.8406326771208985
0.023493519754353098,0.6390782151651335
0.0325009774178277,0.2366487665123223
0.049382807418646646,0.014718046163117228
0.028037868089415996,0.40749916872031317
0.023977058402831153,0.6133452677170698
0.02514339904541163,0.5521283685971936
0.025274198735298237,0.5453788906593364
0.020604038884573184,0.7895977332030484
0.02801194363083248,0.4086923519927418
0.01912064255860757,0.8580692887626161
0.024262365600812852,0.5982316009758479
0.03353403957583201,0.2063173092004072
0.03364913339266995,0.20313473112350897
0.022099217111047564,0.7131677315655833
0.02813203823593341,0.40318505820464173
0.019959245035926387,0.820527992501972
0.030767311274694842,0.2950529674245356
0.02726769605842949,0.44396790839251193
0.042628223677212196,0.05128914713916965
0.017830311031472285,0.9082439194877634
0.0433913508236865,0.04495234649844156
0.021063280190003808,0.7667018900326816
0.02442245769813034,0.5897834902592021
0.020485798550695433,0.7953843942657477
0.02722920143329055,0.44584621680437525
0.03625606607134968,0.1408275523287373
0.0237230408891779,0.6268498482710791
0.02280671583322723,0.6756955937223244
0.02270273921703045,0.6812278088915011
0.026488226305177887,0.483031924173324
0.017233552750206993,0.9277758736653361
0.027839692843582536,0.4166810052919383
0.026122481801455155,0.5023740594269818
0.05141796425616474,0.009747889383501775
0.024358859129436666,0.5931364797217626
0.02436567168814263,0.5927771111776481
0.019454121536911173,0.8435485285978302
0.02362525838834495,0.6320571687243448
0.019865030435989084,0.8249089829455443
0.019274565157371,0.8514381373628185
0.024960125161686386,0.5616317694798385
0.024411043593271953,0.5903849392656083
0.03764207705706368,0.11462716741879833
0.023783767192845362,0.6236180976341887
0.030142185666479637,0.3185369920286637
0.02999027529760906,0.324443929977842
0.018165362906086724,0.8962124165699392
0.018717350957268786,0.8748297464740902
0.025063686500889304,0.5562553227972126
0.03471819731649983,0.17537638947294762
0.02543790574937821,0.5369725599966547
0.02283291813196814,0.6743005815531664
0.029528596968229848,0.3428823252319202
0.015249083723870849,0.9741941396639533
0.020034306901433818,0.8170106645707869
0.02272737575019068,0.6799175345537645
0.023557979202849633,0.6356421698832893
0.04218934466059365,0.055271894991389695
0.028944043845629652,0.3672889258595698
0.02699060525302449,0.4576063075606152
0.023647582177738366,0.6308679910464461
0.021409289092308104,0.7490687195326384
0.019422274408473994,0.8449596713120113
0.029327471920489845,0.3511453371761806
0.02383683031524153,0.6207957343292161
0.020627400930693707,0.7884488165696056
0.020407723024520985,0.7991787474559544
0.035520131787481424,0.15660229549943633
0.02523540858049622,0.5473775531903646
0.02716846189188349,0.4488207047043431
0.02786655034508112,0.4154284551490587
0.015052367603458405,0.977262670552956
0.02107318759712476,0.7662012076851632
0.02804284237047061,0.40727049884507727
0.0366276934451123,0.13336595861387876
0.022008809507101268,0.7179171785377993
0.012531917617777139,0.9975483113211482
0.02044063394199802,0.7975819673853537
0.022859975685868172,0.6728597047515188
0.022701290318375866,0.6813048561062263
0.024435701689202005,0.5890857946598658
0.03140055377889561,0.27259342351018107
0.020665356916477085,0.7865783580303801
0.0251158857078978,0.553551672188431
0.02760788705845879,0.42759855310523104
0.03645709228061178,0.13675031563658294
0.02029244572736627,0.8047406764123876
0.024341897905766796,0.5940314061493092
0.051817630462767605,0.008972681768252262
0.016649937200913567,0.944414994998982
0.020194786666999587,0.8094134753222464
0.039507009985760955,0.08584622267948473
0.034242653938337475,0.18732773258024757
0.017606407815828867,0.9158631683905811
0.020884922238130155,0.7756688953424884
0.030980858182401316,0.2873309930662047
0.02150935167649759,0.7439172644321406
0.043201381301087194,0.04646270308142923
0.02582967554207849,0.5170568252293646
0.016234069643129678,0.9547463387709852
0.027078344551752398,0.45325812703666124
0.018702108918508542,0.875445014423117
0.02728362794440864,0.44319207520842097
0.014699210954200015,0.9821327952153719
0.034224898868816744,0.18778609660372328
0.03393068954705947,0.19551081153420574
0.022181159385253446,0.7088535845952264
0.035871996678953355,0.14889130419368518
0.022078693973037744,0.7142468749204615
0.023078787032607462,0.6611978579925052
0.04020101780699309,0.07681536598381071
0.028749506659690227,0.3756767169401135
0.03573419308958242,0.15187389707408525
0.028946044729412534,0.36720334564626367
0.026747689538668906,0.46978802799245156
0.015613054019884609,0.9678153080037787
0.021219379678932837,0.7587833504323942
0.020857905940901422,0.7770191869635468
0.02132052987743205,0.7536196554523227
0.019317392494698382,0.8495711486517683
0.02296343248211974,0.6673476870994877
0.023456668172241513,0.6410430741498991
0.03711418985071441,0.12408842887313137
0.02411006945204819,0.606290904699581
0.02532055418534851,0.5429937905160586
0.03074015169830191,0.2960459583562834
0.028534529278039122,0.38510092548577113
0.021850933954254692,0.726182123329558
0.02856832670749143,0.3836084984380211
0.032411789103923144,0.23941975916410013
0.01841176782366348,0.8868998495197546
0.02679340957997156,0.4674791820680049
0.01736719286892252,0.9236191228067229
0.03339662090515727,0.2101679842296075
0.019459987250101063,0.8432880738103157
0.014441208156045174,0.9851969609378083
0.026219055848864303,0.49702445569493187
0.016392317274210283,0.9509652800103292
0.01649848273484833,0.9483251751244155
0.03959414081092216,0.08466553363679769
0.022376388631065725,0.6985430606686784
0.054635544990406015,0.004912216594058323
0.04189431102397556,0.058096449296934326
0.020454412254379384,0.7969123200808462
0.028483117485336273,0.3873789121550168
0.031037639310248166,0.2853032206356482
0.031701163449939396,0.26239066697841945
0.027554494941474605,0.43014035706501436
0.020338264972765696,0.8025358519560697
0.02265704547291844,0.6836570059410432
0.030006544709900163,0.3238075328230122
0.015226085313508442,0.9745663913490976
0.021067731197532913,0.7664769858173974
0.02965024024657878,0.3379528334988048
0.02896948133018673,0.3662019803742467
0.028964325683627723,0.366422097993528
0.02261859304827729,0.6857001733514188
0.03350865364283018,0.20702448815973606
0.022450777417330703,0.6946039914899018
0.022359492039457418,0.699437030857858
0.018847891804948724,0.8695049888900171
0.0376533726464251,0.11443140864162807
0.027527532813596434,0.43142779064010167
0.03614618215665322,0.1430975935079683
0.025681461569875635,0.5245564183799286
0.02281976811339799,0.6750007301262054
0.04975139131080564,0.013676593779294196
0.059208350912100194,0.0017267173109288207
0.02585781297318418,0.515638075478071
0.03609081822695226,0.14425251373975947
0.033305277167391956,0.21275834877594588
0.024244237039826477,0.5991898458628835
0.0339137768796256,0.1959623388421919
0.016446434576955507,0.9496298861349505
0.030156430461617756,0.31798713114447097
0.021349242262298174,0.7521494649275123
0.02551632466808429,0.5329627464477924
0.03161200610587944,0.2653862111851615
0.02630035255049934,0.49277120327272356
0.031226143002184514,0.27864761997376886
0.025658405294365583,0.5257269639163371
0.020526722511066908,0.7933869963149894
0.016607993303447643,0.9455148064802686
0.04336979961996862,0.04512151879495705
0.029808352030921803,0.3316218913234536
0.020105048735693964,0.8136744723013399
0.03973666473995752,0.08276370112477592
0.028561623946668724,0.38390415804949235
0.019370649116289163,0.8472364665502592
0.023286051466744673,0.6501428493386971
0.030729470350828625,0.2964371579839707
0.023508502737775383,0.6382794404025574
0.025099065987622016,0.5544223765320492
0.014154207894205129,0.9881470756721767
0.04493993794951612,0.034151778927201455
0.03754915024217165,0.11624814739192103
0.03003208632078469,0.32281026979921734
0.04688820879552641,0.02384190839714666
0.04270999216851931,0.05057515338495064
0.01378072005804426,0.9913201612159043
0.03423394388993983,0.18755248039210226
0.02056445477224822,0.7915402722253813
0.02551526110026825,0.5330170544625831
0.018769616704649716,0.8727096568562815
0.03200156203066695,0.2524852619381153
0.016722806465124918,0.9424734995381984
0.02896454203000387,0.36641285932355644
0.016528367435536095,0.9475670156381858
0.037675480532478045,0.11404906504725998
0.03685472475147966,0.12896836641260254
0.025456879092743856,0.5360013609971527
0.03120012720099835,0.2795592216899564
0.04385153309480472,0.04146917013586488
0.018578500135384868,0.8803839090118061
0.0463088574413022,0.026573113179172315
0.021799509130348338,0.7288656611508431
0.039974632227855134,0.07966855281953422
0.02452212729370884,0.5845376640831186
0.024265975130610462,0.5980408443945899
0.019133914966885934,0.8575024339109483
0.035103725222446536,0.16613876315360618
0.04327109145329806,0.045903436789733236
0.03897989518731104,0.09328795332600093
0.029962840055164586,0.3255191444655901
0.026322532677258592,0.49161486576030944
0.03236832460099487,0.2407791140304313
0.05042104431796968,0.011952696402085003
0.025379295999777507,0.5399767395866883
0.029746020734806394,0.3341074012017758
0.030059778785517965,0.32173154785758706
0.02472412444203298,0.5739422841154075
0.038109338346141275,0.1067566664015702
0.02044070450116181,0.7975785398189652
0.02063589096838736,0.7880308401138804
0.034479878423870125,0.18128785872287584
0.03527574959282387,0.16214429278383108
0.022913940467513605,0.669985040067826
0.032451659305204716,0.23817798145377003
0.026550940869632278,0.47980878337929084
0.04211264518455715,0.05599458272840187
0.04105949671048337,0.06676902087458324
0.015179571651982582,0.9753082658159687
0.0299504943023422,0.32600382808926764
0.02189744293689294,0.7237513632880779
0.024989399947605184,0.560110298527659
0.023358415825773693,0.6462829236604326
0.01742690992529783,0.921720635630924
0.040319329507974455,0.07535898864529957
0.023132265789031436,0.6583458214236436
0.054001773061021774,0.0056406641526547015
0.015695616969295334,0.9662385108728447
0.03610705164519301,0.1439130968322486
0.03432129691950214,0.18530809093657466
0.02810322697554224,0.4045016089672567
0.02059286108219338,0.7901468018980892
0.04126227656281023,0.06456675750193618
0.03472457556810182,0.17522030707276873
0.028132846845699166,0.40314815077051713
0.019658027048160276,0.8343970465021638
0.020299168024553116,0.8044176909088309
0.03453895770289167,0.17980789825086854
0.029133411262496633,0.35925166454578583
0.03574693664924977,0.1515960729522109
0.022440634187275765,0.695141405049349
0.03200310932949263,0.2524349851877995
0.03478609553838058,0.17372050976100345
0.02000996362910107,0.8181539437792874
0.047985296468167515,0.019343968774676524
0.02338798244044049,0.6447059708094146
0.03649391082851483,0.13601406383361203
0.03311733307552228,0.21816607665691712
0.015427170517889388,0.9711885483561287
0.03327506782556389,0.21362047353233118
0.02803385618477422,0.40768366184185384
0.0319798688523657,0.2531909432072759
0.02982695826330417,0.3308825452801555
0.01559854682093964,0.9680873528391672
0.0326747434664697,0.23132063542386302
0.02044869174538866,0.7971904274682615
0.039309536969666325,0.08857346159748575
0.02606592909704153,0.5051956579247194
0.020603464545341954,0.7896259556774043
0.03452300232893735,0.18020664033831216
0.01960764771477863,0.8366765357329383
0.021153443184369763,0.7621358179847881
0.0197122693920444,0.8319295898018965
0.021026778812766156,0.768544237813463
0.020526972025041612,0.7933748003896436
0.022884779698507995,0.6715385576446473
0.03716712937783789,0.12311159241209688
0.027959645529180177,0.41110666959344827
0.02324274042658625,0.6524531658355852
0.03158341691932687,0.2663521894308641
0.018238617685247704,0.8934841005367146
0.029692699180382975,0.33624426845092764
0.017617810986674143,0.9154834608014828
0.02567920489535369,0.5246709419115116
0.016533914172971897,0.9474255732041628
0.01928479067397404,0.850993228620661
0.032349302313495865,0.24137588815107644
0.028648841264276304,0.38006939364085796
0.019888949303010217,0.8238003743879627
0.029481550591402006,0.3448025870731489
0.035013833740655975,0.16825713647397955
0.031600400311352556,0.2657780322862475
0.043532479043115524,0.04385807012241636
0.020705591443777094,0.7845905110733978
0.018559600266897402,0.8811310217828378
0.02029095127501157,0.8048124570941989
0.023225152950930472,0.6533913211934316
0.03457825507116641,0.17882879530469273
0.032376029589270994,0.2405377112085001
0.043109850226147606,0.04720599646192499
0.027458657804886433,0.4347283295327855
0.02515700346598082,0.5514250440231256
0.03165601682232988,0.26390432142331305
0.022192144911352074,0.7082745701260216
0.026166085363085234,0.500203315117612
0.03546883602050943,0.15775276117699835
0.020842082760185066,0.7778090322885698
0.02567976963779528,0.5246422809756552
0.02376426732031467,0.6246556483565849
0.020155361391613447,0.8112894240521599
0.026789324956673966,0.46768515087320206
0.028829343371113925,0.3722183191934699
0.03666980230472916,0.13254120121875132
0.015038292261969038,0.9774722908040168
0.029414492545417947,0.3475529319963782
0.02190169289927757,0.7235290690735514
0.028908562715064368,0.3688088318158632
0.026344844433438763,0.4904534291086267
0.03714613191497551,0.12349827853888289
0.03823091088483255,0.10478402101294006
0.024189971483177364,0.6020600422236904
0.05164487174900223,0.009300636103503835
0.02358605921178003,0.6341457296572146
0.02563988498446501,0.5266679698671575
0.022965583142008222,0.6672330633247046
0.02698480633523037,0.4578946581585614
0.023779135080248093,0.6238645457545947
0.02155351638891778,0.7416368249718073
0.027426533894701566,0.43627351980851525
0.019412095400708762,0.8454096421939676
0.037810046132146335,0.11174450533955585
0.024807462625640375,0.5695862322030008
0.03034326911266469,0.3108388851358369
0.019161623360470337,0.8563159994127305
0.029408080481430066,0.34781673728502305
0.023604609389768216,0.6331572954213369
0.026592942889180682,0.47765796877547745
0.01827633838089593,0.8920658400991615
0.01781569806229144,0.9087516259513168
0.01988673753802314,0.8239029910531981
0.015255450912695312,0.9740904425356111
0.02528422803111724,0.5448625466466461
0.017172336342715977,0.9296372712610486
0.01702979035305314,0.9338669068940341
0.024164873931766806,0.6033883846095585
0.03682042096499882,0.1296251273228036
0.031979840793181946,0.2531918569423845
0.02823082998632398,0.39869309097552497
0.034005274293560595,0.1935293126431276
0.028563824661912873,0.3838070667210703
0.03235999863535993,0.24104018045198375
0.03661310562356257,0.13365265417346023
0.021591868353362798,0.7396533067072949
0.03445811434772561,0.18183548207451952
0.03319294975059667,0.21597769429962638
0.022309089127931725,0.7021020272555156
0.030264416391642512,0.3138412459287654
0.029897172332073174,0.3281032059855206
0.0371715882553042,0.12302960639938133
0.034899457411527876,0.17098360955839134
0.026927524154886945,0.4607494568149434
0.0283129305324471,0.39498641570637166
0.02736869638381656,0.43906484493495446
0.02587568289313652,0.5147378785451056
0.0304789722545602,0.3057211857160257
0.017156831967311326,0.9301044326662256
0.025506179707938448,0.533480854860414
0.028371281072626764,0.3923665374564122
0.020245270668304033,0.8070024786439998
0.028975710579134062,0.36593615030623106
0.030153573077725704,0.3180973730946138
0.028503520348878708,0.38647377018345713
0.024136329299215387,0.6048998323466568
0.02762549634349576,0.4267624694292792
0.025455059131002877,0.5360944920581715
0.023775792382949745,0.624042398382093
0.019092699060538842,0.8592596457014131
0.021352943789721718,0.7519597927822503
0.030167682078964753,0.3175532980639766
0.041439043290290634,0.06269791800136287
0.018706081680939513,0.8752847791583256
0.03526654719373967,0.16235601101740085
0.019925649818857027,0.8220945435847019
0.04230386773130912,0.054207765466534434
0.029423139842914725,0.3471973910061634
0.026294122256334318,0.4930963274232307
0.03949442821811444,0.08601785405258162
0.03205716748583759,0.2506832225523139
0.030222000984983233,0.315464964470376
0.031119050430319706,0.2824144409935327
0.017007031615488555,0.9345285772525151
0.014873842779474955,0.9798249691335509
0.017690898140096722,0.9130284276266838
0.01719152370119184,0.9290567420696338
0.020697270587281436,0.7850020418219397
0.03667541214451481,0.13243163981181885
0.028168892435414372,0.40150527915933065
0.02852221101937602,0.38564587926669247
0.025712939568613535,0.522959987586803
0.032689527921350686,0.23087159183606498
0.02078189470741354,0.7808065307169286
0.027549400721713746,0.4303834057921025
0.0343307858270997,0.1850655717964655
0.031778606663869835,0.25980944089333974
0.028854460807302473,0.37113491148240857
0.030818425861875998,0.2931908240788068
0.017570726017392957,0.9170454835716718
0.027590770051751423,0.42841232375827193
0.02301022205891118,0.6648536319746197
0.026217471238507428,0.49710759184839165
0.026483236277949462,0.4832889819300085
0.028789474557813888,0.3739425666989461
0.03042789158338055,0.3076402615184365
0.033558221424612455,0.20564542557077742
0.018083294381357806,0.8992278314159896
0.021816748851409412,0.7279665239119102
0.023120245154853003,0.6589869237984564
0.026967256451473437,0.45876805559679906
0.02970869463230763,0.3356022190495892
0.02318662170655994,0.6554466195977958
0.03501564928925732,0.1682141392106466
0.028644119934997825,0.3802762930625736
0.03536788663781354,0.16003667752287207
0.04189315046308917,0.05810780038559731
0.01503900482346221,0.9774617103741786
0.02138597056733882,0.7502660614201402
0.01947234622525984,0.8427387461300305
0.029018555401866264,0.3641114570794985
0.03634363997795231,0.13903940117906058
0.016024699997260194,0.9594659600362963
0.017104350105403787,0.9316728927053988
0.040331646390796116,0.07520872544483585
0.019174386198174465,0.8557681405957134
0.021681794764462803,0.7349911216779612
0.019747970586020347,0.8302982055502747
0.03429511926716908,0.18597844517551235
0.016647183378860286,0.9444876003657885
0.030100819215990005,0.32013769248802065
0.02981425792700132,0.3313870828139161
0.02485906842164609,0.5668935929986411
0.03331357814233832,0.2125219265834836
0.034090295352168454,0.19128983540805278
0.020873634645951766,0.7762333188562448
0.02880304443272408,0.37335506831353327
0.024133734906980564,0.6050372404987083
0.02369386683596103,0.6284030629884811
0.03382530855341381,0.19833757542345062
0.027580193942127074,0.4289156518395133
0.029008211830374775,0.36455138389477104
0.03338835551416086,0.2104013634701738
0.015523016573597115,0.9694796308100004
0.025600596032365364,0.5286664041412047
0.02707404094837318,0.45347076394170394
0.021643901029578638,0.7369575933168289
0.02149579167971119,0.7446166203145617
0.032442742846172434,0.23845526058327315
0.036343517877251263,0.13904188142507132
0.02039033227212672,0.8000209424964136
0.018703391348030576,0.8753932997279019
0.029628694070744088,0.33882224300407593
0.03422589143429955,0.1877604492659578
0.01995346960663269,0.8207976432586794
0.01785806770740353,0.9072755799914367
0.018689598437206398,0.8759489995598113
0.02101604948050724,0.7690850912286105
0.031710907336381045,0.26206483878509157
0.019010120842684275,0.8627526497868873
0.025428447532799048,0.537456946199287
0.027013309650412043,0.4564784886301292
0.024975841162110157,0.5608148167197996
0.024988668602926367,0.5601482923285488
0.017765215955016678,0.9104944071924463
0.02772709189805278,0.4219603385727061
0.02533714640234208,0.5421409824744581
0.027862019006931638,0.41563960245419346
0.02628297225264431,0.49367852774471394
0.02002518689583549,0.8174392722737684
0.02562769453780034,0.5272877205301811
0.023713757353709064,0.6273440582304799
0.017563698200064252,0.9172773061313011
0.01712908265512192,0.9309362191792339
0.023664503241866752,0.6299667433794293
0.01707425923488931,0.9325632020190626
0.015268456229092342,0.9738777744680311
0.01316103252164988,0.9951408957739911
0.030621789194147375,0.30040225710431906
0.019260050580217847,0.8520687349496565
0.02183284977100443,0.7271263276222265
0.03304135564936794,0.22038214925870342
0.0375591365982636,0.11607304816522698
0.01916003108150166,0.8563842891480393
0.041678994129877744,0.060235251942915825
0.025264150598476476,0.5458963764644047
0.028575673077207042,0.3832846315097243
0.032304803118844705,0.24277634255641184
0.042848846339991975,0.04938235766077758
0.050646878463231015,0.01141713237166653
0.024796045111934284,0.5701824642990572
0.02401872497815566,0.6111340137331068
0.034682068520242804,0.17626258415234053
0.04479949153938162,0.035027470181019094
0.03301010249205272,0.22129876227235112
0.03047256055631009,0.30596158695614767
0.014778053777800726,0.9811147703216445
0.020360930399389354,0.8014423083345961
0.022030626306641432,0.7167721056508666
0.022092185794776564,0.7135375143846043
0.0243435216570127,0.5939457193360718
0.02938560675802604,0.3487424803447624
0.021383989360684197,0.750367734629626
0.05168879986780739,0.00921623092833712
0.03238554362928381,0.2402398845997957
0.03071419854467028,0.2969971435406789
0.02760536206683717,0.427718529640742
0.018139858470105075,0.8971541988496993
0.01916385074603777,0.8562204486250307
0.021288845671804446,0.755239771796321
0.023227954531625294,0.6532418791552856
0.030153135960806043,0.31811424014257084
0.030834511170738932,0.2926066254057563
0.02882545211058074,0.372386362178954
0.023534649151799925,0.6368856586196379
0.022233381309028577,0.7060998277129353
0.021159225157635186,0.7618422813028981
0.02149494639025723,0.7446602032556601
0.01545601427765686,0.9706810428753604
0.012908088599658057,0.996262618154706
0.024319096858220424,0.595234918731656
0.03136659180196988,0.2737645323499936
0.02328067864833927,0.6504294472723984
0.019902836543257307,0.8231555810362644
0.04410155667230986,0.039677113353192794
0.016779856666975845,0.94092623745965
0.03315296155527417,0.21713284222268714
0.04199911639227172,0.05707919843215683
0.020512851574850666,0.7940646526260794
0.02742921660110309,0.4361443381495939
0.03350917987831303,0.2070098096043594
0.022394751516808253,0.6975711909717746
0.02528933456897653,0.5445997098449262
0.022482121171666425,0.6929427409492518
0.021645247500140352,0.7368877657140958
0.022076457244277536,0.7143644518198077
0.02298342289227734,0.6662822030508084
0.03700173149584762,0.12618459752401895
0.03677444601910196,0.13050962068721206
0.020757554356864882,0.7820155800450597
0.03497607554733573,0.16915334506458268
0.03111389710238399,0.28259665295446545
0.017409553724014093,0.9222750138086782
0.021291331044528294,0.7551127726404613
0.026497057631493015,0.48257720176298063
0.032849618035234895,0.22605202203003658
0.022428934891574104,0.6957611460705644
0.034756744009407314,0.17443479337199827
0.03145257032229598,0.27080702034982806
0.013903802663915,0.9903532775813999
0.03159813897836239,0.26585442735522513
0.023428288612055925,0.6425564114374367
0.031088315409742773,0.28350246887365643
0.026165195938050834,0.5002475520483711
0.022570957410548292,0.6882298394843545
0.020785367439758007,0.7806338816156724
0.026434094851168877,0.48582520016569614
0.03942697134942896,0.08694298003333026
0.029308110114681984,0.3519482209502021
0.028656190621245692,0.3797474845880268
0.025834983752429097,0.5167890500732499
0.021398134865321217,0.7496416102245929
0.033013188794810744,0.22120811428419979
0.033730271388996313,0.200914243335948
0.04248055139095486,0.05260067005715922
0.03596270856066097,0.14695389425226146
0.029396847412470506,0.3482792330349292
0.023526047432409075,0.6373441684422099
0.03876148363039089,0.0965258924368041
0.02462296982222223,0.5792418377632736
0.016971207074152783,0.9355624820638542
0.02590494737811261,0.5132651040920495
0.021685336434730695,0.7348071911032656
0.03775901058964021,0.11261396465807803
0.026777709122265847,0.4682712092800631
0.05507270518080831,0.004461145980908264
0.02836285280393014,0.39274421224247746
0.05169836736569611,0.009197939948968208
0.023632092156152473,0.631693117079024
0.015502527569602909,0.9698503662272078
0.022616470081367468,0.6858129473624162
0.02807432834979917,0.405825115813709
0.03144571324049239,0.27104200945272205
0.022945549672379495,0.6683007302839236
0.038044108380750286,0.1078277247372672
0.020787517019064006,0.7805269953086749
0.021525565244395417,0.7430805465059092
0.020024909412491132,0.8174523076074741
0.018127232080177524,0.8976188845946573
0.04200362381223299,0.057035794403016635
0.03276619412001025,0.22855376714408357
0.025034367838503546,0.5577757516096884
0.034198090505682344,0.1884798551192613
0.023607141133304643,0.6330224023004033
0.026886675679527128,0.4627923934833268
0.036597481865013826,0.1339602659630047
0.02039339569183804,0.799872667413739
0.03630488125111253,0.13982851857666523
0.016718013774533746,0.9426023936168854
0.02276546643052274,0.6778910267730687
0.03608635104206748,0.14434602964435506
0.023652275576308945,0.6306180003883712
0.0220602485557142,0.7152162812022712
0.01670101369460164,0.9430582299875654
0.02182125423403758,0.727731462832223
0.026334070085847816,0.4910140660709856
0.023458600268276758,0.6409400510181746
0.019994236263506604,0.8188912678177349
0.016761066118874735,0.9414384969481931
0.021939593643352184,0.7215454213858348
0.028171780948774927,0.4013738273925499
0.018581147435631218,0.8802790893450597
0.023339066699766264,0.6473149716193676
0.03705188488411493,0.12524620767181285
0.02161410658725621,0.738501831941691
0.03389588972327573,0.19644077246505376
0.015685218554418845,0.9664397801821681
0.03160986094118634,0.2654586009416695
0.02383248518537806,0.6210267880180071
0.020718290572859788,0.7839620155231621
0.026237349652717734,0.4960653213848876
0.030812361338788785,0.29341130384934566
0.02775865221097995,0.42047606491469547
0.0188674358323907,0.868699364946254
0.022713402905587488,0.6806607133492817
0.016583753450040484,0.9461444911673624
0.02394502150036404,0.6150463013943286
0.02562257311752214,0.5275481739002386
0.02577633489969433,0.5197507909012578
0.016572758537907517,0.9464286813512989
0.018649300800906432,0.8775661149909517
0.016428705148305744,0.9500697547181411
0.023701355177256384,0.6280043504030344
0.04033965970016273,0.07511110126528364
0.022541439520773476,0.689796515115964
0.03584459249487015,0.14948063767941036
0.03820435881124079,0.10521225411010797
0.020820382575901075,0.7788910177614614
0.01826750138422617,0.8923989139600008
0.019611046725326875,0.8365231168852777
0.026099795930844938,0.5035050948210081
0.0204802079093932,0.7956568073064291
0.025519101609776385,0.5328209598461408
0.03161772502302618,0.26519329576599243
0.047461944041209236,0.021385528401783652
0.034592523251417484,0.17847434796625108
0.032451075205975344,0.23819613789812014
0.026511660711331042,0.48182590239090345
0.019895005822257894,0.8235192688133289
0.02129749198983666,0.7547978933176893
0.022402497595958026,0.69716112551517
0.045448946438803595,0.031136915721616934
0.04747545403290321,0.02133050518136413
0.023974274389591987,0.6134930598527522
0.03815773139155104,0.10596777843363132
0.040744028735145654,0.0703223422000795
0.025053797914478704,0.5567679832151566
0.022004149115240568,0.7181616944932782
0.02834697907260675,0.3934562053506909
0.05861900578011192,0.0019851253657488565
0.021755513623051476,0.731157926433164
0.03407248332032509,0.191757312829403
0.025360554995171758,0.5409386428641474
0.02098251559988709,0.7707734408999358
0.022928360171631912,0.6692167237107878
0.04611195943272628,0.02756240988389379
0.03967444731703473,0.0835894529684586
0.025612525026371347,0.5280593226858947
0.02115574909123996,0.7620187630024481
0.017374822178275184,0.9233779837019656
0.04327391819081666,0.045880882328685466
0.020019080777901932,0.8177260456167237
0.020672726018003296,0.7862146668239731
0.022864531396475124,0.6726170712087834
0.022809501890625417,0.6755472794280084
0.027599704660554336,0.4279874273600967
0.015793201259372003,0.9643118900452723
0.038436372454893175,0.10151902196885716
0.031013679707539654,0.28615756742731674
0.026368009696890127,0.48924943488606243
0.03276507174753107,0.22858756987282683
0.026722154211917815,0.47108079679220255
0.01713707117773905,0.930697332396705
0.03490176371314774,0.1709282869640701
0.03406750265470604,0.1918881912216847
0.026456886359472104,0.4846478486556238
0.019457385857771847,0.8434036041043347
0.035754218627267575,0.15143750154108143
0.023135126772600934,0.6581932323056817
0.033840139562227645,0.1979378196440645
0.02129577296771651,0.7548857597780623
0.016940807540333003,0.9364324892103976
0.02120525118050376,0.7595026192527737
0.015386923303083111,0.9718869991884345
0.025267131207070692,0.5457428552178931
0.023066312677342438,0.6618630469274497
0.02821881127041248,0.3992377189545272
0.024320935152737255,0.5951378683282496
0.03486624783027659,0.1717818093673846
0.02350907675213429,0.6382488395928547
0.01713973524323309,0.9306175644409148
0.035513710389683095,0.1567459449279548
0.016914370605959073,0.9371836109901142
0.03697787441078848,0.12663298958854352
0.043932571585659885,0.040880751486627766
0.025353392961594334,0.5413064056990184
0.03682007468668247,0.12963177087828406
0.022679907281185074,0.6824417786212017
0.023391314598956214,0.6445282550363309
0.019528219870928367,0.8402459937890022
0.04247312109307,0.05266741824995048
0.016862848763530336,0.9386327708502382
0.027970305548635055,0.4106137650083957
0.031837585425901205,0.25785653744783993
0.025637065799441805,0.5268112690987266
0.03958094644042298,0.0848434443716449
0.020830926032010755,0.7783654913802934
0.029124016332193636,0.3596474494418064
0.022823178644724273,0.6748191504252994
0.021751709456704904,0.731355972994618
0.029021126624147464,0.36400215755193527
0.04575648735386284,0.029431056388854418
0.03398507260311012,0.19406444790194322
0.014681370054859033,0.9823577651627593
0.013523283207413694,0.9931093046315075
0.02612391424061966,0.5023026809800268
0.029349079393875432,0.35025087307329167
0.017934420648161642,0.9045851492565133
0.03978581647123547,0.08211622851539195
0.036103573509089465,0.1439857650505501
0.03480232641075759,0.1733265234961575
0.019499044533022203,0.841549518281828
0.030745083187824457,0.2958654733643484
0.03378842615444566,0.19933444798236918
0.029666508296476546,0.3372974645977608
0.02223337613852716,0.7061001005228564
0.031952591914399864,0.25408038503317226
0.026662941742683022,0.47408747135187257
0.019500769636178084,0.8414725572105971
0.024223328176582237,0.6002954330063207
0.033979614519528245,0.19420922976479715
0.028810485135229325,0.3730332033909737
0.02845027445623982,0.38883903686490917
0.024513092325599173,0.5850127306815938
0.03586755331267555,0.14898673222102948
0.01561406867997725,0.9677962247300675
0.021900400070800075,0.7235966934693068
0.026995211033204125,0.4573773711302826
0.014927681612029065,0.9790741529207602
0.02617664921287277,0.49925237877588113
0.019791069265020278,0.8283211136435343
0.028959157785183653,0.3666428323245199
0.0277826745924154,0.4193486779591991
0.035257977838007576,0.16255336390291736
0.025861770413927454,0.5154386628591344
0.03427962777517757,0.18637605014209283
0.03401765534507839,0.19320191669609155
0.023755057365804633,0.6251457592245551
0.03190903535283829,0.2555055744574529
0.03613648395839547,0.1432993599586211
0.03164541481231975,0.26426073196962363
0.041060566698905676,0.06675723436783454
0.04830502842084772,0.018184017614388006
0.0286341401060759,0.3807138908571761
0.02529960134998535,0.5440714072618231
0.028988029899585877,0.3654108303912479
0.0298092493290123,0.3315862085258479
0.02506340179392097,0.5562700809135324
0.017456802173168695,0.9207608580058242
0.026536515689933537,0.480548908617235
0.014447758857026594,0.9851241043352299
0.014605906198146945,0.9832875919577115
0.02313749942570753,0.6580666872454599
0.03614582329587544,0.14310505533425927
0.029285410219284547,0.35289119022494925
0.022273590928346354,0.7039773295747072
0.022815336047726897,0.6752366889708272
0.02164227397035179,0.7370419675449923
0.034899121566548064,0.1709916668562106
0.026520419581730348,0.48137564009996703
0.02096690679959312,0.7715582336501381
0.019420863667166,0.8450220649555783
0.013648965616120556,0.9922740411482678
0.025955805703597346,0.51070983190802
0.047135136520856324,0.02275558596424255
0.024226979830236917,0.6001023173665572
0.027031029632125003,0.45559954413107656
0.03597329519550241,0.14672912050616357
0.015982201527125373,0.9603847799294924
0.03304664057060552,0.22022744019307205
0.03042945911087447,0.30758123929270786
0.018309722959554853,0.8908030822971588
0.029281285162540915,0.3530627407873741
0.021197884137664103,0.7598774709343513
0.02575765708332378,0.5206954670558708
0.04403082474296993,0.04017710537649769
0.026627489379875524,0.4758936417492099
0.020565272298300352,0.7915002065505967
0.026918164821325807,0.4612170151981552
0.017467659179529194,0.9204107040790415
0.02097532071155439,0.7711352769259632
0.03594281491820506,0.14737702577753362
0.016490331658537083,0.9485308206312283
0.02004073534424594,0.8167083443674914
0.024793571242045287,0.5703116754374586
0.02311221504633343,0.659415185969251
0.014950057168061415,0.9787565776659185
0.049409934787432164,0.014639035745683846
0.03030370881551403,0.31234252973522025
0.0365454436076208,0.13498899578893098
0.024975480351380086,0.5608335683198999
0.01937792311161446,0.8469164741394756
0.018896640831293193,0.8674914692218736
0.029436737737312035,0.3466388276221695
0.03523521412770836,0.16307854665026025
0.03409215156218004,0.19124117074427147
0.02605369710851979,0.5058068644581406
0.01857153361669811,0.88065954631911
0.021942589993828976,0.7213885038109574
0.022150641782370917,0.7104612940497963
0.04281264455874295,0.04969097278162088
0.017489158177277142,0.9197148855277775
0.033673872730128174,0.20245567205163045
0.032022708486648344,0.25179880201644433
0.02439962877814883,0.5909865652579543
0.027084050050461328,0.4529763257648735
0.02415499120306741,0.603911599664317
0.015098864766965536,0.976560837856366
0.027670062703292808,0.424651413490717
0.017067128227837625,0.9327732287471573
0.01949276680665213,0.8418294608302145
0.022515570102993987,0.6911689785700726
0.023723434634546292,0.6268288880743209
0.013425974402913654,0.9937081688698963
0.021767311847466664,0.7305435433794459
0.03239403436883401,0.23997432924602852
0.02776855120473587,0.42001124915457855
0.019325647036157412,0.8492102260908457
0.01729227058664007,0.9259652044656607
0.021270262683742325,0.7561888686048109
0.029901584293321903,0.32792912928593043
0.02882317262254319,0.372484825972372
0.028774017684494946,0.37461255124955056
0.04356303833682995,0.04362419251381584
0.030807085417375424,0.2936032131695566
0.0240928837750356,0.6072015937118971
0.02702690053019885,0.455804255213816
0.017446056768313456,0.9211065955751461
0.02655797934712467,0.4794479230288957
0.020062106905718968,0.8157020498578026
0.031504076343197795,0.2690468131335456
0.03698643399769164,0.1264719630033753
0.015146468195137208,0.9758273329464267
0.02607742207120431,0.5046216731517069
0.029954478909562487,0.3258473387536006
0.027394814879648455,0.4378028484260306
0.027105958273569264,0.4518953327970927
0.02364870530440738,0.6308081676855957
0.022763540331118715,0.677993518665135
0.024023894785393463,0.6108597387813264
0.02378843407625475,0.623369810866222
0.02765036162792378,0.42558375662857945
0.03231868926999343,0.24233866149466793
0.03288494198432934,0.22499909523007836
0.023818190953733165,0.6217869634904335
0.027334254020422943,0.4407327582394716
0.021618382291732186,0.7382803289067468
0.03169707200631677,0.2625275727394733
0.05029981483979035,0.012249446040603115
0.03137263438712426,0.2735558913127362
0.02466341631371649,0.5771212545580443
0.03263636179707868,0.2324895208490483
0.020231212429371648,0.8076748560287664
0.030474161018824608,0.3059015659760798
0.032482686198581356,0.23721504615110783
0.03728527298121942,0.12095435700951528
0.026417313446370272,0.4866932659551831
0.046396844060564935,0.026141274307126715
0.023736926324824936,0.6261107305166221
0.04743976006901973,0.021476152780026434
0.025033743398268693,0.5578081487666701
0.021536144719458084,0.7425342881750708
0.020080712440884052,0.8148244744760305
0.02355545732142894,0.6357765780824035
0.01509475702458521,0.9766234210674528
0.03586761932459159,0.14898531415380878
0.02338040986401696,0.6451098485165248
0.016788080240923153,0.940701234851494
0.030003085804359897,0.32394275614230905
0.020461347347527747,0.7965750093320035
0.030039996298220406,0.3225018800458818
0.039049048056775226,0.0922819034574254
0.03497928379767212,0.16907704804669535
0.016343216394699267,0.9521582049799264
0.02001660510135972,0.8178422715147653
0.02644918506936461,0.48504547107789203
0.02628176548512362,0.49374156589749424
0.022363117508900632,0.6992452374901861
0.030056280827437498,0.32186766138924516
0.02518180266258463,0.5501437445094348
0.02191361044044271,0.7229055704642282
0.03701148523794462,0.12600165151964537
0.03568832149065293,0.15287734853343468
0.03262011917002561,0.23298554108241956
0.017182281389530374,0.9293367064228496
0.01996224742168079,0.8203877574278378
0.023999906972818397,0.6121325348700406
0.03057154211376506,0.3022657879035037
0.024950536393514244,0.5621303959239181
0.024660041331212135,0.577298123905978
0.03641108516633684,0.13767486205253077
0.03197627221083288,0.2533080866463809
0.027104681151913113,0.45195830135125836
0.05184946734985374,0.008913402316443018
0.03285061187353433,0.22602234614886868
0.03279294545936173,0.22774922909294884
0.012761294214298058,0.9968148558803278
0.03663800263088535,0.13316365389154744
0.019204454489048284,0.8544740248209415
0.0383984399412311,0.10211535610418458
0.02253105362229829,0.6903475884862387
0.029594057979703325,0.3402232081994114
0.017582335988900633,0.9166617589388084
0.021787608072155407,0.7294860643861956
0.02985863169083114,0.32962669345153683
0.024027758372122898,0.6106547759624403
0.029398895210766662,0.34819488695321105
0.018424614409089823,0.8864038660454346
0.031353786151499086,0.27420708507385777
0.011958029237256085,0.9988128471554262
0.01912241264038106,0.8579937443506531
0.028221146920337725,0.3991318388627173
0.020601717015028553,0.789711820867079
0.038199770076841943,0.10528640845552123
0.02504294135979196,0.5573310017419605
0.026172876888865104,0.4994508747770271
0.02163538854464586,0.73739896810673
0.03913039917881228,0.09111003609848234
0.03963166796500439,0.08416123946948316
0.03296873444916862,0.22251655806973453
0.0234976557333037,0.638857711782499
0.02118614260121232,0.7604746249172831
0.02370510369315415,0.6278047720566144
0.03260491755712125,0.2334505058489889
0.033272854620900794,0.21368374120727474
0.0196538797008744,0.8345851473597563
0.017649617887559976,0.9144195832139643
0.046616417557127254,0.025090569523820726
0.02870472658900247,0.37762634630432723
0.022487402778998633,0.6926627258822425
0.01858798032116893,0.8800083470287583
0.028621147244625833,0.3812841316139023
0.02019739812031862,0.8092890009366163
0.02704316743798829,0.45499813289540164
0.03898055869049133,0.09327825711934713
0.02119678606944786,0.7599333314602483
0.03384111023736913,0.19791167804695287
0.0320693485365634,0.25028977065035934
0.013799350117175813,0.9911785961785351
0.02051373884278951,0.7940213255598778
0.026605327942448853,0.4770249617296948
0.015848382966283436,0.9631920677737847
0.023463364325219033,0.6406860254962388
0.019417985938858073,0.8451493092028339
0.02554507640680259,0.5314954196807843
0.02380076258568864,0.6227139668269557
0.023768171416268885,0.6244479033878421
0.023406102444505472,0.6437395860005335
0.04154988048855879,0.061549868471681396
0.040653771874420375,0.07136808640881602
0.04368548130641503,0.04269794641738035
0.03537128366806708,0.15995939305304668
0.023986892240259072,0.6128232720813507
0.032845467920413485,0.22617597635776626
0.015485921000002456,0.9701486844776184
0.02053296601000043,0.7930817577491619
0.02658991702917335,0.47781270522826286
0.020053693717207777,0.8160984142004728
0.039432208105469546,0.08687086327582089
0.029049079020913332,0.3628154305737319
0.02052434914926371,0.7935029925113213
0.02601848391533501,0.5075681908049973
0.033944397474874544,0.19514544244820903
0.020957427306347642,0.7720345160615285
0.01868153264786887,0.8762734417115744
0.02656867606658697,0.4788998436007384
0.026402996755500813,0.48743462903941215
0.027538744724110525,0.43089211019345736
0.03016528729718948,0.3176455984955561
0.01854933343210141,0.8815359668518004
0.050976037179579686,0.01067530315873547
0.031900059355288723,0.2558000234281394
0.018059747895964207,0.9000848889746766
0.024789414572772006,0.5705287986654426
0.024500301848958905,0.5856854260686897
0.027852802956534473,0.4160692694960957
0.03087684511820779,0.29107322435566224
0.024376609695743512,0.5922002220086882
0.019181994199517938,0.855441148714946
0.01989779330195307,0.8233898382374982
0.03360740211665314,0.2042842249518556
0.047130409386436756,0.022775962526725375
0.01999532524625025,0.8188402478469057
0.029340698664689135,0.3505976091792251
0.016667729619701005,0.9439445468784865
0.03363293285631963,0.20358037567868933
0.03809602466134171,0.10697455404766909
0.03505302664353943,0.16733088563029053
0.019588382108032043,0.8375450834318705
0.03369764964620303,0.20180470323174202
0.021935467498074956,0.7217614833239873
0.03818321520858753,0.10555429721014839
0.022602311188202773,0.6865649991989462
0.040363054800716225,0.07482669876112104
0.017303802730937567,0.9256066953821657
0.02198254869269045,0.7192945870536542
0.03867833718109792,0.09778294826911135
0.021193509538682737,0.7600999959350118
0.030578025333113934,0.30202486602007395
0.031596044714057775,0.2659251930374443
0.03882192319720812,0.09562062448938702
0.017758284741730024,0.9107323380117152
0.027241726848855674,0.44523447045792475
0.0314133792168117,0.2721521420464494
0.023423924237918836,0.6427891543457128
0.030600865014805856,0.3011772492353447
0.017692556109949464,0.9129723085574009
0.026510592493727336,0.48188083433023915
0.027414939848729225,0.43683210893560354
0.014872156454429852,0.9798481835233929
0.021074812081534944,0.766119087336687
0.02179023172390737,0.7293493141097689
0.025717006184352686,0.5227538881429727
0.024523021427131808,0.584490654900172
0.021549772278872004,0.7418303069886424
0.02408863527348526,0.6074267634313493
0.019376242299591534,0.8469904388540734
0.02275510083098853,0.6784425789944278
0.017766235517598372,0.9104593805869832
0.034124010937019444,0.19040742413160058
0.04042743720810121,0.0740487427096704
0.017746958146282132,0.9111204456447152
0.025962166548250343,0.5103906259506719
0.03190582657077756,0.25561080599417063
0.05131307154299691,0.009961153531990752
0.03197392109909114,0.25338468509313683
0.04832506247429924,0.018113449420676424
0.023755028712927673,0.6251472840629451
0.03159964853724995,0.26580342779026733
0.03973740807261361,0.08275387729937497
0.015691372990940256,0.9663207497889471
0.027624938295834567,0.42678894839708104
0.039891979916190645,0.08073231009564417
0.0180556489628787,0.900233712945161
0.015585246323300161,0.9683354561307753
0.018610994975421402,0.8790943672302182
0.02518107802408598,0.5501811701154786
0.02075373216794174,0.7822052710166525
0.02351802255174107,0.637771948403805
0.018929717915604993,0.8661176198470777
0.028679991887151313,0.3787062738164151
0.030198790346155913,0.3163560875813779
0.020478560357098163,0.7957370660755707
0.03687360308273946,0.1286080944911078
0.04214203984873133,0.05571666173101142
0.03500138986450624,0.16855207829623478
0.016559211552022557,0.9467776108670641
0.031134123165523386,0.28188199950525994
0.026076228060325918,0.5046812914013041
0.022794396521741422,0.6763513599461448
0.01466699762847562,0.9825375617177055
0.02413846808343678,0.604786559049971
0.04247939589641575,0.05261104535586023
0.025144083503963632,0.5520929761348365
0.02508360462041015,0.5552231591201156
0.0225992018814401,0.6867301312247347
0.03567608587036253,0.15314590563876843
0.03414386194769947,0.18988938005184797
0.0204528601464517,0.7969877885842884
0.025352362673963014,0.5413593172851019
0.026714368688317003,0.4714754144171289
0.021458825958834082,0.7465211459919876
0.029400144641209103,0.3481434317418202
0.02285597286740093,0.6730728843495124
0.019322631560492853,0.8493421153763074
0.03687505401116964,0.12858043922415663
0.02007327656542035,0.8151753748797193
0.02670448048217977,0.47197692025002036
0.022011477239363364,0.7177771969867888
0.03283086934587598,0.22661241811481397
0.04305620421167533,0.04764640883638772
0.03938003608492757,0.08759158703058977
0.018306338127234645,0.8909314331404986
0.025438361357933786,0.5369492308696668
0.029508943693045186,0.34368356675088313
0.023516888941355507,0.6378323788263691
0.02105955189320774,0.7668902354523166
0.024821224946579123,0.5688677913501987
0.028084469592099426,0.40536032642320863
0.018904808968746356,0.8671527794186252
0.017198725876987564,0.9288381508567884
0.026440760994370316,0.48548065293944154
0.043138283450323445,0.04697400428754269
0.02620270090716556,0.4978829417884976
0.0349545172770076,0.16966674546985303
0.03559506825846204,0.1549337431190459
0.048927257167707794,0.016103320703711482
0.02197973144890522,0.719442294515849
0.02802957637721515,0.4078805379678542
0.023200010880277816,0.654732435981759
0.048601542215349236,0.0171642617041034
0.051574049649199094,0.00943819329011361
0.025662292056276126,0.525529564194122
0.03124429711347876,0.27801280943273654
0.027941655857065317,0.4119394043958342
0.02415882335019337,0.6037087067534542
0.03182046525141605,0.25842227408616236
0.028043846189739374,0.40722436350547603
0.020441528493765265,0.7975385112564457
0.03588482836941709,0.14861600118838356
0.023489168088694168,0.6393102219922904
0.026099257679708665,0.5035319437201095
0.0273025257884717,0.44227298410730104
0.023823939332141997,0.6214812476721246
0.03263932260737201,0.2323991904978811
0.01345688858920957,0.9935223239677412
0.02202570292561462,0.7170305727406523
0.014614530427065286,0.9831830991745023
0.015902453445095666,0.9620734211546457
0.029530312793717872,0.34281243655219856
0.025232320799611463,0.5475367600613866
0.02412992958501431,0.6052387939489687
0.025342485739952125,0.5418666527428104
0.01994616362606305,0.8211385517393295
0.03792757615148673,0.10976331057036401
0.02485592039786394,0.5670577406040487
0.022135410770537267,0.7112632459806614
0.015585246297376787,0.9683354566131188
0.03261397366185914,0.23317342529004997
0.015324393402892489,0.9729498419304521
0.018876428522052957,0.8683279487443781
0.02549925791894203,0.533834463500176
0.014139854002680807,0.9882825346523478
0.019439697405508993,0.8441882813262659
0.03652991784782644,0.13529716327676208
0.04774996974236251,0.02023941529257888
0.01167487209678883,0.9992039183485507
0.025041717809702102,0.5573944662330667
0.0190111545558711,0.8627091546727644
0.029363565929205637,0.3496520979135989
0.036687464826342,0.13219649812608986
0.021784092315793868,0.7296692944130077
0.036745223588759285,0.13107437684759535
0.02236411263861171,0.6991925911566508
0.029405834096214223,0.34790919192810693
0.02649887442172455,0.48248369018711157
0.0441076799599891,0.039634085239755854
0.02953655525794141,0.34255825577832755
0.026406501989112985,0.48725304969161987
0.020116400477642515,0.8131372328105035
0.022499519893610986,0.6920202224785355
0.02875278610713733,0.37553421447069874
0.03178143982961856,0.25971537460217126
0.03943665517662964,0.08680966095780243
0.01995037594218052,0.8209420261386118
0.026171097501718088,0.4995445219031222
0.03286617452348739,0.22555803890628856
0.02188450625930788,0.7244278394453829
0.017690057123092087,0.9130568872005824
0.01875022685441252,0.8734980354981419
0.0136285103851988,0.992414854996728
0.027917880829559538,0.4130417083193052
0.024521484267890747,0.5845714718240863
0.030227734706910314,0.3152451125750869
0.03250312788150689,0.23658225814360404
0.018906705595498674,0.8670740825040699
0.022922340553968357,0.6695374724709017
0.01900831889585619,0.8628284554951628
0.02398690693594757,0.6128224920619756
0.033794510180009674,0.19916973677778446
0.017603775869578453,0.9159506799570567
0.02890757764512497,0.3688510923688081
0.027129003955220332,0.45076006477044417
0.01989913965339707,0.8233273113118085
0.030313674662055923,0.31196323876787674
0.0241034705804688,0.6066405582871224
0.025691691398008865,0.5240373916805334
0.027902030073594708,0.4137777298946998
0.02630345401619616,0.49260940654563984
0.019491744514205156,0.8418750297363657
0.019648573726291474,0.8348256804863724
0.025336323301794583,0.5421832769674788
0.017027234083050735,0.9339414135494055
0.023353106636280874,0.6465661028170224
0.023300978888044055,0.6493465928898341
0.02856047588029348,0.3839548153255718
0.03287556858955076,0.2252781256174397
0.014292357226131924,0.9867852722504691
0.026174478546922786,0.4993665909319866
0.02343259556517785,0.6423267339391954
0.025283848554159605,0.5448820803513468
0.015750244522004686,0.9651684232585368
0.022344046469441214,0.7002539776923336
0.027975312013189813,0.4103824125641869
0.027429733049790017,0.4361194722949278
0.045069170696842686,0.03336302732242996
0.03155003139576684,0.26748357060335165
0.034490380888781036,0.18102406519361722
0.028047233651650738,0.4070687028618293
0.038409395156873694,0.10194283151999789
0.02831424871386845,0.3949270974793474
0.02181679313901763,0.7279642134438669
0.03260907811716485,0.2333231780178238
0.02116682012419535,0.7614565732531398
0.021632111690348316,0.7375688368234519
0.015441137004686856,0.9709435343799431
0.0224648128169182,0.6938602084577289
0.01619142761307124,0.9557336669933315
0.03545102663400401,0.15815377513762818
0.020278672930284847,0.805401884428858
0.023764445943822432,0.6246461432649466
0.03185986164584287,0.2571218210937022
0.03669312299990146,0.1320862275788636
0.021038313981153856,0.7679624108289907
0.02488638516122693,0.5654698064896617
0.02648605500721357,0.48314376617753846
0.033634459134570305,0.20353835824490984
0.025073591608662738,0.5557419589710006
0.019042144430365893,0.8614024852123494
0.03189629417376394,0.25592361300592364
0.029771139215257453,0.3331041720697439
0.03725664661331929,0.12147418654937117
0.030088016104540594,0.320634299820653
0.024126203391575007,0.605436167967736
0.026203809449469984,0.4978247233939201
0.01966062385221712,0.8342792290603116
0.02524079848825203,0.5470996863372615
0.027526218508149847,0.4314906146398187
0.017119892464848463,0.9312104703934573
0.026690764264272304,0.4726731505755939
0.029338282805466243,0.35069760598893174
0.026733651225492205,0.47049845346714014
0.02384034577068861,0.6206088067273554
0.014968511333680712,0.9784921999703279
0.03602731446578811,0.14558651589434898
0.04743986981461723,0.02147570361561218
0.01774641774847463,0.9111389405722699
0.027823355779243664,0.41744417196803857
0.04675951192833672,0.024426127381516005
0.0287873549053852,0.37403439413368633
0.03609128747462076,0.14424269337186008
0.022391148282576268,0.6977619208612329
0.03583846211285546,0.14961273034484038
0.04996356595699769,0.013107606816066
0.035000246550592584,0.16857919752763512
0.01910274692706842,0.8588321030930144
0.030414888307144894,0.3081301948024909
0.026261657857482357,0.4947926928335585
0.021634986853723226,0.7374197924581255
0.015174768170452102,0.9753840440826612
0.023542978289771144,0.6364416984155423
0.024158812732395188,0.6037092688950393
0.023763777998289548,0.6246816867286957
0.024183098558845373,0.6024237517402551
0.024996653971129212,0.5597334913778287
0.017560541531260854,0.9173813213582455
0.014705271126851216,0.9820559270746719
0.044313940012057795,0.03820828698977616
0.028191456676809223,0.4004792038974222
0.023706422029137364,0.6277345827496303
0.04728552962666116,0.02211570294369056
0.032015975480056746,0.25201721625363294
0.017967606069850928,0.9034036526312309
0.015658388886751695,0.9669555184560148
0.015622922403814687,0.9676293971818838
0.014570904369017312,0.9837070278123932
0.019206928082966868,0.8543673514562056
0.03837932133537114,0.10241702083635966
0.03421218204157184,0.18811493678080946
0.02205025453888021,0.7157413253603331
0.028326263623121795,0.39438670999852027
0.03136885118438443,0.2736865054645971
0.022334609556415308,0.7007529941975561
0.04198345179528895,0.05723026084808952
0.01620417166420207,0.9554399935027389
0.02381468383257751,0.6219734915901363
0.03428128580677048,0.1863334630380275
0.036043479110882515,0.14524600732842974
0.032345722584955605,0.24148831882702462
0.020276922009699883,0.8054858916994967
0.03363852948119378,0.20342633740306193
0.03081532561293787,0.2933035203806437
0.023856301123079682,0.6197605012042885
0.027357442379785657,0.43960936793788563
0.028779839129976115,0.3743601195303819
0.025008989490119593,0.5590929113471057
0.0269005285574197,0.46209890846190677
0.02781408511207517,0.41787766314623065
0.018000493629067416,0.9022255438018291
0.032281509813882225,0.24351188363522605
0.03818551526326064,0.10551704421961355
0.02642466622353999,0.48631279941485456
0.012190879700731697,0.99838601467049
0.04513254436561154,0.03298211221690741
0.02473615992886634,0.5733126190178512
0.01960315533210616,0.8368792217928136
0.017126601244916106,0.9310103288730098
0.05190084050776578,0.008818495933141912
0.03334871338642731,0.21152349012418784
0.04814460774195539,0.018758001553409256
0.03657326252660581,0.13443825383279717
0.017715443751143756,0.9121956772365768
0.033632825070807004,0.20358334319885063
0.033117121910148595,0.21817221183039842
0.03461853772739615,0.17782953538314422
0.027364898003455984,0.4392485783503611
0.025429862755412924,0.5373844577563901
0.02695097591489981,0.45957926483460454
0.024896676147074526,0.5649337031933523
0.03823580707709662,0.10470521323999767
0.021481593318757597,0.7453484842155637
0.02393316917388899,0.6156757891973097
0.01974190907493245,0.8305755974669506
0.012870888567508953,0.9964090784442721
0.02451196577566983,0.585071972284381
0.018455626457561602,0.8852023438618071
0.027561449096468932,0.4298087190262046
0.017692966630576012,0.9129584103109074
0.04817404186192198,0.018651490175460684
0.01540035510943738,0.9716551569835897
0.023164761933936684,0.6566125983874261
0.03585983647264074,0.1491525803963138
0.02089039035452922,0.7753953334637212
0.01877934255309155,0.8723133894351692
0.037687668540939634,0.11383873144006834
0.03629549124120146,0.14002024286604575
0.03363126643077535,0.2036262590106711
0.03202229555848862,0.25181219299580226
0.03236280792208501,0.24095206917126955
0.0223331036504254,0.7008326167695169
0.029163592549289963,0.357982291223089
0.021660057597905347,0.7361194900713648
0.01288285481230056,0.9963624592969935
0.03816116866283359,0.10591192957815027
0.02369946688509461,0.6281048891465577
0.026008278683561703,0.5080791420602957
0.04496864579201654,0.03397516598776843
0.019937298376285106,0.8215519134576388
0.019123036477236344,0.8579671159374991
0.02441268597784174,0.5902983876691147
0.037620902398232126,0.1149948802606889
0.023330540209332534,0.6477697699046117
0.042318214373159635,0.054075710628920214
0.040414330621675876,0.07420655586965871
0.027697307862464382,0.4233643311586639
0.02574068585621013,0.5215544323640846
0.021767219204540722,0.7305483686380694
0.02804965853305802,0.40695729977752954
0.03899512502838143,0.09306560205605131
0.02995673350648581,0.32575881702372356
0.01839911418213558,0.8873873834030099
0.029729540553557254,0.3347667991904832
0.030854422834963646,0.2918846514192166
0.03165663075176195,0.26388369388858396
0.025067914469650843,0.5560361760361772
0.019915581860458942,0.8225630762851552
0.04098047909938293,0.06764436123338718
0.02425230488069996,0.5987633553806515
0.03138111805194527,0.2732631644889753
0.024149891539360202,0.6041816206873185
0.030290155697736965,0.31285888942160556
0.0185708465494967,0.8806867149911126
0.022367601749588406,0.6990079954063404
0.027533263484659898,0.43115393572656396
0.02146456116681239,0.7462258515948044
0.06350849029393485,0.000598342667650587
0.0270689958388457,0.4537201221399603
0.020992240108228533,0.770284157853496
0.01572722778439206,0.9656219033929309
0.01584873349485448,0.9631848840164541
0.03075707478832268,0.29542693800450565
0.032310475296620816,0.2425974869838857
0.024451990254403366,0.5882279730447214
0.01498458536992342,0.9782601036480835
0.038659971597146736,0.09806244335396055
0.0433818569144202,0.04502680366561354
0.02258880915314687,0.6872820269689466
0.024827852824017782,0.5685218869246391
0.05372806400958996,0.00598478918690961
0.014965870649261193,0.9785301674407987
0.014343890721001729,0.9862498284172452
0.02832467009200279,0.39445835186630823
0.019427233288139417,0.8447402737913541
0.02056160584215133,0.7916798761501888
0.025167779247486366,0.5508681685490469
0.017977492552344265,0.903050249617047
0.021915935193462785,0.7227839187244092
0.03608423534673122,0.14439033666720336
0.029208777554444842,0.3560878386366113
0.029980924681534016,0.32481010036172103
0.036158173163541196,0.14284844456477835
0.032709860841643845,0.2302551206726399
0.023355942696552834,0.6464148339565838
0.023976613692052673,0.6133688752718589
0.03280611513700643,0.22735395678369216
0.021801802019533856,0.7287461047331483
0.023993653939965054,0.6124643900279713
0.01951479362134445,0.8408463768895343
0.017135373101924922,0.9307481497799236
0.025548526480296707,0.5313194511103255
0.023338171445810046,0.6473627236935242
0.02102904433881192,0.7684299947807753
0.016546799388331146,0.9470961232347549
0.022598857767400893,0.6867484063299242
0.046750800292480965,0.024466128513215418
0.0173743167391317,0.9233939718539901
0.038502269266301486,0.10048995361825575
0.028239683132127658,0.39829223871367164
0.01798256711772539,0.9028686019221419
0.04545168267245003,0.031121362827511132
0.02452438009463631,0.5844192245537114
0.02160374089228534,0.7390386788397553
0.03541945617319184,0.1588666580099925
0.018686544464773747,0.876071889092976
0.017820595291366703,0.9085816398430323
0.03701166597954364,0.12599826349197407
0.022858768050872502,0.6729240209470052
0.0314865523333,0.26964472605775813
0.03731888090480939,0.12034640074035861
0.02491514396847838,0.5639720161240878
0.01955311320693942,0.8391305380201028
0.022184326541970556,0.7086866682989447
0.02761217027763091,0.4273950853147882
0.014443506687132512,0.9851714255280887
0.02507457616155928,0.5556909397734885
0.03280581374414904,0.22736299682507555
0.026861192757834634,0.46406987504380265
0.028764937694015058,0.3750065194978038
0.019897229788508608,0.8234160064686419
0.026877804136387795,0.4632368689562511
0.02506180129091884,0.5563530472009406
0.033250269953591705,0.2143301885883781
0.018649307759163514,0.877565836590758
0.03543925583621088,0.15841926708133525
0.0340340552298114,0.19276891984238148
0.02984402725417845,0.33020533104458727
0.02235139727682911,0.6998652092544453
0.016896365103742705,0.9376922590157521
0.021141061904460176,0.762764096035033
0.04269756659341395,0.050683095825246625
0.02418333687345328,0.6024111396292606
0.03989360379953544,0.08071129539298771
0.036197435423948016,0.14203511302016783
0.017988304238092445,0.9026630320165873
0.045585251400318993,0.03037041332542515
0.03534347731610765,0.160592885075639
0.03020179235530218,0.3162407286523215
0.025859909691267946,0.5155324193425603
0.026378390595447665,0.4887105156275461
0.019537728462181547,0.8398202710101141
0.027790972403471836,0.4189597338560061
0.033159956838562765,0.2169304232427938
0.02943905738347441,0.34654360720593236
0.01930514286964402,0.8501061115997917
0.026656682853748448,0.4744060137093582
0.04593127568940092,0.02849871381279582
0.02993632937211177,0.32656057463110383
0.021819465934657223,0.7278247685646512
0.03540321439095295,0.15923441192800836
0.030648725956902045,0.2994067328064852
0.04372358020242639,0.04241325052965921
0.02841527571668001,0.3903992017005146
0.023348726749696125,0.6467997173339218
0.019400564256777164,0.8459187621057673
0.04558030567573568,0.030397932149631143
0.012364367707309587,0.9979944989665104
0.0347373429850909,0.17490820677534835
0.02546490024927417,0.5355909743093645
0.027095229448548475,0.4524244991222752
0.02792478256295805,0.4127215094817913
0.02351628503955966,0.6378645717191417
0.021102555690241054,0.7647155164197578
0.022808786556418048,0.6755853602274842
0.02749024764143093,0.43321242058115855
0.03448154037421014,0.18124609476833334
0.03868725684380259,0.09764744506007468
0.029561390239978946,0.34154836178683423
0.01818748677018117,0.8953920642576381
0.02212222555010923,0.7119572412244939
0.022411783979281064,0.6966694429570578
0.02187358672179074,0.7249986282328174
0.026219201821731875,0.49701679771608326
0.03804164780441316,0.10786830038086861
0.026726681633515326,0.47085141892941274
0.04585827711882812,0.02888488098679405
0.0199163985365296,0.8225250868176395
0.022350533652061078,0.6999108873834954
0.016968238306380057,0.9356477422297407
0.023804952983012218,0.622491067290488
0.03043636496427668,0.3073213114989016
0.03894117423690102,0.09385527037039694
0.029384835068972298,0.34877429914048763
0.027072582902546882,0.4535428195789659
0.042469284219147974,0.052701914420045556
0.03190052401099003,0.25578477454516024
0.035756220837363406,0.15139392511632477
0.029585731227901868,0.34056062865932957
0.04928629857905764,0.01500224914142531
0.024682947898354235,0.5760979674125388
0.027412242952672833,0.43696211138226376
0.0349045422678228,0.1708616550995657
0.021056047628351893,0.7670672290688504
0.0180691796641079,0.8997420222308036
0.020925986307128608,0.7736123871936061
0.03141788887702279,0.2719971065918131
0.029633908075742177,0.3386117055545981
0.03730803545078415,0.12054231635747467
0.03378266241183642,0.19949058661574123
0.019464617028619735,0.8430823787214692
0.022224781494418144,0.706553534520844
0.03239569947993015,0.23992227774414504
0.021652514791227734,0.7365108262097146
0.025805522474110054,0.5182759614742374
0.020897302980852683,0.7750493794244374
0.04266248370495007,0.050988939804952754
0.035182626024075514,0.16429700240070547
0.026334723246098868,0.49098006750998197
0.031339337996327044,0.2747070438189892
0.040544172970861214,0.07265567331432944
0.02313108468195363,0.6584088148612434
0.02049127924140831,0.7951172326760612
0.030168481976354466,0.31752247251878785
0.02930231589618615,0.3521887460679743
0.03531470092308789,0.16125059273457681
0.04789552540587838,0.019681302620996172
0.017917336749304402,0.9051905223510599
0.02324447452976197,0.6523606645357054
0.02132953870317722,0.7531585735232564
0.029173209905035746,0.35757847077600724
0.02031364057249785,0.8037217541914747
0.043882698107470475,0.04124201453863442
0.038168218832658085,0.1057974546841133
0.02004524457163842,0.8164961804527775
0.028470761554245272,0.3879277802266588
0.04106265637906931,0.0667342205160394
0.03377179226343485,0.19978531732909252
0.01997768630811725,0.8196660387400807
0.012198200260231606,0.9983708362938553
0.04007793767729895,0.07835565379308863
0.02217113190286077,0.7093819740873133
0.015630419442084487,0.9674876970892367
0.02668496547285626,0.47296769682841944
0.03522135455100733,0.16339896622908448
0.01940989972747681,0.8455066360398175
0.02687421098931267,0.4634169700417774
0.02519438934796181,0.5494938142591816
0.04450544266431078,0.036924819858845444
0.035603542429814006,0.15474595864598778
0.029412269361381305,0.3476443820998703
0.033215403765355145,0.21533115187076318
0.014038390836532688,0.9892084370440861
0.015704477579052356,0.9660663961797847
0.03424377848154925,0.18729873116643436
0.038550982667752254,0.099734823743079
0.018558170617055503,0.8811874482767182
0.011941142261362447,0.9988398471767833
0.0332605288422797,0.21403635762984385
0.02322531341371492,0.6533827617876184
0.030054515639305945,0.32193636476029364
0.019393079367400534,0.8462488776559687
0.01733701758664208,0.9245688215586797
0.04136598674831782,0.0634646117239978
0.027990717989144764,0.4096710505058918
0.026372732689351253,0.48900419555764724
0.028142589975128973,0.4027036270532083
0.021330178411277045,0.7531258253303997
0.021394271918895924,0.749839949627862
0.021124212972648992,0.7636184439003076
0.021223072589615533,0.7585952659806844
0.0260689543598428,0.5050445418229098
0.03742930667705768,0.11836649625198314
0.017415432472271508,0.9220874777794534
0.023779879703668017,0.6238249278665903
0.04257791054146598,0.05173278720904439
0.014327394026497964,0.9864228810092424
0.022868729082323624,0.67239349798876
0.03363792181927239,0.20344305793248876
0.03061120236475734,0.3007941896355721
0.02617334957381212,0.49942599979201013
0.033012534158406104,0.22122733925233318
0.02616307707533405,0.5003529440151161
0.018965866142852672,0.8646092078292136
0.031279612982804406,0.27678098256895073
0.023197998279708643,0.6548397896126812
0.03583334131055316,0.14972314157062788
0.022514864760728615,0.6912063918196971
0.030246837139882382,0.314513461565378
0.030737220487727868,0.29615327469108593
0.03493097633144382,0.17022878036223443
0.01865028895530879,0.8775265760099351
0.01947829443243121,0.8424740953448242
0.019114433701396205,0.8583341406130418
0.02120492504625851,0.7595192165693537
0.0281755694677866,0.40120146268656104
0.025135332182272152,0.5525455526042046
0.017391218880662307,0.9228583378227936
0.028928618191036787,0.3679491716742016
0.020360614643093577,0.8014575556861461
0.018024702117340308,0.9013537677238407
0.03747705368707044,0.11751874575124022
0.026157833167317235,0.5006138180211377
0.02235610430165824,0.6996162358229296
0.019274843608650727,0.8514260291816388
0.02429997665699271,0.5962445437231517
0.030597457650673676,0.30130359072804125
0.028173476560191535,0.40129667654860773
0.029530247961960188,0.34281507708159165
0.029377078225368114,0.3490942495346625
0.019957206785041093,0.8206231731428152
0.01797493394479907,0.9031417720334752
0.031494004553353494,0.2693903372573631
0.01857076816815867,0.8806898142406381
0.013143770688533896,0.9952247501674063
0.025313406793351034,0.5433612999186774
0.022983829455641813,0.6662605320781982
0.018753856742566466,0.8733506127202748
0.02846393628944821,0.3882311998445569
0.021223025415096908,0.7585976688495469
0.01787936033272275,0.9065292303161664
0.04953164705765317,0.014289208878584482
0.026291125944433613,0.49325273724503377
0.016520685010065872,0.9477625436812165
0.02706220493949693,0.45405591073385626
0.02811200265121172,0.40410028587506386
0.028791009464476325,0.3738760814547921
0.01944687525079114,0.8438700509940633
0.04010533518534032,0.0780105463799183
0.0383158211915276,0.10342428681699588
0.031615968915986004,0.2652525230469823
0.02283777352741656,0.6740420447287043
0.028835515443792314,0.37195188924868705
0.025921322234608413,0.5124417930164445
0.03457966998062034,0.17879362149479652
0.030590500794743097,0.30156166472132345
0.03937296282621394,0.08768968522811028
0.021528528385212187,0.7429275716120454
0.02032303781123107,0.803269452810652
0.04709537644162076,0.02292747961114568
0.02743972694952379,0.4356384757352799
0.027025420175086246,0.4558776625308648
0.028912147576249242,0.36865506621962657
0.04230549924940291,0.05419273404164196
0.030238216035074678,0.3148435089100678
0.028876014202771083,0.37020700289159086
0.02361238890684486,0.6327428043510575
0.02736292111798494,0.4393442236761602
0.019694788251667372,0.832726277746115
0.02962198516711656,0.33909328158703705
0.027786670438085526,0.41916134966693736
0.01838606600519388,0.8878890763509615
0.03145827082556102,0.2706117829784615
0.03344594479843932,0.2087794729429455
0.02840969279193528,0.39064847700361577
0.02357330879967756,0.6348251936828859
0.01734593475855256,0.9242888471926887
0.03102699689237287,0.2856824716196068
0.019952980658186514,0.8208204654302069
0.03501551693082894,0.16821727353173263
0.023287110395611654,0.6500863638430701
0.023734777429319953,0.6262251096573068
0.0430443309359867,0.04774436323821993
0.024407302372695394,0.5905821076550003
0.020436238595319733,0.7977954460531773
0.028258306067713734,0.3974499384124754
0.019015702712111004,0.8625177140570869
0.043458179045699596,0.044431255604003246
0.018772231686983276,0.8726031665164944
0.036375519567559245,0.13839305592403361
0.030979730987580667,0.2873713555420637
0.024702199179824746,0.5750898456292186
0.024822092162546938,0.5688225284628753
0.016732198362306328,0.9422204253353331
0.023805671108589666,0.6224528690341515
0.0304875092304355,0.30540131410441035
0.03935147773241632,0.08798822550782895
0.021299410398375657,0.7546998270933316
0.01891482205369055,0.8667370769770664
0.0263325654717928,0.49109239061642423
0.012723594246570165,0.9969458651860301
0.04590157303436815,0.02865528977607494
0.039625060370748866,0.08424984917308882
0.022379952768593142,0.6983544518598046
0.028880952343330213,0.3699946379131663
0.03148744763507583,0.2696141545354179
0.028517477151372872,0.38585544600116023
0.01964817073018066,0.8348439439525974
0.019938269270924014,0.8215066596825797
0.020817035276452844,0.7790577896884785
0.027802838593847023,0.41840395509421036
0.01845697131072964,0.8851501051355707
0.022134545905374003,0.7113087744545228
0.02174425882025105,0.7317437820135414
0.016253286019228708,0.9542970337455682
0.036775359995856016,0.13049198916213914
0.03205308071024637,0.25081533186109084
0.02199964265890446,0.7183981040131875
0.02054080924655538,0.7926981201299313
0.03397220720010452,0.19440585299937457
0.021529808200873912,0.7428614943322311
0.01823100092298713,0.8937693829802511
0.028013695628986562,0.4086116402742943
0.02345376590006032,0.6411978303931096
0.02977036276913786,0.3331351506743603
0.029260416682923895,0.3539315169086355
0.019729876965912108,0.8311257272434504
0.0378179468014892,0.11161040400785051
0.022258999505545107,0.7047477624389415
0.02163701611447888,0.7373145888983561
0.0237468197049715,0.6255841646819487
0.033180768333419874,0.2163290759571418
0.0295761483339968,0.34094924813611066
0.03053317067348038,0.3036945962838826
0.023525406565338358,0.6373783303169096
0.020446365692034507,0.7973034773324237
0.02383288585497545,0.6210054818334007
0.02525393737653947,0.5464225397952542
0.022094709987595995,0.7134047725588024
0.026543112731157503,0.4802103365576062
0.032499645580541414,0.23668996402714318
0.03307921115362744,0.2192758324364574
0.020591322082224806,0.7902223669464992
0.032615729400770566,0.2331197359170374
0.046325934088782494,0.026488810935659284
0.037175127212145775,0.12296456699133479
0.039577502939044495,0.08488992772009138
0.026910147039835297,0.46161780308425704
0.03327854431053301,0.21352112251462588
0.050294747847981824,0.01226199259669206
0.041859661332114384,0.058436168442840594
0.020249425890184414,0.8068035974972404
0.05283032305063773,0.007252484638107058
0.03121052846157424,0.2791944918152168
0.01937356040949098,0.8471084269521046
0.023480372570137797,0.6397791641246459
0.022252669007044812,0.7050819404789443
0.026502681730830424,0.4822877631920575
0.029523359811252425,0.3430957072370232
0.02575900988656532,0.5206270222883989
0.024704795183209227,0.5749539388297968
0.03445135077578704,0.18200593207961424
0.03072667233914228,0.29653969694780574
0.019719459875673473,0.8316014836850524
0.02142786314921291,0.7481141268823759
0.03157361107277354,0.2666841198393161
0.03886016016181659,0.09505157976095073
0.030368176730465102,0.3098948927107796
0.031894471021058635,0.25598347301315966
0.0489801476455034,0.015936700949042145
0.01870304973697101,0.8754070763305719
0.02131224718453878,0.7540434052911671
0.03706595625237591,0.12498395637253325
0.030584061676963814,0.3018006773759403
0.025755175394650887,0.5208210370197017
0.02698125490215486,0.45807131206786367
0.02404024092610979,0.6099926541415184
0.018883091087018078,0.8680524759404695
0.030594060647835986,0.30142958684332694
0.03522192840429339,0.16338568932348094
0.023344715251634618,0.6470136843202787
0.02010947167498267,0.8134652111903484
0.029004895581273615,0.36469250811145487
0.03163330435757783,0.2646682955154982
0.038429564115743886,0.1016258414679056
0.027947920521273928,0.4116492848444481
0.02607543990001937,0.5047206467877863
0.028122730109750305,0.4036100769910137
0.04316119915586514,0.04678775023859177
0.030028860537309077,0.3229360962451385
0.02695816783779026,0.4592207967218004
0.027100011923323675,0.45218856748725944
0.018229746267720448,0.8938163399854954
0.05067363285676585,0.011355141791487992
0.023130491388172136,0.6584404576587515
0.026597035638220967,0.47744872562686397
0.03191693914219462,0.25524651069850623
0.028911694665070264,0.36867449046541517
0.02525070264041071,0.5465892232640772
0.030103186446442165,0.3200459335877254
0.017259785214519763,0.9269699972780872
0.0326644971540343,0.2316322367789629
0.03419117207511074,0.18865922081187197
0.02727955664062298,0.44339024880993605
0.022517939946388177,0.6910432727047928
0.017216578078835768,0.9282947168156905
0.025803270000889722,0.518389716299328
0.03999281133629917,0.07943617802181036
0.029574310857088282,0.34102380050326203
0.021039472840538864,0.7679039385560731
0.020140853034360584,0.8119782220642973
0.024288994039789236,0.596824633193731
0.036840760368481495,0.12923539159174977
0.024577857053602242,0.5816094605666831
0.022812151629556743,0.6754062184769745
0.024074911170754443,0.6081542361766927
0.01719461889871486,0.9289628462915628
0.032448227106123106,0.23828468488184296
0.023655775813364144,0.6304315683335275
0.03771279879966716,0.11340605856091589
0.01643313422397108,0.9499600862022128
0.02409005436280265,0.6073515503800822
0.04594135372656938,0.028445759732971008
0.02488885274655861,0.565341245080087
0.02039286975136545,0.7998981263089906
0.02155761343763657,0.7414250717290284
0.02423586370447739,0.5996325498833752
0.03133013976025145,0.27502569128625665
0.012971563919814438,0.9960021064298095
0.044389213453778775,0.03769922192078893
0.034550485328915026,0.17952024559070018
0.020229582977701166,0.8077527402689381
0.01910757715111766,0.858626380779978
0.020706717444470224,0.784534804647018
0.040595052429619916,0.07205550029193114
0.0279509051446164,0.4115111146620055
0.02219999160519337,0.7078609043588049
0.026237506936622967,0.4960570802232176
0.02534725869800114,0.5416214651759512
0.027778538844863254,0.41954262488453026
0.04117654127423975,0.06549018638541451
0.022859655696036152,0.672876746823301
0.03218884419498946,0.24645484965283596
0.02438108765165703,0.5919640829160635
0.028306380234643547,0.3952812708049464
0.031350408171789745,0.2743239144426258
0.020490634857438517,0.7951486492383816
0.0227401792512254,0.6792364507710027
0.02503235081067101,0.5578804010463685
0.015576354828306271,0.968500615569699
0.024522468050118706,0.5845197486603675
0.0300761073861896,0.3210967177245892
0.023667936307623205,0.6297839059426538
0.02487987909644318,0.5658088149393121
0.01915481289997123,0.8566079924139812
0.03646845593763193,0.13652273417626093
0.016177933522427135,0.9560433234350842
0.03901702331876533,0.09274667079632404
0.033545612115312595,0.20599555726027782
0.04153659287756334,0.06168654486195389
0.016230176986787373,0.9548370234609972
0.02108729715113289,0.765487711191298
0.029463926100855964,0.3455239319696486
0.019868291056916898,0.8247580038844868
0.018373274543590834,0.8883798694838758
0.02361132123693177,0.6327996883143578
0.024893044774474626,0.5651228601473729
0.018872425756246758,0.8684933276564135
0.028025766081218095,0.40805587083755507
0.035355869231047665,0.16031032105560403
0.026053337561467105,0.5058248351471243
0.020313565517248194,0.8037253653718017
0.025677806863392938,0.5247418953472536
0.019947063569887735,0.8210965711929712
0.034534395385370065,0.17992184408173517
0.02663264215192218,0.4756308484076228
0.019071423643280627,0.8601631281614879
0.04274706623602165,0.05025426604483998
0.027952560814689997,0.4114344807282646
0.029914751395774264,0.32741001020190774
0.01766505375445737,0.9139007648870133
0.039977526705837874,0.07963151571099024
0.024602846962758163,0.580297624726825
0.024744047135138447,0.5729000851640282
0.018951133268987896,0.8652248683240301
0.027920290153594485,0.4129299109360691
0.022148296408884383,0.7105848032304691
0.02343728385982155,0.6420767243724332
0.0417220272720652,0.05980247541406042
0.028436130730206177,0.3894690101002828
0.03738029580873231,0.11924191461847995
0.019668054941012758,0.8339419063803821
0.04913382532673727,0.01546130661981301
0.02375402854008002,0.6252005111519991
0.024070209538824994,0.6084034894794073
0.02698654022691907,0.45780842799226756
0.039721739018094726,0.082961166394146
0.022852417739724795,0.6732622152890093
0.04333504750370393,0.04539547943885339
0.024234605183546698,0.5996990943742818
0.03751111534070817,0.11691703994394534
0.03380557211419766,0.1988705330561155
0.03811044246866885,0.10673861321060511
0.02238106923598425,0.6982953675025594
0.03185575396870621,0.2572571817255789
0.024250015914850764,0.5988843508492383
0.027723077344841918,0.4221493965720591
0.01758497643812834,0.9165743577834989
0.024283061451614074,0.5971380345685439
0.018322644957485035,0.8903124234061451
0.0366923374634347,0.13210153218991164
0.03475281398970831,0.17453060925673475
0.02257222679412077,0.6881624513097533
0.02562418327533672,0.5274662827832179
0.01812260121398529,0.8977890538200005
0.0322646401477209,0.24404564306773568
0.013974948420079514,0.9897597338835452
0.02734511692892372,0.4402062514764255
0.031827527374443054,0.2581887925098603
0.02854341439424124,0.3847081852889225
0.026978402532067874,0.4582132260729272
0.031011671263760476,0.2862292703423586
0.023353339150901264,0.646553700997641
0.02943121422542172,0.3468656405214067
0.01301055681946861,0.9958352810063398
0.022014518836507624,0.7176175854554954
0.02037891548061277,0.8005732356046158
0.02804827325446063,0.4070209392191819
0.021754250925610674,0.7312236658525335
0.033729019466398,0.20094835965248214
0.0321078047368234,0.2490506994475717
0.029713073862917744,0.33542659288821236
0.022881489657816,0.6717138111160387
0.02667611582800339,0.47341744042242817
0.026732651041119604,0.4705490957953633
0.01656807082970313,0.9465495756355163
0.03230011211496964,0.24292433564269197
0.029439418337707968,0.34652879188011915
0.025299860610764058,0.5440580687012792
0.02251479083151442,0.6912103132001642
0.019797234009946763,0.8280376340621644
0.016959568665549818,0.9358963584735027
0.0573531549982923,0.002665815450914238
0.016726410712666784,0.9423764560848616
0.024388244621344812,0.5915867131757991
0.03933077777159577,0.0882766630365986
0.03534505400045951,0.16055691091284957
0.03046881130699819,0.30610222614293253
0.032303723337887086,0.2428104016901798
0.02570608564634891,0.523307423777335
0.02612059493346852,0.5024680889240306
0.025031300525813482,0.5579348954474526
0.014198907514941031,0.9877180284760003
0.03542863825849035,0.15865905475035877
0.03586694439443905,0.1489998135094311
0.023090569729860566,0.6605695243063692
0.014831109015469246,0.9804076196848371
0.030415897169292605,0.30809216277753715
0.048047973183754644,0.019111514972184145
0.030296739898253655,0.3126079604176443
0.026318966024304946,0.4918006915432952
0.017942835244951993,0.9042862594334535
0.028322730668609075,0.3945455564830199
0.04172010005373339,0.05982179992318683
0.02559310576506202,0.5290477319012176
0.015951684736073446,0.9610364305030951
0.015267087851861455,0.9739002051894409
0.030080774506414,0.3209154348179964
0.026247760942619047,0.49551999331968927
0.01963452451797959,0.8354619322480397
0.023997432823208875,0.6122638372917926
0.018278740024859075,0.8919752344709257
0.033206636519084176,0.21558341771968484
0.04416230623615347,0.039252026349552153
0.021966148530561724,0.7201542785565951
0.017985832156069692,0.9027516372842598
0.023745006918279965,0.6256806450105044
0.025017741382001857,0.5586385686131866
0.02361314979971807,0.6327022652889448
0.022940697867609328,0.6685592833079068
0.018430196871461663,0.8861880188695422
0.023710793077118097,0.6275018700922324
0.024941535391612688,0.5625985819378121
0.013681357155941154,0.9920471048388643
0.026024096088533566,0.5072872977290417
0.040719418201505264,0.07060618715630546
0.03449060096190959,0.18101854080390212
0.021446946513256626,0.7471325688568994
0.021265259673383885,0.7564442475604019
0.022400474730592812,0.697268218453581
0.03225292227661042,0.2444169232091227
0.02196465890509003,0.7202323444064213
0.018216617964758486,0.8943070789690963
0.018366811422507234,0.8886274634843676
0.03330122792266302,0.21287375045590703
0.017018219457362316,0.9342037806899858
0.025898067911634515,0.513611162982665
0.041598629385553365,0.06105065557937583
0.030532122646242832,0.3037336903704418
0.042089254270897325,0.0562165904380533
0.026182515601578082,0.49894379539183237
0.024801510612396993,0.5698970289424323
0.027708738837364244,0.4228251113104801
0.04125064404077061,0.06469139206714786
0.030447517599479723,0.30690188006541635
0.016873698388042313,0.9383292156317481
0.02535798578967996,0.5410705584801361
0.04052237194239661,0.07291413374996505
0.030292081756757794,0.3127854705969267
0.03136544973808675,0.27380397941226287
0.02100914058313552,0.7694331929014511
0.019136835605364583,0.8573775691578835
0.035778644391650016,0.15090658544804147
0.031354902819920594,0.27416847264340244
0.02019536785575754,0.8093857753817244
0.03114476724643575,0.2815064499524985
0.03083378615245924,0.29263293863568807
0.017298472025639722,0.9257725332546757
0.024782332440570265,0.5708987874940524
0.04268226674658615,0.05081628073029931
0.03298039728589136,0.2221727039216993
0.023385949799676176,0.6448143794489132
0.027133877792971883,0.4505202144442343
0.04915997301929331,0.015381698445402494
0.022154587741829768,0.7102534810710588
0.02994087664215911,0.32638177115270117
0.022177840731730958,0.709028471897607
0.03909085574054039,0.09167809466570473
0.026091437048375687,0.5039221215492217
0.030895879669745996,0.29038570568634525
0.019158979038003898,0.8564294018558759
0.028683269032633962,0.37856306825789626
0.025901712723423898,0.5134278052010267
0.03659433053396288,0.1340223815004704
0.03629752450419066,0.13997870981238061
0.036046952331611315,0.14517292803963522
0.016013663875624563,0.9597058290612654
0.020940623233476008,0.7728781828240485
0.02252762262191399,0.6905296175274507
0.026496873026243706,0.48258670419308186
0.034329626369402955,0.18509519196649693
0.023149513715856718,0.6574258964424775
0.043855555941825664,0.04143978729119322
0.01659574341423653,0.945833565999537
0.035637362625013796,0.15399833856780298
0.025222682214171344,0.5480338309843693
0.03987055195096878,0.08101004258501943
0.03965034424363484,0.08391120956006631
0.027910277248380688,0.4133946650029494
0.028104143525709557,0.404459681131791
0.029360729989382772,0.34976925893813765
0.019802557246070218,0.8277927141547428
0.025727411315619314,0.5222266961747084
0.033746231207523736,0.20047971706572812
0.03048885158785064,0.3053510397189699
0.019687415651413964,0.8330618569629371
0.02028523118683595,0.8050871232926746
0.05096561078364503,0.010698116297117177
0.017100351327770436,0.9317915834429539
0.01940496375825329,0.8457245947458376
0.013414566347964008,0.993775728230525
0.024128986832172017,0.6052887298549803
0.024241845488934877,0.5993162821618478
0.02138958395136753,0.7500806039872865
0.023435390049471483,0.6421777138547186
0.026837389663267874,0.465265238012084
0.015510871678157512,0.9696997416992084
0.03197337708477016,0.25340241140111663
0.04243843422355742,0.05297998617740525
0.025613361661207146,0.5280167554937847
0.01808805144354375,0.8990542409734389
0.0275586666786527,0.4299413895782286
0.023559458167784875,0.6355633466900024
0.018115266996362345,0.8980582772664326
0.027554599745047537,0.4301353577865796
0.031043045412376458,0.28511071325588655
0.022060002169331128,0.7152292269804892
0.018574665883577646,0.8805356511840282
0.03796009915344123,0.1092202365428744
0.04144375545241413,0.06264873926214604
0.027106233434417537,0.45188176673862884
0.025976528870169102,0.5096701962134758
0.04275787960031008,0.05016100510895807
0.014402584333436663,0.9856214179060487
0.024675176240749497,0.5765050770383591
0.02126477024544582,0.7564692271906638
0.026910861227614102,0.46158209340240647
0.03749684946451165,0.11716873988090525
0.03473461191778282,0.17497493071766598
0.03260918430463644,0.23331992900349638
0.04062836944945525,0.07166477926181153
0.02674399792275295,0.4699747785004305
0.024065042229165,0.608677450252207
0.015487277523503429,0.970124388748372
0.024049966758440233,0.6094768407409388
0.028216212774733185,0.3993555371737996
0.023568522987094886,0.6350802410991616
0.020282683433322624,0.805209421113118
0.03600288018950992,0.14610245001582742
0.04325695289352305,0.04601639237053624
0.03220622922070043,0.24590066571329733
0.013775674810691654,0.9913582093717542
0.04005607366341668,0.07863198490073733
0.02347948004609074,0.6398267509576094
0.023240833998849297,0.6525548592947954
0.021221253757185865,0.7586879055609513
0.016910005848251086,0.9373071310512338
0.030682675259903563,0.29815550425163273
0.026916418632258132,0.46130428307481625
0.0231015611524491,0.6599833646402347
0.01911257809274325,0.8584132553587649
0.03512878189029922,0.1655520930078899
0.029197907432937598,0.3565429340342817
0.015789910634099513,0.9643779733593547
0.032830784466704954,0.2266149575740434
0.022390990022960522,0.6977702977236948
0.026565773513005306,0.4790485246115574
0.012917355086281945,0.9962254274689797
0.017265232680920062,0.9268020302182861
0.029340272834285752,0.3506152335991593
0.026335907529581593,0.49091842657381496
0.03389589703511997,0.19644057670574577
0.03096760490397049,0.2878058312338499
0.018403134675994748,0.8872325849897738
0.03520094869311455,0.16387164599045023
0.030009428049022124,0.32369484213059235
0.023143747897215572,0.6577334226855097
0.026634669611463158,0.4755274731292006
0.024043555314574583,0.60981686615931
0.04853412338973978,0.017391521900035813
0.039510218498761185,0.08580250058341568
0.03656020972106089,0.13469643693702837
0.03642818085944577,0.1373307200789135
0.023616976636928966,0.6324983811439271
0.03737244933938022,0.11938255935412335
0.028672207973819586,0.37904656914936274
0.043344370714275215,0.04532184065631652
0.026065590259179316,0.5052125845817813
0.021359040925515327,0.7516472971943398
0.038201372696343605,0.10526050505744095
0.02510903994781713,0.5539060014266854
0.03312543631988618,0.21793074685490663
0.030969605835019953,0.2877341046297678
0.0144607860538023,0.9849784651651163
0.024256931878236992,0.5985187858461747
0.03671750821115771,0.1316118493917051
0.018225291212807804,0.8939829945545268
0.022858754961037064,0.6729247180817097
0.023690886384403753,0.6285617623045214
0.02627334185904473,0.4941817365308075
0.015480385512968903,0.9702476927190583
0.028076907882509827,0.4057068570211689
0.01387924287437664,0.9905522122880119
0.04076379848969991,0.07009503170743224
0.021812276423106403,0.7281998317635094
0.028573948849123204,0.3833606274996901
0.018215260194968996,0.8943577697710626
0.023017525680180645,0.6644642674436078
0.025549429866976614,0.5312733781940963
0.03535772800993431,0.16026797104241908
0.013331874619561646,0.9942492549172081
0.02329428821617574,0.6497034847497722
0.032637466695238315,0.23245580873685728
0.01687470451255002,0.9383010222393215
0.016039702145769885,0.9591384628387114
0.014920184327701813,0.979179832770021
0.01949517778061119,0.8417219709920467
0.022143359845761323,0.7108447436377134
0.032075368929254666,0.2500954832219472
0.02218085391199072,0.7088696830738401
0.021454689581703157,0.746734075744499
0.026158003242800376,0.5006053561504142
0.01598620438961429,0.9602987999365323
0.019628364881609073,0.8357405950327673
0.021861953491091768,0.7256065114709258
0.038894022404327044,0.0945500054539746
0.015935052311088937,0.9613887413886293
0.02276496149423124,0.677917895711644
0.045287297195236165,0.03206795734780898
0.016863006982078987,0.9386283503354446
0.0283490592252853,0.39336285228405016
0.02760294179429562,0.4278335517328424
0.027355529998817518,0.43970194309869154
0.025976018333969786,0.5096957977937958
0.023944376021368563,0.615080580959565
0.020055564844643103,0.8160102862224692
0.028478512533298916,0.3875834075426561
0.021938057823511103,0.7216258462794332
0.026367801870579743,0.4892602279979151
0.02324203029434535,0.6524910460111137
0.02598259601537589,0.5093659926321112
0.01881311886219189,0.8709329758900111
0.01956583130035361,0.8385595010090239
0.022335001576787805,0.7007322663076991
0.028771508760713327,0.37472138095438356
0.03335145528274763,0.211445727415057
0.021875408336370583,0.7249034216789201
0.02666999471402931,0.4737286819367961
0.025492720795353585,0.5341685021691633
0.020488786577120777,0.7952387530215874
0.016019849536315967,0.9595714939005233
0.03022725226358669,0.31526360691271743
0.02960252662564622,0.3398802839634428
0.03135767437867165,0.2740726545949952
0.024014457583883597,0.611360427595727
0.028324178741428785,0.3944804437892705
0.037633475446945175,0.11477642327556677
0.0322229276993275,0.24536926060550607
0.030190275739202355,0.31668344725542
0.03595809825731111,0.1470518664367272
0.026582091411205322,0.4782130429625597
0.04743209491210598,0.02150754525145034
0.0279131277456397,0.41326232138341273
0.017900942927405628,0.9057696073649059
0.02476744327778152,0.5716768579071949
0.0164581604511303,0.9493376926414911
0.042618906790758915,0.051371050854694955
0.020950716816841797,0.7723715200137641
0.028215409946849124,0.39939194298634767
0.027679417294052988,0.4242091970115511
0.036693287220030624,0.1320830282600618
0.02264365500766652,0.6843686215641687
0.025720245782196893,0.5225897260028332
0.019940925526199027,0.8213828300726368
0.020052869715659116,0.8161372191852726
0.021693564884603445,0.7343797707594726
0.02234890924036459,0.6999968023629408
0.02728854606451303,0.4429527611448645
0.033483055002428125,0.20773950409937475
0.03055904831321421,0.30273046649963403
0.014820255694572237,0.9805537365898128
0.04228130805230945,0.05441597961231666
0.02208339743562232,0.7139996084666087
0.016811683648634446,0.9400526741710634
0.0193019474215749,0.85024553627335
0.021238375768399487,0.7578154973642238
0.027034156566786538,0.45544455862025507
0.022089627797301503,0.7136720252234672
0.041360007613373995,0.06352771324882406
0.027421360868472577,0.4365226915713047
0.028187532497943257,0.40065752019857426
0.03264723887893545,0.232157807967045
0.014898197739366625,0.979487647203445
0.02521500473092808,0.5484298770121827
0.018759420167144214,0.8731245134838816
0.029724409021216758,0.334972311085721
0.027204309105035476,0.44706363090197054
0.02930864530420696,0.3519260104786992
0.019375903425317614,0.8470053494140957
0.014545037795339333,0.984012220543836
0.025153447649837846,0.5516088444804754
0.021647738688575724,0.7367585642160706
0.03995646942011094,0.07990129242090249
0.014912766851882031,0.9792840284514949
0.02408456602185427,0.6076424464491751
0.024356423046738185,0.593264996853228
0.03322468755865471,0.21506427267830014
0.019417134818144055,0.8451869352433339
0.03807190330610777,0.10737025579019856
0.030245869180033802,0.3145505060156948
0.024219413200603057,0.6005024878446741
0.013093933821948067,0.9954606601066226
0.028672949976278117,0.37901412124015377
0.022027377342979992,0.7169426732307003
0.01813143077101842,0.8974644760472141
0.022356210168695045,0.699610635831583
0.041378766829251956,0.06332991524761442
0.02127355133571207,0.756020966286018
0.028842239818163584,0.37166177063463307
0.03141876541320343,0.2719669802552305
0.020566808991379193,0.7914248895011493
0.022209342171094576,0.7073678599227393
0.033972832051674784,0.1943892606215659
0.018509029161944662,0.8831194742004674
0.022483082084272743,0.692891798017446
0.03707132006566727,0.1248841082977641
0.02304222365331443,0.6631474913384862
0.0441535838547884,0.039312814665977414
0.018913830229251083,0.8667782786315152
0.02917808522704085,0.3573738857254046
0.028997860394172736,0.36499202082066934
0.024222845444742624,0.6003209629204633
0.01572959366135246,0.9655754658585596
0.019059658938250457,0.8606616755795409
0.023218151814668353,0.6537647748943858
0.03290719427024702,0.22433774884972604
0.032462633728342793,0.2378370435293095
0.023528711524121115,0.6372021583433269
0.04044370826184229,0.07385322310592471
0.024199694935353455,0.6015455566765322
0.01370253702534957,0.9918960735919505
0.03976482496924949,0.08239222381283864
0.033865171381603776,0.1972645432169093
0.03591269945450415,0.14801944504177775
0.03189772744554231,0.25587656148874444
0.02447238941945379,0.5871540842947951
0.018790884514585826,0.8718424172678949
0.02332914382069942,0.647844253042323
0.021079935552646534,0.7658600412156433
0.019590978485733324,0.8374281338152655
0.025309738424225847,0.5435499568905652
0.02460903817172283,0.5799727372143864
0.030339945265302135,0.31096501697272066
0.014122874729756416,0.9884413264370316
0.017922804414816806,0.9049969861323415
0.04531476166017018,0.03190806701551923
0.02867435064075452,0.37895287520890125
0.02457874239122959,0.5815629721793294
0.01868819715713735,0.8760053928260401
0.047264360125656046,0.02220479547286421
0.026526635919656427,0.4810562460136503
0.015520749161450235,0.969520803688962
0.021314633391121385,0.7539213413986533
0.021792618523902407,0.7292248987488315
0.023558283413415065,0.6356259565653382
0.049421044229168376,0.014606788796229021
0.03367529552216836,0.2024166724796743
0.02278260736391302,0.6769788342759469
0.028159743477130128,0.4019218296644169
0.019608393092997667,0.8366428967601398
0.030460689571510158,0.306407045530913
0.031184133403204917,0.28012075215922316
0.024211931145946733,0.600898236777365
0.026565999838448984,0.4790369301913489
0.023099725983967312,0.6600812334444264
0.018412237714289847,0.8868817259074967
0.04198914088157729,0.05717535815356725
0.034013006449484684,0.19332479779743914
0.03341458718863022,0.20966138797531433
0.017716544463836997,0.9121582368995563
0.021249320903492075,0.7572574386086672
0.03725248448533214,0.12154991968380877
0.04368232899035629,0.04272157654313053
0.020986403387166286,0.7705778608696003
0.05872502775673161,0.0019361402840019112
0.025124200452326217,0.5531214106101573
0.02381975225253044,0.6217039271722742
0.026955215479230632,0.45936792924625663
0.019195824781098936,0.8548459279848956
0.024082422923427105,0.6077560426373843
0.02351341393262585,0.6380176264514787
0.025502959108484713,0.5336453723850895
0.026068530563962966,0.5050657098264687
0.025489737420420044,0.5343209749738314
0.02160146902749105,0.7391563122066942
0.0307791481356198,0.2946209662416125
0.026726052709359682,0.47088327845233685
0.029505210987122443,0.34383589625024336
0.019492562894010135,0.841838550686596
0.0418765740703132,0.05827013691398929
0.03546572933876335,0.1578226554807711
0.01961551931959543,0.8363211575000898
0.019060056360490907,0.8606448464704013
0.01581688400739234,0.963833981838911
0.03823932452337214,0.1046486277688962
0.029521921641564197,0.3431543204666995
0.019912082762358008,0.8227258120396901
0.01821930450269471,0.8942067453183322
0.01720525636045543,0.9286396237175512
0.025317210627903708,0.5431657007921127
0.028665417470418175,0.3793436093874703
0.03314106722917887,0.21747735819166955
0.026896555998287774,0.4622977076038765
0.024820135391459455,0.5689246603385464
0.018562005580375435,0.8810360592207318
0.02287056288416467,0.6722958254252323
0.027622401542793495,0.4269093295408903
0.02439922180645382,0.5910080175535497
0.0452184707669529,0.03247174242586539
0.015525176525466325,0.9694403755478462
0.026221167920465138,0.4969136602807517
0.026677344771982248,0.4733549681560202
0.03046180683671551,0.3063650999026155
0.03795717009462496,0.10926905509108947
0.020228270390485026,0.8078154716355965
0.032674577469260946,0.23132568101017872
0.021694776768772184,0.734316809803675
0.02033794475275197,0.8025512880902408
0.025261827818415517,0.5460160255989599
0.03735162191707497,0.11975654414664488
0.033481615365133055,0.2077797728212651
0.02517423987541867,0.5505343842960776
0.03175178898584974,0.2607011111097755
0.04724005991553637,0.022307456795816395
0.025531953224448636,0.5321649617990248
0.0165371558398395,0.9473428053069058
0.02734613828890653,0.44015676955621447
0.028732741837829978,0.37640579405270597
0.020701261580194363,0.7848046839395404
0.034342375903806205,0.18476969076473448
0.030203024282828228,0.31619339794854545
0.018505065401757115,0.8832746722127379
0.01759036586748952,0.9163958125781969
0.027735939068836535,0.4215439001691257
0.022361677083211462,0.69932143999308
0.026778698059956585,0.46822129526667783
0.026031028922202992,0.5069403978039893
0.02958083443785231,0.34075917070374856
0.020683725044607137,0.7856714993994214
0.020276243700391994,0.8055184331234354
0.01975757176020554,0.8298584886109274
0.03232849126184956,0.24203007269856555
0.0208990390262666,0.774962474147082
0.02201983935373719,0.7173383528834205
0.046292730725180364,0.026652943590295013
0.02890286808238851,0.3690531847579995
0.028350679062732254,0.39329016786026444
0.02274602190619865,0.6789256191575733
0.0358761619517437,0.1488018934634585
0.03578108713489525,0.150853572868928
0.02529794637332483,0.5441565559393244
0.02986956187846057,0.3291941116537103
0.029423935658355327,0.3471646834370313
0.038532487178140284,0.10002097268080909
0.03280703689013892,0.22732631124174696
0.024821929198527104,0.5688310340176533
0.024050500059526816,0.6094485589874449
0.023006125619634443,0.6650720117853515
0.04054843187241197,0.07260527315451086
0.027394795349814594,0.4378037911610245
0.026482343387782326,0.48333498788706786
0.027584355024062257,0.4287175739967999
0.02033638103921276,0.8026266610963321
0.02584669001526424,0.5161987254093894
0.020101621642971024,0.8138365630539556
0.022581202105844356,0.6876859413359094
0.02262064697010635,0.6855910640606394
0.023352358657004246,0.6466059984256112
0.02497365233944282,0.5609285744512426
0.03203281304020211,0.2514712865341457
0.01865255963079948,0.8774356976147218
0.02594829012470312,0.5110870955895773
0.027824638119064993,0.4173842345874962
0.019224610731375824,0.8536038559123736
0.02071180616228152,0.7842830010714277
0.020811965306474445,0.7793103251836572
0.025000826834054468,0.5595167699074473
0.02167938535883518,0.7351162366748686
0.029662187163765397,0.3374714550401666
0.04878471670862555,0.016560162451978704
0.019190269617751554,0.8550851242786062
0.027273763282789965,0.4436723466352233
0.022938670278600637,0.6686673313104485
0.018349237910160354,0.8892993619154674
0.024877525854820948,0.5659314491282545
0.014303076850583338,0.9866751382681503
0.02811549340982117,0.4039407250236283
0.022681104190490853,0.682378147257535
0.026296464005410636,0.49297410848804984
0.02990345308889919,0.32785541492793013
0.019280410985182073,0.8511838533476808
0.02800499535000811,0.4090125555705013
0.03434014123179452,0.18482671021763983
0.03092663052680976,0.2892775423866266
0.019797171026020133,0.8280405311713337
0.05159328349629294,0.009400654279965033
0.03906804634643446,0.09200710854511185
0.025144459931048968,0.5520735119021982
0.015295093214128919,0.9734385790798615
0.03731645453410315,0.12039020870542924
0.05887548417241184,0.0018685480484851979
0.036467133009561836,0.136549212773067
0.018879247558151402,0.868211422530162
0.018649224900559203,0.8775691517487582
0.044558022053314494,0.03657909298602149
0.021932513837305767,0.7219161330958836
0.01884399829067851,0.869665223623795
0.02660877955757035,0.47684864508816827
0.040284659835668535,0.075783317276961
0.05690980592392314,0.002951306560402219
0.01771006272375797,0.9123785913373313
0.02402986319259337,0.6105431201571109
0.02653316007243567,0.48072118441002215
0.03089559229296579,0.290396076643769
0.01948405731425601,0.8422175251487127
0.021201753606978735,0.7596806005948848
0.02151799615735027,0.743471225096731
0.026443688925119502,0.4853293694509569
0.018493417391565015,0.8837301864409247
0.02417968838982998,0.6026042305372568
0.030806857711972613,0.2936114979417281
0.03683017868656255,0.1294380339764931
0.032430589580324465,0.23883359360056453
0.030722339986632874,0.2966985166565293
0.017215040760021005,0.9283416039788946
0.03471778385262869,0.1753865111714359
0.03409487589545013,0.19116976394435195
0.019413696409569803,0.8453389025109529
0.020788330736058458,0.7804865301001822
0.022461683417660305,0.6940260610597437
0.01877743999277498,0.8723909499156289
0.026949571536256878,0.45964928503614416
0.04519780107303062,0.03259387456877204
0.017668676648690013,0.9137787568891044
0.03688365500872573,0.1284166006552333
0.033637605566941065,0.20345176041046367
0.018896338166421223,0.8675040119210017
0.019429210247759787,0.8446527724457973
0.02639930254011713,0.4876260453692837
0.01989791466907581,0.8233842020560278
0.04926320720203403,0.015070975702782029
0.023240585398927177,0.6525681202104581
0.038333833961956554,0.10313772771253553
0.029107698928788506,0.36033559476272425
0.017165930849034283,0.9298304847202593
0.02441346412481482,0.5902573813143175
0.028703697282809026,0.3776712432231644
0.035000660763846114,0.16856937205048061
0.03734482262367872,0.11987884311404887
0.02586869052512697,0.5150900407278094
0.03404607060930254,0.1924521690631159
0.024718869328662796,0.5742172777628292
0.0284571266575791,0.3885340887889197
0.023213680579763918,0.6540032778925392
0.020980560298013873,0.7708717888036613
0.022440050555732616,0.6951723244534249
0.02165817879133536,0.7362169764612603
0.016331789574458744,0.9524332749998772
0.026377799948130443,0.4887411685164398
0.03730010462985489,0.12068574700074541
0.018524140848142856,0.8825269098988453
0.013742855396898151,0.991602722474888
0.03015028608745396,0.3182242242769974
0.023259261024956235,0.6515719156486887
0.026188949568312192,0.4986054966330765
0.054113365205329444,0.005505632114729119
0.037490407674291626,0.11728254175464503
0.023641003273731975,0.6312184263518972
0.033690126980837176,0.20201048295213683
0.04552531756121142,0.030705377099583275
0.03664710898031592,0.1329851614854423
0.01489608457502456,0.9795170668060992
0.029789053870866777,0.33238999077075215
0.029128065809223225,0.3594768172493495
0.029851870631423916,0.32989448003137034
0.030271555362804903,0.3135685573429114
0.0181397876540573,0.8971568079571839
0.015901432184069475,0.9620947461613321
0.02973817292718195,0.3344212875474205
0.02688505043395495,0.46287379932194184
0.01936485670725474,0.8474910916308365
0.015646687025452466,0.9671788499883546
0.017738921314496114,0.9113952976088283
0.02716548450213585,0.44896684970194195
0.01944025161974544,0.844163719257981
0.02562026542661744,0.5276655495697435
0.03232316775651112,0.2421976314216864
0.02304261312674094,0.6631267253447498
0.025776022462890014,0.5197665874071125
0.01899542581041891,0.863370330345989
0.017042276406976475,0.9335022986850966
0.03437975738207372,0.18381793117151107
0.02502210609702271,0.5584120240537719
0.029360564703778014,0.3497760882363926
0.03247407799030544,0.2374819071190675
0.013618122781902997,0.9924856292944864
0.022450215711933785,0.6946337544755645
0.027956083598007164,0.41127145852006164
0.028587696321236977,0.3827549945718401
0.02139786657318532,0.7496553865161509
0.0243165171051849,0.595371119158439
0.017724557419938752,0.9118854289447588
0.03644547643626511,0.13698326654476545
0.0238733327012266,0.6188551409520155
0.044621088927164876,0.03616814581364873
0.02102800844039382,0.7684822334799037
0.02427023413882745,0.5978157800855289
0.030816580631636503,0.29325789568104577
0.03515688743480938,0.16489600855985118
0.023222789442591013,0.653517395351561
0.03541563127820835,0.15895320163632207
0.03842603425999186,0.1016812599729704
0.019848959206589356,0.8256524629575408
0.01881331363147004,0.8709249967720338
0.018654276577050266,0.8773669606140702
0.027207544746795875,0.44690525962670324
0.02759898941724076,0.4280214311563616
0.032832848189356,0.2265532202573733
0.017198727664139796,0.9288380965691613
0.02165518277825726,0.7363724179577283
0.022906534173756155,0.6703796355050875
0.021029550911614348,0.7684044480543506
0.0470584507105124,0.023088151197556448
0.02368564787445171,0.6288407051665827
0.03316623589079337,0.21674885401704133
0.024006187820146102,0.6117992318846961
0.02777582024382419,0.4196701475718279
0.01797249809407997,0.9032288630245883
0.016332655731536083,0.9524124582981811
0.030363290496607548,0.31007991416241903
0.05456521590920693,0.004988569788467061
0.03631362656918191,0.13965014928670028
0.019936593417823778,0.8215847693267523
0.027053415749720977,0.4544907529164866
0.02433358823499915,0.5944699567323277
0.029615573589161448,0.33935245372600076
0.040457573881310716,0.07368695394275687
0.035374677496886275,0.15988221130666386
0.03264776021287508,0.2321419182375604
0.02281017744176611,0.6755113162509419
0.03348158405387974,0.2077806487095329
0.03685520241434076,0.1289592405866072
0.020726716740411155,0.7835447116870822
0.01788439454401719,0.9063523253660462
0.019549587027634874,0.8392887249387906
0.018668658849973374,0.876790488388313
0.02135474269289822,0.7518676027441495
0.03196667326692265,0.25362092754268933
0.03908971353315299,0.0916945469534796
0.017177248887229823,0.929488890526705
0.028941227934600744,0.3674093895831908
0.015360885458915563,0.9723328624451569
0.030527556227071595,0.3039040725856185
0.03730279159421568,0.12063713695806287
0.04059561573506587,0.0720488791929904
0.018602679184974602,0.8794249779242367
0.022689536841243585,0.6819298161838406
0.009950092774590615,0.9999691335388868
0.032427340735246335,0.23893480834258743
0.022588914502698842,0.6872764328813215
0.0191325896904343,0.857559077836511
0.02990655902420314,0.32773292829658723
0.022997464631247855,0.66553371129401
0.02725637452748808,0.444519782471086
0.02813848453045964,0.40289089408237
0.02701327017111499,0.4564804481290229
0.030816999008532298,0.2932426872571072
0.015617690870152634,0.9677280404852991
0.016041581598164434,0.9590973184064445
0.019255530740030447,0.8522648805010008
0.035183929876019815,0.16426670463372756
0.03668176551419311,0.1323076463205896
0.025264218614075462,0.5458928730387533
0.02669445952300875,0.47248551456788657
0.023237158347087394,0.6527509272508218
0.025003653727739078,0.5593699676043254
0.018351549856505,0.8892110783587349
0.022638128952778058,0.6846622601091572
0.01672456322184568,0.9424262112353122
0.02313149546555232,0.6583869060549339
0.04328247618788139,0.045812656898826534
0.04568500893009214,0.029820009870348187
0.022459623329070255,0.6941352373501423
0.03890643514136627,0.09436670057041954
0.035264088579991526,0.16241261343490587
0.01996751859866497,0.8201414597582336
0.04991872568053213,0.013226047073304091
0.034813889635011974,0.17304627293881425
0.037288979847858617,0.12088717744352755
0.046174092089741825,0.027246773511323926
0.015822132296036767,0.9637275254188428
0.01444847594411991,0.9851161135882981
0.02460968427523544,0.5799388352444752
0.025464993299852634,0.5355862142475725
0.04469017046115775,0.035722649286157745
0.029104557519625512,0.36046818272533193
0.025535242817166126,0.5319970972269088
0.03485597513117569,0.172029315892974
0.03544681068262412,0.15824882540897414
0.030172068662706608,0.31738427962609117
0.023107245986784625,0.659680191196456
0.0214866713536902,0.7450867826144747
0.018211201788667586,0.8945092153744162
0.02441964708511582,0.5899315782485015
0.018145595455974717,0.8969427205667168
0.031764530491320886,0.2602771769341966
0.045133832151054765,0.03297441157536695
0.023638468329116535,0.6313534584872178
0.016528129587301987,0.9475730757229875
0.017889927547637657,0.906157696250236
0.04599091509406705,0.028186605499683284
0.026744701003372562,0.46993920749473667
0.03159581905144637,0.2659328190753831
0.017918980089748848,0.9051323748588921
0.018436301515510886,0.8859517609441316
0.017928252979804438,0.9048039272790479
0.030124681349068927,0.3192136202423135
0.022414433381795662,0.6965291510371157
0.024477834209792326,0.5868675286301284
0.026594624923272803,0.47757196700489746
0.035566803342802156,0.1555614086960922
0.030904258439717336,0.2900834501965518
0.03133939689378376,0.27470500436950346
0.02985087117811558,0.3299340788998103
0.016003452247110084,0.9599269856310304
0.027558055552839633,0.4299705328265547
0.024024184096849033,0.6108443904591652
0.02117698148328717,0.760940301628989
0.04014312211769447,0.07753668035464957
0.024494432939376753,0.5859941550053482
0.02749146367459865,0.4331541376988956
0.03943995465769101,0.08676427564150092
0.019093222081283168,0.859237404287493
0.03508481757004289,0.16658256045119055
0.024592481805003535,0.5808416477004343
0.03341132192332774,0.2097533881141485
0.014253104482391366,0.9871830188186334
0.022010812423741366,0.7178120822273005
0.04429637109148998,0.03832796416083412
0.026479536408573034,0.483479635311472
0.03795348514782204,0.10933049766169953
0.02678717183889312,0.4677937466690526
0.025081991761493727,0.5553067148263817
0.026503119303556255,0.4822652486751475
0.024646915641779038,0.5779861258929582
0.026394617908685802,0.4878688500339296
0.021872112266366983,0.7250756866145824
0.028441746918514865,0.38921877566659496
0.021540786263464784,0.7422945550109084
0.02165898281129175,0.7361752587732747
0.0333379557595056,0.2118288010585408
0.02586028739370136,0.5155133874239438
0.029549388723086267,0.3420361267178031
0.023652280340180992,0.6306177466484064
0.027063226886368308,0.4540053681552552
0.02989015889601787,0.32838006304707834
0.026055493869302504,0.5057170638963002
0.029609665479742586,0.33959140027820367
0.01616652280864206,0.9563041276440406
0.020906321358372004,0.7745978296481149
0.015590721046166545,0.9682334843694007
0.025660767142559937,0.5256070075687433
0.023511148588346353,0.638138390330804
0.038123651467387304,0.10652283289366116
0.016201948041116326,0.9554913205728622
0.022031684122577833,0.7167165680682399
0.022841881824210764,0.6738232805462441
0.030621882334102346,0.3003988106607795
0.022644554404465056,0.6843208282688865
0.01705955051761164,0.9329960081918989
0.018109224640339705,0.8982798163878958
0.018679654046167393,0.8763489524199602
0.025833840882265147,0.5168466978416061
0.026396279473355766,0.4877827221307995
0.015971854050694456,0.9606064985836401
0.035164071605234604,0.16472863820880454
0.037285138055619726,0.1209568028453972
0.02257799777271574,0.6878560701477743
0.03257294681775119,0.23443070236590313
0.03427309877894491,0.1865438243057842
0.023730403377153597,0.6264579338517219
0.02145918380403944,0.7465027233309752
0.018324497189308064,0.8902420064481366
0.027074021623773648,0.45347171890069876
0.042116448937596807,0.055958551937092475
0.017755822267049554,0.910816789590377
0.04255585092217051,0.0519283416115786
0.014687600881565677,0.9822794205614053
0.024122446017741606,0.6056352052742529
0.026013867018186143,0.5077993201251076
0.017255442054114695,0.9271037620578908
0.026610803786350057,0.4767452624493268
0.016269202009655648,0.9539228386979496
0.02503125133786044,0.5579374476234188
0.01993046004773147,0.8218705367168095
0.019996742909437176,0.818773821426551
0.019686385784136562,0.8331087135927542
0.023442180445172767,0.6418156117472369
0.05297570982955757,0.007031850166215061
0.021293769747518843,0.7549881439372933
0.02654077934366239,0.48033007250499926
0.022464965196091313,0.6938521324107678
0.03161992610881992,0.2651190749767615
0.020188216521789926,0.8097265221475769
0.017027274199231945,0.933940244664447
0.02130146852150372,0.7545946091587841
0.025330288629830777,0.5424934007576179
0.029897716277008546,0.32808174068564344
0.04206362238772077,0.0564607363069489
0.028565306820157177,0.38374168639190426
0.02352133254540889,0.6375955014466739
0.038302808748086226,0.10363170878158151
0.027163922099087134,0.4490435528241464
0.042023544047136374,0.05684431272618121
0.013945820083312466,0.9900058664378673
0.014507916906610796,0.9844431636327156
0.02828214012185981,0.3963737387218179
0.03003032886134882,0.32287881768642607
0.01764811104135222,0.9144701420519612
0.02939445132694629,0.34837794311750286
0.02918901570663046,0.35691550757924384
0.03248798891974547,0.2370507720495904
0.03801152200747193,0.10836611030647192
0.03538030288128369,0.15975434576818126
0.03034506933747111,0.31077058665011736
0.02557543441109386,0.5299477986739436
0.016201872407034523,0.9554930657672599
0.038500976604361914,0.10051005645648048
0.026926504601993972,0.4608003748113685
0.024688871532075496,0.5757877165863678
0.013909092873223894,0.9903100293390236
0.021471357170025684,0.7458758474358225
0.03630272668253312,0.13987249149116837
0.05671013911742773,0.003088880956019352
0.01882771071043776,0.8703345888640879
0.02936566948506225,0.34956521190795126
0.022137060860472957,0.7111763788196999
0.02595190107799994,0.5109058197393039
0.016377996912139203,0.951315034676999
0.047789064298172534,0.020088144202757775
0.02304238052800757,0.6631391270777957
0.026852707074036752,0.4644957841057494
0.03784157918737674,0.11121007557291032
0.019700613111471088,0.8324609704499871
0.019025938367701445,0.8620864603682896
0.025332523864992962,0.5423785238894924
0.023257124484039327,0.6516858841763141
0.02322687055767858,0.6532997005702845
0.025193413086226135,0.5495442154958528
0.0457702918669991,0.029356455698095436
0.024517613015081152,0.5847750170336032
0.044232988149748076,0.038762445776965276
0.03769529189950599,0.11370733475709185
0.02432131725486153,0.595117696158938
0.017149780491489408,0.9303163272122715
0.02567847167916315,0.5247081538955085
0.03726111527763676,0.12139291889684817
0.014028044420469954,0.9892997797502606
0.019855727359702535,0.8253394953994448
0.023365392844964028,0.6459107910404573
0.018756391380039095,0.8732476265927052
0.025465623809263205,0.5355539605519118
0.02771143931813491,0.4226977927602449
0.043040561970411784,0.04777549360793901
0.036643691739831674,0.13305211950428575
0.032907425174792615,0.22433089414716348
0.021623205280162927,0.7380304311043618
0.028042261279329628,0.4072972073193211
0.0326674775861443,0.23154156541620804
0.031108022080606063,0.28280448937770464
0.020295904299247103,0.8045745240073034
0.02384731665973039,0.6202381640856367
0.020343373002251364,0.8022895692340488
0.027035859131061546,0.4553601862450855
0.030896253972150345,0.29037219813687026
0.021525662784024457,0.743075511221025
0.028469236657256397,0.38799555577339123
0.030448588583607383,0.30686162428862523
0.038488490514927864,0.10070440637004308
0.020204004089188876,0.8089740101125521
0.0266241718907142,0.47606288501756494
0.01687595587839706,0.938265946418666
0.033093371979609154,0.21886309214001118
0.03885929828616519,0.09506437499881139
0.016853251956034487,0.9389005563239229
0.03074360969269785,0.2959193925265961
0.027558914335877094,0.429929579728346
0.02942110163117695,0.3472811704052179
0.024327743178808092,0.5947784766963486
0.03326091478114812,0.21402530982898355
0.02799644327942702,0.4094069037703636
0.02610223117506838,0.5033836285128216
0.014640079399430461,0.9828708692221073
0.027648174272609904,0.4256873574568606
0.02674750768131476,0.4697972266072364
0.029096949731734822,0.3607894241249398
0.021862582702083633,0.7255736382825495
0.027631390016428392,0.426482886622117
0.01987655468135774,0.8243751594712356
0.02203762249161867,0.7164047617483551
0.01335891014122137,0.9940975374366018
0.01538069284363397,0.9719941155796666
0.02309484195875744,0.6603416938095685
0.027259865772486624,0.44434955106505675
0.03226575830907541,0.24401023666053256
0.026093119208819737,0.5038381859205353
0.03598785234064783,0.14642049945920402
0.020501599283654803,0.7946138879666355
0.025264837356601788,0.545861002497996
0.03080308056980119,0.29374894967733056
0.0303726907108145,0.30972403875339355
0.02258623238616822,0.6874188513859463
0.024346315389515705,0.5937982978289811
0.01739151635443137,0.9228488926653698
0.022515868854393384,0.6911531318691613
0.01642947930813554,0.9500505961494752
0.014586916618092804,0.9835160735919762
0.01900614772126774,0.8629197704386687
0.019034828712714377,0.8617114221248292
0.0346616292760189,0.1767655060444995
0.02377527738415519,0.6240698000846755
0.03377169390742918,0.199787985686506
0.02503206716243936,0.5578951180676953
0.03983185205618489,0.08151368347003281
0.015907848214689657,0.9619606470130918
0.024128840319727396,0.6052964904196242
0.02380696487566869,0.6223840521841522
0.03965465336221713,0.08385360985297603
0.02039628713328895,0.7997326851788527
0.015616744933931392,0.9677458558254833
0.025142106279025356,0.552195217932868
0.03324092700617376,0.21459805776966057
0.053019291401322,0.0069669139612998495
0.017600556224146913,0.9160576670093695
0.03021566032441625,0.31570821875927046
0.021606623555252225,0.7388894047613892
0.02620127560579444,0.4979578021324802
0.02624626958635723,0.49559808476278117
0.018634301446420753,0.8781655713245269
0.02822630098023604,0.39889826263193584
0.02470755118532253,0.5748096653296849
0.02801757922546122,0.40843276820142904
0.04265382630306164,0.05106465762597055
0.026305229146046216,0.49251681725044855
0.022883524725447885,0.6716054079056807
0.03686584088850969,0.12875612758443444
0.024818590291673714,0.5690053091637262
0.017940097955960632,0.9043835408377852
0.020946435857984447,0.7725864447964991
0.01749934713376919,0.9193839848631888
0.03990385638135596,0.08057872312715086
0.04073438117986383,0.07043349616968103
0.03534196833354769,0.16062732058203522
0.026783567969463684,0.46797555034307164
0.03525985610735266,0.1625100907961367
0.018647489568120124,0.8776385727270817
0.019760346861330325,0.8297313163353581
0.025244824426272405,0.5468921683137355
0.03315527173368926,0.21706597758141594
0.021365901065309334,0.7512955936478947
0.025902192774634236,0.5134036575521359
0.040441797749241004,0.07387615788836553
0.020546586862786126,0.7924153839925566
0.038002546014740096,0.10851480040942411
0.02873252263361803,0.376415333477078
0.019546888221337433,0.8394097550495299
0.029581739888629027,0.3407224526337429
0.021598073278730756,0.7393321194606608
0.03160218315423163,0.2657178137860337
0.025308130900997927,0.5436326359536658
0.02804170990180499,0.40732255118811805
0.04826897425033705,0.01831163429686805
0.031177379610997535,0.28035812517009195
0.022914370858735267,0.6699621088878884
0.02458770434562063,0.5810924402210726
0.03751017800238032,0.1169335641873291
0.02842680282104082,0.38988487042906134
0.02394338229267845,0.6151333556269383
0.026071347550241653,0.50492501264931
0.03796286296725937,0.10917418868742942
0.026618007038494845,0.4763774919764348
0.04536383569720448,0.03162411598664061
0.021154396980652634,0.7620874019845177
0.028288018895439082,0.39610859920396707
0.022528401178004295,0.690488312678094
0.02051134994263093,0.794137974124412
0.028510562588023702,0.3861616937942502
0.017447463321660195,0.9210613854393134
0.025583164217556464,0.5295540184761302
0.03743376476666552,0.11828713022156606
0.03373656116117574,0.20074290844288192
0.025015608373714193,0.5587492900958293
0.01940326980081819,0.8457993672069963
0.02309761452958492,0.6601938357704586
0.04623278419947818,0.026951552578332594
0.022592816506686653,0.6870692297289465
0.024869689754326962,0.5663398679087549
0.039958305087323565,0.07987774398580114
0.020624119920106154,0.7886102816808189
0.03311500840691706,0.21823362465894114
0.020957506084957167,0.7720305590024249
0.024939245345629912,0.562717717506636
0.021841506686007484,0.7266744037341784
0.020446032110935236,0.7973196883253907
0.026359867115895996,0.4896724210257881
0.020584725720078162,0.7905461590632555
0.03380597570736166,0.1988596233090853
0.03446017690479919,0.18178352833992015
0.028240555595057115,0.3982527504418271
0.034346497917086105,0.18466455073675725
0.025793820355588637,0.5188670557898032
0.029011700043053812,0.36440298332095156
0.04821237707689152,0.0185135787632809
0.038004291263514345,0.10848587659602536
0.029592300283208417,0.340294414402131
0.02535883501368097,0.5410269538694414
0.03347099671723208,0.2080769795137533
0.0207896220131496,0.7804223122013652
0.026073090225404882,0.5048379816087656
0.01965242438894227,0.8346511333414182
0.026330543004011164,0.49119768534984176
0.02940258144621455,0.34804309257954125
0.021021890571548907,0.7687906877573826
0.02076497281877887,0.7816472801881857
0.018980699679647328,0.8639881229215797
0.041210948779294765,0.06511824798215804
0.019925183646291367,0.822116247449431
0.02102880612858954,0.7684420076014449
0.020080894107203706,0.8148158987936643
0.03363580022602719,0.20350144447198998
0.021710024472978873,0.7335244156983198
0.05171526083910133,0.009165723665210145
0.042121947289264994,0.05590650441967088
0.024369243369702587,0.5925887209490317
0.017598221260199276,0.9161352115680752
0.022336632543114465,0.7006460280276127
0.036355918685185507,0.1387901658117834
0.018396158922602934,0.8875011037536669
0.027648839468833897,0.4256558496223072
0.028461820261894255,0.38832530209355365
0.022862807225411674,0.6727089002363322
0.022933620007423938,0.6689364486136926
0.03815474937481822,0.10601625009467841
0.03262202141135767,0.2329274081535321
0.02562714829051449,0.5273154979136088
0.025944176822432163,0.5112936235672474
0.04859730608820134,0.017178462524739962
0.032315346019156865,0.2424439831910647
0.01972951942925605,0.8311420644032318
0.02919800918390303,0.35653867215032686
0.020582376125531265,0.7906614570930106
0.026895679960083352,0.46234155484208245
0.021922232436571654,0.722454348668576
0.017658924184215774,0.9141069840001799
0.025550859388102587,0.5312004754344233
0.040170988122769646,0.07718878951016057
0.02470248478158399,0.5750748932853651
0.020084570965776982,0.814642301372859
0.0388368067684951,0.09539878893008323
0.017893593207794378,0.9060286397136036
0.029169854446982835,0.35771932544047386
0.020256503346943622,0.8064646975189713
0.026228616555292406,0.49652304485680454
0.019270824902952954,0.851600739874779
0.029002970565332964,0.36477444557408545
0.030627838120727335,0.30017849002861063
0.029140749809490663,0.35894272470297545
0.014701361470621344,0.9821055439365909
0.027194950811750496,0.44752189103168677
0.016829624926885556,0.9395569618601111
0.0280543445083844,0.40674207752699776
0.02355700031468766,0.6356943412569322
0.035198962135905676,0.16391772082238265
0.026123560172456872,0.5023203237790658
0.02563232460477438,0.5270522986545148
0.022802620440385835,0.675913602902183
0.014559327291341517,0.9838441224041505
0.021222770588992912,0.7586106485096461
0.025663908188415074,0.5254474931832813
0.038828963235813474,0.09551564098755826
0.026884102333221,0.46292129245803093
0.02570214100580373,0.5235074257741323
0.018882809996362993,0.8680641030909857
0.029392129440687642,0.34847361550641653
0.02211595395521021,0.7122872632138153
0.023976713791766913,0.6133635614477707
0.02053571313412511,0.7929474111551779
0.03565976264503101,0.15350477206008473
0.024897491397858074,0.5648912396758019
0.02814958862966732,0.40238452630365495
0.03863007718337913,0.09851881373800643
0.04316542733216966,0.04675345454091147
0.015544761893566572,0.9690829261472396
0.0192010680000938,0.8546200145408702
0.02481064792121268,0.5694199254338514
0.03195513596468047,0.2539973291178337
0.026234386409341337,0.496220602043246
0.036079202184804815,0.14449578571121155
0.02029927603692211,0.8044124998627483
0.03585989663843808,0.149151286753566
0.02184539944174871,0.7264711465750564
0.04452097424675033,0.03682239837113834
0.02807775754528169,0.4056679093728495
0.028619534379244804,0.3813549598822339
0.03311882128966859,0.2181228420489164
0.014419795070722663,0.9854333583137248
0.02556793666187651,0.5303298651048785
0.019326548552882183,0.8491707870343124
0.015781080666258607,0.9645549136649045
0.03911572380826098,0.0913205089974294
0.02355922704043112,0.6355756648529183
0.02328020890095872,0.6504545046646802
0.016974533928321267,0.9354668617267144
0.01825495967344537,0.892870769789781
0.03726718839886611,0.12128254399612312
0.026811063376152633,0.4665896664900781
0.03183844708992123,0.2578280884962917
0.030088850109301513,0.3206019333916902
0.042446630499406224,0.05290598451768704
0.03564379576040233,0.15385645902065434
0.025727245701336693,0.5222350856002071
0.018383215395307684,0.8879985391804955
0.04400199019446682,0.04038250281646765
0.019351052913943123,0.848097202162239
0.01660601937071543,0.9455662457354465
0.02383448989926598,0.6209201853734256
0.03595003637030014,0.1472233140703426
0.04346487877164312,0.0443793051934373
0.017796905003884644,0.9094024368089081
0.015292442829792474,0.9734824971937256
0.014417372191785405,0.9854599374122808
0.021897233573059033,0.7237623133212099
0.01728781779311611,0.9261033780644121
0.026167365343640947,0.5001396563756485
0.02889857071885288,0.3692376572397104
0.032450229856965995,0.23822241704127223
0.030619643344741793,0.3004816677024432
0.028702194796212166,0.37773678632621777
0.02410351230761726,0.606638347184667
0.019621601547792578,0.8360463643302712
0.024921044519810254,0.5636648573768237
0.03231861952448545,0.24234085831551005
0.032182305321681204,0.24666353567960767
0.02554146157976847,0.5316798153019324
0.030220328921974793,0.3155290985378611
0.022754048087045536,0.6784985920967227
0.04098135112782597,0.06763464797526472
0.02535840839824305,0.5410488588857167
0.019953776363236253,0.8207833245612894
0.02316802529401682,0.6564385366559164
0.022357845850414615,0.6995241126169434
0.02986485190643129,0.32938046692038075
0.02740625599505142,0.43725080229717506
0.054943440028745405,0.004590397422843616
0.018028555318808703,0.9012146527869034
0.022423458984699995,0.6960511750992833
0.026944431702678462,0.4599056094074368
0.01594757293095772,0.9611237147958236
0.018708596350107798,0.8751833059714105
0.0302993847714067,0.31250720364181817
0.03695295791189024,0.12710268496419083
0.025093323438753923,0.5547197532623569
0.03190518434448775,0.2556318716498685
0.04021621460534863,0.07662697501533774
0.028304525539104897,0.39536478570850747
0.026379115700237432,0.4886728864800314
0.042011444674935006,0.0569605509973033
0.018870643545123134,0.8685669325567488
0.04179473900398645,0.05907728405834598
0.027233163082886647,0.44565266767540707
0.02793921776742847,0.4120523512396732
0.03293220187258564,0.22359630383304943
0.02057823991268576,0.7908643819950214
0.02615703090410676,0.5006537343803237
0.03659535218631871,0.13400224125350105
0.028698023190101396,0.3779188063939974
0.054443548588710367,0.005123231468964352
0.038244376921594436,0.10456739382317574
0.01525618148545671,0.9740785265859502
0.02086783793220698,0.7765230308830756
0.025644964218341365,0.526409831008051
0.01520016903958734,0.9749815567805976
0.03440708796889003,0.18312452989343903
0.02491546744100326,0.5639551761417244
0.019326789020766566,0.849160266478802
0.024831857871654428,0.568312895875191
0.026151022146960246,0.500952743411519
0.03015559608635099,0.3180193196582645
0.02752566606170237,0.4315170235038394
0.03448200916250482,0.1812343157376091
0.040436979253613226,0.07393402843964605
0.03228019387295539,0.2435534882235814
0.03287062439533972,0.2254254134822235
0.03204527636945931,0.251067762166124
0.023214883139991704,0.6539391314452299
0.031694705229862175,0.26260679315660707
0.022254953554678547,0.7049613477017714
0.016613495267008616,0.9453712777931109
0.02938198896899269,0.3488916693342599
0.03265885155810733,0.2318040630789456
0.029923808041179778,0.32705329308831127
0.02739342423611979,0.4378699803224609
0.027195551250425942,0.4474924791562968
0.01964478134142711,0.834997518421572
0.035769298715803255,0.15110954463065535
0.02329438915623483,0.6496981004212277
0.0268875961130714,0.46274629468307693
0.017495293827868963,0.9195157088918836
0.0344176380093183,0.18285741989793872
0.03411237950528123,0.19071148161845553
0.03128795467532608,0.27649061827758825
0.017297297055300545,0.9258090592348582
0.024481300070957474,0.5866851400464288
0.021796647899726934,0.7290148395612239
0.024211485296302404,0.6009218207421327
0.03930039359811105,0.08870147994285779
0.04584766446557209,0.028941405111973642
0.026385389317759855,0.4883473965694751
0.018143097126116392,0.8970348408655872
0.01990177967670055,0.823204681288785
0.042049417838606384,0.05659642797881663
0.029419008858833418,0.34736720750670197
0.03607653896793794,0.14455160759735838
0.028945063321369757,0.3672453198958201
0.03345524899637248,0.2085183540171921
0.027390688919983308,0.4380020450598989
0.027804667664413585,0.41831833123856593
0.014141293321527582,0.9882690021820173
0.025172245475641994,0.5506374164154053
0.028586455629650676,0.38280962475103936
0.011995037789684942,0.9987518985397351
0.02380998563615566,0.6222233782548736
0.02171292201271746,0.733373787931099
0.028633054861377905,0.3807614981058442
0.03963605998618791,0.08410238465133783
0.03740946431020892,0.11872027573950354
0.04327302544062367,0.04588800451922788
0.030546597818303878,0.30319405656825943
0.023360441161837886,0.6461748979629198
0.04289219306284864,0.04901501457572291
0.026562374110278397,0.4792226944687929
0.02869180185984288,0.3781903762674108
0.01747563619573378,0.9201529055991727
0.029542488027103797,0.3423168103470142
0.02836331541395376,0.3927234759350223
0.024257850044656748,0.598470256657451
0.03584652905765329,0.1494389297111152
0.02048520952730204,0.7954131005374346
0.02081891695675353,0.7789640432331584
0.028000386941334998,0.40922502355225376
0.029611663732625804,0.3395105697720942
0.020347546739278077,0.802088261664161
0.018881542640736104,0.8681165209646189
0.03320530345173833,0.21562179502149367
0.02539225251877042,0.5393120948879507
0.020442654630207474,0.797483801005463
0.01167658020929041,0.9992019243601611
0.03359823767339298,0.20453733958037382
0.0370133519645911,0.12596666304990084
0.032247362053669404,0.2445932490847087
0.027322582656714833,0.4412989189365145
0.01692447296206856,0.936897186711536
0.01761820541799408,0.9154703107337256
0.03179500623812234,0.25926530127889635
0.02184794683901356,0.7263381226947319
0.03151224407203507,0.26876847339682797
0.017895941771255086,0.905945906694172
0.02170038998743984,0.7340251512139785
0.04819500680848854,0.018575955287851813
0.021909675107259996,0.7231114828010506
0.025890767415592708,0.5139785083413677
0.031687040180994774,0.26286348026546924
0.02148148958767976,0.7453538295290776
0.022827763332466167,0.6745750489874911
0.03432806636872021,0.18513505054437596
0.026967901090613616,0.4587359546736754
0.018915207616640894,0.8667210587078906
0.02318600663836301,0.6554794272683964
0.03218034185837898,0.24672622521816434
0.018854007136382633,0.8692531425147071
0.021011269719984516,0.7693259313670076
0.018487880344960017,0.8839464309282843
0.022356943129516638,0.6995718644879316
0.02543315577630445,0.5372158014768302
0.03897279269839138,0.09339179949102805
0.03341223552566169,0.20972764384339374
0.03926254168560672,0.08923310629694318
0.04445745644300558,0.03724283594991624
0.032231774076027064,0.2450880919729597
0.017440450860206846,0.9212866449330565
0.020415491729426347,0.7988021737543527
0.022735645956096756,0.6794776106522373
0.03544718336277308,0.15824042134217614
0.013438897483195933,0.9936309736734451
0.016195277464431057,0.9556450769801476
0.01848719463488291,0.8839731976847346
0.03139042994893593,0.27294212974657245
0.024826481917759935,0.5685934285757245
0.026400318392072797,0.48757340400942745
0.02406227971246544,0.6088239220712317
0.031356486276642115,0.27411372646914417
0.03201964482941444,0.2518981672012288
0.029692010390016454,0.3362719359825745
0.027193707913940823,0.44758277720171497
0.037094175491117376,0.12445938412346486
0.02631418493950377,0.49204986119012206
0.024791752334579503,0.5704066829907296
0.0147311492815424,0.9817251044618798
0.046870276299074254,0.023922562625729463
0.04177635551985104,0.05925991573405696
0.02598046214138705,0.5094729751040019
0.030558564641963826,0.302748466106771
0.026844991662219986,0.4648832550321709
0.022198864386670625,0.7079203341820262
0.015070831482230096,0.9769856986014611
0.03070585937442838,0.2973032528723944
0.018375821964134342,0.8882822093682413
0.018090966932988783,0.8989477785012979
0.019215595637892102,0.8539933112136318
0.0331431443568837,0.2174171642522924
0.016815990242575407,0.9399338994128187
0.030147308721488714,0.3183391582461825
0.01809870911581629,0.8986647944796704
0.028627721211624046,0.38099553377675477
0.023807536955587655,0.622353622933061
0.022476036556851264,0.6932652991910216
0.03551197561513075,0.15678477073931266
0.024207286299253283,0.6011439425446512
0.02315629813016684,0.6570640374632291
0.019666526214574237,0.8340113214519191
0.020024831562934164,0.8174559646884607
0.02113388649966097,0.7631280248028343
0.03487212016224511,0.17164045102709533
0.02229282568166141,0.702961365033973
0.033907767795156585,0.19612296371028975
0.01971155155057072,0.8319623323717542
0.04378138667320264,0.041984443127854466
0.0329026407481387,0.22447295909998582
0.03860490351467033,0.09890448904688763
0.02799768502243949,0.40934962907665756
0.030871845501155126,0.29125400777189614
0.025017767230868793,0.5586372268772665
0.02161851778277213,0.7382733092060119
0.022643770454551237,0.6843624868307501
0.031961722296299344,0.25378239990877394
0.017774061562276566,0.9101902845955712
0.02359364424417365,0.6337415519649315
0.040093656684284995,0.07815749485609312
0.02034180598243135,0.8023651330741852
0.036272703511098126,0.14048640792629996
0.03501585155450926,0.16820934954716882
0.02093141872971528,0.7733399627272505
0.04145269567949633,0.06255552478335212
0.02269470259694928,0.6816551512542948
0.045005794729538584,0.03374781217870827
0.02538790383115702,0.5395351410419879
0.01940836817267022,0.84557427824389
0.030688956915398413,0.29792441202148195
0.024764188420950267,0.5718469885130485
0.049799113513559035,0.013546715196545172
0.03186215765386233,0.25704618401364243
0.01831336772558395,0.8906647940997965
0.027917252375785573,0.41307087321139874
0.026636083736152116,0.47545537898723284
0.02643423489175567,0.48581796038272357
0.015629537182099917,0.9675043932879216
0.030731928085766302,0.2963471107571269
0.023866862996436478,0.6191990354527857
0.02345308554924569,0.6412341086061433
0.02488050349909554,0.5657762768521052
0.026952356834099023,0.4595104211487677
0.032598445463639825,0.23364868070007397
0.027607984336698893,0.42759393132459317
0.026692937200149203,0.4725628084248146
0.01469910205749149,0.9821341743849236
0.02898927020660358,0.36535797077668974
0.024153607470958238,0.6039848644094408
0.019421648938619085,0.8449873355359636
0.03953119638702712,0.08551709822503614
0.014531974901097144,0.984164812977943
0.02616313091285516,0.5003502660206091
0.04183537822956929,0.0586752644252939
0.02137076642556887,0.7510460927220712
0.02514931340638671,0.5518225696975763
0.04705511217647773,0.02310272701439103
0.03978358324651937,0.08214555374517762
0.03150514401848703,0.2690104166237847
0.028543446283138207,0.38470677623746147
0.028617591488055816,0.3814402932839486
0.033270103025955455,0.21376241983409555
0.018763987832593365,0.8729387478657433
0.036259808369342617,0.14075075939135695
0.042803028709178625,0.049773226288405525
0.03203296270526157,0.251466437921349
0.030972555944334984,0.2876283773920195
0.03359953850410147,0.2045013967712411
0.03776797024929607,0.11246092161309103
0.021897381768307467,0.7237545625012789
0.030524095728124867,0.30403323745809147
0.015361798743285526,0.9723173032122833
0.035000726968606344,0.1685678016617628
0.0167905346642791,0.9406339840027138
0.024593134911602088,0.5808073650523804
0.022729384676992037,0.679810675664805
0.012976791790792586,0.9959800434210989
0.02794479239551584,0.41179413236006324
0.033878699738913665,0.19690142147002865
0.020760966345864135,0.7818462083737594
0.03240328095885325,0.23968538917554508
0.022814877821138446,0.6752610839713677
0.02613999168723624,0.5015018506137469
0.02405919011070734,0.608987743321395
0.03237313074586479,0.240628512356642
0.022065102658669455,0.7149612170303865
0.017095192573387916,0.9319445334823353
0.021703401943447317,0.7338686283601716
0.0284476909285174,0.3889540564611679
0.01937367991845565,0.8471031699989
0.019379415729600336,0.8468507790709752
0.030892020577529378,0.2905249969014518
0.025754010484497103,0.5208799840768072
0.022613822800839456,0.6859535689471361
0.025328268365585993,0.5425972369648847
0.028698175603025233,0.3779121550669989
0.03252674024975011,0.23585292862834822
0.038489211885941454,0.10069316949356916
0.033406703626589485,0.20988356407731293
0.017657349914285803,0.9141599058480109
0.019336068020447628,0.848754082267417
0.04514860583287683,0.03288618145259811
0.02116148090653619,0.761727739189209
0.022324390172179465,0.7012932826218337
0.02308943541617825,0.6606300147336314
0.029927390758970718,0.3269122570573012
0.029604928678634956,0.339783061857022
0.02450273432034128,0.5855574795374525
0.02522493115760366,0.5479178369620868
0.02475191987927622,0.5724883903600516
0.03201996415853603,0.25188780884584766
0.02213710776672073,0.7111739094410522
0.02464087509149382,0.5783028229943905
0.02857301262178541,0.3834018964659218
0.021249763075323003,0.7572348874736317
0.02917019855119604,0.35770487890025093
0.02305322080180272,0.6625611308759882
0.026865591862285543,0.4638491785690185
0.034438414282759955,0.18233229911387058
0.02119468044669795,0.7600404394617793
0.02984811480919186,0.3300433054860525
0.024986867932758505,0.5602418416799957
0.01965211235906339,0.8346652799514743
0.03822396468812195,0.10489590958814267
0.025131827774434234,0.5527268184228514
0.033678532500962644,0.2023279668496999
0.02853852752100622,0.3849241604828449
0.02315768729574952,0.656989943195174
0.029578031959087467,0.3408728355225236
0.02256383717559718,0.688607810939381
0.03187583108997272,0.2565960902648215
0.04881697552221198,0.016455768788824644
0.033460550632554154,0.2083696793056972
0.04229325481411628,0.05430563156726724
0.0289368365481521,0.3675973071801744
0.02201975102928111,0.7173429886779934
0.030157287401188726,0.3179540746141112
0.017536073913258066,0.918185195393826
0.039499715248266676,0.08594569709263858
0.020024753557686736,0.8174596290580322
0.018573756260312435,0.8805716369312667
0.019595397549323823,0.8372290108460555
0.02367413060333845,0.6294540238308775
0.02206649916320408,0.7148878301696169
0.028288738945683733,0.39607613252857454
0.014881635909124724,0.9797174488944308
0.02408142626281673,0.6078088724579159
0.023917493337302087,0.6165084890580697
0.02663568830860763,0.47547553774338674
0.024676295388030955,0.5764464469828214
0.034249990130039376,0.1871385996200492
0.019269939890820487,0.8516392040149575
0.04001048187000533,0.0792108531638731
0.03463183382146612,0.1775006836601234
0.03231743130520481,0.24237828678604542
0.01413695874845558,0.9883097217749974
0.01807448240053533,0.8995489995291359
0.03409780054126077,0.19109313015591115
0.03701371756908864,0.125959811375983
0.018528670648150336,0.8823490154018022
0.028572902431236225,0.38340675387670814
0.049226870403549006,0.0151796967699109
0.02337226497265449,0.6455442582989513
0.02002040663160687,0.8176637901392875
0.027734581248754497,0.4216077949525439
0.023144160740918296,0.6577114033450261
0.03415927660487644,0.18948787582984708
0.03300272086607969,0.22151568488379333
0.02614999432224263,0.5010038982177198
0.03362807545291413,0.20371414187861284
0.03990982280516164,0.08050165819924003
0.021498029998821416,0.744501205791664
0.03547982538484096,0.1575057212722436
0.029086927609475552,0.36121292086128615
0.0167816568332306,0.9408770261038488
0.022134310187839734,0.7113211829961559
0.044349801369920394,0.03796501689769611
0.013319403879285319,0.9943182371853334
0.025699187818638225,0.523657178908604
0.02377551162555125,0.6240573367122776
0.03183322406312472,0.2580005698725866
0.018840741438048147,0.8697991906039073
0.03169669997809785,0.26254002402392634
0.02197439305125004,0.7197221532741042
0.019625700268848023,0.8358610873902713
0.037624925214524096,0.11492494646511663
0.024940324459381547,0.5626615775691676
0.02633745141202659,0.49083807630355386
0.026224498010158692,0.49673900201532234
0.020426751995151454,0.7982559681282924
0.03526758065114133,0.162332223387732
0.029820873138944104,0.331124215594135
0.03145873799611287,0.270595787466395
0.04382340405280333,0.04167513186375969
0.02567602344183617,0.5248324137530822
0.023496996559983052,0.6388928543200734
0.03749985646365489,0.11711564881409724
0.02065953740964055,0.786865446761106
0.04159520057366961,0.06108565457512842
0.02938587515460328,0.3487314141242985
0.01778769994457785,0.90972033697384
0.03422780782316337,0.18771093866228714
0.019816839387803653,0.8271349764320248
0.03768837488542398,0.11382655157684718
0.019210303845498433,0.854221720399985
0.022247858886423555,0.7053358293931389
0.02295008162327261,0.668059215186557
0.03293774761880397,0.22343213564302858
0.04242936024194843,0.053062016440932926
0.019454994703037798,0.8435097681949092
0.019393059732137896,0.8462497432864216
0.02301357098871304,0.6646750983568994
0.022594367979835384,0.6869868407158388
0.016943592476274194,0.9363530671829305
0.031277361796352376,0.2768593826825523
0.05528495553797508,0.0042561448038067155
0.01928469278531586,0.8509974902759674
0.020160392422263806,0.8110503763114316
0.026584539555656206,0.47808777898190535
0.03393359365223514,0.19543336115503518
0.02136364992591777,0.75141101623396
0.051775313126598,0.009052029262304546
0.026879120859077732,0.4631708817472067
0.020870588908288745,0.7763855531628886
0.022443256192410277,0.6950024936501726
0.025389676509101733,0.5394442155309473
0.013051397064922865,0.9956548713327292
0.023471005835798087,0.6402785805310142
0.01903393316041585,0.861749220489693
0.0368496969910046,0.12906445461244356
0.02891587761721104,0.36849512134980394
0.024720964445789056,0.574107638497274
0.019332076669580478,0.8489288555865494
0.022489283614229083,0.6925630038220145
0.014961130703269751,0.9785982033947206
0.0252653310159206,0.5458355752799297
0.025340556137117387,0.5419657880300011
0.027697803144712596,0.42334095813938494
0.02340310315765859,0.6438995421168479
0.045021006807047514,0.03365509920257198
0.02308107018973321,0.6610761064982362
0.028919612805109712,0.36833500475591646
0.014592709400349957,0.9834466079801616
0.022230076959151912,0.7062741679787488
0.03553050907960181,0.15637037464343964
0.028008428618876424,0.40885431583361215
0.024942287021754217,0.5625594814038106
0.0199508204476688,0.8209212833413115
0.031813907621794146,0.25863921935045053
0.01394540433448499,0.9900093479836786
0.020855292972701944,0.777149669961085
0.03026271271907771,0.31390634699415826
0.029728780689178835,0.33479722514579197
0.0234797137154078,0.6398142923595742
0.02526570457861732,0.54581633422832
0.024429282852448497,0.5894239162368129
0.02741674778199188,0.4367449730059834
0.029059238810993482,0.3623847722462684
0.02296448125936018,0.6672917905733173
0.022675346798448404,0.68268421951866
0.027083635949309015,0.45299677479520245
0.050926833359336066,0.010783349359884328
0.02281242070062861,0.675391894075406
0.01526185730658186,0.9739858272492694
0.02916731519279936,0.3578259438404836
0.026839239399614995,0.4651722740331553
0.020471637079524818,0.7960742221283555
0.026609530246218926,0.47681030375987327
0.0328192845155838,0.2269592218026898
0.017891228614676014,0.9061119000320902
0.04007404800341713,0.07840475380237669
0.05424129332994149,0.005354475683574914
0.029382338335579433,0.3488772603035542
0.025470913787248195,0.5352833804222856
0.03882703448473024,0.09554439361226517
0.024690224158304352,0.5757168790139763
0.02995987732487254,0.32563541107280897
0.02673489477875257,0.47043549361748555
0.021645171461955215,0.7368917091263504
0.01814051012805523,0.8971301879973753
0.021693729321567545,0.7343712279334311
0.028259210071742258,0.3974090823626439
0.05056572056308406,0.01160705124026842
0.02784243518346674,0.41655299332169254
0.029345929365400814,0.35038117059186763
0.014747912170176292,0.981508571336733
0.0355379252703395,0.15620480026869935
0.02248755093720023,0.692654870630496
0.013658058894800457,0.9922108243365665
0.024715977535226696,0.5743686172437055
0.0315745926020754,0.26665088082432675
0.05093236944983259,0.010771143542263025
0.02608923663101609,0.504031926202629
0.0207928050668085,0.780263990445655
0.02022906090529991,0.8077776920277027
0.029163746090849096,0.35797584167013996
0.02759312331901298,0.42830038359031786
0.02612595064015749,0.5022012149274924
0.026934564216944068,0.46039796682454803
0.026981702641987293,0.45804903829913873
0.02936964158961547,0.34940118870617654
0.025663090839504688,0.5254889994592081
0.01567316978620592,0.9666720261191856
0.02817869397359113,0.4010593466766125
0.019829077489195268,0.8265706543428646
0.03260498669993095,0.23344838939939186
0.03933426473242507,0.08822801947574742
0.021190430271491006,0.7602566017576473
0.04124723795562196,0.06472792482423217
0.022778144577352277,0.6772163461150493
0.01893389199372167,0.8659438142443129
0.022775333949299092,0.6773659238926217
0.02862136440872992,0.38127459565011895
0.030278641923179084,0.3132980418003139
0.01976210052868832,0.829650934566688
0.032310837856679264,0.24258605812907902
0.03608528903128372,0.14436826896388294
0.020021381332668287,0.8176180183890565
0.035864684799072954,0.14904836412268313
0.01683636417329748,0.9393701490533081
0.023406014829362887,0.6437442586179498
0.029949038928850036,0.3260609992185943
0.01973281592536158,0.8309914133905291
0.023028507676807308,0.663878778931936
0.020310633747499196,0.803866406970935
0.01882195818939003,0.8705706357465348
0.023625547566250127,0.6320417631528147
0.047157257345729675,0.022660447979149186
0.02117779895082661,0.760898756869445
0.029954936917436004,0.3258293546838848
0.025662599796561048,0.525513936023859
0.03138232227318527,0.2732216321364574
0.026383470767876505,0.4884469205618066
0.023410823268670167,0.6434878207090837
0.026171376194100593,0.49952985389784604
0.03013521777291206,0.3188062103469453
0.021664774643992524,0.7358747054010131
0.03451644218280203,0.1803707885549693
0.022772737449081704,0.6775041024000563
0.023145869703096622,0.6576202543004939
0.027145549544998537,0.44994617125590836
0.02044047965250445,0.797589462274714
0.029556309870364728,0.34175477696100565
0.044308586798497696,0.038244717751016066
0.04665051271988718,0.024930816313051645
0.01996118974677563,0.820437163530518
0.020970408426077225,0.7713822355708747
0.027112700586247596,0.4515629992125135
0.02795688219713982,0.4112345082602788
0.028021548238747807,0.40825001740562283
0.018995040042591227,0.8633865294063114
0.039436559804647,0.08681097312365792
0.028578484700389706,0.3831607307085369
0.01381330360207883,0.9910714609110682
0.030259923940512135,0.31401293360978594
0.019068632044025424,0.8602814944384067
0.03329807614779512,0.21296360828381844
0.035330409344985436,0.16089129707305933
0.022373423420088412,0.6986999656005992
0.031127016322325368,0.2821329541749075
0.03967626176635486,0.08356527365233513
0.019827493133855817,0.8266437492656054
0.04006103828837526,0.07856916667414166
0.02637407288985151,0.4889346206709093
0.03413281166292803,0.19017761789644583
0.01599370421201618,0.9601373919714149
0.028347045952891614,0.3934532036594516
0.04144827991800043,0.06260155048573929
0.01723029467018683,0.9278756195219344
0.027094041905831923,0.45248309627765837
0.040721404629027735,0.07058324065908601
0.022071194200225658,0.7146410845534448
0.033253013023421985,0.21425159204674227
0.027992739322193927,0.40957777929031036
0.01657278893558589,0.9464278968777334
0.019665097223877992,0.8340761980150863
0.019269015839115666,0.851679360564061
0.03353587185352358,0.20626634019121115
0.028951105639729913,0.36698694714437247
0.019747818697566533,0.830305158427652
0.022384109918655692,0.6981344458989122
0.026385891494178054,0.4883213485333821
0.03473688578938505,0.17491937532143106
0.047693025072229445,0.02046157090681628
0.02108500486969689,0.7656036641593658
0.023887981925767077,0.618076561319261
0.01853534900541376,0.8820865154511922
0.018776241026634777,0.8724398166612324
0.030600510592353747,0.30119038903203477
0.0407631623155878,0.07010233662407504
0.0342360362387506,0.18749847153588536
0.05949746196824279,0.0016117135786837765
0.02265773707046742,0.683620248820804
0.03825884991358902,0.10433498259797169
0.019515302940713464,0.8408236175009401
0.015955540568694637,0.9609544680974472
0.04898511502392655,0.015921131981838664
0.021275173081548082,0.7559381583709496
0.025206690286387223,0.5488588915742896
0.01822080136476323,0.8941508222338981
0.021082406254041897,0.765735095835911
0.030851695195830975,0.2919834744717819
0.02136829884836633,0.7511726394866729
0.025666644195105615,0.5253085638641288
0.02851877833036401,0.38579783535035783
0.02626083129789321,0.49483593197948084
0.02227571307475623,0.7038652595522167
0.021037698647871417,0.7679934570548186
0.035659888595188205,0.15350200045395235
0.02686522653790052,0.4638675037170414
0.03530898826913753,0.16138141645781637
0.020043126327188465,0.8165958565145724
0.016645141392691354,0.9445414019108501
0.018987310294159676,0.863710941797403
0.02505232173865346,0.556844526619833
0.02628388114935354,0.49363105294212567
0.0266907028765907,0.4726762680996891
0.0286212638311773,0.38127901212312576
0.015413677361832911,0.9714239658706213
0.02571714672579406,0.5227467659698937
0.043112917089403235,0.047180925663062256
0.01677143770105477,0.9411560720114805
0.02312372790503192,0.6588011786468801
0.013295724258537756,0.9944474987715259
0.02315052739217044,0.6573718305114482
0.023793107350849607,0.6231211955441697
0.03166637367705971,0.26355650193227265
0.017839327721568043,0.9079299271247155
0.02741222431195256,0.4369630100386622
0.03220709225093771,0.24587317956122673
0.03025373438608847,0.3142495916244209
0.04017540396408087,0.07713378172524166
0.014786680911467842,0.9810010001008471
0.0421171673106967,0.0559517494358202
0.027991695927584215,0.40962592326850633
0.03032079536077209,0.3116924377426399
0.02619381498285686,0.49834977002845854
0.015295886777386941,0.9734254199768207
0.016153595735293153,0.9565984347010763
0.032417846599310796,0.23923077724300051
0.018094216451553957,0.8988290531834325
0.027191031972402135,0.44771388299158643
0.018534041971283777,0.8821379111194056
0.03388519840121307,0.1967271739318952
0.0203067743808229,0.8040520243735689
0.021176747503140803,0.7609521924910202
0.02024589380128239,0.8069726578815655
0.030189024847180668,0.3167315608765274
0.02323233732123664,0.6530080917252561
0.03609302302175876,0.14420637671967798
0.022004361178500798,0.7181505688901819
0.046057629223437535,0.027841051332387304
0.022776993812456542,0.6772775887466523
0.02418035518533379,0.6025689404417306
0.017391108069656602,0.9228618560481099
0.02572145833710232,0.5225282867909866
0.024223431203116375,0.6002899843388954
0.02317740998022222,0.6559379689963112
0.02812855182196583,0.4033442154542361
0.04570349174063737,0.029719003058451748
0.01700137979799443,0.9346923103974261
0.03135701253996226,0.2740955333381381
0.028676483054279833,0.37885964570661335
0.026262960661700196,0.49472454520994313
0.03008641991541472,0.32069625206173824
0.018583339723401537,0.8801922539670233
0.037508399634173406,0.11696492014942826
0.023182659366014824,0.6556579699070093
0.034721157979447415,0.17530392526457717
0.02804424654412746,0.4072059642948207
0.03190754848443117,0.25555433201137595
0.047993128183132505,0.019314785479318333
0.026166153351190324,0.5001999336959819
0.025908139706425137,0.513104553288328
0.019461871728732094,0.843204361559236
0.02119700526542878,0.7599221808440533
0.032188356174430166,0.2464704200298445
0.02891089705334371,0.36870869982143634
0.04236074366577197,0.053685873287604095
0.02822824008636926,0.3988104089224903
0.028082292305072032,0.40546008415480234
0.031849423550345465,0.2574658940188481
0.02469818167791249,0.5753001884424972
0.05797593833876824,0.002307726016426155
0.02363872984665949,0.6313395277839333
0.03403160983204501,0.19283343585610016
0.01868983587413864,0.8759394429767874
0.016530663075441043,0.947508504073991
0.030171142544278662,0.31741995822328073
0.022171309022395946,0.7093726420053629
0.0482126692689655,0.018512531105019357
0.028911555888325197,0.36868044240270165
0.026525851202228612,0.48109655703780846
0.025638323244795147,0.5267473512328804
0.017276202245559258,0.9264631509299229
0.03767047724251377,0.11413550173742354
0.02612708273100195,0.5021448110739435
0.030280454620189357,0.3132288730220286
0.034776764223468704,0.17394733919678163
0.021799588710742446,0.7288615117999945
0.027773187967322838,0.41979364609309927
0.024903308995227635,0.5645882495897645
0.017199466297346366,0.9288156574307542
0.01492837215360135,0.9790644008441843
0.034088159888228664,0.1913458333851177
0.022750826527308976,0.6786699970952974
0.022562146664284882,0.6886975445541282
0.0309602071615373,0.2880711304421624
0.03846555703036303,0.10106218834729966
0.02549554445880975,0.5340242069100563
0.01895827021128582,0.8649267790415527
0.03064060229179505,0.2997067095943249
0.0251278624433654,0.5529319493592356
0.029814225534186167,0.33138837037051
0.02442958648615773,0.5894079208789709
0.012311967789391698,0.9981199396962579
0.02680622024721413,0.4668335848728408
0.017298281322306125,0.9257784622664458
0.022682831553772598,0.682286313741102
0.01462538910302838,0.9830508862089173
0.036464366457553465,0.136604599216549
0.019871218872591356,0.8246223954820092
0.018035888267037753,0.9009496359225597
0.019765138773970237,0.8295116396077318
0.03485125994704158,0.17214301676802193
0.04094975430614728,0.06798735492966596
0.028850294494224604,0.3713144664194794
0.01434596443231237,0.9862279645578726
0.04453876651938182,0.036705374437529345
0.04120300594305415,0.06520394798919908
0.02419635327114955,0.6017223607122438
0.027536771093665924,0.43098637338849155
0.027471041676047803,0.4341336373413536
0.03155612931801455,0.2672766528433205
0.030453746007556348,0.3066678230452386
0.031134048833903027,0.2818846234201934
0.025995882432769735,0.5087000910219588
0.02420229877014235,0.6014077973626032
0.016276468094323926,0.9537513884465785
0.03967522593848549,0.08357907635248407
0.030104583729526846,0.31999178089010033
0.022956299864512975,0.6677278239264125
0.019994763558125794,0.8188665641374006
0.017209430273204984,0.9285125759974043
0.021260795245222175,0.7566720834586873
0.024765187611828887,0.5717947595203476
0.04191149698365115,0.05792858141480209
0.029921951272095737,0.32712640334078347
0.0212919385010627,0.7550817302010224
0.015274125215056333,0.9737847106878025
0.023454413323828693,0.6411633080287416
0.025709896982534508,0.5231142096826613
0.020292945205877433,0.8047166838698655
0.025690935576374474,0.5240757324942779
0.02228816511461651,0.7032075699082707
0.04260139689321207,0.05152528395915892
0.02059525796698991,0.7900290988388645
0.027593273789739636,0.4282932266739446
0.022027464165125688,0.7169381153432478
0.029970103752238297,0.32523422200742397
0.02809749580927612,0.404763850429314
0.015452895603410788,0.970736196386679
0.024262675234596465,0.5982152369519871
0.023570569098556815,0.6349711980303787
0.03526780396301954,0.16232708366809243
0.0357182140289064,0.15222283845406415
0.028090176104231257,0.40509894857716494
0.052205746713688383,0.00827384715171306
0.014340919328292956,0.9862811138396975
0.02166143074138921,0.7360482370007608
0.02473258828085001,0.5734994582912157
0.059323766892994956,0.0016799216804012453
0.01897188769258984,0.8643572307452386
0.029831121228149293,0.33071728677592577
0.025465496823111944,0.5355604564674947
0.013032065056407971,0.9957410013461796
0.017565231182706947,0.9172267678540273
0.035631116982920125,0.15413618376738558
0.029215227142586453,0.35581801115040923
0.02702137160604523,0.4560784614672061
0.019383507572263148,0.8466706261435074
0.034142946087747095,0.18991325644437354
0.03130549830135021,0.2758806885113951
0.029133887544032788,0.35923160822002237
0.026106272448021772,0.503182084456664
0.018786025483039426,0.8720407848248153
0.015216227941712956,0.9747248393838883
0.03007610232063118,0.32109691452426575
0.036342440162664996,0.13906377472776332
0.03526323720271052,0.16243221759865945
0.01585680767425246,0.9630191650240829
0.021717876454003318,0.7331161972961882
0.034147426110109014,0.18979648513391342
0.017592389989633472,0.916328703744178
0.02293886254214217,0.668657085856587
0.027340369145571364,0.44043631666260863
0.015081306243284853,0.9768275608726327
0.022883491616796037,0.6716071715381602
0.032360445950440075,0.24102614908601394
0.02017492345159544,0.8103593782957123
0.019130513108172757,0.8576478146105063
0.02356937428129008,0.6350348730625341
0.021705102221200256,0.7337802623701689
0.018789085989398907,0.8719158570492749
0.01660285836432973,0.9456485594778843
0.021494562127073236,0.7446800152838384
0.028346562248841467,0.39347491340710433
0.023783888298282263,0.623611654458685
0.03021032600147766,0.31591297160878345
0.02008847593644464,0.8144578739147222
0.043003358984990414,0.04808372178010501
0.02060863693044812,0.789371750092023
0.022836629663373187,0.6741029533987382
0.023258365242334655,0.6516196989720805
0.0422180298263356,0.05500368361243581
0.02673052189542796,0.4706569126908049
0.02149969498825688,0.7444153470430778
0.024440051436275922,0.5888566909381607
0.021804913364255996,0.7285838578455005
0.03210772754390645,0.24905318195142778
0.022724747614508156,0.680057326890065
0.015136055323300146,0.9759890812779582
0.03546914064602169,0.15774590903306945
0.013252000587365531,0.9946803142174299
0.017917979253564698,0.9051677903124052
0.037873152504034224,0.11067708250955559
0.017763357787895506,0.9105582254500056
0.021258047664646562,0.7568122784115979
0.029681396618786382,0.33669848010866277
0.03084560703088901,0.2922041395217898
0.02070035445007401,0.7848495467421612
0.02383498288087821,0.6208939709381058
0.030121311533361728,0.3193440001576651
0.026019881529840805,0.5074982329509402
0.0143383840166873,0.9863077677948073
0.037326235163194665,0.12021370011939857
0.01783014249890552,0.9082497831433313
0.032459855975388974,0.23792330353581448
0.03861197784478443,0.09879597924863212
0.027208967356159686,0.44683564061520775
0.026119815696410476,0.5025069234169323
0.0274940135545354,0.43303194241743426
0.02450245120358774,0.5855723709601856
0.03857863455690724,0.09930828582111807
0.024008150448942667,0.6116950877729783
0.01636728871319537,0.9515755793835531
0.03927519259341877,0.08905512888360079
0.026494168410413826,0.4827259363643618
0.03142970805650214,0.27159109464886044
0.02151342993748462,0.74370685306799
0.02787091715609613,0.41522504353294604
0.017687959111733043,0.9131278616075658
0.024245755542418257,0.5991095685708188
0.04596440223416598,0.02832497973629937
0.01730536228312729,0.9255581395001962
0.029641083082231068,0.3383221380557743
0.02167903175868907,0.7351345974211942
0.026473805386872717,0.4837750496418719
0.02248007399742713,0.6930512695495457
0.02963507240259805,0.33856470378374365
0.024650997749439907,0.5777721330169961
0.046171667092543944,0.02725903245362847
0.02813067427404592,0.4032473188806728
0.02292854441209169,0.6692069064558136
0.02783066514499466,0.41710260603110605
0.03219253962743607,0.24633697056161508
0.02587950120773469,0.5145456162803008
0.020719474808566396,0.7839033801256506
0.029822558698543944,0.331057260950829
0.023510155839812863,0.6381913134611181
0.028023143600385825,0.408176575740993
0.022480904134272506,0.6930072612314696
0.027618095668395792,0.4271137165583255
0.03129976343715718,0.2760799586994213
0.016170743496510376,0.95620777070085
0.020474935495189472,0.7959136138796159
0.021988861110537217,0.7189635858994963
0.03480009505630477,0.17338064495436714
0.01502774954286204,0.9776284410485071
0.026572939935652296,0.47868148468703475
0.018931924491651042,0.866025751759239
0.026576363953809135,0.4785061826252952
0.026295895615430442,0.4930037717118487
0.034104856861609745,0.1909083346180751
0.05215304147577732,0.008365751901755559
0.022671051936016484,0.6829125275744541
0.02495001649824169,0.5621574349491281
0.02126307145375239,0.7565559263434504
0.020677584648455594,0.7859747801166934
0.03717626035925925,0.12294374783072798
0.035766292446592296,0.1511748782666506
0.03944050182997044,0.08675675105674617
0.029806233536206705,0.331706148364884
0.03680538327097149,0.1299138908279898
0.019075041073435273,0.8600096830836177
0.016813010897475777,0.9400160834816691
0.037831254891096844,0.11138482105278096
0.01416883964446225,0.9880078389617595
0.04725938182922601,0.022225793063482414
0.03889626394515344,0.09451688153152375
0.026275881172864668,0.49404901995392725
0.0337572182312168,0.20018100903084576
0.020036817203825164,0.8168926290226262
0.03268138788901531,0.23111874354847792
0.022183267726206823,0.708742471644052
0.031526963795993845,0.2682674008007189
0.027141312025736053,0.45015452581070264
0.01757652802950105,0.9168538367832068
0.03762521020165549,0.11491999349770468
0.022313683421290198,0.7018592196504209
0.01691276046801571,0.9372291931367664
0.022298818179909308,0.7026447631026337
0.02988792681071417,0.32846821057346703
0.028908323315820383,0.3688191019856291
0.023393903439194785,0.6443901841028792
0.022283796930586464,0.7034383073684072
0.02126429398317023,0.7564935343100493
0.01704274671339384,0.9334885430421801
0.02547384949580611,0.5351332422355568
0.029811387453412053,0.33150119303205433
0.03308040172273391,0.21924110819473086
0.025718652458811442,0.5226704628721754
0.030354722448974303,0.3104045457465577
0.03731075639378467,0.12049313979204172
0.02946798627105396,0.34535765948793645
0.048166789801686816,0.018677682490013323
0.04096576897590021,0.06780839204989209
0.033257580371881534,0.2141207744999381
0.02740872325052407,0.4371318158137102
0.010247821297982296,0.9999388256081286
0.04486834223594821,0.034595753670103875
0.028293420784191836,0.39586507582009023
0.02303084526998106,0.6637541498530799
0.023930086803856776,0.6158395118967015
0.02988732757778767,0.328491877859717
0.02820164418126292,0.40001653475461546
0.026450755301267614,0.48496438189998853
0.017465606746074336,0.9204769615511496
0.015584631607704236,0.9683468925015173
0.03322709037510396,0.21499524124465655
0.025800324421422216,0.5185384899858803
0.017602105476977825,0.9160061951674828
0.014588571516911175,0.9834962492853603
0.022371013469706158,0.6988274823348187
0.019589084019618452,0.837513470115868
0.03551694474992828,0.1566735776714378
0.019727943975366646,0.8312140457362711
0.021040123883307782,0.7678710874504671
0.031985838591418236,0.252996598077816
0.017803325701125472,0.9091803549946091
0.02546727193357823,0.535469654213161
0.01879555838228797,0.8716514804402661
0.029363788095154775,0.3496429207663372
0.020150540268588646,0.8115184040891861
0.02547143948292907,0.5352564941034449
0.02672138843400007,0.4711196014869079
0.02706558679395088,0.4538886680996432
0.01809322562603355,0.8988652615639336
0.02884802901782807,0.3714121269223183
0.01603607832697751,0.959217721547064
0.029125782504968112,0.35957302143645026
0.025965919747603206,0.5102023193378233
0.03475906275775453,0.17437828071972925
0.027092240753145536,0.4525719805201244
0.02292093082362867,0.6696125865386751
0.029969993870384237,0.32523853083625226
0.03260677204141549,0.2333937454977786
0.016376649570227886,0.951347863786252
0.029623859389723783,0.33901754764018616
0.0184724344595818,0.8845486644787834
0.01833225642399311,0.8899467862524394
0.032238092332391055,0.24488742607445102
0.03281340503060193,0.22713538644990808
0.030597972406308294,0.3012845016284783
0.026823625159959674,0.4659573972157042
0.021461907275167724,0.7463625039784807
0.02029092909276642,0.8048135224757396
0.018912921957346396,0.8668160045589135
0.021538243220750847,0.742425907226749
0.026973710252773064,0.458446744279401
0.029148324154615324,0.3586240556978339
0.03383151960702113,0.19817008544816314
0.027667857440478172,0.4247557076062627
0.01769155927514854,0.9130060517502324
0.023187838916371717,0.6553816936764079
0.020582144059564822,0.790672843901807
0.024019898494933578,0.6110717531515345
0.024989022887775048,0.5601298869143194
0.023556233591440323,0.6357352051729891
0.01463991925257499,0.9828728388336393
0.03894750605011743,0.09376230341936136
0.02849094138667735,0.3870316426102338
0.03011610224558625,0.31954562640741085
0.01849187313723122,0.883790514785236
0.04500094143266875,0.03377743865642711
0.02717798087360168,0.44835367840555107
0.0241415214563514,0.6046248544052713
0.040111413541680574,0.07793415601545596
0.02366103771505479,0.6301513144938994
0.01895462654247443,0.8650789999044182
0.026952010121080977,0.45952770537404836
0.020064699120412754,0.8155798663972458
0.030997291006492067,0.2867430458808686
0.025341526718363372,0.5419159226290737
0.021347145646727794,0.7522568848359085
0.02334868667698442,0.6468018547418448
0.025275319730624912,0.5453211692956264
0.032687274591620685,0.23093998822177814
0.03854732714778053,0.09979132518541428
0.04270014191028837,0.05066070740909455
0.02471652263833668,0.5743400889102537
0.020988768336084873,0.7704588684359618
0.019986656951346937,0.8192462289321252
0.0188560032970283,0.8691708889701453
0.021331749600042138,0.7530453883600292
0.031750364507466766,0.26074853857832425
0.02387687230948954,0.6186670052192808
0.023443042040725337,0.6417696672407958
0.03668978381410504,0.13215129494931346
0.023845170951531935,0.620352248545813
0.021923817746486718,0.7223713707930528
0.026620787360847165,0.47623558880343964
0.036590593320771136,0.13409607571385032
0.04748609973704099,0.02128723634248137
0.024320136777612578,0.5951800171063915
0.02194243420019215,0.7213966629943114
0.03391458483871629,0.19594074969556707
0.018716206320719797,0.8748759987517558
0.0561982326474571,0.0034690701243591682
0.025830307695348775,0.5170249329497788
0.018117081738548535,0.8979916945221358
0.031174769129999946,0.2804499149343763
0.02529656136756342,0.5442278182110116
0.025271776372977617,0.5455036282432102
0.03060290462359594,0.30110164132892975
0.015446361944860654,0.9708515229922344
0.030266041272809407,0.3137791648371045
0.021583804705699178,0.740070593476068
0.024222446580929646,0.6003420575234303
0.037996421023467175,0.10861635975297505
0.030609287072042024,0.300865135418745
0.04055287424166054,0.07255273345720667
0.039759620173390964,0.0824607770943379
0.025308562515107158,0.5436104364896375
0.0367876757567443,0.13025459548149548
0.03713291541022873,0.12374218221157973
0.01562402991081252,0.9676084895847551
0.021409841164018728,0.7490403574528004
0.03342028022603094,0.20950105950202916
0.026846141108158972,0.4648255159567526
0.020541745746780915,0.7926522988591075
0.0391951289690563,0.09018653161547052
0.023883696449754577,0.6183043129806548
0.04872861635772635,0.01674312369288937
0.032845879786474824,0.2261636725313216
0.04166627124156319,0.06036371675118328
0.01924325123030579,0.8527972339860487
0.02243546318610823,0.6954153414718124
0.02836529962141887,0.3926345432392266
0.03920860425119582,0.08999526913788394
0.02305969927813245,0.6622156905687059
0.01943289715007135,0.8444895363435713
0.02224357896691387,0.7055617108185438
0.02095560518587858,0.7721260364748427
0.020939982723946926,0.7729103243511926
0.05056243740797317,0.01161479387753673
0.02608680453730483,0.5041533041565706
0.032393448372704525,0.23999264958279326
0.021465249885240123,0.7461903860979755
0.026496517165081945,0.4826050222474455
0.03313662867150852,0.21760602824076894
0.03853984513097786,0.099907053913441
0.021985925714499976,0.7191175151166014
0.03711727137911219,0.12403139504304579
0.03730753311378626,0.12055139707519098
0.02949931879989709,0.3440764512457535
0.030832096096570116,0.2926942829593218
0.028300748882309545,0.3955348821288921
0.026717870772051233,0.47129788080435464
0.01595388202607917,0.9609897365622319
0.01908097135744924,0.8597579774569771
0.01861967862559724,0.8787486902731433
0.025215872075294743,0.5483851297872657
0.029733539154779276,0.3346067228191903
0.02052346423725282,0.7935462369304153
0.02289483548335064,0.6710028805986465
0.023684614042589258,0.628895756567578
0.013716950733705158,0.9917920854078839
0.02008551207053133,0.8145978596888572
0.0210837833016167,0.7656654503517415
0.03980617141803289,0.08184934750743848
0.019470429561392666,0.8428239864535191
0.039612154062508176,0.0844231529731664
0.036383450276476936,0.1382326439680686
0.01734251223592065,0.9243963717272285
0.018624527754189768,0.8785554612710104
0.02366149706692705,0.6301268495099824
0.019286892673779032,0.8509017046043493
0.01574737598643544,0.9652251472993265
0.023171886297930766,0.656232596392018
0.02584943743683865,0.5160602187363773
0.01509000259206611,0.9766957161285915
0.020941915072770323,0.7728133532249891
0.026396852000970084,0.48775304719496415
0.027179954972979925,0.44825686439647916
0.02095496695761212,0.7721580908043575
0.03478060835679342,0.1738538659176012
0.02072365230609985,0.7836965030278518
0.028420777334714598,0.3901536646889145
0.044236797699710007,0.03873621088201452
0.028396312164002957,0.3912463659047355
0.026800017894466843,0.46714608110247086
0.01566391598673278,0.9668496932852644
0.039910804927724586,0.08048897864248361
0.019611682359106153,0.8364944206700238
0.03455574022632624,0.17938923945974386
0.03277132085427259,0.22839941310615158
0.0172825780646233,0.9262657895350505
0.03653623884744872,0.1351716300453349
0.032637797955875736,0.23244570220542174
0.018818490875716576,0.8707128206716628
0.030555225365116345,0.3028727572495371
0.01882246744645838,0.8705497467219938
0.024108071268508058,0.6063967784589281
0.049441197916303026,0.01454845228231851
0.033747646454036495,0.20044122070863918
0.024112195317581353,0.6061782692906355
0.019213154505979935,0.8540986958145912
0.019440072964695104,0.8441716371877664
0.042537488063643214,0.0520916110744266
0.031649359601865545,0.26412807664006643
0.022482142560645846,0.6929416070178464
0.02184284417106397,0.7266045708371045
0.029079500761254207,0.3615269780560751
0.028505798258066317,0.38637280558760345
0.041224161802477344,0.06497589784503789
0.03059394502009294,0.30143387620186857
0.024159116818862736,0.6036931695834127
0.02545899086939102,0.5358933047386326
0.01822722218837991,0.893910776255469
0.03371986270433064,0.2011980296507758
0.021487668830573514,0.7450353702158989
0.027981811127438583,0.4100822167185961
0.02267986348372053,0.6824441070113352
0.029045498539965076,0.36296728800038325
0.017210968487408995,0.9284657234834542
0.024441520246072046,0.5887793325418137
0.03935310958791299,0.08796552059029783
0.024016085689708255,0.6112740440941808
0.023827421688813966,0.6212960545804558
0.03414993067020611,0.1897312286844239
0.02146133409276285,0.74639201590608
0.026030592554637688,0.5069622293988901
0.03028812800793046,0.3129361958762181
0.016235008443736265,0.9547244514589711
0.028939344064976225,0.3674899964339656
0.017501148012918133,0.9193254230645684
0.0482726737168247,0.01829850299766658
0.02503149330667874,0.557924892816841
0.013817452546253994,0.9910394216605519
0.01574980093218392,0.9651771989200452
0.027549886386337263,0.43036023040592664
0.03353390271538659,0.2063211166819182
0.023904438565971353,0.6172020791149253
0.03439789640472446,0.18335749686317707
0.025368736241474843,0.5405186549255359
0.03390009258536093,0.19632827487139717
0.03163043365894064,0.2647649749295331
0.04013479576526896,0.07764088705583681
0.05258744759324985,0.007635169824988888
0.04881663835295924,0.01645685685665814
0.021238482118798474,0.7578100762964856
0.03056988799943544,0.30232727880121185
0.035845324944573265,0.14946486172405393
0.01971284089819264,0.8319035202725698
0.017919812648430677,0.9051029089476417
0.03440378428455937,0.18320823725057672
0.030248584127056777,0.31444661129094326
0.025639371235794822,0.5266940825804771
0.03254504549246434,0.23528870949259978
0.03132771380104726,0.2751097779843413
0.03837610488608767,0.10246784464065913
0.0275184402903475,0.4318625408181304
0.020668340850716116,0.7864311115278759
0.02007948315922746,0.8148825000301234
0.021056744766184687,0.7670320206334582
0.028453363968242718,0.3887015216833695
0.019984669902035124,0.8193392483641766
0.027276323838863137,0.4435476498825352
0.040775048676441494,0.06996595753207767
0.03026384923718639,0.3138629170502009
0.027739014491623748,0.4213992046545601
0.022697642281461428,0.6814988399111066
0.03290547025258739,0.22438893366841575
0.028017948596987363,0.40841575834995447
0.027139670975216856,0.45023523183319114
0.02214362936010711,0.7108305528503525
0.034467071685262085,0.18160994102860786
0.019603757047729847,0.8368520792800233
0.025107432300500276,0.553989222369742
0.020679047032736486,0.7859025624259097
0.022572103046607395,0.6881690207876237
0.03655437714495058,0.134811935149669
0.022290125209789013,0.7031040263942597
0.03861523037332809,0.0987461235662081
0.018757079545027477,0.8732196589732508
0.023342536498524913,0.6471298961900199
0.030237137446315232,0.3148848189965935
0.02213909424881,0.711069328535207
0.02491120592252488,0.5641770430514547
0.03258944967519575,0.23392434510703075
0.03265066135623779,0.23205350958123877
0.03089017977971742,0.29059145663199554
0.02872037644219172,0.37694418141116715
0.025971265872387406,0.5099341433416887
0.03282262213607545,0.22685926484828625
0.0246935088906709,0.5755448661135222
0.034635822929696414,0.17740211536589773
0.026460285779890458,0.4844724015749367
0.021455323629890527,0.746701439020711
0.02651509057029605,0.48164955304472695
0.02156298622348518,0.741147331319579
0.017345330860063846,0.9243078257698504
0.016937136758800098,0.9365370877489462
0.020178347881313813,0.8101964144295856
0.03390671598811934,0.1961510894885753
0.0242325826552382,0.5998060389406257
0.020224873542900867,0.8079777834327002
0.0187135194401557,0.8749845396127852
0.026391080619742158,0.48805223958286004
0.05310569273645077,0.0068397899614647435
0.03033478134696832,0.3111610492086264
0.031134527624582797,0.2818677223716694
0.028617654070994814,0.3814375443813134
0.024175253275436404,0.602838968503778
0.01514585502578003,0.9758368778289431
0.0219513943230909,0.720927345710975
0.02609978168387128,0.5035058054765991
0.031463422577936384,0.270435430670297
0.029450274680825117,0.3460834060146918
0.02292412325227111,0.6694424846847485
0.024613516823852488,0.5797377465259942
0.021865654023923153,0.725413167527763
0.01815968662208106,0.8964223841145607
0.02189961136917573,0.7236379470419608
0.03192118921878828,0.25510728749310835
0.022981906382105705,0.6663630368875804
0.020124274191166802,0.8127642927581648
0.02676102512387435,0.4691138156733062
0.025686206314915944,0.5243156606956574
0.03210389745884662,0.2491763800889702
0.032886925245524834,0.22494009100761156
0.036907514853355916,0.12796299304338993
0.0175443878306734,0.9179125135474729
0.0251844245437699,0.5500083386889452
0.05062839222319515,0.01146014380168623
0.037874395086925805,0.11065614959895999
0.04140662749358642,0.06303712304340311
0.033075626690726695,0.21938040288147279
0.019055399219262803,0.8608420022752685
0.03088650732526954,0.2907240797013975
0.043915740842737305,0.041002357053900707
0.03150364644000142,0.2690614693594616
0.028457713048454236,0.38850799996488905
0.025819207245066256,0.5175850714830854
0.016285155261516415,0.9535458961861624
0.03418353552079334,0.18885736057617925
0.03792011539670964,0.10988820600473159
0.025017930234151553,0.5586287658970852
0.03888262426791855,0.09471858931515606
0.018881605934729706,0.8681139033383742
0.019692614240861245,0.8328252583632858
0.021267527406981873,0.7563284984560505
0.02916095758511683,0.35809298641809595
0.02022631081048737,0.8079091118133447
0.018714481607939593,0.87494567615866
0.03634434067582332,0.13902516851505234
0.022482984766224345,0.6928969573852467
0.0240518815860373,0.6093752955837642
0.022726569731528645,0.6799604076642232
0.027413542991639117,0.4368994404509855
0.03582665099512983,0.14986749261924404
0.019167423405148654,0.8560671331103937
0.019155463701239883,0.8565801004809586
0.03335464241206504,0.2113553654168925
0.026937563334253012,0.46024828327078077
0.013137011747795344,0.9952572812277299
0.019856482000129683,0.8253045874893001
0.04234868474088205,0.05379616259531878
0.03904462726938135,0.09234594503786896
0.031868975191115756,0.25682169395516063
0.02629342318968131,0.49313281639712564
0.019714809383776177,0.831813715422953
0.028456610526094772,0.38855705274444047
0.017678889745256665,0.9134343242732121
0.0261732824041202,0.4994295345401845
0.024480303062344638,0.586737605559074
0.04792671143661453,0.019563524508537218
0.031950362911204344,0.2541531724762115
0.021910284120222223,0.7230796183996097
0.022639773251882295,0.6845748889847076
0.02378308123390005,0.6236545928688326
0.028552894056362757,0.38428947265345026
0.018106544572570438,0.8983780032777653
0.027426761127222754,0.43626257677519115
0.02735038156748515,0.4399512349282954
0.0334307991603956,0.20920507417315598
0.029775236447133535,0.33294073533028956
0.042140234355149964,0.05573369806456553
0.02093918572778497,0.7729503169226608
0.037525124048878755,0.1166703109436373
0.018204196908646164,0.8947703647131393
0.01992448004361541,0.8221490037235493
0.023129546761961023,0.6584908383623854
0.0276063574713718,0.4276712296641441
0.021057397366633868,0.7669990603357022
0.02413000426924894,0.6052348380923727
0.018947204010947682,0.8653888608662426
0.021883517162565813,0.7244795496445762
0.01405760793608618,0.9890372830905058
0.023605420452179726,0.6331140811864638
0.03405388651107644,0.19224634516133327
0.03513785257215302,0.1653401230717732
0.017375301014623035,0.9233628353839479
0.01407465317325074,0.9888838361135677
0.029622795489154363,0.33906053644790535
0.02085560238965367,0.7771342197627268
0.043067449961936344,0.04755379205226816
0.024858527161519817,0.5669218149611077
0.012842810934250382,0.996516650818027
0.017547647194967986,0.9178054804481044
0.026348545309922033,0.49026095130978625
0.037714097641403765,0.11338373308304373
0.05239988171219645,0.007943183855381607
0.018224173930350362,0.8940247699193564
0.01755607383367941,0.9175284175109827
0.019018864938992297,0.8623845429097571
0.030805077846399742,0.29367626204719943
0.025205095422779378,0.5489411975883732
0.04163761428119317,0.060653930427357505
0.024884164461247027,0.5655855126302018
0.021648312038892503,0.7367288266434255
0.018957461547426113,0.8649605688179626
0.021904892162431855,0.7233617128440856
0.027632935720747986,0.4264095823362972
0.01976350606381505,0.8295864999196338
0.013686008893238899,0.9920141138286713
0.021785522702143068,0.7295947498083943
0.034177215659556115,0.18902146109534818
0.023802206675038573,0.6226371504062385
0.023221293097402174,0.653597213226989
0.01980106425410927,0.8278614188303504
0.04031242306008581,0.07544335701393072
0.01847183938750252,0.8845718370281178
0.020743577583398065,0.7827090099731783
0.03907083652026988,0.09196680870337949
0.027666197517221103,0.4248342222647604
0.02379225857130407,0.623166349234526
0.024386847721191707,0.591660364124989
0.02291036021066961,0.6701757929586742
0.030797687890994796,0.2939452738677472
0.031359601251542024,0.274006053708769
0.015874371621426353,0.9626570420757193
0.04242757773266642,0.05307814347415858
0.0354280172194259,0.15867308932584845
0.03053656339184202,0.30356806459465174
0.034954429039725066,0.16966884935027382
0.03345356824823337,0.20856550477235145
0.049637934342783574,0.013989881198219386
0.03585252536285838,0.14930984618073997
0.03997594934161097,0.07965169751559274
0.016476569569153776,0.9488769157835287
0.02324433384779978,0.6523681688568608
0.03253761530868904,0.2355176038636295
0.029765835941575447,0.33331580314357323
0.023445222689057688,0.6416533849931292
0.03496181342292637,0.16949285219036475
0.019411871863330654,0.845419518053219
0.030871880598473678,0.2912527383824049
0.024550500466490544,0.5830463961721846
0.025990514496251477,0.5089690813776807
0.012234629956187182,0.9982935982014838
0.02428049546537958,0.5972735986909157
0.04334171215303739,0.04534282855943807
0.03342286412301276,0.20942832275867496
0.027176720757052575,0.4484154844619033
0.037918507274309954,0.10991514189102772
0.018165823274088166,0.8961953782903647
0.03171989253529417,0.2617646509130227
0.018575327575878653,0.8805094707424402
0.021568579442691416,0.7408581339156391
0.014471677991530763,0.9848559280994722
0.027388864429585547,0.4380901487562328
0.05624327542698537,0.0034339633976710965
0.03793207740992943,0.10968801489141322
0.04183139185280471,0.05871459515108764
0.021702484465466854,0.7339163088664037
0.01723559082246484,0.9277134395537663
0.031073761051492177,0.284018783663665
0.022892992084281027,0.6711010824423416
0.020708954208405572,0.7844241336488712
0.023574269410410853,0.634774001313475
0.013384639684894006,0.9939503647445944
0.029089506470256044,0.3611039144209543
0.020209170228067563,0.808727556027182
0.02981068464730674,0.33152913607275974
0.02442843105288156,0.5894687893872792
0.020309769386869486,0.8039079835014069
0.030489657117368285,0.3053208736938796
0.025590717258023754,0.5291693526809568
0.024493349585807178,0.5860511481792546
0.04767333847568528,0.02053887704708944
0.02105834161385778,0.7669513680626261
0.0255131182969639,0.5331264768871651
0.04034401966250728,0.07505803004178904
0.02921694954876397,0.3557459764687322
0.02504092233620603,0.5574357280015286
0.048073335019501395,0.019018164223500493
0.02807155024832686,0.4059525044592179
0.040278019058573644,0.07586482553491304
0.023793654541690357,0.6230920860843843
0.04307634330198973,0.04748065949833326
0.01997793109095125,0.8196545878357645
0.025245258680238192,0.5468697862099612
0.019098335174759118,0.8590198927212076
0.024738865969667234,0.573171072460469
0.027538100547413236,0.4309228753948237
0.013327697122589188,0.9942724329233731
0.020840222051590196,0.7779018639998772
0.02170060242812799,0.7340141118173562
0.03062131280642405,0.3004198852616917
0.040568714258590766,0.0723656569941482
0.0232364568845973,0.6527883448875902
0.022618699021213384,0.6856945438855484
0.022147782750263745,0.7106118519594439
0.030565344080009604,0.3024962441335299
0.023427433181997123,0.6426020294661718
0.029945760522655296,0.3261898107547467
0.012233860271898007,0.9982952597485524
0.016261112480311146,0.9541132616822487
0.01867177263361952,0.876665520125108
0.02617574023827679,0.49930020351592347
0.03131396625533622,0.2755866478321225
0.03823485654588471,0.10472050887974785
0.018789661399949864,0.871892363147569
0.03558961509065242,0.15505468017866475
0.03277253506017125,0.22836286794208596
0.030819275690014247,0.293159937800466
0.02020536425645303,0.8089091324927369
0.02807372611256203,0.4058527288131401
0.0150037867616023,0.9779806269282793
0.03170681941622022,0.26220149858750796
0.04907158860182703,0.01565227862192112
0.0239876421470189,0.6127834686427827
0.0313720282497941,0.2735768149167977
0.025716571551332668,0.522775914146348
0.029198141713836168,0.3565331211299967
0.02267371686761857,0.6827708654405582
0.034555254936349145,0.17940133470475783
0.020984064821315762,0.7706955104430715
0.025859482435863473,0.5155539485219687
0.03903723388396857,0.09245313220683381
0.025444149429544982,0.5366528892693597
0.02940107774082884,0.34810500750256407
0.04182938367725608,0.058734416949154114
0.029596508097662455,0.340123969087536
0.02774391959413136,0.42116849434219006
0.014442756304532178,0.9851797652797881
0.026111817984421637,0.5029055786628261
0.027119927543861,0.4512069573309297
0.03155700448643328,0.26724696606122017
0.020050381789442517,0.8162543670377623
0.030472719451478697,0.305955627640146
0.01980203231498817,0.8278168716241486
0.01916770976512311,0.8560548414565012
0.01851309548517277,0.8829601609180401
0.02118624607004327,0.7604693641911264
0.024217013040175872,0.6006294341870195
0.025104577638743852,0.5541370059905574
0.015381444239574549,0.9719812115924705
0.04419418896179983,0.03903052550849616
0.03018084457893927,0.31704633349386363
0.02094658580393083,0.7725789176702206
0.024992091499748736,0.5599704777155179
0.018126497685160725,0.8976458805080382
0.019951967926955638,0.8208677324770788
0.02348200990591237,0.6396918665289331
0.027308998349226843,0.4419584861525938
0.042037194951066226,0.05671341374043079
0.04604702646957404,0.027895718415144533
0.04230532062818859,0.054194379531100775
0.02082324552652648,0.7787483505325317
0.022304959294776383,0.7023202689213055
0.021051006875252354,0.7673217694837277
0.022381474776003496,0.6982739056928432
0.041082428866189014,0.066516798863975
0.026534684831406613,0.4806428990468135
0.04267211488379913,0.05090481925582661
0.027461890238902886,0.4345730503804037
0.029942091698028972,0.3263340058708606
0.03459996331276627,0.17828974451307952
0.031180585372917513,0.2802454347672993
0.017398493258299896,0.9226271877555837
0.027361899460594807,0.43939365879290654
0.023529375934040725,0.6371667421041239
0.019526961864607117,0.8403022851599798
0.02393956759808724,0.6153359514906916
0.021424916547499784,0.7482656149996445
0.034855488688062986,0.17204104310502613
0.04120264415046315,0.06520785387760959
0.040709924891890015,0.0707159380731126
0.014877054581647675,0.9797807039622743
0.02918947230923119,0.35689636867814933
0.02482500193976278,0.5686706651464413
0.026124303749646804,0.5022832725218951
0.025227906769281494,0.547764376474017
0.02477037890150735,0.5715234258007451
0.022940050655926525,0.6685937726633429
0.03461194074056706,0.17799287765801747
0.028882480040470837,0.3699289565839804
0.03319763337044218,0.21584270976741943
0.029365498358760345,0.3495722795930627
0.028421472918567225,0.39012262843936685
0.025376127606308585,0.5401393174045841
0.015177185215499378,0.9753459330165637
0.02770616499260775,0.4229464836011153
0.04221694691108724,0.05501378867811571
0.023722295077763356,0.6268895501515959
0.048381901018637874,0.017914570741943955
0.0128748006504954,0.9963938885634329
0.02361368863246671,0.6326735573332757
0.020939370290848136,0.7729410558711796
0.015603896367333059,0.9679872100020096
0.02802106170261942,0.40827241665130953
0.02836522334932734,0.3926379615164075
0.027022930768482722,0.4560011239680587
0.030955551097414435,0.28823820006991446
0.04139937002445604,0.06311328123201111
0.017565682551334727,0.917211884335353
0.02404733568886458,0.6096163734697453
0.03856478816407738,0.09952167980636768
0.042546701903588224,0.05200963289228879
0.024699760666213044,0.5752175154550796
0.02610738933370571,0.5031263900580413
0.026335029234673693,0.4909641405905543
0.03692139443322928,0.12769972713655595
0.028850330582106898,0.3713129108836001
0.01767197813118318,0.9136674942884095
0.016598629306236234,0.9457585705411871
0.035884281593805634,0.14862772382990483
0.018876622326283066,0.8683199391938243
0.038574470294727936,0.09937242330931477
0.04076869899423563,0.07003878300035585
0.020445086007685936,0.7973656638194246
0.02375373632223221,0.6252160624625733
0.014629817320086336,0.9829967617190637
0.01659913318203443,0.9457454700663231
0.02182463808262436,0.7275548935233433
0.042198928951345915,0.055182155249096025
0.03577725929790748,0.15093665151934182
0.02357416764798237,0.6347794243701054
0.04877033856023982,0.016606882770663647
0.02227014058097576,0.7041595308378488
0.024696647715321762,0.5753805070618195
0.024705313163550735,0.5749268224070703
0.03768693694057601,0.11385134793755487
0.03823849204010393,0.10466201770705941
0.03060660480685562,0.30096451189669365
0.0298511905123926,0.32992142633368043
0.024093984249462852,0.607143271147987
0.0165898458480232,0.9459866347651888
0.0202783989144995,0.8054150321753566
0.03062945205819942,0.30011880661419843
0.02553598781131028,0.5319590837378465
0.017317502284960096,0.9251795737698055
0.029754677671526397,0.3337613986305783
0.021934889720201814,0.7217917360646531
0.02577264202143925,0.519937511815261
0.021052871137651974,0.7672276387639668
0.02127308653831239,0.7560446981251139
0.024973769199567675,0.5609225008024786
0.018478734378238493,0.8843032077715961
0.025444920816506733,0.5366133998578325
0.015939384794557365,0.961297163855906
0.021482370343394952,0.7453084430255508
0.04239842273084071,0.05334252011996371
0.03184064763899069,0.2577554452888446
0.04296794545264693,0.04837872207784776
0.019909010221947854,0.822868666102513
0.018503363839561304,0.8833412661951365
0.035131038956419114,0.1654993280476764
0.021361556118212804,0.7515183615634373
0.025272952032401763,0.5454430873667595
0.02951283789871012,0.34352469804725333
0.05029911634863804,0.012251174910873677
0.024888530946186704,0.5653580104109339
0.012959250195747729,0.9960537052881772
0.03159073742601437,0.2661045909810611
0.02045277006456203,0.7969921683949351
0.02830213378165508,0.3954725019295777
0.039215428184239176,0.08989854292248067
0.021952652489587,0.720861435144767
0.028186879298026213,0.40068720718025624
0.04847324082682472,0.017599057890996934
0.03435220128749139,0.1845191530395587
0.028204195291882672,0.39990073285267436
0.018385816246483278,0.8878986690570169
0.01872408867821082,0.8745573343786401
0.03176954433942844,0.26011049935740527
0.023653629456788727,0.6305458884891821
0.026636024781962364,0.47545838441560745
0.02591196034094756,0.5129124311308217
0.02356050656710318,0.6355074714075015
0.03125539011727416,0.2776254424701893
0.015956337774078566,0.960937508610807
0.029645579823451784,0.33814075017237866
0.05740732171173435,0.002632742061262462
0.020260575760662092,0.806269605616534
0.022218970776790026,0.7068600457477847
0.018014005037782943,0.9017394591407999
0.03195232370333584,0.2540891425506883
0.02296379867299969,0.6673281703173248
0.022349957991280645,0.6999413343357369
0.02615403309434214,0.5008029020584002
0.01725645898486855,0.9270724537629849
0.04082342654144938,0.06941321672829662
0.02175632154268342,0.7311158624893415
0.022601262395769206,0.6866207002495351
0.04013139117627096,0.07768353058136511
0.03428001347991194,0.1863661424995917
0.02920658578005403,0.3561795676361207
0.022988245949315006,0.6660251174273545
0.030627538315294744,0.30018957779703026
0.018172007967887982,0.8959663493628036
0.026323354416418088,0.49157205882622684
0.048226102081422584,0.018464424720951843
0.01841324893387075,0.8868427186742526
0.03220358954383978,0.24598474977764445
0.043443491259597344,0.0445453311570116
0.04044667321518408,0.07381764223075409
0.022012848652490702,0.7177052320518778
0.013446738903219901,0.9935837882021233
0.02798070813020287,0.4101331538694343
0.036030054074521645,0.1455287605736052
0.035737202868620144,0.15180824347851687
0.028419707273951045,0.39020141306547307
0.020505890917839956,0.7944044608832347
0.01958822879594077,0.8375519881268741
0.027847390612122158,0.41632174267948774
0.019410897470624522,0.8454625637208596
0.038810626976628515,0.09578927907479981
0.027188637665274906,0.44783121198191767
0.030752781703403176,0.29558388183661627
0.013170482643647952,0.9950945162648938
0.022892491015309713,0.67112777523683
0.022780353979149015,0.6770987618847144
0.028193792560950587,0.400373086324842
0.029284057506246186,0.3529474395637864
0.039205627925515074,0.09003748455685956
0.01725520657486293,0.9271110107132011
0.03281825004484895,0.2269902096039287
0.02543200415198682,0.5372747811666233
0.029414879905718228,0.3475369997876332
0.03581383787834369,0.15014426342676082
0.028597194179135532,0.382336964672346
0.021788079458723797,0.7294614955963168
0.02542483698867659,0.5376418964975103
0.017773278719935476,0.9102172211498026
0.03868269232115984,0.09771676750088186
0.039321163860178254,0.08841089500016068
0.03345481020849739,0.2085306627227192
0.020211787346041343,0.8086026651122373
0.024900395672049658,0.5647399741550889
0.04320665471572899,0.04642019028119872
0.015578319354259462,0.9684641727432984
0.03276043663352368,0.22872720731931726
0.026882753574763885,0.4629888612366469
0.020406273987842227,0.7992489627888275
0.018103896016942123,0.8984749897311992
0.027829276528720914,0.4171674812861183
0.03498156517842921,0.16902281007928538
0.016183849030981023,0.9559077416479248
0.025321766926570732,0.5429314417523017
0.026261735506167005,0.4947886309850894
0.02295142914992565,0.6679874019718215
0.02924489766787719,0.3545785742496025
0.023820119015446034,0.6216844214017201
0.045561941833299424,0.03050030376758148
0.017856507934425475,0.9073301332012105
0.03914303307646694,0.09092916757363509
0.03317641391858672,0.2164547895977406
0.018470596558403773,0.8846202267103186
0.024370277910930938,0.5925341559948828
0.014584249192251236,0.9835479920769098
0.02136224680593901,0.751482952494509
0.02808167452286303,0.40548839242738255
0.03316506073308195,0.21678282669467916
0.020989856727046896,0.7704041007756308
0.04321102537810467,0.04638498078068867
0.019446979568085387,0.8438654242042556
0.019513946229238077,0.840884240576147
0.016963720734490567,0.9357773593834479
0.026687664588140092,0.47283058192090616
0.02022180271070939,0.8081244788692329
0.03133391909671479,0.2748947331818544
0.03306985894451708,0.21954874778049802
0.02112405205349069,0.7636265999619379
0.02165610277873875,0.7363246875833165
0.04991195655326486,0.013244010374440994
0.03452870923989332,0.18006393806607926
0.0272640409896579,0.4441460266508189
0.02374983564153324,0.6254236537251956
0.0308890337359643,0.29063283881264
0.015119086883995492,0.9762510993228538
0.03304137813689506,0.22038149078818586
0.02353162704605327,0.637046747931351
0.026516577063555813,0.4815731366356159
0.028369554160872723,0.39244390070109436
0.01838161794747184,0.8880598587096868
0.017895273895551234,0.90596943776532
0.030526327275256393,0.3039499392175188
0.03897022672433914,0.09342934061627454
0.02276969355470282,0.6776660854508949
0.020969572037530693,0.7714242771186657
0.026894138569041548,0.46241871079646785
0.028983561050147266,0.36560132932655437
0.034580852374770155,0.17876423208440734
0.03519170144876682,0.16408620833253487
0.020321739549933326,0.8033319594281022
0.01712665042599093,0.9310088604649445
0.028669065062586013,0.37918403079567736
0.028857728881961586,0.37099411050854597
0.03546456065862891,0.1578489549487787
0.030035738063977746,0.3226678711053681
0.021294804477664298,0.7549352602907284
0.037550978862507356,0.1162160683745454
0.014557560361473432,0.9838649749135522
0.02100562313804219,0.7696103670540131
0.03548039713913265,0.15749287679561788
0.03716268881604401,0.1231932861978495
0.03236784071570775,0.24079428067653158
0.01676116826895252,0.9414357191859736
0.0192173824802242,0.85391615276398
0.018251455280410167,0.8930024364151343
0.025443489483134796,0.5366866745891716
0.01822107351936475,0.894140652939463
0.02754280877729265,0.43069804942745155
0.018982430644336912,0.8639155674435656
0.02070828964534266,0.7844570166807705
0.02241864505228755,0.6963061198184113
0.023388562639575505,0.6446750266337692
0.02998101634205086,0.32480650948029294
0.041809638588098386,0.0589296178326689
0.03070710286792755,0.2972575926918179
0.031556776306022716,0.2672547059807549
0.022987431863409014,0.666068511494478
0.026536450616955254,0.48055224905158755
0.024540628826757338,0.5835651333896008
0.02164260337217222,0.7370248862007687
0.022119497445013514,0.712100805060897
0.02464385317644091,0.5781466806872386
0.015092773273964244,0.9766536039838887
0.012969881599746519,0.9960091864086702
0.0190882052643776,0.8594506831866212
0.01685164445829135,0.9389453453816718
0.024977196319799555,0.5607443899189732
0.02911003085012953,0.3602371948020712
0.022872548071540877,0.6721900881333356
0.022979786791552603,0.6664760153025229
0.030596025154041362,0.301356717842775
0.02483654055251097,0.5680685730464652
0.0321414285961793,0.24797115181357102
0.03512765706184756,0.16557839390189652
0.020308233206472903,0.8039818682708352
0.02481517913080955,0.569183371597829
0.03594332402778594,0.147366184914
0.02737913730042235,0.4385600673449192
0.02476085206378087,0.5720213939315237
0.022190823042169128,0.7083442497158903
0.03815598412325527,0.10599617745069075
0.04010619743948873,0.0779997060599586
0.027814179012269208,0.41787327089089565
0.027864450380064576,0.4155262983769139
0.021438495769405708,0.7475673333738271
0.04308775146048094,0.0473869895004143
0.03159261266653471,0.2660411933561083
0.028036256793516956,0.4075732595673538
0.030210534770002295,0.3159049564104592
0.022864586788507724,0.6726141210185839
0.02508488325058983,0.5551569213673955
0.02159041020259278,0.7397287743061174
0.033262599996355946,0.21397707441579447
0.03770589963765755,0.11352470744361975
0.026579625212811653,0.4783392522889205
0.02259161937323384,0.6871328007748034
0.023256894039626386,0.651698176667588
0.030954930282444698,0.28826048167967994
0.03864985171237789,0.09821673647608413
0.021955572164825937,0.7207084752126993
0.024103251616111265,0.6066521611311331
0.017047317123478428,0.9333547829313222
0.041636137428768594,0.06066891908827443
0.03072030501515388,0.29677313833398794
0.02437099224491493,0.5924964804248056
0.020732994149399997,0.7832336787263438
0.01979350516567724,0.8282091214648024
0.03195435466930463,0.2540228339733251
0.02001156976337909,0.8180785876187516
0.027307563172541682,0.4420282076457143
0.029304131637738207,0.352113359821472
0.029712623884155964,0.3354446359400893
0.018114538564671157,0.8980849973418465
0.03747697673390571,0.11752010802545568
0.041508555104775524,0.061975794196499914
0.028018256949429055,0.4084015588473666
0.01595332627574067,0.9610015499644282
0.02350410164226696,0.6385140663842099
0.02217514464068382,0.7091705412457173
0.04637127565290822,0.026266119809665072
0.018181620885602823,0.8956098783283694
0.027148191434520463,0.4498163046525089
0.0211954029671087,0.7600036878291917
0.021205964071150274,0.7594663385683249
0.021033586181793018,0.7682009222144848
0.02413841286526003,0.6047894834410257
0.02832726388367801,0.394341744949123
0.029833168997621118,0.33063601770748796
0.028405075000057345,0.39085474293208794
0.028266906546184578,0.39706136114381035
0.023561479921149764,0.6354555960246397
0.031686923460634286,0.26286739045689506
0.01827183695249579,0.8922355646802376
0.026935121585542343,0.46037014657385056
0.023656040524732913,0.6304174692914104
0.03052243404772781,0.304095274845098
0.02612230797669013,0.5023827214213289
0.0201396085634018,0.8120372655617225
0.01918197432575164,0.855442003287739
0.016030777294884224,0.9593334906931203
0.01599568075810076,0.960094785277652
0.030616667006222675,0.3005918374589684
0.03511786098994146,0.16580758820097533
0.016509911805082433,0.9480360031803812
0.020909809448792005,0.7744231175823793
0.02595580250253382,0.5107099925682872
0.03535945682916275,0.16022859005320783
0.018986935653057563,0.8637266568485678
0.03210029846511531,0.24929218715624268
0.026679587885566125,0.47324095536416766
0.026894256263847394,0.46241281915989024
0.037352844037993105,0.11973457272459893
0.031796560032017473,0.2592137908945698
0.021068892160574726,0.7664183149500774
0.019850380276391855,0.8255867676211958
0.0396911056311231,0.08336768577244406
0.03222879267435108,0.24518282386339413
0.025725411088092898,0.5223280241575516
0.03788694650158719,0.11044488837788562
0.029124817819802362,0.3596136727277543
0.03473185261200662,0.17504236510572324
0.01622040895538357,0.9550640922044301
0.02787214150460085,0.41516802401167247
0.031014528553106047,0.286127267029241
0.03599735630683265,0.14621929248404092
0.02381531167911835,0.6219400987403694
0.01586726941057548,0.9628037403669766
0.030208058720912923,0.3160000282973449
0.02578442897172112,0.519341630698452
0.016930732462178577,0.9367193421574874
0.0259356969945318,0.511719505831201
0.017185188541945673,0.9292487103800408
0.03406064443203588,0.19206852169003596
0.019650902322292163,0.834720135533903
0.04373203671795722,0.04235028325224353
0.03346640631222564,0.20820556341382504
0.02943379823631584,0.346759519651205
0.027608942794218216,0.42754839591162397
0.03111358058029523,0.28260784743055845
0.01945653263071012,0.8434414894787488
0.03264547957770847,0.2322114358461647
0.023371223254167628,0.6455998191876646
0.018589678118565378,0.879941030983032
0.028796770428452856,0.3736266164311423
0.023657457464861753,0.630342000782068
0.036324530486586126,0.1394280120932279
0.026902398426029206,0.4620053539450858
0.02426368348765262,0.5981619518039196
0.019530725735084298,0.8401338424161068
0.016165589194364116,0.9563254240872356
0.012940399610876119,0.9961317004072712
0.026797517999848586,0.4672720733328663
0.02712514824174983,0.45094987145241433
0.029033327392084363,0.36348383367665504
0.03357609209596207,0.2051499932751378
0.03437195912851121,0.1840161598590387
0.027384070415340966,0.4383217058545979
0.027158069042642508,0.44933097466481575
0.035385246504539114,0.1596420444445883
0.018660901920389217,0.8771015548378348
0.03313327082121603,0.21770340865824203
0.021088820002497233,0.7654106714122777
0.019453775234554438,0.843563900141721
0.03253813393151711,0.2355016216237546
0.04154236784922205,0.061627111602593355
0.039814698650586844,0.08173776152220202
0.026264083003588623,0.4946658421158811
0.02907490737177465,0.36172131419038145
0.03155784520252146,0.26721845027764696
0.03017924808852268,0.3171077922089035
0.017817555360707504,0.9086871769948596
0.04571318972806149,0.029666125146088084
0.024013849034732138,0.611392716294423
0.058543830044016254,0.0020205524452490287
0.027003876222570306,0.4569468615907689
0.04683684224977114,0.024073583897517136
0.016944552981060457,0.9363256619668259
0.022825318931300576,0.674705196880452
0.02611325340279047,0.50283401826539
0.027221156925691825,0.44623940920259986
0.028912431074533118,0.36864290804268635
0.021456354155180213,0.7466483923504462
0.012193482810871958,0.998380630416097
0.0265713441249609,0.4787632008841498
0.016043617625526196,0.9590527171386231
0.038945162200626715,0.09379670804482848
0.022983820480904638,0.6662610104574931
0.021418742655836043,0.7485829596653335
0.03605245728032147,0.14505716055585374
0.023927169546196878,0.6159944702566322
0.017944376738903367,0.9042314537980939
0.023746449773427436,0.6256038530888333
0.026082559678783257,0.5043651821453425
0.03415400438346017,0.18962512560952935
0.03920714563111338,0.09001595574619385
0.028444308633889692,0.389104673164396
0.018404642847242803,0.8871744909770015
0.052122184975970653,0.00841998741316624
0.03186657667330556,0.2569006562093785
0.023489010631201013,0.6393186168422333
0.026511767724230473,0.4818203995916617
0.02673018837948027,0.4706738029258927
0.03641573855807678,0.13758111835724152
0.0369401576708539,0.1273445332770836
0.016514660189831498,0.9479155789788143
0.01734245256404643,0.9243982456849328
0.021201185076417328,0.7597095285681602
0.026286285108158114,0.49350550004120036
0.02526609625718612,0.5457961603389367
0.02552307220597183,0.5326182518620077
0.020789861063051973,0.7804104231899294
0.028176366268660713,0.4011652174500435
0.013600013320448523,0.9926078402844479
0.01892611732324101,0.8662674675566079
0.03025029821627112,0.3143810299673808
0.024065500361167946,0.6086531601384113
0.024922913621789555,0.5635675701221823
0.030117684730969707,0.31948436629036775
0.028741291961718263,0.37603383815753194
0.026651225513437793,0.4746838756547869
0.02461484648542822,0.5796679851816702
0.019649806809766912,0.8347697934150385
0.01702294100918511,0.9340664354025415
0.020481956697400716,0.7955716065410465
0.029821290071239626,0.3311076530907294
0.020813232260513903,0.7792472254489697
0.018271238595553685,0.8922581158087785
0.0322793942472307,0.24357877171576323
0.022628249595550903,0.685187168550717
0.028129366504871522,0.40330702073945823
0.03187493925360452,0.2566254290015572
0.017748445680418112,0.9110695250032814
0.02564921964300948,0.5261935984778091
0.01795805732620362,0.9037443664584446
0.04431335422852767,0.038212272003607876
0.03659032765850101,0.13410131557244345
0.024453885883482074,0.5881281605296571
0.020356572037929434,0.8016527340736098
0.029846895269440565,0.3300916405016159
0.021030434826861177,0.7683598700710782
0.022390018828323144,0.6978217036329828
0.024907415082259354,0.5643744273020359
0.02452249602078138,0.5845182780960803
0.031022318042035035,0.2858493246283528
0.020608943260678914,0.7893566921850322
0.019790930799473028,0.8283274788951223
0.02635727256257958,0.48980725090047256
0.026159117822588063,0.5005499033540991
0.025991566127593957,0.5089163787108081
0.024056725875481022,0.609118410784705
0.026497046128900914,0.4825777938475707
0.02773653790898456,0.4215157227056891
0.025967581286981956,0.5101189655907832
0.02333607022071868,0.6474748014893803
0.020162830481863514,0.81093449673315
0.031539630874364066,0.26783676397167516
0.02621903557318231,0.4970255193968329
0.020947129914226204,0.7725516033758981
0.02737350031408381,0.43883254530982835
0.018638712197663665,0.8779894323683309
0.019990089678438516,0.8190854942035319
0.030972026833396893,0.2876473377669414
0.038496248261561034,0.10058361782923066
0.01736725376624615,0.9236171996635422
0.016607363227775562,0.9455312289142256
0.04760593155927917,0.02080554720965141
0.02977105693818094,0.3331074546576477
0.044399353945149156,0.0376310980763532
0.04210039963238821,0.0561107134241149
0.023726931706435694,0.626642732058641
0.039815183756991,0.08173141735757881
0.028371227955977463,0.39236891685090697
0.02608226868620589,0.5043797081901569
0.03253079692120367,0.2357278012906747
0.04093193140204687,0.06818699768622798
0.02168136554950284,0.7350134106345483
0.027831388461790674,0.41706881585895356
0.023570596848256437,0.6349697191794635
0.028002522656086604,0.40912654828075534
0.020457602620136295,0.7967571674125735
0.04768362149282923,0.020498464879864564
0.032846691606979145,0.2261394222285522
0.020863293774867953,0.7767500722007368
0.035135672176383415,0.16539105624563813
0.02479304456716208,0.5703391849431012
0.029513133993049223,0.3435126206815689
0.03897472358063919,0.09336355831013751
0.027774516835972096,0.41973129647379087
0.03020911830464368,0.3159593413236118
0.03699463607606013,0.12631781934712438
0.017929914158753835,0.9047450273316319
0.03731735308839179,0.12037398383835256
0.01964650199460083,0.8349195616779148
0.04906913376388078,0.015659854413389518
0.030108986853049288,0.3198211782836148
0.017644987987052982,0.9145748791855799
0.02590632648587532,0.513195742442921
0.028789167870518884,0.3739558520056963
0.023158238551422156,0.656960540678813
0.026563176270640282,0.47918159172917335
0.03308276206934019,0.21917227869913336
0.032210532666058056,0.245763631011907
0.03633823731126701,0.1391491805789186
0.029127676861264606,0.359493203799404
0.01964132046213407,0.8351542768577577
0.04922645931535036,0.015180930777301668
0.04424691842230699,0.03866658867098618
0.033811203027862724,0.19871836310618923
0.029518633604842415,0.3432883527694739
0.03188063800977625,0.25643800073220785
0.017326365686581857,0.9249025201915771
0.02790060287900442,0.41384404483105985
0.014674746119875015,0.9824407884367136
0.04074506936895028,0.07031036149308269
0.02317946245210728,0.6558284916445322
0.03007790908114416,0.32102672646206826
0.028588040483702226,0.38273984136047645
0.020799862334794694,0.7799128585512694
0.03233787351688469,0.24173497911731207
0.029273397144604307,0.35339094848911135
0.019026070756685276,0.8620808787273171
0.024430925340683807,0.5893373915079958
0.026341105230691872,0.49064794963313957
0.030579081899025307,0.3019856165272228
0.024841086919983213,0.5678313918622846
0.04708323715986151,0.022980190283130832
0.027118982040267137,0.45125352772448407
0.03167953025205583,0.263115156015007
0.027255171707757153,0.444578441454743
0.03196794562641048,0.2535794430243199
0.026103915315909276,0.5032996336724505
0.03109656260504623,0.2832102103226674
0.032165209431358366,0.24720978080524383
0.019791910720703076,0.8282824301437808
0.039456826114590615,0.08653251546867417
0.026000240692984566,0.5084817411782624
0.025369891068606987,0.5404593808583331
0.033655035591988125,0.20297256288215484
0.02818250880681783,0.40088587860477304
0.031936497986892215,0.2546062822153266
0.023973781470821243,0.613519227503139
0.024851174072963,0.5673052550208172
0.029353503772520106,0.35006792177274504
0.013895376996826053,0.9904218672647894
0.021866837954438195,0.725351305302733
0.0335378909683785,0.20621018524897464
0.03848819048244517,0.10070908031677875
0.018570086852607692,0.8807167523452745
0.03936432023353409,0.08780967358172392
0.05136175278163685,0.009861656608099685
0.026920900696131733,0.4610803084771996
0.027556533103158976,0.4300431409042831
0.032192418821800406,0.24634082341269342
0.05603947379748475,0.0035954611102221104
0.04071185396187449,0.07069362461107899
0.02733664908633071,0.44061663725180816
0.02857447788953671,0.3833373087309171
0.04137249047963154,0.06339603465907417
0.0490280366052438,0.015787172182216466
0.01841551081267545,0.8867554450113525
0.019541218855059356,0.8396638884486654
0.016980212730876743,0.9353034555604062
0.03105092800730197,0.28483019277993843
0.02770253866003025,0.423117527118029
0.035692371303522485,0.15278854361695693
0.04508305733300921,0.03327923125147541
0.030798151990325096,0.29392837419873064
0.03382105014544007,0.1984524735802414
0.0182503165767659,0.8930452028137611
0.03648130326237675,0.13626581031716378
0.03794127175663242,0.10953434749619982
0.03392740742536304,0.19559837233372224
0.022116222458517965,0.7122731351657956
0.019523836883851675,0.8404420840449971
0.0415902644891627,0.061136068968257455
0.03137363788983938,0.27352125345691397
0.029887022621333637,0.32850392288437136
0.018205447505433348,0.8947237642208659
0.0241787569702665,0.6026535264916203
0.0226022192725015,0.6865698808459945
0.02289624687700742,0.6709276917180642
0.021861834025524718,0.7256127528880076
0.024069356298989486,0.6084487251708917
0.042099079186253885,0.05612324823711005
0.03148908935488137,0.2695581021232712
0.024815775310345567,0.569152249891792
0.04358720115675874,0.04344003675995583
0.02276179130070799,0.6780865866074368
0.026488846030529145,0.48300000564146983
0.03696361328416484,0.12690164870950835
0.03656697645569351,0.13456254127726683
0.028714242610638374,0.3772114474522856
0.031832137368509095,0.25803646702814365
0.025289588221912074,0.5445866553282597
0.02725874103919157,0.44440438776123325
0.04168139012546107,0.06021108547296749
0.029420459416558353,0.3473075712206355
0.018761063699055835,0.873057685465541
0.02248788190513973,0.6926373228570368
0.02956342230091158,0.3414658242791296
0.04787279203798295,0.019767556135990943
0.01740975663222738,0.9222685449701873
0.023735788636641997,0.6261712859080704
0.014512758863887032,0.9843874207365534
0.019599571959878492,0.8370408270673323
0.022374609173598625,0.6986372221830879
0.04319576899661692,0.04650798499002837
0.016492839224327205,0.9484676088177123
0.03474197657460365,0.17479504770518528
0.0316901585367621,0.26275902998651074
0.0368828758272699,0.12843143608113572
0.02054411798435385,0.7925362161329454
0.03059686611840373,0.3013255280964026
0.02960542186330528,0.339763102880595
0.03368512200365181,0.2021474830949015
0.025952336396428577,0.5108839678830283
0.02008369882074945,0.8146834833711574
0.03821470051213466,0.10504529026720627
0.029528092038143328,0.3429028938923625
0.03245222392616898,0.23816043148815408
0.03587131857386483,0.1489058643368561
0.017793725926532056,0.9095122925011517
0.014283296095388198,0.9868778593753581
0.039387341064682335,0.08749037190055252
0.015486436281687666,0.9701394571553589
0.035690350932337855,0.15283284143062617
0.02723807321255778,0.44541285766240557
0.03603229388413243,0.14548155558910195
0.018447632585159246,0.8855126236243215
0.0374413920190102,0.11815144610807844
0.021490720111378203,0.7448780866537568
0.034267451709847796,0.1866890318767897
0.02424307915332824,0.5992510602376326
0.022475558290820874,0.6932906517164628
0.019157193194353828,0.8565059672142156
0.040597410928382816,0.07202778191691367
0.023975328632166504,0.6134370936920966
0.03240275910827606,0.23970168902885755
0.05209011981802858,0.008476685594452202
0.04403904017678156,0.0401187512738572
0.03190684926886711,0.25557726319999446
0.025352343218060958,0.5413603164828553
0.020815400885119795,0.7791392073405913
0.038137554091319914,0.10629611250559716
0.04587290847327141,0.028807112463959846
0.016824041877332524,0.9397114727212288
0.02121643140605392,0.7589334852916595
0.028658993232210495,0.3796247776772009
0.023032158421355198,0.6636841384410987
0.04076156228847988,0.07012071191705685
0.025250397650986467,0.5466049400462828
0.016034567431920665,0.9592507388834035
0.03611316416241772,0.1437854608185235
0.022073972940525877,0.7144950348934207
0.022521773852033522,0.6908398974233714
0.0433062772248437,0.0456233745583698
0.02413356520502652,0.6050462287086011
0.017440931394714643,0.9212712199089105
0.03912904950103768,0.091129376072569
0.036492435004135626,0.13604351335664813
0.021453582846043817,0.7467910412958826
0.025476962146920523,0.5349740720624679
0.019668769983864395,0.8339094346238113
0.018702840494199346,0.8754155144031812
0.03549604866039807,0.15714159151011228
0.02583251822367727,0.5169134176825589
0.04566921364596782,0.029906569139115397
0.02682733285763994,0.4657708861308595
0.020517391193224932,0.7938429453429567
0.024719831368094303,0.5741669327031715
0.033446285989735536,0.20876989303892768
0.028507104929987204,0.38631489777684697
0.03898873402085856,0.09315885485130963
0.021125112943925495,0.7635728283144453
0.04317845107866203,0.04664795286039293
0.024225871747594607,0.6001609163994128
0.02633841156751593,0.4907881099611536
0.019017734901950828,0.8624321385652537
0.03422696538770076,0.1877327020208639
0.02691504356229313,0.4613730114902201
0.027498635097040813,0.4328105281158257
0.0210537636916438,0.7671825684124869
0.02829041018678058,0.396000784260768
0.035756760808189236,0.15138217483458125
0.024763231646041772,0.5718970016287068
0.02250696648405137,0.6916253095074416
0.039183344558671174,0.09035407382475055
0.021741286634890722,0.731898458045142
0.04111711420379116,0.06613685243096988
0.021533904887546335,0.742649958417962
0.04290396600924007,0.048915653489439534
0.03401639359252834,0.19323526167395524
0.01985209071895294,0.8255076829918794
0.02945606321659,0.3458460963182205
0.015080681693995984,0.9768370102062863
0.04087305067784408,0.06885010224527499
0.026062488578314114,0.5053675406900091
0.029502460451770407,0.34394817488077
0.03762757750675072,0.11487885744522242
0.018477245144410404,0.8843612530888516
0.026004316408461348,0.508277583470754
0.02587186253097251,0.514930273996794
0.026894097593286537,0.4624207619967772
0.02209244691524015,0.7135237830208919
0.03834029562781627,0.10303509220893325
0.03329773200916364,0.21297342153904156
0.029324194478616172,0.3512811523513519
0.0250397700498049,0.5574954996408255
0.03545706312342434,0.1580177599216329
0.02114117155561579,0.7627585336124668
0.025975355449477072,0.5097290399236954
0.03602934590925533,0.14554368804989284
0.023410259416796086,0.6435178911937309
0.01930477272565978,0.8501222645021701
0.020554115521847827,0.7920467871900261
0.015414102708829591,0.9714165641402901
0.023399894064781768,0.6440706889681156
0.0342701558608276,0.18661948677186124
0.037612901698890866,0.11513407103864462
0.029360365127741955,0.34978433447914137
0.025534646369570063,0.5320275318426935
0.024235663099234195,0.5996431568188192
0.016414780288165676,0.9504136063537708
0.019111522777266687,0.8584582409832824
0.0326308602349481,0.23265743768296468
0.032908541883574116,0.22429774547049838
0.022024839699857246,0.7170758867201118
0.0241051153623556,0.606553403119418
0.030577636705069022,0.30203930378537786
0.015585818931427464,0.9683248007306715
0.025439907725038458,0.5368700529892882
0.027595323377885783,0.4281957491046505
0.019861085106036458,0.8250916046034988
0.03154414515460158,0.26768341963043846
0.023842647792493565,0.6204864049727918
0.034274371316787455,0.18651111483720675
0.02022881998695447,0.807789206046495
0.01798192322827802,0.9028916598632435
0.026922132091741546,0.46101878657968737
0.032518361682009056,0.2361115251540209
0.02632934794911676,0.49125990972830774
0.014204582612042216,0.9876627703636481
0.02238507079173563,0.6980835918663193
0.02064937150737922,0.7873666879934147
0.028794201133058528,0.3737378593025147
0.03318711616584036,0.21614591296317498
0.04289489178491446,0.048992222542902565
0.021848775796484032,0.7262948326205629
0.023853732219828006,0.6198970732355096
0.02407439470819428,0.6081816151835
0.021839683644793606,0.7267695837637311
0.017170165131500048,0.9297027961503382
0.023286630010545206,0.6501119885899009
0.03171589701824762,0.2618981057225573
0.026532209028009124,0.480770017865114
0.013881041852823794,0.9905377432732154
0.021309164972064143,0.754201052788877
0.04958660734555248,0.014133717883882993
0.021072636282989554,0.7662290759108475
0.019726961389174735,0.8312589336596435
0.019468079515991277,0.8429284761059574
0.018722759049995097,0.8746111134730437
0.03070765140606413,0.29723745241286154
0.03579054414344429,0.15064847782580634
0.029050152580172406,0.3627699069117735
0.02643748627443221,0.4856498908296806
0.025554723322017026,0.5310034416131811
0.019844440299012445,0.8258613108972758
0.022212387674927614,0.7072072514830421
0.028880777788007572,0.37000214321191754
0.020319503397528693,0.8034396074076166
0.026295448941357047,0.49302708361225084
0.03135664011372663,0.2741084081668642
0.020652857368888444,0.7871948516421104
0.03326886968573639,0.2137976930473475
0.04016930693733056,0.07720974062689748
0.036345175732246826,0.13900820828872681
0.02491079663377399,0.5641983531923489
0.02255139843486309,0.6892680169814689
0.04052521725379149,0.07288035715596179
0.021545681864302724,0.7420416521258952
0.027146652109445224,0.44989196978278945
0.04355021666324349,0.043722187544982284
0.023829484395929523,0.6211863622191669
0.021502121431215437,0.744290211872692
0.014434001390394358,0.9852768228404861
0.020715942694001788,0.7840782535617443
0.036555682000534995,0.13478608905315112
0.01970910426196304,0.8320739416943115
0.024098107777561467,0.6069247424851585
0.03329438041465327,0.213069012005959
0.026962032124709823,0.45902826471579555
0.021903167297191217,0.7234519440456849
0.03746902316819001,0.11766097728060586
0.034594611981802526,0.1784225069097695
0.037244974847658874,0.12168666144540008
0.05351722554055849,0.00626283372249613
0.029681013235047682,0.33671389473663815
0.01936376327118028,0.847539138371269
0.025112119585376402,0.5537465934206585
0.03722298128753743,0.12208786551842302
0.028775461557253412,0.3745499303634026
0.029558068623257105,0.34168330879726616
0.05377387802818112,0.005925883664364074
0.026225824771825168,0.4966694262949635
0.03334352737175028,0.21167063106528072
0.026538819884357967,0.4804306355941658
0.035360645255198,0.16020152324809284
0.03489273198620091,0.17114501767556728
0.03549290157468876,0.15721217461379405
0.032585574862850186,0.23404316058689437
0.04192424575106224,0.05780432407591162
0.034801254221347944,0.17335252775173624
0.025383721063973408,0.5397497087493799
0.03468843811214145,0.17610608829185967
0.023556066390310493,0.6357441164862623
0.03331605131918858,0.21245152687442082
0.018541341789871324,0.881850732403581
0.040183205539089384,0.0770366792000367
0.027093433340761308,0.45251312677552474
0.029934000113260806,0.3266521910189958
0.021766930882290703,0.7305633856563066
0.028688319060601153,0.37834246498192176
0.020773831277789312,0.781207265785717
0.018791118309715332,0.871832869262662
0.0325180596509026,0.23612085111005862
0.044857182950839625,0.03466540774876567
0.025711803512662224,0.5230175696675818
0.029773124542522234,0.3330249710354623
0.017987996376333526,0.9026740687171937
0.018399688150068205,0.8873652904406327
0.023352474076789254,0.6465998421785186
0.060844376522472654,0.0011638875691308739
0.022972488265555868,0.6668650310719768
0.015385758351342482,0.971907047965455
0.04458570239227888,0.03639822604631239
0.022600825080419495,0.6866439257009587
0.046260738748699404,0.02681193787161867
0.03923916539355837,0.08956275741931548
0.020741875683707445,0.7827934045920318
0.022247270638356187,0.7053668766235474
0.024295253341983014,0.5964940094893418
0.028071526307348882,0.40595360238169914
0.017117864760847618,0.931270898448264
0.041803469735502974,0.05899071740166887
0.026948741660439035,0.4596906647015937
0.027190385547878226,0.44774555792020393
0.033282051839333526,0.21342092068365712
0.038109054864277514,0.10676130194073151
0.03064988632175536,0.2993639028975691
0.032239481535281,0.24484332220215055
0.020848440951231062,0.7774917405530812
0.024990853117987266,0.560034807839767
0.03357791945822597,0.20509938546402104
0.02420451826098835,0.6012903770710007
0.031341109333918454,0.27464571244552066
0.028421875526742524,0.3901046652517
0.03789093683456182,0.1103777943625036
0.02429471222230578,0.5965225905610472
0.018730823116191453,0.8742847897674187
0.021689157174690943,0.7346087413830608
0.018812059383669102,0.8709763757589588
0.023929580167421804,0.6158664229182179
0.024566420343001494,0.5822100779770241
0.025867392744457374,0.5151554129634068
0.021405486877533297,0.7492640357323608
0.034434655866414476,0.18242720468921417
0.024227141590518086,0.6000937630482657
0.0383439673943079,0.10297680861572607
0.02461298523270017,0.5797656373252402
0.03136221489443236,0.2739157344980109
0.01734695707306466,0.9242567132443806
0.03588532362294827,0.14860538380322103
0.028275561979658248,0.39667056591765487
0.01866921006876665,0.8767683700061569
0.027932349638573606,0.4123706376677169
0.020567057373023938,0.7914127149651551
0.04990954270897835,0.013250421327519846
0.02971309788473353,0.3354256296915761
0.01787519836319096,0.9066753556107343
0.018248313900172564,0.893120397485506
0.013692368075499395,0.991968849565922
0.0311758238193498,0.280412827238452
0.02878724676626776,0.3740390793531226
0.018568232974107035,0.8807900375142349
0.030418676267027045,0.307987414300582
0.028760200715959416,0.3752121657046003
0.0190169758563844,0.862464104618533
0.040834477309757145,0.06928747900892318
0.028642384239283336,0.3803523749869612
0.024072296549651373,0.6082928461103394
0.042001668349662125,0.05705462097128087
0.039026885090950425,0.09260334093971649
0.029571203217164665,0.3411499140882623
0.02993346201080449,0.32667335876742215
0.030474650890018218,0.3058831964200051
0.01848705011952717,0.8839788384880273
0.018392417311331566,0.8876450055421983
0.015667201489789118,0.9667866837107256
0.03170962682718398,0.26210764062897157
0.03525667918591374,0.16258328870696326
0.02320269767890959,0.6545891197393777
0.026432226677120918,0.48592178722859247
0.026893895609577112,0.4624308731621356
0.028624291811957414,0.38114606574317966
0.028174460832835674,0.4012518965231395
0.02970678496237067,0.33567882582519987
0.045040224845681265,0.03353829067855393
0.029349558316894175,0.3502310659663246
0.029480974490367573,0.3448261490094677
0.01499353700287498,0.9781301140753139
0.03416735709615082,0.18927767128524609
0.019531736034962832,0.8400886173104417
0.027943261419255405,0.4118650367406798
0.04510742612695795,0.03313262921484839
0.023590618396639562,0.6339027856221485
0.02728719274731528,0.443018604490633
0.018671645968075495,0.8766706048246654
0.029642783081994195,0.33825355587755657
0.018572237665032243,0.88063170321297
0.027418355760431945,0.43666748398839994
0.026248869828372767,0.4954619341826181
0.029557180722262544,0.3417193879409193
0.021489480488343315,0.7449419875508326
0.03191650156977449,0.2552608478780405
0.018820226803026086,0.8706416437178434
0.03749874648194801,0.11713524415531266
0.023866489787238626,0.6192188740009492
0.025567179687810637,0.530368444496118
0.04260841349719774,0.05146343140859561
0.023697360084202868,0.6282170638539686
0.023179619600756984,0.6558201094359599
0.018394461412351237,0.8875664005247255
0.026249746275384483,0.4954160481814397
0.04497467623273721,0.033938168218833255
0.022729953292767835,0.6797804294161487
0.03456485271183879,0.17916224214431997
0.022901855420563222,0.6706289013223696
0.03353260312753997,0.20635727417314456
0.017680980454463646,0.9133637273802834
0.03726191226956699,0.12137842940198997
0.03181515469940399,0.2585979518428873
0.026336012864852765,0.4909129442049133
0.042306058199734986,0.054187585172704375
0.01932255423216156,0.8493454969128188
0.03767411641713475,0.11407262610552495
0.02683322986264458,0.46547434569969104
0.04216040048351122,0.0555436681234148
0.0220103797847446,0.7178347839924337
0.0190493999389994,0.861095802344309
0.03590135683462381,0.148261990043002
0.022723306636984353,0.680133971766765
0.027291309779095885,0.4428183176258083
0.01793463709473675,0.9045774669055422
0.02513994061338637,0.5523072111985932
0.018395626200532644,0.8875215974773112
0.04051639984054056,0.07298507158278207
0.025045422679543794,0.5572023049349163
0.026956620566100375,0.4592979020366706
0.028866123846484182,0.37063259595198933
0.02111841909342438,0.7639120594980966
0.030468897038188614,0.30609900972556753
0.04440953315761864,0.0375628223348367
0.03588960402587682,0.14851364483728613
0.021921248985023234,0.7225058222702931
0.022121744858473624,0.7119825378505862
0.02277018652289642,0.6776398521231486
0.033556189929293656,0.2057018041600028
0.020201240074427917,0.8091058266443911
0.04475073329750845,0.03533604867451699
0.04284484621948964,0.049416376477521395
0.02530265885949018,0.5439141105510095
0.034253072377423754,0.18705918173673208
0.02637223439577674,0.4890300654935183
0.019542425131570673,0.8396098291673724
0.021405202032227733,0.7492786666713793
0.025509512402625112,0.5333106313804931
0.033255582398169836,0.21417799263795984
0.021761296540048047,0.7308568162837163
0.029646052418351942,0.3381216908727969
0.023904119608610608,0.6172190264347928
0.03404082972176126,0.19259027957138541
0.028897922730379888,0.369265479004482
0.03174074415482664,0.2610690150187108
0.017997470088155998,0.9023341530985209
0.029538927626898692,0.3424616930327698
0.025565702952604907,0.5304437098218503
0.028221553463971538,0.39911341133419637
0.021413396405848384,0.748857694572372
0.033286884757421475,0.21328291541688263
0.028092886917595067,0.4049748245758862
0.028418062663211785,0.3902748069830624
0.023231041291945975,0.6530772247733774
0.01815952236367402,0.8964284569866933
0.019512595743571226,0.8409445766074306
0.02598314637528376,0.5093384017227918
0.021987313813546572,0.7190447261769565
0.03409642922540096,0.19112905940394062
0.012385356871722875,0.9979424288769686
0.021310690871501642,0.7541230096282453
0.019806687894922195,0.8276025778259994
0.01953364412902181,0.8400031898956735
0.017034369184760034,0.9337333307650465
0.028544598127066334,0.3846558829587378
0.033663844657612074,0.20273071403393186
0.0345749475805244,0.17891103895981414
0.03887679161706312,0.09480495413612947
0.023501025802240644,0.6386780448083227
0.02725934941238184,0.44437472579009135
0.025611951378301523,0.5280885101329376
0.025330918691349902,0.5424610187237671
0.01916141205479638,0.8563250626747102
0.021250211326106827,0.7572120258201233
0.023705931068433828,0.6277607218159942
0.04827816911402105,0.018279012549931074
0.021387604502797128,0.7501822031010971
0.015526116665233097,0.9694232790445132
0.020058180511727974,0.8158870672275851
0.022922558367679424,0.669525866730841
0.03626981900414106,0.14054550554344247
0.023029115651242438,0.663846364824713
0.03212478900880633,0.24850494679233018
0.026982003074564775,0.45803409304373677
0.03198874068720581,0.2529021610720814
0.023577355149601686,0.6346095597025609
0.01579641822987432,0.9642472104096703
0.022358463138573037,0.699491459010047
0.03303969142308183,0.22043088467003405
0.026084708947603202,0.5042578985894245
0.04009662677205239,0.07812010059896922
0.026545832325365004,0.48007080717824013
0.03233239325395337,0.2419073126672765
0.02754772861508914,0.43046320333361954
0.02994926059167291,0.32605229121608714
0.023452063801559286,0.6412885912313858
0.020363277087307022,0.8013289791745105
0.02780053066183441,0.4185120127908312
0.022000509129377677,0.7183526511048228
0.023250543127888212,0.6520369503990138
0.04189303792372079,0.05810890119976997
0.023492568241116618,0.6391289442202833
0.025016319006605836,0.5587124013615592
0.01136459866845646,0.999504451909874
0.01778036950552231,0.9099730845068987
0.04319683565254995,0.04649937591758654
0.020459254163625484,0.7966768360313441
0.018632278486803155,0.8782463174745746
0.016158983398910975,0.9564759243906548
0.0264412875948411,0.48545344172859534
0.02312215592261546,0.6588850172355164
0.026246063263445196,0.49560888900947064
0.019932354387970197,0.821782292317722
0.0204211749283406,0.7985265536877335
0.028741490574870632,0.3760252009546149
0.030598696835856365,0.3012576385287736
0.031108775279416134,0.2827778376491521
0.023652687145304774,0.6305960788624394
0.03433139046319933,0.1850501269017244
0.017710372115164602,0.9123680797573885
0.03201472437468644,0.25205781710276487
0.032832869759120975,0.22655257505526008
0.016556107341431203,0.9468573754724408
0.025547626504749177,0.531365351579421
0.03966227953739748,0.0837517528811242
0.029569002599533545,0.3412392393119721
0.014914040170139975,0.9792661671202169
0.02609336536290341,0.5038259039594661
0.021695485840092704,0.7342799702003353
0.031662399233409855,0.26368993683890957
0.012261926966361636,0.9982338304725498
0.021218074292017275,0.7588498272941151
0.04292982557063735,0.0486980160048772
0.040007981139217996,0.07924270825401959
0.03726830818872304,0.12126220157148171
0.015266129403413764,0.9739159086407073
0.03083886081547449,0.2924487996462271
0.043430807794273774,0.0446440443257639
0.03207160752237476,0.2502168562393224
0.02287817073890601,0.6718905984253809
0.015530759826106522,0.9693387514506361
0.04661507992304026,0.025096855461451153
0.026453621282205075,0.4848164008729314
0.02073991179258572,0.7828907796706361
0.01637299608493059,0.9514368166538286
0.028646649502233945,0.38016543187085683
0.022523084622918688,0.6907703628551363
0.023431918825080666,0.6423628223358022
0.02518019180927422,0.5502269418700683
0.025337585930495177,0.5421183980864022
0.027534668714631283,0.431086801075084
0.02411011528064444,0.6062884765095409
0.023020269540842353,0.6643179855009398
0.021783437419495066,0.7297034231615949
0.03147789651994576,0.26994042689914854
0.035860032410614306,0.14914836750880398
0.021450990753926646,0.7469244502690247
0.03250999439186622,0.23636999024975258
0.02314830104905974,0.657490575672855
0.037901267846927766,0.11020424391753526
0.02296747855518355,0.6671320422429295
0.025268011290331155,0.5456975279376707
0.029924621599125456,0.3270212629834865
0.02845819862092111,0.38848639752351244
0.04688534256576504,0.02385478350126204
0.028184782680914122,0.4007825056011448
0.018126657853112904,0.8976399931303031
0.019764230801335603,0.8295532719406171
0.030686920959854758,0.29799929715711587
0.02124606650840577,0.7574234008108209
0.020651200510450662,0.7872765318098169
0.046547367245786786,0.02541688516196257
0.02196941847784495,0.7199829008758252
0.021216358130967117,0.7589372164030153
0.020984173006667994,0.7706900681459773
0.023298711767435698,0.6494675247630799
0.033272006516325,0.21370798936491087
0.02728266210387753,0.4432390828274603
0.02299701430762069,0.6655577165591549
0.01577808979031803,0.964614719290952
0.020521284437250098,0.7936527492210059
0.037713426010514195,0.11339527713159023
0.019936529929320157,0.8215877282197498
0.028913900378416957,0.3685798996398043
0.029049896935785524,0.3627807469984142
0.019115895697638274,0.8582717947018784
0.02460367130542873,0.5802543641249657
0.027577931603732897,0.42902337069293867
0.03859881447071045,0.0989979655410937
0.025672086593516386,0.5250322523058614
0.01605757938580188,0.9587460537839589
0.021406237687693785,0.749225469871175
0.035906371073802346,0.14815472846294997
0.029486168549469505,0.3446137589858459
0.030138166195191607,0.31869227203626316
0.03442929856087951,0.18256255212579606
0.03375591637594222,0.20021638482206758
0.020040988507094015,0.8166964350055771
0.02614216174835504,0.501393801654831
0.02307741131098051,0.6612712191626016
0.03399041686074722,0.19392276756286947
0.013953828276646096,0.9899386319314015
0.03128827395833944,0.27647950894365675
0.02692277595502307,0.4609866206065791
0.038073065039609943,0.10735117021974416
0.02604486861047961,0.5062482062798532
0.025250836242086017,0.5465823385225567
0.02732254090193209,0.4413009452726897
0.03210039468000592,0.2492890906577948
0.030979132035389184,0.28739280447223264
0.03738594022930397,0.11914082500580293
0.020206438007613015,0.8088579113427515
0.020699111620138266,0.7849110075613901
0.013316171868263116,0.9943360126944661
0.034967547522193776,0.16935628781560083
0.02496677244199308,0.5612861839663263
0.026057343372122843,0.5056246346057136
0.04830158066351009,0.018196186780074588
0.040027070243454976,0.07899981911489773
0.026461044719564425,0.4844332376438303
0.028157706173913555,0.4020146282079813
0.04283866249307,0.04946900553457414
0.03642787104571177,0.13733695050279185
0.01734557445138385,0.924300170794089
0.02339332120350418,0.6444212364689722
0.02847676165493518,0.3876611797332262
0.03185144718957056,0.25739916123065953
0.023064832982019834,0.6619419489101951
0.019944241703026444,0.8212281940080146
0.020694254716792093,0.7851511452873916
0.03174822733540761,0.2608197071216511
0.025637408346601886,0.5267938566018912
0.029133786632611014,0.35923585755710985
0.01781191329323406,0.9088828865344062
0.04309140023594349,0.047357063975872846
0.02693147840061727,0.46055201096058035
0.01695773624241903,0.9359488361151452
0.01675139078297827,0.9417012505571312
0.02713352193073304,0.45053772419534405
0.02280022594157613,0.6760410649209998
0.020431811605613248,0.7980103919716803
0.043862658873107335,0.041387951799514155
0.021602588071993112,0.7390983712191135
0.034482711450499026,0.18121667079981463
0.0253127358546692,0.5433958032315548
0.01770809361308673,0.9124454765280999
0.02294412206905816,0.6683768081898144
0.03664143803779052,0.1330962939840377
0.022768708541912153,0.6777185025707275
0.034297961054104154,0.18590558053927217
0.03915515902171651,0.09075585406434092
0.03455525824826333,0.17940125215725358
0.015210371687899571,0.9748186602964933
0.03007864880615274,0.3209979932384242
0.04581283334606223,0.029127605334644396
0.01940998473881511,0.8455028811114728
0.02260967347558035,0.6861739680248764
0.02989412526939772,0.3282234687655467
0.05704368874834803,0.0028622507375697143
0.024285561967243185,0.5970059354503754
0.03676773432295416,0.13063915562136535
0.04394600097725243,0.040783946901246544
0.02036456673870135,0.8012666891305881
0.04057458871062891,0.07229638174611083
0.02684048850416343,0.4651095034881338
0.03478779332682541,0.17367926452451615
0.02231973675848814,0.701539267501327
0.026098080058694184,0.5035906876979642
0.028322333226765528,0.39456342878310563
0.03510767547511556,0.16604616286304125
0.02379036472944862,0.6232670999120303
0.030165466525527984,0.31763868994444416
0.024410613380380086,0.5904076114203791
0.013247268932578993,0.9947050577227019
0.02206771967740817,0.7148236894806508
0.03274465387619052,0.2292031708102307
0.022174916090906494,0.7091825841645139
0.018720615026995624,0.8746978103810662
0.02387973795352122,0.618514697317769
0.031153190964399946,0.28120950457604543
0.0324394768160281,0.23855688753732215
0.020139544222012584,0.8120403180492614
0.021599788870085845,0.739243301417633
0.019940757051657154,0.8213906849304169
0.02478964467525238,0.5705167786666256
0.03180749320991644,0.25885155963472384
0.03259921821534878,0.23362501233967323
0.026956854964810956,0.4592862206776989
0.022328247796645828,0.7010893467997954
0.037253533797936667,0.12153082297535216
0.030708091099997503,0.29722130921470297
0.025813594116767646,0.5178684102146172
0.02368799123192078,0.6287159234070728
0.020933721916958414,0.7732244371472679
0.026189480127226772,0.49857760633267006
0.02080412786424468,0.7797005547594246
0.027124410413592093,0.45098619885146946
0.037004879058704976,0.12612553652429598
0.023744803296773864,0.6256914822758202
0.021981884662917672,0.7193294030427189
0.027089036856418724,0.4527301167465517
0.029053016048336988,0.36264850294386836
0.031141383115340815,0.2816258100553582
0.03149408872714743,0.2693874649317724
0.031841301991449966,0.2577338471816577
0.024591537414895503,0.5808912212198429
0.02933943081511281,0.35065008524632724
0.02165160319201187,0.7365581145129951
0.035025857838957064,0.16797253544343133
0.025906814583962268,0.5131711947005198
0.014266396891559618,0.9870492984312118
0.020237054630133228,0.807395527517559
0.02832911974313901,0.3942583272704175
0.018952857676635626,0.8651528708282772
0.01818019294129486,0.8956628677276918
0.03412881164904924,0.1902820399374569
0.02966144804783849,0.3375012220091528
0.019639887642418308,0.835219159193648
0.04193367531138226,0.057712565091471414
0.02318098599983731,0.6557472264973798
0.0299309147686605,0.3267735750582064
0.047586258531173375,0.02088395512897169
0.019268871019328115,0.8516856536030526
0.01877159960197239,0.8726289106438095
0.019896895672800397,0.8234315213641652
0.021529100745730445,0.7428980208787773
0.018062973305975893,0.899967703400663
0.03616010068853337,0.1428084272980974
0.019012340337521194,0.862659253804045
0.01970176906301424,0.8324083013253144
0.016803144506659984,0.9402877794233087
0.011734230098216947,0.9991321922168109
0.0438290767589285,0.041633524582240615
0.03640675919224723,0.13776205641124203
0.023998219911205543,0.6122220662770699
0.02308871318642336,0.6606685295219502
0.029133142207773965,0.3592629948531786
0.027058499916534473,0.45423918186618084
0.020752494607799044,0.7822666799755174
0.02542801053820505,0.5374793300201542
0.031386159081386866,0.27308933608177227
0.03443889817336643,0.18232008299845
0.04208050106555228,0.05629986320113383
0.025434416653493996,0.5371512292164614
0.037889002866999144,0.11041030815103323
0.02077593220568008,0.7811028735471638
0.02736325621186808,0.43932801024072093
0.017925901180499415,0.9048872828436998
0.02477465621302355,0.5712998904432728
0.03991001609122191,0.08049916267317614
0.02951082169197855,0.3436069450082575
0.0447272882033678,0.03548527264102369
0.029463870065772946,0.34552622712417186
0.017113561891019646,0.9313990308156134
0.03497243009457951,0.16924007273243447
0.016996565821034704,0.9348315881051542
0.025661158595968736,0.5255871270145426
0.03028591706804068,0.3130205047078863
0.014140164532337796,0.9882796160049337
0.034232470085215655,0.18759053041239024
0.028054121825106804,0.4067523033843077
0.032906716935150016,0.22435191967675325
0.019823381408256013,0.8268333938083112
0.025687868516737933,0.5242313277211612
0.03249608447401331,0.23680014614650843
0.03204643330919321,0.2510303289455435
0.029217663648615777,0.35571611433506767
0.028945056897563326,0.3672455946494141
0.05582885098487622,0.003769688195141549
0.02402199565588148,0.6109604914342723
0.027096656292315946,0.45235410074641386
0.03692779689230452,0.1275784356291686
0.018826208220651175,0.8703962597732754
0.023925130707705078,0.6161027722115378
0.02969320579171142,0.33622391978511273
0.035666531845975014,0.15335586896907105
0.026976757367799142,0.4582950911557442
0.03026080510136281,0.3139792529465607
0.031798231632684304,0.25915838368480176
0.02367791575929129,0.6292524502220096
0.021674967839422687,0.735345600332483
0.02829358821286887,0.39585752959564746
0.021824392015939664,0.7275677339378149
0.042998576064851135,0.04812347307872196
0.02338770859232875,0.6447205761624252
0.020695571114285438,0.7850860666891504
0.01542846512331203,0.9711658943751438
0.03098844570638626,0.2870594092628648
0.028819805806046483,0.3726302909895757
0.03781810588509221,0.1116077051827899
0.023591578321659257,0.633851635247827
0.053926830030799955,0.005733042027951062
0.02231442143489415,0.7018202136594401
0.024085654796228373,0.607584736722691
0.03741558952379598,0.11861097352801368
0.02151113614246447,0.7438252020328455
0.03190552190120216,0.255620799292928
0.028912292544910734,0.3686488490227745
0.02911039771473478,0.3602217159683294
0.02557617079556382,0.5299102801031437
0.01539622577394828,0.9717265656886842
0.03388279255334414,0.19679166742295134
0.02320175620346082,0.6546393389301818
0.02390986848197396,0.6169135785943765
0.03414809118233969,0.1897791549174044
0.030389397914626803,0.30909227154002183
0.01744528558170308,0.921131377520883
0.03784037433303722,0.11123045683248112
0.020510942642920527,0.7941578603555076
0.03951983728650521,0.08567153851210468
0.029888329483735043,0.3284523073041861
0.029687490737928035,0.33645352331423756
0.01889372364934072,0.8676123383028338
0.041276628318451414,0.06441327088486563
0.0351022939714678,0.16617232416367572
0.035631088811571066,0.15413680575143127
0.012525675590515206,0.9975662241610802
0.025056452696364362,0.5566303346705217
0.01711026483659038,0.9314971211182634
0.03337420366067456,0.2108014191586715
0.03422725759977252,0.18772515283017582
0.0257573310487903,0.5207119632442474
0.02835489490674792,0.3931010405063817
0.020248907346340217,0.8068284201421317
0.039398482982571426,0.08733618278341601
0.020224465541129,0.8079972760127103
0.030227369139797178,0.3152591264213818
0.01866105029643339,0.8770956080393766
0.03414024303035296,0.18998373871041763
0.027635919703079548,0.4262680925113528
0.02524369474592203,0.5469503952286765
0.024291088529080906,0.5967139955640444
0.02558399206102574,0.529511852284126
0.024285887977674836,0.596988713171763
0.020024547963003736,0.8174692869401408
0.025359549825361705,0.5409902518323783
0.03124758333318922,0.27789801282380183
0.02648399714817984,0.48324978050802053
0.02362192521817147,0.6322347411964093
0.03188341440282555,0.25634672454664453
0.022311088679612567,0.701996354069476
0.040397379061321015,0.07441108833848994
0.02185120785874961,0.7261678181827227
0.024487864557771966,0.5863397255581111
0.020976590050193145,0.7710714515581495
0.01559089493082555,0.9682302421236223
0.020164369357172474,0.81086134278702
0.03353261247643713,0.20635701404790963
0.020195782834292353,0.8093659963522547
0.02523343867100769,0.5474791204444811
0.016729906026094227,0.9422822544642243
0.01525145968098407,0.9741554768119868
0.035895603195021386,0.14838514569689362
0.028388280829027113,0.39160553599261017
0.020215177218089297,0.8084408582708627
0.025476492942880458,0.5349980643930996
0.029312768839716896,0.35175491640600304
0.036112142819129556,0.1438067811962383
0.030906574492430394,0.28999994211604985
0.038897609490593066,0.09449700266223213
0.029736655078981322,0.33448202095996293
0.03003047374249479,0.32287316634774577
0.013587853776525785,0.992689064842562
0.025218290425760292,0.5482603711119906
0.02213083435214258,0.7115041481483371
0.03390283956189566,0.19625477413604556
0.041153841252581036,0.06573656075990765
0.036497440378651935,0.1359436540228217
0.034684826746396946,0.17619480315675604
0.029658058797786768,0.33763774398419466
0.023605647698318744,0.6331019733210778
0.031840368138860986,0.25776467112194923
0.0320685101254545,0.2503168365680876
0.018335375096494966,0.8898280216306268
0.013972098581904957,0.9897840074643368
0.01820523787085057,0.8947315764512871
0.03442309075351857,0.18271948604367227
0.015369260153137776,0.9721899699252505
0.023815420085997463,0.6219343329989019
0.017431844085348702,0.9215626442407197
0.06045396567487449,0.0012800171195355375
0.03844328549296272,0.10141065540350855
0.025518879923556614,0.5328322782961217
0.022376005904018448,0.6985633132627364
0.018660101688709324,0.877133625264524
0.03262290883188573,0.2329002921872743
0.03296752694889271,0.22255218213083636
0.025955705521957417,0.5107148599999807
0.032477608035108685,0.23737244528692777
0.029606276663654618,0.3397285114628473
0.03692269742066323,0.12767503502338926
0.020145493838229195,0.8117579864022793
0.020906998984450254,0.7745638913670688
0.040188680508512875,0.07696859662951389
0.03141186455404171,0.27220422876341227
0.019637489475916925,0.8353277338407744
0.03670833901863857,0.13179005909470393
0.021821931914405623,0.7276961029936069
0.026086180293677985,0.504184460216043
0.02346994276522174,0.6403352626495991
0.02221555076103321,0.7070404305155686
0.0307279128452832,0.2964942327884405
0.035757622285849444,0.1513634297786425
0.04000767537165195,0.0792466039593938
0.02953452003430901,0.34264111121252755
0.033190309523468686,0.21605381595278922
0.03708998001603178,0.12453726011306038
0.01849707164540071,0.8835873701268014
0.03571564240702485,0.152279056325216
0.02983461864367931,0.33057849485921587
0.03000936022428058,0.32369749262528674
0.01671348288763419,0.9427240915059679
0.027253139628128698,0.44467755343115034
0.036131334513884394,0.143406585370504
0.04353538171102367,0.0438358085752574
0.03481997411157178,0.17289895213956466
0.020447497032284545,0.797248494809616
0.013745788031852474,0.9915810836547212
0.022791117660740268,0.676525883416264
0.022517559348708027,0.6910634614222895
0.02605701960552953,0.505640814376095
0.04281293962277777,0.04968845067768682
0.02920643525809974,0.356185867818157
0.020094283897855614,0.8141834560343992
0.023559228478098992,0.6355755882309242
0.025408375729086052,0.5384854220877328
0.014567172342419887,0.9837513106932231
0.01773806528546712,0.9114245469690154
0.02727780130016,0.443475709510976
0.019272116025245034,0.8515446182378816
0.030620171750183833,0.30046211177795173
0.017289676824407685,0.9260457081100214
0.013748618390350797,0.9915601605258962
0.018653639381694287,0.8773924724202352
0.03438144932591691,0.18377494488148707
0.020231769140385603,0.8076482441103398
0.020357251048835123,0.801619955386762
0.027134601673538455,0.45048459821228776
0.030759285532717562,0.2953461430409205
0.018412105936193024,0.8868868087074155
0.019124416319996396,0.8579082100856127
0.023704574160319125,0.6278329650449365
0.022346843140839456,0.7001060742676282
0.025879590746909265,0.5145411081064258
0.025526201885332805,0.532458495256199
0.026963040008609385,0.45897805725147056
0.028127138780191158,0.4034087341054061
0.026498603199216597,0.4824976494700969
0.022865780958850723,0.6725505189628163
0.032120884198308164,0.24863033884995903
0.020518322612907314,0.7937974475818074
0.038315546528813416,0.10342866144997453
0.03865161864726485,0.0981897822722379
0.0296069284630448,0.3397021366340032
0.020222566667837116,0.808087987598577
0.016965297375199584,0.9357321396539565
0.0245220017563762,0.5845442642992689
0.03141763564322886,0.27200581064157553
0.03357670055615625,0.20513314121671994
0.026848591012912565,0.46470246784134905
0.04750574373239991,0.021207599444481157
0.0348674981253303,0.17175170459377193
0.032411570836605674,0.23942657080346066
0.030368582012923806,0.3098795499702776
0.02549623745718388,0.5339887954515219
0.016380181120165704,0.9512617861924362
0.01777244233733688,0.9102459953417898
0.02528784766819331,0.5446762369829148
0.02620336709845872,0.497847954249623
0.03749694504853612,0.11716705196060351
0.026193402561152213,0.4983714436917335
0.027329715905362373,0.4409528377448194
0.018880672350496452,0.8681525109370132
0.011496021905444631,0.9993913034570259
0.04126888745973689,0.06449601768502598
0.03459264290307201,0.17847137796028642
0.0316142007417089,0.2653121673671481
0.03434197867079658,0.18477982546874472
0.03681761988045579,0.12967887577356402
0.015680449968393628,0.9665318211266044
0.021179673585549064,0.7608034791034307
0.03458296246932441,0.17871179340907095
0.032064578300333504,0.2504437949428816
0.04262604116178026,0.05130832327199114
0.019860477126834253,0.8251197407357562
0.02081087682333721,0.7793645324054289
0.015617235419148168,0.9677366190403863
0.01818320990828448,0.8955508960573003
0.019653784898574833,0.8345894461354082
0.04145099436316457,0.06257325425895209
0.023596535205328506,0.6335875086893579
0.05268192856674481,0.007484169188840202
0.026354009011353458,0.48997688023105024
0.027701846445692957,0.4231501821760312
0.02527298380616294,0.5454414512016195
0.030085101225522937,0.3207474403988665
0.017121170201708724,0.9311723770195444
0.02554206843678508,0.531648857264496
0.039344992863340644,0.08807850175925853
0.02512930789069212,0.5528571718528458
0.017595152920779927,0.9162370540969176
0.020280786116315452,0.8053004805976414
0.03644274561107097,0.13703807893629624
0.029247135245895173,0.35448522774153246
0.028098094496241455,0.40473645079792625
0.02065279526457231,0.7871979134357951
0.026079609778882684,0.5045124465711528
0.03367642998141002,0.20238558048783073
0.03070719018578416,0.29725438663772574
0.03375640306717853,0.2002031592098859
0.04092697181576699,0.06824264109023934
0.02480471598354006,0.56972964776669
0.01598555968301066,0.9603126558876308
0.03989624071672526,0.0806771808379648
0.022697236135809318,0.681520436140535
0.024839833382529986,0.5678967852431659
0.04601397194256801,0.028066754009710246
0.022176411656238737,0.7091037775277378
0.02368914113712639,0.6286546928124097
0.031030627761248653,0.2855530406640951
0.026950317075057795,0.4596121127192244
0.021112792683761372,0.7641971041550109
0.025606586783035845,0.5283614933693594
0.024353598104794705,0.5934140361334446
0.03222730798068674,0.24523000933543537
0.027363856485550814,0.4392989671478708
0.061941823100125026,0.0008879287838258619
0.013603224534789238,0.9925862781044337
0.026124985196468165,0.5022493181854362
0.0357018837644093,0.15258011632607643
0.03918044573197205,0.09039532720954047
0.020733247124225418,0.7832211417289128
0.023037039576612517,0.6634238932711467
0.01804611951206489,0.9005792818600904
0.03725237436820583,0.12155192387643277
0.025135801404998992,0.5525212835165401
0.026922394743414735,0.46100566490941686
0.026820854146035522,0.46609682161569826
0.031301728493846936,0.27601166646839237
0.03202926091456881,0.2515863835240192
0.02386411004674288,0.6193453749744637
0.019803720343188655,0.8277391837461079
0.027616028762470102,0.4272118499117543
0.02602713377890073,0.5071352873843814
0.049559305018392785,0.014210769190277991
0.020946041825790074,0.7726062244856615
0.031402238330894894,0.2725354330213246
0.02776042474434745,0.4203928084161742
0.02313835868047487,0.6580208588585863
0.024976285542633092,0.5607917222043247
0.02380532510004374,0.6224712737512678
0.028856608091120506,0.37104239417044454
0.04315287682750091,0.046855318231160854
0.03285643436652966,0.22584854757697365
0.03226650685765553,0.2439865361727869
0.025888657124039205,0.5140847142676063
0.01424150400089369,0.9872989096419467
0.04253463484411546,0.05211701958462979
0.0216722740244272,0.7354854489712833
0.028475281642351913,0.3877269288080714
0.023959036094252373,0.6143020951533014
0.029397545711930317,0.34825046937264903
0.03248187642411193,0.23724013998907856
0.014968746917948417,0.9784888105475062
0.035351718080780414,0.16040493235092645
0.024491334954834687,0.5861571376378547
0.03837930406894388,0.10241729361090139
0.028824773342530752,0.3724156800426351
0.020670426302807465,0.7863281847787724
0.022330548792915184,0.7009676957064022
0.01842911218094412,0.886229973757595
0.027668359230065387,0.4247319748057832
0.019575229276478034,0.838137039799349
0.01916927590338202,0.8559876091899786
0.028938273721173746,0.3675357997636728
0.019554887176404356,0.8390509339669825
0.03498016219347927,0.16905616325961542
0.034901995628115634,0.1709227246743178
0.035333094485091976,0.16082994464821376
0.024552780391772888,0.5829266064871849
0.02232110424511491,0.7014669829347986
0.039804067197321324,0.0818769027541516
0.01933911895649021,0.8486204332787336
0.03324250700179471,0.21455273989265475
0.024066430727833765,0.6086038326916079
0.02455151401297062,0.582993142608754
0.014662229230577806,0.9825969310475438
0.030215077012907654,0.31573060389769125
0.04659740064119866,0.02518006675726723
0.028687344596059927,0.3783850260730212
0.02307664270960999,0.6613122051286655
0.024685658703634622,0.5759559831448067
0.02620624474900743,0.4976968417061885
0.030156204036472567,0.3179958659351076
0.030658390893669618,0.29905013071663666
0.015589499848046862,0.9682562487330074
0.037336888845403426,0.12002167787077246
0.0248889922153247,0.5653339790067042
0.02636504489076308,0.48940342165948736
0.02477290454791259,0.5713914307208682
0.0140742425301843,0.9888875510105958
0.03888822547105408,0.09463571348316836
0.0498012019027303,0.013541056959222387
0.02716093268033193,0.4491903367827987
0.016236325954832292,0.9546937239097946
0.024245831078609226,0.5991055753240672
0.03412509559677912,0.19037908948332244
0.01838826877494032,0.8878044557823713
0.03394600951807486,0.19510251053152539
0.018531542947942015,0.8822361497676331
0.02214223479935551,0.7109039799082935
0.02611398218932065,0.5027976875480831
0.01990729794106072,0.8229482589195843
0.024181940750577335,0.6024850261035954
0.030364713658650566,0.3100260165667803
0.0385391720955921,0.0999174696235509
0.030202298756219492,0.3162212720843207
0.019687866119181024,0.8330413601632383
0.02319727946373762,0.6548781317374628
0.026496102151384454,0.48262638576464734
0.01420148057268722,0.9876929967936706
0.051543995963656775,0.009497121658160516
0.019777341462996062,0.8289517627305585
0.01875848716459927,0.8731624435315011
0.02751098489010606,0.43221923367510146
0.031170958908787405,0.2805839301810289
0.04347991163953202,0.04426293064363391
0.025655464581884113,0.5258763354325225
0.01768812489919447,0.913122254223113
0.021624173843500127,0.7379802406220283
0.017567726386493954,0.9171444727470452
0.024523730187692522,0.5844533923795281
0.01744587068861425,0.921112575597084
0.01550113819689869,0.9698753990542444
0.02508182036434442,0.5553155944612447
0.01902964031049681,0.8619303468766337
0.017692325841730028,0.9129801038205729
0.03644978177177638,0.13689688722245583
0.03196383578533124,0.2537134604501051
0.020397285763459894,0.7996843318473664
0.02515364648935331,0.5515985659059686
0.023623132568517086,0.6321704199200088
0.022375174778080598,0.6986072930782941
0.017314579391846607,0.9252708153224781
0.017389531013549772,0.92291191781178
0.026902965909667675,0.4619769636917989
0.02583925551862265,0.5165736005594134
0.030809157996166237,0.29352781296476
0.03002912187090645,0.32292590121780324
0.018744096567943833,0.873746834390794
0.03488387391187836,0.1713577938579302
0.029974866372046605,0.3250475037694508
0.02787564685984717,0.4150048045284934
0.02326992668710215,0.6510029824221261
0.021264684117240362,0.7564736229785224
0.024339607530564078,0.5941522758537503
0.040626725138932396,0.0716840203852675
0.02464094410710499,0.5782992043495663
0.040941237498614835,0.06808269349455214
0.02930881756906456,0.35191886166525366
0.04205428347511636,0.05654991652459669
0.019012238425876515,0.8626635428226517
0.03750986395200051,0.11693910098021472
0.017049519647820754,0.9332902685404723
0.02435059944210949,0.5935722495739848
0.028437895791424417,0.38939035414265954
0.018800571629206453,0.8714465393825735
0.03439149102943201,0.1835199843139929
0.019549610033731235,0.83928769306201
0.05204687875421632,0.008553694370154043
0.0310631748035457,0.28439476910060424
0.018187280105517567,0.8953997419653994
0.021233843536224817,0.7580464959465804
0.01632480953652843,0.9526008272780132
0.02901399033091323,0.36430556979573475
0.023407149484492185,0.6436837462315812
0.041623457561974775,0.06079773843334294
0.024538081112507215,0.5836990298910254
0.019410356308981913,0.8454864685329085
0.025185597174013336,0.5499477824082502
0.02191844282209543,0.722652687850412
0.03451478032880162,0.18041239032057843
0.03260149070442686,0.23355541966722174
0.024299242812483635,0.5962833008929334
0.03683320989592087,0.12937995888749146
0.023993269791538707,0.612484778109021
0.031320433547507576,0.2753622358444391
0.030901421597805068,0.29018576023471926
0.028425946324785123,0.3899230705072085
0.03766279883068835,0.1142682588925543
0.03183837098439246,0.25783060112319967
0.024133585706531124,0.6050451428516649
0.03166542546926332,0.2635883317099322
0.016047045002647198,0.9589775684712806
0.025925769143770316,0.5122183034639114
0.024065662901326834,0.6086445423143786
0.034669723008906694,0.17656621804226688
0.03690751926254782,0.12796290934002194
0.03959493642267256,0.08465481578385475
0.032956773746348755,0.22286962081757825
0.026653754253311956,0.47455511099176095
0.029870536539655046,0.32915555762026866
0.027402391237782098,0.43743722873200336
0.03109656581963871,0.28321009644982664
0.017447039322036062,0.9210750153134022
0.016987614481999397,0.9350901195479984
0.018332961368081047,0.8899199460681806
0.036161237102531274,0.14278483851139703
0.020765070948512376,0.7816424072543164
0.02190986232809186,0.7231016872098279
0.019553645479229637,0.8391066547314341
0.030823516942364015,0.2930058290700411
0.019576704706142922,0.8380706775494795
0.03443284864638779,0.18247285357986368
0.019333991612987045,0.8488450141244401
0.046762413276530745,0.024412818163149885
0.03208131200193276,0.2499038033762204
0.03425467129446952,0.18701799415261885
0.024687729297230787,0.575847537716734
0.012514501138370548,0.9975980342547343
0.03810519319552019,0.10682446516829562
0.0316322609461579,0.26470343246053324
0.032069551043222067,0.2502832335837966
0.022396287433139206,0.697489886534701
0.032176071438173914,0.24686261322948969
0.017297804091123248,0.9257932983597096
0.023450716434290864,0.6413604371784527
0.05068554076091386,0.01132764877552253
0.016542936146344445,0.9471950273214506
0.015367907906017886,0.9722130754314022
0.022829382754083527,0.6744888241654938
0.01496651762415957,0.97852086952862
0.023429211161297814,0.6425072142475694
0.02002681912473414,0.8173625886130197
0.0373394442002532,0.11997565760162793
0.023885999422894932,0.6181819200462086
0.028883915580315334,0.3698672449129133
0.02275441879817003,0.6784788678253464
0.024271137787757968,0.5977680296141421
0.02507096462850633,0.5558780956327731
0.03849914616131456,0.1005385283279489
0.03657574989044271,0.1343890998021979
0.0337615269769965,0.20006396078625502
0.014793764089223616,0.980907238243505
0.02254090905409345,0.6898246636420313
0.017386449757247457,0.923009677788768
0.021573735973935748,0.7405914596927643
0.025686174883322532,0.5243172554516462
0.018627414803986442,0.8784403509577647
0.017215838210409784,0.9283172844098884
0.04188489178677024,0.05818863095384079
0.0258495403751431,0.516055029573898
0.017835903098230216,0.908049249073239
0.015974344361125492,0.9605532092250755
0.0509397475308796,0.010754895972489036
0.02795419664407056,0.4113587747181688
0.01808943425286394,0.8990037530093646
0.028354790016527576,0.3931057452317719
0.020207902313659987,0.8087880523304306
0.026150819664316094,0.5009628207825625
0.029526729039979244,0.3429584209353776
0.019437660151154446,0.8442785567960353
0.02246395585864802,0.6939056265866272
0.03415925947857623,0.18948832154574188
0.015921288249055365,0.961678772460713
0.029091166309262145,0.36103376663256603
0.02224378372865221,0.7055509045824335
0.027632790927187845,0.42641644873966794
0.03841895424892994,0.10179249147893871
0.02053278551816512,0.7930905836971537
0.03550789618475131,0.1568761025019878
0.026574366749898548,0.47860842991893005
0.02293376965171301,0.6689284745413363
0.02872553545824935,0.3767194931516453
0.029149746689558387,0.35856422896798895
0.028197082719147337,0.40022364961850543
0.03333553695019531,0.21189749613453848
0.021553622668874783,0.741631332393317
0.03339240571829216,0.2102869778786417
0.03889547497339574,0.09452853929773201
0.020781422687851103,0.7808299946016197
0.03512533415900976,0.16563271890453232
0.029667274849025205,0.33726660608960773
0.04246528581589504,0.052737883581092354
0.02571473541318292,0.5228689686795575
0.019218994526293665,0.8538465279316834
0.019022075247443093,0.8622492907664714
0.020297655678248067,0.8044903692702928
0.03592286598847494,0.1478023213685565
0.022863681998551044,0.6726623101408415
0.03337743088240541,0.21071013750034007
0.02321372032227864,0.6540011579655656
0.026219971897586763,0.4969763995103533
0.02062462776433338,0.7885852919722183
0.016020551258793703,0.9595562368122604
0.019396477542568943,0.8460990383437068
0.023135561031897955,0.6581700712118904
0.017858676366333037,0.9072542876398889
0.018803249441384562,0.8713370113918028
0.01853271403800022,0.8821901179789865
0.02393747146611569,0.6154472797723467
0.019602844634092786,0.8368932362571366
0.050701612286873365,0.01129063810376592
0.021728578570704815,0.7325596223591991
0.021511887262421925,0.7437864490076538
0.022768781066947463,0.677714643193283
0.030395946505277827,0.30884490026264116
0.019174844212736186,0.8557484637865146
0.029010173609826495,0.36446791779409743
0.031505364087701104,0.2690029150351714
0.012009206399710183,0.99872790694815
0.029064401490070835,0.3621660725557532
0.02608956784736749,0.5040153972574557
0.025906626118775422,0.5131806730540198
0.030759942168373355,0.2953221484510567
0.029910140078263314,0.32759174582481554
0.029731222817511282,0.33469944624373554
0.02774740702365608,0.4210045161028978
0.04561351386504578,0.03021357673758125
0.02370424998824805,0.627850224431902
0.02290783816859454,0.6703101622426986
0.02138625568162278,0.7502514289594968
0.03597174816321433,0.14676194949868682
0.0220930693719453,0.7134910499467587
0.028750239402021427,0.3756448736573422
0.027055676884986446,0.45437885766988306
0.016683457345006203,0.9435267512223153
0.02276801358764169,0.6777554840149277
0.022556998256604593,0.6889708123395062
0.035990464358195945,0.14636517854931497
0.024971673727485433,0.5610314132694145
0.016796853068235196,0.9404606573250591
0.02182222586359761,0.7276807651452475
0.02360928194346118,0.6329083401529677
0.03125093007564034,0.27778113836339746
0.015195902348340562,0.9750494697226353
0.04299387719707182,0.04816255351038777
0.025075707480068044,0.5556323171101653
0.02607062983294489,0.504960858121863
0.029127914072132444,0.3594832099373446
0.02010237236541773,0.8138010602837263
0.024213776685612087,0.6008006157754511
0.015156579699215356,0.9756695672984147
0.029484705558862956,0.34467357259378745
0.026191314087815165,0.4984812067992338
0.03621824029025242,0.14160565717086843
0.027752809882536145,0.42075056036741937
0.027586401252169046,0.42862019111022537
0.017414369858349654,0.9221213939635571
0.032867557950301884,0.22551680036436994
0.02811103132533388,0.4041446924028423
0.02761802840272204,0.4271169099839196
0.016361545430196633,0.9517149728179165
0.01608795549140915,0.9580739297060942
0.021920503676799874,0.722544830510339
0.03242853982531285,0.23889744799115076
0.037151122753041,0.12340627787088884
0.0313841202045112,0.2731596321288386
0.026548669309902406,0.47992528312418525
0.025648058602152746,0.526252591420437
0.019288478679379384,0.8508326326554125
0.02314447981873663,0.6576943850670919
0.03035131350683029,0.31053377500084745
0.044327471002312824,0.038116338298844775
0.03299064014288683,0.22187105347429284
0.03421307077423952,0.18809194059620735
0.025428015282409677,0.5374790870097487
0.024097067233255887,0.6069798854177397
0.021557087587510626,0.7414522518483927
0.016100440635826996,0.9577957149096783
0.02612409913707811,0.502293467916731
0.038964754817904235,0.0935094387492394
0.02130647731650559,0.7543385013947554
0.028668248973810068,0.37921972980554813
0.020275119882134374,0.8055723436961153
0.027078376486641687,0.4532565494116227
0.029328281443157023,0.35111179681683874
0.026682001370393338,0.4731183029835263
0.0353514811819155,0.16041033300150329
0.022393387771191764,0.6976433795589312
0.024569175066598725,0.5820653948590178
0.02646675116054631,0.484138831037508
0.014336796420808873,0.986324439577476
0.0372704745553506,0.12122285468841391
0.021876189033541327,0.7248626169593002
0.02443654672840817,0.5890412843329074
0.06279706481266545,0.0007166826252868182
0.02674533781699956,0.4699069906606133
0.02411600209257947,0.6059765829724371
0.023885323402875636,0.6182178472107125
0.044403452899267226,0.037603591842294
0.01528966601670062,0.9735284585433003
0.018970883412677608,0.864399269708778
0.041482343256314,0.062247255692214586
0.025197852430360546,0.549315039204709
0.02358249556873615,0.6343356293335297
0.030159640355351125,0.31786332203440365
0.03360868908542092,0.20424869948809485
0.02094155427286548,0.7728314600701359
0.027205843207631586,0.4469885382679931
0.03785213252781017,0.11103168769606746
0.03819750548500955,0.10532302043967659
0.02290349256217189,0.6705416817158644
0.02950352848607396,0.3439045739138062
0.02737874863443812,0.43857885085543785
0.04376477120524336,0.042107308245808904
0.01798297780278313,0.9028538936889062
0.02867915326949899,0.37874292603691867
0.050896755237306635,0.010849883565521122
0.01577323025263133,0.9647117533277098
0.02230863325078969,0.7021261190517515
0.036600037960921816,0.13390990027257346
0.033195135701953093,0.21591468582267268
0.026614978544593715,0.4765320927596324
0.026195663231945804,0.49825264790326657
0.028498152468780957,0.3867117652645359
0.023647394245785658,0.63087800129332
0.021017881767862123,0.7689927501484379
0.027369181844985546,0.4390413661544641
0.018263600628553672,0.8925457789514744
0.033427311844043295,0.2093031653708013
0.033596828078380714,0.20457629318526527
0.022521402139269536,0.6908596160119232
0.028455744718190568,0.38859557677883666
0.05314475104470284,0.006783019847665208
0.02334763004390905,0.6468582137449772
0.02321324374853051,0.6540265791388438
0.01750030704058103,0.9193527730113967
0.018325149153457565,0.8902172153565493
0.028477644610610087,0.38762195840740177
0.021331716345787788,0.7530470908703217
0.02147112302416787,0.7458879079390194
0.02145541955701591,0.7466965012333819
0.03065229554501714,0.2992749911308372
0.029898737927110564,0.32804142680259746
0.02170992081910081,0.73352980383137
0.021249315599541907,0.757257709111689
0.04429033569664603,0.03836915196226288
0.02175404300281547,0.7312344906011993
0.022474299552980415,0.6933573755169041
0.020936285718234138,0.7730958215085662
0.02871545712549639,0.3771585175386841
0.022326224259803795,0.701196324338335
0.02713116801800422,0.45065355687860875
0.03385851781849891,0.19744332749764312
0.020060361114661807,0.8157843218479492
0.030482617055459627,0.3055845887601979
0.020650582317055854,0.7873070053468111
0.024419414543820628,0.5899438309654426
0.017248777402007476,0.9273087637640761
0.024705913351930592,0.5748954028065281
0.025764021206526322,0.5203735075740665
0.019941133409615563,0.8213731376721587
0.01695000290217996,0.9361700369090591
0.03313333589922107,0.2177015210219955
0.042457078977371276,0.05281177764626678
0.016615988995793196,0.9453061509191032
0.018388349194312315,0.8878013658578744
0.02388167180099185,0.6184119168835767
0.03252670631013796,0.235853975704436
0.03151933182555122,0.2685271122772312
0.022234543379625382,0.7060385128728912
0.030839738610437428,0.29241695671623485
0.02004891455792923,0.8163234419920151
0.036710310207614505,0.13175173104517968
0.012042339588538564,0.998670349975461
0.025467399286096343,0.5354631399688294
0.032911676382584354,0.2242047203645826
0.02951818760687655,0.3433065361513866
0.026441040568870977,0.4854662062653779
0.014557539456252766,0.9838652215146334
0.046045342766791286,0.027904408186222415
0.018940454178369117,0.8656703726005732
0.02271784460230672,0.6804244836424744
0.045084205587149095,0.03327231062281154
0.05288455366581102,0.007169458962960395
0.02419059407322982,0.6020270973323592
0.03288619235067483,0.22496189405318953
0.02029663706808682,0.8045393154597639
0.034472105372740924,0.18148329262920174
0.03199388674723225,0.2527347690047466
0.037305325671262435,0.1205913075532491
0.015360619008024323,0.9723374007658306
0.030796671979952506,0.29398226966267355
0.04152809475204622,0.061774092754732834
0.025684445883429385,0.5244049833132314
0.03963687104744407,0.08409151990204033
0.022731172757401275,0.6797155620858012
0.03620376397064118,0.1419043669996308
0.01971983919924225,0.8315841683659788
0.023280269479837468,0.650451273249392
0.03262632015703393,0.23279607850026637
0.02326668917913169,0.6511756791375682
0.03091879743030801,0.28955952434118115
0.03528756537406691,0.16187277311702236
0.05488110308749017,0.004653947905368946
0.01954160175682712,0.8396467294634606
0.018127972371101975,0.8975916684071799
0.028372345918659392,0.39231883910209314
0.02348283757158598,0.6396477382306374
0.028516456169838778,0.38590065489679887
0.0225675510468899,0.6884106681545118
0.04768954050411822,0.020475235346614135
0.017616688359504917,0.9155208825154694
0.02758549652213982,0.4286632466483238
0.02620849917637602,0.49757847667380545
0.023475832020184995,0.6400212551467642
0.029406624527811842,0.3478766580756149
0.027242478082559946,0.4451977977061072
0.03546652022034685,0.15780485982277279
0.03164751287734158,0.26419017202480405
0.029112996539738756,0.36011207924649274
0.015417532067611511,0.9713568416513149
0.031882133223678416,0.2563888413016359
0.0326151969940176,0.23313601557298383
0.026335357346729038,0.49094706249808717
0.0365122531225921,0.13564848298935886
0.03641778791711703,0.13753984999042818
0.020616830323172408,0.7889688900530036
0.02388196963207545,0.6183960879128271
0.05068826245386787,0.011321373367400885
0.03504466416506824,0.16752817478490184
0.022385183837408174,0.6980776088852171
0.028729834318337644,0.3765323385264146
0.04102104199754264,0.06719380005059242
0.06590585961506928,0.00032086828970016927
0.029988451209320477,0.3245153378213337
0.01767748651608847,0.9134816901825257
0.018391364138749533,0.887685494690129
0.03808152686659877,0.10721223968425517
0.022922600206072508,0.6695236374591489
0.0191436814941619,0.8570847115372681
0.03158720485271954,0.26622405012072703
0.03520521316392722,0.16377277380011115
0.04666538311553248,0.024861423567972024
0.019851616360808733,0.8255296168678821
0.030287831682780597,0.31294749455484294
0.01477246355186157,0.9811882399129911
0.0415912194494254,0.061126312761506735
0.020493890542498505,0.7949899053992661
0.014856849763643154,0.980058062736683
0.030540312531165736,0.3034282852084909
0.019923792364805154,0.8221810166134033
0.017028350329792996,0.9339088845555548
0.01756333636459928,0.9172892324761053
0.020401066099250756,0.799501256592595
0.027442773527639686,0.43549191783273594
0.035185302404776575,0.16423481584325278
0.02210968914823952,0.712616876612914
0.02561943320545662,0.5277078811913054
0.05775855386383849,0.002427324519065636
0.026071700101301998,0.5049074053459054
0.021241316373529107,0.7576655937722521
0.025386400642966378,0.5396122480574435
0.02756442949040433,0.4296666392669646
0.020254277404135212,0.8065713061549232
0.03244519802702883,0.23837888610525212
0.0240043410630848,0.6118972299775753
0.03829563290268101,0.10374624154222994
0.03450488410130681,0.1806602833940564
0.022303427393463526,0.7024012178172365
0.04034370454472108,0.07506186471705822
0.02110804216437928,0.7644377098281898
0.030833880555357573,0.2926295123537623
0.02658852975112813,0.4778836587662602
0.04038078170327977,0.07461181004080686
0.031959628152504804,0.2538507223463947
0.025730287354340464,0.5220810150297006
0.01869783666645386,0.8756172257012886
0.01449398504975763,0.9846027731972635
0.031103636432668946,0.2829597114337896
0.0394217379017614,0.087015101488279
0.028379389906564023,0.39200341427421603
0.02855496417745279,0.38419807854183385
0.02923696917401669,0.3549094730595057
0.013428855366740489,0.9936910208086852
0.05591917781555089,0.0036940397069494357
0.016613671288865595,0.9453666822628041
0.026626257469753,0.4759564836464175
0.027450978925685654,0.43509735583988957
0.026366092099921468,0.4893490279040043
0.0364921305040109,0.1360495901883922
0.04218233122111692,0.05533764285441521
0.0400464669675511,0.07875366059137262
0.023312616026020916,0.648725853070022
0.036503084055418134,0.13583113185085946
0.02709002814021011,0.4526811855746186
0.021405419216149024,0.7492675111424643
0.03462272204861069,0.17772599267304096
0.02453082015540209,0.5840806751517863
0.04914756501336043,0.015419429382911989
0.016612397759439484,0.9453999260712808
0.025418113396780795,0.5379863752979434
0.025684718323202294,0.5243911595822266
0.02263015309719718,0.6850860372274332
0.02107133980499154,0.7662946080069797
0.023135629649145673,0.6581664115286449
0.02411538874031416,0.6060090781160112
0.016507323039125943,0.948101587069452
0.022975115784958255,0.6667249845748748
0.01590896765353733,0.96193721939467
0.03485992667141896,0.1719340754021454
0.019131119328162582,0.8576219119238897
0.01424091560702534,0.9873047677545934
0.032881999108505366,0.22508667104267147
0.015836491139214995,0.9634352530433526
0.022205792693482274,0.7075550320782634
0.026397407613816593,0.4877242500902961
0.03190329124496513,0.25569397482569894
0.02779156569853708,0.418931933678145
0.02438785278722322,0.5916073722512185
0.024998483376863806,0.5596384762588309
0.022673086154965078,0.6828043932042922
0.02332853540744187,0.6478767057497532
0.021991807993389206,0.7188090415993593
0.03110520971446229,0.28290402068679316
0.018915038848042243,0.8667280703267649
0.032251407798170706,0.2444649407721169
0.02306308148558603,0.6620353436000375
0.029179370388914716,0.3573199698074075
0.03074366806653739,0.295917256332335
0.021119542710649863,0.763855124967896
0.03650918962751215,0.13570948590722218
0.01605112258390251,0.9588880515380219
0.03217279855701305,0.24696718081802252
0.023267143631227172,0.6511514375273393
0.020152552143226143,0.8114228609668246
0.04534691693141879,0.03172175899305421
0.027079623662499552,0.4531949401507179
0.044242722340772755,0.038695440975804046
0.030964867297595344,0.2879039866438896
0.024619394509569403,0.5794293873666476
0.04368094002976375,0.04273199196213081
0.03748843038681815,0.11731749113906059
0.019677399154664682,0.8335173773351113
0.02025336769026076,0.8066148702699057
0.04555765008192886,0.030524272398935206
0.030005260524047894,0.32385773232763676
0.03411446947917085,0.19065681942247567
0.050339448446378054,0.012151706584016512
0.025432213810421656,0.5372640434682412
0.05161529417462246,0.009357861796062336
0.0367980820198911,0.13005428356898058
0.02367950878586339,0.6291676174410885
0.01856113905586354,0.8810702739156526
0.023320218053862418,0.6483203552565401
0.03177095649500977,0.26006356898569616
0.01546128004449776,0.9705877636524195
0.026189207837712822,0.4985919198612329
0.028534727188762266,0.38509217439047516
0.01610112087674742,0.9577805238401141
0.02687765728722047,0.4632442286467992
0.036068467750606126,0.14472088955288243
0.01705418187388108,0.9331535906724383
0.05218445901887936,0.00831085654777029
0.025536378086354616,0.5319391702820297
0.012873324142841702,0.9963996273928594
0.04039281263362554,0.07446626715017512
0.022033334254886225,0.7166299294591317
0.02537669686629318,0.5401101060095762
0.030574063669407125,0.3021720679897201
0.04026469560654933,0.07602858025249597
0.022622064990363677,0.6855157336703159
0.021108788228594355,0.76439992688136
0.03276310594214793,0.22864678371552494
0.029603656232413567,0.33983456110767757
0.018945572035261482,0.8654569481268624
0.03214073905644582,0.24799325479588114
0.03368508807758852,0.2021484119933475
0.044742386060962924,0.035389114258099735
0.025425139677607844,0.537626390341234
0.01953596326042245,0.8398993362964449
0.019773978500968625,0.8291061269979821
0.03464303037180977,0.17722413424104425
0.03884920848759843,0.09521427327151126
0.01875825247800017,0.873171983625117
0.01678377274785625,0.9408191526956322
0.02664436164494005,0.4750335020315765
0.017420498465962886,0.9219256732755933
0.025291787961246925,0.544473448040018
0.03795732350236786,0.10926649779997506
0.04245141859033358,0.05286279556466925
0.02964554782335649,0.33814204073347026
0.030916224336175246,0.2896521970379303
0.02729930313025375,0.44242962696680266
0.030843911495799903,0.2922656160164043
0.028155225903391395,0.40212762367966526
0.030379004202590765,0.3094851890102439
0.0483346750220317,0.0180796770204635
0.03362181539830145,0.20388663638199242
0.02062091372261421,0.7887680307443838
0.020067218686044663,0.8154610809260919
0.03306395284305297,0.21972123442706018
0.04218328570888186,0.05532869100364867
0.04072559851884783,0.07053481517659677
0.029931101986900688,0.32676620856283534
0.024503277396208945,0.585528914998305
0.019171612416580053,0.8558872815894291
0.0261941698275181,0.4983311226476646
0.023408195606849813,0.643627955569009
0.03455187847214913,0.17948550673894614
0.03165804952837137,0.26383602878122137
0.032823881183792314,0.2268215669800852
0.019106775262932474,0.8586605423933815
0.028476009584187667,0.3876945892615915
0.020974024889286236,0.7712004292757237
0.037139181488063444,0.12362649582029162
0.037018145523038615,0.12587685277581778
0.021730928930510485,0.7324373617032858
0.029457223632967433,0.3457985373118512
0.023376621280793652,0.6453119125231913
0.034145201683520754,0.18985445750892843
0.018996313086014238,0.8633330689887402
0.017461471650742466,0.9206103623492073
0.025432645423983824,0.5372419385435419
0.028919191722457882,0.3683530528880495
0.04355299433598009,0.04370094179552229
0.02928479991360508,0.35291656753820333
0.030517588800619277,0.3042762209886162
0.03276751020431745,0.22851413525395986
0.024899766393032846,0.5647727483375155
0.024293796095342213,0.596570979565664
0.018360257777436134,0.888878258806129
0.026693174634935368,0.47255075245525663
0.01583081647428103,0.9635509382163114
0.052551704588145176,0.007693013854749578
0.023092734013998972,0.6604541072151874
0.02712538375159157,0.45093827639739154
0.019036430818439087,0.8616437914872896
0.01998524444614669,0.8193123540219525
0.024409368873149262,0.5904731978800972
0.0184359354487848,0.8859659347055897
0.026663264709712142,0.47407103792819233
0.019089255578429373,0.8594060426457361
0.020474125153608136,0.795953075014062
0.028100705596897146,0.4046169655210099
0.023373674806591915,0.6454690638827609
0.017465451275600063,0.9204819793035673
0.019651667260624284,0.8346854587540444
0.02736098968167694,0.43943768356277635
0.041808585238803375,0.058940046913875034
0.02470605247940072,0.5748881196110094
0.025160124423947494,0.5512637383596046
0.016772532448467437,0.9411262152511218
0.017886536541410147,0.9062770027783574
0.021680786648064887,0.7350434722045859
0.036558050107870166,0.13473919276799837
0.03027851590750813,0.3133028507128933
0.03270263955088584,0.23047391702247716
0.036802393155822566,0.1299713715399639
0.03271303690428756,0.23015894038705692
0.02047857284704413,0.7957364576768442
0.028232441034351102,0.3986201253235098
0.03773384152212034,0.1130448068756446
0.015269194789341661,0.9738656625095412
0.03524682600846907,0.1628104789041256
0.02464773443099788,0.577943201516222
0.02664585323819668,0.47495751014235427
0.01705028322818422,0.9332678942065592
0.022247771288732898,0.705340452749547
0.038125352188467576,0.10649507646359456
0.017690913380158824,0.9130279118661313
0.02094516733961982,0.77265012049428
0.02298965314682877,0.6659501076669389
0.0343737134870688,0.18397154999972914
0.024356703908837152,0.5932501794791847
0.03726545026941941,0.12131412490801508
0.028888701982129117,0.36966153712926547
0.03850625176805639,0.10042804076823454
0.021956344009035678,0.7206680366314321
0.046160222302149,0.02731695440121119
0.025018567714611195,0.5585956767114066
0.022766808928198712,0.6778195884088747
0.021840351113187162,0.7267347362267405
0.04157276800747661,0.06131505532479211
0.024492012801264673,0.5861214757153461
0.017136596423176664,0.9307115422116341
0.017771478036168853,0.9102791644227656
0.02283372923110072,0.6742573934432157
0.025119492751123906,0.5533650055856614
0.03495710352654191,0.16960508961948834
0.03832708111483146,0.10324507906241454
0.02278420311816441,0.6768939048987359
0.01888318657943555,0.8680485258507826
0.02355063602218954,0.6360335432104123
0.020261696465154078,0.806215906368009
0.02613127751794475,0.5019358398575062
0.0361114664971639,0.1438209007180874
0.03880695112917548,0.09584421368670215
0.03567777673443884,0.15310877060593156
0.021047412183597514,0.7675032467906655
0.020162841517092578,0.8109339721816561
0.039379145679591776,0.0876039308840005
0.03843444286593328,0.10154928678121768
0.02232857066571725,0.7010722774083197
0.035694531553740194,0.1527411903146987
0.03987329071743623,0.08097449995989144
0.033777601232985566,0.19962777188163697
0.01976419622237624,0.8295548573806334
0.04179241603604478,0.05910033501928677
0.040846354495382264,0.06915255436000833
0.01865262517944996,0.8774330737314416
0.026956508937480306,0.45930346516513415
0.016452260122143292,0.9494848478927622
0.046819645851229774,0.024151588598737585
0.0196090932105851,0.8366112980174856
0.03644312541398531,0.13703045456620322
0.0168563505003521,0.9388141694695306
0.03854940174079824,0.09975925602492956
0.021283401800306176,0.7555178946742969
0.03036533733729785,0.3100023989433255
0.017575950373659777,0.9168729278881264
0.05505015053556378,0.004483454862105706
0.026023960542862767,0.5072940810876116
0.032869638849358895,0.22545478183107145
0.030091240176160494,0.32050919176266723
0.043963343022127954,0.040659233863376984
0.01716069539991749,0.9299881858085495
0.029625138273613016,0.3389658772270634
0.016712598022672,0.9427478410248538
0.018350971639273017,0.8892331611961044
0.03823999312335313,0.10463787481410958
0.026727982862863042,0.47078550679953873
0.026571083214159463,0.47877656212747816
0.02015865300123898,0.8111330356419422
0.02875320783261498,0.3755158919009498
0.0343429160048645,0.1847559117372343
0.03695721750960701,0.12702228734651763
0.03309508278292361,0.21881326872612686
0.03540332284389497,0.15923195402348864
0.037460024595530994,0.11782052273248393
0.020532335199158064,0.7931126035529981
0.033076350104454866,0.21935929544266886
0.04388143607510897,0.041251192143444054
0.023897898375305537,0.6175495951480747
0.018488014078614334,0.8839412102874777
0.015708093941257217,0.9659959878290689
0.05086900763460678,0.010911591407965517
0.02683698518842359,0.4652855677196196
0.01978248372166025,0.8287156284432419
0.027606818056751914,0.42764934460504145
0.02325436007164894,0.6518333449611785
0.02333478484936624,0.6475433624261653
0.02281409063216583,0.6753029919883375
0.02189482262488207,0.7238884044099885
0.02318959928357711,0.6552877955709688
0.01975278000343489,0.8300779947166107
0.01988364405634435,0.8240464801387272
0.020054098904861622,0.8160793315394769
0.026113215946974522,0.5028358855056182
0.02117461138504556,0.7610607435024759
0.015467574489535507,0.9704760073015998
0.05080307452102972,0.011059494305254854
0.035209989077244264,0.1636621004238741
0.020536574951075637,0.7929052591418313
0.028154156687797305,0.402176341446076
0.03077837409667339,0.29464920148320733
0.026946711404145618,0.4597919086746212
0.024095345579296157,0.6070711252046516
0.02847517121205806,0.3877318349484781
0.02535238469361245,0.5413581864216445
0.03235392488831318,0.24123076329972154
0.01395544829909623,0.9899249907248708
0.021315196520646285,0.753892533145722
0.033703040965016196,0.20165732654880733
0.028494548307591183,0.3868716197347177
0.024605521714468614,0.5801572597131124
0.018619916220028343,0.8787392258337334
0.024010986278971802,0.6115446134236495
0.02610581159985137,0.503205065813148
0.02440189054327957,0.5908673462803937
0.0137218413849029,0.9917565786740128
0.029915417553521118,0.32738376243653544
0.026295542131325123,0.49302221997339085
0.021974368811989275,0.7197234238902783
0.022137939517837296,0.7111301214485646
0.019103029881477607,0.8588200553455582
0.02596021797743342,0.510488401928024
0.03408854921078264,0.19133562327211118
0.026154094036627218,0.500799869440586
0.021505555223417405,0.7441131051201448
0.027502927174334446,0.4326049664886523
0.026901165835752056,0.46206702232479285
0.023448331158427926,0.6414876286209525
0.01706717993210044,0.932771707248041
0.028122048221453366,0.40364122482803694
0.029933651048079657,0.3266659223502143
0.036300448366828136,0.13991900219152595
0.01732494828645953,0.9249468630807888
0.020775297868281917,0.7811343943447796
0.014569181169079737,0.9837274851637023
0.0236981791032759,0.6281734556922633
0.020090881384756787,0.8143442364845628
0.028527120194578426,0.3854286354383146
0.025294079899163435,0.5443555046732327
0.02713114454542398,0.4506547120303706
0.023921951637730587,0.616271648025503
0.038403315979269714,0.10203853746719148
0.019315385530317364,0.8496588488802989
0.030090422430061325,0.32054092052375915
0.027187647512627255,0.4478797387280034
0.033390413354475346,0.21034324003665078
0.025425130871120583,0.5376268414778596
0.02865650181401469,0.3797338582454426
0.027736241404018647,0.42152967411188375
0.01557702079951756,0.9684882645727471
0.025593497156226552,0.5290278036247906
0.04382830133974447,0.04163920987118561
0.027944211399774488,0.4118210391386544
0.04007866580604558,0.07834646539055398
0.03722307496459554,0.12208615437174643
0.02514996708415279,0.5517887751110129
0.017045957814360024,0.9333945810470929
0.015162247097188164,0.9755808398029697
0.044101927568200805,0.03967450592281526
0.026341294676012983,0.49063809312813395
0.019320367765874646,0.8494410975795721
0.033294131120543025,0.21307612342754342
0.02085085512979068,0.7773712345251624
0.027074257824207026,0.45346004673325696
0.032922899632660485,0.22387188277071587
0.027878970502081102,0.4148500865468974
0.04402454272578171,0.0402217763655172
0.022815949907845023,0.6752040082174005
0.018447348115062254,0.8855236579939977
0.05888859047724915,0.0018627649833571635
0.023457514927898715,0.6409979233915685
0.029871362985535665,0.3291228689995759
0.034922392438045846,0.1704340876821843
0.03138256978863663,0.27321309616853706
0.02416881511563046,0.6031797525088258
0.023992522279364437,0.6125244514583092
0.0436659029219672,0.04284489240876547
0.016977703637193642,0.9353756830764104
0.025158785779521353,0.5513329238063491
0.03877190824605142,0.09636924312545118
0.023983408052507454,0.6130082104906125
0.02699404763858071,0.4574351920604513
0.020047257078394443,0.8164014628880447
0.02098221608022688,0.770788506855482
0.014343758946667062,0.9862512169259622
0.02250423317960437,0.691770269487976
0.02587029503116195,0.5150092228132801
0.05686402210685071,0.002982343161294855
0.030467607103917355,0.3061474074154106
0.026503272242052733,0.4822573796608316
0.03986722866876202,0.08105318850288676
0.023075034511023218,0.6613979625751444
0.03656032601977366,0.13469413477900682
0.02008047299253768,0.8148357775934851
0.033851863179845953,0.19762226770392288
0.012964858223987408,0.9960302696620905
0.021669040130748524,0.7356533176609449
0.04611412078894295,0.027551376128741485
0.020353978555350705,0.8017779166808392
0.018155171183242003,0.896589262965934
0.037656783679111405,0.11437234782198868
0.03654402269207224,0.13501717545419625
0.026634382345060964,0.47554211926059636
0.02304973256344643,0.6627471242754503
0.03646202536877868,0.13665148215033385
0.025484274973540666,0.5346001893353542
0.014905236361365981,0.9793894466731417
0.035409714503580325,0.15908715149601718
0.03376064178599436,0.20008800286642228
0.02783517897937038,0.41689177006499134
0.022858218008502518,0.6729533148823199
0.018059776240525155,0.9000838594573555
0.019588993411069733,0.8375175511552673
0.032659512102481525,0.2317839540540591
0.03251793007579773,0.2361248521477743
0.019790038815728897,0.8283684812738926
0.02728830594224685,0.4429644434080157
0.03718078674369607,0.12286061402512974
0.01917093973482667,0.8559161688515156
0.028063631157739244,0.40631578154266407
0.04307201620601281,0.04751623030536062
0.01919907306942692,0.8547059867248125
0.025158014721110344,0.5513727759066573
0.020813479441467053,0.7792349142105864
0.024090519676276734,0.6073268886843008
0.02434623367907718,0.5938026094662353
0.021384153511595505,0.7503593109333495
0.027135241450074954,0.4504531216079853
0.041273697351495775,0.06444459111847559
0.028369566008632163,0.39244336990194933
0.014433494981266837,0.985282423154596
0.016580889238659413,0.9462186094744336
0.019697332079106233,0.8326104321528793
0.04123698273699106,0.0648380259651041
0.029051008003683765,0.3627336360613812
0.018312451301672028,0.8906995725593594
0.031585420508048134,0.2662844056744245
0.030929283105157412,0.28918209893977
0.015533606587495363,0.9692868516620431
0.04108484025155468,0.06649032423870604
0.013768759521928853,0.991410160566304
0.023932753920047234,0.6156978453929952
0.030428712242147785,0.3076093601597243
0.02682913218160765,0.46568039106608194
0.015862294389035858,0.9629062832437651
0.01966621804067631,0.8340253134306645
0.03572134103543356,0.15215450192598187
0.026787096643470648,0.4677975395642314
0.031301193429926155,0.27603026046156137
0.0307381902012982,0.296117768739519
0.03150247298657727,0.2691014776914623
0.03024818010761432,0.31446207059196296
0.020887915946395524,0.7755191353627916
0.03468025975862343,0.1763070441259513
0.03511517548349807,0.16587046404318653
0.023658503706508238,0.6302862767864149
0.016034429647748927,0.9592537490276608
0.020522466268242334,0.793595003052667
0.033228618070831384,0.21495136042737115
0.019096787912150304,0.8590857283139666
0.022273045082815912,0.7040061547298371
0.02506288472778373,0.5562968839609216
0.016736753874853155,0.9420974389633294
0.03114238683434245,0.28159040442134153
0.014863586312736099,0.9799658794673156
0.03536807971230421,0.16003228416037185
0.03372474852578278,0.2010647817492928
0.02440810613684108,0.5905397467191948
0.04069219306722249,0.07092132189469788
0.02192227031528815,0.7224523660762281
0.027463300201881674,0.43450533048377477
0.04193276964497472,0.05772137269117345
0.027629188781373104,0.42658729384820254
0.022292194669111032,0.7029947010728066
0.03346689558377597,0.20819185526241732
0.02864870407509268,0.3800754044741348
0.02326407405774278,0.6513151762815953
0.054043979634679384,0.005589239864205562
0.027814848750469356,0.417841944271647
0.026842923805931923,0.4649871396480573
0.04597397680372828,0.02827493975588164
0.02554744657130964,0.5313745287100602
0.04061849175058385,0.07178043052398934
0.041942306839304666,0.057628681443480996
0.026900738437549143,0.4620884069773413
0.026085568161734463,0.5042150126023819
0.035194864878592025,0.1640127824991342
0.03133262876044074,0.27493943948799715
0.029893864278080384,0.32823377116508157
0.024625491047377213,0.5791095917828804
0.02365181068813066,0.6306427619509778
0.02237806538702819,0.6984543308230625
0.015102875611534894,0.9764996220795137
0.02440863472202004,0.5905118889695107
0.02409266473758198,0.6072132022991841
0.019154143525505596,0.8566366780056459
0.029672345333246697,0.33706253867657365
0.032476344105294236,0.23741163357334752
0.021611811081209076,0.7386207360051056
0.023528648340936265,0.6372055263168168
0.026669598930025407,0.47374881104162664
0.03408666054392345,0.1913851581907973
0.042936890321884746,0.04863870403641823
0.018072883541525364,0.8996072183122032
0.028532820146187965,0.38517650459414177
0.022799520575993992,0.6760786118279072
0.030554436416978414,0.3029021281452435
0.027566751645667797,0.4295559606791899
0.023491908452194454,0.6391641203886118
0.02483890902386182,0.5679450077421755
0.04531230909361805,0.03192231661387479
0.02619117522683423,0.4984885054120518
0.02317275019590137,0.6561865171605925
0.019548069541669155,0.8393567820999701
0.0240686696208533,0.6084851307762482
0.033864519696017226,0.19728204869772722
0.036031563937157784,0.1454969381855419
0.02093636450143188,0.7730918689724403
0.028007445701717204,0.4088996143085121
0.03313735645269,0.21758492643723218
0.03696080116163297,0.12695468008357333
0.03403615263272608,0.19271359836560759
0.034222806896087254,0.18784016105692283
0.03157187113111759,0.266743049775647
0.05302898001196149,0.006952552473162785
0.015278659661491112,0.9737101133586004
0.010743326570585257,0.9998317986286754
0.02325288612882523,0.6519119688096578
0.025350903600969976,0.5414342528123324
0.02419440920258703,0.6018252239747945
0.03852043825201651,0.100207752607197
0.03474632733315386,0.17468884875116278
0.030082411020004418,0.320851886049973
0.024165416613758706,0.603359656178061
0.01715733306276568,0.9300893612715924
0.02978962491293513,0.3323672439225138
0.018060526788993086,0.9000565964852358
0.03956935839514919,0.08499995509114323
0.027669785340542985,0.424664529931909
0.029554829799250726,0.34181492899713023
0.02714358038991671,0.45004298465457543
0.019465770851635922,0.8430310994715087
0.03499407582906422,0.16872562619304388
0.030816145175453558,0.2932737255737693
0.028881951030642172,0.3699516997372019
0.018767963408510502,0.872776963857911
0.024874046620907364,0.5661127765230518
0.017550681580370875,0.9177057687094299
0.03377394175600523,0.19972700945871244
0.014773281020579287,0.9811775086562602
0.022131570107914667,0.711465419864376
0.03556946831301455,0.15550214180393315
0.0157340838327773,0.9654872220931663
0.018387582742550368,0.8878308133203234
0.015449556173339242,0.9707951784874382
0.031079674371983113,0.28380892477462755
0.03881612982445187,0.09570708956304853
0.03223524656153798,0.24497779139482392
0.03862054733774922,0.09866466879046139
0.021010284894830866,0.7693755463911686
0.04155208366413754,0.061527231681452625
0.025814522337248527,0.5178215512148018
0.03108326131434258,0.28368168334493526
0.015009778880365476,0.9778929147211883
0.03165357806669461,0.2639862736402324
0.03534130007540787,0.16064257235583676
0.01843221670271583,0.8861098741718694
0.02568724771551345,0.5242628238740186
0.026227926640979282,0.49655921652556195
0.030315056748062785,0.31191066442953796
0.031167733311541435,0.2806974200034996
0.029308058676153437,0.35195035571192035
0.02437531592552944,0.592268451169885
0.03354072543104414,0.2061313742427573
0.022916419911390096,0.6698529347338813
0.011318730561173773,0.9995395826895344
0.027595403392637108,0.42819194393993326
0.05061622501501917,0.011488532698259656
0.017527102169551334,0.9184789110001096
0.02880620394471256,0.3732183724553516
0.0339495410109415,0.19500848576536267
0.04290562834313211,0.04890163780416296
0.020907914400790317,0.7745180414576623
0.02742158521421645,0.4365118834152627
0.023323258560799642,0.648158173382136
0.017140042643462472,0.9306083569093855
0.02218397278052553,0.7087053129342029
0.03175222940996192,0.26068644867295143
0.020703567547079693,0.7846906287786595
0.020855058706799268,0.7771613674324496
0.02598266645501468,0.5093624612822206
0.03599902258306831,0.1461840390598233
0.03372338122756913,0.20110206424662164
0.03582350200745549,0.1499354744104665
0.019779573484757673,0.8288492820734558
0.036356950973510216,0.13876922879180434
0.032851178400208125,0.22600543108006962
0.025387275533416687,0.5395673694950558
0.031622346326448336,0.26503748308646774
0.03557076991756458,0.1554732017178338
0.01616590389604805,0.9563182462205155
0.02647106160387175,0.48391652352525694
0.0237398857980268,0.6259532104093519
0.048300092124107685,0.01820144296053636
0.02568150853265644,0.5245540351806249
0.02983504693464717,0.3305615013928113
0.02118050260140497,0.7607613417722058
0.043160529868855046,0.046793180975792416
0.023397226167665444,0.6442129739981548
0.016140295658436332,0.9568999535177745
0.02288535237135214,0.6715080521348726
0.02818714655794019,0.40067506042457657
0.030596839178614776,0.3013265272044003
0.022483518401623992,0.6928686663218969
0.02923074571006573,0.35516936546969385
0.028615807409120175,0.38151866325798545
0.039515317451144505,0.08573305618488321
0.046637323568402445,0.024992507039960938
0.025210317254310444,0.548671730607586
0.023257166287555642,0.6516836542703962
0.01949679821183853,0.8416497104765956
0.04168160131863069,0.06020895573682834
0.035440310727442303,0.15839545928262527
0.03262832777144631,0.23273476395972206
0.0209627595651265,0.7717666363225328
0.019651448697442675,0.8346953671083019
0.015875442485702218,0.9626348913362281
0.018684807329643727,0.8761417655785991
0.028108466132983345,0.404261982538743
0.021273083281206362,0.7560448644260944
0.021210897924453354,0.759215208371106
0.029610720242071564,0.3395487327994301
0.021981559317045596,0.7193464611339985
0.016378403706684086,0.9513051201582682
0.042182737846946816,0.05533382908193328
0.024217988651927258,0.6005778326939991
0.032271045949955834,0.24384285735591132
0.03451339890931299,0.18044697765583934
0.015770026522994307,0.9647756315914876
0.02616774696057622,0.5001206776843133
0.03874659904428285,0.09674992955732847
0.046343789385256295,0.02640091771862493
0.021878367775182817,0.7247487354184692
0.039668084300745754,0.08367429297531638
0.03746611713772385,0.11771248198738399
0.04442527006389607,0.03745748216875519
0.025579182333172357,0.5297568538294841
0.024951297278444917,0.5620908240864988
0.021184652683993416,0.7605503746493153
0.022819010584748,0.6750410608737901
0.024529210632771137,0.584165282078974
0.021894279492143953,0.7239168086409122
0.05360613752501653,0.006144172822794273
0.013870454425239487,0.9906226643519803
0.02212701084526284,0.7117053964191725
0.022588913969880275,0.6872764611741418
0.02153172016754734,0.7427627726044248
0.03186029136020235,0.25710766379209005
0.02339201812820657,0.644490733532679
0.045289667488920826,0.032054130459886115
0.017383120574644417,0.9231152282118416
0.020073067091151864,0.8151852567520532
0.023749085479646548,0.6254635776257776
0.03000156874491655,0.3240020773612733
0.027140047050220106,0.45021673580827704
0.027579436207208513,0.428951728553676
0.014770211391723381,0.9812177831276823
0.028962404036754097,0.3665041655622893
0.0296527941544924,0.33784988715842473
0.025289756794349083,0.5445779796304206
0.037089000128685656,0.12455545443711298
0.026149997625250387,0.5010037338233895
0.020436626053139784,0.7977766302861979
0.03197796831649957,0.25325283897926176
0.025483797179617296,0.5346246144998709
0.0156448196062402,0.9672143995653454
0.02099850183400398,0.7699689629332631
0.020468825866098994,0.7962110770692797
0.019865292004557958,0.8248968730435661
0.036622384534910346,0.13347023694871232
0.025243859401223312,0.5469419082957943
0.026823042165580735,0.46598672847847444
0.019832427615036452,0.8264160583682606
0.0356751846528498,0.15316570128766377
0.022998346226774213,0.665486716185675
0.01935773679361763,0.8478038399621907
0.018587119217294612,0.8800424823595558
0.025644426906730522,0.5264371361180173
0.031763639058674076,0.260306819662318
0.028256017675796913,0.39755337420280573
0.016633894418405126,0.9448371830594289
0.028475537221135716,0.38771557425056236
0.02766095941952018,0.42508204962546947
0.03699754646435727,0.12626316070123547
0.022540366851356408,0.6898534346956484
0.020737149591210535,0.7830277166444631
0.024990405829242057,0.5600580436843707
0.0297964606528216,0.33209503671449586
0.023756573129683045,0.6250650944323628
0.02354013035960406,0.6365934967274902
0.03707046835280181,0.12489995867481855
0.03351840412246626,0.20675264475076433
0.04463294812754992,0.036091323597689066
0.039295544409568284,0.08876943749362001
0.01727959027750514,0.9263583116724594
0.04601250744656993,0.028074353187065595
0.025197860976568065,0.5493145980474783
0.024682211559775014,0.5761365363644586
0.030358855332461243,0.31024792543128854
0.027856257850223,0.41590816136522674
0.04124882310280492,0.06471092076862663
0.03115282139080422,0.2812225275579561
0.02037327855376181,0.800845749709273
0.027128059923167136,0.4508065320907504
0.025006881335417508,0.5592023708351499
0.02745848906114179,0.4347364366422451
0.023397447774055696,0.6442011551854079
0.02143888459281329,0.7475473330358319
0.023979550775343195,0.6132129622166524
0.023782070001281408,0.6237083941615484
0.028246400171688224,0.39798829055033913
0.03014187730891671,0.31854890253198187
0.020627325568775223,0.7884525256793147
0.019573995432287605,0.8381925280021741
0.021238108104719655,0.7578291410353928
0.04406274957079068,0.03995075799839286
0.03299127531629509,0.22185235814460227
0.028894622071246656,0.3694072176387382
0.027995688289553677,0.4094417299328285
0.03042444625050525,0.3077700180508571
0.015042926068307191,0.9774034258004032
0.022822154678302786,0.674873667878934
0.01841073227244111,0.8869397857444314
0.026819083381694808,0.46618593249975093
0.016218716258798116,0.9551033694796452
0.025578563545024413,0.5297883773078811
0.023735938224151487,0.6261633238228768
0.01720526034894504,0.9286395023735696
0.019118529107700066,0.8581594656580377
0.02321349525330385,0.6540131634905268
0.04379325415979049,0.04189687868816231
0.020127743207442594,0.8125999033146023
0.031704672156983915,0.2622733033099707
0.03700257913530769,0.12616869015427848
0.032201679306667175,0.2460456119754588
0.03251107682814253,0.2363365416622241
0.027289752127582945,0.44289408770848476
0.033869988580291444,0.19713518211391315
0.0215807243559597,0.7402299647505646
0.023985403473473776,0.6129022938005553
0.02027350887717816,0.8056496167009248
0.026838718196382783,0.4651984674103522
0.02404830719807874,0.6095648510962166
0.035096891212994086,0.1662990607710253
0.027528002796578188,0.43140532687849587
0.044594075034895764,0.0363436724806756
0.02030679013044656,0.8040512670040285
0.021387389127869194,0.7501932571130017
0.028305730596222767,0.39531052192157695
0.04795274678258832,0.0194656804590594
0.043275678670246676,0.045866840369625086
0.029071787136662447,0.36185336657082745
0.02567447480300944,0.5249110206813914
0.02090293051561487,0.7747676368186873
0.019913540954519297,0.8226580009547623
0.02515333731374292,0.5516145480916259
0.03864592696678282,0.0982766296839013
0.02103608259970391,0.7680749887545419
0.023125557758957138,0.6587035865499686
0.02803320278011001,0.4077137150025135
0.02180928761603168,0.7283557264308844
0.017436125083575116,0.921425427861923
0.013503679658433194,0.9932332433245175
0.02212889395715789,0.7116062821782231
0.018699810749494006,0.8755376652217028
0.03169975895396984,0.2624376574264955
0.021133456841664455,0.7631498123537606
0.014501119552314534,0.9845211817473289
0.035385779019177166,0.159629951407457
0.02518332933497147,0.5500648988585173
0.02072275270993923,0.7837410572955632
0.020156069258395304,0.8112557960516011
0.022490304091517754,0.6925088967535636
0.03321186370299822,0.2154329848871778
0.016488516890451277,0.9485765391745276
0.04049198545087196,0.07327568019068463
0.047090647586544576,0.022948000265995666
0.031880374913610954,0.25644665150820634
0.026661936722679386,0.47413861182770134
0.03443407913577279,0.18244177144909005
0.024812244822443708,0.569336555246589
0.019377771431104113,0.846923149475478
0.018705008691244362,0.8753280656805928
0.038213558458528696,0.10506371758997872
0.029957811316431715,0.32571650536961716
0.024863319673356754,0.566671941997438
0.03444417119390153,0.18218700432509993
0.02238418377441287,0.6981305371285428
0.026263533693732743,0.494694572720528
0.020159306818604644,0.8111019668755212
0.025291074318816165,0.5445101739938247
0.03603131989101843,0.14550208140505586
0.017438230279784417,0.9213579038026938
0.01994402850376331,0.821238137073008
0.016100439424302726,0.9577957419622876
0.018726407178354165,0.8744635339359998
0.020158269199566536,0.8111512727374723
0.03847518641458597,0.10091183306606007
0.026881101869484808,0.463071615589
0.025764095648418195,0.5203697420554886
0.018175113109963337,0.8958512680443046
0.03722821693671041,0.12199225902881326
0.02572283018734317,0.5224587797116855
0.026668165018016055,0.47382174277988537
0.04700920921756713,0.023303966193169233
0.028198853914113198,0.40014321908601874
0.024746685636583776,0.5727620989854154
0.03804728998638418,0.1077752778538772
0.02243708383690557,0.6953294893071411
0.021518109874253732,0.7434653564761737
0.026412871678104244,0.4869231966423082
0.022247545850292483,0.7053523512220685
0.0333027879581671,0.2128292843800718
0.019589893338198328,0.8374770164096575
0.03367171626191101,0.20251479331708552
0.0317795030062884,0.2597796779028409
0.01594045786420728,0.9612744608302283
0.03032554422917455,0.31151193322867066
0.022355608126899518,0.6996424815590341
0.026480566226628754,0.48342656414210466
0.02796528225564937,0.4108459847566904
0.021447587699107373,0.7470995754909655
0.023705720010713915,0.6277719586990804
0.020530014777919436,0.7932260572879479
0.017549250984143727,0.917752786971135
0.032379435266607505,0.2404310678185966
0.03490504369893005,0.17084963260264768
0.018038961528875075,0.9008384612796002
0.04126939255293122,0.064490615665321
0.03340050497303898,0.2100583843607288
0.0329753314718228,0.22232200832263724
0.029699109176739347,0.3359868683890115
0.016696120925947633,0.9431890297625551
0.014553478467242212,0.9839130754895788
0.02099762265842242,0.7700132243659863
0.03324564466542462,0.21446276655928712
0.019949393338098198,0.8209878762686963
0.02481064620656026,0.5694200149534251
0.028538246712794646,0.3849365733569983
0.018609514124730442,0.8791532716538074
0.029931247103321068,0.3267604987348003
0.03938255102598376,0.08755672982975807
0.022441978767976933,0.6950701711943337
0.0255467824468526,0.5314084015211868
0.05439437534821806,0.005178595184411546
0.033911809113769786,0.19601492652211416
0.03328211975742401,0.2134189807842561
0.020802176329750677,0.7797976933672413
0.024676538287958905,0.576433722116769
0.02154050263615681,0.7423092054710141
0.017184416954285908,0.9292720713471762
0.025782956403258894,0.5194160601201483
0.016859937658221025,0.9387140723888913
0.024418693221171392,0.589981838186741
0.022138427620663065,0.7111044245954712
0.02298640577960709,0.6661232056335298
0.03181950508584386,0.2584540305332511
0.019303807211395713,0.8501643957707403
0.03599801880914538,0.14620527509223008
0.016639842472802202,0.9446808728176481
0.017633867384215907,0.9149472808873973
0.02660855372887244,0.4768601796532726
0.013238449659799478,0.994750943707975
0.023999595651006178,0.6121490563888685
0.030805715790340027,0.29365304791792557
0.02745313618566203,0.4349936624626632
0.026544883773304162,0.4801194698600131
0.015843550207723656,0.9632910200348341
0.026579506485349236,0.478345328791455
0.042163023983229575,0.05551898732113891
0.02374570805304821,0.625643328951192
0.027836556609264318,0.41682743702857117
0.021444092744629883,0.7472794037863244
0.022071250143480825,0.7146381442985292
0.014733719332454182,0.9816920205211852
0.0281561804435881,0.4020841344171921
0.019506917705113813,0.8411981592534299
0.020396281705309494,0.7997329479898952
0.04683371981051154,0.024087730994819968
0.035653081082671234,0.153651861476795
0.04565615685784291,0.029978288271919225
0.0232604569749556,0.6515081206362878
0.024285166504973088,0.5970268268259898
0.036531040024246564,0.1352748702490108
0.025826222882840977,0.5172310270503562
0.04046280988656503,0.07362424919866424
0.046828835135427016,0.024109877188265145
0.017789979123663313,0.9096416782950695
0.04294310150743175,0.04858660980720094
0.030570440878730343,0.3023067247584631
0.026511643565450993,0.4818267840672401
0.020347537898199874,0.80208868815477
0.02821822499963464,0.39926429892477644
0.022261563017989816,0.7046124253244155
0.032011440070646185,0.2521644228835884
0.027101980671279446,0.4520914678726571
0.02690234781600942,0.46200788593517983
0.04082736797806652,0.06936834805980772
0.03013286430853157,0.3188971784771291
0.027710851600972308,0.4227254994264591
0.023830081955033777,0.6211545851699609
0.02597169059267085,0.5099128408186847
0.026518112769067403,0.4814941986239094
0.02879609971554481,0.37365565406951684
0.044337982203258686,0.03804504379189413
0.03461585517130217,0.177895941479882
0.021717070939475502,0.7331580805365281
0.02071399559658771,0.7841746365675679
0.02743209994671225,0.43600552365687767
0.02588748125781959,0.5141438967995695
0.01342633263722759,0.9937060384972181
0.0421538303969356,0.05560551820816813
0.04208002985891124,0.05630434898614587
0.02062344706079622,0.788643390045446
0.025688760695684765,0.5241860646265155
0.025039898663732907,0.5574888280507114
0.036566675751682265,0.13456848910611544
0.03509174973052809,0.1664197401185696
0.025248672682786744,0.5466938344416135
0.030010772866693014,0.32364229181373044
0.024788322440672972,0.5705858499991344
0.02309551200632698,0.6603059610573979
0.026360536368410403,0.4896376461912638
0.03169688336728593,0.26253388617867335
0.01724766809241879,0.927342854753845
0.027946015439920036,0.41173749527802245
0.029288830852005163,0.35274897985067055
0.03130228007628266,0.27599249942063764
0.021250442219621135,0.7572002496148892
0.023626939814158643,0.6319675934152424
0.05539221087942103,0.004155877248385704
0.021206281661050097,0.7594501752612451
0.02309480238242112,0.6603438043609169
0.02705389892557797,0.4544668407916524
0.024086866687772934,0.6075205023654642
0.027178949221050575,0.448306186859831
0.02099411794160866,0.7701896452995498
0.02722129685729241,0.44623256777376247
0.027193681412556903,0.44758407549220747
0.02658977092906173,0.47782017732217974
0.028830120540234122,0.37218476374777393
0.018672441572163967,0.8766386655397188
0.022247530169425267,0.7053531788443621
0.033841071009726886,0.19791273444805893
0.029923748892864643,0.327055621869893
0.02217903317606376,0.708965633702733
0.022783969317134445,0.6769063483603015
0.03938763896032488,0.08748624645328383
0.023342347374869066,0.6471399838207567
0.020129640948353955,0.8125099529731037
0.02031488933844916,0.803661668442998
0.024331978304640373,0.5945549303591731
0.024281627496877733,0.5972137913301805
0.04654436956275032,0.025431136220382414
0.04729139237825486,0.022091085611197214
0.02715046777062452,0.44970442743876593
0.02187888402373983,0.7247217502911204
0.03320522689107308,0.21562399926584216
0.02265233112744436,0.6839075561897295
0.013354340088670313,0.9941233932024348
0.019559711950087988,0.838834353760568
0.02106337443527874,0.7666971284815214
0.027643129634775943,0.4259263542779798
0.024602391928457257,0.5803215047855912
0.01768626619990399,0.9131851096872399
0.02118496696976868,0.760534396333574
0.025440976407333726,0.5368153362979591
0.04805259047311655,0.019094489470640755
0.030398517933409752,0.3087478048909404
0.023679705058272993,0.6291571655022161
0.043281863399298404,0.045817539199808056
0.02768123464351946,0.4241233222518632
0.03708644517582527,0.12460290446487357
0.025041405169752062,0.5574106829699437
0.039803028675699514,0.08189050531324438
0.028486193404559934,0.38724235941180546
0.024109630978114804,0.6063141369628324
0.02602894944969869,0.5070444380746127
0.04347980434832316,0.04426376028133421
0.02850216253832283,0.3865339616439595
0.05085390823550079,0.010945304051484427
0.025439973701907204,0.5368666749040396
0.046873829178503024,0.023906563795735535
0.01731072587757443,0.9253910142727152
0.04398766225163686,0.04048490519548491
0.018202507676325808,0.8948332939735828
0.01598607069508262,0.9603016735312591
0.020223943732924687,0.8080222048405077
0.02076205623258745,0.7817920985886179
0.02637878845370989,0.488689868632463
0.025724304412393484,0.5223840897892027
0.025032593886833487,0.5578677891958449
0.01883957665672753,0.8698470878815988
0.020934868568897924,0.7731669165454207
0.03075957306113164,0.2953356360837611
0.024218108558413554,0.6005714907291702
0.02317284465559666,0.6561814787951856
0.03628304984222763,0.1402745987550417
0.018551777503515166,0.8814396254304646
0.025876918906636626,0.5146756386958216
0.042622153721349254,0.05134249463887804
0.0279666470327542,0.4107828841516417
0.023363144805110037,0.6460306939574418
0.020233223841991665,0.8075787007811215
0.029781624114775473,0.33268604947750435
0.037090247897427875,0.12453228653181464
0.03318041612523387,0.21633924223983703
0.034338746496078154,0.18486230506462178
0.031443592479500876,0.27111471791725367
0.026096366024921436,0.5036761952751955
0.022243367092520394,0.7055728923719684
0.03565417348164368,0.1536278054045295
0.01669349910463172,0.9432590472047235
0.028552984127082792,0.3842854957914598
0.018400217198583035,0.8873449246869476
0.02451158689866073,0.5850918965247474
0.023698038334722143,0.628180950805459
0.033901533458986055,0.19628971878435483
0.030560961767366224,0.30265926587874187
0.026742878439667828,0.4700314202216783
0.012864568257724085,0.9964335143627334
0.03150548315634538,0.2689988563594316
0.021433005560582585,0.747849703995329
0.018434030153017172,0.8860396926151972
0.025886567838487973,0.5141898720888112
0.019309098225587573,0.8499334580204434
0.023128084241197056,0.6585688402214525
0.021449016969882995,0.7470260265898383
0.022368881980689093,0.6989402601318415
0.021718001159725386,0.7331097130374744
0.04880562256594456,0.016492441004119597
0.01925272361828012,0.8523866466421461
0.03509988265093289,0.16622887880327747
0.021615297367100217,0.7384401471269466
0.027722275702499855,0.4221871553258852
0.020363552384701278,0.8013156828476415
0.021945632638242896,0.7212291478143398
0.032666531201444915,0.23157035358639133
0.04530754185811814,0.0319500306190855
0.01322509476446937,0.9948198528733367
0.0318773027463477,0.2565476827392446
0.032178878502486796,0.2467729551904744
0.01945071822277808,0.843699568062824
0.020983216114675796,0.7707382037509247
0.019845792656661254,0.8257988191013645
0.04408648665406023,0.039783183392195005
0.013894623505745399,0.9904279836957856
0.02348791645148182,0.6393769532209596
0.023042222544234714,0.6631475504724903
0.03726024809588685,0.12140868607250921
0.03181485850465138,0.25860775288283994
0.048284351359016875,0.018257108238170033
0.04614490580971575,0.027394641089369804
0.027365663211455393,0.4392115599366399
0.029796817078074717,0.33208084785393466
0.036195492618620206,0.14207527042872298
0.037487504505518965,0.11733385942703795
0.02172067320337484,0.7329707693891634
0.029599087164854265,0.3400195294835273
0.05020076430675158,0.01249681890533473
0.020570399067375233,0.7912489000607515
0.021159292625561044,0.7618388556147209
0.03313118495964529,0.21776391734808392
0.03692611933118195,0.12761020710115611
0.023929205971280898,0.6158862992130727
0.024669844617248193,0.5767844129163842
0.024101049436980188,0.6067688559862219
0.05881372713121974,0.0018960228449820182
0.01979142577949855,0.8283047243038287
0.023071558024257977,0.6615833450729663
0.02128646313948157,0.7553615021108389
0.019085832237048073,0.8595515198681177
0.033048342221872945,0.22017764448355362
0.028394973870894513,0.3913061999719453
0.022131988157089277,0.7114434145243054
0.018391966308572982,0.8876623451573176
0.022837779736207375,0.674041714120317
0.03889285585695346,0.09456724771419873
0.034242813604179356,0.18732361466135514
0.045735972359799815,0.029542229696231076
0.02929151836701588,0.3526372769381395
0.022640993494841166,0.6845100492288804
0.02145720149799346,0.7466047733464534
0.016254605749892126,0.9542660769304762
0.019762432625411677,0.8296357108938598
0.02216833397861606,0.7095293860772934
0.015249285640880905,0.9741908554608525
0.02904463291032866,0.36300400832774304
0.05959093415765282,0.001576082453166909
0.020366698050450438,0.8011637336061054
0.016651289532839453,0.9443793199109372
0.022483880678581925,0.6928494598092534
0.03344677252540568,0.20875623277533628
0.027549933519427028,0.4303579813110878
0.03207654639684332,0.25005749790582604
0.028849120805804984,0.3713650597057697
0.017100369333360232,0.9317910492646333
0.025400198987740485,0.5389046038274463
0.031803693637206254,0.2589774013470422
0.03401055015081744,0.19338974826656782
0.03876784318486348,0.09643030299237117
0.027258491021117104,0.4444165780781467
0.02445713873979527,0.5879568937908438
0.023965965724890848,0.6139341656669253
0.035495218166998244,0.15716021541325556
0.01965882661881524,0.8343607731830783
0.032131085042923,0.2483028685233059
0.023479292145620168,0.6398367692970228
0.0244648198718751,0.587552519684517
0.0337760541675054,0.19966972044171166
0.02277268753316003,0.6775067587515767
0.016790807779425987,0.9406264979542467
0.03070235213505712,0.29743206403099953
0.018403106772923616,0.8872336596692421
0.024427688510629153,0.5895079074600342
0.021808510471684972,0.7283962594046081
0.034245927462284664,0.18724331986473672
0.030101135838190962,0.32012541842856596
0.03214218307869182,0.2479469688267364
0.029552364900508832,0.3419151225661411
0.03150941381179789,0.2688648984758301
0.021792003958341466,0.7292569347939585
0.02724993444600654,0.44483391188536486
0.030492187611953936,0.30522612421250467
0.030449590826130746,0.3068239558536155
0.02869255633276324,0.37815743518337136
0.02321227563162953,0.65407821994385
0.02133807562240897,0.7527214696959508
0.03203602043287146,0.25136739400669444
0.032002617268705125,0.25245097301322217
0.026602821639979624,0.4771530161658014
0.01797548722761294,0.9031219845663977
0.02401387319182635,0.6113914345503291
0.034242034563864654,0.18734370745435985
0.016866207384552023,0.9385388940183895
0.034906854608152627,0.17080621918752859
0.02479886284377042,0.5700353033424488
0.02882977501845546,0.372199681907885
0.022350782173205186,0.699897742886109
0.03607544635973173,0.1445745140680919
0.024630124054386582,0.5788665969603263
0.022484401422239397,0.6928218518115432
0.013980223209408948,0.9897146950719451
0.03715201882471175,0.12338976571972692
0.02627614842769105,0.4940350532814156
0.013395566435371098,0.9938870349439697
0.027904809700460387,0.41364859468943
0.029167361519312207,0.3578239984774628
0.017773463352289354,0.9102108685743224
0.021834742127393447,0.727027550064083
0.026746588042297903,0.46984374511897664
0.02539276755755593,0.5392856805425029
0.02057150215348541,0.7911948168306674
0.016928021397251136,0.9367964038805461
0.02429411689363148,0.5965540351946634
0.03917266342173642,0.09050615586354911
0.026125280553333907,0.5022346018046534
0.031751111643967406,0.2607236621397092
0.03658372120790443,0.13423167328031063
0.017197573954710887,0.9288731375752355
0.028061295922226615,0.4064229497425063
0.024787544661656224,0.5706264809944641
0.01672288012476164,0.9424715172268439
0.022338296383054568,0.7005580486909867
0.029856171336712034,0.3297241229872346
0.03701457607688163,0.1259437235630148
0.024835132774721935,0.5681420218169206
0.02235799299820007,0.6995163287573886
0.015086780803789682,0.9767446202814551
0.02439315630754174,0.5913277629916113
0.028943437655045257,0.3673148561365958
0.021206274966042327,0.7594505159971827
0.02865122026218475,0.37996517033172833
0.019856283673732877,0.8253137618482539
0.01679374435136649,0.9405459723508575
0.02920518225669999,0.3562383159756193
0.025639734380077772,0.5266756247036946
0.02165150863292087,0.7365630195813596
0.03004681222232436,0.32223631619707377
0.039137504556925384,0.09100827751815574
0.031980504770931395,0.25317023546608125
0.036540402224766566,0.13508899838928226
0.038389621955128295,0.10225439958266522
0.01988412176599552,0.8240243246035092
0.03546729994827885,0.15778731671083898
0.02749779319685841,0.4328508571832552
0.024424551380286638,0.5896731820837371
0.04172203171066935,0.059802430913684854
0.025646906393579916,0.5263111381682481
0.022023890325773565,0.7171257217261722
0.025236937332698828,0.547298736205858
0.02077859720786407,0.7809704335996374
0.031225431506961332,0.27867252145089816
0.029252373024454492,0.3542667882123885
0.04052694904627141,0.07285980560971919
0.02242320637114109,0.6960645539925817
0.06348480158328385,0.0006019687610295695
0.020767443003245456,0.7815246064809407
0.01793047204849696,0.9047252422617129
0.03811736988227754,0.10662540281588347
0.017814176777753626,0.9088043976908182
0.03130648254494342,0.2758464996623922
0.020418477665347906,0.7986573782440982
0.0379063594836484,0.11011879271452266
0.021394552008062118,0.7498255698343661
0.022787380470052243,0.6767247956939335
0.021822962107786448,0.7276423483392145
0.023928957143859342,0.6158995163087969
0.03612295435687818,0.1435812219331171
0.02434420298834683,0.5939097656662837
0.029363255815995637,0.3496649082403875
0.03389312770039499,0.1965147307866034
0.02170878365158116,0.7335889147532831
0.04443968146178734,0.03736124134326206
0.01538656535713312,0.971893160428461
0.028388191789798123,0.3916095192050163
0.029138694492389705,0.3590292309264381
0.019569086801849767,0.8384132061863007
0.015368942774752758,0.9721953940282062
0.02471539000147377,0.5743993666491363
0.018587677586006934,0.8800203483706214
0.018690803116125587,0.8759005090895963
0.027635815126702212,0.42627305061406046
0.03701191895917144,0.12599352147720042
0.02710293930884078,0.4520441924073624
0.02231181827541384,0.7019577950050935
0.0108120684392371,0.999808618474921
0.018215732571533583,0.8943401354648628
0.022235815285836596,0.7059714009290385
0.026016590343010293,0.5076629805813047
0.0230309005723624,0.6637512013835475
0.02560354425127226,0.5285163403167986
0.017427407793169647,0.921704701737521
0.03205902611239442,0.25062315797511664
0.026140565894513523,0.5014732593977991
0.0225477444576051,0.6894619347626436
0.031154681300886805,0.28115699286929446
0.01879010097470936,0.8718744141080015
0.017417199552023366,0.9220310590063673
0.02582959577623145,0.5170608494927424
0.015214713839295735,0.9747491186106824
0.028418123340993945,0.3902720989501521
0.03804613141001878,0.10779437385084854
0.022148030274088182,0.7105988176539674
0.04068290961741444,0.07102905214315564
0.03211627494758096,0.2487784139094256
0.02375442137671696,0.6251796051560063
0.0248494526442522,0.5673950330566835
0.027072669882622136,0.4535385208696909
0.021823800369181523,0.7275986072243036
0.03151839309630061,0.26855906971645027
0.02940336211167982,0.34801095185531394
0.03239267050001349,0.24001697031843872
0.021234860565450875,0.7579946644460844
0.03434863275069355,0.1846101162015838
0.029815766380653863,0.33132712847182455
0.025550127744694784,0.5312377873271943
0.03537550494765873,0.15986339812296455
0.0235707763358185,0.6349601538441398
0.03960924294366386,0.08446228445555133
0.02969880609864517,0.3359990356104303
0.024402361676652273,0.590842513246149
0.027704961502272807,0.42300324352711544
0.014602860233399295,0.9833243888724263
0.023383383380257305,0.6449512573594307
0.019116293890757308,0.8582548120194671
0.026389140771131636,0.48815282926407927
0.02773037109320209,0.4218059535425586
0.0397299162508572,0.08285293359899094
0.019909270783383337,0.8228565531879563
0.04133510658243733,0.06379108643812918
0.024270177415542993,0.5978187774742016
0.03255821198233183,0.23488352105948557
0.02834500174075294,0.39354495824431285
0.04985219689530951,0.01340355046466902
0.033660805151251694,0.20281413682767224
0.042304324451162445,0.05420355727504772
0.02322853037443598,0.6532111624924655
0.04395048083242359,0.04075169872086165
0.025443132912890576,0.536704929186991
0.022960051862007946,0.6675278611502014
0.019910047650256613,0.8228204366627266
0.04091400829529085,0.06838826625344689
0.023048077089492733,0.6628353934620481
0.026394290983766666,0.48788579748014055
0.03315904978041018,0.21695666207413428
0.024337732109856236,0.5942512511679885
0.039304137236329584,0.08864904568111899
0.013385344409726274,0.9939462952300535
0.02968472652852361,0.3365646164878683
0.027290926979725127,0.4428369376375322
0.024153485507968253,0.6039913220871692
0.02344176401602649,0.6418378178448726
0.03717832373095026,0.12290584520695029
0.01872952862340449,0.874337198827793
0.023000202558941196,0.6653877602052143
0.02199094723685513,0.7188541838401685
0.023429880470454106,0.642471521797003
0.021065903432867628,0.7665693470823544
0.02189978904987433,0.7236286534185145
0.03305989695173128,0.21983974670449663
0.027803318922713816,0.4183814684162881
0.03986695798654999,0.08105670360316747
0.016889314715533676,0.9378907842010894
0.021555477670910594,0.7415354616643837
0.03666973395974604,0.13254253646700792
0.029340763344935017,0.3505949322254792
0.023681797506459712,0.6290457390322612
0.025179397732616682,0.5502679559128074
0.024587452450765768,0.5811056641989427
0.021751219070185263,0.731381500866435
0.029634517659533732,0.33858709717409363
0.024598205372367066,0.5805412258273059
0.022766963736858492,0.6778113505096486
0.025326100633312754,0.5427086605255348
0.03731053413452673,0.12049715614373376
0.030110532733262807,0.3197612975836885
0.019585941310890587,0.8376549960287047
0.025995906728474655,0.508698873689555
0.02553117795770149,0.5322045258120662
0.02107796768100434,0.7659595464226623
0.031320403070008884,0.27536329307875157
0.03292155313290368,0.22391179453881022
0.0428693757889963,0.049208084526672795
0.023152330674227173,0.6572756495007575
0.017869304830918753,0.9068820762182837
0.024788929669900595,0.5705541290591137
0.0350157495282829,0.1682117655258627
0.03906587864204503,0.09203842796397717
0.03151126743751187,0.26880174374981397
0.02347674976028402,0.6399723231151926
0.03179879040252842,0.25913986458248484
0.04211673418597306,0.05595585074518729
0.03750375329184208,0.1170468765545554
0.028649094612294868,0.380058293576639
0.024160685753310207,0.6036101064317041
0.021497587076668045,0.7445240450390906
0.030435718118630883,0.307345651134846
0.02314944074342029,0.6574297885312123
0.02189637879476586,0.7238070187487484
0.026931050685562896,0.4605733652031151
0.02759906830153369,0.42801768078300345
0.026413227903051895,0.48690475386555854
0.018513993404310702,0.8829249680336488
0.018316124261102656,0.8905601511434188
0.030629452200341745,0.3001188013581594
0.028054014772302627,0.4067572194277944
0.03187663778294608,0.25656955467515563
0.025727927055015865,0.5222005710146378
0.023739090792966877,0.6259955247184383
0.03253939884191909,0.23546264475426332
0.01626219366380377,0.9540878391176439
0.02626493762839488,0.4946211447245853
0.01689176889290525,0.9378217205738497
0.029863428276429904,0.32943680942094594
0.024271474949989214,0.5977502135415327
0.032647469338594526,0.2321507836875217
0.021887044230977315,0.7242951465552028
0.023344574969252907,0.6470211667881125
0.030732386857795446,0.296330304366385
0.024524753807845856,0.5843995773972941
0.03578103817313663,0.15085463529282092
0.028969843132562345,0.36618653691490616
0.020169529719815005,0.8106159650044288
0.03493325038278694,0.1701744232311222
0.029251557750873736,0.3543007825916609
0.06394616593805602,0.0005349247077048818
0.02645020023965272,0.48499304512881264
0.019821476745692346,0.8269212169737212
0.022921124216018773,0.6696022821358645
0.04091521260733488,0.06837472652177438
0.024090961935813393,0.6073034490117537
0.04519688079075801,0.03259932166057931
0.025640540904895537,0.5266346316163673
0.030778623563086305,0.2946401012777852
0.0322673529037385,0.2439597508388258
0.02183209255366192,0.7271658513167927
0.031883270659306684,0.2563514496287046
0.030807494299427085,0.2935883369486597
0.03122442577843504,0.27870772357210444
0.028959006590727587,0.36664929164282517
0.0314411993322159,0.27119678246889956
0.03588668317153476,0.14857624056500018
0.0327232710544193,0.22984923102050153
0.02205202453902877,0.7156483469880985
0.014763591786328134,0.9813044318582503
0.021422957986353297,0.7483662962565132
0.02456681781190373,0.5821892016234421
0.01998824309192687,0.8191719652934938
0.04080133227398974,0.06966519179419293
0.023727630729120985,0.6266055223903246
0.024621237622898917,0.5793327014893861
0.015872749884281542,0.9626905717490097
0.0243331604518952,0.5944925352692163
0.019442045404674146,0.8440842105939679
0.02509806879933707,0.554474011975975
0.021735054207599636,0.7322227496513769
0.03999545738139809,0.07940240268647415
0.01588083797564578,0.9625231596012681
0.019565634364270057,0.8385683492463503
0.017889719115187108,0.9061650318018666
0.02858045910573348,0.3830737405773546
0.023076826579857934,0.6613024001866872
0.018175899301676957,0.8958221207146578
0.02399624492651628,0.6123268801948563
0.02819735625367359,0.4002112276004682
0.02032986583337365,0.8029406048293191
0.018455687201238136,0.8851999846082719
0.02395560908512928,0.6144840647046934
0.027620500640027024,0.42699955157306174
0.04852002388503596,0.01743938843342713
0.03258787871774388,0.23397251065424998
0.017921177865759308,0.9050545811564146
0.024861784172490853,0.566751996709209
0.03101334751880619,0.2861694258877499
0.03690158186340986,0.1280756645223536
0.03172599735718579,0.2615608419520383
0.01590758487589207,0.9619661568456089
0.017305536694895096,0.9255527081982224
0.033908506163859986,0.19610322129976224
0.026691756538872347,0.4726227605703737
0.023812781736266886,0.6220746584239707
0.03685736976324405,0.12891783966745615
0.021974321551196385,0.7197259012870746
0.028504902504680518,0.386412506200624
0.0165345434573978,0.9474095120524129
0.018491498139046325,0.883805162387171
0.03715688768616898,0.12330007758995781
0.029522472774298536,0.3431318579655016
0.019465663554678325,0.8430358683358082
0.04417909007063714,0.039135286616683945
0.02689547093066208,0.4623520175333858
0.03347052895699015,0.20809007932543663
0.013383046256334186,0.993959558587429
0.03250226813533441,0.23660884618752537
0.02573963239945709,0.5216077699005794
0.036178286053442976,0.14243132870834613
0.03798957312342083,0.10872999894049502
0.019230502933580418,0.8533490811251323
0.024611325154692665,0.5798527382732752
0.03115501812029184,0.2811451261173497
0.024631153888204527,0.5788125872257426
0.03240910978171657,0.23950338512420322
0.02925997061628216,0.35395010369915086
0.017188912940682144,0.9291358884299536
0.02703243545164047,0.4555298608204874
0.027903450453960768,0.41371173878391426
0.02291751189270197,0.66979475300568
0.016495493309620246,0.948400652963222
0.03675079501668854,0.1309665491097582
0.044311273155479114,0.03822643222555141
0.02094795384047088,0.7725102407346379
0.024742897476936115,0.5729602119440185
0.021457517693225348,0.7465884960410021
0.04382762400724183,0.04164417655238165
0.030284607052936563,0.3130704667822614
0.02064812816735953,0.7874279691251451
0.0421928084519283,0.05523944829919057
0.03753792653219523,0.11644520193858883
0.03322669592522265,0.2150065723670419
0.014081439612893154,0.9888223122627634
0.020534257944380074,0.7930185796315594
0.03973143908963367,0.08283279065221073
0.023499411432794326,0.6387641106138591
0.03170574359967304,0.26223747222761107
0.027911365736210114,0.4133441249957882
0.024520825683329472,0.5846060980790779
0.015302683745022194,0.9733125333479153
0.029499027136127953,0.34408836186671504
0.028354895496511934,0.3931010140533324
0.022335685676785455,0.7006960944644532
0.025281009769524743,0.5450282155561232
0.029425559165610043,0.34709796502274287
0.03578114176732988,0.15085238740384674
0.024058783041983278,0.6090093280472246
0.028843658187042376,0.3716005963765914
0.017944652538484318,0.9042216464644728
0.026540695098047684,0.48033439586513454
0.026774430855433518,0.4684366960673248
0.030961736190738942,0.2880162812464205
0.02295257459578748,0.6679263577021513
0.021467142160546515,0.7460929382950637
0.0172777106364973,0.9264164854123518
0.026811005246885178,0.4665925936049173
0.03604264547008723,0.14526355221389134
0.02790484071171262,0.41364715413165837
0.030044425213257953,0.32232930141077026
0.021220711721429697,0.7587155117775592
0.024485557311346273,0.5864611242156862
0.02076844206131656,0.7814749861209995
0.024306101782386902,0.5959210727404709
0.02478378142580534,0.5708230832124475
0.025496681679965882,0.5339660966190305
0.04853244405080476,0.017397216931212132
0.015171255631222236,0.9754393580981429
0.029567782372400958,0.3412887767533039
0.018706299119371717,0.8752760064394254
0.03606014852723671,0.14489554097314278
0.028504424479307344,0.38643369388568627
0.026471031366193443,0.4839180827780109
0.01738282488854559,0.923124599026159
0.029914836764767944,0.32740664643110534
0.0266623324443942,0.47411847508567156
0.01769830115290294,0.9127777038488247
0.018105872920843036,0.8984026025620524
0.03763849958512133,0.11468922455043007
0.030301898233302482,0.31241147498008504
0.026016917010582508,0.5076466274790521
0.02678847903531617,0.4677278142418683
0.032952955670757955,0.22298241593088228
0.03093418394580072,0.2890058213079866
0.015861776925443438,0.9629169386731735
0.025656830118558682,0.5258069718287162
0.013754797236371047,0.9915143508747596
0.037407383203446054,0.11875743119070714
0.022275050674037344,0.7039002413071167
0.017617627745515785,0.9154895695684114
0.04500788708760095,0.03373504661759126
0.018568015497112955,0.8807986331809273
0.019132850833252613,0.8575479170175504
0.01648759045733103,0.9485998689760022
0.02241024429726518,0.6967509695848235
0.0292382641906499,0.35485541004093096
0.01242284861381382,0.9978467579979455
0.029938914948466122,0.3264588983326114
0.04080837180730523,0.06958482476809329
0.021799603098887954,0.7288607615956704
0.02878760614958764,0.37402350892342984
0.020223824507187405,0.8080279005747414
0.0188162231275234,0.8708057774533277
0.02362330034860194,0.6321614815219108
0.030068918378814202,0.3213761027289704
0.02610864246929706,0.5030639046909927
0.04257976715391831,0.05171635772082452
0.01673655039512778,0.9421029356125393
0.02273422069603459,0.6795534284845823
0.036526159325086294,0.13537185144537023
0.03808907915749471,0.10708836827837513
0.03448280272669563,0.18121437759148437
0.01747009466780819,0.9203320422447586
0.025729930314948746,0.5220990993988782
0.04801320691007627,0.019240145528739424
0.03848368411906944,0.1007793027868196
0.052805985707810366,0.00729002840690979
0.023287377254517294,0.6500721290324848
0.03898255934032313,0.09324902541727383
0.027049292754703802,0.45469483171771163
0.03352287816198751,0.20662800167989132
0.026974983655398133,0.4583833637486967
0.028617469566746268,0.3814456486140098
0.023047604201649863,0.662860607534584
0.03821530091780356,0.10503560364650695
0.021739600455767172,0.7319862017844482
0.03622021957204591,0.14156485558181156
0.01954434558541418,0.8395237496085042
0.01571947189352163,0.9657738547036319
0.029610390752644378,0.33956206096519126
0.0218825129283845,0.7245320496287709
0.02933414015090574,0.3508691253064918
0.024452383860220528,0.5882072477846187
0.0389904692574069,0.09313352784974104
0.03526052029580218,0.162494790886492
0.0190570238953518,0.8607732365005979
0.021247350803743542,0.75735790955285
0.05825400283608395,0.002162694647765728
0.027371313215075466,0.4389382948056717
0.0327484993862206,0.22908713093731503
0.016801415137252085,0.9403353284487364
0.052410769585453765,0.00792499979621143
0.01882435468475563,0.8704723218468807
0.02933403163641196,0.35087361896128594
0.025479249188787856,0.5348571319869142
0.03836583246700628,0.1026303018043193
0.020935166473223188,0.7731519718670811
0.02234002656138656,0.7004665585184211
0.017374134958690668,0.9233997215263297
0.01681232298840296,0.940035049937756
0.01702167358917195,0.9341033193037955
0.030601442835461068,0.3011558281166128
0.018216345272846657,0.8943172605613102
0.02563516905436647,0.5269076893096517
0.030360051938841948,0.31020258946681417
0.03408247646752727,0.1914949317867042
0.019708410777681096,0.8321055632670308
0.03707904308021259,0.12474045822563666
0.03184259575889903,0.25769114803185145
0.02335028055586008,0.6467168401647534
0.02460302007246684,0.5802885400496229
0.04501726865429867,0.033677861368860085
0.015563690037571909,0.9687348968928009
0.02305327202708357,0.6625583995164595
0.02187676127160948,0.724832707153183
0.02539303116524233,0.5392721613073346
0.016476908999889073,0.9488683964281123
0.03857056875222187,0.09943254573467503
0.02781186236085481,0.4179816432543365
0.02710681648974711,0.4518530216720191
0.030634893495812388,0.299917646612167
0.02569389487822349,0.5239256213997062
0.0207692045282869,0.7814371144822835
0.04017707663538128,0.07711295405602234
0.018958453420746715,0.8649191231837656
0.018769266452425215,0.8727239172252522
0.03134458754982461,0.2745253113607431
0.020340681362776003,0.8024193581766192
0.021940568387725068,0.7214943759523608
0.015341609273237466,0.9726599158820618
0.049082687061123065,0.015618069047837234
0.022970872098754036,0.6669511715425089
0.017467789130641342,0.9204065079483108
0.0385307118669036,0.10004847495469822
0.0170821133325538,0.9323314521223299
0.018829628370411244,0.8702558581902923
0.021570239561877813,0.7407722853273462
0.021890187064464217,0.7241308153857451
0.028871388844332768,0.37040599441344085
0.02295762400908577,0.66765725413206
0.026970996577758477,0.4585818301867898
0.04055437163167658,0.07253503117016254
0.02533646444854676,0.5421760241483615
0.016573915334526762,0.946398823073301
0.016518015867450636,0.9478303750805778
0.027649980110474037,0.4256018254060434
0.01373153883319149,0.9916858387268597
0.02271249261152003,0.6807091254975515
0.02083958701785668,0.7779335437821852
0.018393334748069715,0.8876097291255053
0.021234339474157315,0.7580212214674897
0.023753057772943342,0.6252521738029002
0.017821136500037027,0.9085628441618272
0.023398231230820826,0.6441593715697518
0.02523640485392553,0.547326188457849
0.015697528067380007,0.9662014359164129
0.025731504750619083,0.5220193547022283
0.031026543668437767,0.2856986309238024
0.04398195714567599,0.04052574277683644
0.036863418114083446,0.12880236092089498
0.01709146270135231,0.9320549991801155
0.02380055039976335,0.6227252538707123
0.02296273485982936,0.6673848679804346
0.025834790183904277,0.5167988137189221
0.038468266497519,0.10101986330298121
0.030142589213783766,0.3185214052517445
0.022361282142736028,0.699342333071433
0.031697043516023315,0.262528526255567
0.027282253457618477,0.4432589727114305
0.02182285821631036,0.7276477693929692
0.018601313244834272,0.8794792439968544
0.017509239229548834,0.9190620287364585
0.029585461648862055,0.3405715566755766
0.04549962654509487,0.030849954214397783
0.02063656019918339,0.7879978828611717
0.025224931349220603,0.547917827079397
0.02915124427369231,0.35850125358342166
0.042450633492952417,0.05286987511991977
0.02010530505366817,0.8136623473613092
0.01639876797911205,0.9508072366751149
0.02107423331724667,0.7661483456303435
0.03722420216091549,0.12206556604790453
0.03653694251438294,0.13515766129122164
0.041162628647929855,0.06564109320690258
0.02515219844329708,0.5516734209523139
0.029402603178763087,0.3480421978016044
0.02534486331156971,0.5417445115548303
0.03086197078274755,0.29161131639054494
0.018763403834740566,0.8729625056365564
0.02995650933186156,0.3257676179614271
0.033934871370206676,0.1953992929721067
0.031420847428877074,0.2718954319018245
0.03349372581579965,0.20744121565279175
0.01929051564855,0.8507439018728439
0.036486651518787605,0.13615897065897328
0.04320392594946709,0.046442184622640575
0.02851559395918124,0.3859388363149173
0.04665839832979135,0.02489399675306779
0.019243527463812415,0.8527852670496334
0.03349430542919052,0.2074250228895633
0.02217044954971925,0.7094179255762006
0.0257522368947381,0.5209697368793407
0.024682761647047524,0.5761077230730633
0.024339478043575946,0.5941591094142337
0.030056393669791404,0.3218632697831368
0.026151550075463104,0.5009264693308996
0.028605184069058154,0.38198555183559885
0.022538931888572727,0.6899295773935691
0.023987670400856087,0.6127819689976333
0.013680041938410548,0.9920564142904621
0.025289241312860367,0.544604509397308
0.02062336088580191,0.7886476302192844
0.030044614818003246,0.32232191470340416
0.02658781855578618,0.47792003612608697
0.013441570222097798,0.9936149199160049
0.023717589186265653,0.6271400654376518
0.02520977352678072,0.5486997869689504
0.01718694901839704,0.9291953932970528
0.028294330239401255,0.39582408670831826
0.015446923462000495,0.9708416232958598
0.03757702362644061,0.11575996316329464
0.02609262377234367,0.5038629063307077
0.024254064507814532,0.5986703442723647
0.02135748334566001,0.7517271357148398
0.023764688154386815,0.6246332545412827
0.028507204731483438,0.3863104751197806
0.01633280868055409,0.9524087818385513
0.04619781456066052,0.027127107366918212
0.029022358297308204,0.3639498088366464
0.028226945426828576,0.3988690636653914
0.02877562578681636,0.3745428081781382
0.01747096766499484,0.9203038358716605
0.028048994619212286,0.40698779900479337
0.04008913633851974,0.07821443635460554
0.04874901031132384,0.016676404142750907
0.023303753882082834,0.6491985705443888
0.023407391522017762,0.6436708381338742
0.03423030133389693,0.1876465333171961
0.024442968053979636,0.5887030825741282
0.017059950195556672,0.9329842683343866
0.0511868878451151,0.010223299180446066
0.03421649083687728,0.18800346627549588
0.02930607814143249,0.3520325573320716
0.025041372568391174,0.5574123740219428
0.017929769582373245,0.9047501542670275
0.03605378726165537,0.14502920264020763
0.014522377106500617,0.984276275022802
0.0356542778648985,0.15362550690570667
0.022149115537996367,0.7105416680505177
0.023467561007028737,0.6404622570817229
0.02386837129559216,0.6191188601823853
0.030855902968697335,0.29183103616249867
0.02401514115625103,0.6113241586019819
0.03235102352361702,0.24132184330268971
0.022917359061097375,0.6698028960347187
0.0316228154111885,0.265021671194476
0.03318385347842767,0.21624004088174706
0.031079745118032465,0.28380641475376533
0.02014138927971909,0.8119527781874465
0.034799597631471224,0.17339271181590182
0.01484270311839625,0.9802506981250273
0.021037269521350405,0.7680151077325589
0.011255103886215478,0.999584872260498
0.021458565857392586,0.7465345364148889
0.034094218082305505,0.19118700379423242
0.02416575153476308,0.6033419262988802
0.016584444310592028,0.9461266044514575
0.01925884678012202,0.8521209860831509
0.03508896817728302,0.166485057061191
0.018022595581480227,0.901429780156529
0.01746340668636681,0.9205479518482007
0.03182263627029891,0.25835048083222745
0.0187723818993087,0.8725970481934804
0.030555061133501427,0.30287887107793493
0.027999074422606185,0.4092855502836373
0.01911257323625548,0.8584134623931483
0.038875217480814406,0.09482827385260668
0.04033631598242943,0.07515182389260784
0.01786470785760691,0.9070431566891017
0.025417504920707767,0.5380175541752077
0.02682224714269199,0.4660267291460417
0.023696272351625747,0.6282749799546992
0.02432887266468131,0.5947188562983596
0.018996496505609528,0.8633253656959867
0.028806543585923494,0.3732036800160444
0.018301453414104107,0.8911165310726442
0.019886119323640872,0.8239316698313672
0.033994181175171945,0.19382302150424327
0.04513824813935824,0.03294801703400791
0.015516727957093912,0.9695937337607714
0.045404494788461314,0.031390540749963454
0.028110337295398358,0.404176423725285
0.018425710886221858,0.8863614857177419
0.03496373655121887,0.1694470408277304
0.03833398489388762,0.1031353293781109
0.026170423986601188,0.4995799711682518
0.0318693276802724,0.25681009111123265
0.01989485143504577,0.8235264364677889
0.020271339309247627,0.8057536660200785
0.024095943321143343,0.6070394473498704
0.0238202600952353,0.6216769182911552
0.04046035300552131,0.07365366638992815
0.03148473779304678,0.2697066944372511
0.044807193875395335,0.03497894063129349
0.03241887223884843,0.23919879060062435
0.022268057301798483,0.7042695353725801
0.021329206011839963,0.753175604414168
0.038116715685232616,0.10663608969018967
0.026836781705406598,0.46529579540009663
0.03130374008788417,0.275941769988607
0.02724103805781808,0.44526809673537693
0.020973905193171716,0.7712064472105814
0.026157179110498585,0.5006463603098673
0.02856700865642464,0.3836666252940296
0.02249953431874352,0.6920194575195244
0.021939467594571715,0.7215520222048021
0.03112471753027557,0.2822141640108293
0.023323358334382926,0.6481528514291979
0.02331487266554841,0.6486054818762622
0.039064412309244956,0.09205961889022234
0.03413435633561915,0.19013730564521622
0.02472088423436075,0.5741118359235347
0.040443448941581917,0.07385633576629119
0.025827864960909497,0.5171481739742391
0.03594454386661211,0.1473402125655131
0.01821663951089081,0.8943062744734012
0.023128274578557484,0.6585586888141878
0.021212391475901038,0.7591391755229571
0.022679461547241764,0.682465474970791
0.031491684543776044,0.2694695137332986
0.02290485855130342,0.6704689071234846
0.021431622002126116,0.7479208523047087
0.015718068863965762,0.965801296388779
0.03245008107103298,0.23822704254006888
0.02606229936347826,0.5053769943000802
0.02985150334153619,0.32990903185185216
0.029822317588114378,0.3310668378611367
0.02555346152838245,0.5310677812518882
0.03454280396133519,0.17971188072568614
0.01705061529772417,0.933258162627927
0.01737107267975746,0.9234965454594088
0.025441072839100687,0.5368103990788682
0.02808870832432564,0.40516616687725354
0.02859671778607753,0.3823579246037536
0.02597322375773825,0.5098359456523963
0.017853390641696665,0.9074391116783822
0.016238758060478253,0.9546369677713402
0.019656830716565765,0.8344513137286342
0.02486562781235574,0.56655161140465
0.019664775617308422,0.8340907977349259
0.022086941273179672,0.7138132851105139
0.046827244458368056,0.024117092913142915
0.03788029916445734,0.11055673254101107
0.036154087146617386,0.14293330424231893
0.034262896756094396,0.18680622198489163
0.030157051315399697,0.3179631813975653
0.01794307904944492,0.904277592364028
0.01845954387005838,0.8850501470817106
0.021082071089565002,0.7657520463312563
0.033850314178841656,0.19766393786835082
0.04531256246830773,0.031920844228599664
0.03139803717718248,0.27268007442002845
0.03214169597340588,0.24796258152251383
0.018708742740069714,0.8751773976278904
0.04009759699666504,0.07810788847158358
0.040778953184620104,0.06992120812812527
0.022657662698862602,0.6836242015480585
0.027907679288257436,0.4135153089629231
0.019491864303718964,0.8418696903562807
0.026305462575330174,0.4925046426059393
0.01766441659418272,0.9139222131415298
0.028565537144725095,0.38373152711020014
0.0322169275283507,0.24556010667906028
0.02062024952245184,0.788800706002236
0.039855046583288256,0.08121151344619461
0.02116429525461405,0.7615848143448084
0.02031447215127835,0.8036817425110832
0.019553704241906278,0.8391040179414757
0.025044575033604244,0.5572462680982041
0.0243245206096252,0.5949485884238801
0.020586119114578805,0.7904777744068046
0.040865904772676265,0.06893095057071405
0.029332517818159154,0.3509363114226901
0.047933524829056884,0.019537876657673058
0.014478546577041063,0.984778293668636
0.024572135273025597,0.5819099295376514
0.019767588467642372,0.8293992978256632
0.022175172442597868,0.7091690762817018
0.026285249415485712,0.4935595892256576
0.019512353421376194,0.8409554019702284
0.01914323435970597,0.8571038469567791
0.02248996800655867,0.6925267165251667
0.038423818603107396,0.10171605848428486
0.028141240996672034,0.4027651531700882
0.022475802912397036,0.6932776845341245
0.01743672742362612,0.921406111028031
0.01664656939526199,0.9445037806207848
0.030198616876839668,0.3163627544656362
0.026691752612622133,0.4726229599475489
0.01984115408824827,0.8260131316420254
0.036290208669033874,0.14012819566485482
0.024076243773953454,0.6080835924271446
0.035605799950145345,0.1546959637357097
0.032329026151270424,0.24201324180578393
0.018698562990940693,0.8755879556725359
0.015480802964010554,0.9702402336495708
0.02142656185667513,0.7481810301556088
0.01774708722803392,0.9111160275714005
0.03338817856789014,0.2104063618779146
0.02506462124221298,0.5562068702855383
0.018669124794829628,0.8767717918529592
0.022013473136578754,0.7176724613388417
0.020723423602251156,0.7837078302781512
0.050567351483213896,0.01160320678737468
0.03869677832332763,0.09750297223784464
0.04205083014766453,0.05658292408827117
0.0210764434676477,0.7660366109841654
0.02962466117527668,0.33898515264562673
0.040195742073381946,0.07688085956459081
0.023663543358940275,0.6300178654678316
0.03125926035935217,0.2774903887387475
0.03220291768978312,0.24600615445921112
0.020811601449169437,0.7793284459329723
0.04446542674314363,0.03718984960822015
0.014219699449228018,0.9875147091182799
0.030295146381554783,0.3126686770906913
0.03559701487532485,0.15489059060758403
0.015851535794817018,0.9631274215098956
0.027457285997813163,0.43479423945506523
0.03217223400090341,0.24698522162657002
0.02332146927771117,0.6482536143941794
0.015771447377809333,0.9647473106865697
0.01689437545747219,0.9377483203715499
0.02123972826239673,0.757746553744193
0.022727709752902225,0.6798997684341124
0.031013143146777555,0.28617672173378417
0.02479349171167089,0.5703158294773356
0.0320927988265986,0.2495336390796876
0.02353620216999386,0.6368028780555784
0.038725751798565966,0.09706444393308213
0.020213303830071888,0.8085302851473191
0.023787997980221354,0.623393011492771
0.027831842889615044,0.4170475879475934
0.020981248674307285,0.7708371660307318
0.019783489557171824,0.8286694262840504
0.024285902603664256,0.5969879405213978
0.0219551083098814,0.720732777139877
0.017345370475186306,0.9243065808740688
0.01970807349626627,0.8321209418664183
0.0477208091751995,0.020352908158279993
0.0225975351262534,0.6868186479576467
0.03559096261228534,0.15502478859772223
0.022641620604497148,0.6844767262614522
0.02968176461848282,0.33668368450098174
0.024445647213698463,0.5885619885398441
0.04555370348981991,0.030546328012755985
0.022736166643562816,0.6794499119834696
0.03806510984756098,0.10748191862726393
0.03964964695751569,0.08392053326960831
0.015027795479546604,0.9776277622663743
0.013526895474205991,0.9930862831658819
0.019905399342502572,0.8230364976815624
0.032529020227162864,0.23578259685488132
0.035989211000778676,0.14639172177162438
0.03053483930157616,0.3036323598316042
0.026874500266547696,0.46340246875114444
0.027491518842687634,0.43315149368955114
0.013871716383462518,0.9906125716608077
0.03133778529357012,0.2747608135334041
0.026366070144311027,0.4893501682742982
0.02127501406004728,0.7559462784427547
0.028964429705599204,0.3664176559080287
0.021007908119614505,0.7694952761450056
0.024404787671045258,0.590714644912524
0.02388633910748006,0.6181638675746994
0.03766044837877823,0.11430892287744583
0.026896446981834743,0.462303163918083
0.04693850812771205,0.023616964788539127
0.04396779909002857,0.040627242356721154
0.042600313258962186,0.051534842096279926
0.036908400209515746,0.1279461864871904
0.02369723271083919,0.6282238457960729
0.03253532660865405,0.23558814395208674
0.028913379071759282,0.36860225405184194
0.03397774572532197,0.19425882114452672
0.04106483149390827,0.06671027295054667
0.021404965904285533,0.7492907951298585
0.026941333539366896,0.46006016087788765
0.043663834135481305,0.04286044539485042
0.019519078318940536,0.8406548722351612
0.01975844389591086,0.8298185257071734
0.034417173722629535,0.1828691684025645
0.016521991112241605,0.9477293323306025
0.04464469502824897,0.03601536968345204
0.021637819575747508,0.7372729326327488
0.02115492732841981,0.762060479797397
0.036902912646716024,0.12805038499372917
0.023503884123274532,0.6385256626253714
0.02454722857629174,0.5832183154840072
0.020003854759584327,0.8184404599036793
0.05103645252413391,0.010543977147434698
0.01696329225258164,0.9357896455696815
0.017812741978768143,0.9088541549702472
0.0204398598318819,0.797619570321081
0.05234206187542728,0.008040387263020572
0.02732976814164556,0.4409503040863636
0.03676332568978155,0.13072429883048747
0.018097501754187395,0.8987089504100297
0.028249053520996048,0.3978682697733291
0.024604399840663704,0.580216132085205
0.0299319061242605,0.3267345694543186
0.020217674644035455,0.808321621562968
0.03229919201542586,0.2429533712667248
0.026825405450268403,0.4658678358233409
0.03240632405084698,0.23959035593882033
0.017668113183306633,0.9137977386205037
0.02050246744327383,0.7945715278797814
0.037408543519849624,0.11873671407237886
0.03435177474016693,0.18453002400575083
0.02694183664835681,0.46003506102229974
0.024197893074058285,0.6016408900762008
0.03523124511804543,0.16317025476303754
0.03395203026555205,0.1949422316063002
0.045381676520865666,0.031521437881241225
0.017433430001464134,0.921511826857675
0.04824237376802065,0.0184063011461059
0.020997340192583647,0.7700274444392813
0.01693399604915269,0.9366265039146604
0.017480720635508762,0.9199883550454218
0.035021546764613554,0.168074531005087
0.023390658841516865,0.6445632287752241
0.021865622391112782,0.7254148203604485
0.016288126765532596,0.9534754786229719
0.04573881646649325,0.029526795065200603
0.020793331808084264,0.7802377878879514
0.02433373808835526,0.5944620474651136
0.023275525115492357,0.6507043486871948
0.023215775465525473,0.6538915333609392
0.020814708480037303,0.7791736972441994
0.04234301896032655,0.053848048430627626
0.03331921971662333,0.21236136397883507
0.02450311761206589,0.5855373192409441
0.018943745912065935,0.8655331177525065
0.02553653064480277,0.5319313861928764
0.017069717711009402,0.9326970043276029
0.03552999541050059,0.1563818480754832
0.030241469795982856,0.3147189134035266
0.028657139235459456,0.3797059482428916
0.02874372237441669,0.3759281549775882
0.021760755945032795,0.7308849669710036
0.025569866282315834,0.5302315263592932
0.011313372513015285,0.9995435481299726
0.04474374789833235,0.03538045193672211
0.04342322267154125,0.044703168714134
0.02785615140474018,0.4159131244816465
0.019135098071929924,0.8574518586377687
0.02421999755655313,0.600471581600496
0.0385361545443427,0.09996417953436472
0.04765594164412079,0.020607408034115093
0.03416031344829082,0.18946089328028878
0.04412375168067628,0.03952134343069958
0.04336664181667249,0.04514635322829129
0.03064286989966436,0.2996229529964548
0.01944255075044593,0.8440618085138658
0.041558254954045526,0.0614638619719323
0.024236068135693623,0.5996217406891893
0.026602994854883988,0.47714416538220494
0.016208224640660962,0.9553463466402349
0.027581130631488593,0.4288710577100814
0.02465710719390246,0.5774519020567253
0.024058228106991764,0.609038753554008
0.03442351053159454,0.18270887065452615
0.04330143343016113,0.04566184068711642
0.012639785544661886,0.9972220527736823
0.04780743377464819,0.020017414568666663
0.018382529717954788,0.8880248614950842
0.03764307010414136,0.11460994629754874
0.02038561195318908,0.8002493478173944
0.01907870445997345,0.8598542163775216
0.04249151866865497,0.05250228162063126
0.019224829717433528,0.8535943903490597
0.019569841457807047,0.8383792864508122
0.028603500175093888,0.38205959442427334
0.027425847504972123,0.4363065759924029
0.017573610145041663,0.9169502469785327
0.04397320740375549,0.040588443851108075
0.021001052784419327,0.76984052508412
0.01858510327267071,0.8801223797324427
0.025726097468110276,0.5222932524696298
0.02768020362632112,0.4241720392040905
0.018967858583662428,0.8645258546575262
0.029646594945032967,0.33809981224320823
0.014935046004156183,0.9789699904604683
0.02056092383613839,0.7917132918844644
0.01914551260431152,0.8570063368332739
0.04069630306438299,0.07087367160990023
0.025205018370896948,0.5489451741062484
0.033152541878287645,0.21714499085451905
0.02594319840772985,0.5113427547776614
0.024263255717754117,0.598184558890019
0.03428383356509135,0.18626803796816227
0.018276816058181322,0.8920478219201619
0.02280786615417696,0.6756343574525556
0.02757874757923659,0.42898451677576654
0.034844704678903105,0.17230118838630853
0.022543814531735547,0.6896704855038431
0.04712917399580885,0.022781290413382466
0.017352137239903698,0.9240937732474838
0.016639682086044716,0.9446850910745083
0.031506084031424186,0.2689783751183734
0.02411358519074533,0.6061046311990793
0.04601908000244531,0.028040262817186114
0.03587003806991984,0.14893336220834566
0.02252051268497901,0.6909067992522995
0.031406687609359385,0.2723823116067822
0.017567339979775776,0.917157219787431
0.021190051026684698,0.7602758877939669
0.022435532366261224,0.6954116767798315
0.025108307909371658,0.5539438953780612
0.02759306196058353,0.4283033020359629
0.019295933652911712,0.8505077887753117
0.02470463983547777,0.5749620713971879
0.03404698727224198,0.19242802070291531
0.02701568061765791,0.4563608192347352
0.014297461204365924,0.9867329149534274
0.02528862081409855,0.5446364445861429
0.0377589086126211,0.11261570755251586
0.023539406071028612,0.6366321026044184
0.017700009810380002,0.9127197818976269
0.023942904258443365,0.6151587431715635
0.02006763243523807,0.8154415721526576
0.022538706114199503,0.6899415573945971
0.050128397763064325,0.012680386966402672
0.038398711182779266,0.10211108161639613
0.02040448750339266,0.7993355192535649
0.03173352580792316,0.2613096700555655
0.017881171968298193,0.9064655880579776
0.030690661740107206,0.29786171698875097
0.020461349141936758,0.7965749220331092
0.026650470692335865,0.4747223159277582
0.04888169691986832,0.01624809792867457
0.02529983673715519,0.5440592969561896
0.023202621806638957,0.6545931668399435
0.021473201871638814,0.7457808255087167
0.015177556386465452,0.9753400770321622
0.020725353863162876,0.7836122230700213
0.020446716032794576,0.7972864514471661
0.03266075860494866,0.23174601029144698
0.024634275113139925,0.5786489023550792
0.027622519655930655,0.42690372399443216
0.035506018810088635,0.15691814820437006
0.028622450984583714,0.3812268851643403
0.020628900776879955,0.7883749943036127
0.025696268135311673,0.523805249929651
0.025155289008411796,0.551513661925605
0.031662419273494335,0.2636892639009753
0.030635246931651205,0.2999045841697123
0.04101106298565582,0.06730440614565715
0.017084956963930864,0.9322474353009499
0.02891589891434726,0.36849420826486246
0.0386582243094874,0.0980890689791688
0.028635053681307532,0.3806738175856639
0.03389452943687088,0.1964771939454088
0.04614374800193155,0.0274005215249383
0.026286966106483067,0.4934699368907642
0.021269894619140417,0.7562076585427735
0.01928371898656822,0.8510398826408276
0.028082504624414417,0.40545035548313224
0.02255618919636504,0.6890137538680515
0.014912481250012932,0.9792880332563477
0.030150878242976464,0.31820136915490377
0.03583288214559849,0.1497330449816609
0.03351893408749984,0.2067378773002928
0.031399244393845116,0.27263850530750766
0.029567521672767105,0.3412993610193035
0.034358571390610215,0.18435686506625842
0.018867700388314423,0.8686884448013839
0.02121392734563443,0.7590609825677478
0.020326931292298844,0.8030819580582176
0.02104515684910896,0.7676170890031051
0.027079559200493764,0.4531981243743262
0.03353594105658908,0.20626441534154777
0.025841381292849075,0.5164663995333356
0.03949855581569833,0.08596151657558715
0.023435631027905524,0.6421648633830371
0.015957825099409073,0.9609058553667382
0.037308979328976366,0.1205252554448475
0.016126866867953615,0.9572030734504353
0.021472006465895088,0.745842402561961
0.02432295999296008,0.5950309733824104
0.019025163608492268,0.862119123001691
0.01656032696007037,0.9467489324223988
0.01860538743350737,0.8793173515869521
0.01589948045732581,0.9621354792098781
0.027817587960124207,0.41771383595047085
0.03652854652088933,0.13532440996111095
0.027050167443339324,0.45465153156425303
0.026116873878050728,0.5026535455009509
0.023541258582995273,0.6365333607018087
0.02070128609193117,0.7848034716566699
0.023849183685838993,0.620138898956409
0.01885955649179402,0.8690244203914437
0.02197744988014927,0.7195619080495027
0.03258026184199425,0.23420615185568758
0.03367823818557392,0.20233603096389974
0.03328076975574468,0.21345754255581914
0.016637547614201248,0.9447412107829564
0.028036473332922807,0.40756330208318486
0.025025669308345933,0.5582271020986898
0.020691377145047096,0.7852933841434971
0.015809228632608335,0.9639889069514285
0.023991925077247844,0.6125561475603033
0.023352527651991667,0.6465969845910362
0.038434282116325824,0.10155180841168575
0.020761506164189647,0.781819408386581
0.022735629626120524,0.6794784793447499
0.035697223380808774,0.1526822012385579
0.02306782182481959,0.6617825740066501
0.04124809422121778,0.06471873909110915
0.02092191012624811,0.7738167431615639
0.030285477761009316,0.3130372585914151
0.039840243986757895,0.08140424707166621
0.03356642832882428,0.20541778811453676
0.017467475862806114,0.920416623187242
0.05812205534960663,0.0022304285735630113
0.01712576096778462,0.9310354144777044
0.04134438256330919,0.06369286738584337
0.023497714528388614,0.638854577242588
0.02122062730776808,0.7587198109520726
0.03541394210127874,0.15899143367926521
0.028899784332325873,0.3691855540037421
0.021863246598439995,0.7255389522547132
0.05848899739529051,0.002046761514453953
0.036717451832953385,0.13161294454056496
0.020795897536447172,0.7801101444791397
0.027869254213023553,0.41530249753089865
0.02430462229763719,0.595999201705443
0.03137203857103632,0.27357645862186025
0.0227954009962128,0.6762978938423645
0.02707734835959963,0.4533073420519947
0.03234376670964889,0.2415497650580916
0.02462821043402727,0.5789669604716509
0.019874653290452016,0.8244632750888797
0.029623672134685586,0.339025113731492
0.021896383712305956,0.7238067615617065
0.03451629897814923,0.18037437314736487
0.03208112519328987,0.24990982675126916
0.0241061028636137,0.6065010775789668
0.04187806167322314,0.05825555258324899
0.03317439056608151,0.2165132238296202
0.016739515286982365,0.9420228141622976
0.021886802813018746,0.7243077690647521
0.036466711668147855,0.1365576468596473
0.02548240754430353,0.5346956560248599
0.035837874621195365,0.14962539409923858
0.04057606666247893,0.07227896167428464
0.021665381713280196,0.7358431993187042
0.023694114855473125,0.6283898569332794
0.018428033140085925,0.8862717029051389
0.022820572336943096,0.6749579130494358
0.022572024220600784,0.6881732054774243
0.017104945367161284,0.9316552144041574
0.025432148799380744,0.5372673730131337
0.019894639119632407,0.8235362933563732
0.018271560588302815,0.8922459806928538
0.02093875188046057,0.7729720862377781
0.023478455193514658,0.6398813933921692
0.015507267606058028,0.9697648610879323
0.017740122556666515,0.911354244332746
0.0447331974211741,0.035447609561878375
0.04640482135921703,0.026102430305112116
0.02543297117053589,0.5372252557800823
0.039461029202808806,0.08647485943969228
0.019703973581936873,0.8323078388786673
0.03840634921593078,0.10199077515876731
0.0168022357513134,0.9403127683930663
0.034997036340427334,0.16865536182947582
0.021373851021639467,0.7508878833931145
0.03258447224254801,0.23407697928944687
0.02554662974867583,0.5314161898115513
0.02060072909033428,0.7897603582052958
0.03033642615044857,0.3110985995130112
0.02257898163059069,0.6878038346463768
0.02428845405468022,0.5968531576262777
0.03436576653206591,0.18417369365316483
0.03487973133910538,0.17145737317473445
0.04456087318898333,0.03656042703997628
0.016645531041711223,0.9445311379433916
0.05105800655271597,0.010497479557479183
0.02455785641523195,0.5826599289788712
0.035955610409907135,0.14710475686881358
0.04387843554329207,0.041273019404232864
0.02007477357079479,0.8151047489943061
0.02936244080768345,0.349698576647009
0.03129290839968557,0.2763182928294643
0.023864641776708106,0.6193171092639195
0.032114860907584086,0.24882385425913986
0.03393168343766739,0.19548430248153062
0.02291196914856719,0.6700900707713828
0.022613066948734273,0.6859937183406398
0.032722244524048816,0.229880281772081
0.02783026102971564,0.41712148532710025
0.0415539844790801,0.06150770726001903
0.03353330842970825,0.20633765044882033
0.022292186062111807,0.7029951557727392
0.04063455957014678,0.07159238407028995
0.04146015203294162,0.06247787255392336
0.02143430694497328,0.7477827775868108
0.04574328267522598,0.029502571819259405
0.02703846649816377,0.4552309954647843
0.024603081458972942,0.5802853185372554
0.020288800781558813,0.8049157335946728
0.025643564867147473,0.5264809444242239
0.03654955905825252,0.13490740499932483
0.02004785550509991,0.8163732950410761
0.029397001881631357,0.3482728701476188
0.023051841506150805,0.6626346754477057
0.03879413229011919,0.09603599393451
0.024703298611442603,0.5750322867631126
0.027186944872220786,0.4479141768069149
0.036005675292409944,0.14604335611829153
0.013372277648452557,0.9940214163010289
0.02295191870402702,0.6679613122076408
0.03365055602934397,0.20309563364431563
0.03134683774589453,0.2744474401524656
0.03603369714753346,0.14545198750078187
0.018096339152043672,0.8987514604008635
0.024893659138672697,0.56509085678999
0.04228332817640368,0.05439730688212857
0.03063305619409329,0.2999855571938605
0.03429696039740271,0.18593123523554225
0.0237522025898049,0.6252976856453911
0.012845397539189451,0.996506846608672
0.03095919274160852,0.28810752389641475
0.028352320250053964,0.3932165349215767
0.028314651297088433,0.3949089824434214
0.019165593800790887,0.8561456563961238
0.02687846934488647,0.4632035314353075
0.019889357313800662,0.8237814420757299
0.028173358644980495,0.40130204139680814
0.017216465342274945,0.9282981557794429
0.02845791416395338,0.38849905251577477
0.020498739410491573,0.7947534111501208
0.03635730876406906,0.13876197263118045
0.03995042234799445,0.0799789073702883
0.02068682045102954,0.7855185679349972
0.02141524633302283,0.7487626370517623
0.016595462323460874,0.9458408674047768
0.019648844005423993,0.8348134312250771
0.03623895526682397,0.1411791037079147
0.018385845672683088,0.8878975388788483
0.041881779717567125,0.05821911489935839
0.02579323878656481,0.518896439061968
0.026048295567203228,0.5060768707605298
0.015554862786077178,0.9688975176062762
0.02268521368397647,0.6821596671241086
0.02658482098699355,0.47807338037861086
0.01756349571149829,0.9172839804055632
0.024589684178233012,0.580988505633351
0.030592020830016553,0.3015052630767965
0.03573610587257475,0.15183217007220645
0.03190594614311715,0.25560688404857923
0.019602903224908874,0.8368905934720786
0.02677174866076193,0.46857212165903106
0.01726138947512823,0.9269205535968345
0.028723928882718047,0.3767894535398647
0.018605958907261022,0.8792946354962227
0.028366605906623654,0.39257600281176197
0.03201875237165239,0.2519271183402162
0.03624257497620176,0.14110467537269805
0.02927882997909592,0.35316487375404804
0.020218649954383272,0.8082750499429134
0.033629007940954136,0.20368845711996808
0.02661623329822893,0.47646803520944153
0.04869656326630578,0.016848469588958793
0.019590734452827885,0.8374391272413743
0.016159332359607426,0.956467982010246
0.027549559485589348,0.4303758296605112
0.04054521391221999,0.0726433519943613
0.025067939937204797,0.5560348560704577
0.03081185783749696,0.2934296144833641
0.017708623813972063,0.9124274697014148
0.01914192806474857,0.8571597446229996
0.02535481602651124,0.5412333256534712
0.028402554445014716,0.39096736207473687
0.031533727446288684,0.26803739544642213
0.023869916964324833,0.619036699907503
0.03336079260694258,0.21118107896961943
0.042063318326425625,0.05646363797875655
0.0233554037237792,0.6464435814489443
0.017470855771832605,0.9203074514178331
0.025155553269751135,0.5515000023169883
0.03616976061888913,0.14260801471523749
0.02446325597308774,0.5876348460010399
0.027810503416759003,0.4180452232119847
0.016343252842258016,0.9521573260632401
0.023373604051603603,0.645472837640747
0.024393266313454176,0.5913219636350114
0.023066227382563476,0.6618675951239318
0.024833683717409127,0.5682176271832959
0.03835973168227358,0.10272688635906435
0.0278490526994431,0.41624419909895766
0.031070119951365216,0.2841480607108947
0.04086886160195774,0.06889748739091715
0.024802973485210544,0.5698206374791759
0.019824306625232324,0.8267907266676308
0.031673239816465526,0.2633261032825175
0.016092962439873126,0.9579624936885798
0.01507906038754836,0.9768615281836177
0.011807843562042675,0.9990360063767295
0.024646513112379254,0.578007228487391
0.026447873079082584,0.48511323098898806
0.0238979621891664,0.6175462042393132
0.02554017076523543,0.5317456668513443
0.030542383247813026,0.30335110282956895
0.021181058307945366,0.7607330952694943
0.01914629847012872,0.8569726949294008
0.019502678139770663,0.841387397347777
0.02455361376221904,0.5828828218591539
0.018108968763098032,0.898289192719002
0.0370341893892574,0.12557664249140196
0.03882216519869108,0.09561701407999551
0.027392318988425174,0.43792333995014016
0.03502883788094474,0.16790205960731014
0.025799739662339394,0.5185680267578305
0.028053812656912924,0.40676650101501577
0.05809058127996425,0.0022468731647788493
0.02391660771437054,0.6165555380777021
0.052926785498468853,0.007105403865756262
0.019308663548442073,0.8499524358446089
0.018722691772371486,0.8746138343571476
0.03970479086519019,0.0831858693804083
0.021555980964922117,0.7415094490792047
0.02283905867674002,0.6739736121672348
0.017735737808865393,0.9115040483815048
0.039176375844840405,0.09045327267625747
0.022664510482677258,0.6832602379973041
0.02441128493745537,0.5903722205501961
0.02906056180373129,0.362328719171297
0.023146225351827865,0.6576012854102063
0.02157231997490225,0.7406646945568348
0.021711121865189864,0.7334673698831502
0.026731699860242042,0.4705972602385744
0.033741955792155165,0.20059604849173493
0.020809947709214738,0.7794108000872965
0.023724091562437488,0.6267939180762419
0.021310905528091673,0.7541120304311435
0.020804293005369845,0.7796923342436217
0.02532160862899746,0.5429395799126623
0.029948918912971523,0.3260657141010269
0.020579720747183727,0.790791738045258
0.01678897814858904,0.9406766374366442
0.01483688552472754,0.980329544425295
0.023380481031818334,0.645106052800536
0.025836523345482143,0.516711395329333
0.020686285691313866,0.7855449904438832
0.04215620778403584,0.055583130905664795
0.01963086927692831,0.8356273172839451
0.029897520544235612,0.328089464627464
0.026576557388180155,0.47849628046462256
0.030635923722020175,0.29987957221260236
0.024574719472274853,0.5817742201089875
0.02747181068753407,0.4340967262989769
0.024477867513714613,0.5868657759695324
0.04018249380606098,0.0770455335148745
0.017310233268840736,0.9254063721118941
0.01544795290601475,0.970823468197277
0.03794103573920726,0.10953828988444579
0.030097641019318833,0.3202609162398668
0.026757297426054927,0.46930221447683884
0.032501886591437296,0.23662064634004928
0.028614758843411692,0.3815647292819289
0.026216107083670726,0.49717916899848996
0.03209021009757007,0.24961702480619016
0.024386605369098646,0.5916731422419232
0.01962415590001021,0.8359309076758621
0.027222790290458182,0.4461595563358025
0.03556471308001996,0.15560790724457052
0.029490790656286014,0.3444248353581527
0.022622711200981083,0.685481404146421
0.03305087759704295,0.22010346752005988
0.04641494126890855,0.026053226725050845
0.052168275326199276,0.008339093036685867
0.03593575525412673,0.14752741909679562
0.0370778004720681,0.12476356191264319
0.04166644565307831,0.06036195410730263
0.015149662809598896,0.9757775631211166
0.03590203295241695,0.14824752328161592
0.045455007427507355,0.03110247394481498
0.05497119002575246,0.004562364153043151
0.01685596373071041,0.9388249563756754
0.02106371786538591,0.766679777170235
0.02728177302965895,0.4432823571613137
0.043615604011412956,0.04322443016254215
0.024149143550054597,0.6042212276811121
0.020600807767358953,0.7897564928747299
0.029155642359537548,0.3583163536146625
0.025706972393887972,0.523262467929446
0.020984876043002587,0.7706547008899733
0.018756211451411264,0.8732549385938901
0.015060895325385903,0.9771350299733778
0.023801708829998214,0.6226636324872469
0.026664822166916458,0.47399179557064514
0.024425294504736683,0.5896340308139321
0.025651968401785186,0.5260539433593556
0.02152634985940105,0.7430400417951286
0.01619359365827422,0.9556838369193901
0.025385769179419482,0.5396446405869961
0.02098425480317051,0.7706859533262304
0.01845848785269716,0.8850911840785604
0.04200840290411917,0.05698980529852878
0.02061544569510071,0.7890369863173313
0.02942537911528742,0.3471053637817034
0.027151582929302587,0.4496496264465119
0.019431972264051578,0.8445304916220382
0.028321529686957114,0.3945995643455015
0.030219595496981277,0.3155572329697315
0.022786115618825376,0.6767921158906423
0.018759537473516552,0.8731197441828762
0.03183635762822712,0.25789707887386426
0.0387507714113936,0.09668708493606755
0.014058649434032983,0.9890279513914485
0.01910614239012165,0.8586875012629195
0.020918295568203293,0.7739979159051542
0.0279902635773982,0.40969202061846527
0.021390765859619715,0.7500199360030796
0.016165706820714054,0.9563227412942291
0.02978823288700816,0.33242269574955
0.0493663288498406,0.014766227948058944
0.013280316748321655,0.9945304018828912
0.03265322655647129,0.23197535989861728
0.041542721325089516,0.061623475389967465
0.022780877636679908,0.6770708924909447
0.017198177338162868,0.9288548125221783
0.04327531055299633,0.0458697762429771
0.036408581048917865,0.13772532958708883
0.018204600347835574,0.894755332615056
0.0339807735258052,0.1941784787149579
0.01380720078154779,0.9911184354878854
0.021890986404426993,0.724089017317775
0.027389058607154904,0.4380807714569359
0.027427731338952765,0.4362158555221054
0.019530891332894318,0.8401264299258923
0.027781368632932457,0.419409914673483
0.029225526562532744,0.3553874217671174
0.026452574089708747,0.48487046784534193
0.02376262544929697,0.6247430179798334
0.03135547201968347,0.2741487922819285
0.04303880526923032,0.04779000936476496
0.02312483033383328,0.6587423825680303
0.025879492011163685,0.5145460793158967
0.02141673016217749,0.7486863858010308
0.027967031879588045,0.4107650919182081
0.02155061791869095,0.7417866098861097
0.02404222121716937,0.6098876227949512
0.027085742809705216,0.452892740754848
0.014513608731505978,0.9843776222019534
0.03134716545644339,0.27443610064544094
0.04845568753076657,0.017659303306137727
0.02481083711831855,0.5694100477459372
0.016172981006902565,0.9561566359959418
0.041931645322231315,0.0577323083282852
0.021153577277349234,0.7621290113834771
0.02284542367353054,0.6736346732397513
0.02143379102436821,0.7478093103247551
0.019724807763743246,0.8313573033150226
0.030174832872358226,0.31727780616010653
0.018046019600510027,0.9005829018192425
0.023851127351113832,0.6200355612693464
0.01944601742303298,0.8439080962331986
0.02161615802443345,0.7383955616068782
0.02968358423208245,0.3366105329191898
0.01532404882686167,0.9729556239316863
0.017430272239446043,0.9216129932626993
0.03915735370930906,0.0907245154799109
0.018278787855398236,0.8919734296204346
0.024645853747729873,0.5780417961040858
0.022077512219755735,0.7143089963456877
0.03588220201930714,0.14867231586198118
0.02362210992321767,0.6322249010483294
0.020045838879838962,0.8164682113845594
0.01511616297770961,0.9762960536556865
0.02749309744573547,0.43307584148927514
0.02927801675920294,0.3531987074529464
0.01706910869062883,0.9327149359138196
0.01661404854721732,0.9453568321365596
0.019577812935492434,0.8380208245178278
0.017076586495222007,0.9324945784104488
0.017897186964237366,0.9059020271836681
0.028598156377049988,0.38229463316187406
0.04295115832344687,0.04851910791188574
0.024367409538029516,0.5926854457184695
0.04996406693873123,0.013106288944129433
0.02237533583437168,0.6985987706857172
0.025229737064453417,0.5476699904678521
0.02698900511108715,0.457685862465834
0.027899983221420788,0.41387283962635346
0.026816204770752305,0.46633081786122144
0.0182023743353934,0.8948382605662588
0.03494880860909516,0.16980290261189585
0.02823894476442068,0.3983256598542101
0.030767483813947227,0.2950466670284317
0.02171158025429809,0.7334435407596136
0.021199194225037465,0.7598108206885766
0.018932360908235246,0.8660075788621704
0.01222907902578152,0.998305552312392
0.032745770848559896,0.22916946104502522
0.03033500555508517,0.3111525359630251
0.01887571231564278,0.8683575463114932
0.020444759091567954,0.7973815494329736
0.04301817215842363,0.04796078840434834
0.023280864277938518,0.650419545369385
0.01564853096268287,0.967143723034974
0.027910502981711827,0.4133841835430245
0.019781121667841822,0.8287781859547191
0.016025057930487918,0.959458165497757
0.04819428310796914,0.018578558159382325
0.017979758448493754,0.9029691613459738
0.03666664241562956,0.13260294709049394
0.040647228251687206,0.07144441401000216
0.0214697373238798,0.7459592808860027
0.021237399513406308,0.7578652593446893
0.022653880620547517,0.6838252079133396
0.03551782382393176,0.15665391345347662
0.02328581959296072,0.6501552179790818
0.02945233250037982,0.3459990292878916
0.026663371932654556,0.47406558222114215
0.031624412280997605,0.26496784928389644
0.018650013710050595,0.8775375899692014
0.039126236801306113,0.0911696912212316
0.031288567647043686,0.2764692904486923
0.01750720493759972,0.9191282944531135
0.030906211936836625,0.29001301332028545
0.018925438844522136,0.8662956960234561
0.040494223590080036,0.0732489984199479
0.02999310015273049,0.32433336745339747
0.01925344150342284,0.852355510413261
0.021531708796609927,0.7427633597491687
0.01727238928043634,0.9265810412020488
0.027195006579150083,0.44751915926833924
0.022832504648017893,0.6743225979692662
0.031748987678330454,0.2607943857692618
0.03190785757321407,0.25554419575796333
0.019569481475054773,0.8383954670363754
0.0366415719305051,0.13309366923871727
0.03133791780625128,0.2747562243446447
0.041926112606803234,0.057786147776022985
0.03576218880979776,0.15126409716233438
0.0342627592267194,0.1868097612508619
0.02167055495847614,0.735574686677991
0.03163097484536992,0.2647467468155656
0.02857823581402985,0.3831716973457248
0.03439701663162986,0.18337980764218587
0.025220614649794748,0.5481404774467635
0.016003604003935995,0.9599237045560199
0.028704098939957845,0.3776537230469447
0.019128762012065037,0.857722624753478
0.022594293684405187,0.6869907861206057
0.017904284491879197,0.9056517180693743
0.042271492164118296,0.05450678996865345
0.026034040897256805,0.5067897189633005
0.021723720745036368,0.7328122844174101
0.02930327874802119,0.35214876880141216
0.02295375984238035,0.6678631918803544
0.035964841229109146,0.14690859140183793
0.025653102270557893,0.5259963395902421
0.025795930841770565,0.5187604310302512
0.026622415733294658,0.47615249208470717
0.02349853334736507,0.638810923668593
0.03285136973105646,0.22599971864006496
0.02775770722844817,0.42052045564407553
0.015692078231728912,0.9663070927129771
0.02763193815278553,0.4264568905431574
0.03480665070476596,0.17322167608591443
0.017819577207502713,0.9086169915889644
0.045857501444290905,0.028889009012172076
0.025973043038453714,0.509845009284011
0.022143594194198396,0.7108324044525256
0.028228434903940225,0.3988015831984882
0.02655173214352563,0.47976820623528604
0.03136894114820871,0.2736833989438215
0.02386823258301507,0.6191262335422846
0.020739431538981445,0.7829145901112085
0.020794166821255067,0.7801962487108346
0.019155332849664364,0.8565857086769029
0.02712355880417905,0.4510281307531446
0.016732678479197627,0.9422074706821228
0.033177373527560006,0.21642708045304057
0.027844999962337136,0.4164332941148336
0.016670854102727506,0.943861692128597
0.027338754641791585,0.44051456963659924
0.012605902679983738,0.9973279942892561
0.026919076906515738,0.46117143698124197
0.030148573300323167,0.31829033856675026
0.03066964072971745,0.2986354456256827
0.02650808575678404,0.4820097565244326
0.018279297283440132,0.8919542058249842
0.018374658036467317,0.8883268357298048
0.022170206581985097,0.7094307268019386
0.02235404508906902,0.699725158613317
0.034050446896687125,0.19233690260601521
0.032341621967284406,0.24161715849793045
0.027244192059337258,0.44511413455562177
0.019734711930503218,0.8309047429262604
0.03372765792546506,0.20098546833749784
0.017056069387933137,0.9330982114613108
0.03094618268292415,0.2885745767602706
0.018356073914594262,0.8890382266447536
0.03482680808674132,0.17273360305263086
0.03585052761101004,0.1493528421397792
0.02043624830693412,0.7977949744432885
0.01750323638526241,0.9192574839623746
0.028931848451407505,0.367810841538735
0.025599945421960202,0.5286995223282341
0.01577790009722968,0.9646185102253138
0.02606324283697123,0.5053298569547948
0.02788412590338224,0.4146101766777109
0.01799787114827589,0.9023197500056117
0.0282545610394227,0.3976192241482949
0.031212148109084126,0.27913772932141895
0.019519926135995208,0.8406169685102975
0.03098076107925582,0.28733446996000495
0.017739298227399614,0.9113824174135033
0.029589212923430197,0.34041951260085374
0.02600317266082211,0.5083348716559257
0.03305806431781133,0.21989331208885288
0.027387443556621704,0.4381587702063381
0.02004881735110109,0.8163280180244957
0.028934034102923167,0.3677172656990329
0.03623029398753508,0.1413573259022505
0.015574981017931255,0.9685260841127812
0.03347278282170607,0.2080269648562585
0.023747461656723146,0.6255499990395474
0.04369197295236543,0.04264932010022226
0.014107927113390428,0.9885798292221618
0.037304299838711696,0.12060985826252611
0.022814294190809714,0.6752921550521684
0.021667457510665122,0.7357354629705956
0.021772586315737863,0.7302688006765596
0.020586197304212767,0.7904739368429938
0.01611301346560534,0.9575143918588569
0.035313998458075896,0.16126667508522402
0.030084092677293617,0.32078659379693564
0.03554640993916236,0.15601554383812796
0.03284429160321195,0.22621111975423366
0.02041942838278432,0.7986112688543485
0.02892447888625302,0.3681264835828679
0.019938106688892954,0.8215142379740222
0.025607116438031263,0.5283345388553685
0.041692942811017875,0.060094679475999425
0.032057099803566746,0.2506854100225086
0.03634065182129896,0.1391001102826075
0.027003086145457683,0.45698610360861824
0.022699612738505515,0.6813940621684969
0.02806046453542943,0.4064611082735831
0.02501529358238941,0.5587656310631528
0.01976395074013622,0.8295661125491836
0.021792005767304445,0.7292568404973732
0.022709164081727296,0.6808861424107304
0.016183000764449784,0.9559271994670593
0.044717452040581085,0.03554804228122049
0.03679401820456685,0.1301324786676349
0.026741646646443268,0.47009374958546934
0.020502301522589028,0.794579623845235
0.03262576713465326,0.23281297053105235
0.038880029175911435,0.09475700705621924
0.031088995866332403,0.283478346822595
0.02321608946958853,0.6538747838690677
0.02269400785311504,0.6816920919728717
0.04426732880144185,0.038526514403765824
0.019207918462841228,0.8543246324709799
0.02941898505360116,0.3473681862641077
0.03329594571630326,0.21302436405997796
0.03807109644831347,0.10738351293037517
0.0258952503926817,0.5137529214277314
0.021550802903704647,0.7417770508834949
0.017484158244190362,0.9198769989096904
0.026974931851076023,0.4583859420703967
0.024341630708020534,0.5940455066709611
0.01974193413094967,0.8305744511751509
0.023796144500602412,0.6229596272514193
0.019156303537887998,0.8565441035746887
0.03461346362209372,0.17795516034729406
0.03157109642109324,0.26676929151279455
0.019425927453195824,0.8447980601547791
0.046833691336116146,0.024087860040061748
0.04524589469071105,0.03231032185274634
0.019589549735841705,0.8374924934870329
0.02875670788419399,0.37536385047735127
0.022698040144282894,0.6814776840116499
0.018657973821338603,0.8772188841356993
0.017403591758455517,0.9224649549916555
0.022787432109520278,0.6767220472275153
0.028096681861640604,0.4048011037685586
0.032800328947412694,0.2275275573291198
0.038189543331694886,0.10545182962428319
0.021309712144998605,0.7541730678897335
0.020348866772966212,0.8020245804518722
0.032005737503206066,0.25234960471018336
0.02831958355509695,0.394687092295602
0.021181540569063628,0.7607085813556986
0.031999245138549015,0.2525605594629877
0.025355312963115217,0.5412078068187793
0.022592714992684393,0.687074620439708
0.04115549272047869,0.0657186099333519
0.03673268517425937,0.1313173066346234
0.0194319089269952,0.844533296122715
0.028871108901075804,0.3704180405068847
0.015142188573077364,0.9758938987468784
0.018735289369255836,0.8741038931659575
0.02025699796938668,0.806441005651466
0.02339275504429006,0.6444514314740176
0.02089894802198955,0.7749670299792276
0.018626289130342477,0.8784852388943193
0.02054493202476515,0.7924963775695699
0.01689629095228412,0.937694348866597
0.04235515192643291,0.053736990337106424
0.02048787543836339,0.7952831667049346
0.030973954179120466,0.28757827694568794
0.03519900529924813,0.16391671961158813
0.029135711322136992,0.3591548158380994
0.02222491751467809,0.7065463590728707
0.02448697854783538,0.5863863433666048
0.0322382421565911,0.24488266922297666
0.024294294264672445,0.5965446666069466
0.016691136049425515,0.9433221108082122
0.018755302543511043,0.87329187222971
0.03190188643060066,0.25574006717447545
0.036408181159027886,0.13773339028887788
0.03263167250000709,0.23263264014659774
0.016315447582145537,0.952824992608749
0.037005090420909936,0.12612157132638527
0.026076995424913152,0.5046429757058216
0.01881250744535687,0.8709580224041105
0.014903346570380144,0.9794158439068958
0.024368479236079987,0.5926290244692352
0.0222391753062392,0.7057941009210532
0.01762959787026175,0.9150900292353121
0.027361864623647092,0.43939534452015055
0.021585285431539425,0.7399939768865684
0.045182989266514206,0.03268164188709851
0.027049857374700115,0.45466688073628414
0.02666586331683196,0.4739388273955404
0.018483604942507115,0.8841132747020723
0.02613978868336493,0.5015119588575783
0.031035122265629086,0.2853928837178376
0.022482237660475635,0.6929365653193214
0.029666636155730564,0.337292317326437
0.03425958870735446,0.18689136802506434
0.020389099741147665,0.800080589628935
0.02739271230538634,0.4379043507234669
0.028919715587058636,0.36833059948686603
0.02683132949121883,0.46556989540354404
0.025203800072553684,0.5490080497395493
0.025342652359742424,0.5418580927884729
0.02021985080938421,0.808217703381518
0.03648317202347107,0.13622847118541975
0.02996747442098857,0.32533733807877757
0.03617487322776547,0.14250203675931747
0.02096899726043583,0.771453167472823
0.02210698045804571,0.7127593742909177
0.03281055467323579,0.22722082844835018
0.013764195008306168,0.9914443252845616
0.014963186348997515,0.9785687152394297
0.026896847916914518,0.4622830971763403
0.028895295659237208,0.36937828896090275
0.01882035970753293,0.8706361936198856
0.019302139637795146,0.8502371509205409
0.035520637505103425,0.15659098687391873
0.0303449171378255,0.3107763605071867
0.01784565880107003,0.907709128830816
0.03563869938378256,0.1539688483655646
0.03624040051931399,0.14114938265924254
0.03399120349600182,0.19390192012540192
0.03222305568158046,0.2453651911337643
0.05698753913768573,0.002899293664731214
0.030486638497511542,0.3054339283109762
0.024231026042026788,0.5998883500373314
0.035629443883746226,0.1541731269629977
0.016681712504053814,0.9435731914203481
0.03335124437322279,0.2114517082147206
0.023958347912080902,0.6143386360541201
0.014396524270666289,0.9856872244616128
0.034815338965294484,0.17301117187423995
0.027191917080576666,0.44767051493714943
0.020837289164528983,0.7780481661445509
0.030829037115206348,0.2928053396542637
0.015174740375268114,0.9753844821170564
0.02938961346412705,0.3485773064746168
0.03419762937220472,0.1884918061811602
0.0318777733798824,0.2565322035418394
0.02320969525845451,0.654215860693148
0.020233468210817895,0.8075670177084893
0.04782446322398082,0.019952042904862147
0.019856292539750853,0.8253133517197784
0.02117012812585123,0.7612885313469692
0.033833327358915144,0.19812135765169372
0.022574848079858878,0.6880232904070214
0.024964153920281174,0.561422310444264
0.03128043091304955,0.27675250133125134
0.029130772229754687,0.3593628092045678
0.019396444513528954,0.8461004950058009
0.023041736799126578,0.6631734494432604
0.03694965750214918,0.12716500705542702
0.02412394524222461,0.6055557862730374
0.02361541067021966,0.6325818112264754
0.02730729121289094,0.4420414203898712
0.030196634284031937,0.31643895801848976
0.03921447131260403,0.08991210089433492
0.037528256064513876,0.1166152068929404
0.0521712581700724,0.008333882178244071
0.01539973040419823,0.9716659676421443
0.028355251345217714,0.39308505317649106
0.02568230097343638,0.524513822191232
0.028804209183411755,0.37330467144359114
0.025709522682830666,0.5231331833833652
0.0481442126057825,0.01875943509377678
0.04497535101688427,0.03393403050380923
0.022970842564883465,0.6669527456680834
0.01740464103037731,0.9224315446538285
0.020579271129832044,0.7908137952945509
0.0293117739668015,0.35179619033157805
0.024853685132556952,0.5671743026980033
0.018450999817842817,0.8853819734607192
0.025487153243001104,0.5344530590262971
0.017251282577741667,0.9272317429870287
0.026579042201199166,0.47836909145749973
0.019672953511836178,0.8337194034558228
0.04762970298104541,0.0207111546759767
0.03798637719749309,0.10878306822045745
0.013329285776755406,0.994263626922357
0.01694396382183183,0.9363424727130654
0.03376662692240712,0.1999254886193222
0.021871543520320946,0.7251054096325662
0.014456814046446761,0.9850229767959137
0.015197340467328069,0.9750265929705427
0.03277413787551159,0.22831463330237814
0.015414383807497711,0.9714116718738807
0.027374711224440185,0.4387740033343414
0.028542418272563208,0.38475220200181964
0.019182186010371083,0.8554329007329444
0.026426946657442385,0.48619483832794075
0.023423646924489908,0.64280394299926
0.021249147462406748,0.7572662841195603
0.03233225415529295,0.2419116880139986
0.017984262771346682,0.9028078667333731
0.036196029471653235,0.14206417286058576
0.029816685955980526,0.33129058327231
0.02584253121465019,0.5164084137812107
0.04229626483176485,0.05427785950315217
0.03705889121644412,0.1251155727535244
0.024342332502777064,0.5940084718120714
0.019631658514729478,0.83559161272537
0.04544727981629998,0.031146392240838896
0.025870501025096804,0.5149988474180682
0.022051170589832414,0.7156932056105736
0.04440208531346723,0.037612767140319484
0.030264417046172443,0.3138412209196349
0.02641188874846534,0.486974088040222
0.011570025696195141,0.9993187442984064
0.019108190981697273,0.8586002283608765
0.03502367475853352,0.16802417869442562
0.04601666615143718,0.028052778672020866
0.03769872470708102,0.11364820756450478
0.017293473387440222,0.9259278563535309
0.03411486386482465,0.190646505851067
0.0349410716910995,0.16998757443533652
0.022969060814993725,0.6670477106482808
0.02383660629103171,0.6208076466264165
0.03384021901464673,0.19793567978106136
0.01687691977497785,0.9382389205611817
0.024225753716433873,0.6001671583394405
0.025784752647518783,0.5193252714309422
0.02629743038815424,0.4929236773902703
0.017999691064535805,0.9022543787981927
0.01359819705725862,0.9926200151857821
0.0274175434826488,0.43670662677225136
0.020451694116141783,0.7970444791331919
0.022851009193273375,0.6733372269395785
0.039401573535944756,0.08729345416036467
0.03444030023488753,0.18228469075053064
0.020151411842344147,0.8114770153697715
0.015033901489848511,0.9775374127534013
0.033928403885451625,0.1955717854104273
0.04001047121465495,0.07921098887209808
0.013106925171001593,0.9954000416885247
0.03417807116963001,0.18899924048344066
0.014666525348611681,0.982543448150456
0.027421240350434833,0.4365284977630209
0.02037384140389853,0.8008185442445264
0.02343523292828842,0.6421860925409474
0.02768650963820507,0.42387413095243764
0.03428292214294337,0.18629144071801737
0.02191690742517821,0.7227330404175378
0.030361172041154294,0.31016015641258377
0.02330195978032512,0.6492942705831068
0.037159804481042946,0.12324637363236472
0.018764239029372187,0.8729285282548609
0.020282624939930383,0.805212228637624
0.013445401160060932,0.9935918565225647
0.03289240939634158,0.22477699353841837
0.025145187623249465,0.5520358851577905
0.04080507706487019,0.06962242945912463
0.033914598630219506,0.19594038119461232
0.04098878636699177,0.06755187738276097
0.014457317447763754,0.9850173406676959
0.03164285441496906,0.2643468598146179
0.022743623888270004,0.6790531969993205
0.02773351053590134,0.4216581839989446
0.04304024021201869,0.04777815203661742
0.02053688289007974,0.7928901970330328
0.04069912185291147,0.07084100701347394
0.03215865546798016,0.2474194358152123
0.029933756999288297,0.3266617544565542
0.01205390770799944,0.9986497678745231
0.024282365185919863,0.5971748184904315
0.0358427909797181,0.14951944554618202
0.017443161487364134,0.9211996132477052
0.04554149948550257,0.030614619136104766
0.029838777117773718,0.33041352414408565
0.02967220461432621,0.3370682008717713
0.024850234454624143,0.5673542586168379
0.021054668885194305,0.7671368576123211
0.022204933838300134,0.7076003192311969
0.023073215933593683,0.6614949379045534
0.027207577520417747,0.44690365568475304
0.028535476193906506,0.3850590565928852
0.036400376326720996,0.1378907914673453
0.02282904853387413,0.6745066195556302
0.03405027986650455,0.19234130099536578
0.02154627081312066,0.742011224192086
0.037945697796539335,0.10946043755317851
0.015769985223881622,0.9647764545604363
0.035740502003746455,0.15173630431404345
0.023956997768175947,0.6144103265485542
0.028599951564200587,0.3822156633664993
0.020306312551947703,0.8040742324353288
0.03154677338817852,0.26759417227025023
0.03863763479440935,0.09840327174888043
0.017326126616663107,0.9249100004168669
0.022873427037436556,0.6721432711361794
0.03681078702394014,0.12981006404200274
0.04140676878655347,0.06303564112824149
0.017441395996848463,0.921256304761695
0.02615165722316959,0.5009211368515014
0.027707456938639963,0.42288555760778473
0.025416901846541107,0.5380484569093589
0.032921398608028896,0.22391637518111165
0.023975054370675764,0.6134516532293792
0.03193433852536254,0.2546769090671487
0.03687739141603835,0.12853589759367892
0.02767226163876746,0.4245474358842766
0.026881818094335208,0.46303572982984753
0.022516749971279282,0.6911063942681741
0.030680261038567302,0.2982443548004008
0.02869957343738827,0.37785115714854517
0.019504729353302108,0.8412958498611713
0.02826321540186244,0.39722809817994814
0.020077697516725,0.8149667764403192
0.024195011571383596,0.601793351477824
0.02666795545849099,0.4738324020255547
0.02438608625699179,0.5917005128557453
0.022917102611428153,0.6698165599243209
0.03339665721380719,0.210166959473275
0.02986845651189396,0.32923783986322247
0.022620776640639217,0.6855841755491581
0.026139003945735317,0.5015510344293959
0.033294714809493475,0.21305947327064917
0.03292672316903933,0.2237585787709563
0.03261734572707958,0.2330703180774155
0.035221909863730694,0.16338611827206792
0.030915340619252885,0.2896840301043968
0.013110877806461321,0.9953814762612712
0.023913816524045783,0.6167038243155469
0.03255136484088461,0.23509416969691097
0.028739398372912617,0.3761161927094095
0.02339430707886314,0.6443686568232645
0.020476927106852394,0.795816618741779
0.01791585035473965,0.9052431009603976
0.020436601492413886,0.7977778230226129
0.016564561203522107,0.9466399815890847
0.014909763165520035,0.979326120676246
0.023915949304618045,0.6165905166472883
0.01751486014138831,0.9188787805497926
0.019397067843659466,0.8460730036906469
0.025202180994531947,0.5490916131726737
0.018056879607124876,0.9001890423187069
0.025136538938592412,0.5524831375999952
0.024638599998306643,0.5784221146241301
0.024900790405505302,0.5647194158940619
0.027663078853201184,0.42498176218848904
0.01857910553625819,0.8803599419244026
0.024058569801710727,0.6090206351148695
0.025156281649949652,0.5514623530972771
0.03631222051526839,0.13967881465673024
0.038857266276715374,0.09509454751238197
0.01936667438654671,0.8474112075397884
0.013767607642223928,0.9914187916797189
0.0312524176282542,0.27772920204574236
0.021090688357824017,0.7653161444543777
0.01983801574400887,0.826158076741354
0.026768937395408865,0.4687140916408854
0.024748654127839165,0.5726591584957665
0.028276703550583204,0.3966190435120268
0.02542267609809945,0.5377525994426191
0.016542769683931563,0.9471992865059644
0.027702180413013422,0.42313442712838156
0.04204136047054219,0.056673522056966553
0.022721837489137697,0.6802121137616621
0.024924413159159275,0.5634895224985026
0.026497593300199962,0.48254962926584855
0.014905278937446198,0.9793888516897827
0.03297178523184893,0.22242657251420528
0.0462870872900088,0.026680929739286645
0.045841903013314256,0.028972132052174974
0.021232216898758316,0.7581293900039785
0.028810516027688693,0.3730318674718837
0.03615602535300266,0.14289304587439483
0.017877079660385875,0.9066093183451656
0.0374392975773174,0.11818869216846067
0.03329427609762825,0.213071987755173
0.026073895096536515,0.5047977877137172
0.03411211107659473,0.19071850312697267
0.020768750530559266,0.7814596647095583
0.02996753874382213,0.3253348152087609
0.01918036918619881,0.8555110174696676
0.031136732551743762,0.2817898993908781
0.02201464554389676,0.7176109360417657
0.027640311245008098,0.42605991898249407
0.02039755723679526,0.7996711865771243
0.015019760975994334,0.9777462717879017
0.036294030110200604,0.14005009527197396
0.024916329045623437,0.5639103217422006
0.02684946469456706,0.46465859177142615
0.028211595771912873,0.39956493552453376
0.03815682993104497,0.10598242942618953
0.016870755452621844,0.9384116393945234
0.022592842142353242,0.6870678683937403
0.033850808440855085,0.1976506408220043
0.03160813106162552,0.26551698749209685
0.0186005319867808,0.8795102767945329
0.03030364203814534,0.312345072356332
0.023509531622383895,0.6382245904371142
0.04705256469964014,0.023113854622562727
0.023213452046185412,0.6540154682243509
0.022059662641270933,0.7152470665263302
0.03204568474105707,0.2510545486656565
0.030379842712385474,0.3094534769540149
0.028128484180646285,0.40334730375516487
0.0256601205934055,0.525639844198056
0.031007159817174057,0.286390380938269
0.02439459708979086,0.5912518079961337
0.015509896729089201,0.9697173663751061
0.023217582199254613,0.6537951591618617
0.03785081128169765,0.11105400835020696
0.02149950121138916,0.7444253398624937
0.0320759471187862,0.25007683017621246
0.028222307335088015,0.3990792419385859
0.016993555798785698,0.9349185882447826
0.02859292492021892,0.382524828446161
0.019573920272516754,0.8381959078387162
0.018534787762881144,0.8821085861021696
0.027237050091787673,0.4454628196312952
0.02438774962100787,0.5916128116170976
0.026988416781495994,0.4577151149842995
0.01739017249468089,0.9228915568839248
0.03632068112824127,0.1395063993426824
0.028919424423898832,0.36834307893458484
0.01827484764125703,0.8921220620890301
0.022677732096314906,0.6825574157859264
0.042773684511903554,0.05002496315153503
0.03723608542973553,0.12184869065446323
0.02532672839998293,0.5426763918645052
0.02993272301607064,0.32670243078744254
0.023157295029308966,0.6570108656279179
0.029720606464241628,0.33512465765166555
0.024458906835770677,0.5878638063614532
0.023894288779890305,0.6177414041586008
0.026445224174774074,0.48525005669982074
0.030569979205898212,0.30232388800565096
0.041100276926441026,0.06632105766198111
0.038172560110501186,0.1057270156488926
0.03765062657651885,0.11447897414814374
0.027749655078371793,0.4208988360000315
0.032657911150468566,0.2318326943229833
0.026230860429136915,0.4964054119828455
0.03147134076213631,0.27016454725764694
0.028066638614483885,0.4061777924559658
0.02177775465911963,0.7299995388372149
0.027091566775238385,0.4526052433187078
0.02431592227201984,0.5954025248590309
0.033288962870311606,0.2132235956550902
0.03287468716197545,0.22530437796678782
0.022204035109403664,0.7076477079652769
0.028303461594847423,0.3954126994563608
0.025407048200573157,0.5385534698915109
0.023054633963750182,0.662485780112699
0.017642696165323685,0.9146516966015495
0.0466708839199067,0.024835797435143046
0.016854611640759853,0.9388626572132012
0.032811764277647815,0.22718456645761811
0.027128967590881015,0.4507618546437591
0.019660801489737367,0.8342711684713534
0.048017939816450084,0.01922258911165763
0.017594120908102306,0.9162712933647073
0.017158467056849314,0.9300552475709067
0.020193048172287842,0.8094963255568053
0.017214733055801346,0.9283509867075743
0.03259593350232376,0.23372563145067743
0.02757563715130701,0.4291326372729642
0.04135031460995808,0.06363012348892913
0.024548071130912286,0.5831740427982839
0.02001963102552612,0.817700209617698
0.026931338126916615,0.460559014239571
0.018148522340065365,0.8968347468867713
0.032884153220397505,0.2250225651491541
0.01964233503129309,0.8351083283529226
0.02023411465243563,0.8075361107580189
0.01527063455714657,0.9738420404173862
0.044385950245845074,0.037721167069179176
0.022913602043926173,0.6700030711779472
0.03597321898656608,0.14673073756841223
0.04410265859056628,0.03966936720960678
0.017130804958957913,0.930884754787933
0.017006169007953265,0.9345535820109433
0.04243566182071867,0.05300503754141274
0.039968975327552836,0.07974097929056231
0.031094179117221454,0.28329465171769463
0.026653839008520253,0.47455079561001706
0.01239336120830209,0.9979222918272457
0.021639605312411936,0.737180344861854
0.026616342246755742,0.4764624734453761
0.034970522098598134,0.1692854793183644
0.013560162434649747,0.992871559393547
0.017993221377081814,0.9024866698053886
0.02444834591399586,0.5884198734060784
0.027391097687195942,0.43798230753231476
0.03604625861336708,0.14518752203726445
0.04244242146801058,0.0529439754314364
0.020485734225595686,0.7953875292321424
0.042080227381763646,0.05630246857402879
0.01626463745077511,0.9540303450746793
0.022788842297334577,0.6766469906642165
0.022109893414905324,0.7126061302427575
0.01828348643066624,0.8917960616217936
0.0157838281829642,0.9644999174598139
0.024987147818773647,0.5602273005752931
0.031168681077397342,0.28066407014105477
0.04632157994611752,0.026510283529697178
0.016057096568076745,0.9587566824434695
0.032451567635422895,0.23818083089493244
0.036714435916517074,0.1316715396777242
0.034115343634640194,0.19063395999218827
0.0326371214383816,0.23246634264213784
0.014994728587167605,0.9781127709742977
0.014830778541496281,0.9804120799181698
0.04219018299782851,0.05526404045371629
0.026126907166261093,0.5021535580040298
0.01787769488762625,0.9065877174852323
0.04521131309400328,0.0325139897758359
0.03542795108591201,0.15867458390533284
0.042751539253462756,0.050215669906174945
0.028214655557739332,0.39942615433245027
0.015702907763966767,0.9660969303522632
0.018736168104575512,0.8740682880546415
0.0345879059795452,0.17858898831348644
0.016632623912599342,0.9448705371958197
0.029807323745682734,0.3316627864858657
0.017382152260118633,0.9231459135005123
0.02503798254612083,0.5575882254629447
0.023603801052835993,0.6332003646688259
0.020381574428133487,0.8004446500353541
0.029654190638509048,0.33779360534232244
0.019847807158383635,0.8257057150632363
0.031467538523436644,0.27029459755244245
0.02184646375444374,0.7264155699714435
0.020342609299889736,0.8023263971409631
0.018641315401733083,0.8778854217101482
0.02516003336914141,0.5512684442722293
0.029966679533974083,0.32536851630518376
0.022066515568198886,0.7148869680648173
0.023700149028572426,0.6280685694535657
0.025144678267803852,0.5520622222845448
0.02208293042365271,0.7140241611616611
0.025057959892901854,0.5565521924891141
0.01892519581651486,0.8663058067050683
0.021258542269127545,0.7567870426321525
0.037721744750783825,0.11325236232525193
0.021305409736364744,0.7543930934642233
0.022146862753124164,0.7106602972151977
0.021076448314854557,0.7660363659181737
0.01754287701651769,0.9179621014790513
0.026057924588964443,0.5055955896965545
0.014164720181959745,0.9880471583129221
0.0325500969770387,0.23513319072837507
0.023748406471140515,0.6254997149534195
0.020894020302742664,0.7752136840251643
0.019107828045334646,0.8586156916082189
0.03418051581260187,0.188935755832424
0.02602680345638997,0.5071518162347506
0.03629102473403145,0.14011151443471723
0.02258589694522606,0.6874366626895825
0.023317311277857078,0.6484754044301524
0.01803636295361133,0.9009324682864919
0.021309212831563562,0.7541986050657519
0.025472418754923565,0.5352064113047657
0.038686570938801845,0.0976578594348226
0.038545258369991925,0.09982331300527363
0.02522545065804721,0.5478910438272647
0.05581130391531297,0.003784548160590461
0.017876594965058556,0.9066263343886283
0.02448426438647522,0.5865291557091408
0.022066024149075325,0.7149127926484476
0.02666498361511105,0.47398358169136956
0.021106436571412424,0.7645190169387397
0.018440906021256254,0.8857734081502826
0.03304617178845365,0.22024115977441058
0.02424701178174593,0.5990431577388245
0.019831721711259687,0.8264486373440393
0.01687932334133757,0.9381714994582612
0.01903300246500378,0.8617884974841359
0.02056502652660075,0.7915122516755374
0.0205464139659135,0.7924238466090247
0.03570206526294395,0.1525761417440398
0.029542521954040835,0.3423154299759369
0.02044708973777276,0.7972682896255858
0.022468787305117477,0.6936495551610381
0.020841244305162265,0.7778508645277986
0.020971184190542003,0.7713432395628324
0.03407828908878696,0.1916048416097269
0.026193639285631565,0.49835900322844956
0.017053172782409032,0.9331831865766613
0.0157755161997149,0.9646661292913543
0.0342004293428686,0.18841924935349702
0.02775048238958988,0.42085994898368456
0.024248615039375143,0.5989584039991149
0.020773408614624067,0.78122826569178
0.03683021920986823,0.12943725744801868
0.025771205085064475,0.5200101742075202
0.020237264406001487,0.8073854952283294
0.038125118657923396,0.10649888741767632
0.03399828985388065,0.19371419655925093
0.024827751194835712,0.5685271904209319
0.02834260129959343,0.39365272109902694
0.024502147765850302,0.5855883313313333
0.03297931288511334,0.22220465787792884
0.019649514346405605,0.834783049379614
0.022903234078084478,0.6705554526636723
0.027803601763270014,0.41836822757193337
0.02639421826497898,0.4878895671977716
0.019319627583235355,0.8494734556721835
0.03722168272346138,0.12211158769399018
0.03109755447445728,0.2831750762295804
0.03111502306615188,0.28255683352919597
0.016999919924522378,0.9347345651806491
0.02461479493859353,0.5796706895709296
0.02546581053117769,0.5355444089354804
0.02549010207833957,0.5343023373443985
0.021779522003514074,0.7299074525574032
0.025760845909290397,0.5205341349900563
0.025516275382105658,0.5329652630473929
0.030048031513865037,0.32218882657989173
0.04159872538430187,0.061049675936216734
0.01547170984023516,0.9704024340090934
0.036921236558040194,0.12770271919746656
0.03152522366744154,0.26832659974720563
0.03682624700776893,0.12951339293749775
0.02877578043430612,0.37453610162791734
0.03166114509977119,0.26373205271242856
0.03234169565365813,0.2416148428404301
0.016225050673325248,0.9549562778184425
0.027928211999070522,0.412562467381519
0.019338847816583682,0.8486323127184516
0.012347309065163375,0.9980360435772317
0.0213902962183892,0.7500440433154749
0.017738459741484247,0.9114110695600175
0.024472248294952814,0.5871615120249645
0.03111016243069964,0.28272875858178464
0.05735899491540075,0.0026622313030210108
0.047247042373070064,0.0222779148437696
0.013846889426313014,0.9908096730423819
0.015350972073891911,0.972501380997507
0.029372508630380156,0.3492828318784225
0.03128571853243012,0.27656843338741866
0.02068349149418125,0.7856830369268084
0.03199383400506539,0.25273648418634354
0.02544890529502586,0.5364094406585007
0.0329017591712607,0.22449914351009276
0.03342947014465958,0.2092424524931152
0.013733828845350238,0.9916690685911108
0.020539875604733804,0.7927437985592855
0.04983760411261595,0.01344277055680644
0.02490566813145867,0.5644653958424695
0.05108953569516028,0.01042979715062412
0.04182203834833531,0.05880696831037035
0.0281764743268359,0.4011603022248074
0.04667324815803586,0.02482479055063482
0.028089293448443797,0.40513936967435105
0.018065348946795567,0.899881348026563
0.01728946776114293,0.926052194799241
0.018930164482341583,0.866099029788359
0.01568082994653619,0.9665244929344301
0.04212430328576455,0.05588421525080151
0.03231364349135396,0.2424976309677971
0.02959050397651919,0.34036719579352775
0.028346375745075203,0.39348328434560104
0.03622047532230854,0.1415595841544605
0.02254414220801243,0.6896530970590332
0.02843463712535954,0.38953557783484977
0.030268105234835585,0.31370032090819616
0.027418351544133857,0.43666768716114307
0.040480444388457854,0.07341339686133266
0.02337781902943792,0.6452480304314585
0.04360637852427526,0.0432943587606378
0.042607499649642944,0.05147148349736081
0.01959932413864507,0.8370520012291957
0.029064525145049758,0.36216083546965455
0.025595826928043464,0.5289091857783144
0.02418181162920774,0.6024918596308213
0.04545991936453664,0.031074586285541897
0.03553122191573577,0.156354453691238
0.026200406874444693,0.49800343358054117
0.020949451276436104,0.7724350616863506
0.02713795764847471,0.4503195026225269
0.026932110860075187,0.4605204357779661
0.02622039947064081,0.49695396992172375
0.018913438374833724,0.8667945552416236
0.024014598206485216,0.6113529664114828
0.02706352504290277,0.4539906228856655
0.03090246791648793,0.290148021885756
0.018244161500543282,0.8932762265519254
0.014890030932300291,0.9796011861818616
0.027658344087512887,0.425205824077832
0.028095173735466272,0.4048701349931823
0.030073529471201954,0.3211968824376207
0.027958986506785632,0.41113715515346383
0.034864320050776824,0.17182823493550192
0.029431751650865312,0.3468435674746127
0.01971078054884068,0.8319974970906869
0.03759836552456175,0.1153873171437558
0.019486027012858335,0.8421297946867348
0.027164270700984816,0.4490264381403576
0.028761213496749594,0.37516819125623124
0.024351050282036713,0.5935484620712304
0.02782013077945006,0.4175949364090437
0.05052702726747493,0.011698598122336883
0.022462103144601397,0.694003816781708
0.0250624522759475,0.5563193011953645
0.0259113593173107,0.512942651835105
0.018055408751019852,0.9002424311331075
0.020814522752030218,0.779182948432206
0.02520937029451531,0.5487205940863782
0.014793854136130435,0.9809060442208944
0.0303374369460033,0.3110602262985128
0.029497866116843574,0.3441357771281655
0.01451649593431481,0.9843443019756265
0.028784429452589855,0.3741611563800764
0.06737827163934551,0.0002163412057026728
0.017764463058139418,0.9105202680723004
0.030071548859558095,0.32127385438699757
0.024027859453352285,0.6106494137640901
0.02891533391726464,0.36851843226446984
0.026714915030431163,0.47144771543087427
0.03671311880441952,0.13169713604464264
0.017374429989386195,0.923390389656773
0.025585980053050572,0.5294105992539403
0.03292773353291756,0.22372864574705542
0.03303510861410855,0.22056513128637326
0.0284587164777661,0.3884633597147642
0.04387417936992799,0.04130399803876244
0.018112937271021923,0.8981437232984648
0.02887462375649036,0.3702668145697443
0.034612876220373956,0.17796970781469118
0.02244212363782161,0.6950624961103312
0.033787678385144404,0.19935469949950416
0.017593770302374745,0.9162829237896422
0.02633899580935206,0.490757707709782
0.016778750427635325,0.9409564670567911
0.027972045716024185,0.4105333404676604
0.03827639632439023,0.1040537930919906
0.02046492179891346,0.7964010879566095
0.02231149508511132,0.701974875650104
0.038859128629025186,0.09506689386518365
0.01714435464646835,0.930479128019254
0.02141064820087646,0.7489988955983685
0.04762430622134184,0.02073255082784122
0.0608675437883629,0.0011573150849064386
0.026701936321117503,0.4721060103017091
0.027721359372294585,0.4222303188844786
0.0330935187737027,0.21885881673802043
0.029215899858568872,0.3557898755075341
0.022057445626605776,0.7153635494082493
0.023494988069742817,0.6389999337047295
0.024133436301676303,0.6050530560495653
0.03027101413897426,0.31358922450736954
0.023791120050446396,0.6232269172895479
0.023335085724930482,0.6475273138921672
0.0233479492610974,0.646841187234481
0.033204645485603645,0.21564073897631242
0.024675774141224904,0.5764737539391604
0.037252700863633026,0.12154598155807818
0.03312093336933808,0.2180614947019262
0.035536076299942376,0.15624606731449409
0.03459124181752993,0.17850615831053407
0.03146535210956525,0.27036940206234483
0.027868842668674676,0.41532166732929504
0.02937363954867911,0.3492361533130588
0.031497078962109404,0.2692854418078157
0.02674148636464646,0.4701018603236788
0.023636563033537283,0.6314549519218963
0.04434161366400435,0.03802043971137348
0.01832883980278166,0.8900768271200016
0.02901740120109264,0.3641605282863409
0.028313054899919476,0.39498081890092596
0.019935697790927964,0.8216265085885692
0.023670510608934436,0.6296468075641829
0.026226196877109767,0.4966499141204116
0.028616233928111412,0.38149992635940544
0.02194848081249387,0.7210799642545015
0.05583462723312149,0.0037648082614741103
0.02254325564910198,0.689700142931845
0.022993517743978176,0.6657441048930386
0.024926367782854675,0.5633877935747111
0.037631603714078365,0.11480892296924051
0.02384569190677238,0.6203245498012242
0.024670852500802254,0.5767316048224544
0.0180142628862906,0.901730171093195
0.0370358182417867,0.12554619648491297
0.050171870377963335,0.012569823286754244
0.02811843281192483,0.40380639999169093
0.018888641293602515,0.8678228033985049
0.026976555995530394,0.45830511231256066
0.025418835611781154,0.5379493691952295
0.01988371329683003,0.8240432689188564
0.015372016860118576,0.9721428275025595
0.026897498642196094,0.4622505296926408
0.023416350810814057,0.6431930369741957
0.0385182432461002,0.10024181038873595
0.029281471524891023,0.3530549891741183
0.025410425801690173,0.5383803435791481
0.016510747297132977,0.9480148262466744
0.03084019646011804,0.29240034875828563
0.03228923732192768,0.2432676812378721
0.035440564509551464,0.15838973211276508
0.01953982868880455,0.8397261800766501
0.024579007593859448,0.5815490467801872
0.021367564240660664,0.7512103102902818
0.041569976217506466,0.06134365638711465
0.028290134006058176,0.3960132352453064
0.03568116702875146,0.15303433425409788
0.01944213525128813,0.8440802277675976
0.024908679704133463,0.5643085777219399
0.020888522408521737,0.7754887939450978
0.027230081666829692,0.44580320754439984
0.025563653855432578,0.5305481537471173
0.03027675315176581,0.31337012528399205
0.025070628116170224,0.5558955353226884
0.022560838259319982,0.6887669941660396
0.022674113608323887,0.6827497751534419
0.025861607916680462,0.5154468503464107
0.02188732455412007,0.7242804897758366
0.032831918274581096,0.2265810375288164
0.02903628691454596,0.3633581832460409
0.031536312000638445,0.26794954396007203
0.025804210784223347,0.5183422034349027
0.027657151678461278,0.42526226469481393
0.015198092734433788,0.9750146207604192
0.021471946798444885,0.7458454760372255
0.02872037302308894,0.3769443303528915
0.014877505586642248,0.9797744828735004
0.031327342826037,0.2751226381241393
0.029700005570500676,0.3359508840693672
0.031172851458107387,0.2805173584059272
0.022094583791980205,0.7134114091147541
0.0241107903381943,0.606252709345764
0.02838921273577738,0.3915638483846039
0.02707439192530614,0.4534534200326849
0.0315044830444951,0.269032948456548
0.015940069350098396,0.9612826816237193
0.02733018972137702,0.4409298562221517
0.014988870808443244,0.9781979390928406
0.016154997086677142,0.9565665898177844
0.025242033602274172,0.5470360191637976
0.012371182677311493,0.9979777082332012
0.029849998290400248,0.3299686659813798
0.026103160824590965,0.5033372624075357
0.028768723264879337,0.37484223350901996
0.026124872241147346,0.5022549463208782
0.016593273954142673,0.9458976909514315
0.03435376674560192,0.18447926017945712
0.04331810943640063,0.04552952936117411
0.02411418096056006,0.6060730666798149
0.030566919001827064,0.3024376729147921
0.01536264182999314,0.9723029347786604
0.03754723581766378,0.11628173946835584
0.04007919657720416,0.07833976805706443
0.028959186884162158,0.3666415891693323
0.026879958019708494,0.4631289308804341
0.022862970237930158,0.6727002182742738
0.03558869977179774,0.15507498700675923
0.030431913478652928,0.3074888414738422
0.02515354285256033,0.551603923175642
0.022321045518447546,0.7014700872337237
0.02572797045020514,0.5221983728232891
0.026689035483506623,0.47276095045492
0.03083880760204971,0.2924507301013087
0.0275305393630228,0.43128410029985215
0.02289846135132001,0.6708097189293731
0.046382453072055796,0.026211477941720924
0.02113300303042487,0.7631728241721084
0.041304039010001015,0.06412098993890772
0.027972306345106113,0.41052129601740694
0.020095067268477318,0.8141464324451011
0.025291534468789734,0.5444864933418675
0.017046562747642935,0.9333768713486175
0.022337699142316314,0.7005896294892584
0.029323459795598084,0.35131160229744623
0.037525242940883,0.11666821879007847
0.027290716188828695,0.44284719108820586
0.017414912173016717,0.9221040855278541
0.023084959380371695,0.6608687095262376
0.02861665266283342,0.38148153204717805
0.017062438594515728,0.9329111498124772
0.04313619859376616,0.04699098140706848
0.02968654735094811,0.3364914349343173
0.01902354866310718,0.8621871959923222
0.03526426786611503,0.16240848536031013
0.03472189997503089,0.1752857681540275
0.025747257816499114,0.5212217374586299
0.01751650376196348,0.9188251548258906
0.0320945651692876,0.249476755440628
0.03021525250394813,0.3157238691390679
0.05031407615314909,0.012214195219426743
0.0192716486661193,0.8515649340845278
0.02887462694733861,0.370266677303882
0.026550644647218014,0.47982397446981334
0.02718750949992832,0.44788650291979765
0.023736359249400596,0.62614091399495
0.01586485867874976,0.9628534516647826
0.021251434414906067,0.7571496434431015
0.026228377574070205,0.496535574264495
0.027326576885373932,0.4411051100377503
0.03184893295506752,0.2574820741639558
0.02090196101691305,0.7748161813727604
0.041054585014177136,0.06682314866422909
0.027727730715369464,0.42193025994504646
0.03573842468993607,0.15178159789647555
0.01716763548910083,0.9297790953041969
0.05089066696372821,0.010863396186547138
0.014700536000134212,0.9821160076801622
0.025921300300179306,0.5124428954834626
0.024125910255599847,0.6054516956778988
0.022827141720489053,0.6746081459013631
0.025243572698209538,0.5469566860409678
0.020153360658288877,0.8113844603910234
0.014108068656149525,0.9885785233461034
0.026243680636625966,0.4957336679114879
0.02565139678640832,0.5260829839953194
0.0248292636328154,0.568448265668496
0.02219224645854989,0.708269217188484
0.031239459028969963,0.2781818813206314
0.016762567455818722,0.9413976634518331
0.022792611800316248,0.6764463557335177
0.04795001391645154,0.019475930365958016
0.023116305632521095,0.6591970278121727
0.024534514123854434,0.5838865077007107
0.0417767167918367,0.05925632199914928
0.031735057218245766,0.2612585998448288
0.03704182313345239,0.12543400714709566
0.030886035408739576,0.29074112523696577
0.023225104606858338,0.6533938999627464
0.04817423544833421,0.01865079144775203
0.013426845580895574,0.9937029871449597
0.02625329283330169,0.4952303975264559
0.025102148088855136,0.5542627921075518
0.019531541978085043,0.8400973044621792
0.020486854258547127,0.7953329409203569
0.026600970154965653,0.4772476284030082
0.021628661272664607,0.73774768050448
0.01864484357493912,0.8777443897517592
0.035187238400009396,0.1641898441130502
0.048723646437822565,0.016759419137067858
0.026121287615305855,0.5024335691618359
0.01751979659590111,0.9187176640132906
0.03503147312468946,0.16783975766154868
0.020442756772813764,0.7974788384639023
0.02355447430698754,0.6358289701229252
0.022841711501343842,0.6738323502814416
0.032655588487433995,0.2319034207515236
0.018473141444515062,0.8845211311361922
0.03428179677312981,0.18632034024181987
0.021091009699253482,0.7652998856765739
0.027191966134427648,0.4476681115047383
0.036594406023973014,0.13402089325091462
0.03898421492742782,0.09322484125887416
0.036227810015776574,0.14140847197671977
0.024871816280701675,0.5662290243593078
0.020739496176860578,0.7829113854791121
0.021101641313038044,0.7647618080194474
0.024630420195923056,0.5788510656533946
0.029663577341560887,0.3374154724823953
0.022303336242231686,0.7024060343608296
0.014249693437050237,0.9872171738883972
0.018569460803300242,0.8807415028470641
0.01600289191626658,0.9599390988690911
0.020680274312984304,0.7858419496765772
0.017715035603750817,0.9122095581091659
0.0275071714417916,0.43240175927940505
0.03361840514076908,0.20398065329701684
0.02130201933515352,0.7545664480744347
0.04101857395775799,0.06722114105617179
0.02712459729798422,0.45097699730578517
0.029443099801759964,0.34637771245280585
0.025297924369102665,0.5441576880899741
0.021296219251889625,0.7548629489891516
0.01902059688894525,0.8623115818838749
0.015321054576022765,0.9730058331340876
0.017920150627455,0.9050909458739138
0.022433491841307385,0.6955197680036411
0.03322532379350207,0.2150459923706375
0.021975632285865854,0.7196571917324931
0.030514683625096906,0.30438475290971523
0.035413411904548,0.15900343542613132
0.02194727005299757,0.721143383726268
0.02737210575876109,0.4388999721647652
0.02926099811065705,0.3539072909081541
0.026257268623404384,0.4950223310546439
0.021449614820536755,0.7469952604538148
0.018880958778554863,0.8681406664675829
0.01596959840339407,0.9606547274534121
0.03286207004658348,0.2256804233773368
0.03708405095769651,0.1246473828095963
0.021555229970968925,0.7415482637655242
0.040367059488669255,0.0747781073926082
0.026049887261504402,0.5059973003652039
0.02299200146430483,0.6658249308518492
0.04294542669605958,0.04856712049393267
0.020553148322532744,0.7920941512559139
0.03268552316800294,0.2309931607639984
0.029154796208232248,0.35835192141557715
0.022474814620537686,0.693330072727194
0.03140147601392351,0.2725616745416688
0.01766187030817895,0.9140078989377675
0.014414856327393533,0.9854875002546395
0.024092792066377156,0.6072064540995779
0.02100113859498698,0.7698362042917384
0.02438121145107297,0.5919575548151068
0.022867523961602854,0.6724576847619299
0.024736787565292573,0.5732797879840408
0.024322141987393187,0.5950741568704494
0.03057083449792891,0.3022920920533697
0.029258824441156017,0.3539978659276303
0.02060499713488531,0.7895506432639146
0.02034964196307304,0.8019871806492453
0.022618019296522268,0.6857306519008599
0.020529917467690617,0.7932308147309544
0.03315840529197456,0.21697530694114373
0.02237219129573409,0.6987651612225652
0.018784303876153707,0.8721110358756798
0.030998189216363214,0.28671093474792947
0.03885276434956306,0.09516142337497405
0.01994219474834176,0.8213236507233846
0.024842239672475785,0.5677712580847163
0.04007709960116701,0.07836623077156005
0.028638008554042416,0.3805442245516522
0.0347141784259033,0.17547479258327725
0.018271799413523637,0.8922369795316621
0.03144218069021332,0.2711631280031474
0.033701646063463264,0.20169544939960232
0.04416667382551254,0.03922161842829383
0.01990617953996998,0.8230002393098026
0.030956117391519378,0.2882178763773469
0.023629320947251065,0.6318407441019828
0.022410017396006288,0.6967629838848095
0.027721566570980294,0.4222205585682062
0.014296538508969947,0.9867423910165058
0.019289220290136577,0.8508003304121475
0.03324144414044283,0.21458322436221033
0.015917916357845396,0.9617496136458249
0.025679256931848027,0.5246683010097106
0.028294387662231912,0.3958214987619813
0.035217999017730595,0.16347661851152168
0.01677383328094345,0.9410907265497424
0.01725040518858667,0.92725872313208
0.01882937499832238,0.8702662617389182
0.015791430301851275,0.9643474646422308
0.03400469292024311,0.19354469678534486
0.03204835538845818,0.25096814871136813
0.02642353661761873,0.4863712379259815
0.03601810424940022,0.14578081791499822
0.03357048663535689,0.20530529426633803
0.026813605942450663,0.46646164667506435
0.016535600265204953,0.9473825327033532
0.036041112420153454,0.14529582140883088
0.03207465114951355,0.2501186410749756
0.030558972489855396,0.3027332881796969
0.016934810778326925,0.9366033154457265
0.04259116263957918,0.05161561568466317
0.028809904120407848,0.3730583295264743
0.01990691828610791,0.822965904903565
0.026657756367267915,0.47435136797171085
0.03101490290177089,0.28611390503351813
0.03055269078907752,0.30296712167525147
0.04319723084589511,0.04649618662862483
0.025829583992491967,0.5170614439947838
0.02918195228110998,0.35721167008955024
0.027607465134384168,0.4276185995053941
0.012888370831777185,0.9963408125595693
0.022559400426664822,0.6888433122250911
0.014269329092368888,0.9870196671630079
0.024259344530035865,0.5983912681444018
0.024671160682899762,0.5767154578695144
0.014923803517673084,0.9791288631728468
0.023570941403594503,0.6349513569838233
0.020643170108692654,0.7876722892006074
0.029058883943223535,0.3623998084659935
0.02181498916296884,0.7280583235226987
0.03417203601532176,0.18915603867160088
0.02428454876343622,0.5970594610141732
0.028405637333756728,0.390829620766648
0.020466920952931178,0.7963037958698982
0.015054386004715092,0.9772325033101843
0.039198650461472,0.09013651616853353
0.022819815053708503,0.6749982310199334
0.020512488219654235,0.7940823952006204
0.020696882421411322,0.7850212342247923
0.02587095344304463,0.514976060573221
0.021050861328140102,0.7673291180820738
0.026273184943032435,0.49418993845646314
0.025614488275839176,0.5279594365189546
0.022988234122184925,0.6660257478625258
0.025512221571161398,0.5331722707891611
0.03189759381969659,0.2558809478879528
0.03493064208353541,0.1702367711270022
0.03132701054798015,0.27513415718532236
0.030303036080279677,0.3123681455538407
0.024172575702519128,0.6029806931304993
0.031032436848358158,0.2854885677159128
0.038055010931890676,0.10764809053194752
0.037439128929206145,0.11819169170680545
0.027495221688690452,0.4329740543447724
0.028880680785072763,0.3700063140620309
0.027815700631906637,0.41780210031649256
0.021652432801198884,0.7365150794256575
0.030284885992895055,0.3130598279292417
0.025857101264592286,0.5156739413776553
0.028880421943333068,0.370017443682029
0.03702748851027582,0.12570195687337077
0.026604359824001333,0.4770744231240583
0.028056628855719468,0.4066371880056313
0.020863818942680745,0.7767238361895721
0.027003010246222314,0.45698987353408227
0.02312892189488397,0.6585241649631355
0.025559212345569238,0.5307745677781459
0.0265275510257863,0.481009239675519
0.037547895633892714,0.11627016088356887
0.04408637287132411,0.03978398518964956
0.027645779220460742,0.42580081510836676
0.020091160724560853,0.814331038483111
0.03895475179618363,0.09365601215185243
0.0344194994850594,0.18281032233098124
0.030636133382033748,0.29987182417627983
0.0232631466535278,0.6513646463641847
0.017013577488661585,0.9343386530716371
0.023772124226793978,0.6242375740813263
0.023022718878469794,0.6641874036971012
0.04506596375610439,0.033382405252995496
0.024715475720140684,0.574394880413942
0.02755972649297206,0.42989085251937614
0.015561206359904989,0.9687807083634176
0.02817713346629902,0.4011303209496256
0.031452156994547176,0.2708211805778162
0.04473612398027338,0.03542896976796071
0.03245967682696954,0.23792886761073287
0.024415716050751574,0.5901387142408852
0.024406597613182854,0.5906192512984205
0.03045620217169187,0.30657555897289157
0.026631874453759807,0.4756699953102806
0.01480019789722975,0.9808217963595672
0.03775670724190017,0.11265333672428682
0.0220496240608824,0.7157744434115236
0.03352729105954466,0.2065051193653382
0.020622826134447825,0.7886739416969051
0.024011939643774016,0.6114940274526773
0.02380463343998318,0.6225080643886796
0.027581438087207255,0.42885642096761134
0.018061373286172744,0.9000258438338102
0.01729934304083139,0.9257454498873323
0.04233861499421565,0.053888408651592
0.03061448847356385,0.3006724951166332
0.012740313743159093,0.9968882926507155
0.018371786760140618,0.8884368877003048
0.02146212919809859,0.7463510774546877
0.024859087968913618,0.5668925737880608
0.02762181140504466,0.426937337709113
0.02204694794770834,0.7159150094085716
0.029513023517010517,0.3435171268433375
0.02290225223561676,0.6706077608792718
0.02573441408915686,0.5218720105014694
0.03203006808995745,0.25156022568805403
0.02155858584627912,0.7413748084355876
0.02759868277215527,0.42803601010675435
0.0471720454901165,0.022597043835289297
0.034077360984171745,0.19162920910736717
0.024674117305784532,0.5765605541577575
0.04850943031429217,0.017475430128671438
0.03249516778461786,0.23682851525169754
0.023505241381001574,0.6384533055154009
0.043209117200290026,0.04640034996987468
0.02675383511615448,0.46947724488838094
0.02095654490897142,0.7720788377844345
0.02465146427810294,0.5777476779167299
0.013852210606039805,0.9907676858982712
0.01592801117725895,0.961537281571775
0.02513440328123001,0.5525935981705028
0.02071038769323763,0.784353199057682
0.04455163031611825,0.03662096900434956
0.03652095871894134,0.13547525159134824
0.024069675878669317,0.6084317821449575
0.041945179307107616,0.0576007892151207
0.024903742733568546,0.5645656617426655
0.01995516847407658,0.8207183389952277
0.027088473279849534,0.4527579372483778
0.025677934440849842,0.5247354203307879
0.030869571698214693,0.29133625473611646
0.02228127642127198,0.7035714368666083
0.02637655471436695,0.48880579661329526
0.02896710349249787,0.3663034893136201
0.032997621985929926,0.2216656207310002
0.03750964563389858,0.11694295011446801
0.03228750459272012,0.24332242218031871
0.03262854257389003,0.23272820441346467
0.02166358213008379,0.7359365932509812
0.051661917967649185,0.009267799971096264
0.024820846276382813,0.568887555735615
0.02321827258208209,0.6537583329507618
0.020485137807087384,0.7954165957656202
0.023476015577931886,0.6400114682067877
0.019338709037691415,0.8486383928870451
0.02342048517887052,0.6429725544368643
0.0267841424669385,0.4679465656816359
0.02603914766059645,0.5065342895008005
0.029215434868191892,0.35580932307543
0.025760158138437572,0.5205689296181786
0.03758828134563963,0.11556327124379087
0.026117244980385035,0.5026350484823567
0.02210930374979625,0.7126371520883599
0.025164893260086196,0.5510172932936566
0.017143023621051023,0.9305190325943584
0.015673156171702285,0.9666722879585011
0.0206253589479104,0.7885493108128625
0.0196694451404201,0.8338787720227511
0.02547297384247038,0.5351780233027412
0.028076852340958303,0.4057094030768803
0.026725559539376387,0.47090826203837977
0.01812118563107934,0.8978410440719126
0.01994165333513942,0.8213488957489006
0.041967144077783125,0.05738789002647963
0.04672552035477584,0.024582535032537173
0.016544298563093696,0.9471601602162913
0.022610123627219036,0.6861500579821171
0.02175330958997139,0.7312726724787757
0.025855880197728,0.5157354783397641
0.025920595543756392,0.5124783184446566
0.03421286323731487,0.18809731046875983
0.03488628946635963,0.17129974993126723
0.019498406835036897,0.8415779638862693
0.0347345833835937,0.17497562795611216
0.05909808510257403,0.0017725532542621448
0.02808849250552309,0.4051760511391373
0.03391007405505897,0.19606130439044417
0.03722989917437092,0.12196155328508257
0.03480817777466916,0.17318466260094834
0.03618724404826168,0.14224586929373556
0.02052645419816329,0.7934001108691504
0.015107000387186126,0.97643655518099
0.01999226792166703,0.8189834740855845
0.017548762529876194,0.9177688373365065
0.023801231895330455,0.6226890023990386
0.022064917807779055,0.7149709308166378
0.024351491387089252,0.593525188407141
0.028977916262137353,0.36584205653525
0.03551770911914681,0.15665647919991188
0.014440986469202402,0.9851994221135356
0.028912837936118374,0.36862545977033534
0.022858436786352354,0.6729416633151957
0.027216814953724355,0.44645172831684826
0.018033166409792634,0.9010480466811551
0.028320384522628916,0.3946510668791137
0.02279584300464743,0.6762743664848765
0.02372973774122822,0.6264933654388354
0.03047864203332179,0.3057335636982877
0.03257912925310147,0.23424090833066497
0.02785421735443866,0.41600330834591975
0.027255805130224964,0.44454755013189823
0.0181055768651609,0.8984134446859128
0.019578989753942788,0.8379678796525662
0.026589380418310493,0.47784014984304973
0.016707476351170203,0.9428851921098216
0.02122495274905245,0.7584994941910713
0.024466947534625305,0.587440520243439
0.020498100416693366,0.7947845815301549
0.014138163705177398,0.9882984124699707
0.020057943902525466,0.8158982145801799
0.03649289781480636,0.1360342775845139
0.04086579856259198,0.06893215283432108
0.03934328385904329,0.08810230585603371
0.01829012311798081,0.8915452929122859
0.021899919495193598,0.7236218304189742
0.032204009955483004,0.24597135655221675
0.03997047698927381,0.07972174778319858
0.025317106204697848,0.5431710700626373
0.022553524085162313,0.6891552032078955
0.02786835271828836,0.4153444900794219
0.030767996269233155,0.29502795493733286
0.03230353600213243,0.24281631112398663
0.05171867952287529,0.009159216612714051
0.039823749522997276,0.08161946367119402
0.021266666090225594,0.7563724630391331
0.02413366638697001,0.6050408696363192
0.021128143015109346,0.7634192318045874
0.020426263510651216,0.7982796726456964
0.01668737355561567,0.9434224369067966
0.026900546888975835,0.4620979912246766
0.03224634909194174,0.24462538257642313
0.0383047544442926,0.10360067188250233
0.025092996827625613,0.5547366683230238
0.016486464642641807,0.9486282111628422
0.022849116565515804,0.6734380167990757
0.018217711389692526,0.8942662486010922
0.024286616663402816,0.5969502189820591
0.034195165370825176,0.18855567510857577
0.023347869621474504,0.6468454350777698
0.03889084706197232,0.09459694505278249
0.029836231152768622,0.330514517995579
0.02406329440484889,0.608770121223577
0.03752223837985286,0.1167210998078072
0.026897216959008652,0.46226462718077416
0.022262527328863357,0.7045615139358143
0.021784116436725953,0.7296680373796285
0.02047283319608767,0.7960159845882783
0.0345512119606014,0.17950212593449613
0.01568292270761297,0.9664841138078113
0.02058464982109276,0.7905498838269305
0.025818948146835385,0.5175981488006067
0.03015008194480373,0.3182321037428
0.022808685302353138,0.6755907504651123
0.03029286361155592,0.31275567091628825
0.017105778276539585,0.9316304740564876
0.029378738793899434,0.34902573762799216
0.020666039597708685,0.7865446726963035
0.0439752406509909,0.040573865966976166
0.02708580553404849,0.45288964375084473
0.03013111642318589,0.3189647514648765
0.03360588669200454,0.2043260628918753
0.024325339947374625,0.5949053365562298
0.029770398363012873,0.3331337305064708
0.031431665340972414,0.27152390195492876
0.03597739797092159,0.14664208579513235
0.03740326861980087,0.11883091988134725
0.015890161058588648,0.9623295962949058
0.0163117588265716,0.9529131398928875
0.02783168062210245,0.4170551679455891
0.025280803764693216,0.545038820826625
0.03536244600754018,0.16016051749010068
0.03891506982660686,0.09423936331635908
0.038464301085891495,0.1010818126742464
0.03587754307441457,0.14877225619302156
0.028312899918582657,0.39498779340494633
0.018512141624137016,0.8829975410012763
0.024544223663927167,0.5833762177534731
0.04179880666509933,0.05903693897150477
0.03364353669019379,0.20328859904368374
0.012394619150560726,0.9979191129936693
0.04216822657394259,0.05547007140216571
0.0355275749585624,0.1564359209559505
0.021414806309819734,0.748785248096951
0.019268558009889247,0.8516992548313058
0.029033398284997902,0.36348082346560445
0.029588773178811922,0.34043733350629707
0.021484975707399934,0.7451741755293024
0.04117205101008131,0.06553885877416286
0.0309941075371154,0.2868568768734838
0.023750990003468975,0.6253622186822989
0.027375175004366037,0.43875158308319134
0.034248227182390956,0.18718403608295325
0.026554338792971782,0.47963455098128027
0.021725119477065402,0.7327395388486042
0.03282388612220466,0.2268214191257543
0.029121442629528593,0.3597559269743697
0.02300236779807771,0.6652723360467883
0.01613763657313394,0.9569600804842987
0.027687622097774756,0.4238215909155227
0.03468529975852441,0.1761831813765791
0.03991585218956473,0.08042384326369927
0.03647001666415395,0.13649150138032506
0.01766929492567816,0.913757926175196
0.02433408851611618,0.5944435519596595
0.01827049676448983,0.8922860710944431
0.018948649937768125,0.8653285232947744
0.026547223125162,0.479999462065113
0.02262148748463677,0.6855464130437252
0.019098698559913085,0.859004428913867
0.023039492654496785,0.6632931021030543
0.03169744934494534,0.26251494417734084
0.02478007560601414,0.5710167046931419
0.0211581224482853,0.7618982697860079
0.024404122466360367,0.5907497056288483
0.03086401532237648,0.2915373097729983
0.01777560461657146,0.9101371779513074
0.025253885268656684,0.5464252247343779
0.024301747754290726,0.5961510073907419
0.03319789443445831,0.21583518768192697
0.018189228734519086,0.8953273383904411
0.023435966815425535,0.6421469571177875
0.025028066012172112,0.5581027299959155
0.05225497333084017,0.008188837896575974
0.019047016944563344,0.8611965607210944
0.017940208603906327,0.9043796094531401
0.024617685950683088,0.5795190185512176
0.03458885672246842,0.17856537793580127
0.05166161053804463,0.009268391240710412
0.04522969557956735,0.0324055863575953
0.01692311475444319,0.9369357382708803
0.02166021742276006,0.7361111968667402
0.0296788328420437,0.3368015709833172
0.026474185032184794,0.4837554766258745
0.025624335744740323,0.527458528590204
0.040769360984002856,0.07003118752966016
0.025320548528595888,0.5429940813437885
0.023104909532334794,0.6598047954492168
0.023612204128639513,0.6327526490469098
0.026365791672374128,0.4893646322032116
0.02214619094734871,0.7106956725183335
0.032782926314383024,0.22805029600462629
0.032799419267038166,0.22755485935624453
0.021652042384514347,0.7365353320357725
0.03605927067375625,0.14491398032651193
0.049985916113765905,0.013048928902372964
0.02439937683870841,0.5909998454712385
0.018342145047631375,0.8895699995562069
0.034545590333009635,0.1796423474631442
0.03452154909075261,0.18024299311079794
0.022780281361939214,0.6771026266085414
0.022034145810780226,0.716587318086763
0.042656029380297666,0.05104538026127212
0.0252838836389353,0.5448802743403275
0.02439624342471014,0.5911650193862056
0.022789230071828592,0.6766263513770404
0.034938310635110215,0.17005351658363257
0.029765915385696395,0.3333126321520745
0.030466639719878952,0.3061837068641664
0.02174035105099549,0.7319471436718108
0.032454001515264785,0.23810518561045863
0.020272572413124634,0.8056945303445424
0.03514324539841035,0.16521420265381268
0.023291606651359736,0.6498465244918099
0.020949752777328023,0.7724199240054306
0.028471761940161544,0.3878833215602673
0.020769864423807904,0.781404336099589
0.03111824990678136,0.28244274025760263
0.017853807508734415,0.9074245420789234
0.021282947353477355,0.755541108780816
0.046502790096747404,0.025629536805191613
0.02008693813653395,0.8145305098884077
0.0252403407985326,0.5471232797988719
0.02009114347648583,0.814331853414145
0.03125635441834762,0.27759178818740715
0.020896499579717287,0.7750895941695173
0.023383505546236194,0.6449447417159668
0.02121131556754119,0.7591939477994445
0.03073428517092014,0.2962607701315673
0.026810453483869456,0.4666203783795454
0.026009445995909708,0.5080206862966304
0.019771837814613002,0.8292043608111632
0.022309387609902753,0.7020862532208989
0.02214440618402791,0.7107896500827452
0.021148937922877198,0.7623644795770355
0.025437685277549194,0.5369838492417733
0.020072855037730458,0.8151952601129266
0.02539056941161022,0.539398418228191
0.02375809754486402,0.6249839703898414
0.022572008364123874,0.6881740472604243
0.019281567443599767,0.8511335284167114
0.0406954663033281,0.07088337060231424
0.015352091430364645,0.972482387013942
0.031898071220312185,0.2558652770068376
0.028443286674502577,0.38915018992611866
0.024656664244222026,0.5774751179988626
0.03547468571334422,0.1576212219161608
0.043049509453429,0.0477016191000866
0.022898007175088775,0.6708339146398684
0.017764997765147172,0.9105019020851897
0.036435588666926866,0.13718181584126593
0.02359255946681313,0.6337993544626279
0.025075755552417034,0.5556298261416563
0.03328176128085414,0.2134292198674764
0.027875125667011336,0.4150290700053563
0.029094715662270954,0.3608837969408455
0.025865090875557106,0.5152713719854248
0.02741633058555054,0.4367650793496652
0.020446674192321157,0.7972884848363967
0.025092748697455314,0.5547495189988478
0.021746847414145176,0.731609055708652
0.016381047057764997,0.9512406658913132
0.02330587972661785,0.6490851750559248
0.03152070756050829,0.26848028288129183
0.02422743344508571,0.6000783290553273
0.03785290408933323,0.11101865493039312
0.04617092018121011,0.027262809250917484
0.027644146341730347,0.4258781790512278
0.02663361757353036,0.47558111218132226
0.02031572357141509,0.8036215251597394
0.019375479787022698,0.8470239888022415
0.03874031597229188,0.0968446301639502
0.018913838311668207,0.866777942899915
0.027531066776638413,0.4312588972405074
0.036542565447257924,0.13504608057879866
0.032695540086435826,0.23068917789284524
0.037296990407759245,0.12074210672747822
0.02997430164297299,0.3250696398803737
0.029975410691315485,0.3250261687108711
0.03923444085660133,0.08962950651708192
0.018778368878748397,0.8723530852200703
0.028493330749885026,0.3869256321541629
0.03888487095153159,0.09468533992786245
0.019893348603792105,0.8235962022476664
0.023096141411935278,0.6602723956173121
0.024408692151602684,0.5905088623060839
0.03270134480065656,0.2305131632688978
0.025177553049352708,0.5503632377570529
0.04065003270994133,0.07141169312506875
0.018244744509946426,0.8932543543152035
0.02352627153056075,0.6373322227573712
0.017917110875436237,0.9051985131963461
0.018019527659521084,0.9015404310061929
0.035271098264937295,0.16225127754566288
0.0253146958241397,0.5432950131345873
0.025978056316487974,0.5095936034896499
0.02370081058471829,0.6280333460982059
0.01583532986574332,0.9634589460105852
0.036912278321991926,0.12787259025267503
0.04163346507379362,0.06069604904072676
0.023481075432358445,0.6397416896459469
0.01800452266990138,0.9020807217717199
0.02066801470559232,0.7864472070307275
0.020405267591591003,0.7992977248322544
0.026563217060182387,0.47917950173208207
0.014070118215096128,0.988924812015278
0.04027684224997752,0.07587927731269646
0.0183122153276451,0.8907085269605928
0.04038354493699825,0.07457836080017183
0.02509481633719135,0.5546424387944283
0.03742609939384667,0.11842362165343838
0.04541699229061241,0.031319051563978795
0.03886447352144928,0.09498756608835794
0.0226921174552642,0.6817926061529684
0.015617356192395626,0.9677343443840913
0.01906999687417088,0.8602236297135795
0.018936996369508408,0.8658144870770172
0.023878655049337838,0.618572252679531
0.023904402306738515,0.6172040056915096
0.024255523133592027,0.5985932458268675
0.019937176641089627,0.8215575872987899
0.02814583278370897,0.4025557509060479
0.021607979262310506,0.7388191960074157
0.02744682210041871,0.4352972094981471
0.026528747290096466,0.480947795555585
0.021042252082919544,0.7677636921152485
0.022734627798422724,0.6795317724703742
0.031856149507460296,0.2572441451599297
0.03805660583689069,0.10762183313047494
0.02517436042248314,0.5505281569571208
0.024624135701897032,0.5791806828238771
0.018275914487806022,0.8920818283045462
0.026691763441397703,0.4726224100564203
0.024187351956515002,0.6021986605040128
0.029388530500170984,0.34862194545735836
0.033256342557312246,0.21415622173868018
0.0383412712529273,0.10301960300039661
0.032861067683824796,0.22571031891456902
0.020769526098257385,0.7814211416018092
0.015882193455638238,0.962495056661151
0.02185476246915352,0.7259821611906832
0.02449074200582746,0.5861883334821023
0.020470505823187324,0.7961292970702727
0.023928789323021837,0.6159084305585243
0.02233179554228587,0.7009017791517358
0.026202617011932827,0.49788734797347955
0.023576776242004202,0.634640409936847
0.031815042187317455,0.25860167481791024
0.028917621538466665,0.36842035844061893
0.02183513933228215,0.7270068159347461
0.022578352870039953,0.687837217217087
0.024942413861141266,0.5625528831772948
0.02903332695510963,0.36348385223126056
0.022233813386748347,0.7060770299903344
0.04355980316968805,0.04364890061542862
0.03577893193499182,0.15090034438302438
0.025134331547557287,0.5525973085104234
0.030833440472579354,0.29264548507923066
0.022281799347827258,0.7035438172517545
0.02997751023891665,0.3249438846558567
0.024701325103154703,0.5751356075430891
0.018677636541158116,0.8764300231842078
0.047567288399284036,0.020959810629237657
0.03251878593198054,0.2360984258652088
0.03558022102413183,0.15526319415747414
0.018808071895834,0.8711396591252177
0.026244175542648573,0.49570774787244365
0.02296682796018862,0.6671667175579445
0.03659235729277288,0.13406128778645063
0.02109385952942902,0.7651556820175514
0.029225714149581083,0.35537958272152403
0.018899917469469618,0.8673556493845058
0.035999992471453246,0.14616352228594867
0.02198779315740307,0.7190195897540188
0.022811342725229666,0.675449281499981
0.038190012282091346,0.10544423947220256
0.02913080939368573,0.3593612438512148
0.02634436132551804,0.490478558517897
0.018382800742081096,0.8880144575606639
0.028759242537695698,0.37525377266426796
0.026084912796176196,0.5042477237428948
0.017681615321562177,0.9133422838945205
0.03511256977639554,0.16593148974980723
0.02452138226031042,0.5845768350211806
0.01759447223880961,0.9162596380339835
0.02787467017244183,0.41505027752218004
0.0241299580823479,0.6052372845085009
0.037446543929347875,0.11805986931075865
0.03376066149909829,0.20008746742738784
0.02734571959372689,0.4401770536693359
0.02971069029791029,0.33552217598772716
0.017301355866808255,0.9256828423227629
0.042826649314279486,0.049571387006718516
0.024789009250825,0.5705499718826132
0.016449884498845435,0.9495440238618689
0.050765067796030405,0.01114557281145781
0.03143416664661891,0.27143805139421723
0.01824765774052628,0.8931450288103898
0.013803620420810875,0.9911459095469553
0.013123117420937247,0.9953236238058557
0.018887060473649853,0.8678882368836298
0.022065775550165978,0.714925856652349
0.011764570907219968,0.9990935433787599
0.025018381079040974,0.5586053641895041
0.023316086818031656,0.6485407180088796
0.01714272373874509,0.9305280213995034
0.02207246678032415,0.7145741994757314
0.035467232892788414,0.15778882533190486
0.025607795680224255,0.528299972528098
0.03113999387245181,0.2816748203020043
0.01813660154179003,0.8972741616938867
0.038251453586018,0.10445370117240219
0.027931348268788236,0.41241705769759257
0.0185356465837605,0.8820748125199482
0.025938609693696935,0.5115732043904829
0.03189313730454729,0.25602726995423436
0.022999837630564124,0.6654072136117719
0.020099945967503974,0.8139158000137348
0.02913211412212091,0.35930629145058846
0.03749081444568261,0.11727535296342972
0.027576803659810495,0.42907708337317113
0.03250750046818118,0.23644706929854833
0.023013062127192063,0.6647022262830418
0.020847431944406858,0.7775421009291952
0.034093666901229364,0.19120144999176134
0.04287786078218431,0.04913621148376396
0.016998370107134897,0.9347794063508558
0.014088012210034362,0.9887624928719845
0.019977936020461995,0.8196543572314012
0.037890687604540396,0.11038198396342504
0.020308295372920115,0.8039788784591491
0.024412582264651067,0.5903038531379924
0.029381872670204756,0.34889646597417745
0.02532582264886779,0.5427229497885756
0.030377237568556925,0.3095520100842775
0.0288436428582185,0.37160125747102823
0.03622823670531139,0.14139968518334964
0.04130331218873029,0.06412872540259935
0.03250090056227262,0.23665114372394258
0.017314239634909634,0.9252814172864514
0.01760627402056525,0.9158676182096932
0.027790866749760168,0.4189646846304426
0.029256374213040892,0.35409998467854314
0.05377213796832958,0.005928111236175876
0.02590982223741589,0.5130199427924116
0.036033499728559515,0.14545614701153517
0.027825496414115802,0.4173441206027705
0.02049561693500046,0.7949057132957488
0.027022499501686115,0.45602251477451683
0.024710992728507963,0.5746295184642946
0.04042972302360892,0.0740212489427937
0.025667426672066007,0.5252688338190503
0.035553482028787275,0.1558579368502426
0.022236816227365078,0.7059185850762055
0.03410281381656799,0.19096182474860227
0.017895661490685333,0.9059557821025338
0.026451348071515057,0.48493377261793585
0.029323002851182722,0.3513305419343059
0.037221103754232154,0.12212216552668362
0.02303655023242268,0.6634499835498345
0.040394129667583545,0.07445034910102868
0.020213609925796183,0.8085156744835282
0.016095601646864188,0.9579036808603956
0.04871817897938746,0.01677736231853679
0.024644266495121442,0.578125011086094
0.026574112061129584,0.478621469787708
0.023930702927955738,0.6158067854429398
0.024192869831618294,0.6019066765338184
0.02288712126027248,0.6714138249794157
0.02532852806256569,0.5425838888336207
0.030577808586950528,0.3020329182076443
0.026112443635487703,0.5028743873148876
0.04875427745242222,0.01665921122811682
0.050934140845526554,0.01076724065723636
0.0211834087167308,0.7606136156013166
0.020143813621946283,0.8118377332398133
0.014430743609564312,0.9853128239309257
0.03506221524281694,0.16711432039017585
0.02607711033439264,0.5046372382084542
0.019898412082391737,0.8233611019587443
0.05677711399332186,0.0030420878835791874
0.028637212075434793,0.3805791529980092
0.029712020311264964,0.33546883883926604
0.03248692267142783,0.23708379658224976
0.019391685702009775,0.8463103133061699
0.019116150717857883,0.8582609183501921
0.04401737556249652,0.040272794445701324
0.046231492567255006,0.026958018937606517
0.01947229589748284,0.842740984601265
0.017595589686793173,0.9162225612055741
0.02338069617390487,0.645094578257773
0.019136604030327686,0.8573874712444998
0.029843177549070093,0.3302390195014912
0.037166300058091406,0.12312684617498766
0.03130564488869603,0.275875596428277
0.03131363070164306,0.275598295116846
0.0294204568212324,0.34730767791485756
0.024665895789395154,0.5769913243653753
0.01926142216579385,0.8520091919147411
0.044974401530498254,0.03393985279473132
0.029805809323872334,0.33172302204789283
0.015729310144665276,0.9655810328549063
0.03833962002419067,0.10304581935407951
0.026192336985185194,0.49842744483404045
0.04750873734130351,0.02119548663985356
0.05273873464115264,0.007394694820208617
0.028516638126180216,0.3858925976297711
0.037660350373646456,0.11431061867416029
0.015659420705573107,0.9669357791889076
0.020700193268653022,0.784857517815461
0.025523287532742356,0.5326072597773162
0.02048941017785011,0.7952083537792656
0.019446825747396562,0.8438722466016505
0.027550845904129373,0.430314445737243
0.03274183732503305,0.22928819009289164
0.02753081011235778,0.4312711621110244
0.019393397870199114,0.8462348360300973
0.05482398506502251,0.004712885416720543
0.026876412610837952,0.4633066116135688
0.02091317427232331,0.774254546234086
0.037975468892170294,0.10896436537778448
0.042560689504155924,0.05188539396150984
0.024616360501459433,0.5795885542455496
0.03167849405283729,0.2631498957850493
0.02735062819013126,0.43993929107268603
0.018305434006670174,0.8909657046210545
0.032604523969168686,0.23346255378935177
0.017168086935840987,0.9297654821316098
0.03621553030382585,0.14166153722211114
0.030153418894349526,0.31810332250036705
0.0224028567008209,0.6971421136591534
0.027937126661903178,0.4121492405683411
0.026461107613903356,0.48442999216877813
0.021510605452501275,0.743852581558407
0.02181004827238464,0.728316052416998
0.024774717538865787,0.5712966856909986
0.019925263421152306,0.8221125333912159
0.04126136497568833,0.06457651712572748
0.05344778689404994,0.006356956949301919
0.02770052293052594,0.4232126234670167
0.011691315993898055,0.9991845521771751
0.02408272652997684,0.6077399495727306
0.029407295617618123,0.34784903798914674
0.03242169286748531,0.2391108404523719
0.029399673842081864,0.3481628199938298
0.030268797397628222,0.31367388333337576
0.028079911514441197,0.4055691851914956
0.018986194706749338,0.8637577350008834
0.017450475984426617,0.920964504037636
0.04650425334607389,0.025622531574466686
0.027385709060061436,0.43824254796292067
0.025560087087403427,0.5307299732883295
0.023851830292574372,0.6199981889446887
0.013804559486429224,0.9911387096356075
0.023359974225291125,0.6461998029993983
0.02367712043770165,0.6292948035513165
0.03283705333893816,0.22642746115624185
0.021027079010915606,0.7685291006164591
0.037274519245039106,0.12114942061704617
0.044605135838848065,0.03627171338728572
0.031914806082336766,0.25531640674294614
0.014157039186169618,0.9881202240908852
0.024143963061784235,0.6044955542312975
0.014539556067008075,0.9840763796059855
0.02363125776696995,0.6317375661101052
0.014235524752070683,0.9873583497435903
0.02933438861344584,0.35085883646777394
0.02504825225822388,0.5570555568773623
0.043452691416150935,0.04447384662543795
0.0328318748638079,0.22658233617366016
0.01707948296702122,0.9324091157485827
0.02930058108844258,0.3522607828249836
0.03243092276601536,0.23882321536431944
0.023354470751994594,0.6464933439562408
0.016055581520207973,0.9587900233537086
0.016431407797194653,0.9500028515279199
0.041332573142613016,0.0638179343514832
0.020484259772717617,0.7954593846209727
0.026887328977440117,0.4627596735365746
0.02203959718883941,0.7163010651915799
0.033762561620291676,0.20003586239829174
0.021025061613483248,0.7686308211479282
0.04568977832672916,0.02979391665963959
0.03995202718777757,0.07995830284088941
0.03492864402542306,0.1702845443388639
0.025480549183208523,0.5347906654843176
0.04008849411996218,0.07822252904269245
0.02694670992380055,0.4597919825012177
0.018426771491162675,0.8863204848231415
0.02664964312305909,0.4747644633317771
0.02389759389467383,0.6175657745215034
0.024933692885011904,0.5630066064841497
0.04190158129135957,0.058025384358584314
0.023028929745918192,0.6638562763613927
0.031022045305116264,0.28585905296268194
0.0428133160459363,0.049685233305132796
0.023447168520580042,0.6415496250338404
0.028481520794916504,0.3874498090274039
0.024878175449679296,0.5658975960800998
0.03576420540326314,0.15122024825144134
0.027464147667117356,0.43446463051837597
0.02134518514929512,0.7523573215672263
0.026501521474396716,0.4823474653971525
0.02579134873160749,0.5189919371643296
0.04020685686548092,0.07674293428586745
0.026015518957871797,0.5077166161269289
0.02031527224342672,0.803643243381442
0.022399535163919237,0.6973179589122123
0.029664699840511677,0.33737027424244415
0.01698390832081298,0.9351969897455495
0.0317416541467852,0.26103868834250565
0.01877758244870098,0.8723851432294465
0.032941272247097975,0.22332784603868489
0.03062670054076516,0.30022056299005195
0.029592433856378164,0.34028900283188634
0.03709075703749132,0.12452283410519119
0.03730654181455101,0.12056931838516959
0.024463055502462083,0.5876453993158464
0.031600409248674244,0.26577773038766367
0.049840102403058806,0.013436048742730708
0.03310303842283768,0.2185816933757674
0.020753344172899202,0.7822245242292287
0.03394741317020156,0.1950651345225444
0.0531932899274975,0.00671306889146072
0.02769390711027342,0.4235248407391839
0.024335494914147104,0.5943693238050184
0.021645731005813226,0.7368626903937514
0.014194417224436817,0.9877616242253682
0.027764470052858203,0.4202028408348548
0.025204773547968462,0.5489578090705471
0.0346295272427285,0.17755769755750073
0.022784814387640573,0.6768613715122089
0.03621632947252085,0.14164505646602016
0.027685900789465978,0.4239028879650775
0.01687272440120563,0.9383565014162593
0.01829787623194512,0.8912519867232451
0.022285450178450128,0.7033509815072922
0.021877496625177642,0.7247942708326209
0.02403676746148098,0.610176888082961
0.032088832904570874,0.2496613942874886
0.025471699776820067,0.5352431817508677
0.01993919289077617,0.8214636056756065
0.024077266652000884,0.608029368726465
0.030478574736782893,0.3057360862806054
0.03491718081443296,0.17055883416110287
0.027999797783312075,0.4092521917850192
0.028740727628096763,0.37605838041273476
0.017171795490292574,0.9296535967974398
0.03041998916731431,0.30793793814023285
0.03237072100962379,0.24070401301042677
0.0320048938732749,0.2523770090074074
0.021055079420196077,0.7671161255325614
0.03662735352856494,0.13337263331022056
0.030280151594331423,0.31324043508738714
0.016805595832463216,0.9402203426254893
0.02519191350784794,0.5496216369412309
0.03211799770775217,0.2487230613210916
0.024982797635642817,0.5604533218856724
0.047298584941088295,0.022060917755474144
0.02400439541841745,0.6118943455786606
0.018015336437396945,0.9016914956321189
0.03551167376445408,0.15679152721749737
0.02827535087513533,0.3966800941833539
0.018590527555136238,0.8799073451391808
0.023654143159070662,0.6305185272930669
0.044144984441169766,0.03937282639230882
0.026074162389199906,0.504784439883239
0.02375190901756874,0.6253133092979823
0.028972037684559915,0.36609287276192376
0.03790926787639759,0.1100700067561121
0.022310134149622796,0.7020468000236684
0.030106434374238655,0.31992006809536566
0.03862754291477555,0.09855758336479271
0.02880574233159261,0.37323834189257493
0.033181199936903105,0.21631661848063208
0.019901959628811416,0.8231963213548475
0.024589294413715823,0.581008966590487
0.029337856416772334,0.35071525710297
0.028366104750114474,0.39259846114037134
0.04278705320490206,0.04991014018405714
0.016968763579859436,0.9356326615532153
0.04649730874176261,0.025655793580615115
0.03141163201296815,0.27221222612286655
0.04206643364203255,0.056433914440779845
0.028852246771130075,0.37123032184879556
0.03116134168587792,0.2809224048159642
0.027151688093219273,0.44964445872318937
0.03910250775101182,0.09151040102435987
0.019600318028698438,0.8370071853657612
0.02595766160426638,0.5106166885295738
0.021503291095320565,0.7442298861862581
0.024054274011542476,0.6092484268940214
0.01834713320300796,0.889379702744316
0.03591270638341926,0.14801929697528443
0.022315162735559446,0.7017810333545474
0.018816817020656046,0.8707814361579097
0.014803924100228238,0.9807721916157076
0.01878170339776719,0.8722171172690792
0.01697701571526322,0.9353954777950588
0.0309709526558814,0.2876858331300994
0.023502424886833156,0.638603456863474
0.019820207445176097,0.8269797349624217
0.019263791377175654,0.8519063171833302
0.03601080333962736,0.14593498951998435
0.017201711300579514,0.9287474318009171
0.015925828601318637,0.961583252131549
0.030124778598163426,0.31920985819936054
0.03385241404379513,0.19760745039897631
0.02647325727294471,0.4838033091403737
0.023665464234085776,0.6299155625879387
0.03156737849319302,0.2668952558126962
0.025782487909641966,0.5194397405508694
0.02041242965612898,0.7989506280720229
0.0189398616709624,0.8656950718529882
0.027198344392098672,0.44735567688488836
0.031543847771949296,0.2676935193101223
0.03214525626409659,0.2478484843392693
0.022853189533043383,0.6732211133363464
0.02703037987903334,0.45563175331381217
0.011533356802915229,0.9993555374010288
0.06290656254925947,0.00069714189390955
0.016704473007331216,0.9429656449564123
0.020018820823541617,0.817738250921956
0.02119262821357959,0.7601448209346134
0.03221581396390283,0.2455955380017462
0.01872480267395915,0.8745284513295245
0.037664674982632484,0.11423580909966251
0.014953513246291017,0.9787072346492218
0.02762995638074528,0.4265508837241848
0.03123382012647502,0.2783790354581042
0.03441343543930586,0.18296378524188842
0.022459489484448314,0.69414233043838
0.032469777809673195,0.23761530198213177
0.02054056636705881,0.7927100032969994
0.01967413562077107,0.8336656930608597
0.02277134022864946,0.6775784571089178
0.023620139484903158,0.632329876652219
0.02268848828742509,0.6819855661135004
0.016768137270745997,0.9412460305444011
0.02155213540728243,0.741708192409319
0.02964291749525849,0.33824813374150214
0.0260955118473592,0.5037188098080218
0.025375463992680536,0.540173371250219
0.021937191171013115,0.7216712278944584
0.023643055565757853,0.6311091061010636
0.03365400297284077,0.2030009277206555
0.019248799843134934,0.852556781985682
0.018087309745728863,0.8990813160714927
0.02366556636818512,0.6299101231237777
0.023959085205504993,0.6142994874703605
0.02511350797683287,0.5536747325357672
0.021903600586543337,0.723429278241309
0.04894073217559758,0.016060723128307614
0.02799798892931593,0.40933561237961247
0.028894868719332778,0.36939662462377965
0.021228878401137075,0.7582995006797215
0.020009010968031204,0.8181986353941915
0.03081537765348835,0.29330162840454993
0.02692385635419825,0.460932649597902
0.028615950570345217,0.3815123741408385
0.03340952205572645,0.2098041135221796
0.020712066339804602,0.7842701245666365
0.03784627393426643,0.11113068890822292
0.022545896016414824,0.6895600281509786
0.02857559182146502,0.3832882126507354
0.020600215360016827,0.7897855968003513
0.024004827424075725,0.6118714210106468
0.01918275687071158,0.8554083522458215
0.03925667037203173,0.0893158073369938
0.03939294647395308,0.08741277203603923
0.025867574524923304,0.5151462560491469
0.04675047673549382,0.024467615304185144
0.02416383315921866,0.6034434816089492
0.018227658785817086,0.8938944442488761
0.028301587308042997,0.3954971159982977
0.03548212752980384,0.15745400864481188
0.017162988676910518,0.9299191325091026
0.020453543021012377,0.7969545860672496
0.029336912043171348,0.3507543533722109
0.020023194435231928,0.8175328650102844
0.03608218124086893,0.14443336441339266
0.027283131642052094,0.4432162299105328
0.015208426862488245,0.974849766092399
0.028930463834673015,0.36787013079185077
0.03125816248079155,0.2775286946895561
0.03328708331511532,0.21327724703109452
0.022856463299069374,0.6730467656189918
0.03041960777779984,0.3079523100625284
0.03356742565522752,0.205390138362947
0.026478444666288348,0.48353590183639245
0.02584254635850136,0.5164076501580945
0.019259689297541738,0.8520844172695811
0.03206146010245936,0.25054451610077927
0.02287529698117874,0.6720436699048216
0.027103856793127323,0.451998949499309
0.03213064728099635,0.2483169149408406
0.017990146025151588,0.902596991697471
0.02231552529833991,0.7017618704442512
0.03019778193181405,0.3163948450418264
0.03861805038407029,0.09870291461643843
0.03920281505745682,0.09007739679791489
0.021505848953942697,0.7440979540573369
0.022672382180366046,0.6828418151649276
0.021200535938083465,0.7597425570362092
0.028059431996022455,0.40650850261757204
0.032690886194072954,0.2308303710583478
0.025621298663244252,0.5276129949772234
0.03139552095175835,0.2727667329955588
0.02736469359288901,0.43925846745980623
0.025622700595524628,0.5275416903071692
0.03256824073062181,0.23457525312373653
0.027159479523617858,0.449261700002192
0.020811336150896587,0.7793416580111069
0.01770964935688646,0.9123926344613715
0.021184069701738195,0.7605800128559956
0.035135840954230446,0.16538711321485172
0.02313912511792482,0.657979980808792
0.027846211338983018,0.41637676685296365
0.02263390872997595,0.6848864965189155
0.03347481985619316,0.20796993506434044
0.024731433293797456,0.5735598813358183
0.043599493333884465,0.04334661213396632
0.02147247705766825,0.7458181620740367
0.03161069530693528,0.26543044304792646
0.025796659659338528,0.5187236122192813
0.03508072372209997,0.1666787751584644
0.049040212849175646,0.01574935413534845
0.021221331113126074,0.7586839657156635
0.022651939521665054,0.6839283679439481
0.025124498350102054,0.5531059974023123
0.04008709104366415,0.07824021187140849
0.023230332847521296,0.6531150147350605
0.029531645076464413,0.3427581773013426
0.022360161254810995,0.6994016292496883
0.023271814033604232,0.6509023067325818
0.03155669795668589,0.26725736364284464
0.02021790784160049,0.8083104865824592
0.03690009592621829,0.1281038961738811
0.027103280639096505,0.45202736040742775
0.017646804299240315,0.9145139741505777
0.013998728727992571,0.9895555463364539
0.031914165400215355,0.2553374034254071
0.021171948692133902,0.7611960372035991
0.02848039218747689,0.38749992733746724
0.03196919727855682,0.2535386386734451
0.03125517084714591,0.27763309546261905
0.017772917736895433,0.9102296406860174
0.026799430438113725,0.46717568632156664
0.02783550176138469,0.4168766960725478
0.022710917114391882,0.6807929139575932
0.022817919927278912,0.6750991268866415
0.03743126125971774,0.11833169401047369
0.02371700504505836,0.6271711625518557
0.046201969090989004,0.027106198015746177
0.020017597005444476,0.817795707523264
0.023760377215222284,0.6248626564650128
0.036188934440685716,0.14221089467898568
0.025548063552661038,0.5313430611128804
0.018124891004039825,0.8977049289142587
0.013616580272804157,0.992496096950706
0.023605037281428154,0.6331344968873224
0.022283877197170815,0.703434067693407
0.024321940461827368,0.5950847957475958
0.022757952011340676,0.6782908738623248
0.014391575893653141,0.98574080077064
0.030841093407408926,0.2923678150742733
0.0323632459788355,0.24093833204951037
0.02566472540991066,0.5254059946753705
0.05258719016066038,0.007635585017322967
0.02938468973207997,0.348780291999587
0.02814756621973802,0.4024767193676408
0.030170812046586448,0.31743269131283536
0.0579155917293413,0.002340367851324199
0.02933561410922525,0.35080809180851946
0.023441652421039127,0.6418437686567267
0.032368496313202266,0.2407737321486316
0.02908662977145171,0.36122551174289785
0.02307202425645072,0.661558483533974
0.03215354633142875,0.24758296598069326
0.02676622041417409,0.46885132701839993
0.01776217258640833,0.9105989185870883
0.02291951191243402,0.6696881890608344
0.04531274418345088,0.03191978830076466
0.034764349598537136,0.17424948398815313
0.02389654745483344,0.6176213802776926
0.03277920172134641,0.22816229496433665
0.03724375523029483,0.12170888117823056
0.01967356029812195,0.8336918342735776
0.04139096033864992,0.06320162891377906
0.04223344523082295,0.05486001015706425
0.051587894369528486,0.009411158652936768
0.021733499260392253,0.7323036473005737
0.03528375664203265,0.1619602557242691
0.03422960545293113,0.18766450560085465
0.025147485907336453,0.5519170535228575
0.03384840228954089,0.19771537970074474
0.020913901277396785,0.7742181203273957
0.03057604037456957,0.30209861374609165
0.02075794770469641,0.781996056045918
0.024126967131092303,0.6053957122456695
0.026758790188048054,0.4692267639550443
0.01319308934095792,0.9949821987435442
0.016866800155447698,0.9385223169072221
0.02472609161809125,0.5738393535495264
0.021756466030269594,0.7311083396916969
0.032317001923748534,0.242391813228812
0.024932783524656207,0.5630539239190029
0.028702897757507312,0.37770611999380543
0.03321252002585667,0.21541410236175598
0.02816552026628777,0.40165877884479695
0.019835950661009294,0.8262534294048108
0.029305944883023405,0.35203808868127867
0.04132935696616302,0.06385203142001744
0.017256896951816092,0.9270589677736153
0.027333132232839286,0.44078715338100166
0.020572304462608382,0.791155477820594
0.019711128262334482,0.8319816385170022
0.01983088666406385,0.8264871737296886
0.0281882829234279,0.4006234163271921
0.021751582134262815,0.7313626010134158
0.03185082999177413,0.25741951294383875
0.046041726370030955,0.027923080877772656
0.03526802456771083,0.16232200638469185
0.02792107480243672,0.4128935061447785
0.03266831548931798,0.2315160794502681
0.01880510969131513,0.8712608990838566
0.03415545501225736,0.18958735412391514
0.01919410119855791,0.8549201600298956
0.020721443930773936,0.7838058725816391
0.0256048575130548,0.5284495008596688
0.020351222176988926,0.8019109348274849
0.026044526407751678,0.5062653165741913
0.03021317388264877,0.31580364639185854
0.017498360748362085,0.9194160509491891
0.020618246590049794,0.7888992312158529
0.02901184315716037,0.36439689566543493
0.021604505541202357,0.7389990843123984
0.01751529038147348,0.9188647451131294
0.025613544648506847,0.5280074454508827
0.046142141030182604,0.02740868508472434
0.02157360809747444,0.7405980735738285
0.040322131896091906,0.0753247778040289
0.020313154533157685,0.8037451389339728
0.02692256956959671,0.4609969310009473
0.020977000267542345,0.7710508238843456
0.022784083305753988,0.6769002816112152
0.01961225447942716,0.8364685901954599
0.02380042410270694,0.6227319721430716
0.02080646208564163,0.7795843524555741
0.027539927700031663,0.4308356163643683
0.034718462867864175,0.1753698889541747
0.03449261410178717,0.1809680121181984
0.030952043444427896,0.2883641096853789
0.02141398968042929,0.7488272103012376
0.032483117405008144,0.23720168446410542
0.018456472688370584,0.8851694746422811
0.025058570447673678,0.5565205386452978
0.05259021810496001,0.0076307027895036765
0.028666810511602803,0.3792826596569191
0.014337173276612492,0.9863204834174553
0.04652779043464017,0.025510081621523354
0.017576343587867638,0.9168599326972287
0.023362054799311416,0.6460888314151012
0.018054043268664666,0.9002919824078761
0.029338110215953728,0.35070475056075406
0.033132199688497566,0.21773447948561914
0.02905998207878857,0.3623532804302031
0.012650479191692612,0.9971879433305331
0.026551709724137396,0.47976935588835984
0.05395352748782983,0.005699976172768107
0.034434712143584956,0.1824257833192457
0.01820434206768451,0.8947649562242502
0.01977859312831942,0.8288942967373565
0.02228066644632254,0.7036036537683817
0.01762335991441666,0.9152983643147825
0.030076706292806177,0.3210734504971577
0.02959308523906501,0.3402626136626643
0.019945317835023624,0.8211780030308891
0.038539146692949555,0.09991786276555809
0.028258657084208716,0.39743407403767433
0.05767514569326604,0.002474716698801873
0.023549277201049934,0.6361059667761096
0.03413683476782514,0.19007263856926174
0.027538630221862426,0.4308975785921601
0.020036524589128746,0.8169063892358699
0.027587250363542842,0.4285797850857134
0.022048589692878484,0.7158287759925073
0.03556390892463768,0.1556257989085557
0.04397536245636963,0.040572992797171144
0.01704364186946178,0.9334623568527202
0.017923303694183018,0.9049793034344513
0.030227416407300034,0.3152573144179389
0.01988501878823723,0.8239827192372882
0.019317292949582898,0.8495754990538064
0.017037342061872907,0.9336465229074706
0.037755516606068185,0.11267369320759589
0.02016633963659506,0.810767667421901
0.02128349303228816,0.7555132342918474
0.03765787895005268,0.11435338893001598
0.01362312031738555,0.9924516408843365
0.04051323046759453,0.07302274182286783
0.02359178930049266,0.633840393113136
0.017665322495893365,0.9138917176038927
0.025595155097847377,0.5289433902364864
0.029141181657943105,0.35892455051547617
0.03097242324680269,0.2876331324418283
0.02980570199160315,0.331727291448347
0.033506036276358536,0.2070975077524447
0.022608056243722197,0.6862598669568458
0.030285946592990998,0.31301937873623714
0.03424129530358089,0.18736277582353847
0.025416515769407344,0.5380682406213597
0.02172965273645161,0.7325037478043827
0.01275832060745441,0.996825345447162
0.025365318630897526,0.540694085155752
0.0355297024183871,0.1563883927182051
0.0439025056630129,0.04109820517205846
0.03168474174546099,0.26294048709012935
0.05171528180043061,0.009165683755074339
0.021186970542943273,0.760432528635338
0.03284290891422936,0.22625243404771922
0.03147367437153703,0.270084752634444
0.02085799744945327,0.7770146169603218
0.017876483435474377,0.9066302495984716
0.02771529277255025,0.4225161604178602
0.03458796816084275,0.17858744405183252
0.01993188925171413,0.8218039612647301
0.027023307181334943,0.45598245445645375
0.03155352377633813,0.2673650506709543
0.05059644792865209,0.011534812702867993
0.02043971468484307,0.7976266207016429
0.03232355904618178,0.24218531246398323
0.02774313480628543,0.421205400885661
0.023978748234659952,0.6132555639396979
0.027989944584479315,0.4097067418859474
0.022029094220543333,0.7168525406149737
0.04556328116782554,0.03049282722670716
0.03329928898237966,0.21292902660419533
0.016075001279182266,0.9583613901965863
0.025598760016591338,0.5287598653928045
0.03486936913074312,0.17170666211826863
0.028813121441367273,0.37291921057991834
0.03074742446833459,0.29577981451111385
0.02256974303625703,0.6882943062182265
0.021969598593563178,0.719973460560893
0.03241162314905943,0.239424938234193
0.018313904404412773,0.8906444245788445
0.025290703557562244,0.5445292547070891
0.018997605085853797,0.8632788033719905
0.0226356239665072,0.6847953609796538
0.046978396630920516,0.023439920170739825
0.026602885713894242,0.47714974216053124
0.0383086016388996,0.10353932584319235
0.027411606419761425,0.43699279890134846
0.026950240000855774,0.459615955521397
0.026704490167601902,0.47197642885837615
0.028752637002756765,0.37554069271019
0.03273744132396883,0.22942093447737172
0.017805142198282276,0.9091174744502603
0.035756641208394835,0.15138477737713862
0.019080882561198442,0.8597617477383539
0.025416043445444125,0.5380924442346767
0.02571667640372194,0.5227706004821708
0.028083018339559285,0.4054268172357124
0.01699803143377593,0.9347892029275524
0.04108727844067139,0.06646356447340403
0.01877216541676696,0.872605865738078
0.022057205488295206,0.715376165968501
0.02572960265928037,0.5221156956780049
0.023666012544046572,0.6298863607122525
0.03240381209913168,0.23966880003084107
0.02555087397198208,0.5311997317050693
0.027356352440141896,0.43966212849108116
0.017920642928765385,0.9050735190569059
0.03694332000781492,0.12728474894847935
0.026270291740336682,0.49434118045636044
0.020793636146516525,0.7802226482928732
0.024639156307344645,0.5783929446656118
0.04939335479317725,0.014687280784435817
0.01884890980771564,0.8694630794802589
0.01864454340507654,0.8777563913447985
0.02849964453074244,0.38664560165779904
0.018455964830012994,0.8851892013587033
0.025420941302159772,0.537841479531673
0.02508433185672143,0.5551854852846454
0.019632572178928526,0.8355502755620531
0.02523373732113221,0.5474637218194932
0.02258305789379314,0.6875874078064516
0.02255881967875728,0.6888741370236408
0.02637699344657718,0.48878302561905007
0.030804259085079,0.2937060579242738
0.023225616733686727,0.6533665820913843
0.024831285034151662,0.568342786260047
0.031623454501386594,0.2650001299067642
0.014886059789490869,0.9796562392527433
0.026881410106405823,0.46305617144938255
0.026047488538252006,0.5061172170319337
0.030723253130679917,0.29666503649050957
0.01916325659094309,0.8562459393711206
0.02704522317783331,0.45489632595084634
0.014438850464818409,0.985223121315026
0.026389973774400888,0.48810963274243696
0.023406269924894807,0.6437306540799161
0.023339237338915075,0.6473058698819326
0.017847260802917514,0.9076532156422927
0.02617704521158115,0.4992315446375648
0.05387708245206896,0.005795124710354708
0.03263448908934152,0.23254666856120293
0.031795874233884136,0.25923652508414136
0.01655539776760273,0.946875598435299
0.02513260897477615,0.5526864090510895
0.02745707423889482,0.4348044142347892
0.02561240934792164,0.528065208401786
0.03077284247314982,0.2948510411585362
0.025142910187227474,0.5521536472822646
0.03256943543911328,0.23453855034771506
0.01642084827333401,0.9502639431776436
0.02320892947569997,0.6542567085634463
0.0431650819805241,0.04675625494912334
0.022107527727127374,0.7127305845603747
0.020251601034973366,0.8066994623118887
0.030038659434922232,0.3225539858987245
0.036032029137137656,0.1454871346041708
0.04729302041242295,0.0220842539184066
0.02464597724236764,0.5780353217765065
0.02705776958256928,0.4542753140456098
0.04462127639613073,0.03616693030386514
0.029462273927178206,0.3455916083291089
0.018828808255886148,0.8702895310564788
0.03058263442849718,0.3018536740572937
0.03322681224904478,0.21500323075503172
0.02343777895517246,0.6420503229867125
0.02776244526400523,0.42029791757518714
0.025215724311248133,0.5483927530042092
0.017979419562347387,0.902981291027465
0.027230598245116977,0.4457779682016373
0.03270448267591752,0.23041805739081064
0.027834624810851583,0.4169176507247391
0.024432316211075444,0.5892641240630033
0.02023143332408711,0.8076642969551019
0.0341293695894902,0.19026747195963556
0.048833104875904754,0.016403793489119755
0.03592324171190264,0.1477943020868975
0.02433832694609983,0.5942198583042981
0.014482512244811674,0.9847333430145965
0.029542481392582753,0.34231708028345936
0.029824322259450947,0.33098721836267925
0.022198067492699924,0.7079623475313197
0.02779968640726549,0.41855154564826746
0.017743850740010503,0.9112267683019655
0.02787278133850879,0.41513822822854934
0.035786012979845294,0.15074671752313787
0.05430848649845044,0.005276612777258744
0.01353987127140599,0.9930031126674296
0.021120202428114132,0.7638216950483339
0.01983098939574479,0.8264824329567142
0.026887280539004133,0.46276209948784225
0.028064470062569624,0.40627728741019364
0.039562848001355955,0.08508799246418998
0.02346245805057945,0.6407343488382438
0.027940107052991436,0.41201115178052444
0.04781962118011518,0.01997061087471477
0.019219197192477555,0.8538377737462528
0.032063428100847724,0.2504809440492954
0.04703437951338396,0.023193427460347554
0.02785721370239791,0.41586359570589027
0.0316771992724143,0.2631933096433629
0.023656402426896705,0.6303981937239196
0.030763688505995535,0.29518527840209763
0.024798826658852136,0.5700371930938357
0.014978306122193447,0.9783509726482787
0.028588310181271614,0.38272796707421225
0.02392728769275676,0.6159881944609862
0.02645957435919921,0.4845091152216641
0.017700144986504684,0.9127151986927969
0.04141084124450667,0.06299294099730833
0.032554878614168115,0.23498605226881977
0.036379260623310705,0.13831736792703753
0.023118992212511236,0.6590537464142813
0.023388158678273263,0.6446965713861808
0.03303892491751634,0.22045333391753746
0.029404985127917227,0.347944137547532
0.020310690913478535,0.8038636571369071
0.019308626896942238,0.8499540359897357
0.027914257661289965,0.41320986937580656
0.021486277013143595,0.7451071073089821
0.022364036930809794,0.6991965964365315
0.023732525807076854,0.626344958980868
0.019113496596606327,0.8583740968256465
0.02229670296113373,0.7027565210102587
0.017919534748332078,0.9051127449012935
0.023132163818798235,0.6583512599348921
0.022260102907705637,0.704689510750155
0.020747890453823803,0.782495100625308
0.03787847414346246,0.11058745565089857
0.014592446564668848,0.9834497642632685
0.031147961815995218,0.2813938103624079
0.01573379284006382,0.9654929452572772
0.01989581200364654,0.8234818389781156
0.02460988389845109,0.579928360834284
0.03595957592244925,0.1470204592673988
0.0333138896302253,0.21251305899151507
0.02154259838627426,0.7422009478889795
0.03222525506059226,0.24529526516582326
0.047353920171930075,0.021830046517650515
0.027787390230960995,0.41912761127622244
0.023738612327951977,0.6260209912639778
0.03280956084036449,0.22725062529084025
0.03459838346291677,0.17832893121772941
0.026232077638980056,0.4963416084315578
0.02037466556764367,0.8007787060507422
0.04471947703243795,0.0355351118182969
0.02017383020581409,0.8104113946422822
0.015306856264805324,0.9732430771966454
0.026755421740632446,0.4693970308367741
0.03052720498594852,0.30391718099999715
0.016406220928289028,0.9506242561518178
0.027731413316841452,0.42175689351572154
0.016231714587118973,0.9548012163020608
0.038351466838237536,0.1028578517372451
0.023174921367561274,0.6560707093027227
0.025303633957883265,0.543863948998391
0.027435225613198333,0.4358550764980071
0.02831913110297185,0.3947074434095929
0.024088704859405508,0.6074230752754801
0.020568661740217126,0.7913340711727037
0.03170649621817456,0.2622123054389854
0.02277111105968177,0.6775906525033597
0.020252695202633952,0.8066470721298861
0.017120965324441517,0.9311784858522643
0.019222775418241633,0.8536831765582173
0.024473713758981108,0.5870843821306181
0.029694174997592804,0.3361849929100824
0.022859466161514908,0.6728868410636739
0.017860552057607282,0.9071886557549637
0.02360858689477152,0.6329453720989018
0.03321040240564199,0.21547503128232054
0.03704354484431227,0.1254018555934607
0.028226652072495417,0.3988823549538489
0.02223890238983328,0.7058085025360707
0.027311729755160497,0.44182581360752493
0.028426907179883498,0.3898802161601481
0.039207557904344936,0.0900101083534701
0.02836871943340058,0.3924812991192812
0.03588521229338715,0.14860777046444487
0.022465582768881054,0.6938194010421661
0.015797137932023864,0.9642327300345821
0.02651600110951957,0.48160274386834756
0.02875097582621222,0.3756128722754854
0.02229262038598967,0.7029722107367729
0.03502213829857803,0.16806053299853263
0.028149926164254463,0.4023691409528906
0.029813943431735157,0.33139958359212784
0.022417813267415404,0.6963501687457923
0.024197188331633868,0.6016781775816076
0.022374235210725346,0.6986570103491784
0.025908550196158342,0.513083910189492
0.02568958156971396,0.5241444204348259
0.020798046614810772,0.7800032136320605
0.026837308118231373,0.46526933658031255
0.029047020554252678,0.36290272996193784
0.02211128000746554,0.7125331808297053
0.031105007788022276,0.28291116798642507
0.03350097205218788,0.2072388470523265
0.029677442374470953,0.3368574919434946
0.018718063105544247,0.8748009662372902
0.03192744632420369,0.254902423047187
0.03720135732263574,0.12248338564871183
0.018096186645926826,0.898757036059952
0.02604472313477013,0.5062554801016851
0.021423083945145582,0.7483598215078688
0.04583367440324604,0.02901606670123608
0.03195455419899007,0.25401632027816434
0.026008435256497542,0.5080713011533224
0.03546242574254432,0.1578970072545849
0.027937936428327814,0.41211171898652854
0.025561856149248885,0.5306397906106741
0.022410791955162046,0.6967219711914895
0.017941883045698603,0.9043201056176768
0.022625930716809906,0.6853103650915604
0.035541401054252963,0.15612724819423907
0.021095423827352633,0.7650765181494017
0.028962335447922205,0.36650709501780104
0.02326444081333695,0.6512956126136863
0.04672071253697718,0.024604729053518598
0.024118871812324416,0.6058245505460048
0.03630992325107735,0.1397256595047297
0.04759603003431234,0.020844977453647395
0.027421202606325634,0.43653031616981824
0.03435015098536842,0.18457141157783657
0.021900314253388453,0.7236011822548316
0.029926683125288067,0.326940110031238
0.039864228285355185,0.0810921589058415
0.035231722915267605,0.1631592125744705
0.01148541073773901,0.999401164790682
0.03796238528104601,0.1091821462602745
0.03843008447356888,0.10161767400979838
0.03580594352738686,0.15031499121074757
0.018046909816088696,0.9005506455407231
0.020104612229395524,0.8136951203130566
0.03732494682386278,0.12023693828777743
0.017285595332648937,0.9261722897539142
0.03058862073623697,0.30163143593740727
0.01781203377322982,0.9088787096313535
0.024137305815025822,0.6048481140927187
0.017607292687042836,0.915833735845372
0.03271745187353581,0.23002529375533412
0.03931460188158553,0.088502613434659
0.035611615311189726,0.15456723694582525
0.013737079477645742,0.991645220826692
0.01574378459437553,0.9652960821407316
0.0257226124690203,0.5224698105251189
0.021391183497536548,0.7499984976736418
0.03464436110501248,0.17719128851491603
0.025211285206792083,0.5486217854378316
0.016852593598686072,0.9389189021549297
0.019423662597377045,0.8448982654614889
0.014548086294860374,0.9839764620884947
0.05478364534987634,0.00475492177648006
0.02791337753298717,0.4132507255708711
0.029522152050810213,0.3431449295555012
0.014183194288688653,0.9878701008191976
0.02454688338506089,0.583236454066832
0.044524604694460734,0.03679849360279667
0.028109631234047472,0.404208706885488
0.0442823530054568,0.03842368821891258
0.01915018152073021,0.8568064182668826
0.0238962003991674,0.6176398222849553
0.018821532512703243,0.8705880952785098
0.051675291833604975,0.009242111523646497
0.0328427069968914,0.22625846775797856
0.017624501703578654,0.915260251012987
0.016252500950061255,0.9543154429688695
0.045738311514365915,0.029529534861802348
0.02283121661107468,0.674391180434841
0.03517347314458652,0.16450981480630553
0.020080113982252512,0.8148527241749177
0.024200837772579864,0.6014850926180586
0.030395935131193097,0.30884532978997825
0.028050919815929887,0.4068993626119365
0.041839312954011665,0.058636465489537354
0.019113559307012695,0.8583714231306068
0.02175341389853047,0.731267242175667
0.02717518942286279,0.4484906008018675
0.021068070393388344,0.7664598444618379
0.023651402023243784,0.6306645289359805
0.026948540647097424,0.4597006880948579
0.013122678247713515,0.9953257091511061
0.02634669702974579,0.49035707188744143
0.024399688723808488,0.5909834054166695
0.025679086857305577,0.5246769324748131
0.027083887052877398,0.4529843747941153
0.026148115364257873,0.5010974199221073
0.024908560218738662,0.5643147992950247
0.028070584584762415,0.4059967909725774
0.026444281080585524,0.4852987770298451
0.03628209850500791,0.1402940636188076
0.030887156188520004,0.2907006440922199
0.023664576275088833,0.6299628537424957
0.028602338505243075,0.3821106801066261
0.02870837760820988,0.37746712399954474
0.035111999094824375,0.16594485751668217
0.023317545939301132,0.6484628874283893
0.048401254187273424,0.017847300550007997
0.019788808840720873,0.8284250144819854
0.0150650825827785,0.9770721793715464
0.026698462976954884,0.47228228410505485
0.022500276710453404,0.6919800885471181
0.01671709349277961,0.9426271242464384
0.03155495896032706,0.26731635667857967
0.021082857674870503,0.7657122653574386
0.03399205897103674,0.19387925029196038
0.01481722564807153,0.9805943955239524
0.027055967049797847,0.45436449980465904
0.015571831132768901,0.9685844281540387
0.0215021945151902,0.7442864426345671
0.05030881182497532,0.012227196812244795
0.024617967886783887,0.5795042279042244
0.02881092742783009,0.37301407713011553
0.013142115418367628,0.995232732742129
0.031329551062701744,0.27504609449337836
0.0353991300361709,0.15932699915696608
0.0259332463004065,0.5118426150682945
0.0312014518251737,0.27951275277699966
0.026555335257873458,0.47958346390144985
0.02840247990859701,0.3909706927264134
0.028009900600839355,0.4087864848679831
0.025148629157741964,0.5518579455143584
0.037057353708342816,0.12514423043192538
0.04075720606575983,0.07017076112550717
0.020801510055659778,0.7798308548309414
0.023385968151970304,0.6448134006472164
0.01658395759037004,0.9461392062409859
0.026315214579504698,0.4919961939062642
0.02514380462740895,0.5521073963876886
0.029603148286823977,0.33985512056828976
0.01800659069593835,0.9020063458529172
0.024375700789231014,0.5922481545491175
0.02691190966380408,0.4615296744599738
0.020812157122648306,0.7793007722305625
0.030566128514457058,0.30246707003578477
0.017999554529806616,0.9022592838718765
0.029194649188936106,0.35667942613898623
0.024179814378754605,0.6025975625542042
0.038592865868893295,0.09908935712186304
0.02103713904091209,0.7680216907495121
0.0273894081901509,0.4380638895971471
0.022812945757510805,0.6753639417852118
0.01682959144664231,0.9395578891063158
0.02112032311652301,0.7638155792710666
0.031584114161749555,0.2663285994303505
0.021029627607899948,0.7684005801600133
0.0305578569259769,0.30277480485514346
0.040926163868392984,0.06825170940869116
0.03024605203387548,0.3145435078368963
0.028804541165617037,0.37329030798746465
0.02836425437887813,0.39268138954338133
0.027411949402783853,0.4369762633660407
0.032838341852470365,0.2263889376669475
0.03996817721967527,0.07975120210705589
0.02595079234021541,0.510961477300901
0.026718578797103487,0.47126199370161964
0.028569784711895453,0.38354420670560474
0.0225891023433914,0.6872664584731132
0.017391117517396193,0.9228615560878245
0.03679215684142728,0.13016830745570923
0.01565164475387615,0.9670843503545523
0.030843571090094613,0.2922779595563466
0.025448981409196936,0.5364055447737908
0.030789019859290334,0.2942610427262102
0.037798174267957174,0.1119462617811574
0.024820097098372962,0.568926659064193
0.03248918238587184,0.23701381142087574
0.03120900860835485,0.27924776472803853
0.018206116989825105,0.8946988133657037
0.025194196538909863,0.5495037682424415
0.04762349747092365,0.020735758918620326
0.014155374465298798,0.9881360173665142
0.028227597351286937,0.3988395273872491
0.023200412277642857,0.6547110251143856
0.03713237689073917,0.12375212867743277
0.03252466448625302,0.23591697487128802
0.022867601701990314,0.6724535441954799
0.047320424281033224,0.021969541028080696
0.023953606340608835,0.6145904114281043
0.02486848678276249,0.5664025747284166
0.034551548417548594,0.1794937363643538
0.017540853426849412,0.9180284947554971
0.029363180039178927,0.34966803852163153
0.023465802797171836,0.640556004937366
0.053747151092064904,0.005960183186682192
0.01800063387743489,0.9022205044412762
0.044082483273712114,0.039811402653422645
0.030060774016747727,0.3216928287786213
0.03306126206958937,0.2197998527342345
0.033644295724133966,0.20326772588997916
0.032610260506205746,0.23328700246029466
0.01557552798244266,0.968515945749779
0.02123280417584711,0.7580994628939123
0.028673282066827843,0.37899959948618067
0.024432550910141113,0.5892517609324842
0.027684393935730633,0.4239740650406004
0.03143576763483924,0.2713831124766135
0.03039667951018643,0.30881722021954067
0.023144726376568503,0.6576812346939969
0.03033875234057104,0.31101029465865726
0.024023402346947442,0.6108858633782595
0.03225726463042072,0.24427928578871635
0.03146958601944877,0.2702245599614202
0.03248819376752632,0.23704442777481857
0.01981675863266391,0.8271386980046207
0.036150060285399466,0.14301697531836677
0.026489788975312567,0.48295144253478794
0.030793740791707935,0.2940890321941534
0.013857007082066164,0.9907297186590591
0.02174513967241043,0.7316979384030006
0.018208316050598916,0.8946168368591064
0.03995050666587763,0.07997782470184148
0.015632218636169037,0.9674536313313403
0.027598452971579257,0.42804693582767317
0.023864615167977,0.6193185237272939
0.02431919110859404,0.5952299428221048
0.024607451616642906,0.5800559881908608
0.051880222511369034,0.008856474728731847
0.01604297433209527,0.9590668124162887
0.03646081510587906,0.13667572415716694
0.022560644727091406,0.6887772666672476
0.02263981446494956,0.6845726990723872
0.020271418966707366,0.8057498460802087
0.02768337861636505,0.4240220287821863
0.016894675686523808,0.9377398628078546
0.02957016811601265,0.34119192776834784
0.014548017606954233,0.9839772684043809
0.03146365430259379,0.2704275004093545
0.031933300056988745,0.2547108782568384
0.019849337960068422,0.8256349542415944
0.023598484067013148,0.6334836662771152
0.031366122271904606,0.2737807494758022
0.03567414057889906,0.15318863741879124
0.029653314073377623,0.33782893233304906
0.019175203277742803,0.8557330371831317
0.03883980979405122,0.09535408182739857
0.026095348206085334,0.5037269739786094
0.019580626648747573,0.8378942250815902
0.01504477670108506,0.977375882983081
0.036984331929387826,0.12651149246726115
0.018637307776459666,0.8780455290887875
0.017312752026821587,0.9253278277488508
0.021796501520359723,0.7290224710895499
0.01416814250659304,0.9880144995119612
0.028282231849853956,0.3963696007412203
0.028466855011266112,0.38810142683439497
0.0267473848506109,0.469803439633193
0.029556087942183507,0.3417637959304624
0.02175074609323291,0.7314061220508861
0.039433779801980595,0.0868492288368315
0.029950528049715097,0.32600250248447626
0.03908044503076902,0.0918281413908612
0.021131063933537253,0.7632711456883648
0.04211145581853748,0.056005853010762274
0.03176556738460376,0.260242700421737
0.03548738299099796,0.15733600735317682
0.024907254335564788,0.5643827976401865
0.02316211022192516,0.6567540351532833
0.030740766995306146,0.2960234349885486
0.02906319816040004,0.3622170392614194
0.021572865671108374,0.740636471858972
0.019307275343798613,0.8500130378122436
0.038051913860068565,0.10769909372259899
0.022963219524172435,0.667359037045629
0.017567830461716616,0.9171410392669967
0.021249775130268878,0.7572342726545811
0.02588789469469599,0.5141230877788506
0.016639017634923925,0.944702564473908
0.04700233320331554,0.02333424433167889
0.020370089038172945,0.8009998936599023
0.01899046354237044,0.8635786419192873
0.022626975886879452,0.6852548381407763
0.018886663992627672,0.8679046458577049
0.020530823470332304,0.7931865195073731
0.026728496544845215,0.4707594885490324
0.02276129786169967,0.6781128427726482
0.018827451361408953,0.870345234977596
0.01952654947400434,0.8403207365316866
0.027754224805994543,0.4206840705617745
0.022829695063953603,0.6744721953337823
0.03358108863024806,0.2050116400538761
0.025727236985308738,0.5222355271244229
0.013283516663965544,0.9945132617246705
0.04010861076618888,0.07796937231893415
0.026492288993886226,0.48282270304799957
0.03572028221383605,0.15217763828160513
0.016916224246458778,0.9371311119735046
0.022242662511471,0.7056100758736148
0.03399093922942642,0.19390892353185224
0.031971828680504855,0.25345287016340534
0.02383082286785343,0.6211151851244703
0.03262363032796167,0.2328782479834456
0.020560202439921904,0.7917486358743302
0.028235245269538134,0.39849314124531116
0.015707140882664172,0.9660145523877963
0.028766704197396048,0.3749298506031429
0.0374901748269576,0.1172866569833511
0.0387539283225663,0.09663955786537547
0.040792926168769506,0.06976126378080148
0.03186894259482864,0.25682276694331774
0.02994769330330843,0.326113865602103
0.037973152124170795,0.10900290249301525
0.037474677226227104,0.11756082138342822
0.019488578073729917,0.8420161421893831
0.01725860102694199,0.9270064823978093
0.029152062632970765,0.35846684381180244
0.03127034226041478,0.2771039524644011
0.02726038598978936,0.4443241892480595
0.02956044010192671,0.3415869590538297
0.02533187814249871,0.5424117090249879
0.05282206404474288,0.007265205526770554
0.030228510503613804,0.3152153742719966
0.026000041911799998,0.508491699281978
0.03465220962151161,0.17699766632515054
0.022265888664810662,0.7043840419324473
0.027400928419709203,0.4375078054065741
0.0387170687286294,0.09719569355322835
0.018739164837700995,0.8739468308042803
0.023017177039901138,0.6644828541748736
0.026200450778501194,0.4980011273883334
0.016641587056713147,0.944634977099329
0.022447484132570417,0.6947784881334009
0.029414291159494454,0.34756121524686295
0.0407350972895445,0.07042524040660017
0.04784117826554235,0.01988806328720639
0.026001507071044205,0.508418302922986
0.027004620591498774,0.45690989187250713
0.018549683891309926,0.8815221545239751
0.03703361423460594,0.12558739454867301
0.031027723197038337,0.28565657727604543
0.03067343092390984,0.2984958291081355
0.04154443241328809,0.06160587599143097
0.03227132630233498,0.2438339852963135
0.031004914412679607,0.2864705928307948
0.02994737497558464,0.32612637283878204
0.033770300242505574,0.19982579823298913
0.030881960990066015,0.2908883232479301
0.022383652898029904,0.6981586333144781
0.030965051671594745,0.28789737523303355
0.0397424726883428,0.08268696989694223
0.023368062757435082,0.6457683875820184
0.02315974913796781,0.6568799698345851
0.029609398453114943,0.33960220270884967
0.028229240896570862,0.3987650711448476
0.019521047431306143,0.8405668329381526
0.03224256762931249,0.24474536774242484
0.017930554094604312,0.904722332393299
0.02486616000209596,0.5665238677429019
0.03921861153216022,0.08985345021375638
0.03391863759887881,0.19583248569399545
0.03364227370757267,0.20332333431120023
0.03737980918218475,0.11925063323338653
0.024442266611428662,0.5887400243231131
0.017056146131296246,0.933095959282825
0.03207686093910617,0.2500473514573869
0.029324876344300976,0.35125289317441644
0.02038708520126495,0.8001780694396782
0.029543649150203133,0.3422695704854946
0.03941738824817509,0.08707508174321497
0.023847352158087864,0.6202362767074763
0.023127281789681486,0.6586116379242569
0.018966490924416768,0.8645830726497671
0.03259910841404945,0.23362837529582128
0.05122350112964058,0.010146599595025695
0.04071168987637053,0.07069552234743705
0.018213598261448416,0.894419800108251
0.01668879134479545,0.9433846440863152
0.012879988371387124,0.9963736690173532
0.037155688708822576,0.1233221586992562
0.025624360078628394,0.5274572910367623
0.024127172590248325,0.6053848290386379
0.022666119080035907,0.6831747357048157
0.020919291028866638,0.7739480241303797
0.023502752552506195,0.6385859884339236
0.014468198256492815,0.9848951522876319
0.024854838662403567,0.5671141488426381
0.024664254575093914,0.5770773268712972
0.03297995779226892,0.22218565401953175
0.022809357728510976,0.6755549539147441
0.01415703217305242,0.9881202906563135
0.023424526407605062,0.6427570417056445
0.021174352556662224,0.7610738955847074
0.026629055578114902,0.47581375503486095
0.028888194157144387,0.36968335838027844
0.024815192796742103,0.5691826582046378
0.04557764825371291,0.030412727547322008
0.032879326415326274,0.22516622937153177
0.022849674333591863,0.6734083136228721
0.03435979890890517,0.18432560515219654
0.02147926663209615,0.7454683740203214
0.03200420006981142,0.2523995480642254
0.03310835936326667,0.21842691560459823
0.039639052500517025,0.08406230363217372
0.014871296473815743,0.9798600151905988
0.030312973598181414,0.3119899096047695
0.01957765076475111,0.8380281200360767
0.022686325290232734,0.6821005670487263
0.025753827826638098,0.5208892272181673
0.022856184273045255,0.6730616256132969
0.029967149363862577,0.3253500876853697
0.03474168559915408,0.1748021520411372
0.02335556012426665,0.6464352394256165
0.016648614084910474,0.9444498863282415
0.024406733002890313,0.5906121156784958
0.02152935781565879,0.7428847482462089
0.032660427625231137,0.23175608490934882
0.03175778360352299,0.2605015939059365
0.03210205846512765,0.24923554942973555
0.014485871339767628,0.9846951947957193
0.016851885757302343,0.9389386233718315
0.016116403172045227,0.9574383472505128
0.016652703822578524,0.9443419959470049
0.014451129254476225,0.9850865205058095
0.03223114723796816,0.2451080069858385
0.032133630545460146,0.24822120323779942
0.024651298176486897,0.5777563848136793
0.02563649282756225,0.526840395144287
0.02164272526347344,0.7370185653959294
0.034014914063457025,0.1932743677039287
0.011604965920573584,0.9992820975375409
0.03369605337899084,0.20184835482513425
0.0202494938042537,0.8068003463809335
0.024015352007985546,0.6113129712963428
0.02905054970648535,0.3627530680224466
0.021791151479731402,0.7293013716839178
0.023605736512740116,0.6330972412189428
0.03477337195074537,0.17402985829736056
0.01432642756785571,0.9864329710151779
0.032154605269607256,0.24754906537414678
0.01583723692244432,0.9634200320037213
0.025282582812615972,0.5449472366048698
0.03343396129327947,0.20911616066894276
0.04952275401690004,0.014314512631956027
0.03096147342860045,0.28802570647451425
0.028737831114022394,0.37618436432109215
0.0143265508188255,0.9864316845492268
0.023137710629995922,0.6580554226650411
0.02389714955332828,0.6175893858634193
0.018837829936975636,0.8699189006845387
0.03752253971756914,0.11671579529865925
0.022196112677801638,0.7080654048209665
0.012095041354060171,0.9985744972425273
0.02859832817613206,0.38228707527436934
0.02301003255932188,0.6648637342325776
0.017582628098379516,0.9166520922472262
0.037650428107524614,0.11448241252154404
0.02628923442246167,0.4933514925854101
0.030804492161234265,0.29369757572735855
0.03588114676038756,0.14869494776634193
0.03055997627508311,0.3026959350200505
0.03241929970121393,0.23918546028783869
0.03725517646699747,0.12150093256931728
0.016546726497085135,0.9470979903651393
0.023258578176841294,0.6516083405038227
0.027149695241667715,0.4497423935661329
0.03901846642204798,0.09272568530911869
0.026594329991843357,0.4775870460094307
0.04720241093621619,0.022467345846062997
0.025098501048122945,0.5544516294917713
0.030388688391685847,0.30911908228790574
0.025517967256064922,0.5328788765665621
0.02313936824980045,0.6579670133204936
0.035456959864805015,0.1580200857728294
0.028219766849130412,0.39919439815183483
0.019197605520200778,0.8547692178767595
0.028663984714990653,0.379406303877684
0.038993907322360855,0.09308336388386462
0.02677987531356113,0.46816188105279843
0.03145541765120341,0.27070948856751514
0.024722984409915272,0.5740019375151006
0.021486557509305004,0.7450926502984451
0.028351029455800036,0.3932744464454246
0.032665703039881144,0.23159554777025854
0.024449823039513874,0.5883420905094072
0.022635245528679737,0.6848154686628044
0.034974422711049946,0.1691926627112986
0.030398451742765453,0.30875030392420744
0.0175059602737776,0.9191688242579057
0.026285118000916596,0.49356645264092125
0.02594771674910651,0.5111158825173933
0.04805768344250877,0.01907572567532426
0.031258965463300536,0.27750067753413726
0.028648906110467054,0.380066552480503
0.024698761755396453,0.5752698162528014
0.01904802200248079,0.8611540683810313
0.029885066014250672,0.3285812116156209
0.01825102377274579,0.893018643560487
0.02789440915321284,0.4141319218139066
0.026986436526469842,0.4578135849371624
0.04196514070151708,0.057407280210611186
0.016793755634192054,0.9405456628353436
0.024978239721359763,0.5606901667918595
0.02162486305528477,0.7379445248940043
0.01744666511649373,0.9210870434567404
0.029527267451005035,0.3429364858940517
0.03052215463167174,0.30410570751259075
0.02630229072500956,0.4926700889156624
0.02717318611569458,0.44858888141259673
0.04928725226245445,0.014999416765126294
0.02409540580922165,0.6070679332537727
0.02139634715287153,0.7497334028210261
0.03186312070496211,0.25701446336098255
0.019343519030611933,0.8484276009081282
0.028180177232120573,0.40099189381326183
0.027964746458286394,0.4108707592130695
0.03205658803639033,0.25070195064936196
0.036555200965372237,0.13479561674993257
0.02807851067632583,0.40563338878325694
0.02354943329959408,0.6360976468798363
0.02379989069109331,0.622760346647799
0.03313857577573476,0.21754957607215858
0.02520894455756978,0.5487425627568732
0.037216793614081645,0.12220093591850377
0.017053970990450196,0.9331597763373823
0.022948808082015604,0.6681270849768338
0.03280902660190366,0.2272666439347174
0.015955030296998324,0.9609653210216378
0.02864666584916331,0.38016471552132997
0.029332153187281718,0.35095141324400725
0.01680168115273939,0.9403280157781816
0.027949698882163476,0.4115669535701325
0.015853845348076878,0.9630800202821043
0.031250754851315066,0.27778725661170073
0.019416051483401586,0.8452348217093624
0.020884132787847065,0.7757083831318247
0.034169324064253936,0.18922653071730575
0.040082431603654434,0.07829895857471911
0.0236734548597336,0.6294900103169275
0.015143580089181319,0.9758722684477439
0.0393589263746367,0.08788462840858098
0.025811685768481335,0.517964754119975
0.05089986565299859,0.010842986018030746
0.016511354962377434,0.9479994207284487
0.019647489853610117,0.8348747990227325
0.03012899769407057,0.3190466751828219
0.027778441762569717,0.4195471783154495
0.023550452578917913,0.6360433204886886
0.01958840692279684,0.8375439658423339
0.020880617793133827,0.7758841786235265
0.02323748578166618,0.6527334611270654
0.0354480679622059,0.15822047475218504
0.03912421103412225,0.091198736320152
0.04252476214677958,0.05220502052292144
0.022730550512629788,0.6797486614364237
0.025097745659663162,0.5544907448218087
0.03607858065020442,0.14450881171589752
0.040146442938503446,0.07749515234351115
0.0295487186466864,0.3420633746306675
0.020405333911919565,0.799294511583462
0.017661184033944788,0.9140309852989348
0.016834567842954395,0.9394199760914319
0.032801163596621885,0.22750250941336422
0.021788040609253823,0.7294635204552367
0.024047225493519064,0.6096222175418199
0.018591309343891693,0.8798763381566593
0.029658386318892838,0.33762454941346454
0.027177088476318778,0.4483974480224273
0.016314471955316767,0.9528483161445379
0.01712927135063433,0.9309305817880116
0.021618395223073072,0.7382796589441116
0.01650116281637859,0.9482574516555117
0.054812574866526576,0.004724740811966845
0.03612043873059151,0.14363367941547833
0.02684549259598218,0.46485809150135887
0.022222493512466857,0.706674228689337
0.04364172386688203,0.043026975699351676
0.02559593421725892,0.5289037235111048
0.029317299243708128,0.3515670088146306
0.04299460682751477,0.048156483380826745
0.022211447906037296,0.7072568125451775
0.020659912718772017,0.7868469352787102
0.0332061534889575,0.21559732292658193
0.021496827165668253,0.744563228829846
0.024970714581350806,0.5610812672239645
0.0228380475727753,0.6740274522258776
0.026604963275569993,0.47704359225256665
0.03386614457222495,0.19723840378307816
0.046844113953120714,0.024040665935812434
0.017840515396964407,0.907888527213155
0.01962981556184895,0.8356749820592659
0.03576427886103317,0.15121865117541644
0.028923962903115774,0.36814859053579346
0.02443032909114351,0.5893688010316432
0.018643859531924933,0.8777837324216546
0.023307129908063384,0.6490184887532179
0.028131392088616036,0.40321455202349515
0.022168515801546107,0.7095198068139953
0.020711846065523343,0.7842810262250144
0.02538092939821801,0.5398929329628249
0.05019653575133182,0.012507478990017069
0.04158909404213024,0.06114802848194258
0.03773968183896259,0.11294471167575978
0.02081160287871789,0.779328374739672
0.01992343947404518,0.8221974436318675
0.038392662062210425,0.10220644489161156
0.017835334053063562,0.9080690682707814
0.022241676939192656,0.7056620874230533
0.035047672659393514,0.16745717645226513
0.023601860010580844,0.6333037868655735
0.018060212124840935,0.900068026816353
0.02130342248623085,0.754494706853258
0.020945728912484807,0.7726219318404721
0.02855501765432089,0.3841957177836006
0.046284456868577684,0.02669398303781645
0.02887106821582608,0.3704197912357463
0.02549678366032887,0.5339608856922946
0.027717578736337734,0.42240843667069833
0.0374894445542312,0.11729956423394057
0.03845034533325298,0.10130008697850566
0.02233310829226054,0.7008323713429172
0.016651037472784513,0.944385970382618
0.01803600694900731,0.9009453437790828
0.026666969390648887,0.4738825604690469
0.02341331317563289,0.6433550334048608
0.020249699154844036,0.8067905159297156
0.04291530651418263,0.04882010692653153
0.042231974156137,0.05487370679604306
0.02063320849886008,0.7881629274857926
0.025002582924922134,0.5594255736154161
0.013526692896116965,0.9930875757418708
0.029538383126041123,0.34248385417514476
0.02921386770687351,0.35587487295150505
0.03514400042137211,0.1651965792770959
0.022647782693671403,0.6841492748316507
0.030601585068298465,0.30115055539552615
0.024108807612417515,0.6063577628961713
0.018976727308192443,0.8641545669592392
0.029678733230838694,0.33680557686279683
0.020114102349843788,0.8132460372289485
0.0261109068319178,0.5029510049933501
0.045010658256408376,0.03371814612591906
0.025679321874007233,0.524665005140502
0.04656153535865168,0.025349625237837882
0.029301480411281666,0.3522234377229134
0.02819866162539797,0.400151950439341
0.03310908736885787,0.2184057456684239
0.020164426502887967,0.8108586260551695
0.027013752590860474,0.4564565042908036
0.037126991987801394,0.12385162400830098
0.04163686022617569,0.06066158297899904
0.02207319868774482,0.7145357304178914
0.030202031080645564,0.31623155641198775
0.029752125393963658,0.3338633818356066
0.02183861177467017,0.7268255429703538
0.02206608880888916,0.7149093947272143
0.019914181628609473,0.8226282044589148
0.0174364504603971,0.9214149934593023
0.01984693324671183,0.8257461067441376
0.03785403524871045,0.11099955033493514
0.019474076986593203,0.8426617580421727
0.03321734471512339,0.21527533458481046
0.020605801332117646,0.7895111213778447
0.03675316706738052,0.13092066314035786
0.021302812189279458,0.7545259110856113
0.0219317497244067,0.7219561388510355
0.04003392149882479,0.07891279753315027
0.025993485980436715,0.5088201710479767
0.030188119646434863,0.31676638134004015
0.012547674163803424,0.9975026329035837
0.03622867690190351,0.14139062070402886
0.02092886024058617,0.7734682761129167
0.020281895193361488,0.8052472534103301
0.029321329319151268,0.3513999134498211
0.02348878832102652,0.6393304693243609
0.027666266240720216,0.42483097143632115
0.06073807100750794,0.0011944949403085781
0.041527438843950826,0.06178085435507352
0.04319602501508191,0.04650591851680348
0.03209058246370955,0.24960502919210162
0.02949808092854944,0.34412700400728913
0.023803834668429946,0.622550552800039
0.03131660417131099,0.2754950968873112
0.04455630656750159,0.03659032802441754
0.01763478684806108,0.9149165227248923
0.026589779798207203,0.4778197237194831
0.043954523531454126,0.04072261647908398
0.02147322005077318,0.7457798890520047
0.017121098640132615,0.9311745108080465
0.029808514116077878,0.33161544548804484
0.023316523046303633,0.6485174492646701
0.04126510959968055,0.06453643451645757
0.029987938370654055,0.324535416041147
0.026758129163579836,0.4692601739548162
0.02541760999127729,0.5380121702144971
0.03759377904340888,0.11546731709217273
0.024455742983507722,0.5880303805780418
0.027803912458216506,0.4183536830859689
0.02355993739586379,0.6355378058034402
0.04109693332890518,0.06635768973352985
0.02227848532008858,0.7037188504252343
0.028439703978515363,0.38930978781505926
0.037341976585059444,0.11993006532094888
0.02089417275573277,0.7752060541463148
0.03454877952061297,0.17956278818662497
0.023546449001147995,0.6362567082458715
0.022519725858944906,0.6909485377903397
0.015740156432042296,0.9653676491390105
0.021997600808496498,0.7185052101392668
0.036030938182644356,0.14551012612129421
0.024793852249401727,0.5702969978974786
0.027979135861238735,0.41020576978674345
0.014482611778325327,0.9847322136061751
0.030295270205460023,0.31266395880478687
0.018978126603952705,0.864095945847338
0.019499000745025086,0.84155147158322
0.04515953839401121,0.03282102447255409
0.029595199998915245,0.3401769494854928
0.030391184527480963,0.30902476832897824
0.020552340084482756,0.7921337284961163
0.02272658253405968,0.6799597266850081
0.0237209925426905,0.6269588887958453
0.03760279857303417,0.11531003689365656
0.026693780900172825,0.47251996969200405
0.01677766880321907,0.9409860153319203
0.0255648739904345,0.5304859616541666
0.02267500773356923,0.682702244097672
0.026599760351178503,0.47730945685642207
0.026775454712807623,0.4683850076698059
0.01970200193241467,0.8323976902533767
0.022339348017375804,0.7005024396448791
0.021322463943010073,0.7535206837789845
0.030869939080488962,0.2913229647873725
0.03299603877331947,0.22171219206307083
0.035287779657189655,0.16186785238171958
0.02943830560302252,0.3465744654028887
0.01945131534061506,0.8436730720319701
0.01747352512670594,0.9202211739313181
0.03352237857842033,0.2066419167622333
0.02492949140607703,0.5632252353765885
0.018332141413844427,0.8899511648758219
0.02803364415453269,0.4076934139457444
0.017662483148477293,0.9139872801592861
0.02619591990177994,0.49823916132883866
0.03746784839600836,0.11768179598957722
0.020699399905314997,0.7848967516315162
0.022780162752320532,0.6771089390652374
0.04155667781330763,0.06148005147693843
0.019721101107945227,0.8315265601772357
0.022954912275531703,0.6678017743603843
0.02511268771996239,0.5537171873262263
0.03278586651828119,0.22796191360607526
0.021007937345584038,0.7694938039854284
0.028883594261460088,0.36988105729178344
0.014695948243619306,0.9821740851938442
0.02960226540752431,0.3398908578630089
0.01924536112756725,0.8527058193528393
0.029850021944534677,0.3299677286814289
0.025686246179300376,0.5243136380849159
0.01597459095855036,0.9605479299060038
0.032875812839447516,0.22527085132058638
0.02729011314288876,0.44287652578235204
0.024879370458610994,0.5658353208481668
0.015874151326817354,0.9626615978206844
0.03176255444994608,0.26034288949241713
0.01583941954743784,0.9633754626740085
0.023969520236480468,0.613745451307207
0.014886781403555593,0.9796462428838292
0.017591601842000093,0.9163548377987463
0.026771844628625252,0.4685672757424586
0.016634250961726438,0.9448278207186099
0.024915212913041662,0.5639684268567553
0.03967906454784942,0.08352793542066157
0.03620529689303592,0.14187271193440418
0.021578047224708796,0.7403684589072961
0.01847592612188237,0.8844126527914601
0.01895696601651159,0.8649812726303518
0.04432382108840949,0.038141121919496306
0.025580390734514624,0.5296952952485617
0.021427329837491182,0.7481415464556593
0.02276950730926426,0.6776759964779172
0.035836156828409405,0.14966242717188719
0.02438362024911045,0.5918305390197752
0.030771674846339858,0.2948936589559402
0.03549995699837766,0.15705397041516472
0.026271938833941078,0.494255075092142
0.03071093925378554,0.2971167559755287
0.022833839781801535,0.6742515069928595
0.021252409180742893,0.7570999239110344
0.038400499577150304,0.10208290208609848
0.018634320676418417,0.8781648036449758
0.025361184516413587,0.5409063219249952
0.024486377220760414,0.586417982965652
0.024806135396598705,0.5696555319985599
0.025219912258968635,0.5481767088952464
0.017361747035363195,0.9237909963359777
0.02849855091039394,0.3866940961028368
0.025928602599008088,0.512075923257986
0.020106185619748973,0.8136206907908496
0.0220071591961849,0.7180037686997359
0.020612389217524285,0.7891872819467943
0.03521581619514713,0.1635271482866711
0.03705725691294892,0.12514603478531441
0.02218139838426536,0.7088409892379244
0.03256005642727311,0.2348268024376089
0.020894660747977634,0.7751816309360694
0.02431148700490149,0.5956367069105508
0.022597818020754612,0.6868036243598248
0.02165785482921878,0.7362337853379132
0.024277900688290943,0.5974106903164886
0.02051830274672317,0.7937984180315649
0.05123307897027796,0.010126621531297739
0.02006477747790747,0.8155761726066786
0.01842523148698727,0.8863800160631136
0.03451204756687465,0.18048081701698246
0.029312666086434125,0.3517591791338341
0.03329911353466719,0.2129340288933872
0.02277048071622334,0.677624196548753
0.03749838743130679,0.11714158332410399
0.02958898675100087,0.3404286782859996
0.02699979092026583,0.4571497968296376
0.02160061824508186,0.7392003616855385
0.026453307395918835,0.48483260653952803
0.02453486358033856,0.5838681399144705
0.03248773576328773,0.2370586126564127
0.022050557301586504,0.7157254214989006
0.021168563672085194,0.7613680069105648
0.030293725188188514,0.31272283511239324
0.02960793147356877,0.33966155304361123
0.04797593466923156,0.019378905223870764
0.024265077426996795,0.5980882851168167
0.02054385279858678,0.7925491936487215
0.02224269877817231,0.7056081619517013
0.026698469687396087,0.47228194350563923
0.03890019982882498,0.09445874326842797
0.02181723671748048,0.7279410719378697
0.028739367161257134,0.37611755024930077
0.02032678798564158,0.8030888601435767
0.02720608320852491,0.4469767912484649
0.026209443215860856,0.49752891677597333
0.018571072681272227,0.8806777733849389
0.019107503739365372,0.8586295083720956
0.024716371702352746,0.5743479882062668
0.0168073225099602,0.9401728146974797
0.022602858520700098,0.6865359302188462
0.02040700963125447,0.7992133169859578
0.04303327397061696,0.04783573985703613
0.012791268269293554,0.9967076082740891
0.017839032852233427,0.9079402041844671
0.038311452204520535,0.1034938911775563
0.02233381566590842,0.7007949702888253
0.02829041224138884,0.3960006916344056
0.03167228790352028,0.26335803640053657
0.014999752566099533,0.9780395459810078
0.029212309513102386,0.35594005624335734
0.02283362577512904,0.6742629021182014
0.021309473115122324,0.7541852930457705
0.020620810507156695,0.7887731085138261
0.0193638939460814,0.8475333966947096
0.042132056118846795,0.055810922653338944
0.03575604119180181,0.1513978345385944
0.028347180320799636,0.3934471730666093
0.03948648117041176,0.08612641054966409
0.024366121554138198,0.5927533820315225
0.014346209182059089,0.9862253824476563
0.027236858564752386,0.44547217286989804
0.019029233260854594,0.8619475161140198
0.03550933885699026,0.15684379855013791
0.02542180943198008,0.5377970013156356
0.032046467196957196,0.25102923255803666
0.03684754141910518,0.12910566881011123
0.018338786860899514,0.8896980255625679
0.0320935193126215,0.2495104352198616
0.03379879731962521,0.19905373621301253
0.025112966277214932,0.5537027696615027
0.036588565965498865,0.134136067002135
0.037790177489834625,0.1120823326665419
0.017218846348349692,0.9282255051802251
0.03975658812337868,0.08250073491890914
0.027604350342312067,0.42776660873827854
0.03782836116691923,0.11143383993831878
0.020720860480880177,0.7838347652972009
0.041584745376488486,0.06119248027743761
0.01517083602979874,0.9754459602330423
0.02698903169416486,0.45768454074953596
0.02416120010244982,0.603582876016
0.034456596314482835,0.1818737273081352
0.02784142124002964,0.4166003209113559
0.019927683223829762,0.8219998623064865
0.021197593133434944,0.7598922750901618
0.025064327986958068,0.5562220710859516
0.021687591780537252,0.7346900514310257
0.03202544173210409,0.2517101783464033
0.035312091771402154,0.16131033356504704
0.05672299548229831,0.0030798474703699575
0.024194386930076806,0.6018264024625389
0.03040310667368984,0.30857459272426147
0.0281059769355958,0.40437582026040936
0.029119288379687747,0.35984674304564607
0.01958022648774671,0.8379122321103984
0.02441108671115605,0.5903826669705231
0.021473808235096925,0.7457495896945643
0.021060189657361505,0.7668580196564447
0.019919658076354152,0.8223734337166578
0.029498390679275177,0.3441143537655076
0.01818978085329681,0.895306819335053
0.023516334425127627,0.637861939061843
0.027548963232082335,0.43040428304072564
0.03571468330947691,0.15230002730655023
0.02615712136470677,0.5006492334699069
0.06148227468377765,0.0009950619191233356
0.03756123085976876,0.11603635529398926
0.01592751616171284,0.9615477108857784
0.032296200444396184,0.24304779470551408
0.01992110931310488,0.8223058989301383
0.0187990526953859,0.8715086485353215
0.0312131525990198,0.27910253008938013
0.03933215706977533,0.08825741895491496
0.03902968172483379,0.09256272874898286
0.027436153374405192,0.4358104274415594
0.03628984548587605,0.14013562003041502
0.01757235141118385,0.91699181866966
0.028265337211160535,0.3971322455209654
0.021536055989115788,0.7425388706170264
0.021184685823184612,0.7605486898617698
0.030430329835965664,0.3075484574030141
0.033562324952983946,0.20553158014269607
0.030909098012225744,0.2899089738367538
0.03250315202507842,0.23658151152562426
0.054001306307208785,0.005641235254813505
0.02797731766012207,0.4102897551544307
0.024550130361779665,0.5830658424453545
0.025189738249821347,0.5497339495118355
0.025127341974993833,0.5529588756359218
0.016808560169693898,0.9401387338531167
0.01978313347176286,0.8286857832681925
0.02712870023922187,0.4507750139883341
0.024782279137859742,0.5709015724239827
0.024430409392502073,0.5893645708550537
0.028144458039888687,0.40261843639012096
0.02290461826496898,0.6704817086969379
0.03668214385012969,0.13230026563779498
0.023476955837291258,0.6399613355350579
0.03244536222684008,0.23837377893115805
0.016965568880325854,0.9357243507707911
0.03551038736279033,0.1568203240272395
0.025770167924737852,0.5200626234648048
0.021924426511823192,0.7223395059215898
0.029018690525103585,0.3641057125782156
0.016625067902822477,0.9450686568499063
0.02923022036424361,0.3551913101458047
0.028202192505520918,0.3999916428643556
0.04194611295598405,0.05759172579774441
0.027647985090211158,0.4256963186013179
0.028929827788637286,0.36789736852366745
0.04586409012824444,0.02885396156130386
0.024615719858010032,0.579622164448651
0.02357599131896182,0.6346822389952335
0.02197491871928159,0.7196945976684679
0.02301373734586243,0.6646662296731729
0.022140963270319558,0.710970926880321
0.01697327478283628,0.9355030615268113
0.025761058480983423,0.5205233810863987
0.01622419917046769,0.9549760677641079
0.02120613396431792,0.7594576921173961
0.02455843705594482,0.5826294259836408
0.0320111982607173,0.25217227318427643
0.02971159318434191,0.3354859671238569
0.02809799070093366,0.40474120102414035
0.016778134120969235,0.9409733046363419
0.02172772478847429,0.7326040318081043
0.022352653594389205,0.6997987597836475
0.021715156614141695,0.7332576123681256
0.03731374044068497,0.12043922701478173
0.02858188074052745,0.3830111134380075
0.02815785622325362,0.402007793003079
0.024475219641295315,0.5870051274621217
0.04378809338594436,0.041934937986773134
0.026516366860640517,0.4815839420947968
0.027356501545618972,0.4396549105130697
0.032987488513659846,0.22196383472086365
0.023531067612487966,0.6370765680700988
0.027953324151587106,0.4113991523924388
0.028467888807381936,0.3880554691379354
0.026862766990685544,0.4639908902094435
0.030989196064849955,0.2870325616873639
0.03323644931465253,0.21472652851804436
0.024535240915424972,0.5838483069612077
0.034883536791926406,0.17136589583786593
0.04221493975035817,0.05503252243109506
0.03875519005201322,0.0966205680751691
0.0322889111856276,0.2432779839240532
0.016606705763096974,0.9455483621032453
0.028278728573229994,0.3965276597429859
0.023478798157940794,0.639863107407716
0.03307887709824553,0.21928557628905412
0.026988713126977926,0.4577003801440655
0.02840521087596959,0.3908486725954631
0.02276752999865564,0.6777812176702315
0.015634325647184144,0.9674137080941265
0.019012360040415455,0.8626584245881943
0.03539563783769367,0.1594061971853115
0.035202963387044095,0.16382492915719138
0.01563514969537655,0.9673980855872447
0.0412597856560008,0.06459342860314118
0.039660944174481794,0.08376958076948621
0.02361081857885161,0.6328264693762347
0.03141027907803917,0.2722587586283273
0.03334219503817881,0.21170844573058956
0.019764938063488835,0.829520842897898
0.014894261733696623,0.9795424213166387
0.02718698395292979,0.4479122613220438
0.017291229786343565,0.9259975139734421
0.015497498179829289,0.9699409181730101
0.02131800538642792,0.7537488276956965
0.018570060512281827,0.8807177937426046
0.02683776729504772,0.46524625801695535
0.021498220733131457,0.7444913704641088
0.021314970023549512,0.7539041202421782
0.028313769890734808,0.3949486438306984
0.01971122257606034,0.8319773369458761
0.021959950697079678,0.7204790625639182
0.022372837253055333,0.6987309817526078
0.021939311611538448,0.7215601905624499
0.03470448189229952,0.17571239416765722
0.015130639880628016,0.9760729138641935
0.022506173721267397,0.6916673540866617
0.02043736944441052,0.7977405281435666
0.016891568731056128,0.9378273550280635
0.046467416884570234,0.025799400838283033
0.026881274036482994,0.4630629891595951
0.03167581031109967,0.2632398873756112
0.029167911422840254,0.35780090726301494
0.01705910264158672,0.9330091624097402
0.025064802980304002,0.556197450012161
0.02175720878612114,0.7310696672618813
0.023018080715515754,0.6644346773028378
0.05137383043648103,0.009837111518970671
0.016139212988716345,0.9569244409969315
0.026239926025011462,0.49593033897099315
0.031324850854318034,0.27520903593113744
0.029476125885868898,0.3450244975606947
0.01799857828837348,0.9022943522073452
0.01823552521233307,0.8935999724074913
0.03040911422373538,0.30834793202234917
0.025476700802066876,0.5349874356490223
0.015102961210478605,0.9764983144474564
0.016037703666188535,0.9591821846527384
0.031885514270781234,0.2562777059999431
0.019437820167413078,0.8442714668465698
0.035562426198376795,0.15565879244162042
0.038049277698199435,0.10774252233251251
0.028523309200878533,0.3855972744669097
0.034928991909259244,0.1702762257305842
0.05650749113817566,0.0032345386606478133
0.024307477899107977,0.5958484043920116
0.01963964150504499,0.8352303040604513
0.019999682019240017,0.8186360789237235
0.019959479712214456,0.8205170326438902
0.020878880174989234,0.775971068711583
0.02058949791748227,0.7903119233415047
0.014340573421200209,0.9862847525620443
0.0300624291142135,0.3216284453570594
0.03521500182438231,0.16354600321259738
0.02930075638739993,0.3522535031740336
0.015198789544475955,0.9750035277164916
0.02561428764620699,0.5279696438109893
0.025369373799759176,0.5404859305397982
0.0372247528611965,0.12205550850328369
0.037247763042097204,0.12163587693216064
0.02930043379202607,0.3522668996954432
0.016266478794335848,0.9539869954468136
0.040292324147984004,0.07568933846849844
0.030635129548226447,0.2999089224332431
0.034652124509665094,0.17699976512573282
0.024388142300914573,0.5915921079060212
0.018443192545075926,0.8856847924009362
0.028934349985627383,0.3677037429775454
0.027773097926034496,0.4197978709971925
0.039971090130606735,0.07971389652061113
0.025663412776548045,0.5254726508298693
0.013025538848593088,0.9957697798174888
0.038271328485383393,0.10413494287466674
0.03115717832042081,0.28106902726179456
0.02622564962833629,0.49667861050637624
0.02719942381982232,0.44730281622175055
0.03448807931595521,0.1810818484651435
0.02053189258616206,0.7931342459196389
0.01886306975593327,0.8688795272536635
0.0399891059644048,0.07948349548994889
0.028283569900080185,0.39630924278099033
0.036202100372906,0.14193872700911747
0.040600077340224416,0.0719964556863532
0.028753515387768602,0.3755025300472696
0.056814068572668575,0.003016549867078645
0.017801178378809346,0.9092546586330756
0.019514512506412562,0.8408589382222749
0.03650117471033831,0.1358691913927694
0.027156477118168904,0.4494091693142663
0.025827205859175417,0.517181429106574
0.020062088214220952,0.8157029307776446
0.022717580251548075,0.6804385433490929
0.0173961455011874,0.9227018308416175
0.02275857447521218,0.6782577533186818
0.02385428412144408,0.6198677318563091
0.039960609148599224,0.07984819516109923
0.04113160916505482,0.06597862270628241
0.027503840031081306,0.4325612552699514
0.04035453199061939,0.07493020041312361
0.026249333789934215,0.49543764333772067
0.02240938746927079,0.6967963379112965
0.015529682190379757,0.9693583830923005
0.021053790912705095,0.7671811938255608
0.04082722993343396,0.0693699191200495
0.030104406762547498,0.31999863900254844
0.022583474915425658,0.68756526558416
0.021325256719803343,0.7533777539463316
0.0413024419023888,0.06413798879528931
0.029148120814944334,0.35863260801486513
0.03433121595036659,0.1850545845732767
0.03179792835892145,0.25916843539338685
0.02280942835659834,0.675551194021655
0.020506054020878656,0.794396500371668
0.019636805636189636,0.8353586890915132
0.023349144403927435,0.6467774404012191
0.03503428266907757,0.16777335525365988
0.03277582607076235,0.2282638377425409
0.026414361753590826,0.4868460542083965
0.01913176289727847,0.8575944112268278
0.02223171436711191,0.7061877785550266
0.01319053976422735,0.9949949628511894
0.04170103719236207,0.06001323466904987
0.02288858261558087,0.6713359789270116
0.01860873613270031,0.8791842129168277
0.0238814811398681,0.6184220500698244
0.02432505682443986,0.5949202822041066
0.02418612403091458,0.6022636411011726
0.05669210171807482,0.0031015960907439786
0.03322579798008707,0.21503236881954677
0.022092078943057147,0.7135431332967789
0.0285702703240735,0.3835227949617053
0.027238044553841767,0.44541425710015087
0.027689370588885875,0.42373902084446
0.02657163406219165,0.4787483534816131
0.027659684163815146,0.42514239993901115
0.01905636643872055,0.8608010656323708
0.04426314157748662,0.03855521469570847
0.023699826575873467,0.6280857379319602
0.01670072478139517,0.9430659584775462
0.02098814768308821,0.7704900981133311
0.03052330138642989,0.3040628923521264
0.01965514722753997,0.8345276678096789
0.03556691490151198,0.1555589273518222
0.026759059521377776,0.4692131515524562
0.02159637322984609,0.7394201271242934
0.029572123096575975,0.3411125802525726
0.023938731110519473,0.6153803780780704
0.01998153484067211,0.8194859758076254
0.01322013642461628,0.9948452614532414
0.024391961070585777,0.5913907750225775
0.026434050884398846,0.48582747316308256
0.016600900216188874,0.9456995134331412
0.031381911145397345,0.2732358109798576
0.027657974385724815,0.4252233227292048
0.03186521976418377,0.2569453355121165
0.036774711417619566,0.13050450068411865
0.020179730617570973,0.8101305988736343
0.032107318650011485,0.24906633218485968
0.01891631720410414,0.8666749560756928
0.03479883063289124,0.1734113194852208
0.03725206907148676,0.12155748058756898
0.01725997208669766,0.926964238782165
0.03957928866775634,0.08486581974071605
0.022464086008215034,0.6938987288015879
0.022616340286021608,0.6858198421108328
0.02258086664418313,0.6877037524829546
0.020892488962331646,0.7752903198877037
0.036550302603413354,0.13489266814310952
0.01600273562506993,0.9599424771651047
0.017512361557216027,0.918960264583043
0.03368407767476367,0.20217607843653224
0.032269452214863215,0.2438932975324115
0.02723642157488404,0.44549351379655827
0.028378081662729704,0.3920619832202718
0.02704454280882529,0.45493001837383856
0.019036346717224706,0.8616473420505754
0.023801727674170103,0.6226626300988425
0.02097697075887095,0.7710523077360889
0.020928185614547234,0.7735021068296669
0.02191492122873201,0.722836979409204
0.024764308960393833,0.5718406876899178
0.01592816749851289,0.9615339877223452
0.025968739431173393,0.5100608689053493
0.019449710668307252,0.8437442724988564
0.016660568592681224,0.9441341712898161
0.032408878026019605,0.23951061964149914
0.01996242387703029,0.8203795143864192
0.020093618589451023,0.8142148978294054
0.02366528015279562,0.6299253664114066
0.024289153623192616,0.5968162033375929
0.022554896942991898,0.6890823402093066
0.039249383293599394,0.08941853971719518
0.018378981418258222,0.8881610295573776
0.035581036619509177,0.15524508198324394
0.037134153529221,0.12371931661538522
0.03260319516176391,0.23350323282679575
0.029963308363434304,0.3255007693681241
0.02851705156519435,0.38587429043962773
0.013689423395209219,0.9919898331502534
0.027525535645166133,0.431523258027329
0.01746628682085649,0.9204550103890493
0.03399253743030517,0.19386657217189462
0.022926699154191266,0.6693052305017324
0.027293159888096274,0.44272833255554234
0.025896184069442774,0.5137059433220776
0.028747128194344718,0.3757800925657121
0.018781268708448873,0.8722348457520729
0.023473221641738373,0.6401604362282548
0.0317918128470962,0.2593711908078969
0.03547577710084798,0.1575966901566158
0.026882071907913918,0.46302301318315114
0.023439708069358328,0.6419474517450734
0.028215428737115245,0.3993910908785498
0.027748775928821634,0.4209401623041881
0.018398041424044734,0.8874286701234788
0.01921218000360314,0.8541407567369778
0.028082520492252447,0.4054496284103275
0.023062080215532577,0.6620887338367103
0.020407207468945088,0.7992037303734807
0.02673213484981382,0.47057523350135577
0.02072898143571361,0.7834325149379656
0.022491803366587515,0.692429401574128
0.04185088854608443,0.058522450280188015
0.029063404542856386,0.36220829762743584
0.020013642186430425,0.8179813383983852
0.021859840331936137,0.7257169089483122
0.02876879645272651,0.3748390578043688
0.024852202511659316,0.5672516206349387
0.01851053966643379,0.8830603063482408
0.027958477704963958,0.4111606927531688
0.029803235642236636,0.3318254073791851
0.032072635113829656,0.25018369349522307
0.022204270030923456,0.707635320971348
0.026747933081766928,0.4697757094059171
0.019431389784097197,0.844556282495484
0.03897053425725294,0.09342484063310727
0.02475687871754137,0.5722291169678688
0.031493143292621595,0.269419728024831
0.0328975205464177,0.22462507114021163
0.02759400179851207,0.4282586011599629
0.025675751237136057,0.5248462301771963
0.026204365091419102,0.49779554384521485
0.02340845472731079,0.6436141364638396
0.028590810759486385,0.3826178834654395
0.027767682675270633,0.42005201772459844
0.02775371366787549,0.42070808904069124
0.022282617421170825,0.7035006081485735
0.035706628071933366,0.1524762495569218
0.03854774453033227,0.09978487257548119
0.02389865621426035,0.6175093256487629
0.014711185686026237,0.981980685111292
0.026021716351551483,0.5074063969510204
0.04169294882146299,0.0600946189644055
0.020698922526791286,0.7849203582325396
0.028652535923225586,0.37990754012470324
0.022646845907924207,0.6841990569708358
0.032365737543082196,0.24086020989054696
0.024392089822421692,0.5913839872460807
0.03822221623783073,0.10492408905470868
0.022133871829128737,0.7113442586979362
0.045198792910205676,0.032588004843228914
0.025567658096921853,0.5303440621186416
0.029047883104801775,0.3628661474625296
0.0234155115989802,0.643237791811611
0.03888816393794059,0.09463662360243098
0.014189444994560652,0.9878097694152026
0.025132699536540085,0.5526817246005391
0.02878127531985364,0.37429786127568704
0.020592516445264497,0.7901637242937533
0.044350560849328646,0.03795987953926568
0.02865952861265203,0.3796013402311247
0.014460159370616787,0.9849854941738742
0.02476490803634468,0.571809373155057
0.028962147406289607,0.36651512643327394
0.0191359403649648,0.8574158478119561
0.03672638748855006,0.13143946187189512
0.019794894873495616,0.828145216848839
0.02844541219910457,0.38905552593538345
0.020916916591780854,0.7740670244775855
0.027198788853762396,0.44733391064561584
0.0251213433908255,0.5532692419746438
0.033485516114237834,0.20767067735046313
0.02815974726832271,0.40192165699048893
0.023749445009102255,0.6254444432972426
0.015748795661506443,0.9651970812360662
0.025151184319889497,0.5517258469006499
0.04932795423690811,0.014878981115557745
0.017815555053512844,0.908756587441105
0.037787099499141275,0.11213474328759343
0.019164455523481005,0.8561945002308453
0.03971694865038913,0.08302462640948648
0.02549101742017007,0.5342555553934878
0.016708742589877812,0.9428512525376835
0.03139643559577454,0.2727352303529651
0.04857229300610816,0.017262528680543072
0.014603765595767482,0.9833134575159566
0.025396953275459322,0.5390710287843898
0.03211428975893338,0.24884220997969347
0.029351057846861428,0.3501690541688271
0.02400657575391152,0.6117786465083315
0.027427245395813316,0.43623925604821007
0.020518513188459098,0.79378813802486
0.03246458997432855,0.23777630886080509
0.016918422919549814,0.9370688083768455
0.013991581454066537,0.9896172239196895
0.025097243885066345,0.5545167280843775
0.029300053586962527,0.3522826890585299
0.04618941627296402,0.027169418666933835
0.03786410317173011,0.11082962897604226
0.027363895017224305,0.43929710291055796
0.03060930402550227,0.3008645073789925
0.026027862953989844,0.5070988013678831
0.018096579360313947,0.8987426780230047
0.030241588390606533,0.3147143727667664
0.019480947689242245,0.8423559894241457
0.021901101717921312,0.7235599925149101
0.03634556159515556,0.13900037187436864
0.019249769919719176,0.8525147267899946
0.033273006600806565,0.21367939617550266
0.021420001332131067,0.7485182691814851
0.019397830325306065,0.8460393726046749
0.032736110792896955,0.22946112366916355
0.029247537966976767,0.35446842901749626
0.034313308716408364,0.18551244931486652
0.03557625495258518,0.1553512941382579
0.04567731277255971,0.029862157746765414
0.04565669121390692,0.029975350157539497
0.01835346442774971,0.8891379435453568
0.03930098995594222,0.08869312547459927
0.03374450605995982,0.20052665091694633
0.029586083965300103,0.34054633000465534
0.024506269638663425,0.5853715360028133
0.027682818791607944,0.4240484765061291
0.03841250430112608,0.10189391238692139
0.0263229442461069,0.4915934255663583
0.017642205762663843,0.9146681292327736
0.023009772814064466,0.664877581284639
0.021037062778639093,0.7680255383226415
0.036251821757444236,0.1409146879030812
0.037625620325857756,0.11491286600483387
0.025836244928390095,0.5167254379079704
0.02824982591481409,0.39783333624672895
0.034003503498108434,0.19357617394351231
0.027916887127195866,0.4130878240870203
0.04083266482952175,0.06930808844962104
0.022280398361341214,0.703617813018897
0.039303290109271194,0.08866090846030032
0.026188366497985727,0.498636148492884
0.021204054835940567,0.7595635011910706
0.022047743721311575,0.7158732115052994
0.043015126422518035,0.047986042483274774
0.023633206219614067,0.6316337698326258
0.03577010246303258,0.15109208108064642
0.02014539448486874,0.811762702247884
0.054193502668804294,0.005410493652549867
0.026752506918545027,0.469544400704952
0.02832732884183098,0.39433882498607337
0.019251694250960294,0.8524312878599911
0.01482296486552137,0.9805173337733265
0.021474551181743018,0.7457113169510861
0.03262854308526464,0.23272818879749224
0.015456306880559156,0.9706758647224651
0.02732459246243768,0.441201391552934
0.026118870825635576,0.5025540143076614
0.023006832825439028,0.6650343111988937
0.046804129204061296,0.024222166015767144
0.024918713200901443,0.5637862103015163
0.026350809868009417,0.4901431985745731
0.046117049426753765,0.027536431613768925
0.04505878036886196,0.033425846699202094
0.03592842265357532,0.1476837581020211
0.027082883463265678,0.45303393542298875
0.024397935753576447,0.5910758091395366
0.020781108805349557,0.7808455971823349
0.02090241996085629,0.7747932015607322
0.011955911472387282,0.9988162607553435
0.03519530567941198,0.16400255323265378
0.022346571436787976,0.700120443830299
0.028520309509613817,0.38573004893797525
0.046678397250497106,0.024800833526018102
0.01367455981715339,0.9920951312917138
0.04239244329169006,0.053396881518269844
0.015784654349863425,0.9644833696911503
0.02529873638946012,0.5441159089605809
0.03590861944770074,0.14810665296263786
0.021565018641876987,0.7410422524200438
0.03399367823842492,0.19383634588933915
0.020745788861796566,0.782599342471633
0.04629883197943918,0.026622716285176644
0.018157364786101138,0.8965082095808444
0.02186855334589044,0.7252616693737328
0.03679048734197776,0.13020044997476468
0.019121774928486907,0.8580209628638097
0.026401162105401443,0.4875296856473411
0.03645847113445766,0.13672268470793564
0.02070791637053826,0.7844754859547927
0.03650800047446534,0.13573317134903656
0.01782885532262496,0.9082945607834709
0.02610000533040857,0.5034946497786326
0.02049625128062285,0.7948747751433094
0.02541390907377372,0.5382018222606786
0.020256440503831574,0.8064677075676145
0.033804446554786316,0.1989009611433971
0.02044345910802875,0.7974447148945735
0.02556931073147639,0.5302598380322645
0.019402140535320078,0.845849205818876
0.028594967067688548,0.38243495808930056
0.010756507134018656,0.9998275486556866
0.031061475838538577,0.2844551446701558
0.03900174174782722,0.09296913815789254
0.01690169964280719,0.9375418073846684
0.028252168661170085,0.3977273923765799
0.018408035698423086,0.8870437484105884
0.030784353555190935,0.29443113588306763
0.026947903831672726,0.45973244341397723
0.016432203243790022,0.9499831502472348
0.021834175699297242,0.7270571172050135
0.034829688247877466,0.17266395480640098
0.024565749026638717,0.5822453381146624
0.028857946005141133,0.3709847573542205
0.03840314602696643,0.10204121414050021
0.03940891742738584,0.08719199121755149
0.02825576035510169,0.3975650063139372
0.038096417150978,0.10696812541328993
0.02203070377104943,0.7167680386587086
0.03804326873946978,0.10784156925268581
0.034059421395625955,0.19210069427242152
0.03206093525056586,0.2505614724067284
0.02774396359975073,0.4211664249366845
0.020872159381973454,0.7763070600145469
0.03831699803451297,0.1034055446371417
0.030554237524529126,0.3029095328271768
0.018054412541951947,0.9002785832497978
0.042208012845529996,0.055097216592092824
0.024626819459543037,0.5790399156701742
0.023069413378035586,0.6616977064331623
0.022774969115297528,0.6773853395556069
0.02176814779199243,0.730500002963671
0.02095453018659199,0.7721800264925961
0.019025629361569485,0.8620994879765635
0.01985887432228528,0.8251939077701255
0.02802498997440339,0.40809159015085766
0.023760463206312976,0.6248580804520356
0.018479349452450056,0.8842792302853978
0.024140710767680984,0.6046677871837685
0.0373584632521653,0.11963359253675188
0.021449147538345537,0.7470193074410563
0.0332700396742846,0.2137642315655337
0.023371245667167584,0.6455986237710427
0.021289362641946696,0.7552133565406653
0.024976771078930482,0.5607664891565722
0.02962484047033187,0.3389779087903905
0.031843101449981315,0.2576744597940536
0.033885063156373685,0.19673079899644877
0.018740428550947152,0.8738955969567884
0.025826297006990295,0.5172272869066279
0.014677235108301906,0.9824096237845837
0.02037178048009547,0.8009181537342619
0.028796116772146885,0.3736549156066066
0.01833912544959368,0.8896851205678268
0.036706347092352654,0.13182879960508143
0.022404443759795,0.6970580895451542
0.019767260903920586,0.829414321304887
0.0334596367035479,0.20839530288630406
0.02222309655322663,0.7066424180642219
0.030769115888860943,0.2949870755429365
0.019959170610741428,0.8205314682602101
0.025408333825054252,0.5384875699989466
0.03664469596691183,0.13303243964853964
0.03249768263638875,0.23675069348140337
0.031711019839705534,0.2620610785408805
0.03529346642893677,0.16173730678513804
0.043747811460067454,0.042233041771315205
0.027840110669310913,0.41666149952636355
0.03361059455649126,0.20419610975455046
0.019211938498770897,0.8541511796629481
0.034242427553764165,0.18733357135477907
0.019229755251947506,0.8533814204058903
0.02400594216633778,0.6118122673521897
0.026067838033009827,0.5051003016023876
0.018079958920652867,0.899349457860629
0.023325890653358772,0.6480177770033129
0.024118800549948305,0.6058283258123063
0.02228957128056125,0.7031332885524689
0.022237543998820275,0.7058801826329257
0.02055991394426461,0.7917627698979379
0.02310106235280132,0.6600099654819795
0.03728696360635947,0.1209237139964832
0.02242722917776291,0.6958514914521317
0.0383212822243989,0.10333733927465377
0.01945994832279785,0.8432898028538275
0.024649404549019205,0.5778556495171419
0.02417778609437271,0.6027049115059517
0.01583441620841719,0.9634775801169215
0.0371000169305335,0.12435102239932981
0.01670701627656257,0.9428975207788461
0.0188054270583414,0.8712479119935713
0.05054694649285574,0.011651388907277646
0.040484233790323954,0.073368154659443
0.02959771830866642,0.3400749585961072
0.02883122466761673,0.3721370950415538
0.03083031054894836,0.29275910369953373
0.03547482565842258,0.15761807611684736
0.02614064531118976,0.5014693051000321
0.01788438283818017,0.906352736913054
0.022782805711789228,0.6769682778587504
0.02891640939138257,0.3684723227524421
0.0309948892989228,0.28682892038857827
0.030237075383005185,0.314887196149535
0.032444240421504955,0.23840867256984982
0.02193154787247148,0.7219667068238432
0.03778511524639272,0.11216854097205836
0.02110351185685566,0.7646671068131345
0.018335440843099793,0.8898255172246873
0.038408290254023814,0.10196022071518536
0.02597980140210271,0.5095061034402797
0.03766779221569194,0.11418191046762738
0.028305800438679862,0.3953073770698583
0.040414716697528635,0.07420190315204592
0.04015756440926321,0.07735621152124524
0.02436711033455874,0.5927012274247605
0.020329891586012172,0.802939364214804
0.03964610800615831,0.08396786754680709
0.02827957177987439,0.39648961240837016
0.024270770224988247,0.5977874522128085
0.03587425614566869,0.148842797650762
0.02927712361806578,0.35323586890140024
0.021047497653672087,0.7674989322575936
0.02057403221237919,0.7910707550108521
0.03571485567938745,0.15229625821062495
0.016875665265338013,0.9382740933321267
0.021108736102597336,0.7644025667469954
0.020046781140778402,0.8164238641429982
0.04363484742711765,0.04307888230333811
0.051985105204693904,0.008664810369797464
0.04144196128186056,0.06266746033016046
0.021331582025680668,0.7530539675992679
0.04449912318313004,0.036966564313442876
0.01736919950523197,0.9235557391937737
0.024712611543264762,0.5745447872919772
0.015712712919686345,0.9659059228630457
0.0256779348163787,0.5247354012713894
0.04366873869481813,0.0428235812509141
0.038157804619792624,0.10596658836496918
0.02444607277756561,0.5885395775659872
0.022288632928567587,0.7031828576640449
0.016620433599765172,0.9451899608999077
0.01666738952599678,0.943953561115999
0.029899534897484786,0.3280099811746781
0.01825847339142664,0.8927386743224404
0.032400465168654136,0.23977334962150523
0.031097321519264365,0.2831833276992798
0.03841274878564438,0.10189006650702667
0.015511874864494901,0.9696815995774473
0.02857009711089159,0.3835304322287122
0.017399398928978904,0.9225983830162555
0.024763064859398998,0.5719057201269423
0.026023518071447094,0.5073162247632899
0.027806202033559102,0.41824651236679145
0.031183856613964944,0.2801304774220031
0.030319753445223863,0.3117320511821273
0.03814252674076879,0.10621511707177501
0.018333684005883893,0.889892428968119
0.026573636976178372,0.4786457943885674
0.03174572340906395,0.2609031073456062
0.02155191560995462,0.7417195509079979
0.019612709483806556,0.8364480462501434
0.0224921916426144,0.6924088139303626
0.04174654648346021,0.05955708441842889
0.026517445960963726,0.4815284727226685
0.03436971426006019,0.1840732548795223
0.03338409969051492,0.21052160829069053
0.04884796993748508,0.016356022511093523
0.020958181137037846,0.7719966503322653
0.022807450583032685,0.6756564800718402
0.0383017463956436,0.10364865822596023
0.02261046201212491,0.6861320843933426
0.024593589055486587,0.5807835265928206
0.013887264806717203,0.9904875676107566
0.027702591420343425,0.42311503823201635
0.014399233531712574,0.9856578308593732
0.02928406482660284,0.3529471351470812
0.024961904606324414,0.5615392514573687
0.020556809260229736,0.7919148571800342
0.02787763700037077,0.41491215730293285
0.021440839076403262,0.7474467931094194
0.028855458117205246,0.3710919396306916
0.025368898261334927,0.5405103387545234
0.028504036667569066,0.3864508835942154
0.0298643402979748,0.3294007138655287
0.04226469584975934,0.05456974157206426
0.02525073775127895,0.5465874139331558
0.030874498904239517,0.29115805181965804
0.03323677394231306,0.21471721252594506
0.03200472566501078,0.25238247331909935
0.03470417569393791,0.17571990134041332
0.025234866313971427,0.5474055114510825
0.029706056048958263,0.3357080696448314
0.031232032086223493,0.27844157285632715
0.04538172457409889,0.0315211617199986
0.028683470779561404,0.3785542535058426
0.021823293470052074,0.7276250577461084
0.023111980943570753,0.6594276710044433
0.02244136344668446,0.6951027701918926
0.018620791914919055,0.8787043401151848
0.05037223054684892,0.012071395531796661
0.02821025953621037,0.3996255529334961
0.023204866510280586,0.6544734320307832
0.01601676809680047,0.959638449032313
0.017856546527708878,0.9073287835952394
0.02697060912591942,0.4586011195642846
0.029351001315763403,0.3501713918227319
0.04995471006514085,0.013130922642270797
0.03884576541275431,0.09526547021073162
0.03216187383262403,0.24731646652032838
0.05062478321030206,0.011468557844191506
0.025690292629173578,0.5241083483700543
0.021688477723422195,0.7346440341487245
0.03414659525600405,0.18981813698673616
0.04282095474476877,0.04961998254543404
0.023812098386146896,0.6221110042648896
0.02731658125270875,0.4415902275510696
0.030973194716354402,0.28760548861322427
0.023054741314329608,0.6624800560886435
0.024564509113467692,0.5823104645763828
0.03732061387041097,0.12031512018084548
0.03426343020280828,0.18679249443787732
0.028912845843144297,0.36862512068303166
0.03338942517840604,0.21037114938301482
0.04304867618688296,0.047708494749564234
0.024821815752636284,0.5688369551025065
0.02799125929049273,0.40964607158630945
0.021850264079115056,0.7262171082241088
0.038540756389982,0.09989295296156198
0.03174213672141679,0.261022606987881
0.041470495119355966,0.0623702937594672
0.04020305616984554,0.0767900741574054
0.027428716168797662,0.4361684337593616
0.020712384579498075,0.7842543742011423
0.03391535441668425,0.19592018785067264
0.03036032873532124,0.3101921031367901
0.02270474558336799,0.6811211154490193
0.025403047623966613,0.5387585545566123
0.03283831027070927,0.2263898818261095
0.023463833613877827,0.6406610026897929
0.02807363082497072,0.4058570979341441
0.015997587639748345,0.9600536532659386
0.019221300484295267,0.853746909167398
0.025586471932519728,0.5293855478522106
0.022129460858922978,0.7115764434152607
0.02924948325969212,0.3543872928968052
0.015453003695442669,0.9707342859262835
0.04135698885743755,0.06355959242601097
0.017024732449602564,0.9340142817861838
0.02856148905485545,0.3839101097738206
0.03924091079378822,0.08953810864504677
0.03107771615041055,0.28387840767425676
0.01783851116304569,0.9079583851415725
0.02838794859094429,0.39162039896493916
0.01778403994131711,0.9098465765638769
0.017914773961998365,0.9052811672468155
0.01973635191999268,0.830829762317496
0.050079767861965996,0.012805104892735921
0.018085178463233542,0.8991590968730334
0.020433549997755818,0.7979259952597644
0.018655953753859866,0.877299798886034
0.02436667569195794,0.5927241531322748
0.02201411695292632,0.7176386755505151
0.036001152198281816,0.14613899277468909
0.02257701890698882,0.6879080398817734
0.017041448189213604,0.9335265187087943
0.019660225312547838,0.8342973129074208
0.026003965845657784,0.5082951422113173
0.02082425463451043,0.7786980585143419
0.0194989869586899,0.8415520865641505
0.04955955579885152,0.01421005973525815
0.02563003937672087,0.5271684889430752
0.028818101726162337,0.3727039318311319
0.03729081208561669,0.1208539831113901
0.0403435219296886,0.07506408703939459
0.043795615640842556,0.04187947343953001
0.027581189113810967,0.4288682735736174
0.0411318919157026,0.06597553936173431
0.01796766824056739,0.9034014322993278
0.016533740403764763,0.9474300077805925
0.023961096319861125,0.6141927038147932
0.020611028121111596,0.7892542009234959
0.039671296308608495,0.08363145724887368
0.023971975432604653,0.6136151063601927
0.02761814224778608,0.427111505219724
0.022411862727410026,0.6966652731594167
0.050231040002810534,0.012420733522366558
0.027787347563507536,0.419129611148977
0.023979390776494802,0.6132214554903997
0.026689003705776704,0.4727625644555314
0.016780033227606572,0.9409214118528354
0.028142123155784793,0.4027249176783606
0.03760561031633941,0.1152610425839386
0.01905118397924266,0.8610203488450057
0.020895699540367352,0.775129638763125
0.024679918498514142,0.5762566499337236
0.02873338477352283,0.3763778154739644
0.02975096777023367,0.333909645247115
0.02364307654716752,0.631107988484424
0.02295690773956971,0.6676954275205436
0.01564174213444447,0.9672729303605004
0.02350965540394523,0.6382179916450683
0.01858110394581919,0.8802808116616041
0.029756594658964408,0.33368481493698166
0.03438024078543522,0.1838056487963852
0.018648379832716167,0.8776029604356471
0.035137621661256446,0.16534551646443799
0.0210124012114854,0.7692689240512406
0.019430790297292805,0.8445828246385823
0.03823351614541437,0.10474208132183459
0.014066787505098655,0.9889548372126326
0.03736745176423073,0.11947220993467925
0.018900016534707464,0.8673515420916071
0.03787387341929438,0.1106649373638494
0.030732127227715622,0.2963398154190564
0.027942151466450516,0.4119164474029211
0.02100937470635316,0.769421398869185
0.02113215236179472,0.763215958356658
0.027854622503874382,0.4159844153133111
0.023460843690020994,0.6408204283549714
0.030371636552524728,0.3097639324278009
0.018462190764123587,0.884947258242459
0.039128070901190526,0.09114340090098223
0.03513805176281226,0.1653354706825993
0.0185337943631093,0.8821476464900317
0.03098567149346687,0.2871586858608813
0.020910372775334196,0.7743948982700849
0.022813116897533625,0.6753548308282477
0.024276689743257085,0.5974746712153383
0.013564884859308901,0.992840679893142
0.025500386988582757,0.5337767774629028
0.019581834429664546,0.8378398709792005
0.02046003062967272,0.7966390652480602
0.03392997698173539,0.1955298188145942
0.025420867207363695,0.5378452758058239
0.028692953249313757,0.3781401061937009
0.03217215658560191,0.24698769556802377
0.02092105316640419,0.7738597000345804
0.024637298225184012,0.5784903743634464
0.03212739441865836,0.2484213080880718
0.019921689499659057,0.8222788968301242
0.014480530862023944,0.9847558135596145
0.024639271961042875,0.578386880434604
0.015983261150666173,0.9603620309817098
0.02052323149658397,0.7935576101953632
0.025212952989654425,0.5485357335251226
0.03041899019359523,0.30797558356457916
0.026986929328601472,0.4577890786021347
0.0197742173450495,0.8290951654223274
0.02072719437930015,0.7835210500147689
0.024052866131689166,0.6093230852692474
0.029744430961130996,0.33417096974113775
0.0270228782848288,0.4560037271185689
0.017797580022217097,0.9093791021497837
0.02308325862759697,0.6609594050833563
0.026099982097446905,0.503495808655365
0.03734448785262784,0.11988486729617936
0.029401293241465898,0.3480961338021489
0.023801251175007643,0.6226879768396192
0.018961367016365194,0.8647973463346659
0.022635909682621136,0.684780179850172
0.030259423578880784,0.3140320601356276
0.016701300605931668,0.9430505544407161
0.026166679844470297,0.5001737486417113
0.023865571933902707,0.6192676643574928
0.019080435792431794,0.8597807168556194
0.014723010279999893,0.9818296037402626
0.025922299364874987,0.5123926815695818
0.015905688055967926,0.9620058290930357
0.02638480261395093,0.48837783020128905
0.01783619453386376,0.908039097853493
0.02674469764498355,0.46993937740175157
0.03494044540372654,0.17000253023482625
0.03570063438459925,0.1526074783833638
0.02906753829627945,0.36203323781335667
0.02399235487976381,0.6125333360542603
0.023056589556248563,0.6623815058723286
0.020897721215203446,0.7750284436964381
0.017226360794627082,0.927995953360099
0.04410533761512725,0.039650539999883924
0.028494387712615865,0.3868787436333038
0.019014512881774803,0.862567807273648
0.015474344137584195,0.970355503896621
0.022898187901008393,0.6708242866862432
0.02348706898825098,0.6394221360611929
0.03287277679139233,0.22536128434442365
0.023877311350720465,0.6186436700189033
0.028649522675556094,0.3800395391402876
0.028455105367970024,0.3886240263047
0.02124481162449307,0.7574873883708961
0.016297926903225568,0.9532427778291388
0.0434346233670177,0.0446143284407209
0.03315993160537978,0.21693115313985045
0.030543738020724354,0.30330061382077117
0.045954318753559376,0.028377763928318953
0.0309148510236813,0.2897016673298628
0.025885166117845415,0.5142604284854255
0.023095623646810726,0.6603000074103249
0.026763975219191063,0.4689647522220034
0.05325403499923592,0.006626454326739922
0.025932866789157016,0.5118616807260724
0.030908668957030816,0.2899244390008492
0.026076159442252056,0.5046847176695677
0.0181669283872683,0.8961544723243304
0.015867781183827367,0.9627931817580946
0.03991800119256678,0.08039612369243647
0.03339157909370655,0.2103103194247488
0.01718079092027458,0.9293817975737452
0.01726790827701452,0.9267194532124219
0.02767761818887482,0.424294221279348
0.020747361223546812,0.7825213524755255
0.022775174910245777,0.677374387609761
0.025448585024556825,0.5364258337370758
0.03296277486671137,0.22269242235425582
0.026926378942374762,0.46080665069746474
0.03582271275263116,0.1499525171048244
0.023964803205742638,0.6139958874454934
0.018766473143840057,0.8728376201445746
0.019508086172909334,0.8411459879568761
0.025918650446488667,0.5125760896623739
0.022017498734946517,0.7174611987563699
0.04986680426223916,0.013364394337514015
0.026292418284410646,0.49318527217867864
0.0185300732328319,0.8822939077704202
0.02110880838993534,0.7643989058297884
0.034466464720613876,0.18162521708282559
0.024566310735462338,0.5822158349530658
0.03470194542053784,0.1757745894220667
0.017762439919155437,0.9105897407241615
0.02786658381602236,0.4154268957717102
0.02738015782499381,0.4385107498406327
0.01928821520008739,0.8508441083079124
0.022738508275330027,0.6793253438342457
0.023197785831202744,0.6548511217614852
0.034935865088917106,0.17011194045313122
0.026879122146853895,0.463170817213673
0.024162322023526417,0.6035234806205005
0.03205173791709978,0.2508587505902782
0.019727548761166752,0.8312321010112015
0.046002433479120086,0.02812667559728615
0.03000774057950939,0.32376079072163555
0.029644375939060996,0.33818930516443196
0.030703540338205104,0.2973884200212244
0.025630808926311754,0.5271293607900868
0.026656042672770053,0.4744386032012234
0.021210151728105253,0.7592531932185907
0.02551376362271146,0.5330935223797255
0.02134252561982322,0.7524935556751877
0.02918744899273218,0.3569811833129769
0.03334070122676419,0.21175084974853564
0.028785746520548938,0.37410408302581905
0.037706742543237526,0.11351020601531941
0.024129386377842788,0.605267566555896
0.019994840861859764,0.8188629423703568
0.031339041383882105,0.27471731482677564
0.036308508779392235,0.13975450916278973
0.019012322450749533,0.8626600065847267
0.026744624495104174,0.4699430781973141
0.031104230098454533,0.2829386960003599
0.0186683265420432,0.8768038218150422
0.024396237711818508,0.5911653205434917
0.027393846093614727,0.4378496148531685
0.03959161459099958,0.08469957244697415
0.030164229003464382,0.3176863938076739
0.03520064838076631,0.16387861056224512
0.029595758671419503,0.3401543215001552
0.035510629253151293,0.15681490885392055
0.021191688771671546,0.760192599655493
0.021208146514305026,0.7593552610025702
0.022014173777592627,0.7176356935129082
0.04043962555581149,0.07390224136209532
0.032363039071757305,0.24094482042133958
0.019647815331162444,0.8348600497280649
0.013144075588108484,0.9952232786715489
0.029397945996268826,0.3482339820197729
0.03362863446738262,0.2036987438957779
0.03164660135756056,0.2642208255691727
0.021720338937745665,0.7329881515826346
0.04028047233390586,0.07583470562525478
0.020809622134942085,0.7794270122930699
0.028581725342432418,0.38301795882759126
0.02692949260620603,0.4606511599062693
0.028255549975768346,0.39757451662831156
0.016447293123463325,0.9496085266797514
0.02383572095432318,0.6208547239344286
0.03368751916469165,0.20208185707193219
0.032322922788830866,0.24220534397312563
0.018313821856206752,0.8906475577951092
0.037536074173637385,0.11647775022271503
0.02480810759023369,0.5695525569674806
0.017740993067431376,0.91132448786561
0.04382485731011754,0.04166446929043186
0.033621956849324564,0.20388273746941746
0.02645050189096787,0.4849774678020712
0.03457782785360919,0.17883941675794912
0.013345770302780946,0.9941716476919257
0.03215578361956328,0.2475113460960308
0.022392626052391285,0.697683699639942
0.04290248566243793,0.04892813770667609
0.021774730250421814,0.7301571109985241
0.053577393459301126,0.0061823077746257825
0.03505092002482019,0.16738056788768688
0.02100887320534356,0.7694466619579912
0.029364162957060902,0.3496274365014961
0.030304791359752614,0.31230131279267914
0.024322067331342123,0.5950780980855503
0.019338985590653834,0.8486262764763499
0.03584650235293274,0.14943950478978266
0.023573142833154148,0.6348340383147144
0.05010639602148792,0.01273667718583636
0.046541426450794954,0.025445134727937652
0.029273702495859533,0.3533782392789442
0.02827717018375886,0.39659798433501203
0.02294748766738422,0.6681974521851499
0.02570988136407036,0.5231150013958166
0.026306280804089144,0.4924619689216829
0.01893172419789746,0.8660340918686151
0.0446927810774328,0.03570590844251406
0.025691455897010718,0.5240493378974558
0.030591480196595466,0.30152532265235515
0.026306464919128525,0.49245236696280137
0.022038294640936984,0.7163694660310883
0.015840883102025027,0.9633455575052114
0.03965042247822331,0.08391016350651151
0.021995584094097798,0.7186109917815908
0.03152273804170297,0.2684111774238782
0.02228841339021337,0.703194454794474
0.020812317716706663,0.7792927741354081
0.018467992940469413,0.8847215681193831
0.028208345614785135,0.3997123876983721
0.014408291886017666,0.9855592437188817
0.02667687515917505,0.4733788398670283
0.03333099605374307,0.21202650602274958
0.027985312137034174,0.4099205664297199
0.034719434177125585,0.17534611358731564
0.019013255053680345,0.8626207548175546
0.035611046300892096,0.15457982855305868
0.018246538140676727,0.8931870507036445
0.04164655816105686,0.060563226244686776
0.01996823036532036,0.8201081932105339
0.04591788216487375,0.028569223383224922
0.03937111231101764,0.08771536503089934
0.019345078831236595,0.848359219389917
0.02269023572653961,0.6818926571903716
0.02588077955684831,0.5144812547351176
0.017597883295832006,0.9161464322876582
0.026516134572010186,0.4815958830508077
0.02283663615601328,0.6741026076791969
0.019621275945444716,0.8360610793465968
0.027044542408025896,0.4549300382222354
0.02178474992171442,0.7296350237106551
0.021319899857714875,0.7536518934728509
0.025743048189666218,0.5214348331491875
0.03037498961700985,0.30963705175188233
0.02177506560822795,0.7301396395898672
0.030255311470586743,0.3141892793442973
0.020315391136862426,0.8036375222191117
0.021555660143327604,0.7415260306970165
0.027046820218142864,0.45481724571604387
0.015287224898407226,0.9735688198047394
0.021205614421427432,0.7594841332251365
0.03959218208251469,0.0846919249458569
0.04043452308326573,0.07396354205174337
0.02287171890611872,0.6722342522778628
0.021987733976786883,0.7190226931582615
0.022598178061759566,0.6867845036802984
0.02700916210537152,0.4566843765518718
0.017709192298620113,0.9124081605287502
0.023912792869729638,0.6167582087640742
0.01761383124372018,0.9156160823658845
0.025988019938184115,0.5090941059300786
0.023562241588176325,0.6354150028088754
0.026479274618278814,0.48349312714769543
0.01873339977957919,0.8741804414053063
0.02935804624866145,0.3498801579482421
0.028741552998500675,0.3760224863314854
0.03916834221505561,0.09056774376739841
0.02017888294744624,0.8101709472128238
0.043506125003023643,0.044060638107415485
0.02701727824304874,0.45628154155386214
0.03383841867726911,0.19798417205943317
0.03128220255523906,0.27669081829361436
0.027057711644660087,0.45427818051843644
0.021105251351687115,0.7645790320223262
0.025566870992323243,0.5303841775566667
0.018016401896246648,0.9016531041809934
0.016219998738843278,0.9550736127898208
0.02180819590115024,0.7284126659481581
0.0219338720699217,0.721845019498594
0.024706227056445096,0.5748789806984602
0.02907097204315645,0.3618878679979096
0.034420975360219264,0.1827729877396644
0.022386477028415674,0.6980091654160708
0.02068480609927814,0.7856180923802162
0.023124465299751207,0.6587618510302856
0.02111698868234002,0.7639845347214016
0.02311519010322599,0.6592565212021332
0.023221318388939816,0.65359586412935
0.024394317569562576,0.5912665435402962
0.03943454948175196,0.08683863582872028
0.02318714565936575,0.6554186719900358
0.03512442269296734,0.16565403896648936
0.03263837170448686,0.23242819833264783
0.022313013082433275,0.7018946483470716
0.024195079054347646,0.6017897808439225
0.015034125636981976,0.9775340913956164
0.02397798551791841,0.6132960520839037
0.02597909464019943,0.5095415402952022
0.027235253466804388,0.4455505631089361
0.032197772344477626,0.24617012766345173
0.024380022393195144,0.5920202560148694
0.028045621649076535,0.407142772511988
0.02366339565915354,0.6300257317953903
0.040264362647516594,0.07603267638725829
0.03417749642337109,0.1890141684426082
0.030440634549730783,0.30716069012801084
0.029971577960112072,0.3251764174688511
0.025172065733805038,0.5506467023269921
0.029826774284667734,0.33088985011237065
0.019951629949075678,0.8208835058977911
0.03470002004369188,0.17582181206850986
0.020819331998936486,0.7789433641345204
0.04187090925204573,0.05832570300044995
0.023411379745256866,0.6434581436010254
0.05060268652527822,0.011520195733585566
0.043177895420291046,0.046652449873548975
0.022139915647889807,0.7110260834468844
0.02957923480362956,0.34082404641377473
0.030113510810705457,0.3196459627503735
0.03871421051857937,0.0972389294360244
0.04871423121399715,0.016790328840299497
0.015781336074573105,0.9645498035275601
0.03791912851415069,0.10990473553944308
0.04904992663402319,0.01571924247933187
0.019135128005151048,0.8574505789580333
0.022156627141738272,0.710146068878989
0.027835015794440143,0.4168993909790828
0.017182148532856822,0.9293407263833108
0.054101025093457544,0.0055204174428068655
0.016010233488230316,0.9597802069926852
0.019418945876057858,0.8451068683216376
0.027855284401699487,0.41595355078172175
0.027104081816623993,0.45198785361846283
0.026900469226257107,0.46210187716252
0.03098276407067567,0.2872627567866714
0.027762365282500256,0.4203016735165659
0.024266302655567784,0.5980235359544152
0.024070670030603702,0.6083790761065211
0.030267042876057748,0.3137409015055693
0.03230416343060971,0.2427965195672712
0.018884181031161018,0.8680073868128013
0.03281052054129058,0.22722185173370182
0.028208949111622,0.3996850055957723
0.013951627808003852,0.9899571391652139
0.02148205365638861,0.7453247625145987
0.03839732813234342,0.10213287862394306
0.02133155164952305,0.753055522748564
0.03844191033305955,0.10143220429572841
0.018054531196255857,0.9002742776637193
0.019404029921342048,0.8457658167281703
0.02486631751916779,0.5665156562744647
0.029400751370255995,0.3481184468175823
0.01918985738504153,0.8551028678700138
0.025143948432401253,0.5520999604498358
0.015592157742487567,0.9682066893561634
0.01919549091677944,0.8548603082277749
0.028705930263299873,0.3775738484274602
0.03440590168993074,0.18315458384779187
0.026852271002090755,0.46451767814339934
0.018634335294216764,0.8781642200872768
0.02545131181640725,0.5362862685546868
0.03429055685513449,0.1860954745233014
0.030558792526634182,0.30273998538368824
0.02618472849393172,0.49882742467777125
0.019472147132178264,0.8427476012893933
0.04932446524835632,0.01488927077836447
0.025983426650171837,0.5093243510931253
0.03686035838315216,0.12886076856773027
0.027128695201115632,0.45077526197194917
0.0405710494290229,0.07233811244251691
0.023661044351884097,0.6301509610171613
0.032902120820395175,0.22448840159899308
0.02141120167299773,0.7489704599010908
0.022502815505477308,0.6918454529458993
0.027235699236591082,0.4455287915522549
0.02599738886675429,0.5086246137622051
0.02283927519354445,0.6739620828500718
0.013047911568647458,0.9956704981121614
0.040217407286332885,0.07661220621014969
0.031053274504000306,0.28474672687456387
0.03932312457396148,0.08838350509653015
0.022402198513158167,0.6971769595676349
0.0363497734400825,0.13891485767397713
0.024232565706544862,0.5998069351470813
0.016018195257762935,0.9596074475528704
0.017647045739416,0.914505876402173
0.027810399276646414,0.41805009581333424
0.04669191158572361,0.024738053192769522
0.017002347951394325,0.9346642794814126
0.025972567815521597,0.509868843514807
0.020058137552540933,0.8158890911777517
0.03310059231791718,0.2186528751882577
0.020028265246800014,0.8172946392170121
0.029521613354707488,0.3431668857646571
0.017483877739799203,0.9198860885349173
0.02024619592017285,0.806958199090691
0.02857340554501364,0.38338457600552317
0.019574606737155664,0.8381650374233458
0.0261641557340222,0.5002992904259671
0.020418853239246082,0.7986391634580967
0.034883920705711335,0.17135666928916526
0.01696841793080056,0.9356425854131344
0.021620346339375707,0.7381785694101687
0.015465305709826627,0.9705163209351686
0.02059147501075187,0.7902148584957168
0.013825669286897962,0.990975720758682
0.02443173869896087,0.5892945456479126
0.021619562767528272,0.7382191680401207
0.03671132041980618,0.13173209187621532
0.025812798771618184,0.5179085627098027
0.0319486264138773,0.25420988822960133
0.03194771601026036,0.254239626759823
0.03204966603916948,0.2509257552029541
0.030947144158027018,0.28854004121079446
0.025652454329532448,0.5260292565383898
0.021877825793310768,0.7247770652054513
0.025045702050824556,0.5571878155851429
0.025924432384486107,0.5122854810073171
0.02950693819948913,0.3437654037381086
0.021702673752922452,0.7339064718939392
0.027989672564767365,0.40971929566360393
0.021998677242242026,0.7184487461087361
0.028701508975074064,0.3777667066071674
0.030824415475193545,0.29297318797289296
0.02839456334976409,0.3913245553310591
0.029398978020499178,0.34819147643749837
0.020224016590769,0.8080187241982394
0.016162416909624833,0.956397738462633
0.024551982731500832,0.5829685157013997
0.04073423104472662,0.07043522712639007
0.02880784453505003,0.3731474063964798
0.02885511236609206,0.3711068368762273
0.041567439686250596,0.06136965230421002
0.016207410180585136,0.9553651750067599
0.01575952091359123,0.9649845816447062
0.01798661622269615,0.9027235388656649
0.02372113416455779,0.6269513497145758
0.01781170286779138,0.9088901815068259
0.035126829073200694,0.1655977561801915
0.02403021620298723,0.6105243941044449
0.022701150387997693,0.681312297032418
0.022389324890841333,0.6978584335937309
0.038182589579441206,0.10556443214276384
0.03796535094651027,0.1091327502548448
0.03661530595270446,0.13360937879690565
0.03225418570461336,0.24437687086865537
0.031747216288582014,0.26085338042413797
0.03327122075909361,0.2137304568557794
0.03401142964958037,0.19336649022473532
0.031652001112130734,0.26403927599772975
0.02770863023662401,0.42283023201254205
0.03536698064645816,0.1600572944247929
0.047132549135117385,0.022766737020505478
0.012747204122609879,0.996864321589669
0.034886385781134344,0.17129743588554142
0.030580869535669075,0.30191921763453905
0.03003876229598612,0.32254997654823414
0.028723921953163534,0.3767897553158926
0.03981492121116759,0.08173485084948072
0.02917498191857848,0.357504101467189
0.0224898404815137,0.692533478085371
0.020885300400264484,0.7756499792696316
0.0319977378738433,0.25260955375057165
0.0241109801306265,0.6062426534746426
0.040302382839169204,0.07556614992066536
0.020168372928817013,0.810670980113379
0.02962065433004163,0.3391470656826307
0.028997153664941988,0.3650221183697988
0.03708886801073408,0.12455790773970016
0.02845092199398319,0.38881021195136717
0.02066562553355411,0.786565103919415
0.0199458435453429,0.8211534820231723
0.02109487114743247,0.7651044881663259
0.0478065878958327,0.020020666650030296
0.03261797368262764,0.2330511210240964
0.027153316952409273,0.44956442211322944
0.027411393590901945,0.4370030597927177
0.03550655793651214,0.15690607299687917
0.023541445129701744,0.6365234175133794
0.0182146332826591,0.8943811708492919
0.025941475263681818,0.511429287544169
0.03402848321524288,0.1929159489393622
0.035607564169898076,0.1546569024765161
0.026889305780116862,0.4626606760997274
0.025127269373704908,0.5529626316766174
0.04328406674660584,0.04579998646695342
0.016864078896981716,0.9385983969637605
0.03616273655266866,0.14275371893842578
0.02768423246642604,0.42398169261343976
0.03523185637339887,0.1631561283815799
0.021105064146519137,0.7645885110516346
0.05419459209838268,0.0054092107224450285
0.023702872702346056,0.6279235536347789
0.02285533827333719,0.6731066805264141
0.030525546243438395,0.30397909133363743
0.0372709930669578,0.12121343871739604
0.022354493307001566,0.6997014503314316
0.026673841123152853,0.473533087207428
0.016210677456212963,0.9552896139588952
0.03928169163524664,0.08896381396225617
0.02158486789239228,0.7400155818851946
0.026636045216695048,0.47545734267101963
0.04270276908029477,0.05063787701284841
0.023154316869554936,0.6571697120941679
0.017328023154344008,0.9248506487256505
0.029060491375339392,0.36233170295449846
0.024030855417540797,0.6104904860891849
0.023320888766567308,0.6482845791159755
0.018380743526999033,0.8880934174213686
0.02393283204811425,0.6156936956143181
0.03417332149325791,0.18912263232878737
0.03169309283688626,0.26266077326909376
0.030372934531403106,0.3097148121174288
0.028526616200540644,0.38545093456608415
0.020978006272040273,0.7710002352039275
0.02928055520338796,0.35309310410035427
0.02801442589976255,0.40857800110628023
0.033919606026831306,0.19580662240156693
0.01706717119086787,0.9327719644772763
0.026487080227321824,0.48309095573293065
0.022243019411780418,0.7055912409178702
0.021738321631836643,0.7320527445835678
0.030029727484675778,0.3229022761868678
0.022870225556344825,0.6723137923972893
0.019421360412501587,0.8450000962494907
0.022372887907095684,0.6987283014832941
0.02265201973981168,0.6839241047864916
0.02347614506206963,0.6400045643703864
0.028101747146256018,0.4045693104607641
0.026488616093907957,0.48301184821096754
0.044461830246466605,0.03721375085542277
0.017675558392458268,0.9135467517600888
0.01828610045435164,0.8916973234513095
0.025075248911474946,0.5556560789757043
0.01630162025219195,0.9531548970410137
0.029719708949385276,0.3351606231801936
0.04940227791232288,0.01466129826876304
0.02483990678280168,0.5678929561050015
0.021072873514001736,0.7662170842859088
0.013494281319908312,0.9932920673103401
0.04435737343108104,0.03791382423947148
0.01624581755897153,0.9544719793055976
0.04005900150047487,0.07859493335661953
0.028773053198663523,0.37465438517366606
0.0116439405912927,0.9992393275636272
0.021441078143653758,0.7474344947599206
0.0289626156617393,0.3664951270814704
0.024651278400251497,0.5777574214684262
0.01862910036681875,0.8783731224742977
0.016963551196145232,0.9357822208447346
0.022428344270236655,0.695792429414264
0.03339880032463244,0.21010648032029447
0.021950681135595618,0.7209647058309154
0.025957685691308546,0.5106154797041006
0.031078827904660877,0.2838389581299403
0.03225985009033305,0.24419736381398874
0.028851340647223056,0.3712693747887044
0.021515989783643164,0.7435747641713093
0.020738793965443092,0.7829461991799025
0.049287861547712974,0.014997607479710165
0.029487147224619092,0.34457375050887507
0.016569985606742776,0.9465002138012926
0.03729608436637499,0.12075850789917023
0.019511929052264038,0.8409743593073743
0.037279285467071877,0.12106293354811695
0.02799983076721424,0.40925067074393473
0.019832985050038637,0.8263903299934239
0.028467886027198075,0.3880555927267174
0.027409136754286245,0.43711187620328545
0.02865149158071345,0.37995328520304256
0.021080330223519045,0.7658400834821266
0.030708133864246756,0.2972197391758072
0.03530455396401222,0.16148302372127585
0.022877468968715564,0.6719279787161935
0.028732407520237924,0.376420343099109
0.026179550535420315,0.4990997483493866
0.03131645651782722,0.27550022071657604
0.03690493642326331,0.12801194920410638
0.026209825270819387,0.497508860669586
0.02629935212378398,0.49282340064800567
0.02450061456962399,0.585668976770736
0.03110309971988756,0.282978711762807
0.019526311753837455,0.8403313723448795
0.029097752761913065,0.3607555063422623
0.0396871200479586,0.08342069949909132
0.026223241059969316,0.4968049225655873
0.043184938844403,0.04659547435422182
0.029309021537597013,0.3519103973157905
0.029511802420955635,0.34356693644813374
0.023406480240847904,0.6437194376957861
0.021131154812575548,0.7632665379034134
0.029232714110088043,0.355087150291744
0.04945552452958113,0.014507110071410837
0.0183911699583581,0.8876929591884455
0.023629744076619885,0.6318182030928873
0.024232400291631317,0.599815681906859
0.018460644635913903,0.8850073638527045
0.0328302594324566,0.2266306663091675
0.018108885107452344,0.8982922580927297
0.016216567939582538,0.9551531886664704
0.015955058144711237,0.9609647287799721
0.02967415848554511,0.33698958785158484
0.027403793872438964,0.4373695629040839
0.04043763283262547,0.07392617664552244
0.03755708906650718,0.11610893154469089
0.018512894862344698,0.8829680234227885
0.03538072429142369,0.15974477037732948
0.015251216102684206,0.9741594422229621
0.026544041963142362,0.48016265914459527
0.03604980402336863,0.14511294845433492
0.02771450185576596,0.42255343591498334
0.024935941235673664,0.5628896215762861
0.03866290655080473,0.09801773333044153
0.02916236964608271,0.3580336625310421
0.019665686389201298,0.8340494508974109
0.019796437130208455,0.8280742873107948
0.026013279267079692,0.5078287471610418
0.029170760042742327,0.3576813066680055
0.020359051506039505,0.8015330316081446
0.02520301436706554,0.5490486008242917
0.01951342046461868,0.840907731361122
0.02241201719934649,0.6966570936881213
0.03526309272654715,0.1624355445543077
0.025916876532923516,0.5126652631299637
0.025176038091624275,0.5504414927427237
0.027745332990026766,0.42110203152487746
0.03690502639254051,0.12801024071667563
0.01987631184126204,0.82438641421619
0.03560858121656757,0.1546343878425859
0.02800068992489635,0.4092110523521641
0.025596794294811542,0.5288599363657938
0.026022572198673877,0.5073635627856233
0.027176919345209716,0.4484057437557336
0.020045544605434784,0.8164820605772164
0.021193544357072658,0.7600982249997752
0.02938737977425865,0.3486693820085374
0.02772105884579623,0.42224447577943813
0.02297714202550838,0.6666169847510898
0.029742195888861678,0.334260355863977
0.022130072826530123,0.7115442321544987
0.02575000592053267,0.5210826446020635
0.02865174296902484,0.37994227335089764
0.030486044489550612,0.30545617896282656
0.02831101145199838,0.3950727854332929
0.03728386863467881,0.12097981600040207
0.035029199011494594,0.16789352073446434
0.02775255219337691,0.4207626704140223
0.03220192722147647,0.2460377124974383
0.02424205751619138,0.5993050725086405
0.03722279225161895,0.12209131859228099
0.03997258077377969,0.07969481158840883
0.02082236255001528,0.7787923538716164
0.02262082482197425,0.6855816160002618
0.017715367908842955,0.9121982566786847
0.022030127474164163,0.7167982948655149
0.016839186913174348,0.9392918034721986
0.021957998770569365,0.7205813370792251
0.029906631780465875,0.3277300594548234
0.020545989165352024,0.7924446384793209
0.036925244502585414,0.12762677812186254
0.04531109110078935,0.03192939532341237
0.02999713200731846,0.32417561127412897
0.03082852270147607,0.2928240185688507
0.03164712834812644,0.2642031030505383
0.04053184930207471,0.0728016798944556
0.035167717991180236,0.1646437399658991
0.026068408504958063,0.5050718065728506
0.02158476041975299,0.7400211428554506
0.025598597491608976,0.528768138936276
0.043268908987811716,0.0459208572001593
0.021613226458754464,0.7385474226070814
0.027164197973432003,0.4490300086791058
0.040802270233756266,0.06965447899206915
0.046198910935431714,0.027121588034510834
0.02673283241732699,0.47053991191041283
0.022461871015126533,0.6940161189719865
0.03434910235747324,0.1845981437484623
0.03086553755189758,0.2914822183500927
0.038981548160853974,0.09326379890714918
0.02925050409270913,0.3543447203039267
0.026846156650605635,0.4648247352594207
0.02312802774992373,0.6585718531125644
0.03523571051913399,0.16306707991098443
0.027259936856713907,0.4443460854848012
0.02508477273807974,0.5551626462207149
0.035810815690502595,0.15020960451318247
0.02407303771428404,0.6082535539142763
0.01788222980836962,0.9064284162305771
0.040990880415499364,0.06752858159573986
0.023633458935469642,0.6316203074778524
0.03004058447294808,0.32247895716479186
0.021288206392405112,0.7552724357191776
0.021073370450850892,0.7661919644828503
0.023972177177810416,0.6136043960094033
0.01674699353868367,0.9418204395180798
0.02734139626329135,0.4403865383977692
0.04726701179281384,0.0221936183986397
0.02694678608131648,0.4597881844440663
0.02028689670566275,0.8050071614407771
0.03644607055455518,0.1369713439236846
0.027225872035725684,0.4460089201584423
0.028103154051308227,0.40450494503431317
0.03679795775833172,0.13005667401534227
0.026481332456951723,0.48338707928589325
0.023325232252714545,0.6480528961889566
0.028429130805662006,0.389781054501383
0.0331768713537241,0.2164415806076099
0.01325076730158109,0.9946867719393692
0.03845928369740115,0.10116024179414192
0.016386306317767718,0.951112273281989
0.04212592952243177,0.05586883451552398
0.025585108804905055,0.5294549730137196
0.02851490814713109,0.3859692081213242
0.04405832343606819,0.039982072792938465
0.04086794891272039,0.0689078150482836
0.02289098807914891,0.6712078386045695
0.013632342595472635,0.9923886202563659
0.019765509194500486,0.8294946540315942
0.020951926603321902,0.772310773431538
0.01584282513912194,0.963305851465045
0.016971958979196677,0.9355408778831468
0.047229209434523745,0.022353432979419923
0.022249960004173897,0.7052249309571509
0.032254509846504686,0.24436659594772484
0.035865618985260195,0.14902829025834516
0.03123180907342893,0.27844937355022803
0.027808673925673433,0.4181308287116813
0.021094418334136472,0.7651274035313341
0.021289422417609782,0.7552103021850013
0.015602708737293525,0.9680094598388117
0.019463736284627053,0.8431215171482564
0.026820179087232943,0.4661307915514114
0.03590991963959311,0.14807885756548828
0.027773635693102205,0.419772638398968
0.03175876753027551,0.260468857153661
0.02175007476468449,0.7314410679012944
0.03006054406984432,0.3217017744717037
0.024808535902140605,0.5695301940346944
0.019937260063056544,0.821553699169661
0.019182905616070167,0.8554019555239856
0.025943963522418012,0.5113043342815334
0.03775693680438347,0.11264941220867504
0.022094750619653325,0.713402635737397
0.02506740427736065,0.5560626191637719
0.02060792618144891,0.7894066863247781
0.029109207131185866,0.360271951052603
0.03227005227538088,0.24387430526316098
0.02672645364387255,0.47086296807840217
0.03352775669638908,0.20649215648435376
0.023959078608997042,0.6142998377281046
0.029460005042504678,0.3456845618571308
0.04045243299477097,0.07374856364923806
0.03154719218138713,0.26757995330536816
0.019097912017536967,0.8590378992245261
0.025778207396916497,0.5196561233398893
0.01635184120603994,0.9519499485174667
0.03180814913102581,0.2588298402265156
0.037808180119116463,0.11177619738448191
0.027324326202524202,0.4412143111933221
0.04474248362683386,0.03538849360318932
0.020256095876397207,0.8064842142055506
0.015322796125623706,0.9729766374169112
0.03098268875155774,0.28726545319935565
0.02051414807263985,0.7940013411315249
0.017465210650669166,0.9204897450495627
0.043134568479459345,0.047004259235088684
0.02381804008407018,0.6217949874337192
0.044017416010653454,0.04027250636501506
0.026273866541402124,0.49415431226729284
0.014523323935938748,0.9842653037737842
0.021771114179109874,0.7303454879518634
0.027478341878339196,0.4337833270403275
0.02281653520652993,0.6751728478528315
0.015959606632650752,0.9608679195877682
0.03287003972406399,0.22544283578384278
0.0219907312372615,0.7188655117344136
0.021153557317476146,0.7621300245557656
0.03507120269048994,0.1669027126182132
0.034725828635375655,0.17518965619779073
0.0521174690777485,0.008428304482369092
0.02201946751425754,0.7173578691630935
0.03888113316098185,0.09474066207008469
0.023670378222676258,0.6296538579314157
0.02407523087020358,0.6081372881928251
0.019136042751287663,0.857411470198249
0.01660594327152093,0.9455682282505965
0.030822211454911097,0.29305325844300856
0.026316955300771605,0.49190547194180156
0.018308248880113065,0.8908589874067343
0.020178902040733027,0.8101700384205135
0.01916412196162509,0.8562088121726779
0.04746650897893001,0.021366922307038582
0.025665091323733846,0.525387413991922
0.02727350792547656,0.44368478358785784
0.026682186745618952,0.4731088831435814
0.03579597044440985,0.1505308986933278
0.03550772044366379,0.15688003801717917
0.022951144362336195,0.6680025790959463
0.023221057784730936,0.6536097652411947
0.03169988617019494,0.2624334008715486
0.04726441970135081,0.022204544299709125
0.0409596222599618,0.06787703367288882
0.02508807927017387,0.5549913670578103
0.0299886810890021,0.32450633806140006
0.03488098953141927,0.17142712383037226
0.029851354877822645,0.3299149140329659
0.03159476174133269,0.2659685519834899
0.047268063636960234,0.022189186142989363
0.02723528776864398,0.4455488877695592
0.026385039592728254,0.48836553743759237
0.05316394697469273,0.006755276897740271
0.032552554022697855,0.23505757477155775
0.028191279326549856,0.40048726158627335
0.032652639797867145,0.23199323391305451
0.023374921579643826,0.6454025666237388
0.03733382735123225,0.12007683248544308
0.026632504083010322,0.4756378887414855
0.033547582610515825,0.2059408104846302
0.025361473970221482,0.5408914609941461
0.025853684930819104,0.5158461188392156
0.019890001836206372,0.8237515338017934
0.02341564454354711,0.6432307019224588
0.021003701052383694,0.769707168258991
0.01572501453961339,0.9656653086906708
0.030812533900625994,0.29340502855506706
0.0165502068150557,0.9470087972994485
0.02002965258717282,0.8172294436857992
0.020886935604759738,0.7755681797614485
0.024635979402774413,0.5785595302597292
0.02889874099869888,0.3692303464195652
0.01298709275153448,0.9959362965368785
0.027271721381756348,0.44377180213556305
0.04521683511618457,0.03248139241515951
0.035907957965802095,0.14812079568654293
0.026726350745402194,0.47086818061168717
0.02840685884709271,0.3907750537182149
0.0308992579238192,0.2902638105972006
0.030783573589552277,0.2944595737803574
0.02795845701638411,0.41116164984374676
0.03332350823949426,0.21223937309339191
0.03352556901509007,0.2065530649351514
0.018670378452091296,0.8767214811436946
0.02561880793573601,0.5277396869292192
0.017828007440578997,0.9083240503555777
0.02348155433839133,0.6397161558954166
0.018908252728680713,0.8670098721688057
0.020149139159370444,0.8115849327253841
0.03113920526247793,0.28170264401510026
0.018697220557713723,0.8756420517333373
0.020143939090623286,0.8118317786022807
0.029639389663042304,0.33839046468922657
0.034714901189263625,0.17545709238524676
0.026880520215106646,0.4631007601704221
0.03315863472517411,0.21696866936168943
0.02635618831226011,0.48986360269056306
0.036023293555989655,0.14567131666361238
0.027301351207384472,0.44233007235201977
0.023293746653227754,0.6497323727208428
0.024345204585934255,0.5938569124896674
0.023670083821092702,0.6296695366184969
0.0400818229935791,0.07830663474699379
0.02502563675106939,0.558228791653525
0.027025087935487746,0.45589413858342803
0.03488685361996646,0.17128619600730277
0.022950017835081993,0.6680626146110343
0.02960205069470695,0.3398995494420263
0.026218867392701628,0.49703434252974066
0.02862710745627306,0.38102247124319805
0.03212033956424179,0.24864783206894886
0.022070183361856177,0.7146942112672783
0.024730360606532664,0.5736160004542776
0.022335715835474557,0.7006944998101078
0.021964150768638335,0.7202589732280069
0.03771236355747326,0.11341354064601201
0.01781205851087786,0.90887785199334
0.030452363152434603,0.30671977797888156
0.022457674213571033,0.6942385290396564
0.03765194093007124,0.11445620579823096
0.03509244535469608,0.16640340854437893
0.027843456446318693,0.4165053277876511
0.02031079453968271,0.8038586724126436
0.028471657728971422,0.3878879526982707
0.02313486712092294,0.6582070807410905
0.044487329845122325,0.03704457769173596
0.03648544500579215,0.1361830666578248
0.01811630206892978,0.8980203031617279
0.03190522532757778,0.25563052732485153
0.02250264108561273,0.6918547028314328
0.02909205235635115,0.36099632463409487
0.023416197738293065,0.6432012002630649
0.018634791048260976,0.8781460252743216
0.02109325735163481,0.7651861544854013
0.026743768381375543,0.4699863920846053
0.030360076331138908,0.3102016653634413
0.0215017346912455,0.7443101574407256
0.020261102760725916,0.8062443546788525
0.01813235814250569,0.8974303561614878
0.026493399243051663,0.4827655374415955
0.03864726108317029,0.09825626711138252
0.013005273942067408,0.9958581908868152
0.03803164225648342,0.10803342521689409
0.02216807705394186,0.7095429219737481
0.03820993143083701,0.10512225839095528
0.04045499688168158,0.0737178319088867
0.014613677222703236,0.9831934570255725
0.015979289059130597,0.9604472652292334
0.014876400103644938,0.9797897293930224
0.02289221257888341,0.671142607975177
0.021956984736463903,0.7206344668577471
0.01767650986658631,0.913514648922493
0.0335508328892668,0.20585053194931396
0.019340868647782505,0.8485437651674244
0.0328744340559044,0.22531191688808846
0.020971555253716023,0.7713245864164978
0.025277648865435598,0.5452012462601908
0.02582618186152874,0.5172330969015629
0.026902092104819753,0.46202067915822975
0.024500500542081638,0.5856749746761465
0.03711677193839136,0.1240406373782837
0.03022326676164766,0.3154164203449647
0.02250949550372336,0.6914911781544029
0.02206908778213168,0.7147517901631191
0.024941990406125214,0.5625749115388621
0.01633876698115988,0.9522654270610749
0.023248782531878842,0.6521308650125359
0.03433162157665104,0.18504422358180933
0.02975804801016857,0.3336267619620598
0.055309488725680034,0.004233015919023088
0.039723624312085426,0.0829362023238348
0.022693547471971456,0.6817165710620963
0.02314750112273023,0.6575332407375252
0.039187498926998465,0.09029498026859058
0.03136337113459753,0.27387578561302817
0.018952670057767462,0.8651607050973913
0.0187590470319412,0.8731396834337386
0.025640635617596552,0.5266298177538155
0.018062531583147745,0.8999837561017794
0.03553179237277104,0.1563417136661434
0.02849396723444997,0.38689739622941804
0.038060510366456024,0.10755757408615071
0.034380377503785864,0.18380217515652267
0.02310183456537468,0.6599687835901515
0.020418307166844785,0.7986656470055642
0.02853302652237455,0.385167377934221
0.029797670587869418,0.3320468724332015
0.04848326901233746,0.017564722278443374
0.023789701717954026,0.6233023719724454
0.014145333801835636,0.9882309534856583
0.03465656336693146,0.1768903322505881
0.03381645306215697,0.19857656822291272
0.027532216512906715,0.4312039592259733
0.03902971040353309,0.09256231235955636
0.026151114566561384,0.5009481438048144
0.02716349436802723,0.4490645529636454
0.024349200659923187,0.5936460543297092
0.023265040148937155,0.6512636425440731
0.03496549182820752,0.16940523651431955
0.016299306033360828,0.9532099740967549
0.037374167448260165,0.11935175129830182
0.026212680028285806,0.4973590155853863
0.027340109586948436,0.4404488965158572
0.02719576969436388,0.44748177922238946
0.022790658458419738,0.6765503248793929
0.02203366018913011,0.716612816140303
0.021663873010887347,0.7359214976681102
0.02600163564384611,0.5084118623561975
0.02139103738370779,0.7500059980822458
0.026263424677889113,0.4947002747137554
0.024642302656055826,0.5782279737664848
0.04780358127566908,0.020032229769322552
0.028392621886210834,0.39141137079130345
0.02161629857925157,0.7383882801633964
0.049288547881909395,0.01499556963048326
0.02185336437114982,0.7260551862019506
0.02833067221023533,0.3941885559343427
0.019028201858895644,0.8619910162920723
0.025764973385759782,0.5203253440162117
0.019602113892098427,0.8369261955903967
0.02669083617926027,0.472669498447786
0.01878204614585577,0.8722031377713617
0.016521735723113995,0.9477358273125073
0.016236098622591566,0.9546990267597626
0.03305178469820713,0.2200769333371047
0.028009877632670377,0.4087875432137909
0.040617628655532256,0.07179054344567477
0.01600016407480076,0.9599980366438854
0.03205973932608486,0.25060011220112965
0.026468312032203067,0.48405832275163446
0.02881055941933497,0.37302999104137113
0.022611710973053367,0.6860657441136333
0.039078660388673137,0.09185388359182345
0.028073670395349914,0.405855283551537
0.02493195109854862,0.5630972392416937
0.034366647704842546,0.18415127095051353
0.02643725031452182,0.48566208673724975
0.03132053406289914,0.2753587490863426
0.02359180991164833,0.63383929483605
0.015176920497107838,0.9753501089237808
0.03358904693485043,0.20479142624697735
0.024625125518987656,0.5791287643774927
0.025861593053700505,0.5154475992261702
0.019067491187665042,0.8603298555894954
0.0358515354782466,0.14933114939878697
0.02466101455909031,0.5772471194382178
0.015140241057795156,0.9759241498496737
0.03142616908197071,0.27171261768345634
0.02770420373802046,0.42303898443026333
0.04663653053591771,0.024996220663121533
0.03203988722474482,0.2512421857976201
0.027410552738093896,0.4370436005158819
0.026904128556627382,0.46191880200590274
0.022090714402677417,0.7136148877706177
0.032134595307848124,0.24819025688806545
0.03916624767842636,0.0905976087440392
0.031065387777365117,0.28431614165456665
0.05032760410389209,0.012180841678394734
0.03625855989695359,0.14077637459469
0.02312216012413726,0.658884793156088
0.03402662817435083,0.19296491757296313
0.020699102414660775,0.7849114627751503
0.03927032385332563,0.08912358873708946
0.02481721991644742,0.5690768407469353
0.017937191466715907,0.9044867808228167
0.02420770550510193,0.6011217663537167
0.020387405305884898,0.8001625811621496
0.025574308430373338,0.5300051690408913
0.034855872401372556,0.17203179245882666
0.02167282550553727,0.7354568200935937
0.018519073440373957,0.8827257695717847
0.02697361125661446,0.45845167181581414
0.027833438444495373,0.4169730598309991
0.020806771681699088,0.7795689388841495
0.020655079190628978,0.7870853057343252
0.021606464146200544,0.7388976599295829
0.03901410040068526,0.0927891878068241
0.02921040569210176,0.35601970952785805
0.017987269044715065,0.9027001407230865
0.023379640118272593,0.6451509027444418
0.04071954605196626,0.07060471008273604
0.024317580674522055,0.5953149662385325
0.01619788197985028,0.955585081969263
0.021212606450045857,0.7591282312869072
0.02158223201541498,0.7401519637612471
0.016525965333071713,0.9476281991324706
0.028474131955983917,0.3877780085977313
0.02930741619417876,0.35197702027483774
0.02863923639555055,0.38049038368022264
0.02533036651535553,0.5424893977909404
0.03266675100053573,0.2315636672509675
0.025380676789982737,0.53990589351079
0.016556189943103233,0.9468552538914642
0.03831116348468877,0.10349849227814419
0.02744575808922639,0.4353483754061477
0.03515884877893638,0.16485030143942148
0.03054697795441008,0.30317989460967126
0.0287676567652293,0.3748885122929384
0.03620451470427044,0.1418888635280263
0.024731809280497508,0.5735402114314485
0.01361131724146969,0.9925317309849874
0.02820879979058505,0.3996917805298727
0.0293544902123003,0.35002714105480853
0.021121670292168826,0.7637473097636714
0.028014241451030986,0.4085864973672615
0.02908829281496994,0.36115521178587534
0.013868922704177888,0.9906349038360338
0.02711521365201508,0.45143916985907284
0.015616209175772444,0.9677559432326462
0.02772841807193005,0.4218978974784629
0.021909776311590856,0.7231061876906357
0.03203509139926464,0.25139748352533936
0.012648230706451935,0.997195142367553
0.02683072501890038,0.4656002906631578
0.02684443965582134,0.4649109851441853
0.027491910893148064,0.43313270442496693
0.027739984180455646,0.4213535887726457
0.020632521169494433,0.7881967684340146
0.058697440117662814,0.0019487774403783515
0.03465250868127956,0.17699029187012277
0.01980810695800761,0.8275372399721107
0.022497160493788138,0.6921453381433981
0.01904078289269534,0.8614600040003295
0.032108534223113966,0.24902724028920298
0.02209727686427665,0.713269777356192
0.021741002307367197,0.7319132539586432
0.01985928291471617,0.8251750019216099
0.037415411082494354,0.11861415657681942
0.03183385433845143,0.2579797515009953
0.030016155828068797,0.32343200828303925
0.023393407557350532,0.6444166309577725
0.03342594148225364,0.20934172068844162
0.024603420283403843,0.5802675373982228
0.04196969726025468,0.05736318655807806
0.027488992411657143,0.4332725876409055
0.024824175817028893,0.5687137798749007
0.023246113141928093,0.6522732569218339
0.022646874873510248,0.6841975177068396
0.023423353169025996,0.642819608492857
0.026221935458120127,0.49687340057979484
0.03334405907919469,0.21165554146098584
0.020571809289095133,0.7911797575417299
0.02896872850948326,0.3662341158421739
0.021108188722752552,0.7644302877848157
0.028614226430923373,0.381588120934474
0.025980047755424895,0.509493751598459
0.020233387339769177,0.8075708841122766
0.023515007091196805,0.6379326971092594
0.02877583219524288,0.3745338569460736
0.022210222921545286,0.7073214135862592
0.03829145624878405,0.10381295299460687
0.019349703305050314,0.8481564104411918
0.036220888543340046,0.14155106733579267
0.026034826689948776,0.5067504116359796
0.03954494840786116,0.08533043685205226
0.04553048110447211,0.030676391151991448
0.024909921872277585,0.5642438995821781
0.02810730500126457,0.40431508148890244
0.05337148383364376,0.0064618726023300795
0.023527650796779348,0.6372587004560117
0.025887128763628142,0.5141616387446879
0.016912556654852473,0.9372349616288261
0.0202344568705424,0.8075197483539474
0.014707550557376492,0.9820269551855012
0.021002838420668024,0.7697506092901715
0.01941971561752756,0.8450728330934237
0.035132741121142064,0.1654595442831371
0.03504196522399128,0.16759188832471322
0.027711280217182832,0.4227052931121264
0.01907088083086428,0.8601861471976124
0.03145037637799175,0.27088218920830476
0.038981831557961644,0.09325965823366221
0.03148349023469593,0.2697493060111825
0.024607192169759373,0.5800696023875268
0.03851463822312823,0.10029776695683545
0.030130247505453456,0.318998347571303
0.019043063070699362,0.8613636711101113
0.026008079527727546,0.5080891155221074
0.03253024085586387,0.235744950023033
0.027959003929156512,0.4111363491962659
0.03244511356588842,0.23838151316734635
0.024218085879561507,0.6005726902336023
0.017904761044910233,0.9056348993402465
0.02050917285106213,0.794244263004187
0.016127172245406607,0.9571961950496795
0.025524174553510276,0.5325619797055181
0.027930861520564343,0.4124396229462049
0.03213838962744653,0.248068576260877
0.026573028044114988,0.47867697320771385
0.024989721105635743,0.560093614427857
0.02851813561249461,0.3858262914054824
0.029867873079630236,0.32926092208761853
0.026026967392516864,0.5071436130839684
0.029111260194931154,0.36018532786561647
0.02832797483908167,0.3943097872882564
0.03285666373525631,0.2258417031414384
0.027661645419010505,0.4250495877241639
0.018217396179093348,0.8942780198925421
0.024628136598043415,0.578970833033539
0.0201042524507081,0.8137121383094261
0.018397966602929694,0.8874315494606287
0.028701577826614144,0.37776370274993254
0.029929631857027905,0.3268240571484422
0.023814443827806397,0.621986256619036
0.021252209760458315,0.7571100958584277
0.023666291651375515,0.629871496069619
0.033904054768267355,0.1962222657979254
0.028570709153331486,0.3835034466997307
0.026288324916676875,0.4933989819143627
0.05558384171731856,0.003982117413812619
0.043432925380068765,0.04462755033244893
0.02907602253373609,0.3616741273662572
0.03510976122348025,0.16599728619541743
0.031713340488858655,0.26198352361551897
0.03863161526878078,0.09849529007452178
0.015623673885896805,0.9676152116007215
0.030582027358087308,0.30187621790911606
0.02229437304957682,0.7028796166171061
0.04059079653717357,0.07210554080726353
0.030005209267640387,0.3238597360848556
0.02592595002091236,0.5122092139449753
0.030939803824392265,0.2888037787709712
0.03555501051008719,0.15582389028874846
0.028329954099850063,0.3942208283556339
0.025276075175900137,0.5452822717402268
0.031737808363517084,0.26116687223348695
0.02260835852551979,0.6862438114645697
0.04506286230674572,0.03340115514768883
0.031535122105527835,0.2679899869516971
0.03351554707350274,0.20683227045004424
0.022788676676537334,0.6766558058034419
0.030173557069622325,0.3173269450533763
0.01575490211143682,0.965076195455002
0.02707811153553147,0.4532696384510401
0.019053046750384772,0.8609415470310022
0.02962620734574395,0.3389226881239661
0.028130561441472357,0.4032524696375747
0.02744841944134635,0.43522040454800853
0.020453489921306217,0.7969571679240612
0.01892650793617201,0.8662512147285352
0.027506016664749833,0.4324570413754207
0.015228828631201174,0.9745221774487299
0.023459078650908904,0.640914542840709
0.026276814265881132,0.4940002578417703
0.022681919449171306,0.6823348050914175
0.023157653401584377,0.6569917510190604
0.019575949242997603,0.8381046582565284
0.015513022696182821,0.9696608329247299
0.030321284792082515,0.3116738309233765
0.040520281309648964,0.07293896004741152
0.02828586902505259,0.3962055466375862
0.03221546400758135,0.24560667369355144
0.033354366683467584,0.2113631817316535
0.01932625981977934,0.8491834188213291
0.032400954922571445,0.23975804877919116
0.02315194317013651,0.6572963176985356
0.027108640232326342,0.45176311762536464
0.02331607510731759,0.6485413426673377
0.021151753224521563,0.7622215969093838
0.03312229505844355,0.21802195023994045
0.026207829304184693,0.4976136453380454
0.032162731752844675,0.24728902347450255
0.05424557242843547,0.005349485912269853
0.01854926441138227,0.8815386870146291
0.018634160280263434,0.8781712067426056
0.01842880983026629,0.8862416671232718
0.02064064206439531,0.787796833578272
0.04079552723892438,0.069731524543472
0.03376984444053183,0.1998381661466523
0.02713359291824835,0.45053423130839043
0.03176502213947585,0.26026082929308486
0.02185974127335566,0.7257220838730469
0.02263664620249939,0.6847410456304608
0.045928831501972245,0.02851156965746311
0.028675043056806904,0.3789226008960425
0.017747482814450405,0.9111024871502599
0.03156324037636958,0.26703550877626253
0.0263216548061731,0.49166059943016954
0.02240233614050746,0.6971696733061591
0.03719552991383068,0.12259015347880578
0.047472833544664084,0.021341167996006376
0.02323301416789464,0.6529719872206231
0.025247251028743145,0.5467671016377476
0.031341186619897154,0.2746430367036693
0.02060036500759005,0.7897782449900913
0.024292795375500997,0.5966238376245551
0.03394862619164318,0.19503283909557564
0.01886850384010108,0.8686552780747157
0.028481419632147342,0.38745430120008695
0.04215828641754524,0.055563563250488494
0.025162340696186933,0.5511492006990998
0.035566640177190245,0.15556503796404067
0.031221073746881878,0.2788250740423573
0.030363605481399825,0.31006798455560836
0.02534702954754542,0.5416332357584541
0.025354102373878556,0.5412699741114979
0.017257450241284486,0.9270419287812445
0.032085480128392296,0.2497694368270498
0.013510513923566503,0.993190226168765
0.02445442094251482,0.5880999882328536
0.03539652791998049,0.1593860084037872
0.015370396625364546,0.9721705415068069
0.029983363975013,0.32471454869789357
0.032894800044019235,0.22470592473447945
0.023010913837258506,0.6648167530634468
0.023856873600926254,0.6197300667751603
0.042381480602082966,0.053496671596355336
0.022746401918111836,0.6789054017080498
0.02557676522154345,0.5298799950234787
0.03546445072104776,0.1578514291172223
0.02064862217884278,0.7874036211349003
0.02075373835288674,0.7822049641015519
0.02249188986353501,0.6924248152388941
0.03850965309542964,0.10037518813481267
0.015123367795120801,0.9761851779588193
0.021567782362774568,0.7408993507847315
0.019808886594636865,0.8275013393934167
0.028922436492277104,0.36821399406386207
0.017308134965488997,0.9254717705874096
0.026705197836087602,0.4719405260744677
0.030684243509008446,0.29809779846007234
0.04614855067060708,0.02737613633943719
0.02374335437866737,0.6257685980394194
0.012770723378546733,0.9967814155604806
0.01943171667853545,0.8445418085680516
0.0439097273947453,0.04104588179883179
0.022566789757262895,0.688451080419545
0.029317260588115013,0.35156861183041155
0.03513236701305311,0.16546828745137612
0.029473180861344928,0.3451450135734067
0.03216508517750549,0.2472137543098443
0.03823552429400778,0.10470976349982228
0.03583692429871077,0.14964588073291854
0.023796235299658797,0.6229547970585236
0.01445985584398743,0.9849888977578314
0.01993749127706712,0.8215429225972963
0.022898549062827178,0.6708050461916575
0.04036801334313045,0.07476653762854962
0.018299332261133616,0.8911968616379617
0.03390566526421113,0.19617918946284035
0.01717308961788655,0.9296145302716712
0.021769277693870895,0.7304411497486147
0.0176707020575394,0.9137105078942318
0.025383869487232702,0.5397420943977143
0.026737040595661482,0.47032686603230495
0.038143666902835216,0.10619655311775356
0.02747740895127959,0.43382808423486674
0.036399300786599253,0.13791249349875437
0.03622042530400571,0.14156061510021242
0.029869079447155222,0.3292131960798288
0.02575918261047816,0.5206182836250492
0.031146881635711665,0.28143189344653796
0.017243969761849498,0.9274564471315662
0.028187661534817665,0.40065165584042406
0.046228208476567834,0.02697446641081027
0.02529419143555084,0.5443497652289229
0.044459486805034865,0.037229331895959145
0.03278047733823136,0.22812393224669072
0.027049041282150244,0.45470728099605595
0.01887997345419541,0.8681814099834211
0.030057937133190493,0.3218032055412636
0.027908014988925367,0.4134997183577777
0.012742443099966416,0.9968809000840457
0.019992949805537563,0.8189515333156112
0.022277324351203664,0.7037801650995738
0.026657681574918657,0.47435517504088365
0.04371302088010598,0.0424919896692291
0.013305234630631213,0.9943958540043446
0.020573376962502055,0.7911028873599673
0.03369207316895717,0.20195722997524926
0.025915270315763628,0.5127460122675043
0.014652275845499357,0.9827204038678878
0.03358492873430341,0.20490535768815857
0.02629804005149916,0.49289186355342246
0.022638194422106905,0.6846587813801237
0.043186734610616506,0.0465809577327125
0.02227942866667515,0.7036690280164382
0.022390935811920254,0.6977731671704559
0.028937350130551542,0.36757532630313855
0.019935554664055055,0.8216331784710204
0.033427671190912056,0.20929305601187675
0.0184442978049959,0.88564194575922
0.04103303383616097,0.06706108906447585
0.03164454261804467,0.2642900688763555
0.033812788496813795,0.19867553381337236
0.03941591392591348,0.08709542003170816
0.022748956864848235,0.6787694709714289
0.02736364266328295,0.4393093123814193
0.023352940236644137,0.6465749782116015
0.012570610550860062,0.997434947054898
0.02760565328548631,0.4277046910465771
0.022491106765861746,0.6924663372629193
0.03275267781124047,0.22896109643995607
0.03395812103449575,0.19478019383359152
0.039225715124640015,0.08975289491207702
0.035547137635340786,0.15599932065526118
0.03287752643222455,0.22521982186593223
0.03350217629166791,0.2072052306782068
0.031729303577059,0.26145051404278735
0.01911555206976634,0.8582864495275626
0.026211277313071768,0.49743263993628445
0.030119126838344945,0.31942854783142055
0.034588406934570326,0.17857654748395424
0.02210032866780673,0.7131092678345192
0.022029827110133127,0.7168140641140096
0.02892692512960149,0.3680216886460641
0.025419118525701112,0.5379348730171768
0.03272150085885961,0.22990277835983416
0.039439550013443236,0.08676984056702107
0.023087770767142066,0.6607187863518239
0.01768233717880896,0.913317898830557
0.014218387960273304,0.9875276046165138
0.018663619377280893,0.8769926205773779
0.030498504936492032,0.30498967837876906
0.04194029756119455,0.057648198824213966
0.03670182885918205,0.13191670811364423
0.0385296393528341,0.10006509288224583
0.019767193106532688,0.8294174307240268
0.029347431664424384,0.35031902530965925
0.02689019318668051,0.4626162396909938
0.025893010675409833,0.513865620549218
0.03137957206549058,0.2733164909010054
0.016817817508046284,0.9398834628197993
0.035649092688055606,0.15373971695605293
0.02551671117764598,0.5329430109746582
0.03234472948044054,0.24151951693694818
0.027697673467122153,0.42334707771053576
0.02076074253572699,0.781857319455
0.02684851665092114,0.4647062024073433
0.028768885496661345,0.3748351941113241
0.027282415325645237,0.44325109409920915
0.031974049314327346,0.2533805074304645
0.02003152554069032,0.8171414150289806
0.04445520205143816,0.03725783505448561
0.02412391500364669,0.6055573880945755
0.014531318820170558,0.9841724498440864
0.01651430794540304,0.9479245179899006
0.019838228182952278,0.8261482665702701
0.02670109828223488,0.47214853722197186
0.046126400523540945,0.02748876191335949
0.02727677894352154,0.4435254891494806
0.029577692475568518,0.3408866063698755
0.02842666728985918,0.3898909150013865
0.015444198759840932,0.9708896399114332
0.023191181750314593,0.655203386499991
0.023286923797636527,0.6500963173695311
0.02104841230962723,0.7674527591435387
0.02333178973862693,0.6477031203443865
0.025275599008719563,0.5453067892722021
0.024995146969871262,0.5598117653607542
0.018659545328200022,0.8771559199711694
0.028352300145774056,0.39321743685544075
0.027016495742466673,0.45632036981304736
0.03345637983214944,0.2084866348629006
0.020614788998533473,0.7890692805543142
0.024217156977076604,0.6006218211051942
0.024477943621882603,0.5868617706866142
0.03846124493492198,0.10112957875610967
0.03141545883221253,0.2720806397184497
0.027180551456114116,0.44822761433912417
0.03276680140917343,0.22853547889161535
0.024139017806810936,0.6047574454775257
0.028708356127026602,0.3774680606644821
0.04419749235620635,0.03900763812504818
0.03166183672562056,0.2637088261506638
0.028887146970979216,0.36972835885503696
0.01802117212916554,0.9014811275785927
0.03913534151069681,0.0910392451635551
0.019935130524837308,0.8216529433497849
0.050054537174301195,0.012870246822497383
0.02096107323175611,0.7718513623339242
0.024672414794061792,0.5766497509754442
0.024548753193982142,0.5831382038795339
0.041227028409168254,0.06494504964097886
0.03303971600251332,0.22043016482226271
0.03751492228705966,0.11684994743803534
0.022891022454399557,0.6712060074001188
0.01708620212003409,0.9322106279766652
0.03325144247675116,0.2142965898177767
0.023015467481256657,0.6645739938157389
0.0301570541388137,0.31796307248594946
0.022826278387638954,0.6746541126271792
0.02446586186369082,0.5874976689599594
0.023130055489436696,0.658463705901092
0.028326404284240714,0.39438038659756436
0.017751090528849267,0.9109789503501682
0.015143642532032486,0.9758712975048814
0.02359088230874823,0.6338887228229302
0.022749286562112586,0.6787519298361336
0.033423720405346136,0.20940422273285467
0.035633561381063994,0.15408222256072407
0.02407175726939298,0.6083214358531293
0.034035360455899666,0.1927344914972104
0.04366335823502143,0.04286402387446434
0.02341318423653649,0.6433619097319736
0.021127523206374788,0.7634506523065455
0.03182037957837189,0.2584251075104766
0.021279165225734253,0.7557342886831742
0.02195831481015026,0.720564778036314
0.03817947712539538,0.10561486460988459
0.048646816665104176,0.017013142369090736
0.02770238810600406,0.4231246293254751
0.03374429955597247,0.20053226957906556
0.049111603215354904,0.015529253437091743
0.03508977473262989,0.1664661152733765
0.017694260605203405,0.9129145949985504
0.03742104203346419,0.11851374514900828
0.028714772326014992,0.3771883612252881
0.02383356389147201,0.6209694264706531
0.023756373572850542,0.6250757142341151
0.03575915712363731,0.15133003758842425
0.016844791327139008,0.9391360791484593
0.019597803374727607,0.8371205655186553
0.03584400049530834,0.14949338951465738
0.023329384953514554,0.6478313910476257
0.02239563437919495,0.6975244565242675
0.02877610476583692,0.3745220367155226
0.020168707693253407,0.8106550598002952
0.031808064627547455,0.2588326382991002
0.024083197550540558,0.6077149826526453
0.022919717359894953,0.669677242440506
0.03850375462660022,0.1004668581644209
0.02752187749331414,0.4316981596099147
0.051531852726392435,0.00952102619941248
0.01506951560144823,0.9770055128218673
0.02987698169583658,0.3289006929445382
0.022827796833953057,0.6745732652396845
0.015996772819451888,0.9600712324314783
0.020378716766650595,0.8005828442923557
0.021658740792702774,0.736187816371427
0.01514920650678242,0.9757846762024844
0.05360775116676969,0.006142038376107523
0.01874751988796175,0.8736079252337239
0.03918509219500638,0.09032921072962032
0.01636189166166968,0.951706576428964
0.023181662131910474,0.6557111619470909
0.04227619354785206,0.05446327948634109
0.018011333830611043,0.9018356537677276
0.0225314837312115,0.690324768723907
0.030819706153281445,0.29314429389845637
0.033472391285744196,0.20803792787990086
0.033179211350823856,0.2163740201460482
0.021023176224654994,0.7687258754829694
0.0223656772226912,0.6991098164023399
0.02704226944569582,0.45504260913782774
0.017149135409421867,0.9303356938206827
0.023152923881064824,0.6572440097606824
0.015975951994308568,0.96051878398775
0.04650329850213797,0.025627102648446084
0.0236804626858777,0.6291168203133034
0.033074037237047604,0.2194267847611176
0.018208505380055195,0.8946097775925383
0.0178612941755123,0.9071626819331289
0.020271068378346913,0.8057666582167942
0.025843476336958937,0.5163607572352824
0.018170725608414984,0.896013857427378
0.018203351844527482,0.8948018483203843
0.027525699080233335,0.4315154450724753
0.028210961849141736,0.3995936922025303
0.028262925865620403,0.3972411792078985
0.022031767428502547,0.7167121942630734
0.023354832574012163,0.6464740452156208
0.027815338613754848,0.4178190322101048
0.021582512242810048,0.7401374652833097
0.01652190621375127,0.9477314914976434
0.027266991080814096,0.44400225954229094
0.013168236387204102,0.9951055709142492
0.02799030385364981,0.40969016192748464
0.031979549809596636,0.2532013328435643
0.020719895690119672,0.7838825398275293
0.037681529404333614,0.11394463705865131
0.04418860831233912,0.0390692173532051
0.018075002070289226,0.8995300733449946
0.021769901986372964,0.7304086312582473
0.02760953744630623,0.4275201461989306
0.020032063087973784,0.8171161476750803
0.03322539650924661,0.21504390317769204
0.027958719290466005,0.41114951669001215
0.016283520775987034,0.9535846018782901
0.028329432876725513,0.39424425366027727
0.017153116128600487,0.9302161370817051
0.023584750289334044,0.6342154791270379
0.046056718547094144,0.02784574300236082
0.05305859761816967,0.00690881728413988
0.03039104122049241,0.3090301824680885
0.023798075132918817,0.6228569252976546
0.022601535946672358,0.6866061721200998
0.013439307854843152,0.9936285107544606
0.021031746685233055,0.7682937059369435
0.024773903871910308,0.5713392065330367
0.026509394505064288,0.48194244443788653
0.018160367927848475,0.8963971933887063
0.039610272604361785,0.08444844193271979
0.023465717591161006,0.6405605481437531
0.04112739317430025,0.06602461190794615
0.027186880421223858,0.4479173357919544
0.03349905449113649,0.20729238458707594
0.027000612822415393,0.4571089644867448
0.05253570578832567,0.007719034170161309
0.02264137451143372,0.6844898030351576
0.024657390529921608,0.5774370519389161
0.023910943335485074,0.6168564720546823
0.02805088877765846,0.40690078829040666
0.045825931261974207,0.029057462945245374
0.026945099408929474,0.4598723054553842
0.017919085384671296,0.9051286485176839
0.03098731252600795,0.2870999576117149
0.027689901183653887,0.42371396639743764
0.03417334958384169,0.18912190237696927
0.028799719407883423,0.37349896301198554
0.022205313538223193,0.7075802978874052
0.0192019715149907,0.8545810703916576
0.028843125588102425,0.3716235665422487
0.026324293605558935,0.49152313649698787
0.017642844344874842,0.9146467310080513
0.025448571708569512,0.5364265153213543
0.02386672608824547,0.6192063130229665
0.04108868752517025,0.06644810359022689
0.019200853891195635,0.8546292426353231
0.022436290897608846,0.6953714946815572
0.03724433063467353,0.12169839769526322
0.02860863482326781,0.38183384983065366
0.033504921549817324,0.20712861261654086
0.03190399788687881,0.2556707920851834
0.04844123377774434,0.01770904900690522
0.01879697329177321,0.8715936537367255
0.029935703250704437,0.32658519994186547
0.021681039958944548,0.7350303181895013
0.030846242630738874,0.29218109648937723
0.017926678438690086,0.904859738323246
0.03625836963883017,0.14078027849773803
0.020739650992980696,0.7829037099154368
0.02062401711828249,0.7886153401905724
0.033592502235052835,0.20469587232049488
0.016764469204518573,0.9413459157617238
0.038658362598984586,0.09808696146804506
0.03399846881151666,0.19370945767046402
0.02282019209740027,0.6749781571426403
0.03949501982822101,0.08600977727521501
0.041617686117698116,0.060856450179483504
0.03209478238414315,0.24946976089192144
0.01931504148525298,0.8496738808794824
0.029340958710434295,0.3505868466241189
0.020195245934956252,0.809391586337988
0.029913582997725452,0.32745605077959666
0.013898183889157242,0.9903990572961754
0.020311012545126128,0.8038481855804419
0.017409477704308673,0.9222774372886365
0.01979129621536635,0.828310680566772
0.03742661112115969,0.11841450568074993
0.03453884157194764,0.17981079796155003
0.03665326532315011,0.13286460234471006
0.04373851864723827,0.04230207384311337
0.0209909166601544,0.770350761928221
0.02927812054139478,0.3531943895066554
0.02592576557677906,0.5122184827146364
0.03601844098927848,0.14577371023739621
0.03821781716869313,0.10499501587949694
0.013418074362457066,0.9937550118352017
0.021048205007848847,0.7674632242267683
0.03505536069744175,0.16727585331547362
0.02019839668963419,0.8092413973048092
0.012821362507366485,0.9965971293404572
0.025221904353444957,0.5480739527648806
0.023521770587799806,0.6375721507913265
0.029568697030154967,0.3412516439981442
0.058147402160942385,0.002217266474288143
0.04731559590165457,0.02198971415122552
0.02482971460110353,0.5684247330496082
0.024522001809114763,0.5845442615264969
0.023465149794879736,0.6405908232267279
0.013000712368099077,0.9958778947259357
0.018806471692179305,0.8712051600658972
0.024039469931935953,0.6100335471926394
0.020525825699827083,0.7934308295386229
0.06187465074626686,0.0009028850785406809
0.015371727606618812,0.9721477764986051
0.02425557650503951,0.5985904248152805
0.021450228393849136,0.746963684403775
0.03561806304750692,0.15442461288121126
0.027434976809758815,0.4358670508330377
0.029173523497450504,0.3575653088747235
0.029575984666598498,0.3409558881762986
0.02745975814991064,0.4346754671463874
0.017209531070386364,0.9285095063331883
0.027982115673786945,0.4100681533270066
0.0209889505534685,0.770449699516961
0.03564848170612556,0.15375317910259256
0.014933713566877005,0.978988862693806
0.024029709494142293,0.6105512733888485
0.03254377457964297,0.23532784916670485
0.01717429760470368,0.9295780532436273
0.02052014752666992,0.7937082959629164
0.03247705794257161,0.23738950035965933
0.02271052587683553,0.6808137206158954
0.027228533399469623,0.4458788595795829
0.02685460747686985,0.46440037774481885
0.03283757220132222,0.22641194779804924
0.023142818012171884,0.6577830187538025
0.026935651715471742,0.46034368693074024
0.036532717598901754,0.13524154932131202
0.036415319283459535,0.1375895626173231
0.01782860501452571,0.9083032670742343
0.024274312030460737,0.5976003029779817
0.0200062701089454,0.8183271945905265
0.0208410159316047,0.7778622581871245
0.02541982797187292,0.537898522457942
0.020960655355990787,0.7718723563120788
0.025277058840345923,0.5452316247347766
0.030914907270624126,0.289699641045562
0.020666881084649757,0.7865031493797087
0.020734079680082784,0.7831798802685058
0.0367869390338017,0.13026878633204111
0.021855821550474108,0.7259268414582285
0.02821418266346687,0.3994476009925201
0.029299851120404896,0.35229109740565834
0.02705401428911186,0.4544611316328961
0.024666829783328847,0.5769423829764049
0.029350748630106088,0.3501818409263671
0.03996107299042195,0.0798422476594517
0.01975370008661348,0.8300358545673128
0.020369964686550335,0.8010059026122823
0.018153058874970207,0.8966672831214632
0.02379167365010204,0.6231974663123394
0.02838801270990332,0.39161753051463133
0.025343701822252374,0.5418041786324161
0.03344214703509785,0.20888612892451613
0.01531836763162453,0.9730508366515496
0.047559567966219074,0.020990752328394074
0.029576677826279374,0.34092776709541445
0.03773190525394454,0.1130780080809969
0.014715706839978582,0.9819230220702713
0.032654329881689814,0.23194175294212785
0.035195229960699015,0.16400431033213014
0.026929586107178785,0.4606464911703152
0.01760893682346032,0.9157790342354655
0.016692171092633323,0.9432944933372918
0.021208580860210546,0.7593331531267968
0.027287156906499632,0.4430203483534198
0.024610343835166748,0.5799042277264126
0.02050623162004811,0.7943878322477296
0.02077711002669208,0.7810443432601023
0.0175114558308328,0.9189897914106453
0.02316261901632055,0.6567268971797287
0.040505440942882553,0.0731153959648573
0.026893722433996126,0.4624395423283328
0.028695808491686514,0.37801546546875475
0.03405743743227019,0.1921528924308052
0.05217641410305429,0.008324882033075107
0.025725776901285913,0.5223094921177367
0.03202838669489683,0.2516147163670873
0.028907704748242113,0.36884563931770115
0.02311049077675964,0.6595071435340512
0.030866167870036487,0.29145940859101754
0.025014333770362107,0.5588154562965848
0.02870779787537503,0.37749240322501093
0.022190638757844938,0.7083539637127696
0.026895139435055282,0.46236861042734406
0.03248378646123379,0.23718095372436357
0.042838773900465976,0.049468056929176565
0.01833279284163386,0.889926362862413
0.019965435221340866,0.820238820350661
0.017754402186431206,0.9108654730286792
0.03856714663865407,0.09948530515133983
0.01472794187807347,0.9817663348891545
0.018388920382543028,0.8877794181401254
0.02868324981305137,0.37856390800979894
0.023579505412515633,0.634494972218933
0.013864221086792639,0.9906723998869366
0.02078868110559684,0.7804691059999109
0.03893857674803086,0.09389343033790248
0.019396010090099947,0.8461196536424687
0.015492700327168873,0.9700271356426755
0.028602912657374358,0.38208543055284433
0.02614405163062139,0.5012997114525486
0.025671176256568506,0.5250784662632284
0.020703638103238886,0.7846871387409708
0.041981659640559776,0.057247565468965256
0.04290811259566629,0.04888069872722587
0.030686669188794258,0.298008558593475
0.028878895272154093,0.37008309194358346
0.02065629539284035,0.7870253346237124
0.02557340633471128,0.5300511338653044
0.027545234257772624,0.43058225948808715
0.02086090309878008,0.7768694937757457
0.03190021390107267,0.25579495153072485
0.04763247154836314,0.02070018596505609
0.024348930224115384,0.5936603237214436
0.024505961609089466,0.5853877365503408
0.033207670025144354,0.21555366804860437
0.026616598701826977,0.47644938171796436
0.01828197882968413,0.8918529877725015
0.02806045322918549,0.40646162721824947
0.02673750302182576,0.47030345880507096
0.030149311904890397,0.31826182689990845
0.021433930000255064,0.7478021631374886
0.021651536145884248,0.7365615924018161
0.023638827898084525,0.6313343047173334
0.04387664690160098,0.041286035598890596
0.027366225878183714,0.43918434118142996
0.023439571016745875,0.6419547601400315
0.05023823700382535,0.012402708392988335
0.031695433686554364,0.2625824084352553
0.04128707458738945,0.06430174808295609
0.02054610568395776,0.7924389355355665
0.03681426045185296,0.12974336199226874
0.0174376344461894,0.9213770183054598
0.03624458320366519,0.14106339600245554
0.033765113032552224,0.19996658546489518
0.03178039250519715,0.2597501446950774
0.029701834994385612,0.335877453326164
0.0281102936526757,0.40417841914499203
0.03553486374808412,0.1562731349347924
0.013395498668158368,0.993887429243408
0.03092091660528201,0.28948321652412545
0.027461010695988497,0.4346152980302054
0.03530354670543395,0.16150611109425428
0.038068491816673045,0.10742631779388295
0.01583113965284877,0.9635443560672785
0.02438949607283769,0.5915207326876043
0.04643675660164015,0.025947438321459067
0.04470747959365484,0.03561178086873019
0.025015756137221346,0.5587416196741628
0.02433870813431427,0.5941997410402873
0.018474379235358662,0.8844729183144078
0.030781566867334798,0.29453274910048083
0.018222828161987503,0.8940750778058004
0.036448267523082334,0.13692726302559305
0.020009176259907363,0.8181908814268235
0.03319685085925084,0.2158652576237992
0.026176920322526387,0.499238115194523
0.020679325240084978,0.7858888227851502
0.020980088697187815,0.7708955078071869
0.024505780189577442,0.5853972782027356
0.043821203331307124,0.04169128311734828
0.0188014430541934,0.871410900848947
0.024250473279052887,0.5988601740379689
0.02463756641531034,0.5784763113800462
0.039176576114368644,0.09045042058849273
0.052291332312236205,0.008126560263805739
0.03161046127371925,0.26543834089519397
0.03480495074202708,0.17326288758990235
0.021644695175478207,0.7369164095424661
0.03410068080922335,0.19101768281783574
0.026648840178688737,0.4748053589425851
0.01785764283259672,0.9072904416533714
0.02681301005515646,0.46649164790707304
0.01369748601366838,0.9919322827813059
0.018982531266440006,0.8639113492364965
0.02712749098198719,0.45083453815531754
0.024864617450219728,0.5666042838497471
0.020140398689303174,0.8119997790239154
0.024610209395414695,0.579911281820062
0.034386957425049935,0.18363505865945415
0.030760882477037677,0.2952877904710291
0.025981486020121736,0.5094216414041655
0.021968375982389543,0.7200375397163794
0.022916297627764037,0.6698594500862448
0.02132177886720349,0.7535557420714969
0.018101929995698485,0.8985469531629238
0.022972040104181524,0.6668889178148552
0.0173400229628054,0.9244745242838041
0.03903702643587015,0.09245614123116075
0.029284653008413264,0.3529226762433049
0.04810565377619613,0.01889979652202068
0.022839847104349165,0.6739316290331283
0.02122701600975141,0.7583943855077617
0.030752583298101988,0.295591136497693
0.030701321651638802,0.29746991864600303
0.017637357784971663,0.914830487991561
0.023516501148792918,0.6378530513228067
0.02297853650176407,0.6665426576241227
0.023537311778094733,0.6367437330071859
0.02158098810863973,0.7402163194432972
0.02632420824048562,0.49152758303118393
0.040519110250535895,0.07295286952817391
0.02878199783221569,0.37426654340101173
0.0355593772296362,0.1557266555779297
0.03265951211168139,0.231783953773996
0.03375785944489418,0.2001635868943338
0.03598816577085995,0.14641386030938205
0.028556711117905698,0.38412096436829696
0.025292774514204475,0.5444226788163751
0.02038497162524533,0.8002803255684909
0.039374152227856674,0.08767318310475027
0.04665731777754545,0.024899039227477122
0.018188424206856735,0.8953572345112143
0.022511577915179548,0.6913807295209873
0.03612485586364533,0.1435415807712718
0.027101029232262208,0.45213839158381036
0.035869560304468584,0.14894362291677532
0.030160686253827507,0.3178229881681072
0.027112705339027765,0.4515627650017013
0.03872102992483317,0.09713579942398451
0.02119480080851932,0.7600343172435591
0.015548635668618804,0.969011905691841
0.019386208494803547,0.8465516657021644
0.028538593385083966,0.38492124906095176
0.03657114711152809,0.13448006912317684
0.02873992454261176,0.3760933076616106
0.025604572655368862,0.5284639986287458
0.03018513872623757,0.3168810684608065
0.022497310911040014,0.6921373618678233
0.019493112870614088,0.8418140338013214
0.031054463843567803,0.28470442849388644
0.039058804483944776,0.0921406989058415
0.035495588584068205,0.15715190855188935
0.024284648576554768,0.5970541880394191
0.030452967515327778,0.3066970708049522
0.026926608512460037,0.46079518519751345
0.01785217773127823,0.9074814965138912
0.02697668924023977,0.458298481462156
0.03459849248787111,0.17832622673585444
0.022244015452588806,0.7055386753666102
0.05039803942732446,0.012008504957305237
0.02072279199654581,0.7837391116026456
0.04971744074727602,0.013769672840961632
0.02204637777316293,0.7159449572079204
0.03647096912051384,0.1364724439628434
0.042772801458676124,0.050032555678954045
0.04014103624147103,0.07756277458270219
0.028812084612145572,0.3729640397376774
0.03089961020383375,0.29025110171591517
0.02780941804279602,0.418096008563574
0.02183976093394069,0.7267655486495668
0.02576943699389378,0.520099587974304
0.025437123232226244,0.5370126291319479
0.02462007650847997,0.5793936106377328
0.033666879074798595,0.20264745766672962
0.031862347925139034,0.2570399166877937
0.020319680978294064,0.8034310593825007
0.02129996179131688,0.7546716390812684
0.016123004978388367,0.9572900006335977
0.02660024398802907,0.4772847393976982
0.03932312205991384,0.08838354021158808
0.0456546428729373,0.029986614175198118
0.021851179668085585,0.7261692904957191
0.024489681324773804,0.5862441383336627
0.045392949530496496,0.031456710323357916
0.025084063708129878,0.5551993763888423
0.030671314746424705,0.2985737752056247
0.04145352637090072,0.06254686968147134
0.05254401326275038,0.0077055129846759106
0.0208316021416578,0.7783317800258087
0.0217332921533821,0.7323144219177558
0.023190724629368886,0.6552277694345776
0.03047785460963448,0.30576308089833376
0.028258946522008,0.39742099307323847
0.02741288478694437,0.4369311697468166
0.030703319214048452,0.2973965417972352
0.04396699133736626,0.040633039837594295
0.03945615267535307,0.08654175640099628
0.023605966366967712,0.633084994417997
0.026480071562585916,0.4834520559404297
0.04908638893613837,0.015606673415353208
0.024216347446493702,0.6006646388801367
0.017432442460042386,0.9215434726528646
0.02388242155648046,0.6183720693745269
0.018396018643619283,0.8875065004324578
0.022610048492996193,0.6861540487862253
0.029244156090741047,0.35460951496345383
0.03944053923895263,0.08675623663723513
0.016417969325224074,0.9503349845396609
0.02309269051445395,0.6604564269699459
0.02768967914909537,0.42372445064758
0.041102863250320254,0.06629273402778021
0.01603559821397882,0.9592282151844949
0.025660277821681565,0.5256318588888876
0.013368768192455471,0.9940414720607436
0.025268083498633825,0.5456938090229833
0.02423393110679134,0.5997347368901965
0.03240040893474505,0.2397751065233549
0.03109075342644252,0.28341604873062
0.026211030048787,0.4974456188270845
0.03213406322683876,0.24820732390397335
0.02024374664466122,0.8070754063180472
0.035537162573183845,0.1562218217935531
0.026895164211325207,0.46236737024646285
0.0375859350368678,0.11560424259063619
0.036455358858836995,0.1367850582161333
0.020021320081780147,0.8176208948334498
0.048178560039020324,0.01863518843081609
0.04212988335330248,0.05583145488255148
0.02853583694699896,0.38504310634484185
0.03178230776296431,0.2596865627708048
0.019961097592423704,0.8204414680199079
0.03356581262808511,0.20543485917394394
0.039973013206363484,0.07968927581028559
0.020016075721458138,0.8178671210776193
0.03225629495341009,0.24431001603359126
0.02779747891701362,0.41865492504843155
0.020878297646972688,0.7760001961984283
0.014490224008476993,0.9846456631278391
0.025426685679358824,0.5375471942957225
0.024584982014762835,0.5812353612389001
0.022936591899058306,0.6687780844264822
0.024537437407544577,0.5837328613592381
0.017891093039648642,0.9061166726634139
0.028901716798736654,0.3691025994289445
0.018008055965774095,0.9019536307718035
0.02654576046952828,0.48007449341907904
0.056287965067523094,0.0033994556557280686
0.028470108949059547,0.3879567848989019
0.0315418997173601,0.2677596860234101
0.023114765828535444,0.6592791485639464
0.02200413244167554,0.7181625692458429
0.01734867515801114,0.9242026927289364
0.02307250238103231,0.6615329877964475
0.047590403439755985,0.020867413532463366
0.02305930297489789,0.6622368221992879
0.027764758519697175,0.4201892966676173
0.039383028414932686,0.08755011451259588
0.02566038440953544,0.5256264455326025
0.03328483590920189,0.21334141236188325
0.029831943886625467,0.33068463650070967
0.01854451172844479,0.8817259247964853
0.04000991951645316,0.07921801565594058
0.028157831329709837,0.4020089269743586
0.015173532485671881,0.9754035126431116
0.024072127705801916,0.608301797279863
0.017491644715657673,0.9196341988876993
0.04146993841999813,0.06237607996997396
0.02622324425963063,0.49680475475274805
0.021935463141639966,0.7217617114310381
0.03364300980050375,0.20330308930052265
0.020586557398496075,0.7904562630744463
0.023782726567204315,0.6236734623802906
0.03620407806007636,0.14189788054170824
0.023005797826585628,0.6650894861301255
0.03747773726578163,0.11750664517378498
0.043662573049730424,0.042869928554378336
0.023172599429945873,0.6561945588318787
0.021358981715457803,0.7516503322886574
0.03181466384555037,0.2586141942761111
0.018248695901993295,0.8931060564023224
0.05567981541615197,0.0038976276387084246
0.02981075191673077,0.3315264614176371
0.02654950010212398,0.4798826727886628
0.03459945020225774,0.1783024709926991
0.024062777424798412,0.6087975323524817
0.03055028762014167,0.3030566136563677
0.021383064171416666,0.7504152112261333
0.03002844895156881,0.3229521533142531
0.022542773491100454,0.6897257287244359
0.02621881971377918,0.4970368438933861
0.023071493231513474,0.6615868001020053
0.030912067995770953,0.28980193844204666
0.018598953078406394,0.8795729823537806
0.01587647575269535,0.9626135104131558
0.016469905670046428,0.9490440005715225
0.028451222109712515,0.38879685290920224
0.028180418614768388,0.4009809174029142
0.01942609043430965,0.8447908483070414
0.0317209200757797,0.2617303381830169
0.02908820802030687,0.3611587959804513
0.02766310473673328,0.42498053752962894
0.041828627423456666,0.05874188307869931
0.014736743534391195,0.981653037301495
0.021435462598853927,0.747723342563841
0.03294906439699774,0.22309741883000683
0.039847104820857515,0.08131486931540982
0.024539108741555127,0.5836450213732112
0.022950300292826326,0.6680475617554962
0.03281169040670154,0.22718678086177055
0.021946290642373523,0.7211946835340162
0.04171020919544499,0.05992106132017582
0.028662790480137423,0.37945856672287004
0.031516667566207024,0.2686178198994073
0.022247845187727183,0.7053365524031407
0.03233924191314774,0.24169196285096514
0.021740554622087127,0.7319365504351278
0.044111072623901126,0.039610262645906176
0.020686411876797095,0.7855387556946518
0.020972606916084824,0.7712717178050871
0.02944162078964753,0.34643840229526196
0.03617454028179545,0.14250893636701165
0.025799711880609533,0.5185694300582586
0.03437524859055918,0.1839325223735559
0.021831543500811346,0.7271945090653212
0.01544033658878391,0.9709576128771313
0.03247057089885963,0.23759069544361183
0.029146839745035846,0.35868649219799587
0.0266864768259929,0.4728909169734827
0.019261625150529954,0.8520003791492531
0.045040254307185945,0.033538111883015434
0.020145462073473452,0.8117594941329365
0.029913128873127526,0.32747394676617525
0.03923456155559499,0.08962780074098832
0.04121769661827471,0.06504551709188416
0.03579250970838488,0.15060587867187347
0.028210095857072126,0.3996329785602643
0.02367150630301515,0.6295937810775254
0.022932108132073248,0.6690170112474534
0.022988855307149225,0.6659926360687362
0.02518666934295466,0.5498924160701795
0.02316871767027967,0.6564016064268468
0.03216961740791907,0.24706884988536945
0.017755471029858527,0.9108288320425961
0.020732542019482048,0.7832560850055402
0.01938711420401673,0.8465117661191272
0.025914830782703735,0.51276810979018
0.03739545667579114,0.11897054837958895
0.05101031680160617,0.010600608485133552
0.01908830841100559,0.859446299503259
0.025135577165207174,0.5525328815788033
0.02149325449693662,0.7447474323798655
0.026439341524666538,0.48555400660806564
0.01849021737329315,0.8838551832052033
0.02941963050893548,0.34734164892214114
0.03183959909604622,0.2577900572306924
0.017268842877838947,0.9266905965328416
0.01570367605613332,0.9660819886541285
0.027150247453445076,0.4497152547640629
0.0250384658919805,0.557563151661493
0.03688932659434496,0.12830865725888288
0.02013791426573766,0.8121176410220468
0.02087149772168745,0.7763401310531493
0.04012231102727443,0.07779735913796205
0.031610077074449905,0.26545130673358697
0.02608264030568408,0.5043611573673845
0.02869397245908456,0.37809561103374145
0.029983463813822886,0.324710638260014
0.02587448187365271,0.5147983592772756
0.02034637512310189,0.8021447775168062
0.023027926024289366,0.6639097896040377
0.03312460757801883,0.21795480567717088
0.023609614807592827,0.6328906053315217
0.019668695527800817,0.8339128159570538
0.043078391998571774,0.047463826275249574
0.02538028184072083,0.539926157363491
0.025040323692091637,0.5574667807370796
0.02711743571563352,0.4513296981912724
0.019014326615762273,0.8625756485816447
0.04531611203145436,0.03190022364254159
0.040894677312579786,0.06860591160165874
0.015448213948638267,0.9708188633161582
0.02677910598633837,0.4682007072778589
0.022628134294465085,0.6851932943127222
0.022735841398082046,0.6794672138715413
0.023587640238368013,0.6340614811407961
0.03026161673195482,0.3139482322751852
0.01747564469875762,0.9201526305627126
0.04767782621186645,0.02052123156500657
0.022494043056049462,0.6923106442699285
0.02847722130571473,0.38764076147504994
0.03938593695723147,0.0875098190691216
0.0181240756910509,0.8977348867128636
0.02774480410549801,0.42112690069101727
0.0365537717254632,0.13482392844564706
0.036949678467714464,0.12716461108086077
0.025308413306721067,0.5436181107765539
0.013180249442361722,0.995046229010437
0.03469567642734128,0.17592838253457152
0.01913202592115537,0.8575831711752484
0.024209036951103657,0.6010513332708463
0.03186782517974446,0.25685955150019335
0.019108810961305456,0.858573811905134
0.01992271038993121,0.8222313807126402
0.02049088256093451,0.7951365727711943
0.01791632773037119,0.9052262162426594
0.02200019103813644,0.7183693375152352
0.03584456245672818,0.14948128468820232
0.018893394251953244,0.8676259833752498
0.04574495380643323,0.029493512656971824
0.021706919791518342,0.7336857946500518
0.020499444937080002,0.7947189936236798
0.021494085480905922,0.7447045900058511
0.026721719976307345,0.4711028008006697
0.01251813962197637,0.9975877128149431
0.025788792290130425,0.5191211169845551
0.02550852408525328,0.5333611093553046
0.03483090956737589,0.17263442752567332
0.02925873377337551,0.35400164433752745
0.013957061027622286,0.9899113975633314
0.030271510349934028,0.31357027616576233
0.02481359776573358,0.5692659242470826
0.026068559960765403,0.5050642414853075
0.028369125977400322,0.39246308436001553
0.03563072169387249,0.15414491138220304
0.018004090521249183,0.9020962602947881
0.021453835540597987,0.7467780349144265
0.023675940430611386,0.6293576430600335
0.019764513040655185,0.8295403311095861
0.016784572971522804,0.9407972568280369
0.018080851953549804,0.8993169008476845
0.015729545116575983,0.9655764191012141
0.02900401377817985,0.3647300400618745
0.01812378587264385,0.8977455347381669
0.05619577836030998,0.003470992482055895
0.02533059224407999,0.5424777964064375
0.02756014085918479,0.42987109462937745
0.03148847821448286,0.2695789669602307
0.023756643604483096,0.6250613439846586
0.036880380013213865,0.1284789652096534
0.03486156422499198,0.17189461919582713
0.026711538772739796,0.47161890527122236
0.03324346572951964,0.2145252450153323
0.02241038372422066,0.6967435869780458
0.016642641709208483,0.9446072209134777
0.022876578422129312,0.671975414026197
0.029621054383539458,0.33913089738307334
0.018729844920659933,0.8743243940654996
0.02628439449289044,0.4936042405390209
0.022153995221396383,0.7102846872676547
0.03701064136119142,0.12601747110005673
0.031440255741017165,0.2712291447212152
0.02644769092808308,0.485122638963097
0.03149107920450145,0.2694901754127425
0.026787824424324813,0.4677608307763623
0.028188433372506094,0.4006165792520619
0.024687416929041195,0.575863897358433
0.016849791339118483,0.9389969546160541
0.027752934755990527,0.42074469205143555
0.031199668597795216,0.27957531121257617
0.014625894882271395,0.9830447103373502
0.030531367993726466,0.30376184312151616
0.039727855601814216,0.08288019686115769
0.021016737018822118,0.7690504427100538
0.031463921955052765,0.27041834081637944
0.026481871486961628,0.4833593036123489
0.02496405009139635,0.5614277083039965
0.017812234773389446,0.9088717409677557
0.015128765228577201,0.9761018881014966
0.02022661663455541,0.8078944987288336
0.01806273958385607,0.8999761972829615
0.023179547305267584,0.6558239656314255
0.033249701538277665,0.21434647805817256
0.018467005546040194,0.8847599898883691
0.03774791615668949,0.1128037108711839
0.019555720777532815,0.83901352224185
0.02665603337354394,0.47443907660476503
0.015551896981207292,0.9689520316934659
0.021063330735385466,0.7666993363328755
0.012355070375900612,0.9980172272207077
0.034092848066796466,0.19122291284402623
0.032940263436265715,0.22335769172603578
0.018179484579163963,0.8956891493724937
0.03252868120435165,0.23579305386945934
0.01808122988033678,0.8993031213223234
0.032693297632477414,0.23075720280331047
0.01822793533802025,0.8938840984995009
0.02156260308262027,0.7411671393089285
0.050092390687741406,0.012772626210373084
0.022052941744058308,0.7156001643589844
0.03070192359946855,0.2974478057739163
0.05858137172668143,0.0020027880218935717
0.01952315859366005,0.8404724217531876
0.032001457430625324,0.25248866100621903
0.026902098814135078,0.4620203434884073
0.021641890685289877,0.7370618427779618
0.04448199641373973,0.03707990579519113
0.018369510062742386,0.8885241137121052
0.03511977699567631,0.16576274034362137
0.0407085479494132,0.07073186876449604
0.0559655566464789,0.0036557427931691953
0.03661786880392082,0.13355898784999687
0.027317587507670216,0.4415413748848547
0.029830827420681494,0.3307289481870615
0.02449839077749877,0.5857859520226121
0.022765023727766676,0.6779145841150287
0.02772061773727036,0.42226525565194717
0.024746653549259756,0.572763777006152
0.01814973953418758,0.8967898278860267
0.02594214935648992,0.5113954352416048
0.019328055057569515,0.8491048720635457
0.033303675375344066,0.21280399332905003
0.03216978000151993,0.24706365264527988
0.033078823766459764,0.2192871319215801
0.019687681156505793,0.8330497762900569
0.038241757608950544,0.10460950136384066
0.039293731230819806,0.08879485898504723
0.03276705224552101,0.22852792539123357
0.03918344140534491,0.09035269586617581
0.02994284000092523,0.32630459171839193
0.012369058970848168,0.9979829525347244
0.05255308448259788,0.007690773348778183
0.028271216773017582,0.39686671998170936
0.019201760393303527,0.8545901707413163
0.024734952265565713,0.5733757921465987
0.04044585293715175,0.07382748450886237
0.031888660453829265,0.256174323436142
0.020421111648667778,0.7985296232221641
0.02228129771674553,0.7035703121012179
0.014709941312646801,0.9819965335170387
0.04241323030532462,0.053208104002577215
0.03822218485630874,0.10492459488260011
0.028309320535828686,0.39514889727015756
0.024754944307653626,0.5723302538780654
0.02514837843153217,0.5518709083085928
0.02511391369453031,0.5536537338280876
0.03293176254492736,0.22360931302666653
0.022081382824464257,0.7141055225618061
0.02738703343113924,0.43817857866952836
0.020316303746061193,0.8035936056284515
0.029012310796081242,0.36437700417422697
0.018854242391011855,0.8692434498207295
0.028613420647076282,0.3816235251178834
0.020468600865876208,0.7962220292841512
0.05019082486723642,0.012521888997925982
0.023659952014468577,0.6302091390173707
0.02672227487609602,0.47107468249915374
0.02675080248516537,0.46963058882475905
0.02228587705957885,0.703328432819406
0.013967422952935654,0.9898237415568988
0.01939391814205174,0.8462118980514765
0.013932761183678505,0.9901148021361922
0.020575755921862338,0.7909862202904147
0.019335810089908922,0.8487653789791614
0.02399892456312558,0.6121846705489002
0.03440903564449871,0.18307519468338654
0.03490400437697616,0.17087455251782152
0.022135477813453375,0.7112597166485746
0.021998398817916875,0.7184633509405074
0.05286019204847037,0.007206648258484366
0.017942656004543145,0.904292631044759
0.01513867276752956,0.9759484918376992
0.024300291476002323,0.596227917074001
0.025023400834168485,0.5583448281086241
0.02439176250624797,0.5914012433374713
0.023129420241811527,0.6584975861801632
0.03197192061023657,0.25344987418247295
0.05183014623105342,0.008949335193567453
0.027983525071293647,0.41000307423397453
0.03704026635639851,0.1254630845094566
0.021033764407745126,0.768191932052557
0.02080031952066075,0.7798901061712908
0.031211746931159134,0.27915178828191445
0.03619508824850548,0.14208362983766085
0.02910166940687714,0.3605901104007287
0.012788028500313214,0.9967193336002825
0.03486677671137056,0.17176907438414044
0.03621115561025612,0.14175178134909347
0.034149630322784064,0.18973905332026839
0.0208247018209759,0.7786757706087354
0.036634468158656563,0.1332329852321887
0.026561357732693525,0.47927477700104004
0.02213902793889766,0.7110728195874212
0.03179482335862688,0.25927136449167065
0.030423735441297395,0.3077967932073967
0.016043924779546692,0.9590459859836932
0.03335267706173872,0.2114110837936666
0.024843421912106867,0.5677095880378932
0.04555078882896796,0.030562625661462173
0.026498758071006545,0.4824896784950657
0.027393894344594216,0.4378472855434531
0.03303617854713359,0.22053378352545952
0.0364298473375958,0.13729721077154133
0.0231600331657197,0.6568648204904112
0.0164814188690995,0.948755122799352
0.01728135588281815,0.9263036442746196
0.02433498859142247,0.5943960467365795
0.015386095011639567,0.9719012550224825
0.021251392122886514,0.7571518005646025
0.032497284355453904,0.2367630169297883
0.01955835683728885,0.8388951949272254
0.02831026884436627,0.39510621057916245
0.04833581255484776,0.018075684176734344
0.0317082204342215,0.2621546562904923
0.03501481701774012,0.16823384863706084
0.0431351639606129,0.04699940846443937
0.029873077711352503,0.3290550535047687
0.022514092638868943,0.6912473467677458
0.024420187634620394,0.5899030966505214
0.026430191570164574,0.48602701906902196
0.0217441779845311,0.7317479890081307
0.02881607256786728,0.3727916340805932
0.04181822057761053,0.05884470759764353
0.02659781994303878,0.4774086345955829
0.022901901029078797,0.6706264715178434
0.040989567798807025,0.06754318334044743
0.03496054719249453,0.1695230208009463
0.010605664442708607,0.9998711340117871
0.017532882899180313,0.9182897268035147
0.0390856481618187,0.0917531243891467
0.025603432420121863,0.5285220322002657
0.022752124573063914,0.6786009344872895
0.025810883452085598,0.5180052616634923
0.02284582763517673,0.6736131614893485
0.026772822506713978,0.46851789946383965
0.025495337552182973,0.5340347797838143
0.025418388277072212,0.5379722903952493
0.025070336067903043,0.5559106708142169
0.0332577139132767,0.21411695055329522
0.029970609557223193,0.3252143882641023
0.023124749141320122,0.6587467128320923
0.029184393586761725,0.35710928882238163
0.03818975332156471,0.1054484307971396
0.023466999774663544,0.6404921819535146
0.027999992056700118,0.40924323299158155
0.022236794268891802,0.7059197437532512
0.01928086894239045,0.8511639255130584
0.02372872208983834,0.6265474286383077
0.029578753863640117,0.3408435534320899
0.029699564128716216,0.33596860470988243
0.01840272899461104,0.8872482092260204
0.027768381500513417,0.4200192148197573
0.022513132463598318,0.6912982757723484
0.024620396680366072,0.5793768150575151
0.028370844173704057,0.3923861089219385
0.033114556620942426,0.21824675410348746
0.028968791535172622,0.36623142540414644
0.026002533579805753,0.5083668832450071
0.04282563177654558,0.04958006731048448
0.046110486322313904,0.027569932370221442
0.029308511482929067,0.35193156399470854
0.041725217687457405,0.059770496401323335
0.045940603467375496,0.02844969890507872
0.030215937276959925,0.3156975908449491
0.018752460636189766,0.8734073226734766
0.01824989592046744,0.893060999352234
0.02470430177885724,0.5749797690171755
0.023446343769523703,0.6415936041560524
0.02346552742924779,0.6405706876313855
0.029195622083652006,0.35663866642283254
0.021513350535712572,0.7437109500069619
0.01686112023352465,0.9386810528282589
0.01450902244906671,0.984430448448092
0.021959708368660513,0.720491760086255
0.03700513525377469,0.12612073026585674
0.025530884197764836,0.532219517489401
0.019565428124240003,0.838577615306823
0.03079547975115096,0.2940256906996868
0.017405447123870155,0.9224058721805101
0.02952194046876866,0.3431535531094889
0.01916057960977413,0.8563607653609577
0.021112233898196137,0.7642254087651446
0.026564717550320416,0.4791026229069927
0.03221670000995158,0.2455673455285994
0.020727896347611685,0.7834862740172958
0.03672118004139657,0.13154053995632048
0.02149974655063236,0.7444126880255647
0.034814729359522456,0.17302593511449446
0.03883368658689512,0.09544525872634566
0.026722955700052897,0.47104018477259335
0.0391721755421095,0.09051310759860098
0.03859760639569487,0.09901652016231871
0.041720005783364766,0.05982274532373432
0.028884845749013066,0.3698272622450142
0.020884549675684427,0.7756875309018636
0.02473107771711544,0.5735784836533844
0.0221257852780819,0.7117698994985152
0.024180328248270377,0.6025703660759653
0.026412814013666353,0.48692618213638245
0.015836675402879252,0.9634314926939542
0.02790435414489001,0.4136697568905032
0.036812646190899634,0.12977435800430898
0.035585050279789754,0.1551559741653473
0.016800746421985813,0.940353708900113
0.018272743309413086,0.8922014011900322
0.024760104622161827,0.5720604679006762
0.02158185000843371,0.7401717278856932
0.026650442877322822,0.4747237324832387
0.03148677339666761,0.26963717725091085
0.022940694226494474,0.6685594773401923
0.025380330880774737,0.5399236412267165
0.030574634680167967,0.30215084791586555
0.04657162783029062,0.025301809657621417
0.03659729538763179,0.13396394094489864
0.024283198762560743,0.5971307804459796
0.01931320255745561,0.8497542169669231
0.01160028599850016,0.9992870977928917
0.02778019158362477,0.41946511197049524
0.01854737798445283,0.8816130214804401
0.019701999445674467,0.8323978035670414
0.0383913111193786,0.10222775237283593
0.028896154161052845,0.3693414210742783
0.025466944495126154,0.5354864032450617
0.03314652645854904,0.21731918054728294
0.033727123014981375,0.20100004874487395
0.030657535431674543,0.29908168162037085
0.05034512825110832,0.012137757525563505
0.019802768057906095,0.8277830121924157
0.026900834529122175,0.4620835990273711
0.021511951714762834,0.7437831236208421
0.02016923179128316,0.8106301345075789
0.030070864449945334,0.32130045551873854
0.023566927598041243,0.6351652648096286
0.03157470861970202,0.2666469521493376
0.03151082580298925,0.2688167896318781
0.021923013068853525,0.7224134895059526
0.025687372530885155,0.5242564913452343
0.03804180967973825,0.10786563061936133
0.02445956354140194,0.5878292327422108
0.03561664840105516,0.1544558958197985
0.0192782804946815,0.851276546627987
0.0201687180383473,0.8106545678140793
0.03224056284230181,0.24480899747601767
0.016394802287474308,0.9509044331068488
0.04016415344482016,0.07727399400030777
0.035584976167563176,0.15515761916812926
0.025869617378546705,0.5150433550836782
0.03440835748558646,0.18309237146023774
0.023663438958265615,0.6300234257315706
0.028011529570904414,0.40871142865855736
0.028100099233084652,0.40464471087308146
0.022205379475264353,0.7075768210501059
0.02029626337370033,0.8045572712198705
0.022685319158376696,0.6821540594658111
0.025570714331584782,0.5301883096674296
0.04047569636791826,0.07347011755779168
0.029037909025224518,0.36328932742095943
0.02175368574854475,0.7312530895746749
0.03468290327547385,0.1762420685882109
0.017940274159288103,0.9043772801945151
0.018067416088843102,0.8998061766031815
0.02765612341397783,0.42531093988484237
0.028626174553260775,0.3810634185144136
0.03551687770681766,0.15667507745631098
0.021435931004108483,0.747699251752685
0.021576520894937612,0.7404474130440178
0.03056762539428992,0.3024114049431121
0.04085344540288538,0.06907210842818322
0.026602981738777398,0.4771448355738013
0.021067537382693513,0.7664867801646352
0.02119975223815007,0.7597824306555763
0.02778622823739485,0.41918207757244413
0.02443940753410012,0.5888906043377986
0.03412413723833624,0.19040412458205616
0.028471942865980093,0.3878752813208149
0.019419868268919394,0.8450660830424013
0.021488543503327295,0.7449902857072797
0.028983831573678842,0.36558979540744097
0.01443232906208547,0.9852953111861741
0.026631960722136694,0.4756655961592729
0.02449945022760247,0.5857302224387646
0.02696249092574199,0.4590054092167181
0.030886518776951255,0.2907236660780234
0.021717055291317067,0.733158894160808
0.014755279758275286,0.9814128424849358
0.02018111176051332,0.810064851665642
0.02284687544313413,0.6735573633211497
0.034156844653381535,0.18955117619347536
0.02335248046160776,0.6465995016258486
0.032363021716179774,0.2409453646786758
0.02758683600951284,0.428599502318054
0.028515040348238457,0.38596335334640436
0.023307532944515263,0.6489969902822279
0.01546012546125014,0.9706082328732571
0.034290209712485475,0.1861043813759546
0.028558900213354388,0.3840243476306853
0.02480903844692567,0.5695039555929483
0.02511374058586524,0.5536626933712343
0.028556647416333597,0.3841237761201612
0.03623438150377689,0.14127319480201578
0.03140084984430214,0.2725832308267933
0.01722562186099849,0.9280185443153006
0.016649948626376587,0.9444146936468302
0.029884179435028302,0.3286162370696439
0.019323607935954057,0.8492994162525878
0.01829606528967176,0.8913205300742595
0.026778616264828026,0.46822542352707613
0.04213944742264386,0.055741124829234955
0.026335294911284834,0.490950312206848
0.028626312901428363,0.38105734589926643
0.034310900590108995,0.1855740901521444
0.020087599092121988,0.8144992916875298
0.02127330664462146,0.7560334599009231
0.018007859458399,0.9019607012161955
0.027419976055125417,0.4365894107822286
0.03041331173453521,0.3081896352286832
0.03153966925672347,0.26783545989381646
0.020092302193484457,0.8142771040805813
0.021463186761683573,0.746296623421094
0.03517809116065662,0.16440241438202646
0.044981231311003234,0.033897991801130054
0.025516824450188103,0.5329372272447497
0.03164074383657145,0.2644178723259002
0.04132856134664836,0.06386046877363417
0.01523072043491458,0.9744916574929118
0.0283200746933705,0.3946650019158667
0.027957863376076086,0.4111891133514581
0.040453890919855295,0.07373108706249532
0.025561565894202054,0.5306545867370641
0.03906670769195131,0.09202644863390069
0.03443387623593652,0.18244689640545236
0.021128351657872524,0.7634086546708317
0.01612581905396382,0.9572266694841085
0.033628033990696915,0.20371528398635144
0.0318124402010162,0.2586877846860608
0.03270591375209109,0.23037469290867324
0.025739054456233146,0.5216370326626756
0.025659478460836715,0.5256724573229106
0.027563970115754843,0.42968853626565523
0.03521214944231221,0.16361205742958282
0.02275361308992696,0.6785217367099223
0.020836499319918933,0.7780875617988008
0.03148019204967839,0.26986198306947834
0.032924545504401326,0.22382310473517564
0.03261972328764717,0.23299764073749604
0.016903025804692273,0.9375043729665513
0.020083510928581294,0.8146923550865462
0.03156928703837408,0.26683058825580996
0.025458297717559253,0.5359287713228096
0.02261800604433495,0.6857313558740867
0.026585582090706827,0.47803444216765356
0.02998591919079735,0.324614477992468
0.04590238533305935,0.028650997715285238
0.03327546301645551,0.21360917795607004
0.03290279562327447,0.22446835927468656
0.03014189449527621,0.31854823868959226
0.013241120112683302,0.9947370815287919
0.02899629032186768,0.3650588880257368
0.01662772084799022,0.9449991441475569
0.03718213014919358,0.12283594925746588
0.02597747348885704,0.5096228283896469
0.027944594665096467,0.4118032894155683
0.03236875923758062,0.24076549163166877
0.029718123102144833,0.33522417859682657
0.050368921576531056,0.012079480215891525
0.0318701308813365,0.25678365371751843
0.031288629010373104,0.2764671554315916
0.023346765497152866,0.6469043272693262
0.01952265635962741,0.8404948836118963
0.0287331366481145,0.3763886129539675
0.015499307062081247,0.9699083705294227
0.01800413040525728,0.9020948262599143
0.027160099341177746,0.44923126039717337
0.028068932545205982,0.40607256321727575
0.030503014978642662,0.30482095806664256
0.038597547135855836,0.09901743039880416
0.02458624959844921,0.5811688126084422
0.02930935283781888,0.35189664922532815
0.038304005524466056,0.10361261741118376
0.04290243889371542,0.0489285321665259
0.01685960595491881,0.9387233322844181
0.019853361089698374,0.8254489373852594
0.02320099692830449,0.6546798393474142
0.027054298775961383,0.45444705303188115
0.02184144371813379,0.7266776913457937
0.026764078455965956,0.468959536400008
0.01702926408419178,0.9338822497368223
0.01484281912664287,0.9802491236528895
0.03645285971284862,0.13683516067016732
0.025147600659222946,0.5519111205577762
0.017747296809997093,0.9111088539798299
0.016962337642848296,0.9358170130074088
0.029178878921473195,0.35734058747658315
0.022582286544899022,0.6876283630827884
0.023062580436576108,0.6620620608189012
0.03629940070485471,0.1399403939120973
0.022305354465390725,0.7022993868626357
0.03384922395361886,0.19769327048989277
0.019784049780082205,0.8286436909800836
0.028433068239841486,0.3896055092216385
0.042722057352544196,0.05047053180177232
0.024593046615971614,0.580811999806073
0.03566930101490717,0.15329498868769392
0.026520711286412757,0.48136064930113
0.061463997146560145,0.0009995628881004767
0.01783171179699128,0.9081951760361229
0.048566836294923865,0.017280916903303415
0.026285404050215178,0.49355151316491885
0.024046405329368026,0.6096657142103785
0.022229085745580357,0.7063264627523691
0.02825310028710093,0.3976852677239217
0.02385089262080986,0.6200480409177949
0.023859679273833145,0.6195809126142131
0.02989836278122282,0.3280562294851686
0.03594501472293743,0.14733018825969074
0.019822715835210336,0.8268640849160767
0.0194686665299294,0.8429023783458307
0.027922758822571336,0.41281538126714945
0.021526232636743747,0.7430460933405081
0.031121747123008858,0.2823191258883772
0.026555046565105822,0.47959826433041247
0.01770150368239637,0.9126691245537889
0.02387106568563646,0.6189756403681363
0.032703137166570334,0.23045883474737947
0.03140470720118116,0.27245045917015853
0.025457998316543773,0.5359440910814339
0.023385268659810277,0.6448507074103458
0.021354898484534805,0.7518596183976106
0.01593939492743135,0.9612969495130118
0.03360488579224896,0.20435369946369097
0.05607782415179102,0.0035645471059322464
0.04182296588558926,0.058797802589478934
0.027536970400208527,0.430976853614016
0.02461343308177294,0.5797421401680589
0.02124639516174326,0.7574066418714371
0.023752536355438836,0.6252799229874622
0.023476205379005244,0.6400013483927565
0.024340703161759403,0.5940944555727692
0.02274554976857268,0.6789507377806077
0.017283985469835006,0.9262221846369595
0.029041979567466902,0.3631165804669778
0.042026346401876524,0.056817419690437306
0.02632175929741598,0.4916551556992041
0.01672146168465516,0.9425096829533388
0.0159196572254523,0.9617130494964404
0.020468402945171937,0.7962316632165338
0.02503110806525094,0.557944881515906
0.03231270011970233,0.24252736113122422
0.025682415924259072,0.5245079890291855
0.059618945687196834,0.001565548097743282
0.024948550901123634,0.5622336607596468
0.04206647002193564,0.05643356741595872
0.026897310335015967,0.46225995393064795
0.024718973404862177,0.5742118312304989
0.027718216622012126,0.42237838027382185
0.011314873661356084,0.9995424400133073
0.022118165447714,0.712170896577595
0.030492988889601058,0.30519612641747174
0.02590252200301213,0.5133870969054358
0.024384639381372808,0.5917768020596845
0.02522043177190844,0.5481499107634067
0.03619455499503288,0.14209465421908013
0.029099840328349114,0.3606673438478248
0.034588464857213674,0.17857510906434843
0.028303796462551684,0.39539761856539124
0.024012712469517528,0.6114530214534464
0.03248009966821064,0.2372952064193088
0.02419282726349742,0.6019089289658361
0.030015066471124063,0.32347455563547717
0.01864309777673745,0.8778141839316251
0.03317873192338994,0.21638786085688697
0.023200725596795757,0.6546943124049804
0.02706477564701315,0.4539287779758659
0.019061482420670628,0.8605844519365144
0.027035137182184477,0.45539596192246495
0.026565964858147384,0.4790387221843836
0.03297620506471044,0.22229625545027573
0.015819292455675926,0.9637851535161698
0.0377151186061101,0.1133661865138852
0.024149327923172037,0.6042114648436712
0.046883924277126454,0.023861156734253475
0.02506044227042087,0.556423498745563
0.04179886679937206,0.059036342707214966
0.022867626977333688,0.6724521979932705
0.028207568870776467,0.39974763234490074
0.023110355683198303,0.6595143482319807
0.03756832400833898,0.11591214957539327
0.03608972476224653,0.14427539975938813
0.025676722881091213,0.5247969126430154
0.040181218298944055,0.07706140361612848
0.028529087262074704,0.3853416114752602
0.025926359949727085,0.5121886142720498
0.037779569509596156,0.11226304588697548
0.03635708941437943,0.1387664211093744
0.026378175240320656,0.4887216917926556
0.017823159568758268,0.9084925672806682
0.020364543759011977,0.8012677991008361
0.0358924870298416,0.14845188115274086
0.019408312515146964,0.8455767361777982
0.02673402523474988,0.47047951717522535
0.026296270806258792,0.4929841910664207
0.016237611254251827,0.9546637353092272
0.019582659968820082,0.8378027150227646
0.0258842212281567,0.5143079923309134
0.023477722312455818,0.6399204688212231
0.02445234840314267,0.5882091147651576
0.02340138637479655,0.6439911011288345
0.022758875193957195,0.6782417523654904
0.03279188009111356,0.2277812279732018
0.02178444466942886,0.7296509318268491
0.02586115959405655,0.5154694395382433
0.020922846675975104,0.7737697942562978
0.018109445721883333,0.898271714762407
0.03488761754121683,0.1712678439796893
0.024973085613181012,0.5609580295814267
0.02115150795116666,0.7622340458756272
0.019503490981417182,0.841351121945086
0.025881980374030333,0.5144207997939099
0.046455460558197825,0.025857040608400193
0.025734236820766476,0.5218809878246748
0.026045291853823427,0.5062270442658285
0.022486017060758146,0.6927361948524448
0.0388307919519596,0.09548838629819208
0.023611444204312465,0.6327931367631662
0.03135801455063414,0.274060895931038
0.015158762752434884,0.9756354155661487
0.03127970491323229,0.2767777813403467
0.031913991977238765,0.2553430871350879
0.035334670610575436,0.16079394069175265
0.034933827243088356,0.17016063661681266
0.04159866313563376,0.06105031116673266
0.0200776326034956,0.8149698398854537
0.023818263216900337,0.6217831202069622
0.02820762844419994,0.39974492913362286
0.02980973503818507,0.3315668945150543
0.030929065153944446,0.28918994024628586
0.03620190745363461,0.14194271200739475
0.020682171462359067,0.7857482439675201
0.03673382967156469,0.1312951169505226
0.022918628697872645,0.6697352481899834
0.015881878899914992,0.9625015794796107
0.023717898728811693,0.6271235868144327
0.019471294949565565,0.842785502033863
0.03259535591098306,0.23374332797729827
0.012751802969930282,0.9968482427496272
0.040184176891453094,0.07702459648048904
0.01867968756748961,0.8763476052072406
0.02211054467453677,0.7125718674229253
0.020461714885462223,0.7965571281907141
0.02184154922774495,0.7266721825865345
0.026976801612645818,0.45829288935981466
0.02898990305707816,0.36533100192725126
0.023854593223005982,0.6198512988132008
0.01677431126609963,0.9410776832625439
0.03316293808858889,0.2168442007588475
0.019818782321284367,0.8270454283112763
0.03331011014762264,0.2126206745966078
0.018534656439700425,0.882113750060929
0.026844604291600627,0.464902714531012
0.021143546916488787,0.7626380278346978
0.01703519336603998,0.9337092711422632
0.022945793504950768,0.6682877362200323
0.030756856601532684,0.29543491285214835
0.019197201631613314,0.8547866179225516
0.02239661697772488,0.6974724416434057
0.020083421731666704,0.8146965666522703
0.01806354412957789,0.8999469571390195
0.04637978375800461,0.026224517988958453
0.0305569626987372,0.3028080873175565
0.016971517034181094,0.9355535766077303
0.015225343922224188,0.974578331516297
0.030756809616163394,0.2954366302141391
0.036320151491204156,0.13951718752240563
0.03489851079697692,0.17100632067850383
0.02044594899060337,0.7973237276507614
0.043998340633224164,0.04040856492197592
0.024590407556705052,0.580950531870229
0.03311894191552911,0.2181193379972441
0.018506310227254658,0.8832259423351769
0.02394644187284667,0.6149708704091439
0.028488178038749618,0.38715427107909656
0.02441644768224749,0.5901001614953982
0.03454924131888565,0.17955127022039893
0.026930984327527663,0.460576678274714
0.03968760056217013,0.0834143064952869
0.03089144353101614,0.29054582924131406
0.03313473698387426,0.21766088458667832
0.038286686186091545,0.10388918623843582
0.03644691811569223,0.13695433673420612
0.029660088660176942,0.3375559745738072
0.026646633461141045,0.4749177634452323
0.03798480999060999,0.10880909998397723
0.021849252773068317,0.7262699232884673
0.016329868287627447,0.9524794303274657
0.03472077639718152,0.17531326341054082
0.029377828563635022,0.3490632908134708
0.07933062468259339,6.3860743499915424e-06
0.03264255940882399,0.2323004708510101
0.028255480288124635,0.3975776669315005
0.02265690566953238,0.6836644361920337
0.025845071835053746,0.516280310491799
0.043300085015917644,0.045672553882743494
0.03997930996724086,0.07960870472881267
0.022521068701428615,0.6908773040993459
0.03820633306606669,0.10518036332189451
0.016794957191743842,0.9405126958266811
0.03355869709058834,0.20563222650592236
0.0682112959932169,0.00017242934509939295
0.03117086895732421,0.2805870945811257
0.02378493488192679,0.6235559733622711
0.01857705148261346,0.8804412504697803
0.034197570594739046,0.18849332954251577
0.013792970648894287,0.9912272618408647
0.03154009536092861,0.2678209829108646
0.032311253407409035,0.242572959372896
0.05233599558648627,0.008050647996416402
0.03686038058533042,0.1288603446691602
0.03659420778672173,0.1340248014325537
0.02662592082911791,0.4759736572165626
0.030950020890050667,0.28843672920468993
0.02697195728240176,0.4585340035999432
0.040281945545186826,0.07581662324887345
0.021907995674024072,0.7231993500576666
0.028017922225630598,0.4084169727557421
0.028433511806609912,0.3895857368257697
0.03064414869640597,0.29957572683066575
0.025795777199232983,0.5187681929661727
0.03622214936144641,0.1415250834263951
0.029003550212519602,0.36474977177731865
0.03896771911232122,0.09346604008093176
0.01910025987629016,0.858937979208299
0.03280333233590105,0.22743743522984056
0.02158716818780848,0.7398965519012479
0.016873972276447935,0.9383215415265109
0.034724054055726705,0.17523306487451765
0.018506865496161595,0.8832042027587038
0.035675961222417674,0.15314864346428897
0.025460830304782744,0.5357991903643147
0.029354230999696918,0.35003785691666994
0.020112893878933447,0.8133032435429761
0.024910983121515712,0.5641886434399813
0.02763702626481246,0.42621563136366786
0.0283868991804066,0.3916673478665304
0.030947183084118368,0.288538643075911
0.021562112635673647,0.7411924944798034
0.026092332816955277,0.5038774241553328
0.020307827592147165,0.8040013753911412
0.024295283052148564,0.5964924402544152
0.019433485873820766,0.8444634646065021
0.031749142638300754,0.2607892254357904
0.0437591982112725,0.04214858845824953
0.02934262109927699,0.35051805063348446
0.04697653257333084,0.023448167460009446
0.05106431417628643,0.010483907515667381
0.019768893109177066,0.82933945657393
0.01878028172374263,0.8722750951400365
0.019651639185639003,0.8346867315192865
0.01920882660197598,0.8542854563301177
0.02720745871001473,0.44690947028737243
0.02234259949607864,0.7003304984748937
0.015845416609311047,0.9632528249021616
0.035309129239012915,0.1613781871272215
0.022594829773985053,0.686962317382894
0.024502259758491407,0.5855824406736432
0.015948091551239885,0.9611127124463005
0.02140972070560576,0.7490465459297171
0.02800685933334246,0.4089266391719118
0.020267454805403762,0.8059399165189154
0.031459386619702934,0.27057358033617307
0.03223045342410491,0.24513005129638948
0.017314534162575113,0.9252722267292229
0.03507919427496414,0.16671473201874254
0.02326295778613069,0.6513747210286928
0.02242315160729136,0.6960674543820922
0.041443293701772244,0.06265355688929024
0.03693969364118693,0.12735330774193
0.03932082936521214,0.08841556838999352
0.024082516961400735,0.6077510580230452
0.026209031155332102,0.49755054861550163
0.021896447282815312,0.7238034368245624
0.027084760165696165,0.4529412604727248
0.02054215997842368,0.792632030294018
0.01780459208935098,0.909136519589453
0.03663197627587628,0.1332818830792651
0.022806681131530615,0.6756974410249433
0.03324134989722105,0.2145859275623996
0.030771708428555755,0.2948924331582277
0.02228595088919616,0.7033245329757185
0.017178789827565433,0.9294423114723215
0.02662397895481261,0.47607272893966635
0.035604620244854335,0.15472208779734556
0.022465321587387704,0.6938332437069976
0.016734870734156693,0.9421482970979554
0.02113719699177491,0.7629601368075428
0.028007554797103762,0.4088945863961807
0.029120415401017785,0.35979922951656196
0.030384239082398068,0.30928724717805756
0.029913385879724697,0.32746381865132645
0.025989873399463792,0.5090012111941624
0.03685730643274099,0.12891904925904327
0.027591820073153417,0.428362373921192
0.02531715389657141,0.5431686178221284
0.014010460865998609,0.9894537273013936
0.02865047660255904,0.37999774772979084
0.014659769011398649,0.9826275072471554
0.024256533816987835,0.5985398254049787
0.024979850129064257,0.5606064808984409
0.018866536263232314,0.8687364937287836
0.020912569156222083,0.7742848638392452
0.017704143155654495,0.9125795823106754
0.02275930594873926,0.6782188322351712
0.034757906183041865,0.17440646699782186
0.03792323218028115,0.10983601575034863
0.02818914538844497,0.4005842231719696
0.025063741070898163,0.5562524941118929
0.015149635662635608,0.975777986341082
0.028647313624988957,0.380136329670637
0.023307426401554726,0.6490026734168597
0.016778592838098294,0.9409607726890249
0.02279947032389551,0.6760812867588359
0.018338591039195107,0.8897054887970943
0.029468545699992632,0.34533475418613435
0.0426532493179792,0.051069707399080344
0.019887681909059984,0.8238591787700025
0.03058086476938876,0.3019193946560922
0.021793562993123072,0.7291756642353857
0.03768321689866444,0.11391551816558798
0.047713018954806063,0.020383323482786042
0.03419121171143069,0.18865819282646926
0.027631344613196496,0.4264850399774456
0.03516858183112015,0.16462363244039302
0.03262604475101494,0.23280449064071262
0.01501398242416463,0.9778312422878298
0.02812826495475118,0.4033573130674898
0.02584374449490523,0.5163472360570516
0.030290221641835036,0.3128563755116673
0.022735659007205977,0.6794769163828469
0.019245176719160206,0.8527138100614702
0.022602384370205397,0.6865611124951123
0.021713388444763615,0.7333495391650491
0.023685553179947028,0.6288457476165952
0.017656571090832046,0.9141860810438763
0.03397563317665375,0.19431489290608409
0.04641515692034237,0.0260521791089042
0.02239092741527815,0.6977736116132025
0.020826638811008047,0.7785792234740558
0.016694017058777155,0.9432452189101723
0.03730246564176165,0.12064303292691539
0.022147411069239953,0.7106314240869296
0.028240319612768183,0.39826343089588506
0.021122429808131837,0.763708818422163
0.024598354755251406,0.5805333854677909
0.02065618303293898,0.7870308753090954
0.0401093716079885,0.0779598111660353
0.04155654703100542,0.06148139413407942
0.027937111046536817,0.412149964149617
0.037732932242866335,0.11306039729133215
0.03791130116184244,0.11003591064425725
0.02286045434294115,0.6728342122713756
0.04728229286293428,0.022129304359236632
0.02597751967708506,0.5096205123333016
0.02157270994783622,0.7406445257249519
0.04782032987122736,0.01996789226816351
0.020693097638104008,0.7852083430735729
0.022858141386882025,0.672957395555422
0.023655449984022525,0.6304489226761159
0.021901548055973774,0.7235366455702472
0.028277329411339536,0.39659079856362256
0.01981123399183443,0.8273932305423692
0.021154569291236103,0.7620786550150054
0.02147287593074998,0.7457976154914794
0.0239607667494241,0.6142102027476058
0.04719979950800324,0.02247847382193476
0.03197728392553942,0.25327513071523655
0.010927956389753968,0.999763428043679
0.02587594635425272,0.5147246116133766
0.018797688355650988,0.8715644250161372
0.01991321670969759,0.8226730802737992
0.026401912833467156,0.48749078759401104
0.014203642078011613,0.9876719405917603
0.0328295546208672,0.2266517552018154
0.016502237263049002,0.9482302863925701
0.035307861972541266,0.161407219461212
0.02383652728559915,0.6208118476800604
0.026125105006220894,0.5022433485502039
0.026944770820203634,0.4598886946540684
0.026668481418152035,0.47380564938284225
0.021977441479099857,0.7195623484687028
0.03243121506893057,0.2388141108493643
0.04829054464461768,0.01823518832398835
0.029853337882384534,0.3298363529926495
0.01582967603250307,0.9635741594590518
0.029096489423880656,0.36080886727853806
0.02164029417821023,0.7371446265665738
0.024796949535136337,0.5701352280342403
0.030692483633170176,0.29779472751282476
0.03364687719656001,0.203196748878466
0.028581432817330388,0.3830308449846175
0.026219769738486276,0.49698700458001915
0.027339333083227974,0.4404865322356297
0.04165480165877833,0.060479727929761584
0.03007783539067732,0.3210295889316955
0.0323557390351733,0.2411738267114096
0.0305669624668774,0.30243605657121386
0.023624384901728468,0.6321037027595944
0.031217869643378082,0.2789372801908593
0.035876793737305235,0.14878833549581255
0.01699982893891061,0.9347371981678813
0.025866418159270377,0.5152045073679257
0.02157618868872138,0.7404645968221553
0.019955571380315007,0.8206995292692587
0.044608047271660844,0.036252793004629996
0.02934164754136187,0.350558339005612
0.0160543851978191,0.9588163383657174
0.018342677268750274,0.8895497028993207
0.035384640856931104,0.15965579917367811
0.017245581967730073,0.9274069410781564
0.03783963119688727,0.11124302922852165
0.037915922419414105,0.10995844939591232
0.02622100938541816,0.49692197619001033
0.04293299812494644,0.048671373155695044
0.03358838325623814,0.2048097838026646
0.042202111839078904,0.05515238094517232
0.02690669544471755,0.4617904099088007
0.036500382884056826,0.13588497764690335
0.015475871742823888,0.9703282672525831
0.02691188385689139,0.4615309646879516
0.03404054152168312,0.19259787662473993
0.021880726579157628,0.7246254335160094
0.0225829515537255,0.6875930540285777
0.019154039342152984,0.856641142498825
0.02753431521649108,0.43110368873247573
0.011731048705394542,0.9991361656522058
0.03513209598345601,0.165474621833661
0.031200865291182267,0.27953332816444665
0.037117763767546164,0.12402228376578495
0.030106303735206508,0.3199251299965649
0.023373707121306708,0.6454673403590654
0.016758805245722486,0.941499957150107
0.03554366349455823,0.15607678500672476
0.016585629436432325,0.9460959127746819
0.04416030121142739,0.03926599257091221
0.021360705828958326,0.751561951328082
0.024682233182710234,0.576135403758773
0.04542503300912881,0.031273132159372274
0.022100577675074007,0.7130961707578565
0.017765671939854205,0.910478742917901
0.02949380860308587,0.34430152004153075
0.023764681418391165,0.6246336129826666
0.033757170761094746,0.20018229886795924
0.02458719295016476,0.5811192875437402
0.03404957232900241,0.19235993338783242
0.016228262534522253,0.9548815823243563
0.033814491421666926,0.19862953966312122
0.01827270032356526,0.8922030215818694
0.039885634475062826,0.08081447084735056
0.019443366900369408,0.8440256257603898
0.024498595256583378,0.5857751958388131
0.02034974511302967,0.8019822039119754
0.04841286581208731,0.0178070478592996
0.027027363258430637,0.4557813112173547
0.031546560078446806,0.2676014148302977
0.0481558083467184,0.018717406802405127
0.018595707260227634,0.8797018414782263
0.017621466422650944,0.9153615497994928
0.023762538326167815,0.6247476541400017
0.018046316174161636,0.9005721562788569
0.0185406023127751,0.88187983852404
0.016224475065313326,0.9549696562216476
0.04684900933251168,0.024018527738820496
0.020775674454845516,0.7811156815687069
0.02836347809037816,0.3927161842102397
0.020227704835382943,0.8078424986824289
0.01815628817311099,0.8965479941997624
0.028463756721206934,0.3882391848414082
0.028000965504020536,0.40919834511111003
0.023102539723263704,0.659931177621168
0.019903186177002707,0.8231393365773875
0.020514043444791852,0.7940064506079497
0.032089581798690314,0.24963726617553342
0.01827836108816039,0.8919895328579754
0.020295927329872593,0.8045734174477712
0.036134787574172905,0.1433346761061903
0.01573309959651953,0.9655065773298575
0.027660870760124134,0.42508624516295757
0.02075450881719798,0.7821667304701175
0.02033271622715349,0.8028032742470792
0.02793606254269032,0.41219855146698847
0.01944558749620473,0.8439271624122776
0.025699000977610797,0.523666654004221
0.02333244540994317,0.647668147058611
0.03079299636230448,0.2941161510732907
0.018697113011031552,0.8756463850859851
0.031006788674540098,0.2864036380015272
0.02799239216025312,0.409593797494821
0.025751063203944158,0.5210291351439118
0.024881083904137236,0.5657460320139838
0.04400628280140212,0.040351867371861964
0.017859830835588952,0.9072138946746064
0.023578243465157245,0.6345622211960882
0.01637900517337512,0.9512904587960821
0.022036378016993874,0.7164701095741849
0.03533200523626612,0.16085483049535576
0.02588296941368312,0.5143710089937821
0.032258720086800086,0.24423316613305462
0.01894307613719981,0.8655610501409379
0.017952119703421032,0.9039559242139377
0.03749895361290567,0.11713158731193543
0.02054796039191925,0.7923481515648634
0.028203844219508167,0.3999166676186247
0.018680549007197733,0.8763129819084028
0.03155579359378757,0.2672880416768892
0.02412733489456942,0.6053762317755016
0.015518675995467524,0.9695584176334534
0.015021591140846946,0.9777193142308351
0.020374408736517524,0.8007911209470864
0.02207272714292008,0.7145605148999871
0.03322427478998691,0.21507613299747663
0.04301747383555132,0.04796657761396798
0.024654833246777696,0.5775710871330381
0.016310308658417427,0.9529477659672301
0.0331666281345796,0.21673751554524034
0.02572949157134974,0.5221213225060994
0.027494134370215473,0.43302615326725136
0.038421112233672616,0.10175857743718016
0.017956655360861634,0.9037943396972633
0.019378173314891278,0.8469054626440218
0.026669747069219846,0.47374127679260036
0.020748572246326757,0.78246127981182
0.025946604761977854,0.5111717129747699
0.03135484947980449,0.27417031695829547
0.024343819184100335,0.5939300188543153
0.02492574366351058,0.5634202754281454
0.01990613708314659,0.8230022124870598
0.05817982317543574,0.002200535753659843
0.02200276088664313,0.7182345243598405
0.034377850617484995,0.1838663848186117
0.031435235063705436,0.27140138706483535
0.03143299493363555,0.27147826474454095
0.022796413765729717,0.6762439856980367
0.014213798428371366,0.9875726570648787
0.02539766333212512,0.5390346187924262
0.021722920937752965,0.7328538793839852
0.029932696439973983,0.3267034763247914
0.027090097515741096,0.45267776123149667
0.017366689673040447,0.9236350127727831
0.0203422618574855,0.8023431510915181
0.025838108923675357,0.5166314262201812
0.016513789118813516,0.9479376827395345
0.024302013903535258,0.5961369516110424
0.029731699767880815,0.33468035231644416
0.04120591416537894,0.06517255827281183
0.04176868992835331,0.0593362128982935
0.017881252585603247,0.9064627554817836
0.021863593243631074,0.7255208410932603
0.029693340457702333,0.3362185109093538
0.031075153675776512,0.28396935018555813
0.029348081343068877,0.35029215262596625
0.03351620879886644,0.20681382609661197
0.020215883970983173,0.8084071176240019
0.033097072506959424,0.21875533339578662
0.029348243708049615,0.3502854369463019
0.03321120624721663,0.21545190129380842
0.03349392615097957,0.20743561874156619
0.026181459795375395,0.49899932383311796
0.024507460427055094,0.5853089085476053
0.027530328480026345,0.43129417786142127
0.018561606826253407,0.8810518045783775
0.017273427079949055,0.9265489645334728
0.018910374045586265,0.8669218097237315
0.0255403701739797,0.5317354937109647
0.019646393068709217,0.8349244971362979
0.022701407889811898,0.6812986041280755
0.022853388676364772,0.6732105078908576
0.023386834513979105,0.6447671941257466
0.027904015798374315,0.41368547478601925
0.024423772429002732,0.5897142215201054
0.030960863208292944,0.2880475958439377
0.030770819628613277,0.2949248768639813
0.022677384456465777,0.6825758967350137
0.024219585307839353,0.6004933851613434
0.023209033818405334,0.6542511427865543
0.032969778255689475,0.22248576690268276
0.019382639526375645,0.8467088509121234
0.021883198979186225,0.7244961840097415
0.020218389815068682,0.8082874721022012
0.020356579649910223,0.8016523666209624
0.019516198106806243,0.8407836131662008
0.019301593445320037,0.8502609778452008
0.022588503554474115,0.6872982542887109
0.02227259310038926,0.7040300228858669
0.019007799553551807,0.8628503002778898
0.04284517315291542,0.049413595328959635
0.01556495518422471,0.9687115444629323
0.03846725688500202,0.10103563290580396
0.024547243425011078,0.5832175352392835
0.024430745033383494,0.5893468897830045
0.01775525108869086,0.9108363724754848
0.030377153178168415,0.3095552023261716
0.03555771589030951,0.15576364323786226
0.03941105259997846,0.08716251034861716
0.01656894547372481,0.9465270311759467
0.04278461129038119,0.04993109663232472
0.03819572650722036,0.10535178884166178
0.026917568581663776,0.46124681176149646
0.040961778913191305,0.06785294314991688
0.020880917438326402,0.775869193881428
0.019188867589728598,0.8551454676341881
0.03161253400908881,0.265368399079608
0.01818883690053233,0.8953418993995323
0.033431298274994914,0.2091910380105409
0.01879848342589263,0.8715319225235981
0.020129545342342237,0.812514484912402
0.033607675528450676,0.20427667729377771
0.021437140509958458,0.7476370427643844
0.020566485336994456,0.7914407532505906
0.029942968673433337,0.32629953407656753
0.023584677921748454,0.6342193354459396
0.03913770986446635,0.09100533865410056
0.019540747488435872,0.8396850108439174
0.03931205480799693,0.08853823603932995
0.017242431042496897,0.9275036792651542
0.034902015747153126,0.17092224214254836
0.023526190154130378,0.6373365605746546
0.024402063521062445,0.5908582287430273
0.020854515488753944,0.777188491012873
0.016566602412816323,0.9465874122570931
0.01871381913015191,0.8749724352490873
0.021348543117827523,0.7521852866574794
0.029277503168198216,0.3532200763959984
0.017168894146103536,0.9297411374121605
0.043278583952310434,0.04584367537264698
0.024437388054680265,0.5889969703500084
0.025511334767485905,0.533217559454239
0.0176633518208327,0.9139580495715202
0.020353334045252303,0.8018090221515152
0.016957041139926687,0.935968736326883
0.02316507981456567,0.6565956432539499
0.027772751002988177,0.41981414953950774
0.020677640365403982,0.7859720287438434
0.03008854377378728,0.32061382152113493
0.022098721027571905,0.71319382317214
0.019030241737287623,0.8619049772066968
0.0472472521411913,0.022277027877830157
0.019396363761361224,0.8461040563525206
0.02432830482293863,0.5947488299092252
0.032703428209880925,0.23045001384304406
0.02243479016840555,0.695450993123061
0.02324460018923835,0.6523539615505867
0.023439065359659006,0.6419817245720563
0.0199831758847398,0.8194091766524804
0.03272696529290986,0.2297375134348668
0.01579626053044976,0.9642503828160617
0.01861248738465704,0.8790349897727255
0.022778228389209842,0.6772118856993863
0.01768979495848577,0.913065757719117
0.01942715372590159,0.8447437948552389
0.03909283041536199,0.09164965739874968
0.02349037525361869,0.6392458621607207
0.02518535897450125,0.5499600831842195
0.03381994415261247,0.1984823234341844
0.03567300275826646,0.15321363611855798
0.025902681093568858,0.5133790945091489
0.017732650671220318,0.9116094409609753
0.02960402946749896,0.33981945471993175
0.026351797871547067,0.49009182996994477
0.03189609642472002,0.25593010523525866
0.032866630016729736,0.22554446047571572
0.02712405944351315,0.4510034797498531
0.020193043631948404,0.8094965419171544
0.025435387286110445,0.5371015229660308
0.024359364558245222,0.5931098162593617
0.029401968576559023,0.34806832647881314
0.03218941678724463,0.24643658195623888
0.03140813610360793,0.2723324757482787
0.02743033727677996,0.43609038131888656
0.041091298943019106,0.06641945846822447
0.03303982615520051,0.22042693884782394
0.01478324624025229,0.9810463512479042
0.016209361494368912,0.9553200571503628
0.04443207772527008,0.03741199291976975
0.024653795678964308,0.577625471659841
0.020100694614849757,0.8138804004422848
0.025446698719710725,0.5365223882286022
0.014370944128033192,0.9859626513627227
0.01682665030592112,0.9396393129030101
0.026198245889946348,0.4981169542211537
0.027482733720046726,0.43357267007702205
0.0422110969510231,0.05506840436140758
0.025779943780023573,0.5195683435712627
0.04572244236701706,0.029615752771391467
0.02874880543403613,0.3757071923526086
0.02000708257786621,0.8182890892353857
0.02646872778095466,0.4840368802855442
0.019667017459006897,0.8339890166357828
0.033352988945667295,0.21140224101187813
0.017796500950094996,0.909416403034531
0.022839333928816485,0.6739589552481594
0.020505149019480418,0.7944406692863251
0.037193366648982484,0.12262980752847565
0.02985894145545792,0.3296144283081273
0.04719962209757139,0.02247922999160116
0.01429671197691107,0.9867406098725727
0.01182823747512618,0.9990078787701194
0.023202434802291005,0.6546031418319771
0.02246173235743587,0.6940234674054264
0.022791684617843755,0.6764957064590371
0.04524552642425406,0.0323124848352962
0.0345954582276512,0.17840150698589688
0.028962636756077742,0.36649422615311333
0.028530325644899324,0.3852868318719437
0.022602767318166406,0.6865407740256275
0.02715891401063053,0.44928947387431994
0.02374062083030959,0.6259140884335104
0.030818834947212076,0.29317595592108764
0.03434641976380004,0.18466654374986058
0.02599558682417019,0.5087149025440209
0.03616779300036255,0.14264881799341392
0.01592742530081004,0.9615496250096802
0.02079833285935806,0.7799889700077636
0.024108766279951954,0.6063599529065149
0.026500028767991957,0.4824242812090848
0.0338084154871261,0.1987936822726891
0.01979346312319885,0.8282110546207037
0.01689992304775767,0.9375919363299713
0.01653586825301509,0.9473756899077577
0.03697371645614134,0.1267112713450448
0.040186099229714056,0.07700068910905085
0.020415120216800142,0.7988201870909202
0.028246851558440866,0.39796787089878033
0.013897020259181492,0.9904085182468483
0.019901118409373975,0.8232354002135399
0.0341280469439289,0.19030200802429825
0.019391597313092368,0.8463142093444924
0.023498459311360687,0.638814870732298
0.022315831242105122,0.7017456999692842
0.033385837803018514,0.21047249288666148
0.022375136443698485,0.6986093215618823
0.02769859695672694,0.42330349893302666
0.016607210204911294,0.9455352168951546
0.044549373896582756,0.03663576214485828
0.041874533532831104,0.058290147265844396
0.02771701694152512,0.4224349089601895
0.017375658298277474,0.9233515314101293
0.029800065983007218,0.3319515330173506
0.02055495544678576,0.792005653211173
0.014388194334609694,0.9857773312638013
0.016329071506654913,0.9524985635227267
0.04403853924012058,0.040122307302604326
0.036504555180334575,0.1358018134004634
0.01622286046355001,0.9550071701330851
0.029161939445274787,0.35805173550538255
0.022351513082963063,0.699859084074029
0.027172029168303413,0.4486456468320742
0.03497374818100249,0.16920871051644767
0.02145777541631244,0.7465752286432434
0.02716762580943699,0.4488617405652238
0.03318450106943527,0.21622135547614116
0.015021657545796874,0.977718335698008
0.017202686770823372,0.9287177759813703
0.04381668888525936,0.041724432019111614
0.029950220371356306,0.32601458830764446
0.03181692341174047,0.25853943125746237
0.043759416274030905,0.04214697256461412
0.03311673602375503,0.21818342367253096
0.03505297851816991,0.16733202048214582
0.022606809403736994,0.6863260913233875
0.015520956673357608,0.9695170370834245
0.015864934528895702,0.9628518882131457
0.020217688524209132,0.8083209588026635
0.020923932477722534,0.7737153602304406
0.019784253107852867,0.8286343502400655
0.027871436075922795,0.4152008761017664
0.03294224535031265,0.22329905967831984
0.020473917229569316,0.7959631999013409
0.017707902599694347,0.9124519633043241
0.022136492256627893,0.7112063127353447
0.030667964092379485,0.29869722199761417
0.02519249779517646,0.5495914704414233
0.03577323245169228,0.1510240892442078
0.0335491280686816,0.20589788056288028
0.023446082948961222,0.6416075122097421
0.020079370248853645,0.8148878294096114
0.04496482635459598,0.033998617174419966
0.017424788360076993,0.9217885151436637
0.02378676409734487,0.6234586555010617
0.036551684205753915,0.13486528865415132
0.03381571612420242,0.1985964669347121
0.02076206113470086,0.7817918552042411
0.02027305934660467,0.8056711769997484
0.021248367000430812,0.7573060868419104
0.04339973785529594,0.04488665909810556
0.021008456360649297,0.7694676599591777
0.02071684754616221,0.7840334585007118
0.03327401056395485,0.21365069507912313
0.021468199439165447,0.7460384875430411
0.03144200261067781,0.2711692347893179
0.02603742602576581,0.5066203957632613
0.019340158615476333,0.8485748792917555
0.024946545015290422,0.5623379921816968
0.03988396858316334,0.08083605250245898
0.03153129051582626,0.2681202488681965
0.03549884751867116,0.15707883986911184
0.024181284209621956,0.6025197725608078
0.0352565923819661,0.1625852890851573
0.027391595506929933,0.4379582708651235
0.026279526910668205,0.4938585164451123
0.014224659765107783,0.9874658493709795
0.023208611886346486,0.6542736491931006
0.03450656140029268,0.18061824933971565
0.035244180664337765,0.16287151733048807
0.023682148046257123,0.6290270723657552
0.01886701158088272,0.8687168760587898
0.020386889657670673,0.8001875306427271
0.05523782674733374,0.004300901893949108
0.025783858280987837,0.5193704751428041
0.035146339607479204,0.16514198867834864
0.023826136785819185,0.6213643854337605
0.027108127202432955,0.45178840698084316
0.055682123094115354,0.003895616540664096
0.026748995495709638,0.4697219742116152
0.0260454372395863,0.5062197751192375
0.04017454977780732,0.07714441966730386
0.019855467314367492,0.8253515239143165
0.02190572277387763,0.7233182602015861
0.026592823330664594,0.4776640821410271
0.028370108615199285,0.3924190607666893
0.028882023306644466,0.36994859239439287
0.039367591664715595,0.0877642388670019
0.024694771333400256,0.5754787589790866
0.029935421877451573,0.326596266769836
0.030278771724593034,0.3132930884754828
0.03513438805700192,0.16542105862820494
0.02281562872535431,0.6752211073891639
0.021039541186761324,0.7679004899137729
0.05378368760341301,0.00591334005049493
0.018699457619258508,0.8755518989345517
0.023837406733733968,0.6207650838968277
0.044007712193966875,0.040341670591254625
0.06382066894857746,0.000552431746342658
0.029264556688868404,0.3537590434603237
0.01890395561691305,0.8671881810228235
0.021686123613691544,0.7347663071445039
0.03204710773537911,0.251008509586743
0.027464849699205873,0.43443091699791264
0.021174550293063588,0.7610638478403129
0.02879800858091841,0.37357301639935847
0.04388959022211508,0.04119192587533353
0.02984114630410556,0.33031956280461106
0.04092376565170369,0.06827863279232352
0.03441177687817387,0.18300577621423347
0.02503399756473368,0.5577949620504742
0.027315638886372312,0.44163598176680124
0.011658073018148696,0.9992233127900589
0.017593035790501046,0.9163072865252636
0.03444668099291537,0.18212368988299696
0.021953688029057505,0.7208071853648857
0.02182248687980226,0.7276671455713086
0.026305040768900056,0.4925266423147579
0.03242209949899,0.2390981632961743
0.02812717526684244,0.40340706805726384
0.037474589659673985,0.11756237200065185
0.023950990289352547,0.6147293291353129
0.03347256728318271,0.20803299988843418
0.018714100614301787,0.8749610657332583
0.013557159787721984,0.9928911417226662
0.03839803819098059,0.10212168754834816
0.016157557661297672,0.9565083650331466
0.03286377361374357,0.22562962137185685
0.02555690935630922,0.5308919814509081
0.03215611946942021,0.24750059625823667
0.03282015625482637,0.22693311118891396
0.03001453928767328,0.3234951474609817
0.04252879528948944,0.05216905536443025
0.017890522139870968,0.906136768626173
0.03305318562604087,0.22003595878176502
0.02929349292774386,0.3525552230474502
0.02069265622593458,0.7852301622380187
0.028345672643474984,0.39351484310236745
0.018664458183226318,0.8769589866695836
0.01696877561201804,0.9356323160846792
0.02934119537554014,0.3505770519319585
0.048114673483898585,0.018866879352344896
0.015074154067925005,0.976935616593443
0.04322621475588817,0.04626279708310346
0.03091762077116844,0.28960190023298715
0.026841318769885048,0.4650677836932373
0.020640888874034258,0.7877846753973907
0.02693394416440964,0.4604289171562597
0.02362920933159174,0.6318466901187303
0.02261153552230688,0.6860750634887536
0.04394197634930236,0.040812937094308256
0.02097567480610757,0.7711174726650458
0.02536123866344331,0.5409035419356286
0.022717804251004947,0.6804266297614117
0.04311650588322491,0.04715160286797192
0.040460959113957695,0.07364640829171447
0.0350374816314889,0.1676977746420835
0.026359035477154125,0.4897156357816477
0.027011242808134606,0.45658108089235266
0.03297343607988268,0.22237789099752395
0.016701294174151893,0.9430507265124505
0.015970684169468008,0.9606315168959756
0.024259378470307513,0.5983894743128904
0.014173737817180954,0.987960966137056
0.029382866412093755,0.3488554814917561
0.031230558025502564,0.2784931365829277
0.020643110655600205,0.7876752184041698
0.03213594372855266,0.24814700897780945
0.03813238339005098,0.1063803881693105
0.025068421964028587,0.5560098731447598
0.01937400817279339,0.847088730397102
0.022510306685873505,0.6914481544436041
0.017597565026376716,0.916156998393441
0.022792512919948327,0.6764516188151882
0.021442204782340935,0.7473765353470168
0.02081890962037429,0.778964408756874
0.032078446845350606,0.24999619833739734
0.027556270518566184,0.43005566482270885
0.021128676178482513,0.7633922028904978
0.016152749735462768,0.9566176525696324
0.020613608926513982,0.7891273091286356
0.04435774270739867,0.03791132920529438
0.02510103904036265,0.5543202144629604
0.018914852209083732,0.8667358241969446
0.019752858714463306,0.8300743898720038
0.06432431198650912,0.000485270621347282
0.028182894077978526,0.40086836243047536
0.03612577716553561,0.14352237736112092
0.02574254154802122,0.521460482252784
0.03574870602369906,0.15155753097983693
0.017632229712896907,0.9150020502440204
0.023703874643906664,0.6278702083626138
0.03179329017336374,0.2593222001452674
0.027184604168441234,0.44802891298783837
0.03254711647008324,0.23522494130448704
0.02883019189948638,0.37218168281124897
0.030792297592427076,0.2941416082993069
0.03065758453762346,0.29907987044251716
0.019507863323783944,0.8411559385306128
0.022845461286786106,0.673632670263147
0.053257524189328054,0.006621510294663018
0.020956648138788225,0.7720736527933272
0.03508204714274543,0.16664766691983643
0.024102470220190075,0.6066935673420406
0.02716791312971306,0.4488476382834988
0.03771754486849044,0.11332449712207691
0.019632038642251937,0.8355744149849935
0.015985616325805307,0.9603114386494551
0.04079200772503194,0.06977176735023512
0.02283084751404385,0.6744108331342202
0.022953517225252185,0.6678761218094686
0.019513843534677805,0.8408888290004117
0.023653868822323343,0.6305331392095483
0.03085475115143821,0.2918727580998444
0.04410935215479256,0.039622341867481925
0.029268533820893505,0.3535934116730074
0.0358004142507829,0.15043466376011083
0.035962013967975714,0.1469686514580541
0.03769141920223762,0.11377406915514114
0.030415765749127743,0.3080971168522538
0.022378570964683542,0.69842757633834
0.021517600934468972,0.7434916212671893
0.02180585244709643,0.7285348843738424
0.024291397699685247,0.5966976645438975
0.022343907387595063,0.7002613328983829
0.022836840511613277,0.6740917261599815
0.02675694131696227,0.46932021491441417
0.026281635162274775,0.4937483739071939
0.022735298425708872,0.6794960979118839
0.023444131953015535,0.6417115479665787
0.03400726820070771,0.19347655771432837
0.0205120017884034,0.7941061468438175
0.024213477043779685,0.6008164653121628
0.03269683475167773,0.23064991119871278
0.01976749130137867,0.8294037543381985
0.02524050705496128,0.5471147094003224
0.03314484408322149,0.2173679167833968
0.026609601610288636,0.4768066589534753
0.021327411895421686,0.7532674430560964
0.03422032607827502,0.18790429063679207
0.024045084602024758,0.6097357588733474
0.020807105491979616,0.7795523194543655
0.02668753513798222,0.4728371573890019
0.023161716833478674,0.6567750176096653
0.04618274257542254,0.027203082898697478
0.025244526967008296,0.546907499995706
0.015207372408382769,0.9748666204310572
0.03148893057573343,0.269563522857744
0.055604670431997405,0.003963639199521008
0.0390322260008088,0.09252579420591991
0.02508291462173462,0.5552589046631449
0.03461024113647437,0.17803497935525522
0.03497653586685223,0.16914239628750466
0.02365605908387214,0.6304164807966253
0.041009786803772486,0.06731856236953526
0.02374591516880259,0.6256323058039528
0.03590364500092802,0.14821303519186152
0.025435977576306334,0.5370712949431651
0.029564306045134492,0.34142993314198433
0.018937928350235556,0.865775650583186
0.025202018891918393,0.5490999798096208
0.03463504134772788,0.17742142433103625
0.015133943857274623,0.9760217908101116
0.035093428811925786,0.16638032152989118
0.027102437383692113,0.4520689445698447
0.021165586755478083,0.7615192195328162
0.02999857023421948,0.32411935059132607
0.03460514424261307,0.17816128428589142
0.03246025651303952,0.23791086381126272
0.03500360825860571,0.1684994682544445
0.02213215272560387,0.7114347518784196
0.017447220790289764,0.9210691819975995
0.018724543085404166,0.8745389527298645
0.029187680869101174,0.3569714626499938
0.02817855336629721,0.40106574135817985
0.025254497214460048,0.5463936935713991
0.03239664188356106,0.23989282195659922
0.03796410808835016,0.10915344899804423
0.04490977495983667,0.03433821095069164
0.04147987657070784,0.062272854082094264
0.021550766482824724,0.7417789329186838
0.025811590605557988,0.5179695586603885
0.012419974184208954,0.9978542151808192
0.02583035772019804,0.5170224092192501
0.025193859437965815,0.549521171603651
0.0309906023025332,0.2869822519918594
0.026081620589726573,0.5044120611484213
0.017455318482096194,0.920808644727843
0.02204465359982455,0.7160355147799315
0.020160691139109232,0.8110361797328803
0.03440749260410646,0.18311427949646017
0.03540783907821443,0.15912962814824794
0.03357093410569023,0.20529289359682334
0.023766240499137004,0.6245506504952008
0.041185396094171156,0.06539429464024653
0.022301997110095284,0.7024767947224649
0.032683032419867586,0.23106879510912956
0.02721355745527032,0.4466110616970156
0.024684121163391914,0.5760365139676366
0.02886263129158262,0.3707829666547554
0.024731186760064472,0.5735727789545446
0.02328238523697207,0.6503384140037674
0.03135666723333774,0.2741074706227176
0.025415566732067185,0.5381168731833812
0.024283539002400656,0.5971128056902085
0.025172188395900907,0.5506403652914648
0.029997088105716663,0.3241773287321003
0.02731447102116258,0.441692688909713
0.03375204293278328,0.20032166824863426
0.028214509878993432,0.39943276105769715
0.012272710014581745,0.9982097659566942
0.025599450429396264,0.5287247196009499
0.03109678356440715,0.28320238319828805
0.028843712583478287,0.37159825039889605
0.017462138098147173,0.9205888704653176
0.023628620858349714,0.6318780394863904
0.028002794595757163,0.4091140106301218
0.02631934717600848,0.4917808310448714
0.030464091618159495,0.30627933517595873
0.03956177627472923,0.08510249233431062
0.017714509138236023,0.9122274612306821
0.03178870347764737,0.25947432564251277
0.038307447098497094,0.10355773257568521
0.02406597448037129,0.6086280225567
0.021205569060340324,0.7594864417559231
0.024438052002433985,0.5889619997196112
0.022376772109633014,0.6985227681613109
0.021844498925980393,0.7265181685203044
0.016408127643613768,0.9505773777760299
0.026854681246443746,0.4643966745336851
0.03564322951882748,0.15386894296791875
0.026225582832540506,0.4966821131871519
0.021670412502461378,0.7355820814031129
0.02706945300303143,0.45369752272464076
0.01961245137379386,0.83645970031913
0.026305996714806934,0.49247678496879
0.016478728237047324,0.9488227210028195
0.04547107987689769,0.031011303928869166
0.03343452257709878,0.20910038144925608
0.02877860846203606,0.37441347427045785
0.015053413110026281,0.9772470476754246
0.02072229688395777,0.7837636319954236
0.018183322620769438,0.8955467117120558
0.03161384799380451,0.2653240675195466
0.028179456443718442,0.4010246715071615
0.018263351633482028,0.892555150430801
0.01689862507459633,0.9376285457553084
0.024141176906743056,0.6046431011350123
0.04260580005668141,0.051486461834084826
0.021361677094697273,0.7515121596141878
0.02093646847164432,0.7730866527819404
0.04070640427606198,0.07075667630819729
0.03510888608171214,0.16601779254908228
0.01889866600988338,0.8674075307443949
0.022802866713955317,0.6759004933065236
0.02384334706461244,0.6204492242893757
0.023949707841574797,0.6147974314415874
0.026339636517677734,0.4907243685002836
0.042336033985350796,0.05391207446046487
0.020233863970255617,0.8075480962876199
0.020646988605207528,0.7874841308659286
0.018762365537405734,0.8730047399990853
0.031121655164635942,0.28232237577973707
0.019379124480659204,0.8468635987815772
0.029464722605566762,0.34549130891930185
0.030478521063513953,0.3057380982113523
0.0195134012836663,0.8409085883269691
0.03654051148822568,0.13508683036241237
0.016656681532087964,0.9442369428371431
0.030095266936520412,0.320352985707614
0.026998566473265755,0.45721063219194386
0.025533289501875056,0.5320967704855258
0.020524551909735123,0.7934930835095262
0.029115387255848724,0.3600112428931325
0.02258552401460645,0.6874564645288606
0.02097402652847652,0.7712003468622393
0.020380211521075386,0.800510562858291
0.022277256411180724,0.703783753194531
0.0352156331810497,0.1635313854155088
0.026166313011003195,0.5001919929773799
0.0382106959822302,0.10510991615874819
0.028152937825763585,0.40223188266032567
0.02171685961716513,0.7331690681792862
0.029422043941142673,0.3472424355580035
0.03402152289227006,0.19309973522906615
0.023025888354333834,0.6640184268625977
0.024955280077373992,0.5618837020912375
0.023514464569979354,0.6379616181799297
0.03455047095249619,0.17952060410299173
0.02311161423439667,0.6594472281123052
0.0269577849909257,0.45923987436498115
0.015016124994871927,0.9777997626446243
0.027351146849431185,0.4399141732777392
0.030741914164933992,0.2959814454370726
0.01834984281765295,0.8892762662649033
0.03051528210162291,0.3043623926222969
0.01962521458493882,0.8358830461679918
0.019595575732323955,0.8372209799827107
0.04035437648047435,0.074932090066819
0.038623934232348445,0.0986128114895681
0.02902155524721728,0.36398393956123126
0.023333909700303135,0.6475900424277983
0.020525217105798355,0.7934605740643397
0.025495183223417817,0.5340426659941472
0.016363165611137376,0.9516756745323398
0.033316455461508354,0.21244002456626965
0.022783129433016525,0.6769510488112752
0.033215911239757534,0.21531655698155677
0.01672020025399995,0.9425436116291791
0.022883216388952743,0.6716218323645753
0.04272146837866092,0.05047563466338813
0.02074974984539779,0.7824028607271665
0.030659305502664824,0.29901640108256716
0.021183643114331407,0.7606016995680971
0.02815763434104357,0.4020179004425188
0.025834059601324066,0.5168356651787633
0.029412833443985043,0.34762117708043083
0.023487395211128748,0.6394047433383994
0.026949690300348106,0.4596433633651873
0.02979339227778216,0.33221720312160946
0.035819879859901094,0.15001370176152626
0.026064433336628945,0.5052703805582136
0.03268899498562983,0.23088776688146428
0.016544376489415535,0.9471581655043623
0.022663982289138684,0.68328831287118
0.028584299520034606,0.3829045755881506
0.035087347761611265,0.16652311739625547
0.030585613728208227,0.30174305427706233
0.01472490505108598,0.9818053132040837
0.03171586697839235,0.26189910928209625
0.026534388078755022,0.48065813450404354
0.02033118510198839,0.8028770468604204
0.0269396604247521,0.46014363822508786
0.026098992904402762,0.5035451514027262
0.04901692469779306,0.01582175555127653
0.03436671398658303,0.18414958440398682
0.036930857063308786,0.1275204954626821
0.018180140964681832,0.8956647962733514
0.020062429174486807,0.815686861286477
0.020502802367046713,0.7945551852542434
0.023301346287355668,0.6493269952389222
0.020889915586257413,0.7754190889058064
0.03154653726828138,0.2676021893184122
0.02184396870903249,0.7265458540632455
0.022741257091548575,0.6791791106708567
0.03471007294425832,0.17557536117014222
0.019883978743570098,0.824030957896253
0.03311911224784869,0.21811439010054823
0.024529855410106438,0.5841313880460192
0.022799445533136953,0.6760826063762364
0.036644216072176494,0.13304184385799253
0.030259625826053377,0.3140243290532413
0.037397021393225205,0.11894257025406384
0.025499022647819447,0.5338464841874843
0.018139030504112114,0.89718470194159
0.028520467028027116,0.3857230759542465
0.033155474265850526,0.21706011635307837
0.02093959212275681,0.7729299246051509
0.028496489847328,0.38678550139343615
0.025886757984651898,0.5141803012876713
0.0316183931092307,0.2651707661934692
0.044176937672741,0.03915024063346279
0.0409642839259341,0.06782497048281887
0.02667062308996232,0.473696724629141
0.028696670848422423,0.3779778264124872
0.020183746510352707,0.8099394076594376
0.03267269192784933,0.231382999123613
0.015776414992609566,0.9646481804413485
0.02293690538377724,0.6687613794833243
0.027121338321308364,0.45113747599756104
0.017917481397917046,0.9051854048703571
0.01839723544140015,0.8874596848809494
0.022297564303895956,0.7027110124196998
0.027011524325184333,0.4565671062774346
0.02212164029417596,0.7119880405566907
0.01678662011856169,0.9407412210282923
0.021193404084136197,0.7601053595524824
0.02876706024018899,0.37491439914319
0.035199667343704055,0.1639013635348668
0.0237509814845982,0.6253626720534777
0.028849428259050458,0.37135180608622054
0.050231503661169075,0.01241957156325315
0.037096214247342885,0.12442155534973115
0.021335452850011705,0.7528557778395152
0.029631949126586843,0.3386907953680786
0.019907439049477116,0.8229417001828269
0.02353053241344616,0.6371050964891489
0.03151801750826588,0.2685718567714678
0.03502231872997727,0.16805626347127786
0.02799565200718168,0.40944340361665693
0.026052891083221952,0.5058471511725081
0.020702741310304196,0.7847314971320403
0.027495015407533963,0.4329839379930406
0.032528535515486456,0.23579754768973724
0.03411801031234496,0.19056423889110793
0.032378861025661676,0.24044904673228898
0.018633781659832538,0.8781863208590522
0.034302071394018196,0.18580022953152775
0.028742359781081472,0.37598740292597654
0.02210139040960024,0.7130534226518863
0.023103432344383834,0.6598835741482689
0.029570032019719972,0.34119745205142116
0.04695913172341859,0.023525279638000496
0.02510410114150459,0.554161675144702
0.0205022959682018,0.7945798948654081
0.024995162994738473,0.5598109330074676
0.0348408839616316,0.17239343155612039
0.019253302940831662,0.8523615203802694
0.023732731058673684,0.6263340337517209
0.029558111037039203,0.34168158541564336
0.031149111811318853,0.28135327008218836
0.02673118761473256,0.47062319987987256
0.03248928308310173,0.23701069311528686
0.034729987636755943,0.17508795473676314
0.03311588130530985,0.21820825891234058
0.0279303851461577,0.4124617080898195
0.019382195382420586,0.8467284075174848
0.02455902484556005,0.5825985478410495
0.02112077423835146,0.763792718738236
0.02519990461157995,0.5492091085971644
0.044092326741339505,0.03974204873277746
0.018040581742045647,0.9007798253779637
0.029641802449312804,0.33829311579641197
0.030949474581531522,0.2884563466585317
0.017247196717380106,0.9273573382505786
0.02704751494950719,0.4547828477232938
0.02116132380541147,0.7617357168710165
0.02707475224013134,0.4534356151389697
0.02114215526758212,0.7627086301332616
0.03350175081819334,0.20721710729500745
0.03686507611897871,0.1287707200680444
0.025390077712706405,0.5394236374730912
0.029841762490859514,0.3302951281539269
0.020414969905968028,0.7988274749918949
0.023378741489494453,0.6451988310161658
0.03583023686350528,0.1497901095348943
0.02590464323479824,0.5132804013849733
0.041612098738506964,0.060913335733547805
0.014222391666174228,0.9874882073951032
0.01434145302145029,0.9862754983817815
0.025883829106792322,0.5143277314730663
0.02860835285913854,0.38184624395581607
0.0371727877246939,0.12300755923376831
0.023564292514092755,0.6353056991406996
0.02610505468638713,0.5032428122181715
0.026961883442838563,0.45903567156992187
0.04022648002640128,0.07649993858103937
0.037876033253136154,0.11062855758177687
0.02502700082927989,0.5581580044204171
0.038320101271639095,0.10335613660095372
0.017376838622165047,0.9233141811176471
0.029255146842155022,0.3541511459858347
0.01507879223710984,0.9768655815620644
0.022286703581871403,0.703284773741808
0.01586553318131445,0.9628395471024532
0.020299978254597117,0.8043787503969397
0.03081375705951772,0.29336055063756905
0.021247512436376403,0.7573496669853005
0.02673181878466724,0.4705912381489018
0.050294642298840175,0.01226225407377987
0.01872081692741151,0.8746896473704131
0.03977811920518537,0.08221734115835982
0.022681661184755453,0.6823485354281784
0.026150948858549627,0.500956390896449
0.012099390696251766,0.9985663453156133
0.01980185741431706,0.8278249203277229
0.03373858815572303,0.20068771698976476
0.03883075697318539,0.09548890755139729
0.03543624128682765,0.15848731816000414
0.02979604920546014,0.3321114164827993
0.039215390543685086,0.08989907622136102
0.01886061624940316,0.8689807215282487
0.03391843359658461,0.1958379342170131
0.02414547847717219,0.6044153048689715
0.035971473529635006,0.14676777801554897
0.022002012673632332,0.7182737762845306
0.02858639792734069,0.3828121656336834
0.026183418669226355,0.4988963031275887
0.019567306214810815,0.8384932279756151
0.033135342688544955,0.21764331881688415
0.021345258650578347,0.7523535562398376
0.02172046443841197,0.7329816254287791
0.02857856242514098,0.3831573059809344
0.025591027930704974,0.5291535328745818
0.025125861684344497,0.5530354604104016
0.018379986373140644,0.8881224717971535
0.041241621974218545,0.06478819881478258
0.027007260650157128,0.4567787870517446
0.02181979224729902,0.7278077433829631
0.01921264222245589,0.8541208073277544
0.028531733976816853,0.3852245411957002
0.01869991535594162,0.8755334486815602
0.01867610084757354,0.876491716893997
0.0376753334505181,0.11405160525994834
0.040110461574068834,0.07794611578576507
0.03246614538484183,0.23772802721491867
0.038731927295516666,0.09697118776422663
0.02622988238895052,0.4964566825787686
0.018777270624511316,0.8723978534304676
0.020946130890565517,0.7726017536370314
0.021606413109431177,0.7389003029127201
0.032304960303845776,0.24277138483156321
0.034528331114993205,0.1800733903731527
0.02712148877848175,0.4511300663430576
0.027507824752941,0.4323704857309934
0.05196643371199422,0.008698652974690189
0.04484365935025114,0.03474998414880194
0.01884517766447527,0.8696166964826127
0.026275469489823178,0.49407053490617764
0.024645740030517227,0.5780477578575142
0.025236214411982316,0.5473360069182249
0.024030478980477776,0.6105104546740652
0.022840956836240656,0.6738725362296676
0.035920939880939695,0.14784343691216803
0.03685371948885674,0.1289875738416884
0.03236728516295889,0.2408116945295025
0.022137535722658253,0.7111513795774091
0.02000487675160134,0.8183925376116549
0.020283183696360896,0.8051854093129708
0.015926858390306164,0.9615615664910093
0.02026854308726367,0.8058877423956562
0.023411341067933633,0.6434602062758072
0.020995031920357676,0.7701436406065596
0.023610943984149937,0.6328197879133873
0.027065846857783127,0.4538758088699582
0.03460036697679619,0.17827973309800416
0.01643371886978029,0.9499455989559898
0.014721379846317717,0.9818504875469196
0.04449513411016459,0.036992936086929586
0.025672416520937102,0.5250155036843208
0.019462450578668522,0.8431786444031872
0.03747396446741974,0.11757344331376383
0.028448796383392205,0.38890483831521394
0.01615312459959102,0.9566091377438758
0.02236049243737015,0.6993841094676356
0.03920981667989676,0.08997807712741089
0.02874958274190509,0.37567341049544684
0.028083675193903868,0.40539672176719554
0.044498310441293265,0.03697193601813077
0.025992452455292137,0.5088719620855287
0.03191664106771508,0.25525627712382976
0.02108306350614375,0.7657018553196477
0.03279557107527831,0.2276703821473705
0.01922309124811078,0.8536695279185211
0.02372557258584307,0.6267150800443737
0.028307394171471656,0.39523561950033576
0.020822249160737938,0.7787980044815977
0.033658890188412616,0.202866708985498
0.012732432377772718,0.9969155360198044
0.02685639569872622,0.4643106149967533
0.045370244380974034,0.03158719871887957
0.015727551298327758,0.9656155558185463
0.033450167382992,0.2086609361112509
0.03586564016281851,0.14902783521865084
0.03875038486397431,0.09669290572028946
0.02659396675102582,0.47760561790430545
0.019608026096754938,0.8366594596544018
0.03239104567280915,0.2400677777558966
0.019186554566311242,0.8552449976281781
0.02004962888140377,0.8162898138694146
0.0181065606749522,0.8983774134910154
0.03423177283696344,0.18760853377179343
0.026252996552852126,0.49524590512553995
0.02908115607511985,0.3614569635037472
0.024915876367663903,0.5639338876346183
0.03416112452705111,0.1894397880825138
0.02377591458183337,0.6240358965277109
0.02802291597043527,0.40818705401669486
0.023976602315392115,0.6133694792058231
0.023358465457100408,0.6462802764606972
0.01798129335780052,0.9029142131199562
0.033201390784947105,0.2157344662784082
0.027885031035682628,0.41456806553998743
0.028748573837543923,0.37571725796483213
0.02448084362618763,0.586709159367678
0.01829453497335809,0.8913784356931919
0.0314448056986984,0.27107312195222
0.017274578223059778,0.926513375595381
0.022944235596587592,0.6683707582592262
0.016031650372768103,0.9593144376871356
0.019066438954859488,0.8603744537077324
0.03503248524534852,0.1678158341961112
0.035354084549550135,0.16035099129212088
0.01875810925217558,0.8731778056486144
0.021983604430597214,0.7192392319314147
0.01952376149937142,0.8404454558566853
0.022288343322375004,0.7031981561222936
0.02270848995395197,0.6809219928724113
0.026004086929572456,0.5082890774166547
0.028598350550133544,0.3822860909916472
0.02140115885084104,0.7494863231729112
0.036251182590128134,0.14092781376841831
0.04462593112289448,0.036136761486186476
0.024386351519600558,0.5916865266306164
0.023471480268663192,0.6402532842091119
0.02483458833666896,0.5681704278288362
0.022578571669660763,0.6878256005966719
0.026072183621019984,0.5048832575697786
0.04161696992194719,0.0608637392818572
0.033842566818598985,0.19787245541670376
0.022375158587901067,0.6986081497901664
0.018704043407459015,0.8753670013596211
0.0322481054572642,0.24456966864737878
0.03162721135182853,0.26487352747376003
0.023283694127486515,0.6502685948962073
0.01651442992942509,0.9479214224688375
0.01269768038898128,0.997033453340661
0.02105800334987873,0.7669684534604393
0.04912502705668459,0.01548817644936294
0.032581049317460115,0.23418198842613847
0.0162604325941198,0.9541292438781077
0.03348343746147686,0.20772880719294612
0.029251738600748367,0.3542932415127434
0.01108542579291194,0.9996878888947123
0.024951206222366573,0.5620955596539552
0.02356452349573579,0.6352933891039332
0.018991628871671162,0.863529734651413
0.02422175705424101,0.6003785246784537
0.019057181875809626,0.8607665490795091
0.027379211153084726,0.43855649824286286
0.021594259747755085,0.7395295293233237
0.024664143997819465,0.5770831214374526
0.026861132926561226,0.46407287716496626
0.014216114111555544,0.9875499401089377
0.032541878153546366,0.23538626173925703
0.02834414074154168,0.3935836086788797
0.03939031862273279,0.08744914413934296
0.03555292863310011,0.15587026508348356
0.020137475614844358,0.8121384482341927
0.029716606019219882,0.33528498629081943
0.01649693424589274,0.9483642800309835
0.03054957309245593,0.30308322581002095
0.030572318204610927,0.30223694027234216
0.03616529438835525,0.14270064632833784
0.030012823280783973,0.3235621814047965
0.05279650721098772,0.007304698151055135
0.029917622213161077,0.3272969058979423
0.029486576550575183,0.34459707939792433
0.03994484073176624,0.0800506046326116
0.03369176888292624,0.2019655553411268
0.01713427599289763,0.9307809712939963
0.025608913355554874,0.5282430964553724
0.02846890549566239,0.3880102756637398
0.02521437774069879,0.548462224889365
0.025515274669932864,0.5330163615536874
0.023167605717435313,0.6564609161696756
0.02740634092528338,0.43724670606930327
0.029686440411002935,0.33649573269290445
0.027332894984317124,0.4407986580658277
0.024163275277277352,0.6034730154604258
0.027142195224404975,0.45011109453310194
0.029769504571745986,0.33316939340305785
0.02882035802592159,0.37260642931457305
0.03488059869452553,0.1714365198401183
0.022778206202328233,0.6772130664719759
0.027638597307843793,0.4261411570559527
0.0206060549446756,0.7894986572642368
0.028889396885626528,0.3696316785791192
0.015639188552928757,0.967321445984397
0.02873494971805715,0.376309720002243
0.030830900230099323,0.2927376953289507
0.03890014317552004,0.09445957990134309
0.013038741385998254,0.9957114056785612
0.02481513084892728,0.5691858920254869
0.037105227535859986,0.12425442825536252
0.018676856598445923,0.8764613577103999
0.020304404181450075,0.8041659921699671
0.026287435276085125,0.4934454368353701
0.026584876796948986,0.4780705250605661
0.04673510218240562,0.024538355960385838
0.027146963211994668,0.4498766769344569
0.0444849210482382,0.03706052966918536
0.02191236241437544,0.7229708747946882
0.015239418858804976,0.9743510143114517
0.026194899367783853,0.4982927861055205
0.02233486134164553,0.7007396811921969
0.03271424440791609,0.23012238181666983
0.02158834954739841,0.7398354177458188
0.040925855112559084,0.06825517512356911
0.01633469517450803,0.9523634217102842
0.01497706135295035,0.978368955380635
0.02631223633211241,0.4921514375454103
0.023333149592102198,0.6476305862580263
0.019149681928576134,0.8568278158722358
0.03566855186949269,0.15331145675686325
0.04329513158642684,0.04571192776400836
0.024571845848717716,0.581925129177375
0.048447916842177474,0.01768603225166694
0.023976863260989523,0.6133556268411904
0.024359966203231997,0.5930780773377815
0.027969527347153078,0.41064973428672025
0.018565268315325067,0.8809071895824909
0.024490810526598517,0.5861847284918347
0.022212251177773146,0.7072144500670057
0.021879378974401065,0.7246958780359644
0.03806701311521654,0.10745062526357498
0.03477774900755681,0.17392338955143774
0.01710380690390713,0.9316890226661455
0.04002496733252575,0.07902654561016863
0.03000581352039955,0.32383611471572216
0.014473819489272177,0.98483175311791
0.036037164374412844,0.1453789505961927
0.024808784951156515,0.5695171908553132
0.03279185653982919,0.2277819353871659
0.015576645386636417,0.9684952273072183
0.023623085779246544,0.6321729125962817
0.034649795337565625,0.17705720860116728
0.03245276472841552,0.23814362280091328
0.024781678235528404,0.5709329682971417
0.034451529560323935,0.18200142487188098
0.02216392329960515,0.7097617481986287
0.023880812097793802,0.6184576082442254
0.01959594235960932,0.8372044552984067
0.023021883019132175,0.6642319661263295
0.022538747316234065,0.6899393711423443
0.04094273269051496,0.06806594782911855
0.029772743232898136,0.33304018163864113
0.016999543634327763,0.9347454540644771
0.023965253596855973,0.613971974661838
0.01795108716580701,0.9039926896262341
0.02445802940308639,0.5879100013575712
0.0390787336967032,0.09185282605627718
0.029593868521254757,0.34023088285372766
0.03686881131430586,0.12869946203809865
0.028649179544605885,0.380054572445258
0.03217119774689031,0.24701833850003396
0.040986766205868,0.06757435768094569
0.020197536456297904,0.8092824064386301
0.031198126742880916,0.27962941033692984
0.03445280684252022,0.18196922680289823
0.02000202788130223,0.8185261133159654
0.04218105799380151,0.055349586006567496
0.02248152106817025,0.6929745551251609
0.025582792065637933,0.5295729744505732
0.018637326620856015,0.8780447764657311
0.016819861456842,0.9398270162871704
0.025428884615214364,0.537434558224106
0.02376012532419322,0.624876060858826
0.034945562730947344,0.16988035871415275
0.015370116206192441,0.972175336209739
0.03169345155985959,0.26264876312474505
0.03464993551436285,0.17705375105638724
0.022713255015724743,0.6806685786059735
0.05227700584992906,0.008151047822526255
0.034480576572839094,0.18127031367170562
0.02492738965802782,0.5633346120307174
0.018457509747286882,0.8851291872872551
0.02359440761816145,0.6337008757253878
0.03573841078313256,0.15178190115600868
0.02558868348706228,0.529272919140868
0.02287790808521506,0.671904588885568
0.018074833312145322,0.8995362196491906
0.02602785779739969,0.5070990593861835
0.014818840878122352,0.9805727287083614
0.03798554738502924,0.1087968510050564
0.011361584742345401,0.9995068264692262
0.02039989057919961,0.7995581905739095
0.033236899727586144,0.21471360289130506
0.02611615828589936,0.5026892139293685
0.03111607713270187,0.2825195605159639
0.03816499374154003,0.10584980833092837
0.01575515651230397,0.9650711534137163
0.02153843656971366,0.7424159209100504
0.017161054108169538,0.9299773871760937
0.017728777768156317,0.9117415667762316
0.025911779686818015,0.512921514712882
0.03761713804412076,0.11506035266033314
0.026575432159088863,0.4785538842933628
0.022735061233457088,0.6795087155740154
0.0320456700391728,0.25105502435891186
0.03086493784526534,0.29150392157602545
0.04015724042209173,0.07736025611875999
0.027685318176722123,0.423930407042483
0.03703893906235006,0.12548787996684385
0.03958893950604603,0.08473562965136973
0.026492612650551653,0.48280603784071957
0.02365863741577999,0.6302791553133312
0.02201982030190186,0.7173393528383827
0.034290451800803784,0.18609816993143402
0.02090095076444065,0.7748667636257548
0.026002890180240934,0.5083490210102405
0.032664537228714235,0.23163101743739864
0.024152817762873702,0.6040266779775452
0.021193688231566365,0.7600909072134854
0.027395084594831642,0.4377898290002659
0.024661106616874706,0.5772422949794618
0.029637272979319063,0.3384758832783588
0.029595476059043113,0.34016576805111404
0.027506680157001195,0.43242527774255307
0.022065174975956614,0.714957416794276
0.04030746122305062,0.07550401963134917
0.029846623980326892,0.33010239341991826
0.035317336678833744,0.16119026076147938
0.03209077706888275,0.24959876024485556
0.03738016527590171,0.11924425325053252
0.025805727544279622,0.5182656054918335
0.04059377039902634,0.07207057122148558
0.022960651997974035,0.6674958764755653
0.04023927509823444,0.07634184693475057
0.03192621937559925,0.25494258486005467
0.02597098479428117,0.5099482414718763
0.02412589002179477,0.6054527674857265
0.028390956520904842,0.3914858507425393
0.031099531716759776,0.2831050478401743
0.017606099934590863,0.9158734078482869
0.026689860264788146,0.47271906082062654
0.029565882570805058,0.3413659130762965
0.025486709393898577,0.5344757465474606
0.03236559957229784,0.24086453541212519
0.0297817797966623,0.3326798439622436
0.016335174165601374,0.9523519003517328
0.013497318146883597,0.9932731018855928
0.04793711393879918,0.01952437812986858
0.022123992726192587,0.7118642401589816
0.026792093064017086,0.4675455614267433
0.04218098094590539,0.055350308803935655
0.03922228579925596,0.08980142712954123
0.027207996937128776,0.4468831297580223
0.03837378446857642,0.10250452307628746
0.024770615333745583,0.5715110690368255
0.024215151506271626,0.6007278957630873
0.030424611242958588,0.3077638032674094
0.02592169250737797,0.5124231825392491
0.02302948752302081,0.6638265384670322
0.047597133217245347,0.02084058102419632
0.020115040714306864,0.8132016131053388
0.04375215859516712,0.042200782555638874
0.039588514070763525,0.08474136524184292
0.020996140062989332,0.770087859642323
0.02755464268241642,0.4301333096247639
0.025115299133315866,0.5535820297330684
0.021324956639876103,0.7533931124298177
0.025598180424923123,0.5287893704830728
0.03279460313675325,0.22769944678498774
0.019789242424236658,0.8284050865010018
0.03519224059969084,0.16407369233342636
0.03560661500860507,0.15467791669272948
0.023893064270999687,0.6178064747502141
0.03522199320458652,0.16338419013149932
0.01594761831941538,0.9611227519735961
0.03461273010221777,0.1779733266927009
0.03830321504420858,0.10362522708452726
0.02066573008506445,0.7865599450727123
0.018766829517424366,0.8728231163094509
0.02161913253153061,0.73824145903263
0.02871238460165315,0.3772924316215069
0.023362204186513358,0.6460808635671991
0.024509831410731264,0.5851842156154221
0.031153942174638738,0.2811830349210064
0.026583628912076995,0.47813437130451203
0.022015537669223484,0.7175641179903924
0.021380247587051926,0.750559733893755
0.03732309134144271,0.12027041267687671
0.017026467943019458,0.9339637347062628
0.030105181905887957,0.3199686001770884
0.028048658529612802,0.4070032390651305
0.03815195769824187,0.10606164451065782
0.02341469807301344,0.6432811769408191
0.034344766642802504,0.18470870452276045
0.03573795380907119,0.15179186645955928
0.022705968042849523,0.6810561069790391
0.03079866305447032,0.29390976518819617
0.019598909391600028,0.8370707013607717
0.03602248612992276,0.1456883500521685
0.02002619221609092,0.8173920426795864
0.022387217742042442,0.6979699616457824
0.0315463660105863,0.2676080041940914
0.0338446764671112,0.1978156578769153
0.026038562540395715,0.506563553130341
0.04071898952875247,0.07061113986201159
0.02555232174887223,0.5311259018847996
0.0291796487307997,0.35730829339424125
0.030297822331547986,0.3125667221169721
0.029048605957472662,0.36283549183824093
0.032530367837480645,0.23574103389947615
0.014939094402830366,0.9789125792585402
0.049609750412105136,0.01406869893761766
0.026347332837699522,0.49032400506127133
0.027436691179471784,0.43578454666154004
0.03517129070863184,0.16456059087250166
0.03191877898044193,0.25518623456689504
0.03371661287741812,0.20128669835480234
0.025630213809853808,0.527159619699018
0.019436412187238336,0.8443338468400601
0.01771383583770947,0.9122503548922787
0.014113159149761745,0.9885314867273943
0.022901486757250455,0.6706485419189137
0.024935200280982645,0.5629281736891729
0.03616097684231023,0.14279024050928768
0.02594068688599538,0.5114688803342043
0.05032026935692635,0.012198915494331402
0.03377999834235765,0.19956278807518366
0.03369556168496646,0.20186180219858904
0.028037374429669748,0.40752186727483675
0.044415935269281115,0.03751993648954864
0.025999502943395647,0.5085186997618657
0.02684965992557775,0.46464878769207146
0.017460494527711923,0.9206418673845038
0.03820866127757272,0.10514276526587771
0.025532529092408607,0.5321355743847677
0.026573577244345115,0.4786488527469138
0.024580230451512308,0.5814848374243702
0.023604026494332575,0.6331883528284937
0.024092137993890206,0.6072411189157625
0.04353286655661692,0.043855097581526656
0.033617334458506315,0.20401017776848546
0.027661318480784236,0.42506505842492226
0.02501559239086848,0.5587501197692989
0.028785925045074476,0.3740963473776386
0.027955269869007426,0.4113091111561606
0.02565348865600603,0.5259767106756925
0.04689568386333026,0.023808359385835903
0.025325180355433408,0.5427559661772736
0.020117399507138978,0.8130899273407524
0.03398379277848085,0.19409838909159488
0.029300225240626365,0.3522755604692449
0.023872048976617377,0.6189233748024294
0.03324332835419852,0.21452918456628714
0.03574272161102543,0.1516879202151177
0.023681738209328174,0.6290488966811085
0.0210046457038362,0.7696595944493992
0.02115433770573616,0.7620904109282444
0.02510853681814082,0.5539320458297683
0.0357913685292216,0.15063060995425898
0.021819739746074873,0.7278104826174143
0.020833655262881112,0.7782294013584979
0.02604405353799566,0.5062889606948208
0.024564702674498284,0.5823002976588102
0.02322572896940045,0.6533605952123133
0.01684267225488767,0.9391949867628708
0.027852823082552325,0.41606833085925876
0.027332563890637207,0.4408147138376113
0.0414344272023196,0.062746126074517
0.020536110226186954,0.7929279894467984
0.03834989559492752,0.10288276548038097
0.02694139963801867,0.4600568631977062
0.028548650316319257,0.384476877572484
0.02319564201487323,0.6549654742329738
0.026722868756919427,0.47104459013723293
0.022845316972732177,0.6736403552545254
0.021009394862347264,0.7694203834974171
0.03108042246563425,0.28378238376549375
0.02857123347676238,0.383480329837333
0.022045750261874747,0.715977916032932
0.022416359536954866,0.6964271525545975
0.028104926386075535,0.404423871336809
0.040968191014919775,0.06778136089878617
0.031352793277108326,0.27424142034142457
0.015334221045734897,0.9727845888627501
0.026429364383458165,0.48606979566491454
0.02599312446167734,0.5088382868771019
0.02408218487920366,0.607768660535768
0.019459003800513353,0.843331753647686
0.030632882881897305,0.29999196376579323
0.030985940972891368,0.2871490412874575
0.023302201825950553,0.6492813595030138
0.02602208172131526,0.5073881104223033
0.02348833435216069,0.639354672741595
0.030168092821571957,0.3175374690555693
0.02017381626027369,0.8104120581370661
0.031610694032223385,0.2654304860647595
0.017566782310979412,0.9171756147010114
0.025919567506077157,0.5125299922530027
0.022711511722095512,0.6807612915644198
0.024033198021686908,0.6103662220407249
0.016486841799914553,0.9486187173359761
0.016900247034894345,0.9375827963298828
0.022649360830422682,0.684065409050134
0.016798177018648497,0.9404243015628507
0.04118472205945095,0.06540158976602183
0.021776065375440468,0.7300875527410828
0.03211902020985047,0.24869021257474364
0.041614389879690794,0.0608900039348804
0.025791289469662693,0.5189949315869606
0.023958611964667087,0.6143246154269457
0.034816150865788265,0.1729915110803824
0.027966859015175205,0.41077308371811583
0.019461643465238654,0.8432145024016525
0.021426900434945773,0.7481636232103752
0.015263113879762757,0.9739652747030935
0.04173238890161601,0.05969866950991079
0.03524008293222919,0.16296610418561294
0.02158516484922024,0.7400002162912712
0.026754880486538957,0.4694243936966875
0.016431139356892888,0.9500094990893141
0.042377487600675834,0.0535330585994527
0.024716160632346884,0.5743590346908203
0.03774272786763799,0.11289253587808377
0.02580930325432307,0.5180850468830993
0.02848111140552062,0.3874679883482983
0.01825165509701898,0.8929949310323978
0.02414398151784214,0.6044945768724707
0.03004122250748631,0.32245409243905504
0.018145307141428035,0.8969533535808288
0.030758473693149657,0.29537581103735633
0.041415874315835155,0.0629402029193572
0.03184311426704761,0.2576740368305291
0.018054884690118067,0.900261449951786
0.029341603233469293,0.35056017266057754
0.0309901388812866,0.2869988306720749
0.03125931776556046,0.2774883858941508
0.018209639843824538,0.8945674735901108
0.01975704922835886,0.8298824303626993
0.017144555627101377,0.9304731014440095
0.0316132399732143,0.2653445803846522
0.019962308112328242,0.8203849223032498
0.016927766283932277,0.9368036526875272
0.029989668030594663,0.32446770148100706
0.02642567617755648,0.48626055476244
0.026918349486058424,0.46120778699455256
0.029526432410361347,0.3429705061523913
0.014599962521256615,0.983359342267514
0.019594251791962947,0.8372806475411915
0.027839494307089985,0.41669027398242703
0.02439182964097608,0.5913977039889331
0.024128906528831318,0.6052929834113497
0.02305690781167552,0.6623645360822702
0.03070418696627142,0.2973646706450685
0.01944002148892643,0.8441739185466925
0.028051241413996397,0.4068845908749926
0.041594958778613966,0.06108812330427668
0.026010175219348425,0.5079841702850757
0.024599638206498298,0.5804660246615425
0.03487663095186169,0.17153193054221397
0.03949952843381199,0.08594824585339335
0.023780682966254685,0.623782190387761
0.030516204062333907,0.3043279486749207
0.04268764731326913,0.05076940856982878
0.03082439431785733,0.2929739565267681
0.037231668728002265,0.12192926061907286
0.051944628852463315,0.008738326769457834
0.018047774824747558,0.9005192976284161
0.012798729809074705,0.9966804797440311
0.03311664573435824,0.21818604707498343
0.03721075112192468,0.12231143630341942
0.023965283569166274,0.6139703833357226
0.03274409609528767,0.2292200058352278
0.026478293726528823,0.4835436813464257
0.020071535200952395,0.8152575176802859
0.027753963090015654,0.42069636852982023
0.05444219623560115,0.005124746792391934
0.0200523724991144,0.8161606334256724
0.016709100468898064,0.9428416580066133
0.018465775235680604,0.8848078556930199
0.019727732306139056,0.8312237158873981
0.024540989168783556,0.5835461960347634
0.03624610569458542,0.14103210753806603
0.027891648595316565,0.4142602732616074
0.0339444740858727,0.1951434019771265
0.034080751036155155,0.19154021469605215
0.031314038984320836,0.2755841234107655
0.015135612647883101,0.9759959414158121
0.027351970099785072,0.4398743066238315
0.03245297136607417,0.23813720053062043
0.027103958010966323,0.45199395843779244
0.01822165174525317,0.894119045450568
0.024069634211796392,0.6084339911760923
0.023173902882661745,0.6561250341949448
0.023302288179072067,0.6492767532974386
0.03358573577078117,0.20488302684915127
0.031077072507869896,0.2839012485826278
0.02979056734247376,0.3323297057082664
0.029597530668051986,0.34008255723544273
0.031800690104819784,0.2590769109262361
0.0329577836340198,0.22283979368008816
0.01972903606857218,0.8311641499993551
0.041302388400337564,0.0641385583124148
0.030909809149646583,0.2898833424507145
0.03399140207792972,0.19389665757792637
0.03228995666932066,0.2432449581406548
0.019397276688357834,0.846063792382103
0.018064056663267603,0.8999283275717969
0.012600787396460755,0.997343709129446
0.020323242499106248,0.8032595972519081
0.023961125241928283,0.6141911681669201
0.016432023606811952,0.9499875998268911
0.029895479746616216,0.3281700057410618
0.031701069015360295,0.26239382629249464
0.02888700883611167,0.36973429517863515
0.0164326383464104,0.9499723718375853
0.040127125600750935,0.07773698618821631
0.01519281401167849,0.9750985497816733
0.028841831395615247,0.3716793872138002
0.02218512243982096,0.7086447207565376
0.015920521009803124,0.9616948989074864
0.041855094461947795,0.05848107075024565
0.030830759795738905,0.2927427936925001
0.027695223770406452,0.42346269178184814
0.031003030488305883,0.2865379045489895
0.027029494581020053,0.4556756412180239
0.024816674192215005,0.5691053274788256
0.021490579774283813,0.744885321005081
0.014946338956300154,0.9788095761484729
0.022863367813530655,0.672679043556873
0.026038124023351372,0.5065854851751376
0.033010928155738695,0.22127450884162056
0.04400555334012346,0.04035707195623489
0.029249395415295587,0.35439095650986896
0.02678625545096258,0.46783997111473474
0.03214873458193751,0.24773705270938873
0.023986269428937,0.6128563298698704
0.02665137964400144,0.47467602659952923
0.03577946525754583,0.1508887692852579
0.02853521684145502,0.38507052382234397
0.02136140297766964,0.7515262123789976
0.05569255199238088,0.003886539848390663
0.027429869218493996,0.436112916233544
0.021791576180404282,0.729279233599033
0.023455469642430865,0.6411069824810843
0.029245111058453732,0.3545696713414954
0.016042635409677847,0.9590742373680949
0.015780075704908164,0.9645750160846863
0.025655163606985387,0.5258916241961193
0.030750285481875445,0.2956751653928341
0.024848895941380594,0.5674240677935527
0.03657824434404244,0.13433982037202388
0.023138048340533013,0.6580374108623376
0.03021910434316155,0.31557607481956784
0.031672898141714034,0.2633375648565945
0.03456833342032195,0.17907559578339993
0.022445202233414396,0.6948993901568723
0.016789801544667582,0.9406540760041368
0.03074234773691631,0.2959655766594532
0.025706670713654622,0.5232777621773691
0.04265362782102594,0.05106639469198091
0.03842307696951919,0.10172770859509903
0.030467243910607733,0.30616103525958377
0.025752936138175975,0.5209343508007653
0.019026951745362508,0.8620437329912934
0.01502027573938336,0.9777386917759865
0.022851714315749394,0.6732996759964738
0.023672308472085568,0.6295510612193171
0.037320844039026524,0.12031096606967752
0.026495694238701017,0.4826473843426944
0.02025964406180658,0.8063142448990182
0.017592245513221083,0.9163334947362344
0.022974608717584166,0.6667520113733669
0.029640640474428492,0.3383399955838665
0.042932047499467996,0.04867935510625758
0.018154171899476157,0.8966261760775698
0.03621466187743694,0.14167944799937035
0.02119420302471242,0.7600647232285433
0.04678009117913595,0.024331863958055002
0.023777016183584188,0.6239772837841548
0.04307455270512173,0.04749537626615306
0.03339910976273186,0.2100977490141667
0.02995245206249278,0.32592693326271516
0.021597654906195085,0.7393537781844142
0.034874238495265664,0.17158948140839467
0.026079984414332513,0.5044937430340934
0.012876043133463431,0.9963890538510463
0.01722922645983216,0.9279083061263974
0.03920679262807947,0.09002096274538866
0.028173865048980007,0.40127900162640595
0.01457794491917086,0.9836232573562869
0.02665016245348778,0.4747380139866551
0.020771065790404664,0.7813446582577661
0.025545206266785803,0.5314887958598618
0.02388248841855556,0.6183685158498844
0.03031089561771616,0.3120689727862716
0.02470973445080496,0.5746953809566446
0.021415483402034585,0.7487504548387234
0.03304803200591755,0.22018672173668855
0.018653230386801167,0.8774088463470199
0.021840468178202566,0.7267286243594081
0.017665453359151373,0.9138873118620688
0.017345774424550764,0.9242938862247727
0.020677496914997207,0.7859791124846833
0.024751847793504034,0.5724921596151887
0.019117236616879835,0.8582146019615955
0.049261913780908495,0.015074833639405254
0.01787155458714089,0.9068031916949638
0.030291488282301104,0.3128080917175388
0.01988874192420137,0.8238099967992788
0.0175394359307805,0.9180749852790897
0.02899221849383543,0.3652323418325729
0.02228311928373572,0.70347410034143
0.03326221926209516,0.21398797132135905
0.021658936056058065,0.7361776847667909
0.02753392102800256,0.4311225208146583
0.03022472887696226,0.3153603531653505
0.04241955646647999,0.05315076719114164
0.027092498320750336,0.45255926922704764
0.03331622914072213,0.21244646583017285
0.022261270345600437,0.7046278769364335
0.03859729208009505,0.09902134815795675
0.02861618952852385,0.38150187679493225
0.04005166009845573,0.07868786611763313
0.015059420498299836,0.9771571393265024
0.017194915824646495,0.9289538351387167
0.036881028424394446,0.12846661578432214
0.023094143153763458,0.6603789600749504
0.023834785956736604,0.6209044424179178
0.0282371207165818,0.39840823102146916
0.02389339524903772,0.617788886434019
0.024518926510034067,0.5847059533091269
0.028004040115263473,0.409056589901095
0.030960328046350294,0.28806679379114347
0.01613712384048782,0.9569716683765035
0.021812792848167062,0.7281728937591764
0.027577890124003746,0.4290253458769048
0.02377498805989292,0.6240851943112666
0.023234148564849955,0.652911475940359
0.02325572725432057,0.6517604159634787
0.03223145768642155,0.24509814370229652
0.03936890501183543,0.08774600422465872
0.02069184419161152,0.7852702997584773
0.021271375338010323,0.7561320648927123
0.018784999743879427,0.8720826426975726
0.021523870364735492,0.7431680380759585
0.02161810829880151,0.738294524189204
0.026642668231273925,0.47511978563157725
0.023280573833579177,0.6504350383293259
0.021247666646066476,0.7573418028963619
0.020483805518051734,0.7954815205514845
0.027435924342806173,0.43582144943702555
0.02598496558103991,0.5092472049877197
0.019188024234264967,0.8551817607046363
0.03880702669292857,0.09584308414063747
0.017679165527588525,0.9134250136648634
0.022252614071214205,0.7050848402640171
0.01565615504986373,0.9669982269652656
0.037784246634171015,0.11218333865203774
0.017400605380904155,0.9225600029530162
0.022053006782372098,0.7155967477209223
0.021489863357908146,0.7449222514877625
0.044578099757835,0.036447824534301634
0.018445427833408412,0.8855981311524466
0.02646343003736784,0.484310160276432
0.04204779556256533,0.056611942901720225
0.026818114412311522,0.46623469906905923
0.028693175127504245,0.3781304194502995
0.025079939208290214,0.5554130552405061
0.02839612537660466,0.39125471664633105
0.030672429083907993,0.29853272845276035
0.03674134971493909,0.1311493933411767
0.016720662859811886,0.9425311702878185
0.019793098831149436,0.8282278048093258
0.023017668688528503,0.6644566433650976
0.027998414899059854,0.4093159664906018
0.04026695395615554,0.07600080247473064
0.022066587640759305,0.7148831805493272
0.015225388978910487,0.9745776059814779
0.029335997430121774,0.350792220540209
0.021623547288564304,0.738012708602694
0.0300201668048497,0.32327538530936745
0.02624125992886983,0.495860461757253
0.02687403319750925,0.4634258827841332
0.02946626547102038,0.3454281228689252
0.023944505931842497,0.6150736817590167
0.017938612771825735,0.9044363023762405
0.023640541050450325,0.6312430480063007
0.04841456071490724,0.017801179126224278
0.021528564173065368,0.7429257239200349
0.031099547462735244,0.28310449021350875
0.010674042760817626,0.9998527073795316
0.031572796045840734,0.2667117226988541
0.024760119454381835,0.5720596925101304
0.02701870016283414,0.456210990433856
0.02375210797807137,0.6253027207928482
0.02917209139335364,0.35762541903575323
0.03584320003307173,0.1495106330899969
0.028797433371981068,0.37359791671421794
0.030525604614101476,0.30397691256990467
0.020615983929456294,0.7890105166071169
0.02906307336427738,0.3622223252580378
0.03020241637771859,0.3162167530414143
0.023991040986541368,0.6126030705481951
0.01972262580231654,0.8314569457066043
0.01591575162132519,0.9617950497669446
0.028589172603490837,0.3826899979399818
0.021156274274588993,0.7619921011582896
0.02367487927484846,0.6294141538174713
0.045172810077019565,0.032742078926203046
0.03495325578952457,0.16969682564866417
0.01585270463247246,0.9631034371337398
0.03472231019204697,0.17527573052038878
0.0420310321515448,0.0567724769222487
0.021795553612424856,0.7290718896396525
0.03093129239927203,0.2891098172912715
0.020179412505656427,0.8101457410466384
0.02531628583610679,0.5432132527308858
0.028535721080265364,0.3850482291978002
0.03394830682901656,0.19504134138432222
0.02315406541782772,0.6571831237616149
0.02980988891591585,0.33156077580437104
0.04321169867217778,0.046379558867905984
0.03553260286055904,0.15632361446552637
0.0401521416365479,0.07742393200890879
0.062106287464201326,0.0008522821618035523
0.02475591126267168,0.5722796978627669
0.03362996441710353,0.2036621142524489
0.017332286471297476,0.9247171357865769
0.03758493465851276,0.11562171488255073
0.03766476199823171,0.11423430426847399
0.024613195229565066,0.5797546194546654
0.0216858716463596,0.7347793937755506
0.018840182712326237,0.8698221670770903
0.02000722561254009,0.8182823805254404
0.021010433907511894,0.7693680393752169
0.020492035894330685,0.7950803406578514
0.037503052415578386,0.11705924335121763
0.03087959831284015,0.290973705825557
0.03739902633455833,0.11890672856173232
0.02416580972755189,0.6033388457282775
0.025065168822424044,0.556178486985115
0.0171607103910541,0.9299877345306248
0.033238276550410006,0.21467409556181488
0.028746703755783115,0.37579854210371644
0.020195480568995228,0.8093804032222606
0.02895919510093725,0.36664123813601607
0.029729574641352452,0.33476543431761674
0.016657030754471502,0.9442277141542045
0.031673870367087575,0.2633049522740278
0.029994438501571685,0.3242809951091481
0.04415958985161916,0.039270948668346496
0.020249677067207705,0.8067915733068656
0.0413352613854201,0.0637894462396778
0.023078919946284943,0.66119077027296
0.02367091580656211,0.6296252283900896
0.023603776171048363,0.6332016904065885
0.027124157814886418,0.45099863614244856
0.027383969684385612,0.4383265721702859
0.02221583138931149,0.7070256296238652
0.03299389314137108,0.22177531942540385
0.017751085973733316,0.9109791063843026
0.02132980939512652,0.7531447162691545
0.028650298467741142,0.3800055515477511
0.019865600317577004,0.8248825986194963
0.02096530527125451,0.7716387178148201
0.02505698855481392,0.5566025521232307
0.016715121193846882,0.9426801046470855
0.02985376372844295,0.3298194839373723
0.035140027696416554,0.16528932553019288
0.01827262188461043,0.8922059783815882
0.03364300090898359,0.20330333383758706
0.021245170549651582,0.7574690868757927
0.02242228778155486,0.6961132037370811
0.018389291014387577,0.8877651756482633
0.03245661358851881,0.23802402249807567
0.01914791505302993,0.8569034807552789
0.03525137757560115,0.16270549932384148
0.020205703416779075,0.8088929540125573
0.014409311513515044,0.9855481165991867
0.02479926004895283,0.5700145594854906
0.01893829424447796,0.8657604021066604
0.03172650414133238,0.26154392838660706
0.035637766811462135,0.15398942134110927
0.022242373856108943,0.7056253091824845
0.0287802060018148,0.37434421509269156
0.020098674501426494,0.8139759157328399
0.036221169413348075,0.1415452786156821
0.037694729316242764,0.11371702719689415
0.019116594032263734,0.8582420106135863
0.0137464835273724,0.9915759458256743
0.014207009964019024,0.9876390810301984
0.04059318810260104,0.07207741729986235
0.02587672078091563,0.5146856151668897
0.015805113774360863,0.9640720062826316
0.014084670413390898,0.9887929364973562
0.024304228853938237,0.5960199791315899
0.020578781138206437,0.7908378324432155
0.034820134169301964,0.17289507807837803
0.019964090610460672,0.820301647104985
0.02198225986111868,0.7193097309679604
0.029792449497337226,0.3322547461440631
0.02553797121415846,0.5318578852268432
0.03449612830412818,0.1808798343648675
0.025600549072028744,0.5286687945481598
0.03761553590730371,0.115088227520762
0.023276197329268444,0.6506684912114774
0.01927516533305418,0.8514120388129582
0.03258187682644642,0.23415659864067348
0.021538517294157233,0.7424117515354853
0.02670387729274093,0.47200752383419486
0.0164577376623547,0.9493482456080875
0.05272276580714497,0.007419748154488995
0.019323021430219134,0.8493250660674256
0.02011205484312706,0.8133429581730771
0.045079343997409316,0.03330162050250819
0.03264187900077764,0.23232122003592676
0.02898057749913803,0.3657285516913522
0.021543123888852933,0.742173801239729
0.031343908451897606,0.27454881574868745
0.021391011386349718,0.7500073325902441
0.02126737543833146,0.7563362555912114
0.016818352025030292,0.9398687043351108
0.022446695014293416,0.6948202985763827
0.028871328480620795,0.3704085918697972
0.03323141273115365,0.21487110589041278
0.02596574879596847,0.5102108957271553
0.028595539714073026,0.3824097598431961
0.030772970055296334,0.29484638474941627
0.01784976095780122,0.9075659204485467
0.035608796345601046,0.15462962581156742
0.016259481843413748,0.9541515876247937
0.029209445028994196,0.3560599071721552
0.029105702121482613,0.3604198690595158
0.01710454472488071,0.9316671131069416
0.02106662072891896,0.7665331014898111
0.022681508624484814,0.6823566461033462
0.025257585626842993,0.5462345694765764
0.041339805242345706,0.06374131834388143
0.01922574592074222,0.8535547852005043
0.02063568242269631,0.7880411099517423
0.014001584738427275,0.9895308260629324
0.023492137012375958,0.6391519348563588
0.034684317034729406,0.17620732731609443
0.017405795757025277,0.9223947674848858
0.040223731843050836,0.07653393035475292
0.03805445352646397,0.10765726851726766
0.01695424400419321,0.9360487804206533
0.024573400189029482,0.5818435013712948
0.03220548535443546,0.2459243585577243
0.04660516162370665,0.025143508006095168
0.03358923032606187,0.20478635381580176
0.041346471673414126,0.06367076461289943
0.03706522810360957,0.12499751599758435
0.019899233094555435,0.8233229714499828
0.029524262124923484,0.3430589367126956
0.04141543495145089,0.06294480521040607
0.026064878962148763,0.505248118256893
0.04167865620256783,0.060238661011271566
0.03658718510370751,0.1341633112257514
0.04688214665090107,0.023869146822035812
0.021911641509333557,0.723008595829497
0.017041888529095505,0.9335136422292272
0.029016171269469315,0.3642128243544721
0.04978728017460482,0.013578816388955079
0.03571711752274376,0.15224680697874482
0.019932021115161624,0.821797818336973
0.030447294081775544,0.3069102820589798
0.02186824511239871,0.7252777761340079
0.02957517458352049,0.3409887548788648
0.0447899020196586,0.03508797261310554
0.02840563073986002,0.3908299153414083
0.02043688692088319,0.797763961698227
0.029908270201676856,0.32766545991377977
0.036697171775953774,0.1320073681949075
0.04423372851133889,0.038757345979391705
0.034281470123102786,0.18632872928482994
0.026643132352036414,0.4750961365184042
0.03071683088592292,0.29690056540854076
0.03296548965942214,0.22261229688183579
0.01873207857139314,0.8742339518428389
0.03241734154281167,0.2392465296523015
0.04813022588458882,0.0188102414802488
0.0333568287934099,0.211293394146567
0.019755275284925045,0.8299637010287996
0.02278755514243186,0.67671549890078
0.016800319699381894,0.9403654361751561
0.017008666648358095,0.9344811670392605
0.025445872942328862,0.5365646594153601
0.030244334522388838,0.31460924488155684
0.025168607597213177,0.5508253685720439
0.02941784436335637,0.34741508830506274
0.028977138828899074,0.36587521965439546
0.02578361701797749,0.5193826695057066
0.03657321553276116,0.1344391826424207
0.02249997763666356,0.6919959484619138
0.028109164049228474,0.40423006889613294
0.03884649753744118,0.0952545819282281
0.02943721340511954,0.3466193001521414
0.025975395741743013,0.5097270193328661
0.020777432297525322,0.7810283276823384
0.01674589443368496,0.9418502089857178
0.022889076098808248,0.6713096910001698
0.02988518268298901,0.328576602667824
0.023015133639450958,0.6645917914340798
0.015424509669850761,0.9712350731583341
0.018757582309055554,0.8731992244701121
0.03378335573236563,0.1994717996365089
0.02721815322358248,0.4463862807664838
0.030447905927891594,0.3068872832655431
0.02584183217267244,0.5164436632255534
0.04097289111388258,0.06772893167139903
0.023286046818496553,0.650143097286114
0.02551927078113103,0.5328123226655908
0.03512820467734912,0.16556558906363034
0.0203599184311119,0.8014911733228581
0.03469226740934006,0.1760120585887501
0.0290279442438674,0.36371246104225163
0.030217110367860567,0.315652576964785
0.021643044960848123,0.7370019870087636
0.012121343081277325,0.998524627157103
0.025697309495717247,0.5237524356738534
0.027465290980718593,0.43440972634085806
0.03194525253079422,0.2543201100591434
0.022478228843810344,0.6931490851467244
0.030951437355588696,0.28838586979352004
0.04222036375596688,0.054981910320283066
0.019014845427602567,0.8625538074972741
0.031222438101248362,0.2787773052390239
0.028267808120446547,0.3970206424144641
0.02685890205879443,0.46418482331522126
0.028221226334677663,0.3991282391783578
0.037440055931298066,0.11817520502507503
0.021114164205255803,0.7641276279094625
0.024532842143749678,0.5839743906430913
0.026792117379917157,0.46754433535150197
0.01963417929738065,0.8354775547733597
0.017876242815942467,0.9066386961841973
0.03132371725071187,0.2752483452030907
0.03364058732569347,0.20336972137394577
0.03397020756900915,0.19445895890001486
0.03269898459882992,0.23058471851378776
0.01832711697368916,0.8901423723054543
0.027550402075868452,0.43033562318517005
0.03011687328279719,0.31951577746297005
0.04432307713921524,0.038146175204972745
0.0425465328266037,0.052011136215640595
0.024629191581899107,0.5789155017095744
0.015870562662701482,0.9627357627116834
0.033379378884169086,0.21065505333528436
0.034517799519792,0.18033681550631092
0.02452983004158016,0.5841327215850717
0.023982984462076862,0.6130306949777922
0.01916045925819454,0.8563659268085829
0.054233450557361285,0.005363632045982459
0.015226872475971542,0.9745537099374546
0.018998202415206333,0.863253711676845
0.019825031968045026,0.8267572742430309
0.03777292227714407,0.11237640806651107
0.024478565994734358,0.5868290178191982
0.023530683396195684,0.6370970484488567
0.01666569225218245,0.9439985349027923
0.029783166611557332,0.3326245688898786
0.036061721281223424,0.14486250995096037
0.031967062258692475,0.2536082441535014
0.03204756340364279,0.2509937684037206
0.02586581367220664,0.5152349591843515
0.01700899690905211,0.9344715882792536
0.0327298057130474,0.2296516445888833
0.02304920233315011,0.6627753960016107
0.03048134765304311,0.30563215733380367
0.03475011797063676,0.1745963637651677
0.03479883353657576,0.1734112490377653
0.04199336176932428,0.05713465359981062
0.014243504212750557,0.9872789808591474
0.03595215856668488,0.14717816685076265
0.023798281360148388,0.6228459549476502
0.013483239196817931,0.993360689874227
0.03815485347343678,0.10601455769747722
0.03948146677289899,0.08619496636758954
0.0212834113430998,0.7555174072028876
0.01740367296880807,0.9224623694144269
0.02573166096643431,0.5220114426856808
0.03968962183604641,0.08338741896619159
0.024399106955785566,0.5910140715948029
0.01918247418951452,0.8554205084913803
0.03545090445603748,0.15815652904263386
0.018035562012369943,0.9009614344726676
0.037685981091191645,0.11386783336340114
0.016300129923726092,0.9531903705096183
0.022980338469826334,0.6664466098752428
0.01583573552450568,0.9634506706361974
0.026579558063013126,0.4783426890269795
0.018657485023607867,0.877238465375635
0.019031989627230156,0.8618312356479791
0.03656232762960415,0.13465451750431978
0.01808219006348355,0.8992681080458168
0.019943976546023312,0.8212405602189989
0.03908856037790309,0.09171115944229483
0.039906809570098595,0.08054057067502497
0.02499091274231191,0.5600317104863408
0.020850299280067985,0.7773989818381432
0.02299145332739072,0.6658541493724686
0.025582866077551114,0.5295692045500375
0.020025127469143922,0.8174420639879931
0.022824464825269675,0.6747506716137788
0.03248177121169438,0.23724340053162538
0.02087548715667764,0.7761407118880519
0.04838069930172417,0.017918755284928086
0.019303160866661728,0.8501925970609228
0.016257361369788337,0.9542013972528198
0.0246535319653286,0.5776392945310174
0.01887944907864217,0.868203090860491
0.02136970180700204,0.751100692120893
0.04059296730814188,0.07208001333206579
0.030339458081123816,0.31098350755894055
0.013659054311375374,0.9922038809522628
0.023870703043859853,0.6189949162717612
0.027692277100975438,0.42360178895892225
0.02919938374279346,0.3564811016906301
0.026579282280950745,0.47835680376803247
0.029753809131117914,0.3337961010093708
0.024061230655159194,0.6088795458488033
0.044451451197288216,0.037282802251589774
0.023715212736996505,0.6272665781415987
0.014813038597856099,0.9806504835157445
0.025967758965695364,0.5101100524024289
0.017272878123816615,0.9265659328198761
0.02899242292569426,0.36522363195336033
0.029760486319857837,0.3335293819419065
0.03260543056713128,0.23343480305070308
0.021362305953333105,0.7514799201701888
0.03707928462340404,0.12473596764470983
0.012196557486025883,0.9983742522939848
0.02985560028568457,0.32974673946940425
0.02860251399482633,0.38210296245765896
0.03948041564919791,0.08620934293163018
0.023387347457310192,0.6447398368708577
0.030400829954807806,0.30866052362504237
0.027827365685421768,0.4172567658812924
0.032796127815397674,0.22765366600562004
0.02338449012004329,0.6448922301796184
0.03360302455872988,0.20440509909574847
0.01882385856978705,0.8704926771830979
0.02403625335482029,0.6102041572761299
0.022945658444680855,0.6682949337095458
0.02070405149998611,0.7846666898847776
0.018605563619067164,0.8793103484165746
0.022403459072346532,0.6971102224163686
0.022126640138749015,0.7117249073555585
0.02611621219119925,0.5026865270004401
0.03402968257669431,0.1928842938711494
0.03122336590685848,0.278744824377905
0.025149101731095302,0.5518335132791764
0.03445726569973706,0.18185686207384147
0.02275662819615254,0.6783613117532324
0.015957315521458626,0.9609167020141309
0.022706727113072422,0.6810157403662206
0.018137911999604073,0.8972259017062344
0.014048240788036875,0.9891209536749382
0.03965792904972637,0.0838098462327695
0.023288803237956013,0.6499960641397361
0.02517239802000809,0.5506295356344528
0.014795470493248475,0.9808846025625367
0.034850084843470686,0.17217136225681964
0.04922824552503685,0.015175569574890854
0.023819097213100687,0.6217387647099828
0.021530935126711837,0.7428033080032332
0.02089732848067083,0.7750481029842411
0.023095179055031667,0.6603237169199885
0.029097811402241103,0.3607530296247756
0.02345160789468237,0.6413129016089716
0.02781236172711196,0.41795828141120034
0.02950957157095091,0.3436579481764615
0.025191225881539214,0.5496571395085506
0.025138704876708218,0.552371118355253
0.018809774763352327,0.8710699396945738
0.03526166427095012,0.16246844155668227
0.02943220639618571,0.34682489103569214
0.028929432824030932,0.3679142830145037
0.033670829665395696,0.20253910396863894
0.030350141495676164,0.3105782137458883
0.023266361673355718,0.6511931491151622
0.029415381038606303,0.3475163888628344
0.041591087849347286,0.06112765715452994
0.029882252361106865,0.32869237791687195
0.03187584726723802,0.2565955581048292
0.03234294836915774,0.2415754777731979
0.04979009252034211,0.013571180932645735
0.016588012593340085,0.9460341638764542
0.016955072887835376,0.9360250666593459
0.02533151493387409,0.5424303754543571
0.03000825367016302,0.3237407374139464
0.02978670955837273,0.33248338571041053
0.02609046428401085,0.5039706628843851
0.04055537013600008,0.07252322879543172
0.019238942985186025,0.8529838236025118
0.026785202313240775,0.4678930971927143
0.021379513419961582,0.7505974020294057
0.03234078309309579,0.24164352203302872
0.03281350178111661,0.22713248670130745
0.017021141222428954,0.9341188085268975
0.02791200769348337,0.41331432000240614
0.02632724963953237,0.4913691772440064
0.02571119151170148,0.5230485905748183
0.030804301659790256,0.29370450851552077
0.028959053335468193,0.3666472946089252
0.034927601990335344,0.17030946344960765
0.04194271465465793,0.05762472076963055
0.03471897006145497,0.17535747372817406
0.025045190800039863,0.5572143312566096
0.02353809765933923,0.6367018436682926
0.01851784931629763,0.8827737843074424
0.016464418120255064,0.9491813447197208
0.018027034640705764,0.9012695666195649
0.01594240303743899,0.961233285276606
0.0236471147741516,0.6308928874519169
0.02903327139515327,0.36348621139616377
0.028831856418440965,0.3721098222695593
0.02162466167747351,0.7379549606133493
0.021481805273284027,0.7453375620232858
0.0400434496041977,0.07879191048951092
0.021365696313911386,0.7513060923370513
0.031060408921631755,0.28449306422179105
0.03138904707675838,0.2729897874546213
0.027094043144677116,0.4524830351464514
0.04103552512052655,0.06703354663236273
0.030811592324737902,0.2934392706219534
0.032686637534229956,0.23095932794907625
0.021940833125165482,0.7214805119256111
0.03133702769458285,0.27478705185720964
0.037569630608411064,0.11588928210163586
0.03588113546126931,0.14869519011108065
0.027463016610476787,0.4345189506831463
0.028419931991548297,0.3901913853542236
0.0241568655990827,0.6038123582518063
0.02019109422775589,0.8095894292428946
0.030203432349811488,0.31617772113737
0.030058432525580492,0.32178392895525315
0.0230934772415341,0.6604144721380121
0.020229027385041842,0.8077792940481281
0.04625690199995325,0.026831061999130133
0.03512097310013573,0.16573474809665975
0.0299019181751774,0.3279159584873046
0.023398987607881727,0.6441190322634467
0.02546123754460672,0.5357783548465224
0.01670253364394403,0.9430175609084509
0.023818815213058703,0.6217537626392982
0.02390913573916309,0.6169525093511145
0.026415217890000453,0.48680173489342193
0.020030587681496792,0.8171854961438845
0.03160389140832087,0.26566012427449653
0.03935589829425046,0.08792673114909255
0.020445683319316843,0.797336638079111
0.027228671641893243,0.4458721043771364
0.03056404341042962,0.30254462221971945
0.0310488278513531,0.28490491165871923
0.03660251617813137,0.13386108384975992
0.026483804051726678,0.48325972899440933
0.024741268414945727,0.573045414410759
0.025673145324934754,0.524978507018935
0.04083822001392853,0.0692449377878118
0.027667754851134596,0.4247605598151591
0.044122009995835654,0.03953354767553525
0.036014566362422396,0.14585551018635973
0.03953122999141301,0.08551664168170114
0.02914897290645102,0.3585967706392024
0.020674189885253158,0.7861423988705569
0.026716080538379094,0.4713886289264076
0.05126656491634107,0.010057053995963272
0.033287934014586296,0.21325296275491684
0.01517911191026633,0.9753155253145305
0.022518575552441522,0.6910095568607347
0.038526605836466055,0.10011210774828208
0.03253779311698768,0.23551212430648014
0.01893441026010087,0.8659222272027616
0.021547225328511,0.741961907823902
0.03726690601134175,0.12128767437168506
0.020284552235564135,0.805119716856991
0.03554093446682277,0.15613765694579435
0.01766149300372999,0.9140205919141472
0.012112443286282804,0.9985416560541613
0.044457003785944915,0.03724584718167124
0.02989450543391947,0.3282084625284301
0.03404073661799217,0.19259273379305425
0.028578187188655874,0.38317383994283355
0.020301490746303663,0.8043060518500385
0.04099120640629972,0.06752495564231589
0.023974309002311567,0.6134912223686357
0.018982699570255668,0.8639042936003805
0.0181305506376217,0.8974968527860606
0.019323353215518035,0.8493105562260225
0.030927225215210852,0.28925614264303645
0.02348423547917472,0.6395732069446334
0.02859815902884988,0.3822945165015223
0.03562900239254885,0.1541828765844004
0.022323132138119095,0.701359786024553
0.0318206216247916,0.2584171024835398
0.022165819860183733,0.7096618371127947
0.022849166247837227,0.6734353710405497
0.030078983183939978,0.32098500557676335
0.03268324590957239,0.23106231151081874
0.03082402725065536,0.2929872907168081
0.02767687121906759,0.42432952586436595
0.03197605488288713,0.2533151663831409
0.04547714404244174,0.030976966451829322
0.0313583578148762,0.27404903075946296
0.030485993651644727,0.3054580833301725
0.022247321931540998,0.7053641694288659
0.015060776531202413,0.9771368113700203
0.030359180416997478,0.3102356084363257
0.03807617140034647,0.10730015109968015
0.02074258654471184,0.782758155180357
0.030370493126882447,0.309807208596117
0.03630734715376227,0.1397782053727358
0.02503946537491858,0.5575113041427973
0.019967374982743258,0.8201481718195133
0.017766160876591885,0.9104619450848978
0.019674104781250618,0.8336670943698564
0.023068707501273822,0.6617353464862414
0.017396829627952026,0.9226800841807896
0.03837932627215768,0.10241694284525317
0.031540017187482394,0.26782363882665816
0.02771044273105605,0.42274477544889755
0.018685375710923824,0.8761189043251355
0.018506365614318288,0.8832237739363611
0.019225621786424618,0.8535601514694611
0.03368420515961923,0.20217258753441214
0.045679250386462866,0.029851541497145546
0.03339454575693135,0.21022655858665834
0.042813072326184365,0.049687316411566054
0.023844129806599085,0.6204076058016571
0.026342152870569346,0.4905934443804511
0.023900079258040774,0.6174337099499008
0.024813877841402654,0.5692513030899251
0.033201857108977606,0.21572103536539175
0.021251326609388554,0.7571551420983621
0.02390605436712312,0.6171162269397703
0.012893257302897834,0.9963215533238834
0.024165615689106357,0.6033491176160313
0.01537449794394885,0.9721003534502981
0.03435930455354441,0.18433819387516717
0.042862315711666155,0.049267956953008465
0.021163046581894607,0.7616482298798676
0.022270308421422302,0.7041506680550436
0.020157889452325106,0.8111693166053644
0.02298241769640033,0.6663357826148537
0.03288367207220022,0.22503688279204484
0.037852195554112344,0.11103062304521054
0.03718294690106294,0.1228209557750453
0.0249239229087774,0.5635150385910747
0.03830741494048462,0.10355824530687033
0.03349692077741573,0.20735196968549083
0.022511095719486493,0.6914063049288388
0.015657068715075773,0.9669807629931928
0.03315902488726091,0.21695738220281102
0.025273257652961734,0.5454273497447661
0.01739973941633867,0.9225875523584622
0.016554460117930936,0.9468996730488249
0.036672430079359386,0.13248987100068071
0.03478786246665533,0.1736775850405677
0.022322171493159737,0.7014105674359234
0.024407436564462925,0.5905750352725643
0.020853968718493876,0.7772157910714561
0.02489409372684903,0.5650682186238145
0.022153631790094108,0.7103038278376368
0.030848471785335452,0.29210029136125054
0.02278713343170996,0.6767379440790858
0.034615629913755996,0.17790151857685618
0.02741685966734908,0.4367395809145279
0.015368565209174734,0.9722018458410104
0.02087298247335717,0.7762659185358893
0.03389963695188636,0.19634046832463042
0.02247213716045382,0.6934719974622644
0.014335350194296992,0.9863396142367524
0.019708112522930032,0.8321191624430219
0.03422438029741104,0.18779949729778403
0.03559949077361546,0.15483571897904833
0.018806419501343985,0.8712072961391139
0.016122883061844645,0.9572927430692748
0.02202150189141361,0.7172510909050205
0.04999740090693483,0.013018868917548892
0.03380670457788276,0.1988399220000343
0.03680315275689783,0.12995676732116215
0.021102257657833468,0.7647306049615535
0.01652881403465245,0.947555635706955
0.02941689594695801,0.3474540880184267
0.024597775658135923,0.5805637795271843
0.017450377998053046,0.9209676560956386
0.012363508895523234,0.9979966070394608
0.021957099171330596,0.7206284711813006
0.02223496897518333,0.7060160565951867
0.026409611919998854,0.4870919845295695
0.032295112472456144,0.24308214147810076
0.03197380768960345,0.2533883803806508
0.015402298719433993,0.9716215050286409
0.027593675299876885,0.4282741298366099
0.03049709396930056,0.3050424766211155
0.030275101152033246,0.31343318248774926
0.020799363353815797,0.7799376901836488
0.026529445121955986,0.48091195493925354
0.060700122073263585,0.0012056017599996322
0.02304840105449535,0.6628181198298873
0.02007473943143656,0.8151063597264083
0.021905400553643095,0.7233351169735935
0.042090022181211995,0.05620929005399624
0.031030478071621403,0.28555837584563687
0.042647593732609956,0.051119227911661444
0.030526845574574857,0.3039305947602267
0.05307600401145163,0.006883231086321904
0.017714151579779958,0.9122396193718733
0.016369175148017168,0.9515297412603371
0.035790322332197755,0.15065328569069694
0.036730654725741,0.13135668080513163
0.0385676636302939,0.09947733309127925
0.02481996549757637,0.5689335280451409
0.019086495636615575,0.8595233331966443
0.04592288961945212,0.028542843885586998
0.031899926380022814,0.2558043874832638
0.029152237158415972,0.3584595057966411
0.026118700822068686,0.5025624872286528
0.021378921530610828,0.7506277693890695
0.05101192202837751,0.010597122338748403
0.021342778974780097,0.7524805782999193
0.02801597890735466,0.4085064697248802
0.02132961163063074,0.7531548402400661
0.032231243862797576,0.24510493707797176
0.023084885983272407,0.6608726235633162
0.016030303609070873,0.9593438255140435
0.0390273478687716,0.09259661953758676
0.028606289558961884,0.38193694772694176
0.021894467170408216,0.7239069936774409
0.03436417182317769,0.18421427878874708
0.01872446448009124,0.8745421325529765
0.0379823021547957,0.10885076660012681
0.024264076513746846,0.5981411810360062
0.04222656567305122,0.054924088514015805
0.0190129736981213,0.8626325971269118
0.03909532424690487,0.0916137543208417
0.02040693673579247,0.799216849242643
0.03785300766027455,0.11101690556697168
0.02562215655356792,0.5275693607625196
0.020519844645014274,0.7937230932871808
0.019059417536138934,0.8606718974933705
0.03623554450913902,0.14124926472563745
0.022205397737365545,0.7075758580949258
0.019931996413096564,0.8217989691012612
0.022203604650888165,0.7076704051053851
0.015012451160636098,0.9778537217652624
0.035630776445595425,0.15414370249131612
0.027546877918147805,0.4305038047676375
0.030190136753364488,0.3166887928671023
0.018893657377760276,0.8676150836091284
0.03138540246689858,0.2731154209255647
0.030528537354817864,0.30386745883095895
0.021104639994133367,0.7646099874293839
0.03101613156983357,0.28607005223060944
0.038844007488581966,0.09529161860374126
0.02455042767228488,0.5830502209580626
0.027750211204312508,0.4208726955338456
0.033563914131497286,0.20548750429200505
0.016949572040955818,0.936182348237526
0.035028769579526275,0.16790367462216085
0.03464828813287113,0.17709438809451788
0.03333180062311325,0.21200364322393472
0.02957507094066597,0.34099296004223345
0.0354638784729866,0.1578643081833719
0.029202063836547,0.3563688706737817
0.036999660714211347,0.1262234661061401
0.023746580608996815,0.6255968897823
0.02019623650977853,0.8093443721497199
0.03982671531558557,0.08158073122496957
0.0266227926122381,0.47613326109636744
0.019367889895607004,0.8473577785766965
0.019661087799230925,0.8342581764079904
0.042307560018108425,0.05417375299638106
0.020616944749201616,0.7889632622755806
0.029256789492546176,0.35408267549991207
0.019742737265418586,0.8305377069388495
0.036279251007710234,0.14035233802447458
0.019840862567792217,0.8260265974011363
0.03219800986859811,0.24616255635183715
0.03863499042672977,0.09844368641566045
0.04733184628796511,0.021921884998800108
0.04274003340303656,0.05031500179294408
0.019534508084727786,0.8399645039066423
0.019619929462303842,0.836121925958593
0.02652905111547621,0.48093219088319195
0.03413262518404475,0.19018248500309148
0.020409634512377317,0.7990861117506693
0.02684111697939018,0.46507792318236235
0.03269474723048567,0.23071322744174633
0.05107596896309585,0.010458871798268174
0.017112900386079044,0.9314187174763817
0.03510067546806822,0.16621028252908046
0.024385279361511858,0.5917430576472414
0.023375131738338217,0.6453913577240107
0.0191810310081513,0.8554825635856999
0.055525001128688634,0.004034746656527023
0.028831078583546832,0.37214340171130544
0.015908617195910357,0.9619445547512652
0.02245468375744286,0.694396999076441
0.022464009506739324,0.6939027832981433
0.04313989346031233,0.04696089751113147
0.03130261516386368,0.2759808558813852
0.024483992714463443,0.5865434508656204
0.029813891048977192,0.3314016657717594
0.02168975399782125,0.7345777398682772
0.02902653576975256,0.36377229702756736
0.018136940827440662,0.8972616679520815
0.022900868026134225,0.6706815048004104
0.037667038376026696,0.11419494283571009
0.02618391263263553,0.4988703268501905
0.026630877246650697,0.4757208485992168
0.03126757628749238,0.2772003668714735
0.02507354420836047,0.5557444152769778
0.016886742409605082,0.9379631248563555
0.03975718661613892,0.08249284639855158
0.02127355084921756,0.7560209911259501
0.024340462172544597,0.5941071733101675
0.022588265891095416,0.6873108741899348
0.02013388240867542,0.8123088615211915
0.02392713046565864,0.6159965461673419
0.03306600755277522,0.219661215108595
0.0267780982746455,0.4682515674271568
0.03063911502589234,0.2997616527629653
0.020177936530100207,0.8102159924984097
0.030951626184266667,0.2883790902401901
0.023362589372971143,0.6460603189327991
0.027578239962289586,0.4290086874510929
0.036859254853938817,0.12888183930877356
0.02426467910821062,0.598109335217065
0.027416755940347093,0.43674457982882847
0.018017361645836116,0.901618515316906
0.028084509350079,0.4053585049707921
0.018045270011845915,0.9006100585513733
0.01921858266201415,0.8538643177869766
0.02744293953224064,0.43548393300991584
0.035826028840065804,0.14988092201649547
0.022999369881130383,0.6654321480946601
0.01910109033589044,0.8589026294568292
0.03139986456981253,0.27261715210924603
0.026013008923666203,0.5078422827389751
0.019116988284059222,0.8582251945534511
0.03193710125838778,0.2545865544073607
0.030306377809973806,0.3122409172412869
0.038555088792926184,0.09967138931781694
0.029486724815353527,0.3445910182941972
0.017851076153888368,0.9075199822495156
0.02520683238025173,0.5488515587508702
0.021951572964538313,0.72091798750984
0.03739244338705139,0.11902444311757197
0.027475613510570096,0.4339142292808192
0.025165225127022017,0.5510001443734482
0.02657041205710342,0.4788109331971949
0.024485552256358567,0.5864613901968048
0.03463865798826682,0.17733208929977146
0.0195234702960837,0.8404584805962148
0.02578247426994862,0.5194404299880335
0.025535878588782368,0.5319646567763852
0.021487862155144533,0.7450254055506116
0.02392394530627548,0.6161657413154692
0.054194387751247575,0.00540945134375932
0.02519953731782576,0.5492280672544598
0.042226975048894666,0.054920273657181766
0.024909317977609757,0.5642753433412346
0.023272996690009484,0.6508392209669749
0.025372948981541854,0.5403024380539767
0.03776509221370278,0.11251006359148416
0.018749812786292397,0.8735148474212271
0.043820709961753634,0.041694904739787625
0.022642794995990922,0.6844143214518854
0.02814173151501964,0.4027427801676568
0.01757419971557317,0.9169307716797646
0.03329339589367297,0.21309709775307561
0.01947351453078494,0.8426867789279012
0.034797154063319735,0.1734519992135331
0.020501349577145445,0.7946260714042163
0.02404157663100563,0.6099218102481787
0.03426862805380726,0.18665877625915825
0.025370155291734475,0.5404458193502919
0.021776984598094018,0.7300396606461917
0.014534239076822414,0.9841384378240673
0.017500328674661947,0.9193520694939549
0.024322663619750884,0.5950466191999113
0.028990200128367866,0.3653183427533086
0.022715778592254765,0.6805343649410878
0.03543140588047233,0.1585965226490306
0.0189044441251095,0.8671679155883181
0.017167869771799182,0.9297720307984334
0.03856813667954645,0.09947003909334405
0.04611420762367813,0.027550932917666613
0.016183313919956643,0.9559200168177329
0.02801795513438854,0.40841545730182094
0.01707162699258387,0.9326407713073109
0.026879704374476177,0.46314164100549704
0.019503480824478114,0.8413515752475804
0.020747951032288103,0.7824920956453689
0.023403803535009315,0.6438621899025252
0.03646503012693214,0.1365913108722272
0.01700321289598472,0.9346392310018639
0.02121514053995366,0.75899921325292
0.05305210025417442,0.006918390162307194
0.022790814923662972,0.6765419968858452
0.033396410314453284,0.210173927908071
0.018201664236773496,0.8948647079161324
0.02530383636052036,0.5438535370948215
0.025865954791333245,0.5152278500588732
0.017069693072645276,0.9326977298151773
0.031252940193383094,0.27771095896075865
0.02638258456499587,0.4884928963924894
0.0326850434388668,0.23100772679533996
0.02021732124586534,0.8083384956163255
0.029256116712578106,0.3541107178039308
0.025591685685764115,0.5291200398438611
0.03101003483440859,0.2862877019337158
0.02477853148224357,0.5710973875013915
0.025101636878935518,0.554289260389837
0.035135772222975314,0.16538871892276424
0.022401799605536565,0.6971980784159029
0.03450487936708585,0.18066040204725387
0.01906870126306337,0.8602785600010087
0.03626886156862008,0.14056512588791814
0.0313489457907552,0.2743745032799961
0.04428267890323345,0.03842146042136575
0.026596151448989303,0.4774939250415828
0.04460958856183783,0.036242780196349446
0.031965800337181494,0.2536493918677448
0.016166872302038116,0.9562961537905033
0.040296065951551885,0.07564349283336694
0.0255429881949909,0.5316019382851067
0.017641515201181512,0.9146912660571449
0.02186396482701855,0.7255014267693531
0.025336036382897054,0.5421980203883674
0.03135459144458724,0.2741792390458401
0.05016965569927412,0.012575434796624098
0.03027442658419821,0.31345893355808024
0.027994753265050132,0.4094848635414051
0.025686490494275238,0.5243012422736479
0.036272999567145636,0.1404803434879092
0.016950494838602226,0.9361559787772533
0.020031449260575096,0.8171450004711098
0.03366728072521852,0.20263643944612064
0.017347025413004147,0.9242545648811912
0.02314144033972243,0.6578564976839617
0.022254496992751505,0.7049854483838014
0.01827646038457903,0.8920612382088802
0.037995168718444994,0.10863713408891922
0.030671894838487646,0.29855240692696455
0.024192335429015,0.601934953809854
0.03469137746173745,0.17603390799974208
0.017209603497593373,0.9285073005994212
0.030046743184681368,0.322239005264012
0.021434571134036462,0.7477691906597183
0.0380899935692981,0.1070733783054552
0.029187595541959876,0.3569750396911652
0.01967164129519655,0.833779017863451
0.02547593685884214,0.5350264997770164
0.013317796023529976,0.9943270853785696
0.03461001690730475,0.17804053443183662
0.037105129866577546,0.12425623828152248
0.041607663855215415,0.060958520054897505
0.030956634912050696,0.2881993040459771
0.029793937912714896,0.33219547646546155
0.02134316873327885,0.7524606137576049
0.029911416065813268,0.32754145085772673
0.03576584548415984,0.15118459380580934
0.031711148697718294,0.26205677171726494
0.03979505797052396,0.08199496909315998
0.019743560989087028,0.8305000176894346
0.026213697929645674,0.49730559334016455
0.03802005955419352,0.10822483983665522
0.020648992150499756,0.787385386084384
0.027161781258745354,0.44914866734679665
0.02378793477529184,0.6233963740493351
0.028396897677599564,0.3912201900320812
0.01959742206624915,0.837137755259379
0.02525325473288087,0.5464577144275267
0.028153015086308603,0.40222836188822786
0.027645657598114326,0.42580657710946435
0.014871728277075835,0.9798540750094439
0.017440919654967607,0.9212715967709274
0.019118794367316727,0.858148148853073
0.02980405481377274,0.3317928169012677
0.017497791602511414,0.919434550024518
0.02037802024619495,0.8006165229608737
0.03311169437414041,0.21832994865197158
0.0240195116212068,0.611092278509253
0.014789528664944318,0.9809633418902893
0.01902872589290608,0.8619689154788747
0.030219308105860043,0.3155682578894964
0.031807726985165374,0.25884381851533955
0.04264273532015628,0.05116180145164063
0.03370406377024249,0.20162937672206974
0.03018698627342098,0.31680998286469975
0.02597747426717184,0.5096227893618958
0.02221479117196279,0.707080492280419
0.019904509866829095,0.8230778313771119
0.027824338000413285,0.4173982617994254
0.01553843128264587,0.9691987612332631
0.026908589704284114,0.46169567681188806
0.023358357238943084,0.6462860485226738
0.025572134444367567,0.5301159435916337
0.04111690038527671,0.06613918893508561
0.05015397261520327,0.012615236932958506
0.022088242306981587,0.7137448767781108
0.019181068139428437,0.8554809671224751
0.017632304642912877,0.9149995447318221
0.020959621643355464,0.7719242876596482
0.03261502414370976,0.2331413010870728
0.039761471623220745,0.08243638581491483
0.023253858956355455,0.6518600757228523
0.01845505075876247,0.885224702583425
0.030287090328310673,0.3129757632070645
0.02248710859333547,0.6926783233594702
0.018311151953824656,0.8907488739760819
0.022180877472185057,0.7088684414527724
0.015638343537677013,0.9673374902397351
0.020600608092997463,0.7897663026539632
0.028522267721045602,0.38564336958323053
0.028550062149599986,0.38441452349690514
0.020951298395042395,0.7723423179527343
0.02364477077214358,0.6310177427746416
0.02998630035978528,0.3245995520698569
0.046032571686400514,0.0279703989483178
0.0290599976099028,0.3623526224067384
0.021507146580335756,0.7440310183711655
0.06101474071217411,0.0011163578671805096
0.01720240450884024,0.9287263578896322
0.021034782383649087,0.768140581142325
0.023815027687814183,0.621955203167116
0.032585599443563096,0.23404240670929766
0.03383160747783054,0.19816771668095662
0.035021195890440504,0.16808283449954325
0.024418645608081158,0.5899843469884364
0.01942128627667039,0.8450033750058539
0.024971374390065415,0.5610469719124231
0.03130519100954593,0.275891363299323
0.023204232742225606,0.6545072379016474
0.03462309784812412,0.17771669570406862
0.024051189889394586,0.609411976601324
0.0248299360246389,0.5684131787364437
0.0346215010976777,0.17775620065178319
0.019676939320729683,0.8335382780915783
0.030490113452793177,0.30530378550045684
0.0242552077837365,0.5986099140747978
0.02964286281462758,0.3382503395119602
0.0332649914191841,0.2139086399143348
0.03145193135914748,0.27082891087303634
0.034422413971156196,0.18273660160957386
0.035542537734376656,0.15610189317812373
0.033559785525626995,0.20560202644360775
0.026483822187027384,0.4832587946433151
0.015164927228277114,0.9755388048055363
0.028483840255628057,0.38734682239152685
0.029211211426021066,0.35598599717034385
0.0272588512470342,0.4443990143464837
0.01759432795139393,0.9162644248458525
0.016730640405971914,0.9422624508983317
0.01524911622208558,0.9741936110955999
0.030875561117059525,0.2911196452036299
0.03754472675568454,0.11632577765780999
0.02170120249741081,0.7339829290054116
0.02406176976656449,0.6088509606376903
0.03177452802028791,0.2599449044877273
0.0365515469706128,0.13486800806782495
0.0374145583125125,0.11862936931986197
0.021335795299256666,0.752838242446575
0.028233723300866154,0.3985620570329583
0.040603630316006833,0.07195473168066766
0.01947770058637055,0.8425005248368488
0.02631404719354058,0.49205704112267806
0.027031937335521006,0.45555455050889737
0.039229255441734334,0.08970281500752782
0.03574276805629095,0.15168690791104916
0.01730985290029116,0.9254182295062818
0.020357837965979675,0.8015916210839729
0.056941150743041624,0.0029302303149283987
0.020912312256547994,0.7742977347387043
0.033626150392746745,0.20376717437243416
0.026207683650092004,0.4976212924699671
0.025837805124052426,0.5166467480473886
0.03208913041031858,0.24965180893942834
0.040495881368111775,0.07322924068728653
0.05074686690359931,0.011187008570356805
0.024565696605037768,0.5822480915230193
0.04044570005590853,0.07382931900960787
0.023103740380270077,0.6598671465682624
0.01661483520679652,0.9453362892688588
0.04017147325818943,0.07718274459402263
0.030561848546134363,0.30262627255559754
0.03088899778072718,0.29063413718107944
0.019822877691975438,0.8268566215076409
0.04023853947138972,0.07635092859420678
0.02468979234355695,0.5757394930670675
0.022892788665067276,0.6711119189409755
0.030114789424124044,0.31959645395726516
0.02011375067433696,0.8132626853672402
0.029017903925786348,0.36413915421462806
0.039615016985518364,0.084384684229716
0.027389005420614954,0.4380833399487877
0.04237400790878665,0.05356478535880372
0.035374553469554426,0.1598850313844949
0.02530347208522843,0.5438722760279883
0.035252687168820684,0.1626753042634295
0.03218667757167129,0.24652398184561322
0.03283352516259441,0.22653297107951204
0.02288633153929498,0.6714558928751996
0.029237909240617144,0.3548702275464808
0.023039891358962006,0.6632718441775896
0.017808337851432876,0.9090067982089509
0.030466458726419288,0.30619049868793996
0.03249877245488453,0.23671697526622246
0.023019496257727257,0.6643592113140548
0.022409818589265162,0.6967735105549526
0.02919977316746697,0.3564647926706927
0.014898328578614367,0.9794858247019561
0.030312800337249257,0.31199650129240286
0.028749612156238835,0.37567213218814205
0.02120477593042991,0.7595268051429571
0.03916592214241199,0.09060225114450172
0.025681562485913467,0.5245512972440575
0.021164206785559414,0.7615893074967328
0.03834091639069781,0.10302523663618814
0.04027470861136251,0.07590548537159428
0.013355532892158933,0.9941166529888216
0.03600987212675566,0.14595466320402478
0.021735793714149937,0.7321842745777375
0.024289025892237914,0.5968229506135299
0.021201081135934663,0.759714817180485
0.017048281275622412,0.9333265461720378
0.01887515591505806,0.8683805378220069
0.035172529726859025,0.16453176261432922
0.02448167157589709,0.5866655906553427
0.027038704264281233,0.4552192157494823
0.03135516245537273,0.27415949548895896
0.031116999961044445,0.28248693124250995
0.027719869015631837,0.42230052824309705
0.025913071724929543,0.5128565504398293
0.020583623860192968,0.7906002312433489
0.03130024588092395,0.27606319101052107
0.0257366068934205,0.5217609664583998
0.03312265148926724,0.21801160014128093
0.024296518156423752,0.5964272051375349
0.0205719206753876,0.7911742960371828
0.04593411540866876,0.02848378398718074
0.03831733504840851,0.10340017793719658
0.022255519057034823,0.7049314960174062
0.04384797753588887,0.04149515501411344
0.018179086761629493,0.8957039077774265
0.025626273855498094,0.5273599652625466
0.025311283274586538,0.5434705054575384
0.044629031387386386,0.036116679873591774
0.038355275691301094,0.10279747911318715
0.01710351057428433,0.9316978210524193
0.026720837982184553,0.4711474961324568
0.026586873053879773,0.4779684009631959
0.02577969680858283,0.5195808284050127
0.023680408643828144,0.629119698152752
0.04294444513251516,0.04857534695790815
0.026462640764437828,0.48435088285405165
0.03045302436592412,0.30669493487294475
0.024586306018624993,0.5811658505727579
0.031827143068725694,0.25820149397845304
0.028667553393157297,0.3792501591596421
0.036905556420782026,0.12800017603064023
0.029670788971657702,0.33712516677596277
0.027423827450392457,0.4364038705617562
0.0249118701428733,0.5641424600903657
0.022721860426845986,0.6802108937455529
0.03247490688277599,0.23745620083478908
0.02293916707649646,0.6686408576230962
0.027872454589739082,0.4151534440819063
0.0361246068482074,0.14354677155054613
0.027878058028904473,0.41489255892412413
0.020011964457941622,0.8180600678067228
0.03612666403922271,0.14350389353064416
0.02673070474953776,0.47064765258558516
0.03564761725478549,0.15377222771996846
0.03503120684169825,0.1678460522367805
0.03399928751727954,0.19368777908891407
0.024375341547654417,0.5922670999268415
0.02484091466891225,0.567840377565931
0.04012605652624579,0.07775038855842703
0.02372542167700825,0.6267231131964974
0.02161289346151296,0.7385646714731378
0.026902839585857707,0.4619832833604137
0.018880576836046603,0.868156460579455
0.031050785924867763,0.28483524729760196
0.01849825630327967,0.8835410535719112
0.03652238297575289,0.13544692766214877
0.029135982108994485,0.3591434150220273
0.03074484747015027,0.2958740984226959
0.02343574184614594,0.6421589538674852
0.026633443818192742,0.475589971624957
0.03491779336360429,0.17054416828838984
0.031130321242743064,0.2820162311535048
0.02756350612763303,0.42971065393890634
0.032673538766214316,0.23135725494152695
0.04725057868453708,0.02226296639497756
0.02759103463809598,0.4283997369347891
0.018582132208907143,0.8802400865622215
0.034920114437978156,0.170488605406976
0.02636112774044963,0.48960691940609036
0.028178644097354377,0.4010616149908159
0.021304409433076932,0.7544442428014368
0.019487878270846637,0.8420473223175802
0.02976182360269916,0.33347598289268876
0.024381642713291407,0.5919348139340732
0.019473539376306526,0.8426856737058437
0.02877159807804819,0.3747175062515759
0.032630298012433556,0.2326746028903273
0.024216581842098017,0.6006522411424288
0.024733037658910273,0.5734759495950056
0.025891637505857434,0.5139347214633815
0.023732990146444144,0.6263202429336924
0.032970538107083,0.22246335417506233
0.020224523145088102,0.8079945239808377
0.023529407459972118,0.6371650616236189
0.029758625825908047,0.33360368358736053
0.021197921131805963,0.7598755889291559
0.025789704221602427,0.5190750345661959
0.02388222792797029,0.618382360181603
0.01436520862796098,0.9860238870100189
0.017810653457992265,0.9089265576820283
0.016046033425620165,0.9589997572427118
0.0167901684266627,0.9406440216663169
0.01471235152515632,0.9819658281510942
0.022048351124506538,0.7158413071386736
0.03269663233526893,0.23065605007108728
0.014490576290426216,0.984641649369181
0.042050200906084245,0.05658894028294139
0.032146423337485075,0.2478110916480992
0.037960433222832934,0.10921466976420958
0.027848951830129365,0.41624890480933774
0.03542416479062882,0.15876017084833396
0.033986862198080725,0.1940169953245518
0.034515711032058416,0.18038909076812432
0.031208301321506537,0.27927255867454126
0.01819577224551,0.8950840279729672
0.0201229362886374,0.8128276803017138
0.022276028418162952,0.7038486059179099
0.021350664948288522,0.7520765679695988
0.04616401741963527,0.027297735319434278
0.02434730121696832,0.5937462789355707
0.02715960804625739,0.44925538806703347
0.024737545680051987,0.5732401324558134
0.02494865790117068,0.5622280955718824
0.025303834898899202,0.5438536122826133
0.025484578915618505,0.5345846518186752
0.030680696444680522,0.29822832911391833
0.02977970204807484,0.33276267036808593
0.0380496855927297,0.1077358016550197
0.015372217700711621,0.9721393908699143
0.028432136564729094,0.38964704176316234
0.029686496710026322,0.3364934701133123
0.01643408063530094,0.9499366333152796
0.02123390666422187,0.7580432787888133
0.02248038779162398,0.6930346343445599
0.016066225153569036,0.9585554387385035
0.021382378499768262,0.7504503955965686
0.021178899775538662,0.7608428088527156
0.03143414963539348,0.2714386351898682
0.026926298730734155,0.4608106567801314
0.02344489334723221,0.6416709469631285
0.030651819683013504,0.2992925511542918
0.052476723061700925,0.007815656453185134
0.01851968306235896,0.8827018545119193
0.031924812447452156,0.25498864385486014
0.021873087405916647,0.7250247240052955
0.02930136858833876,0.35222808110683607
0.020414059677757,0.7988716061573726
0.03065365680246085,0.29922476287502475
0.031985691797614235,0.25300137560041036
0.026254631912403403,0.4951603127456619
0.03523812008539712,0.1630114276265939
0.036535735478300774,0.13518162333479825
0.015535217846599059,0.9692574511826733
0.018277303920923194,0.8920294180476861
0.02974729799507303,0.334056335105545
0.026793798036932714,0.4674595970648179
0.02312434210808023,0.6587684212410554
0.04589693580151177,0.0286798030602279
0.04781939775350974,0.01997146802883183
0.04238002668196739,0.05350991825841994
0.027532931210669576,0.4311698110967522
0.04540777553506775,0.031371760088732895
0.024362042615276747,0.5929685420501267
0.018149813517435165,0.8967870973192985
0.03063908935609505,0.2997626011319388
0.024432592441131884,0.5892495732305753
0.017244395101904897,0.9274433880101461
0.027158374974717514,0.4493159484485846
0.01963290467188837,0.83553523152077
0.02591696138419941,0.5126609975627843
0.018558859572558317,0.8811602576040328
0.01924084797483913,0.8529013306236943
0.02657032102062451,0.4788155954503191
0.023952405916432218,0.6146541558482816
0.029562371673662158,0.3415084964867752
0.024062874343822926,0.6087923935312971
0.027682781560237957,0.4240502354622507
0.03696103402087503,0.12695028810486636
0.031413552474752304,0.27214618447185385
0.0188046660022394,0.8712790544732647
0.026482216524483126,0.48334152471905856
0.02869115508643305,0.3782186166752745
0.0223278760074081,0.7011090023595938
0.026077855559564878,0.5046000293755948
0.034159067795190234,0.18949331020621363
0.04163975212750809,0.06063223892180026
0.011286820247861318,0.9995627833692436
0.0326611848097377,0.2317330376341306
0.01688341446758304,0.9380566443999144
0.026303676647381535,0.4925977936745633
0.03023419004731026,0.3149977249150007
0.03159024434906321,0.2661212626795186
0.021200413242171257,0.7597487997440959
0.04311815806394803,0.04713810877841451
0.02184679527627742,0.7263982580818329
0.03298685970088949,0.22198235001217476
0.014797416637690963,0.9808587641321006
0.022567192631749,0.6884296943032168
0.01657951374001125,0.9462541822969825
0.03036546124973266,0.30999770675212046
0.028477483994507558,0.3876290928485038
0.02649729611796653,0.48256492601292106
0.03767228170531356,0.11410432166058211
0.034286695484678,0.18619456702713122
0.028825762574010094,0.37237295294772144
0.02084112797725829,0.777856668198712
0.030803470418072076,0.29373476073977206
0.02142743662706814,0.7481360560495862
0.020561210432538862,0.7916992499288783
0.02744789589214569,0.4352455773629909
0.03236996195145325,0.2407277991888969
0.01593001431383889,0.961495059976289
0.02068860506895054,0.785430383206301
0.024841625581376148,0.5678032921511103
0.04379675229618518,0.04187109798837708
0.032880188010746214,0.22514057980586638
0.017012664642262088,0.9343651573946476
0.051766787074302656,0.009068092953947181
0.044173928373043125,0.039171156427915514
0.022847149691820556,0.6735427588713807
0.03261916331178438,0.23301475653019543
0.03305369282231141,0.22002112568091217
0.02814377381951272,0.40264963793128883
0.018448361974335303,0.8854843289178538
0.017170380364777138,0.9296963021502511
0.049884595169043866,0.013316843563125711
0.026493064419434054,0.4827827767089956
0.026865218981024036,0.4638678827848566
0.031631171260116886,0.2647401314538659
0.022721059667489385,0.6802534845362573
0.026883588759387816,0.4629470202111452
0.03110003909393111,0.2830870800383487
0.03215137722944372,0.24765241814239886
0.029985512968827677,0.32463038549440254
0.0126491545370358,0.9971921862609952
0.035880518628755353,0.14870842048704888
0.021381342535552017,0.7505035527698911
0.029918684747848145,0.32725505138472516
0.013077881502673971,0.9955347151402945
0.022154889691751944,0.710237578143491
0.02830516548774198,0.39533596814565697
0.028196276651905716,0.4002602570792489
0.024452698000831052,0.5881907068768261
0.024935169810341218,0.5629297591038287
0.03628190131015718,0.14029809860427253
0.03318006585883429,0.21634935284122114
0.02324483286707657,0.6523415499426256
0.029891667437531022,0.3283204987556177
0.038999244065444194,0.09300554155949654
0.02274346703232355,0.6790615418386434
0.029666555101706904,0.33729558033791834
0.025187621028852192,0.5498432730086833
0.026491963142963093,0.4828394816150363
0.02061321704443586,0.7891465784209462
0.020801299351569047,0.7798413416082062
0.018628171526781312,0.8784101712486286
0.022190107557808147,0.7083819641024984
0.03003773010872879,0.32259021110341557
0.025108736810758536,0.5539216932052105
0.031181397450044557,0.2802168936229773
0.03775923066554132,0.1126102034055501
0.029757508332524274,0.3336483181130284
0.04061190935103476,0.07185758737181139
0.017781897308224298,0.9099204372667329
0.033312514108328806,0.21255222020043538
0.04308152599371251,0.04743808564175053
0.018494713917507066,0.8836795246802934
0.01748660010429992,0.9197978481358586
0.026465338382198,0.4842117082836639
0.025309154159543157,0.5435800066133372
0.02061608478065108,0.7890055567613588
0.018020856715559863,0.9014925035142043
0.018002961482146973,0.9021368506860066
0.02001950389760221,0.8177061788180446
0.020175143540067775,0.8103489059758854
0.02873139136905903,0.3764645670330663
0.05669764489465495,0.0030976833996464634
0.026126382985854568,0.5021796739539611
0.03268124971544689,0.23112294059662983
0.018351265358707958,0.8892219439462675
0.024570200511017104,0.5820115389642515
0.030797419362426526,0.2939550523695382
0.015800016550144957,0.9641747750090159
0.020072781499760772,0.8151987291339523
0.031988527116730336,0.25290910995103616
0.020639970430754717,0.7878299181598255
0.03695279880386396,0.12710568884935095
0.031239046100246082,0.2781963150974539
0.01599318541553066,0.9601485704961515
0.018756810607845176,0.8732305891400438
0.021739613349120085,0.7319855308720437
0.027533964853127868,0.431120427072237
0.02354757126041329,0.6361968921744428
0.024508745239901764,0.5852413378658936
0.02242441406541018,0.6960005916746916
0.050163437669416666,0.01259120198952388
0.029996972102677044,0.32418186687491685
0.04157322050149548,0.061310420733040466
0.028077578528780567,0.4056761150876667
0.01985631725775394,0.8253122083008223
0.024103227732257038,0.6066534267304897
0.01667823716246017,0.9436656234000729
0.04039319925712609,0.07446159400876441
0.03349580764658455,0.20738305975709828
0.025222212571154756,0.5480580548838755
0.031233736822889324,0.2783819488003607
0.017838499653710593,0.9079587862231356
0.01828873070185877,0.8915979287851808
0.0354185954276065,0.15888613029127038
0.026273560287009556,0.49417031955006097
0.02328696636269223,0.650094046860296
0.023796535149340436,0.6229388461331946
0.02367425710467419,0.6294472870682533
0.028011942707626303,0.40869239452623424
0.02121782567335473,0.7588624877263966
0.026497055398131464,0.48257731672302817
0.034222929484344244,0.1878369925762506
0.018630708196790025,0.8783089785828679
0.017843376759000273,0.9077887469232855
0.04015213623570535,0.07742399948052389
0.02880743952215703,0.3731649249221351
0.026235139905708166,0.496181114174195
0.019403578570920177,0.8457857389465112
0.024465169324761393,0.5875341242573036
0.04021926331014988,0.07658922811438901
0.02253727468279121,0.6900175108160629
0.013695572888962892,0.9919459661086483
0.028749910823306912,0.3756591526924801
0.025455554114091783,0.5360691621930573
0.023819306410436586,0.6217276387583485
0.02312241959805883,0.6588709546491498
0.03062856770467165,0.30015150892920767
0.03313557934584033,0.2176364559229528
0.022858071269207525,0.6729611298426442
0.020136104698671886,0.8122034720979229
0.02609895133865714,0.5035472248243674
0.02873598077891426,0.37626486014125043
0.03596811335347372,0.1468391057998753
0.0192473797252809,0.8526183387584259
0.04639829826906228,0.02613418949523037
0.024960503888947994,0.5616120780548706
0.02678587598948612,0.46785911278968323
0.03421633272691044,0.1880075557320759
0.02423530486813502,0.5996620982615171
0.03651102460933131,0.13567294350819836
0.02140879853869493,0.7490939206188096
0.054674835982929215,0.004870027947938534
0.023590420674231338,0.6339133214576991
0.03196591972161489,0.253645498860231
0.016042366945946407,0.9590801181482906
0.030446670834109568,0.30693371072635867
0.022643054051937117,0.68440055561269
0.04637254054746176,0.026259931202090126
0.02788985879159034,0.4143435042384651
0.027750408686370243,0.4208634132379405
0.02063097059705743,0.7882731058048453
0.019529735749770127,0.84017815338814
0.0566627592599076,0.003122383727377544
0.03407535332748041,0.19168192871413248
0.033222639294869905,0.2151231316052208
0.018491919040295346,0.8837887217313398
0.026227126952579338,0.49660114567741737
0.028424009636497993,0.39000945716235713
0.020335409160445406,0.8026735023391743
0.020847313996033817,0.7775479876325345
0.010141791368029753,0.9999517107003427
0.017222543409525004,0.9281126177326714
0.02180087348451193,0.728794521727439
0.06128283308941651,0.0010452158005359543
0.018093271161035096,0.898863597689236
0.029858428696983436,0.32963473118031195
0.03445013399105984,0.18203660990586878
0.025533455853872122,0.5320882816422483
0.018752696346692854,0.8733977488888681
0.02780591871982918,0.4182597727373912
0.03750060462522775,0.117102442478915
0.027883664006244813,0.4146316674936231
0.020915345535866936,0.7741457525669311
0.017577453535158105,0.9168232446548704
0.02433134090310035,0.594588573728082
0.035963728083919844,0.14693223579245226
0.02545336222852307,0.5361813313563044
0.030521321957006742,0.30413679897376067
0.03484895193630938,0.17219869341398444
0.0230459160606179,0.6629506177102585
0.037516411175426395,0.11682371633530637
0.029087272966380195,0.3611983215430915
0.016630848785008756,0.944917119081306
0.01954910107173674,0.8393105205950594
0.025662150455471003,0.5255367552594887
0.032424298707675714,0.23902960960259495
0.024546294294863436,0.583267409005638
0.018827646621302485,0.8703372197183453
0.03191419436461529,0.2553364541646744
0.017304103029333495,0.9255973470892945
0.02988320512338244,0.3286547316191827
0.02739097114982514,0.43798841738827526
0.019039588424711068,0.8615104565173486
0.027022195628167767,0.4560375872809411
0.028477455070947844,0.387630377620004
0.030918672536139558,0.289564022028803
0.025056704831467824,0.5566172622158703
0.032168377774709045,0.24710847700459096
0.025974024163750387,0.5097958036430515
0.027846713292343506,0.416353345406328
0.023512572509350654,0.6380624819677594
0.028964768177092426,0.3664032023079798
0.027719945130628115,0.422296942342363
0.025287390467491844,0.5446997687430617
0.04073359332504711,0.07044258000667712
0.028072913739327826,0.4058899787382377
0.03149999619693433,0.26918593730522683
0.02718662469970312,0.447929869808758
0.024664077061825496,0.5770866290829635
0.03642133661452529,0.13746841294060003
0.03339067119757688,0.21033595817216275
0.028634361268689346,0.3807041894597699
0.028736004023266815,0.3762638488586546
0.02158972637673079,0.7397641647330555
0.02783586714326447,0.41685963310472285
0.03579801499953961,0.1504866157054243
0.027031675050772364,0.4555675513048476
0.023594975038644217,0.6336706409598375
0.047581651783213386,0.020902353540443095
0.021016858928316506,0.7690442989405478
0.03500059078669948,0.16857103193356318
0.029101069521508593,0.3606154394687541
0.01834562457867872,0.889437272826432
0.02735224185076629,0.43986114736433446
0.03210952232397324,0.24899546716108673
0.02780393275255799,0.41835273306392995
0.02236001959082723,0.6994091233367195
0.026428949773542043,0.4860912374482784
0.03547190747804818,0.1576836837857106
0.01766077526745613,0.914044734717245
0.029820994467586348,0.3311193957905542
0.027592370927767618,0.42833617117285766
0.016688498441194133,0.9433924529845457
0.020410965027249373,0.7990216237462122
0.02458736128149208,0.5811104504230692
0.028133228783257413,0.40313071877473866
0.02627318944799567,0.49418970298294923
0.02070037678934833,0.7848484419681246
0.04203839906747253,0.05670187987109801
0.019586603505031497,0.8376251792697957
0.03950004019873177,0.08594126385591058
0.016146657794261943,0.956755882970053
0.04527368313820823,0.03214747524456373
0.012867668570867408,0.9964215439007642
0.021621930245147247,0.7380965000253299
0.02415204887988251,0.6040673894076148
0.01852391856213642,0.8825356363154255
0.022371180435833637,0.6988186479097678
0.029918853315232585,0.3272484116696509
0.01725351157917565,0.9271631753161018
0.016784622724884346,0.94079589531223
0.03674379094405472,0.1311021155326515
0.03548466987649629,0.15739691625841298
0.021632418152610244,0.737552951015693
0.021225725282096597,0.7584601402748391
0.016320919427506464,0.9526940515851685
0.016042081892085225,0.9590863617635726
0.026808391261588516,0.4667242339912728
0.033192787884158415,0.21598236055013612
0.02916135456050617,0.3580763078763714
0.03642579979571495,0.13737860971131327
0.031792745447866144,0.25934026336003096
0.03326879992131904,0.21379968842675107
0.021572695137826337,0.7406452916826571
0.017697171602951478,0.9128159835666403
0.028454530485793494,0.38864960839512097
0.02222836522799365,0.706364475336787
0.04444543683080826,0.03732286683147048
0.033131079782450334,0.21776696877473803
0.035939031472318195,0.1474576098052339
0.013557489182517646,0.992888995473137
0.02494666475328855,0.562331764124882
0.022893875979389577,0.6710539956097511
0.02244149126503614,0.6950959985545384
0.054054634513890254,0.005576325988949616
0.03883908471103992,0.09536487479101073
0.030349080635134723,0.31061844204149336
0.03955559762671612,0.08518612658581132
0.017330890200870197,0.9247608765874553
0.020881058648895556,0.775862132091408
0.02395168793697955,0.6146922821575319
0.01851021417816573,0.8830730571985783
0.037125360024038545,0.12388179029213257
0.01654958966366782,0.9470246200756485
0.0386891475874348,0.09761874192715575
0.03286091033357352,0.22571501217361944
0.018457613622880342,0.8851251515947188
0.017222481819142876,0.9281144991597665
0.04882724554963602,0.016422657576820366
0.029222087486761694,0.3555311585335825
0.025282798884371682,0.5449361137406088
0.0248783739733911,0.5658872503169639
0.02521871429540712,0.5482385053859464
0.028061533427128693,0.4064120493253145
0.023507064898749125,0.6383560922309457
0.01983209211482062,0.8264315426978593
0.03407970581616182,0.19156764996345324
0.023854367550900535,0.6198632964158864
0.025773684037699696,0.5198848221661966
0.03438247000931671,0.1837490167802355
0.03599808644052299,0.14620384419153795
0.018478875976564835,0.8842976880383386
0.022756019617493073,0.6783936928387464
0.018376994743669134,0.8882372350664405
0.02749312541288229,0.4330745012855875
0.023387296529155166,0.6447425530650818
0.01919719182423263,0.8547870404265998
0.03271492038110002,0.23010191789464055
0.04077156099348181,0.07000595031878504
0.024632982698782446,0.5787166783344615
0.021099073438399008,0.7648917983827085
0.02913883401918363,0.35902335791699014
0.03388471300264584,0.19674018466166063
0.037852101275166916,0.11103221562408461
0.03328507101417044,0.21333469921522072
0.02443304279749059,0.589225850212195
0.01856330831215433,0.88098461236825
0.03782321930951249,0.1115209855747854
0.020649262286349,0.7873720714282637
0.025574799443336627,0.529980150916508
0.025778871158237293,0.5196225673484272
0.031843081850833455,0.2576751065674626
0.01757740182896117,0.9168249539346345
0.029601825785713576,0.3399086539335064
0.02019758827622531,0.8092799361552907
0.021247058458347734,0.7573728177457862
0.02927617418671924,0.35327537549981847
0.0179023913716731,0.9057185159137155
0.019929098987977345,0.8219339297498379
0.026708935630998965,0.47175092276659236
0.01692646225761857,0.9368406979596913
0.035020243513507965,0.1681053743048137
0.04598346269837994,0.028225440166257068
0.023597292247569568,0.6335471705809717
0.02607484191523024,0.5047505069954157
0.023728446989622343,0.6265620723267231
0.015862610198202787,0.9628997792587347
0.03214486315213749,0.24786108049774763
0.03337013746044731,0.21091647502042712
0.01819015527828538,0.8952929030124606
0.029942428012277755,0.326320785854777
0.03322132058600791,0.21516103264583614
0.04147078048348041,0.06236732792566565
0.025792486009475923,0.5189344734863712
