statistic,pvalue
0.02815510200700383,0.4021332686897717
0.033175476210020816,0.216481869014043
0.021076092236087224,0.7660543684478314
0.03329012405624765,0.2131904551656174
0.04722170266182807,0.022385290297843866
0.030047411470915053,0.3222129757084019
0.023436919227320552,0.6420961687432523
0.024881707967830624,0.5657135126671984
0.0284234420836591,0.39003477557059457
0.0579517828832784,0.0023207409156956473
0.027091158693031858,0.45262538416802517
0.02070255925499559,0.7847405018856464
0.026309872525164646,0.492274675388437
0.019015580768292975,0.8625228483887507
0.016926860014877976,0.9368293996366165
0.02338791957883324,0.6447093234552129
0.02440499539509136,0.59070369656875
0.04160854240070938,0.0609495668108998
0.022147837709621143,0.7106089578728145
0.038837695395108174,0.09538555780760169
0.018368335859510143,0.8885690877416998
0.022238221496999833,0.7058444324167596
0.0218975952183159,0.723743398704461
0.023971369706860257,0.6136472636024342
0.03832256547368407,0.10331691690689518
0.02931420700631271,0.3516952578149753
0.030030750315491905,0.3228623783408506
0.029948970492030158,0.3260636877864547
0.019901748912019346,0.8232061104922904
0.016424544954195985,0.9501726336894672
0.018143598453889187,0.8970163587725845
0.030253885664333957,0.31424380593976825
0.023158714893034726,0.6569351338542904
0.0261298324805338,0.5020078227594993
0.049499709229276045,0.01438027042720914
0.04521217502240682,0.03250889978568043
0.028216234621874503,0.3993545465041025
0.03755455043071515,0.1161534343093423
0.0329748290963191,0.22233681902439018
0.02493063721282207,0.5631656094048874
0.02573041246929142,0.5220746779036548
0.03181734012282955,0.2585256451823656
0.022015554556532813,0.7175632317463658
0.03008070686098896,0.32091806180840204
0.01998948357151259,0.8191138782705638
0.019635055816905833,0.8354378878919532
0.034656732963093795,0.17688615219570225
0.019653099428046245,0.8346205273019287
0.020338394906335044,0.8025295884291197
0.04179416931049096,0.05908293644976966
0.027667142479627815,0.4247895241740254
0.038413880839795356,0.10187226022833909
0.025983191235102787,0.5093361528169228
0.023305454463598774,0.6491078591558785
0.027234541319602623,0.4455853461064361
0.021184450578556224,0.7605606495751617
0.025470019765402307,0.5353291056716405
0.02095967181956182,0.771921766992308
0.027790612708022855,0.4189765888079808
0.028929745187703804,0.3679009058908515
0.028136599493081282,0.40297689882420873
0.01816491725465208,0.8962289088841886
0.019343792986938516,0.8484155915802375
0.02283351779697501,0.6742686515786227
0.028022702731325455,0.40819687001954486
0.02805240208566495,0.40683128162172016
0.027028377789290903,0.4557310092190625
0.033925697977452485,0.19564398935774166
0.029869180406090823,0.3292092021946026
0.022110561918323224,0.7125709602183953
0.026535534859558008,0.48059925983221363
0.023562853936244132,0.6353823677103536
0.01862569796548663,0.8785088094607314
0.018452726231073413,0.8853149607614624
0.02096894984560982,0.771455550670053
0.02908212172509972,0.3614161239884404
0.030510089825643738,0.3045564266650854
0.019180821333979803,0.8554915784124413
0.02504442182689648,0.5572542142840544
0.012656545056288021,0.9971684499725538
0.01597947158991453,0.9604433509543056
0.023609670532455634,0.6328876363447185
0.028055725282712607,0.40667867481080755
0.03349929036602495,0.20728579847360448
0.025880754364308922,0.51448252308121
0.03509459239530738,0.16635300929322183
0.017225735511137485,0.9280150700156345
0.03833426788938343,0.10313083265579982
0.03964206971106343,0.0840219081236309
0.01454834792287285,0.9839733906203718
0.019556498552060764,0.8389786129960741
0.032115535174372156,0.2488021858260715
0.020939971343019892,0.7729108954489758
0.027002842294160168,0.4569982158092095
0.02838305129114127,0.391839529483841
0.03040674998114956,0.3084371187015848
0.01993234282015527,0.8217828312298691
0.023025495264158646,0.664039384132733
0.03510543136902117,0.16609876326749687
0.026430061270319993,0.486033757149054
0.02794754854833742,0.41166650718532055
0.0313670187944497,0.27374978505647457
0.03210690306919084,0.24907969801377056
0.029371145359160328,0.3493391067082418
0.02716617495455409,0.4489329560675156
0.01711062017388945,0.9314865532950661
0.020840915394491177,0.7778672739792505
0.021211294701453443,0.7591950100204514
0.036094471635879144,0.14417606986421783
0.04540168707366499,0.0314066213881854
0.029222931433486143,0.35549588181121583
0.016773572138360532,0.941097851915619
0.022258794823392658,0.7047585680311799
0.03536197336386579,0.160171279461484
0.032483232118423966,0.23719812996483344
0.03537750744122009,0.1598178761398571
0.02739623546189518,0.43773427839659784
0.021503882406768815,0.7441993880740295
0.028650879823241215,0.3799800836529104
0.022413256756886712,0.6965914568356386
0.024923624088297375,0.563530591492031
0.021254550148791518,0.7569907121986871
0.017726863275420668,0.9118068426342962
0.03664651855018208,0.13299672851479188
0.01939746633816375,0.8460554274950253
0.017693071106719027,0.9129548730682107
0.038236943724432926,0.1046869251154671
0.029419992842905085,0.3473267525066143
0.03590067505404104,0.14827657912456751
0.025976462204951756,0.509673539206464
0.018229193553067624,0.8938370228140602
0.030057525725262546,0.3218192147820338
0.022405072325280884,0.6970248105578201
0.03324575794378515,0.21445951881999767
0.04741058169163864,0.021595870297639562
0.02707216024267639,0.45356370856236344
0.03146664059371773,0.2703253168439495
0.025103294769010964,0.5542034233805484
0.034076575649270635,0.19164983007316644
0.03510102004413529,0.1662022006903385
0.02105219003730499,0.7672620301140572
0.017239985616310127,0.9275787085348282
0.04127676616015896,0.06441179823232647
0.03343100792352571,0.20919920322135901
0.02947955613502995,0.3448841631843187
0.040834449029093556,0.06928780054403975
0.015971697770375992,0.960609841269173
0.020316963019860412,0.8035618781123275
0.03309353523394931,0.21885833733467483
0.023091968883370617,0.6604949102470122
0.01571150073673233,0.9659295738880121
0.026875860262252194,0.46333429700058215
0.023651379059616007,0.6306657520646565
0.023917849650328393,0.616489559949936
0.011973768320121425,0.9987872275759985
0.023657009390728345,0.6303658658438948
0.020053135847431014,0.8161246864557938
0.028911649990674138,0.36867640647936334
0.01670018709310972,0.9430803401197216
0.021648591648718296,0.7367143240824949
0.037865671815187046,0.11080317357749782
0.018708632104691703,0.8751818629170978
0.02398686355694063,0.6128247945381315
0.02609155684097031,0.5039161439926509
0.026290575521315085,0.49328147322806776
0.03212025436136917,0.24865056880299613
0.025583667131484966,0.5295284024094642
0.020460223824255386,0.7966296670681297
0.0293884951394478,0.34862340306929496
0.035391151295081524,0.1595079918491358
0.02654182884326417,0.48027621585833236
0.03427397659990561,0.1865212602040692
0.043115326726086756,0.04716123561163221
0.03552568260390587,0.15647820661139425
0.01601585443589404,0.959658288206056
0.032401694258314184,0.2397349519400746
0.022185834155938444,0.708607209329285
0.03525289001284737,0.16267062772566604
0.016819904718582968,0.9398258212221955
0.022594762859219797,0.6869658708656163
0.027953260745684216,0.41140208683036583
0.01983301446858704,0.8263889721442699
0.020866274918075356,0.776601131213529
0.022749735444228092,0.6787280475214257
0.017117073651864878,0.9312944664062482
0.025768095669580826,0.5201674239816836
0.01923129003118984,0.8533150338441773
0.027039526078352666,0.4551785019322036
0.03456755088995711,0.1790950726608214
0.03887428788161884,0.09484204745952358
0.042064676641882626,0.05645067650069687
0.018555628019903847,0.8812877709132259
0.0472481083874875,0.022273407723241833
0.014572373719881015,0.983689569875762
0.024176961915722495,0.6027485330037388
0.028831356599324065,0.3721313994151764
0.019020498040700717,0.862315746459334
0.03238053703298793,0.24039657548252566
0.021931407028807248,0.7219740806669795
0.024439983144102007,0.5888602877670296
0.03175032760228891,0.26074976740875067
0.02461575007294803,0.5796205792650446
0.024724033633585107,0.5739470357018351
0.033338370438736276,0.21181702575361713
0.03291234221943662,0.22418496360930942
0.0344508351637427,0.18201893129681324
0.04332109511748111,0.045505875413761845
0.026036171780692507,0.506683129889099
0.020083167172031527,0.814708585888559
0.032848805538088,0.2260762853185303
0.0225179724248728,0.6910415498854403
0.04816391552246879,0.01868807262764655
0.021850568199891396,0.7262012253059447
0.020042520139329556,0.8166243778787823
0.024833860143340963,0.5682084219057479
0.02422766124236353,0.6000662826249904
0.021669722937759484,0.7356178753614953
0.02389498934399159,0.6177041764944651
0.02110090760318406,0.7647989514901241
0.022495757539829353,0.6922197325927169
0.029768485460796912,0.3332100600004973
0.016670651943273884,0.9438670551479581
0.02619392921165742,0.4983437671616542
0.02808499521094554,0.4053362464352392
0.030635398495858945,0.299898982719139
0.023498194100574965,0.6388290098621985
0.015428435608469515,0.9711664109783882
0.027475539053371745,0.43391780197738444
0.02118906130918996,0.7603262169735884
0.025926605988654372,0.5121762505344093
0.028798965959525247,0.3735315748611446
0.026897210865238205,0.46226493216077175
0.0230460185938402,0.6629451507484163
0.028881626237788116,0.36996566369605366
0.03419445802469823,0.18857401324825268
0.02974345755680219,0.3342098964947462
0.023664275008190405,0.6299788987675574
0.024175321924642112,0.6028353349658371
0.02825248559375837,0.39771306152040486
0.04191572497907481,0.05788734737280442
0.04340515461669214,0.044844279216641386
0.024307228073003118,0.5958615967756425
0.021374771900127043,0.7508406472259044
0.030080206612519478,0.32093748929722277
0.03981928899043008,0.08167774622378635
0.01945260884741612,0.8436156689696807
0.04642472622601107,0.02600572974392886
0.024073580523979732,0.6082247776053786
0.0369335274871736,0.12746995221986498
0.01750459035565366,0.9192134201506771
0.019990729036026056,0.8190555513357746
0.0353594325166684,0.1602291438167632
0.03743223649024163,0.11831433273271681
0.045594948851615524,0.030316518773360925
0.02665802150544344,0.47433787210783723
0.02914843917191512,0.3586192182188055
0.028281372974201746,0.39640834701508376
0.027490722352044916,0.43318966769317324
0.0227446420107994,0.6789990318774608
0.0281211430379307,0.4036825750749155
0.019236897743350356,0.8530723689802242
0.024663577604356335,0.5771128023221963
0.02318645142272946,0.6554557025215839
0.021692623129494104,0.7344286958403714
0.030300943056973506,0.31244785166363714
0.031238672926678868,0.2782093597277249
0.0452650244527526,0.032198139577493026
0.037231597570290265,0.12193055904395128
0.028989683345815864,0.3653403647379501
0.022822387203631722,0.6748612879373708
0.018649420013860163,0.8775613452353486
0.02041566116944131,0.7987939580410632
0.03313453307946934,0.2176667981739747
0.03350109691870057,0.20723536120312983
0.0201766558359448,0.8102769422829292
0.028829869035019384,0.37219562263112344
0.021870881978410694,0.7251399815611619
0.01668694522785967,0.9434338515730896
0.01975166812996293,0.8301289138294017
0.01975335448807991,0.8300516835560979
0.014403094565298202,0.9856158675133914
0.0259621777597413,0.5103900634002372
0.02881768750206848,0.37272183383335705
0.017726402620324766,0.9118225452203417
0.014790635327451812,0.9809486937009394
0.027540201028122574,0.43082256410348874
0.033777936057481917,0.19961869404972832
0.03080606458477886,0.293640356217657
0.016369551777007607,0.9515205864819972
0.01819489654046899,0.895116605673183
0.025244043866281318,0.5469324003502276
0.034800868818149144,0.17336187585393098
0.028559656507179842,0.38399097219004624
0.02107385926939309,0.7661672544087803
0.017172227427310338,0.9296405590229947
0.03623666140505377,0.14122628649560884
0.02162784266427098,0.7377901076265043
0.025967931534690236,0.5101013956050606
0.020390307349167025,0.8000221486733295
0.0261639672420948,0.5003086660221723
0.03997345420761006,0.07968363067510412
0.02461360982768923,0.5797328669633727
0.027068788863087057,0.45373035400729705
0.051637004587168134,0.009315826165705508
0.04832376427937968,0.018118014772727332
0.04351659332145219,0.043980077202039336
0.0356775294393738,0.15311420128777498
0.016788347499344214,0.9406939141532222
0.0301654741949835,0.3176383943193863
0.02717710681094665,0.4483965487310659
0.04786395801962329,0.019801164432370413
0.04323627824531917,0.04618199992828771
0.014215310879297754,0.9875578232207488
0.030892536773665658,0.2905063622990125
0.026826989925756384,0.46578813483154036
0.024801733958468325,0.5698853655828594
0.02051761368877958,0.7938320772066372
0.022566798986014158,0.6884505905235707
0.04776232569315819,0.02019149627995931
0.032292218481761004,0.24317352144791815
0.022219580271463868,0.7068278972052777
0.03340586454956884,0.20990722189347252
0.020721828389473007,0.7837868334152239
0.021819049384178002,0.7278465015949827
0.017141763131737375,0.9305568106923385
0.019304851689744662,0.8501188186069983
0.020523280533046084,0.7935552139615265
0.038604827636941286,0.0989056534376794
0.021572325782644564,0.7406643941911041
0.02873130795169354,0.3764681976033842
0.014707444036735406,0.9820283097999677
0.028565018883750848,0.38375438711167464
0.02557077505143035,0.5301852154289468
0.024916331811428716,0.5639101777584864
0.02861812358684468,0.3814169217359957
0.023307751650712638,0.6489853242222496
0.021962182352729287,0.720362124139134
0.0210410596830668,0.7678238657078151
0.02006227455048981,0.8156941487897014
0.02861943761817265,0.3813592093938719
0.022189570986894003,0.708410247250991
0.033930908865838716,0.19550496162062383
0.047725479369224666,0.02033469372993031
0.03964226884123201,0.08401924267186991
0.020439305692129373,0.7976464867336007
0.030385229418615878,0.30924981090574577
0.03086563860307215,0.29147856145231
0.03914059802628561,0.09096400464086168
0.024959410638935253,0.5616689207305892
0.02484781470391062,0.567480460784802
0.029052224817061434,0.3626820463205992
0.023883980486201453,0.6182892175114425
0.03367293667834981,0.20248133298738585
0.02536395500099342,0.5407640877303446
0.028083348085660043,0.4054117088796303
0.0321031182329915,0.2492014502581623
0.0580943488797146,0.0022448987671130427
0.032397080660343636,0.23987910848310967
0.02384151641638188,0.6205465614597181
0.030903926232493995,0.2900954297904407
0.016195044426382754,0.9556504425814278
0.0243296426475188,0.5946782131566009
0.03219262965117187,0.24633409946671206
0.02609313807598973,0.5038372445305227
0.02834297541311026,0.39363592470077763
0.028447033507859543,0.3889833288395694
0.03529577395444072,0.16168435926268127
0.019901478168450504,0.8232186879749185
0.016492851858009888,0.9484672902249218
0.024764542029921066,0.571828504763449
0.04264833735939921,0.051112714321719425
0.015697599188674305,0.9662000556715297
0.0279319275828942,0.41239020226985673
0.03166089748052836,0.26374036877327656
0.036627301881876795,0.13337364748285663
0.03497292298587251,0.16922834445878218
0.026092396217463787,0.5038742606393197
0.04633883722974458,0.02642526896677457
0.037122305380960396,0.12393827050384348
0.02623983775352834,0.4959349633390814
0.04686414127777272,0.023950211351976555
0.026894464658492323,0.4624023873380665
0.01975426116739676,0.830010154983769
0.03467901943748608,0.1763375367857725
0.018379699728418186,0.8881334703243247
0.04682865046306994,0.024110714811881054
0.021554330967990976,0.7415947267069096
0.019644187723835943,0.8350244099430151
0.026833269387906977,0.46547235852645386
0.018278166578533206,0.8919968719199527
0.02837185360348532,0.3923408912027086
0.013965558548414608,0.9898395541001092
0.03117718945748471,0.2803648105939551
0.032160839801437024,0.24734954606048182
0.027024150042809336,0.45594065162855996
0.021645040818751182,0.7368984843807678
0.032547067266542884,0.23522645619412622
0.021193567469825814,0.7600970494357212
0.016936783749649686,0.9365471415272826
0.023468048838822975,0.6404362459782889
0.021133882161558815,0.7631282447862904
0.023801716391838312,0.6226632302461028
0.020325320967905514,0.8031595117953666
0.0374811914870945,0.11744551490949011
0.022863046965620915,0.6726961317934038
0.014931243528695737,0.9790238169922129
0.018999950799802323,0.8631802569135922
0.022497246894293776,0.6921407565287079
0.022922573580733296,0.669525056135003
0.021001429528403406,0.769821554861109
0.026040488621980384,0.5064672267442442
0.015474118610019794,0.9703595235841481
0.02887617261663189,0.3702001889647943
0.019753645816239007,0.8300383402766064
0.026437667818908217,0.4856405075923344
0.0340859788242851,0.19140304043763282
0.01944629137258469,0.8438959467804497
0.026940805654696365,0.46008649775088567
0.03563497828137774,0.1540509507995649
0.02043304646157859,0.7979504424062065
0.02571526823971193,0.5228419646212825
0.02031430606783291,0.8036897338759524
0.02705295495576826,0.4545135581487579
0.022486632613313046,0.6927035592639257
0.029232682781148323,0.35508845871779776
0.04627196554767388,0.026756047509807455
0.02002397073908413,0.8174964012999075
0.02111259159701273,0.7642072900566385
0.023062819463610607,0.6620493152905602
0.013046202707976351,0.9956781438130096
0.026578554459724013,0.4783940555267414
0.018720242160411293,0.8747128850766508
0.024020652577620094,0.6110317460559377
0.021523429052830667,0.743190818110476
0.02057401793025998,0.7910714553973346
0.017179571417893336,0.9294186792763939
0.030018738342760698,0.3233311584249913
0.022322257764051057,0.7014060070420464
0.03039114468315418,0.3090262736409754
0.03311225796887041,0.21831356517171674
0.03855580592334368,0.09966031401116714
0.037284576474518216,0.12096698322711989
0.03688410965526112,0.12840794494288882
0.030923681902823463,0.28938366536797283
0.017603465111173555,0.9159610094251708
0.018963269466864552,0.8647178059079241
0.03838051704724643,0.10239813248263836
0.031600595184774094,0.26577144961089766
0.020990159726424373,0.7703888533059161
0.02928254464636909,0.35301035578358125
0.042976658599160666,0.048305995280291524
0.022053633780872106,0.715563809497431
0.02133426738935784,0.7529164782149594
0.020745338614529915,0.7826216735541325
0.043342967599862614,0.04533291643494818
0.034251974231278126,0.18708747376950455
0.0277069220742443,0.42291078018763173
0.02705087438369469,0.45461653753434567
0.03261773660746625,0.23305836843995548
0.037503732506473875,0.11704724329199936
0.022039672951362776,0.7162970865926082
0.03228422645759915,0.2434260117794368
0.028916801243412518,0.3684555236315321
0.02939497432108778,0.3483563959415758
0.020674711243777844,0.7861166588570059
0.0491747183521935,0.015336967752643005
0.038530182570976956,0.10005667577320114
0.01991747727074311,0.8224749027573743
0.021470180378923565,0.745936460998845
0.03325164677772874,0.21429073597057957
0.03211596376961323,0.24878841311056404
0.025825475796227182,0.5172687240439119
0.025128311030139017,0.552908742204715
0.01895544348704503,0.8650448769923238
0.025306148523841276,0.5437346008584771
0.0357947232896782,0.15055791595876966
0.03192354884140225,0.25503001624429933
0.02214860807220287,0.7105683912009371
0.01695552388641597,0.9360121618125596
0.02513284203276278,0.552674353784645
0.03702708583510006,0.12570949063820158
0.0179252081924397,0.9049118375916041
0.02269873814014345,0.6814405686477369
0.03568078464016239,0.153042728412403
0.023617677249717417,0.6324610548502694
0.028991181808235233,0.3652765123828526
0.03946810112116014,0.08637792300168876
0.01949570822609631,0.8416983180384263
0.02008035221355403,0.8148414788559666
0.030102942208366734,0.32005539989168613
0.020692229279544616,0.7852512657592458
0.017018065878411093,0.9342082454303441
0.04061768136144256,0.07178992585356696
0.04115556357067629,0.06571783991230751
0.017460409679361216,0.9206446028030817
0.02393896968988135,0.6153677068717995
0.017310856141639713,0.925386952799832
0.02166373625256235,0.7359285949133987
0.03702411629258762,0.12576506007850657
0.0193273262175081,0.849136762866816
0.022243129330126732,0.705585440088667
0.036279154947748804,0.14035430424669287
0.028729803364615947,0.3765336858908849
0.026489239968990247,0.4829797168200022
0.020545476659269812,0.7924697222782526
0.02073151991230282,0.7833067353703205
0.02755700569596531,0.43002060130692027
0.022454504436789202,0.6944065013691848
0.0372426180714483,0.12172960163302472
0.013103750583146584,0.9954149112996751
0.01965378018530911,0.8345896598556299
0.020163361483843123,0.8109092553997286
0.04056456171523154,0.07241466040768281
0.03404718897229725,0.19242270748229068
0.023124756172565375,0.6587463378326681
0.032983295915640753,0.22208730763800322
0.038663107293158805,0.09801467591525981
0.05161376010702845,0.009360838547759754
0.0364168067179137,0.1375596073457174
0.031664373584651906,0.263623645134962
0.033625282873560786,0.20379107673663183
0.01799545134495506,0.902406635162306
0.023347191328746852,0.6468816140928372
0.033816198687584675,0.1985834366386146
0.021378023548678793,0.750673839559965
0.024424666351500257,0.5896671248236812
0.018099680913758243,0.8986292467389612
0.03519035653415775,0.16411743288191544
0.04268767574013288,0.050769161031818735
0.036409772587499556,0.13770131365636903
0.036939629340221936,0.12735452366562267
0.01780240183291837,0.909212327373905
0.016490146438198128,0.948535487907361
0.05611975220979287,0.003531029339838934
0.02544244218853517,0.5367402914444912
0.02238673136273306,0.6979957043171992
0.020697845747380483,0.7849736028237481
0.023343121522340526,0.6470986917358201
0.01713470568285369,0.9307681175673497
0.019723281048682595,0.8314270252228587
0.025858920383405315,0.5155822706261758
0.013302141724547911,0.9944126892968387
0.02016827676291766,0.8106755533706522
0.023651393174908997,0.6306650002313505
0.05482918143108845,0.004707495349330514
0.02390862849321096,0.6169794596198005
0.022902857883658978,0.6705754946789986
0.02297678441207894,0.666636045848737
0.027143223900570862,0.45006051291316523
0.03010646253309157,0.3199189770253198
0.03129428164963721,0.27627053572789434
0.017183150751941434,0.9293103982303116
0.030051609555637016,0.32204949643383557
0.018450162727236458,0.8854144594808064
0.017896905280467446,0.9059119543830174
0.01838374293316894,0.8879782856533848
0.03201094983395836,0.25218033849176713
0.02552991671437621,0.5322688929523529
0.02629179492818723,0.4932178130060337
0.024913095742535474,0.5640786503227773
0.019015770616538363,0.8625148549685845
0.02437298217518169,0.5923915298518728
0.029745623509731756,0.3341232837894415
0.0350389379317943,0.16766337621710384
0.03307908194676079,0.21927960115105127
0.02118545612248568,0.7605095272709483
0.04749847280256492,0.021237044889961292
0.02148104619257918,0.7453766776388346
0.01780643375229729,0.9090727519196599
0.022471529356178438,0.6935042146080143
0.022156874110142055,0.7101330610611069
0.022979290443190165,0.6665024714705625
0.018918094784299788,0.8666010843746232
0.031558076136592894,0.2672106177530152
0.04110652113158264,0.06625269305450981
0.02439710316314747,0.5911196983369341
0.021530312663804896,0.7428354478257679
0.019382090526925078,0.8467330243841061
0.030002089596879666,0.323981709721423
0.02279309481945968,0.6764206461182933
0.03773272696701979,0.11306391717715207
0.01467454003660873,0.982443367086626
0.01882121399886194,0.8706011587458091
0.06333350194730991,0.0006256193704272994
0.03075397958273307,0.2955400843453685
0.015405385422648243,0.9715680073580172
0.03016863746656273,0.3175164806651172
0.029411985244267025,0.34765607042245367
0.017510815313453665,0.9190106689133503
0.019308098299751386,0.8499771129228657
0.03298445523273549,0.2220531601941007
0.021819354820843406,0.7278305658255237
0.02814380617137896,0.4026481625970908
0.024055017672611645,0.60920899195045
0.025127664752578882,0.5529421767821556
0.0399969409670633,0.07938347082642629
0.024354231135868862,0.5933806377464184
0.019292643225839456,0.8506512014173022
0.024558669869055527,0.582617195646236
0.031893867402842835,0.25600329408801736
0.013654905420077856,0.992232790680977
0.022820774851918024,0.6749471310497066
0.022461540351746134,0.6940336430914267
0.03100306560828081,0.2865366496216443
0.01934547140266729,0.8483420071519674
0.018603385673817252,0.8793969061500513
0.02079237630834818,0.7802853182546773
0.02301582462361751,0.6645549539772903
0.020790351737136392,0.7803860192425129
0.030934200363841147,0.28900523090376745
0.03445324435224606,0.1819581989778588
0.030825902005240158,0.2929191925433355
0.021324030893449142,0.753440492017357
0.02564907643148795,0.5262008749705863
0.020859517679357203,0.7769386919338026
0.024088382853556578,0.6074401420903517
0.02848256533464788,0.3874034279455235
0.03074901397837826,0.2957216706125643
0.04354944099072505,0.04372812208026326
0.016004656423680708,0.9599009459752922
0.02798611853546329,0.409883339195832
0.028456918378738427,0.38854335551186436
0.019613528064262975,0.8364110839931465
0.020354291894368326,0.8017627937003681
0.04740320494476846,0.021626230589194797
0.019141893904452423,0.8571612062541467
0.03738313393089132,0.1191910760210078
0.012179190761289371,0.9984100158231417
0.016659921728553573,0.9441512817026946
0.03819251231695453,0.1054037830467838
0.021445772473071584,0.7471929788801943
0.022519006325326774,0.6909867062424893
0.0227896891201963,0.67660191844098
0.048749400269672394,0.016675130702809893
0.027491548213191552,0.4331500860706938
0.0185956992782656,0.8797021582846198
0.026082888141042204,0.5043487858740937
0.019131653009818173,0.8575991070435524
0.01879583905562543,0.8716400103664048
0.01759721004640702,0.9161687824078126
0.025697008762475215,0.5237676876219337
0.024145632321753818,0.6044071580830848
0.03435875099519348,0.18435229100413986
0.02274329676520087,0.6790706001457364
0.021495528588940882,0.7446301853791966
0.04568415817971966,0.029824666412593355
0.036280184477917476,0.14033323227007113
0.024401886196790956,0.5908675753811639
0.017110858342378465,0.9314794695917251
0.02179329459296947,0.7291896559017519
0.021880383380435797,0.7246433741193252
0.019692134984230503,0.8328470755320385
0.025286724527082013,0.5447340448117505
0.03096843544464467,0.28777605755221763
0.03350213864168905,0.20720628161391827
0.030245000801629007,0.3145837421283355
0.01949930172396319,0.8415380452824724
0.04103072772491012,0.06708659291093684
0.03615082589675961,0.143001064209373
0.03242384680920207,0.23904369494697283
0.01631678570371642,0.9527929917940052
0.019599425458897368,0.8370474327739804
0.02016702023817274,0.8107353052044268
0.027385882732703926,0.4382341589329752
0.034395013241908745,0.18343062100650134
0.05249057664168799,0.007792863933505933
0.02579859169138432,0.518626013939441
0.019777150999270465,0.8289605066146923
0.027321943482506827,0.44132993838379075
0.029036871252705793,0.36333337802750354
0.020470985786815457,0.7961059307064675
0.018460368264938604,0.8850181062041442
0.029378740544950044,0.34902566538803004
0.01662278433461528,0.9451284495918885
0.0323670492944681,0.24081908814026673
0.022045338027452677,0.7159995675547892
0.030757053212582486,0.2954277266026403
0.02370047079413451,0.6280514376064796
0.026761978554053045,0.4690656370246861
0.030147251178816892,0.3183413798385681
0.017107555721594614,0.9315776608931651
0.0392727580665877,0.08908935549686246
0.016973563342676523,0.9354947665961815
0.03352083270489148,0.2066849791660656
0.022088863939666137,0.7137121905404638
0.028880351414199423,0.37002047631898194
0.017327112155646307,0.9248791614067089
0.02387313087385623,0.6188658686219968
0.03474277324575148,0.1747755976868481
0.048594506592061215,0.017187853077948255
0.03244909827575071,0.23825759768078422
0.021933625527966738,0.7218579280177226
0.024227016848895416,0.6001003597183137
0.01713912950944796,0.9306357059353155
0.02348868675965013,0.6393358840799521
0.03398120808572663,0.19416694984623575
0.023284471005497853,0.6502271545310956
0.01990392983437178,0.8231047834936953
0.04911066726755342,0.015532121080265535
0.01541971511408377,0.9713187810638098
0.021758915735668682,0.7309807892991611
0.013075448246474886,0.9955458594052171
0.014134904174294083,0.9883289871397906
0.01995802616645989,0.8205849124261303
0.034343446828006385,0.18474237019831527
0.01985979077372546,0.8251515019242373
0.046733800440104556,0.024544353789353223
0.03912955113758082,0.09112218755689815
0.017850612552472916,0.9075361766143059
0.025614132580131344,0.5279775330509346
0.016229384872702424,0.954855463180552
0.024527988811911206,0.5842295109087992
0.025260383721868784,0.5460904173223434
0.019433020407613466,0.8444840780031608
0.020700823233768262,0.7848263630201759
0.023470101691213163,0.6403267888204038
0.023017432219602396,0.6644692500225488
0.039621181277480766,0.08430190549188733
0.028167010979048723,0.401590917261165
0.02811558396423558,0.40393658640236413
0.020191828783966914,0.8095544300551429
0.0354682416578338,0.15776613125942088
0.02248422328808397,0.6928312958844093
0.019280304172264895,0.8511885011159618
0.02140944461207414,0.7490607299434595
0.01967566833698009,0.8335960428245913
0.028090827896739,0.40506910160894694
0.02815737282792885,0.40202981342008104
0.02256772102531357,0.6884016449669135
0.01617053402109484,0.9562125560425266
0.026241588188299414,0.4958432666927749
0.022665524919076308,0.6832063175291448
0.05029904425855514,0.012251353357157007
0.03572196882426293,0.1521407854241063
0.02436525362814712,0.5927991628357109
0.03150815037578936,0.268907951280989
0.022666204940848006,0.6831701718702153
0.02713948288199186,0.45024448277565005
0.024913593188129857,0.5640527518796625
0.02753881377279227,0.43088881258892286
0.04056701655404732,0.0723856878945384
0.02121984360279755,0.7587597240797065
0.038991272161075174,0.09312181085426653
0.019710304172368964,0.832019222848475
0.03739698291063487,0.11894325828189684
0.027407623560943062,0.4371848470360499
0.03699770613094788,0.12626016263789444
0.03405061897822714,0.19233237128247882
0.02928445926170986,0.3529307328569813
0.028854697139857555,0.37112472812528113
0.014566730081461143,0.9837565528126127
0.02291632172654401,0.6698581660877645
0.021199670530031245,0.7597865877683095
0.019144510940998116,0.8570492119812081
0.03325568130788842,0.21417515977404245
0.018096408363480587,0.8987489299645921
0.04779879641493645,0.020050644073203006
0.027376766747273462,0.4386746401944511
0.023749325244301567,0.6254508172298499
0.03207149957651001,0.25022034009483063
0.033206112282777506,0.21559850917972936
0.041682941333114176,0.06019544412778978
0.01590270375939118,0.9620681931728273
0.023938447873131263,0.6153954211691893
0.014551192412534275,0.9839399701617552
0.016454104023147453,0.9494388882555729
0.03861749869840658,0.09871136644957176
0.023414908092410258,0.6432699766505111
0.022599121883531192,0.6867343797373653
0.02458997295298515,0.5809733463224795
0.03443943375210673,0.1823065627392831
0.03501137847820085,0.16831529789588062
0.03106129769060101,0.28446147600771043
0.03903809493024957,0.09244064364981146
0.019344659714090606,0.8483775946590701
0.028403625219160955,0.39091951682091897
0.04285615032876822,0.049320293515137885
0.024663038412238936,0.5771410581455145
0.022968385676694236,0.6670836943968814
0.02541133138798901,0.5383339292487761
0.014355798126177155,0.9861239481741567
0.020359048546617076,0.80153317449506
0.02930345774487042,0.3521413372718904
0.026288979984957828,0.4933647775995014
0.03671961499225901,0.1315709304161505
0.02507499116443998,0.5556694349205755
0.041246496995942294,0.06473587449243766
0.025187499995042884,0.5498495228577296
0.04981933326839372,0.013492021522407414
0.024881324241920078,0.5657335081818373
0.03243907119407741,0.23856951132578114
0.029120786255325493,0.3597835958269112
0.022238569246773143,0.7058260821542806
0.027908761165934437,0.4134650658540344
0.02144488154268004,0.7472388195399654
0.026595836940415674,0.4775100032707434
0.018100572571932982,0.8985966250428669
0.027325005960709192,0.44118132801688054
0.028524518239813723,0.3855437681210022
0.01922076241564355,0.8537701565424496
0.033928863093276584,0.19555953406985258
0.023050929003677112,0.6626833302005448
0.047917443680165483,0.019598459588569497
0.04536637296212942,0.03160949552002977
0.026756243519497624,0.4693554881687537
0.027322730789383076,0.4412917301914632
0.03320152840911095,0.2157305024045821
0.040664697710206754,0.07124079726116833
0.018195603483296963,0.8950903065944136
0.023111937375166702,0.6594299945688222
0.031323031818349556,0.2752721155542819
0.024650718507482905,0.577786770812831
0.023690653341470358,0.6285741712424717
0.02527500576676145,0.5453373354472555
0.03859224515071047,0.09909889760057607
0.04143331245495835,0.06275777268046348
0.03267696448229168,0.23125313442559547
0.02623538880657228,0.4961680706724695
0.02730212980903768,0.4422922293723771
0.023596353727012742,0.6335971785778125
0.026057759653529133,0.5056038318728521
0.020406051859552132,0.7992597256922036
0.031174199282377107,0.28046995490140675
0.015523155177353032,0.9694771127938092
0.023572060531379044,0.6348917161901412
0.02805033247737576,0.406926341368327
0.013782292292842446,0.9913082792310972
0.027192078848770118,0.4476625890085069
0.028618087318394214,0.3814185147351788
0.038988886601752926,0.0931566275944314
0.029704852935845794,0.3357563422457302
0.02805674481297238,0.4066318641347383
0.031450579042234805,0.2708752448759595
0.013828817660453026,0.990951224894828
0.02609443091836139,0.503772739144721
0.020047290102123916,0.8163999085048727
0.021205155069229653,0.7595075104847688
0.047486165092796795,0.02128697094922153
0.032264101737512874,0.24406269314066964
0.04201192085639105,0.0569559724795363
0.023688440609257566,0.6286919947219932
0.018780649972086394,0.872260078574465
0.019175212486432724,0.8557326415388204
0.02716360230467163,0.44905925358008814
0.030571725785429993,0.3022589605657216
0.027268774276353658,0.4439153739504114
0.03196141342215042,0.2537924761988447
0.02986629856075579,0.3293232203278448
0.033497875613071104,0.20732530373874455
0.022021048662809406,0.7172748800051714
0.021406449664191085,0.7492145813305997
0.02598744295472033,0.5091230255978448
0.022248489412267564,0.7053025503374499
0.0436699643027586,0.0428143735206192
0.031490021513437605,0.26952627979549404
0.025352352251815757,0.541359852535767
0.016348279082581463,0.9520360267392249
0.04147938035271315,0.06227800474495995
0.024121869740677315,0.605665733118302
0.03151425001011077,0.2687001481461278
0.03034650868919264,0.3107159871750476
0.021307002999618296,0.754311618930226
0.019329958465948316,0.8490215746204257
0.01860407444788703,0.8793695353812863
0.025565499118151258,0.5304540990530071
0.02993805709951547,0.32649263020669794
0.03473878155665577,0.17487306851280796
0.02023225546744689,0.8076249957110218
0.025913609123032366,0.5128295308384474
0.026000845316359933,0.5084514525997194
0.02671797082198707,0.4712928095444067
0.028243006727942277,0.398141824939058
0.019270787415073293,0.8516023692441624
0.02622491826742146,0.4967169629413427
0.035959461502999,0.14702289101242902
0.02221596540412432,0.7070185613840354
0.024413651788312785,0.5902474920252954
0.029391907294571418,0.34848276993048827
0.017554508872504426,0.9175799099678148
0.0331549987423696,0.21707387807357428
0.021920308049265355,0.7225550691994247
0.01850727213339709,0.883188281133676
0.03633255630004295,0.1392646917226323
0.019531345400440214,0.8401061042736021
0.025990426797840693,0.5089734765031422
0.03560622989992582,0.1546864435667858
0.02492734499611149,0.5633369363429631
0.025533876018420554,0.5320668411256176
0.02861510727428529,0.38154942144146375
0.025083019449593347,0.555253473983047
0.027798338365651376,0.4186146739798696
0.02378972340505514,0.6233012182199444
0.03258432878978612,0.234081379435157
0.023479946555145847,0.6398018780046923
0.016797862033210043,0.9404329522484216
0.02658183172519235,0.4782263315449135
0.02670896936004774,0.47174921205428066
0.01759586064193297,0.9162135696308643
0.03080448590390028,0.2936978034442935
0.017253139641582482,0.927174619187526
0.02419941888388588,0.6015601618993424
0.02160913314307522,0.7387594365056629
0.046895518832536065,0.023809099611807216
0.0299051711145365,0.32778765824238504
0.03410471929895709,0.19091193585426253
0.028464506452893445,0.38820584671163405
0.017057347418927282,0.9330606996692726
0.026802348396173292,0.4670286461825308
0.03635643046647763,0.13877978546940178
0.020863400875015647,0.7767447218237874
0.02013072537116256,0.8124585463452128
0.021735756758198888,0.7321861973465786
0.037447733860737076,0.11803872622061426
0.03744420816907182,0.11810138092873085
0.03408571592055032,0.19140993703947287
0.029673580421559764,0.3370128445902406
0.043501323980005946,0.044097628141213735
0.0418840011971357,0.05819735323073895
0.037443013445676576,0.11812261844547027
0.02214835062580356,0.7105819482043345
0.01868124273037819,0.8762850963516795
0.020435515540289162,0.7978305576952922
0.023855847857814694,0.6197845981156607
0.017656781016439638,0.914179026142044
0.027224096202298043,0.44609571902646644
0.03093148437138582,0.2891029120541453
0.029378054344051385,0.34905397556779033
0.03337388535457719,0.2108104240820089
0.01947807676395147,0.8424837830174731
0.02181480229302124,0.7280680718663843
0.027120038303392713,0.4512015021242455
0.027834681422332364,0.4169150068172865
0.028278558663429876,0.3965353267514436
0.024694799050631877,0.5754773076043034
0.030721800800615373,0.2967182870670504
0.027991683948736634,0.4096264760151262
0.017717671556786607,0.9121198906426948
0.03232235031897257,0.24222336831907304
0.015697798930466855,0.9661961791059384
0.029366580399346698,0.34952759196428534
0.020390384632326675,0.8000184084535752
0.022656536864057386,0.6836840373524389
0.028420780376585575,0.3901535289599714
0.013589815281976447,0.992676007322365
0.02321238850058127,0.654072199347238
0.023074888546011807,0.6614057461580134
0.03580296878010342,0.1503793654186228
0.020974123753722762,0.7711954586600662
0.02061339399826778,0.7891378774606816
0.030346489401341104,0.3107167187820631
0.030538739495506617,0.30348692703233604
0.04423871807398705,0.038722991886139854
0.0213623771261372,0.7514762713255447
0.0269489609116359,0.45967973205452645
0.036830405065158056,0.12943369604191132
0.03311822275412257,0.21814022950820225
0.03350062127552156,0.2072486397906788
0.01569665040839474,0.9662184655884143
0.026279342772221048,0.493868137239778
0.02681383655550068,0.46645003630320936
0.025143528395051518,0.5521216800373514
0.020463523096579506,0.7964691497075915
0.02445717917404866,0.5879547649532436
0.037250944368808936,0.12157795312149633
0.03558663983176946,0.1551206956788174
0.03177228219735284,0.26001951754307917
0.02559155438069116,0.5291267258610618
0.03611449980164094,0.14375758342648284
0.02610837841019842,0.5030770712409349
0.027255036369220165,0.4445850419533055
0.031078694605058854,0.28384368792464926
0.03236712682870846,0.24081665770751431
0.03151586278826379,0.2686452239678014
0.023374877238972858,0.6454049315522022
0.037666533083632076,0.11420367900965131
0.02552837833882121,0.5323474074581811
0.03697417970310524,0.1267025478402252
0.036273800001002554,0.140463948393354
0.017918433646843368,0.9051517120435455
0.03575085377335063,0.15151075753985083
0.030845713651493745,0.2922002740052916
0.02486498877110127,0.5665849258904395
0.02235711264062079,0.6995628978011518
0.0259224390696714,0.512385660043556
0.026586488146035092,0.4779880908943098
0.02394650223461864,0.614967664837786
0.039741255271609544,0.08270304872803687
0.029725647295859137,0.3349227113146103
0.027699166010798415,0.42327664721506386
0.05044335054294852,0.011898806321950409
0.027178430809727205,0.44833161136203875
0.03357383534189046,0.20521250630662546
0.034776877857455646,0.17394457551943837
0.035030260121786894,0.16786843296007672
0.017469389559152393,0.9203548202594887
0.03886151624780565,0.0950314504865922
0.023512165197576818,0.6380841954572273
0.01790832366466577,0.905509117535299
0.021830455509616126,0.72725129515043
0.02965343507699003,0.3378240555340475
0.028832350799284645,0.3720884807583541
0.04265879931882488,0.051021151665293876
0.023351028704189813,0.6466769353881072
0.023554114856513153,0.6358481279444148
0.04536724872105852,0.03160445051945717
0.03480175627238952,0.17334035091276373
0.021614384036425738,0.7384874597583684
0.029104648448895487,0.36046434443147984
0.02360835815372725,0.6329575593774226
0.026704121461693764,0.47199513545525723
0.01728470764617815,0.926199804333254
0.0218438131656854,0.726553975748705
0.020934357443347817,0.7731925570933336
0.03447770430697561,0.18134250465910595
0.04851028892671094,0.017472506458410888
0.0290855080060074,0.3612729363330952
0.01804049239605454,0.9007830592804412
0.01986090152116482,0.8251001007357195
0.02379270752886986,0.6231424653752232
0.023552896329690598,0.6359130726995639
0.03167396117644605,0.26330190629647804
0.026473826487997676,0.4837739617375754
0.03259611814171004,0.23371997459539554
0.024694368631157038,0.575499846041404
0.01855481692169192,0.8813197660014159
0.026764585798314977,0.46893390454188916
0.010712818429271187,0.999841296283802
0.01924777548460513,0.8526011851317042
0.03117646828449755,0.2803901666990048
0.027366817848214486,0.4391557061119144
0.018782679406766284,0.8721773074844055
0.043058081639038015,0.04763093602683963
0.015760048983709973,0.9649740976138931
0.023703791660150686,0.6278746265584602
0.028399141362233482,0.3911198954856587
0.023499516691344535,0.6387584990151136
0.02768890179150152,0.42376115808205095
0.02613382298340805,0.501809051529209
0.022580755031285094,0.6877096784879502
0.023099715849089986,0.6600817739318443
0.027183289710576597,0.44809335341502815
0.020788848399482973,0.7804607862353399
0.03070809941604352,0.29722100390041767
0.02228578900728445,0.7033330839285192
0.020415100918046547,0.7988211228058404
0.01545737073281142,0.970657032825731
0.024312583232738827,0.5955788242808293
0.022097152581321944,0.7132763137520536
0.026750295500573895,0.46965622752437197
0.023128744707022975,0.6585336150738975
0.028055710026476194,0.40667937531317255
0.032268285687661546,0.24393022203232329
0.028142624318389875,0.4027020607616007
0.02149448308661006,0.7446840904518562
0.029203325470596175,0.3563160474486472
0.016347675638579973,0.9520505996166485
0.030929939927068273,0.28915846918285365
0.03037800376170846,0.3095230283377385
0.02432314304382055,0.5950213100009646
0.022242742267502225,0.7056058668641692
0.018551515169728083,0.8814499679430648
0.03700049087342888,0.12620788283610443
0.03066071269504106,0.29896451106413524
0.02209863377688881,0.7131984121048787
0.05175577321579938,0.009088882129181745
0.039805069127251014,0.08186378127924865
0.023917311576759137,0.6165181451075404
0.02812822645563451,0.40335907085959527
0.030753735999197396,0.295548989986005
0.0345124785969938,0.1804700229199145
0.026430005121681643,0.48603666073229146
0.029646583940046378,0.338100256034361
0.03235818625100173,0.24109703765282178
0.036275270491651385,0.14043383273334223
0.01861656265882572,0.8788727818508701
0.019419766440607444,0.8450705857741174
0.02776735521086765,0.42006738952505174
0.025982755442919836,0.5093580000672617
0.017911121287846887,0.9054102851224095
0.03221487761803754,0.2456253336074497
0.019057546091642674,0.8607511310563418
0.036670935968756924,0.13251905455225604
0.022723129490785754,0.6801433940012761
0.026067160099146003,0.5051341652616881
0.023594697050238422,0.633685453443289
0.02509347091226699,0.5547121157229767
0.01852285647373275,0.8825773272187543
0.03588925915310476,0.14852103456658772
0.030037958823873667,0.3225812954960029
0.018964509596924084,0.8646659459114858
0.025149863294253838,0.5517941409145874
0.023097926658758428,0.6601771901959423
0.017928956043677835,0.9047790011929712
0.02671994968408231,0.47119251372335036
0.035824783093974355,0.14990781472520448
0.030733325640159348,0.2962959157453655
0.04281310931667898,0.04968700024383165
0.031477568795249544,0.2699516274437144
0.031505022808337835,0.26901454843039174
0.03907669015408355,0.09188230985246908
0.022235813645302138,0.7059714874928076
0.03267321219845526,0.23136718245485532
0.023725744114113434,0.6267059492950333
0.024400101003892172,0.5909616735108073
0.022059136992140238,0.7152746849660914
0.026976258578876533,0.45831991331895633
0.024945928730103928,0.5623700479985689
0.01909782369081378,0.8590416576477635
0.018777836171342044,0.8723748008786255
0.01768829413967965,0.9131165298530326
0.018213748669869356,0.8944141869627312
0.02148778039194424,0.745029619938819
0.02698572867785054,0.457848786738698
0.03634814759532101,0.13894786256379962
0.03647526348867092,0.13638654610439016
0.027668703130857786,0.4247157100827263
0.024190366768217675,0.6020391253339337
0.026676101503577423,0.4734181686235261
0.020047347255726655,0.8163972183499614
0.02734454426377031,0.440233997066778
0.02094191786012556,0.7728132133393296
0.02722547488354976,0.4460283311138498
0.046045914489826534,0.027901457194253455
0.027445088151259123,0.4353805932911521
0.019630335535849253,0.8356514616983668
0.022400027463070127,0.6972918968064049
0.024897988419103817,0.5648653520756413
0.030658589350444743,0.2990428116412506
0.02893531362710966,0.367662492312898
0.028065882409347154,0.4062124858739029
0.02519911394118901,0.5492499210272253
0.028539713031797725,0.38487175911838706
0.028319335813641877,0.39469823551635896
0.015275160648116695,0.9737676889301905
0.02868951947482512,0.37829003982888537
0.03167364490836222,0.26331251484960383
0.021288646694036406,0.7552499386518535
0.031800326082521424,0.2590889732558148
0.03545684213091188,0.15802273770620498
0.02551886684445248,0.5328329460679755
0.031650882746606324,0.264076869767309
0.02616731072403633,0.5001423727610704
0.020122791729886402,0.8128345288201986
0.020289190195403428,0.804897033459361
0.04538856850399553,0.03148185147653369
0.032235965087967,0.24495497273004196
0.0310374064024852,0.2853115164820437
0.027829998661423994,0.41713374285551713
0.020114915234836328,0.8132075537690115
0.033313394447016975,0.21252715624792073
0.015268786114135624,0.9738723650067345
0.017979272954933012,0.9029865382802041
0.030933729935459064,0.2890221481917346
0.024544221157962953,0.5833763494414346
0.018039749492004153,0.9008099468620226
0.01690414483147573,0.9374727754879639
0.014848788616342312,0.9801679889503624
0.028350383780604504,0.3933034168986748
0.016037746820496968,0.9591812408511002
0.01588533106265666,0.9624299540593807
0.032149188121073036,0.24772252590646812
0.01437533048629458,0.9859156917243866
0.027634347087422628,0.42634265639198077
0.02911437714956988,0.3600538450239106
0.013745977265823772,0.9915796859568694
0.027281734237328048,0.44328424538320876
0.029572676811989385,0.34109010880634055
0.03607917789765769,0.14449629469880407
0.027110643351672348,0.45166438462327996
0.02414016471486269,0.6046967055822912
0.015761215646567295,0.9649509281813848
0.017094500684043612,0.9319650324167649
0.02604590767053372,0.5061962543415879
0.021326536087216685,0.7533122718866649
0.018850047680100568,0.8694162282576027
0.02746873962945634,0.4342441436768496
0.020666800133507413,0.7865071440274698
0.03684368800565796,0.12917937227635717
0.04259745248931701,0.051560082713555846
0.038041273909352635,0.10787446712999198
0.018016140762165456,0.9016625142624975
0.04239000043983565,0.053419104164760575
0.03273991613435012,0.22934619629498093
0.03348721582041603,0.207623154226013
0.022928809904315214,0.6691927596786221
0.025845488327110755,0.5162593113676407
0.020335563374574483,0.8026660699776316
0.03154809685670168,0.2675492394951497
0.0364022784314163,0.13785241797884937
0.030311175490371434,0.31205832331411076
0.021503398643864302,0.7442243392020244
0.030667217764004606,0.2987247237930978
0.04232875813684278,0.053978836434194474
0.020044362009804195,0.816537712505156
0.012910347378778081,0.9962535788267743
0.02517118389012296,0.5506922613365277
0.03154432299231069,0.2676773800608487
0.02118870722256952,0.760344222410018
0.03212823130986414,0.24839444679981654
0.03259665210017293,0.23370361613197027
0.03284300121342909,0.22624967599683485
0.030577573693340687,0.3020416447567483
0.01647341857244289,0.948955961940501
0.017186094437444566,0.9292212775770053
0.02126421066292583,0.7564977866902428
0.029309282679058635,0.35189956059798516
0.02844193482440399,0.38921040527742123
0.02697156624025232,0.4585534703835731
0.029246059664374102,0.35453009629988697
0.0250859751343403,0.5551003598077924
0.030903581116356937,0.29010787527574383
0.03590158168390678,0.14825717885993192
0.013179624590732186,0.9950493290817997
0.02541614771906542,0.5380871008372157
0.03620064897512687,0.14196870974267004
0.016918970705132375,0.9370532803350993
0.02639428091457441,0.48788631946257793
0.016998773402510325,0.9347677394082662
0.026697030259187016,0.4723550077133849
0.028932962959054398,0.36776312324067284
0.03171438556180267,0.26194860345523313
0.03141084656549653,0.27223923988124504
0.03021544978992352,0.31571629808885027
0.017875989887241817,0.9066475744451059
0.02498334054129603,0.5604251127235667
0.04000185571063519,0.07932078160981935
0.032402977249739395,0.23969487533969774
0.030869914889563865,0.2913238398733687
0.021049865241939913,0.7673794084171701
0.030626391882269843,0.30023197935560464
0.02377916022081289,0.623863208139452
0.01770082111245702,0.9126922724673183
0.03079149210794163,0.294170955317526
0.03557852922965765,0.15530076976962748
0.048723109289510624,0.016761181196562964
0.023058987665547148,0.6622536350607338
0.02802682000872425,0.40800736861615877
0.02816589869830033,0.40164155077058616
0.023483668429559207,0.6396034398881519
0.017987513053110415,0.902691394363034
0.021558686877861,0.7413695860561936
0.030386901487464146,0.3091866115918057
0.025057081900787037,0.5565977124787143
0.020826154375370776,0.7786033706979077
0.04188404864362927,0.05819688851989371
0.02285918645712781,0.6729017375477195
0.022348593082972434,0.7000135235834739
0.025164486585960766,0.5510383080518356
0.021676986267009535,0.7352408053340374
0.03129105526731113,0.2763827484366178
0.021910725495078998,0.7230565246924512
0.030379694222127496,0.3094590926142358
0.023075136431051746,0.6613925276881345
0.031651444573605136,0.264057983493019
0.02808185787621252,0.4054799905925748
0.026734279782001824,0.47046662959477076
0.04630172791860526,0.026608379609049184
0.023390417277309505,0.6445761122177126
0.02651168445743024,0.48182468131948203
0.025538163184001816,0.5318480908027365
0.015248380110008064,0.9742055818478221
0.023806517637860625,0.6224078411372311
0.022917925081909707,0.6697727378063338
0.01753110729668953,0.9183478612687864
0.036470469822201756,0.13648243400503907
0.022864476722547766,0.6726199831512851
0.019851100373273867,0.8255534745285331
0.022487761958011,0.6926436824114887
0.02140260266208921,0.7494121736787
0.022424024964525224,0.6960211995177743
0.02478010730405983,0.5710150484561182
0.03352687469948115,0.20651671096550442
0.044403872116991816,0.03760077965180254
0.022551145611529266,0.6892814347364062
0.04677157710958385,0.024370823544294363
0.016247904722255013,0.9544231297038075
0.018975061739724797,0.8642243289711941
0.033117869221509944,0.21815050013566026
0.025674013763700043,0.5249344233507512
0.019995208592046204,0.8188457134545318
0.03033440778338531,0.3111752339017519
0.03592654834364284,0.14772374189883417
0.03685555218410569,0.12895255851362866
0.02431439603108493,0.5954831081623514
0.01783522334658727,0.908072923797485
0.03652338340895922,0.13542703511651208
0.028424053276675854,0.39000751043077275
0.021157984486086634,0.7619052743990709
0.028015924762029243,0.4085089635090479
0.019558640406628913,0.8388824641013233
0.024986856161722193,0.5602424532310809
0.016051578993416138,0.9588780242123474
0.030268047443923307,0.3137025283404703
0.027457822684953115,0.4347684529537257
0.023624870746497106,0.6320778198810804
0.03282744194326043,0.22671497835889048
0.0222586307197018,0.7047672313686114
0.03773721687477133,0.11298694892627388
0.03126899635493113,0.277150863995463
0.03321622212293163,0.21530761640611235
0.030104207438767128,0.3200063636501014
0.019479781588638057,0.8424079009578774
0.023430249963896532,0.6424518177430101
0.02941871865500273,0.34737913943593984
0.01212580470106378,0.9985160304683477
0.018320120486241653,0.8904083623496369
0.03823382126898295,0.10473717033037575
0.04419559791841984,0.03902076219823118
0.018537354857158794,0.8820076204751917
0.025656176540477582,0.5258401704355851
0.01857172243378885,0.8806520794340065
0.022572318261988356,0.6881575954784015
0.0510248043828998,0.010569182653445742
0.03290255013923454,0.22447565023790067
0.019821400307896142,0.826924741152586
0.018039816349213936,0.9008075272786631
0.05400697033603258,0.005634308537095807
0.031051539723247035,0.28480843202617295
0.029192640479227094,0.3567635920964293
0.03331751210074141,0.21240995380744315
0.034351134633216374,0.18454633869249223
0.02447445590422792,0.5870453226676227
0.02293598355018056,0.6688105019656889
0.030545462326150852,0.3032363621870069
0.02796303883362089,0.41094972400137114
0.028685021970746016,0.3784864834615729
0.021284632181977736,0.7554550416920787
0.02395040733843276,0.6147602856595002
0.03134552989084349,0.27449269830956746
0.03470597708652756,0.17567573962462832
0.0242553376226321,0.5986030512510423
0.01503267301077127,0.9775556101530993
0.04311832991236075,0.04713670540867105
0.03421311100675517,0.18809089962203135
0.05405953181268569,0.0055703995497927645
0.015492250215705605,0.970035215849872
0.021680222853991182,0.7350727486689855
0.0187908695397917,0.8718430288157117
0.028769097805064314,0.3748259819794882
0.02863296115219474,0.38076560911234336
0.030181559243434408,0.31701882448231933
0.02399130976496877,0.6125888051127166
0.029289298161394334,0.35272955496194836
0.018876770937925114,0.8683137972206156
0.022002593875058873,0.7182432860075646
0.02287512324870744,0.6720529237028956
0.041346181513061964,0.06367383411563694
0.03925219147502623,0.08937893856938722
0.03452454383005632,0.1801680860149571
0.028658757384251332,0.37963510275672946
0.04271777872872046,0.050507611883209715
0.02650147480231141,0.4823498670582237
0.03320369672812418,0.2156680575763862
0.020552935565559705,0.7921045696073137
0.02442536950741292,0.5896300793555568
0.01825465990506492,0.892882035708754
0.025864749504016626,0.5152885698570043
0.027626629496905586,0.42670870551731416
0.0369301499558467,0.12753388166557622
0.05223705578906601,0.008219687310837028
0.04012091507984883,0.07781487121099567
0.035035410056824756,0.16774671581050396
0.019802504766833096,0.8277951293184853
0.013785663585104635,0.9912827607318588
0.01873136789133334,0.8742627309806135
0.03139855861058938,0.272662118880156
0.019217615405221627,0.8539060934926047
0.022388632732540492,0.697895068915295
0.029305656997453133,0.3520500385745934
0.023592058233045554,0.6338260629012316
0.025517536947942454,0.53290084744205
0.034358910516050556,0.18434822849753718
0.023770182108379667,0.6243409133366435
0.018396486600107398,0.8874884971816657
0.01595597778913027,0.9609451673859178
0.04521182302534166,0.03251097836749709
0.035087458722804166,0.16652051091732498
0.0232610955400529,0.6514740579527905
0.03478694936188248,0.17369976641978327
0.022649655313970757,0.6840497593392183
0.0312159243197917,0.27900542091075375
0.03958979626976444,0.08472408001227386
0.038356524756478494,0.10277768709079417
0.024155721749143932,0.6038729199536841
0.019460339313348785,0.843272435793041
0.019958437882964364,0.8205656864010423
0.03399624675514851,0.19376830530389916
0.0292763215539108,0.3532692432269153
0.02047405529105842,0.7959564769966665
0.01843695900581732,0.885926301456575
0.021832648035980617,0.7271368574711523
0.015569566094724818,0.9686263390986828
0.037119181209380514,0.12399605813584644
0.024438587069100293,0.5889338177041898
0.03360256396553668,0.2044178203472568
0.017771847188256307,0.9102664674412518
0.021870982634582425,0.7251347213535917
0.021472158289275733,0.7458345820927845
0.02047553409027425,0.7958844626654298
0.02248830463777718,0.6926149096234199
0.026103439888816138,0.5033233444965848
0.021082506032806425,0.7657300496004049
0.022014829384941814,0.7176012882984859
0.016033697603992092,0.9592697395197153
0.02241473394998983,0.6965132348449485
0.020920815650414037,0.773871605636076
0.04888113684466788,0.01624988491781312
0.02606471806654445,0.5052561561366822
0.022230387926081008,0.7062577616460903
0.024400328378874903,0.5909496883093106
0.028807391513385516,0.3731670015434291
0.033866864091166626,0.19721907959512847
0.025273295226775516,0.5454254149301596
0.020794899007195056,0.7801598230936402
0.035667455669945,0.15333555650139347
0.02585969461047899,0.5155432571057053
0.018016991258901993,0.9016318645848418
0.023154814189719014,0.6571431865347441
0.03811778813920785,0.10661857069278972
0.03763286160852786,0.11478708077663516
0.022675835479954998,0.6826582412391519
0.017213645656034893,0.9283841390036018
0.02460543923256653,0.5801615880486779
0.029549691520973087,0.34202381428823625
0.04136531157648471,0.06347173454685726
0.022877790589766855,0.6719108473660216
0.0192006040739513,0.8546400094551045
0.02667118788763334,0.4736680019212162
0.01805859723169856,0.9001266783927504
0.030384186571683985,0.3092892322585437
0.020209987320691486,0.8086885665833001
0.017183651061884464,0.9292952556462626
0.01927403032503716,0.8514613929008754
0.022082289517634968,0.7140578556859466
0.020846529662688185,0.7775871319863844
0.025066327897773633,0.5561184089607323
0.03035033395741571,0.31057091592094355
0.03613492863376755,0.14333173919053493
0.015425587233706795,0.9712162379571678
0.023053056215147416,0.6625699067211278
0.032972691580404695,0.22239984437018787
0.016615759464265745,0.9453121473387195
0.020314540913011866,0.803678433902509
0.01579613464442231,0.9642529151102482
0.035232136550060966,0.16314965370220122
0.031768432640638,0.2601474491011337
0.030887706364231993,0.2906807739705442
0.02291059589481456,0.6701632360641647
0.02134617016727125,0.7523068599805314
0.03184733202443202,0.2575348792239119
0.017967922695129923,0.9033923445768353
0.014425803860809536,0.9853672934049487
0.025139399341265523,0.552335203236105
0.027292683504569037,0.4427515015925074
0.019267563049258696,0.8517424855855148
0.02800755142682232,0.40889474172273493
0.014272314506597328,0.9869894484488593
0.05056763896409078,0.011602529248178365
0.039890736650364245,0.08074840234167932
0.02575159076124811,0.5210024361298329
0.038456102485882604,0.10120999501396159
0.0336966227204375,0.20183278474204128
0.01461268977502947,0.9832054390243248
0.022782169000707342,0.6770021646522737
0.02510164843435625,0.554288662094558
0.01755373309431274,0.9176054293330317
0.018831235288053527,0.8701898690267094
0.05494052622685741,0.004593350119490307
0.023381674984591316,0.6450423737389577
0.030046373175324548,0.32225341767805116
0.02135209369696811,0.7520033556750545
0.042070051913500384,0.05639940903608661
0.029269045034458374,0.35357212565538987
0.020648648361650146,0.7874023306593623
0.023298615721188798,0.6494726480298778
0.015646848401776103,0.9671757767418726
0.022234751616907578,0.7060275253920376
0.038951842091398126,0.09369868386690791
0.022397785402784393,0.6974105886271825
0.02215838567830397,0.710053445143277
0.04900456549749721,0.0158603006142823
0.018487597833151903,0.8839574591513475
0.0315705218991833,0.2667887535350219
0.02599380611748231,0.5088041291025743
0.030723490981066526,0.29665631623154337
0.04095329400449671,0.0679477644289626
0.03568705015819723,0.15290523507787634
0.02508589492499058,0.5551045147336704
0.024671652876103067,0.5766896700542525
0.018944429116480643,0.8655046227166381
0.03359996355808642,0.20448965331846145
0.026255480631470207,0.4951158957453351
0.04755647252274259,0.0210031695598116
0.04209553038484881,0.056156948451986016
0.01879473351292371,0.8716851871513378
0.026660730871914118,0.47419997633348643
0.021276139135586625,0.7558888277087428
0.03903796687713568,0.09244250083410929
0.01941448931594536,0.84530386366235
0.024844297865521836,0.5676638962940361
0.03328983475086733,0.21319871162754317
0.027383487678729446,0.4383498583803654
0.02823458882829144,0.3985228643478844
0.02291558752894962,0.6698972845117074
0.032768944199699945,0.22847095866916875
0.015803469204971443,0.9641051840896359
0.029967091568440296,0.3253523546137299
0.02048376039861216,0.7954837191923565
0.03595932617188646,0.1470257672328739
0.023411434890741156,0.6434552026740312
0.032258248835040026,0.2442480981584094
0.031550045991230236,0.26748307519911035
0.021033312735791565,0.7682147153445344
0.02130177459517557,0.754578960821773
0.02127435489228846,0.7559799366988373
0.025615694959547297,0.5278980465499105
0.03904493534871978,0.09234148085151428
0.027872946253156727,0.4151305487201546
0.03094759824035942,0.28852373193952036
0.024441165234594386,0.5887980298575456
0.03439068145252222,0.18354052924166123
0.025307274355737763,0.5436766921048102
0.023552480128771314,0.6359352553798424
0.020209247830864252,0.808723853143616
0.02398306297137648,0.6130265276377045
0.020745579060000297,0.782609748169013
0.017231659705844282,0.9278338383298024
0.019940087805190188,0.8214218862898358
0.02652477134439654,0.48115203304199566
0.024334329855967396,0.5944308141637022
0.033024892984869214,0.2208646105134596
0.028615565432428214,0.3815292935338676
0.03746895403121708,0.11766220240653126
0.03518490872456004,0.16424396194730828
0.022827583362136528,0.674584631289985
0.016788259898627367,0.9406963137552382
0.02315121155594413,0.6573353395554757
0.016426576644648416,0.9501224072139068
0.02849073883924519,0.3870406300945658
0.027807859700279436,0.41816893176036035
0.024779813775325232,0.5710303855156182
0.04241544873625824,0.05318799130955382
0.04331509520070065,0.045553420352316444
0.016171790532803043,0.956183846946195
0.020613605358575815,0.7891274845705553
0.02081743127158664,0.7790380618625361
0.030561845608463534,0.3026263818496581
0.02761536027317757,0.4272435919645374
0.016517480860779532,0.9478439649808384
0.03533025326934475,0.1608948638022707
0.023770836468911705,0.6243060948898266
0.03040499796752441,0.30850322236206257
0.025777995652633945,0.5196668281108232
0.032300084350617486,0.2429252117649157
0.035510728948817016,0.15681267702156795
0.03528501381585436,0.16193137556549503
0.02145801045971163,0.7465631286543417
0.033540526173339774,0.20613691374922374
0.022192486748045803,0.7082565505688769
0.031664909161927435,0.2636056645161301
0.04604900728658029,0.027885498264193113
0.021649142294020318,0.7366857632517685
0.019484436960775675,0.8422006171493067
0.022068495788269527,0.7147829020977161
0.023691220726036022,0.6285439595119848
0.034904710970495745,0.17085761014691742
0.03430279534835634,0.1857816789366282
0.030013843863916367,0.3235223122199986
0.03243578896571622,0.23867167980690276
0.022518258785993728,0.6910263598387141
0.05445359581421172,0.005111986311242009
0.018621233966351403,0.8786867280403899
0.019190832729289814,0.8550608850144771
0.03630992800242866,0.13972556260400348
0.045963183708508826,0.028331353770879232
0.03128420654246955,0.27662105810865967
0.027039727037382846,0.45516854650792654
0.03489449923801402,0.17110259243138307
0.03680123355335774,0.129993668838792
0.018594332849103612,0.8797563866242413
0.024075759873970926,0.608109244694774
0.013876742951216214,0.9905722920503891
0.026750172388027016,0.4696624535828623
0.03096925733505218,0.28774659621986265
0.03365565579276353,0.2029555281817473
0.03929980679351264,0.08870970122314842
0.031289245380944436,0.27644571070569424
0.02105733709735025,0.767002104349863
0.021257444287007203,0.7568430632261895
0.03520492970327738,0.16377934438308944
0.01791766044420151,0.9051790702507665
0.022695703055476968,0.6816019546398936
0.03529711023593862,0.16165370385113134
0.023353522492642775,0.6465439219554323
0.0453071709409022,0.03195218780802708
0.0281558999742475,0.4020969123853417
0.024094130409671233,0.6071355250728183
0.017403773943958256,0.9224591545000191
0.025191572710474563,0.5496392324208365
0.029788587974708847,0.33240855007613257
0.029270946865828096,0.3534929448047632
0.028995509713032774,0.3650921362930542
0.02083975015466255,0.7779254055292995
0.01847385640885013,0.8844932839199923
0.013827841416335307,0.9909588257577008
0.01847233947493654,0.8845523633972141
0.02657047332035556,0.4788077957375773
0.019901169537415053,0.8232330251468964
0.022210014515646803,0.7073324039457562
0.01843465284754703,0.886015589298061
0.03478627635002368,0.1737161168414249
0.033637516699059455,0.2034542058859763
0.02591422667008303,0.5127984822062288
0.02803293369605775,0.4077260918879831
0.01770335971505621,0.912606164963747
0.025791347909571605,0.5189919787005968
0.024771031261627108,0.5714893313951213
0.02830380085782014,0.39539742062549416
0.01901407988969045,0.8625860348052912
0.01844211448403847,0.8857265773901734
0.01715664392018046,0.9301100880727731
0.0208289861951923,0.7784622055074776
0.01865272607602303,0.8774290348367662
0.020998432845052872,0.7699724362078454
0.01770281828626763,0.9126245335355043
0.026049142221425015,0.5060345449871357
0.02579177614544731,0.5189703407544213
0.029398982756776992,0.34819128137479605
0.045988359520571565,0.02819991735712155
0.0284105757133426,0.39060904757630616
0.022917162068918806,0.6698133919731131
0.02210202491645974,0.7130200483324635
0.0229641855040581,0.6673075534350643
0.027347190790981524,0.44010578278848356
0.026446852386919906,0.4851659505609056
0.04522510515367051,0.03243262678591002
0.023613448225159206,0.6326863657518745
0.04087652628298366,0.06881080865839861
0.03045351395002549,0.3066765411751019
0.040203583189900804,0.07678353608601944
0.027323282331582432,0.4412649650338515
0.02422481159364631,0.6002169818599721
0.027088282527200525,0.45276735385556266
0.018030865183805034,0.9011312111633751
0.030526420106963492,0.3039464743982844
0.020235824692297844,0.8074543444734084
0.018758134475884092,0.873176780332221
0.029988389808477955,0.32451774168702907
0.01987655314764547,0.8243752305539607
0.013781867119865787,0.9913114936073193
0.021930462665631756,0.7220235218307416
0.02997364810944908,0.32509525828978075
0.02505305010615594,0.5568067585216593
0.024288630705255998,0.5968438261203588
0.02345914840005736,0.6409108237011437
0.020334349058471424,0.8027245916474064
0.03072093645387941,0.2967499822198949
0.024238979376334457,0.5994678145558938
0.030434788379578803,0.30738063801446996
0.027228102723596104,0.4458999049512295
0.034510460707972146,0.18052056043046302
0.028427371744679075,0.38985949764124134
0.030354432289531608,0.3104155438406166
0.02463824478012333,0.57844074062459
0.0214944128584611,0.7446877112635374
0.03360889227413888,0.20424309111108913
0.019893264319021386,0.8236001147017428
0.02532879960872292,0.5425699317933947
0.056400207240500655,0.0033141904908880002
0.029080368520801203,0.36149027336934947
0.028704981983652178,0.37761520691983136
0.03620883709821843,0.14179962807569138
0.0318147954994267,0.25860983775247054
0.019196506815937875,0.8548165494779136
0.04545889569023731,0.03108039640960895
0.02306032137429581,0.6621825191699082
0.02454204304589569,0.5834908116285649
0.032524747860533554,0.23591440215894574
0.019640214184337312,0.8352043732484998
0.019091319837698406,0.8593182899619215
0.044832564603017044,0.03481950553126571
0.03238524889704664,0.2402491066397877
0.021364091126632623,0.7513883954781367
0.04390476570207491,0.04108182434299356
0.03413463083859092,0.1901301424803499
0.024606426359230715,0.5801097879545694
0.032052470604684524,0.25083505869596645
0.032281368925623444,0.24351633767798977
0.02239000957648185,0.6978221933340256
0.013619939042526563,0.9924732900233636
0.04383052688401706,0.041622894237011765
0.016544368043666935,0.9471583816958062
0.018852185293160018,0.8693281933632883
0.01896363059088102,0.8647027052365066
0.029239400754063838,0.3548079667865458
0.01747426797843951,0.9201971549588789
0.018183043302076346,0.8955570810066511
0.02646535589301957,0.4842108049559358
0.02694975072650807,0.45964035048866725
0.02959934208134596,0.34000920786267563
0.03774020692499769,0.11293571599249919
0.019978105148838576,0.8196464452805476
0.023593902995189486,0.633727764443498
0.032688516384441146,0.23090229357028963
0.022431893226609267,0.6956044475605887
0.01903181616847449,0.8618385544297369
0.01760281306765299,0.9159826808771546
0.04802900154688072,0.019181612049939373
0.019536569240857116,0.8398721954704929
0.01899283176889799,0.8634792428443401
0.019024473894166144,0.8621481975087405
0.025674445188713924,0.5249125239107517
0.022774459269835845,0.6774124722924889
0.03206555896633456,0.2504121247271661
0.011983872142145358,0.9987705469700247
0.01862776611684569,0.8784263402806259
0.031154389239385516,0.2811672830220535
0.03349012945901897,0.20754170973391683
0.021288875460535067,0.7552382497200529
0.047974165321274576,0.019385514413468034
0.022256955073886128,0.7048556900639854
0.029269492999003166,0.35355347396302456
0.030854314566407387,0.2918885735444664
0.0399902476696018,0.07946891341748928
0.019347682634232144,0.8482450414389506
0.03565871656799857,0.15352779314776374
0.018791650392574466,0.8718111382511103
0.017669484579533212,0.9137515359137606
0.022682836570498743,0.6822860470292065
0.02206488128919948,0.7149728498371515
0.023143479934519484,0.657747714673725
0.023261410621059825,0.6514572507324838
0.030356922782357132,0.31032115441577784
0.02910234828864189,0.360561447372938
0.018900674534794548,0.8673242596847182
0.019631753645286715,0.8355873088894192
0.019453999494828622,0.8435539458250554
0.037701080266562825,0.1136076497395427
0.02827126093848767,0.39686472589918953
0.01950046361718305,0.8414862105218236
0.024960131201000824,0.561631455471965
0.01816104734949492,0.8963720693403093
0.026095534052623992,0.5037177019772755
0.028311876829328453,0.3950338368283126
0.04087568187125412,0.06882035343114024
0.02864415043415569,0.38027495626741786
0.03249220082677429,0.23692035256411265
0.017199253845007756,0.9288221119796367
0.03068329381021484,0.29813274289483255
0.02509062213392882,0.554859657839758
0.03803201217535562,0.10802731659841411
0.020769011847356855,0.781446685090103
0.027997981522138837,0.40933595400718975
0.02311987014786976,0.6590069239027893
0.01919193295812953,0.8550135205934806
0.024687322558433256,0.5758688398497362
0.023982874879325877,0.6130365117302419
0.023851434032850394,0.6200192563065268
0.026878858294834607,0.46318403959099147
0.035065635233078485,0.16703377212724757
0.021703346311050337,0.7338715195698546
0.021361063205850794,0.7515436307352427
0.021893455140924667,0.7239599188686977
0.015859872494719873,0.9629561373415202
0.027863605286415183,0.41556567807975575
0.0228726297341848,0.6721857384902835
0.04639039349488416,0.026172721541779465
0.024140617166284684,0.6046727442000823
0.027077477216487067,0.45330097591830815
0.017153470402489712,0.9302054912997757
0.025852153009313483,0.5159233328709573
0.029783827780932026,0.332598218616446
0.03659595006157823,0.13399045624016115
0.026123965527368925,0.5023001254445687
0.02387129360171103,0.6189635257308473
0.03772192385774381,0.11324928692874554
0.030626050536912808,0.3002446050837203
0.04080388422165937,0.06963604829181884
0.033123247912556525,0.21799428195161843
0.018867828325555447,0.8686831637595513
0.027775405864711944,0.4196895873596189
0.03193344708674983,0.25470606857898337
0.023699861054043342,0.6280839021947384
0.01805165773533135,0.9003785204149187
0.03001921145646863,0.32331268532021945
0.02672468145605289,0.47095274716413205
0.02703388647202576,0.4554579444030278
0.0259268812750251,0.5121624172291982
0.04335147122314176,0.04526582730060199
0.04736415041986625,0.021787599663147028
0.05075306566943405,0.011172880992370132
0.02356524422999734,0.635254978083367
0.016564205696811496,0.9466491341735752
0.03734038427984743,0.11995873103371024
0.015464396145603687,0.9705324727271322
0.02183166274309662,0.7271882852711211
0.019665361139707918,0.8340642168779834
0.017276375452618703,0.9264577932004464
0.026474316053592517,0.4837487217975159
0.03376176722690294,0.2000574359095131
0.025167320893200673,0.5508918517242867
0.020282434835700636,0.8052213530367686
0.046834875014183874,0.024082496157792024
0.029428846349484672,0.34696290547293773
0.046217992828007814,0.027025685412854387
0.01677047707833622,0.941182263577488
0.01744980437600896,0.920986107202022
0.04208189418114927,0.05628660283993052
0.026314605993656842,0.49202791439189353
0.023886936923753987,0.6181320969173083
0.05429015247935276,0.005297754597210136
0.019652493572176577,0.8346479966950395
0.025490927064822255,0.5342601732712494
0.029156721479540848,0.3582709966530131
0.027353502273439412,0.43980011615046277
0.021980417607854907,0.719406320436311
0.0330016210823294,0.22154801810220986
0.018635487381282193,0.8781182235747031
0.02382998844791573,0.621159557686195
0.022140873480447465,0.710975654307399
0.036402759000970786,0.13784272423423716
0.02948435644524877,0.34468784701950506
0.02332858940389232,0.647873825582929
0.027760084606764046,0.42040878392650605
0.033404441028187015,0.209947362891666
0.04619800288188414,0.02712615925606283
0.01650461109979151,0.9481702384353619
0.022228608651666315,0.7063516330215625
0.03192963414710176,0.25483082074092667
0.022830608877577,0.6744235393821603
0.027767405882551777,0.4200650108750525
0.03219651053093597,0.2462103521654055
0.040420100232412826,0.07413705030726188
0.024219481695783307,0.6004988651585772
0.02038157011574232,0.8004448586016073
0.037495720813682853,0.11718867226412305
0.020249384099798595,0.8068055980371938
0.044181067363765814,0.03912155355258609
0.03544002936985147,0.158401808950171
0.018709008706741304,0.8751666628102633
0.021159785808354592,0.7618138138731699
0.028261566107652347,0.3973026160208418
0.05014295973171068,0.012643254365900273
0.03402231621320817,0.19307878076212118
0.021696491888630376,0.7342276996362818
0.026277636397820547,0.49395729695920754
0.023557896831545327,0.6356465599794008
0.023039841647332637,0.6632744946794131
0.01312665325948692,0.9953068085347364
0.034899268842531805,0.17098813350291378
0.024504031409021798,0.5854892562221092
0.047936372725608134,0.019527165127497716
0.02399225856450038,0.6125384479166025
0.038839817943215615,0.09535396053172901
0.017386145744864245,0.923019319639356
0.04017062721587272,0.07719328676579383
0.02261434383063099,0.6859258926220986
0.034396787798128714,0.18338561114212115
0.030240574700578282,0.3147531854959811
0.032877695752585145,0.22521478012161314
0.034269291840633764,0.18664170534076258
0.022274797647170885,0.7039136036695255
0.0393367964987309,0.0881927151079755
0.022504236090756025,0.6917701150992478
0.031697979441894286,0.26249720395689985
0.04502329294320262,0.03364118523365153
0.026499916201155993,0.482430074306003
0.025860555129121443,0.5154998967729497
0.027704545317125184,0.4230228731691329
0.023620215822302948,0.6323258097313428
0.06141451627362671,0.001011843501781584
0.01899272925763118,0.8634835460828452
0.032393065195442494,0.24000462965351255
0.03009482889882248,0.3203699753796709
0.025618997105227304,0.5277300643223694
0.02934084530206027,0.35059154024579336
0.030800535006826224,0.2938416105718653
0.01921635164676233,0.8539606676914953
0.03177433150181708,0.25995143278263305
0.026936793037419582,0.4602867251082321
0.03169497534345933,0.26259775104075617
0.036459408927227155,0.13670389482159334
0.017001320330080283,0.9346940319479319
0.01918907479411902,0.8551365501993482
0.05743142906710974,0.002618144797630349
0.01770275351367312,0.9126267308827938
0.022849986828765045,0.6733916720598006
0.030621095577986257,0.3004279237927331
0.024297530869629852,0.5963737172717269
0.020142842934690153,0.8118837991230099
0.0392272797041118,0.08973076010785185
0.024775355106787106,0.571263368109705
0.028471985601174976,0.3878733822102126
0.033797583048907565,0.19908658633484963
0.04033078881241903,0.07521917947812076
0.042940984297561546,0.04860436176622502
0.03169985965338712,0.26243428809881353
0.025610816995628047,0.5281462298373274
0.045716062765981946,0.029650475939719034
0.02945083329449949,0.3460604997370412
0.03797507846528059,0.10897085894756268
0.04127009766120959,0.06448307511169535
0.04812575159952587,0.01882652011198866
0.04240916941946565,0.05324493770657244
0.03217544017210275,0.24688277937194172
0.02928041932055797,0.35309875647501715
0.02356418126724863,0.6353116279846028
0.024639639800761004,0.5783675930950625
0.025703948297301882,0.5234157883021209
0.02777928308666633,0.4195077189795251
0.025678548932352552,0.5247042331136982
0.015422918812524888,0.9712628656291682
0.037834970166057746,0.11132191146213648
0.024070058389970325,0.6084115028037838
0.03637429756659705,0.13841778639800567
0.02750543079006096,0.43248509049742123
0.032839614867371525,0.22635088250830104
0.037250078082936344,0.12159372372334717
0.031430613800185636,0.2715599993274802
0.021913362038013418,0.7229185685875597
0.028871846363380582,0.3703863077411462
0.03122280279173606,0.27876453772236026
0.039271074384172655,0.08911303256777536
0.03764042024914899,0.11465590403096527
0.018018249955598697,0.9015864956911449
0.03474113455980077,0.1748156066182961
0.030414074707169336,0.3081608683506801
0.015759004657903586,0.9649948291787206
0.016651690562487165,0.9443687379910242
0.02947986442357836,0.344871552840788
0.02770885556025815,0.4228196076825091
0.01586968025183233,0.962753984701199
0.03133472278017371,0.2748668906931461
0.02292288750146111,0.6695083295053568
0.021852501408977848,0.7261002585675917
0.014750096913061617,0.981480220072517
0.030422186983980137,0.3078551272671748
0.016866787177295284,0.9385226798747601
0.022264805738916205,0.7044412197033165
0.0319544715789325,0.25401901741471034
0.017023587114038147,0.934047628251913
0.04932693863785176,0.014881975643262681
0.021631598264173435,0.7375954504269413
0.021519681305164018,0.7433842564428739
0.05469865514578687,0.0048446141455632166
0.022597521552140176,0.6868193688327515
0.033125554635611176,0.21792731225350165
0.019473652394015932,0.8426806462157763
0.040738188192070146,0.07038961597807414
0.018902113137196558,0.8672646029646969
0.059084034241212724,0.0017784744919028912
0.033547689188421104,0.20593784972674395
0.02221741630525398,0.7069420362636073
0.019188320439166018,0.855169014210969
0.014820773473831927,0.9805467828685955
0.019910070778221156,0.8228193614043381
0.025686972975943467,0.5242767629394893
0.024500531629057187,0.5856733394843056
0.030922477560892503,0.2894270187516173
0.029275856057294103,0.353288613822971
0.03867857754932169,0.09777929465567688
0.02669979620895918,0.47221461688657035
0.03525714045416331,0.16257265921049946
0.023761601782083197,0.624797491529236
0.018730481873273197,0.8742986063374472
0.021024097806461528,0.768679413955257
0.02955853786890239,0.3416642424804106
0.02479869251256428,0.5700441988772663
0.018740128900755326,0.8739077463080387
0.02083725211023202,0.7780500143706042
0.02607008286081791,0.5049881766939891
0.02014935074222668,0.8115748866709436
0.02003889956281013,0.8167946958446968
0.03674841198242024,0.1310126607706211
0.027461247601842542,0.4346039183074422
0.020152207023323945,0.8114392517130488
0.03000907365837821,0.32370869138802544
0.03735369360310958,0.1197193011040635
0.031201461550000253,0.2795124116433328
0.022467808427776792,0.6937014382882909
0.016663818009535758,0.9440481733171244
0.022521767610032883,0.690840228549447
0.02473148142283843,0.5735573634341049
0.02324931645668704,0.6521023841248457
0.05427855695508521,0.005311165949584571
0.026945090305994013,0.4598727594822603
0.02344966563988815,0.6414164691575657
0.030683640501232956,0.2981199859511727
0.010543957123614334,0.9998860393998309
0.031836399530873694,0.25789569518454936
0.02846890426911175,0.3880103301837388
0.028502424959827688,0.38652232804467773
0.030142884491559663,0.31851000067320895
0.016537026387858977,0.9473461120262993
0.03224398984894772,0.24470023569624047
0.03426514207737397,0.1867484469806469
0.03134707345928103,0.2744392839145659
0.01714480490516493,0.9304656262244437
0.02447046202839198,0.5872555295631526
0.023934568623979413,0.615601458283964
0.027057814071306197,0.4542731129775007
0.02392728948432532,0.6159880992952033
0.016448608920221958,0.9495757809180737
0.02420078816497573,0.6014877171819677
0.028650880758275654,0.3799800426920865
0.03915702261739451,0.09072924265691108
0.024811689523937253,0.5693655455819513
0.018659013612061917,0.8771772254051715
0.018176220313751462,0.8958102183438911
0.015425778485295583,0.9712128941420359
0.03520452152797482,0.16378880620686057
0.02059602514395964,0.7899914212652623
0.03272730678917801,0.2297271883433537
0.03007654520477876,0.32107970856735446
0.029393854518084628,0.34840253259621035
0.017247338504561505,0.9273529818567819
0.037820088447573286,0.11157407588737611
0.04232863089841554,0.053980004586130205
0.04286282721200574,0.04926361709902645
0.03647719883429018,0.13634784884447573
0.03555976575780939,0.15571800649884054
0.014546075474240916,0.9840000550080438
0.04104884821782889,0.06688641657669467
0.01663335699007034,0.9448512934247236
0.03711352757032299,0.12410068935970699
0.03625118998524912,0.14092766189740558
0.022777443504628847,0.6772536566320299
0.025544864244958276,0.5315062415741175
0.022940662503393938,0.6685611678402879
0.028422047448114662,0.3900969948027298
0.018658159767376448,0.87721143476467
0.029550971888531896,0.34197175523233814
0.016460824829488407,0.9492711584264824
0.023327804090518045,0.6479157141634508
0.030257554932766384,0.31410349740593446
0.02088751579333925,0.7755391545065551
0.029458819187820923,0.34573315203698735
0.023838996026288528,0.6206805759608323
0.0321961715844879,0.24622115806274325
0.03186191048736603,0.2570543255777681
0.02785319830823363,0.4160508313552983
0.017366930019794724,0.9236274233048929
0.032309665293411255,0.2426230219176037
0.027016125155421677,0.4563387593796943
0.034877100811806394,0.17152062980373214
0.0412750629162148,0.06442999711251256
0.026395966565958884,0.48779894106708815
0.027979793321239343,0.4101754036441495
0.02156886781904299,0.7408432217078258
0.04480522471348014,0.03499134197779925
0.02573969839825352,0.5216044282528107
0.04772175972160886,0.02034919971294162
0.03725611013211516,0.12148394606303435
0.020428385410699967,0.7981766977392735
0.02145139920118766,0.7469034294015658
0.041158596630386124,0.06568488293602755
0.027646707998103648,0.4257568149195855
0.022834101145995378,0.674237590212567
0.0450620044417529,0.033406343024938785
0.017754489411916985,0.9108624831468293
0.030181893428962825,0.3170059615413636
0.02678050700458051,0.4681300025972388
0.04324192157331619,0.04613674467769295
0.028401593671131153,0.3910102956586243
0.03245395274272067,0.23810670128666728
0.026354811882216223,0.48993514596864085
0.021997272313187377,0.7185224409324711
0.02183537390787449,0.7269945709453259
0.03431023458309612,0.1855911407957974
0.034707244641429824,0.1756446703947309
0.018535072856435852,0.882097375144364
0.019992276322278624,0.8189830805963993
0.024593619446465792,0.5807819313493623
0.028677784886767865,0.37880273724217695
0.014902714447361687,0.9794246684518401
0.019998524111502047,0.8186903490199862
0.024441785521371107,0.588765361432914
0.017496880319421648,0.9194641649327996
0.03375454069097095,0.2002537721310065
0.032396707629305965,0.23989076710933754
0.031095177382088446,0.28325928325042654
0.024670230602023696,0.5767641890774864
0.018628948399535494,0.878379184366601
0.04094242149221716,0.06806943286016401
0.026810540465887378,0.4666159982100242
0.018666163626038457,0.8768905900709509
0.031820561447218926,0.2584190926755675
0.021126055556036277,0.7635250491866215
0.022734660716679678,0.6795300213631743
0.0201184372079396,0.8130407864902917
0.03450128590293988,0.18075048239864275
0.03631749082404001,0.1395713929169798
0.012730311099895864,0.9969228367641915
0.02876255288547319,0.37511004119957203
0.03342815538206628,0.20927943506061122
0.020525503261434597,0.7934465886049321
0.03836229195559315,0.10268634420115645
0.04021728416462067,0.07661373069789203
0.028173140199244995,0.4013119802637859
0.031359810198717586,0.27399883233744293
0.02717843877261472,0.44833122083003507
0.023208650911050954,0.6542715675648269
0.021323896618558935,0.7534473640232064
0.025598038908922538,0.5287965746906591
0.023613943595983344,0.6326599734117312
0.017105526265424387,0.9316379602051353
0.017918087286184325,0.9051639678072273
0.020866913767072393,0.7765692102289574
0.025465282751617135,0.535571407258598
0.02443237792611186,0.5892608731237139
0.019677042515607757,0.8335335876767292
0.027886013170713264,0.41452237516283974
0.02587971418841928,0.5145348930238798
0.01628172379958548,0.9536271327579754
0.018085486129758688,0.8991478704667711
0.03807870816822384,0.10725850192881185
0.023468977248543466,0.6403867434805711
0.023047354242237028,0.6628739351879454
0.025586556903060997,0.5293812203524355
0.024832691045381383,0.5682694220898792
0.028818358640988584,0.3726928287490467
0.017888320521217804,0.9062142462411483
0.03572653081963528,0.15204114071950048
0.027421068805077553,0.43653676238488054
0.04527342853648453,0.03214896398847621
0.0413680354127941,0.0634430032243909
0.037093624554548454,0.12446960827551203
0.035010820706627754,0.16832851288910064
0.014057696212076976,0.98903649237086
0.022898163491202883,0.6708255870896898
0.025289012701169344,0.5446162752707762
0.022430318546770134,0.6956878569662888
0.022013620098695036,0.7176647492060315
0.024268615628000784,0.5979013071217851
0.018149450262871916,0.8968005039444955
0.02151266699555121,0.7437462184786374
0.028398763961127838,0.39113676437770556
0.03780226940042386,0.1118766330525893
0.030755464126932724,0.295485812312096
0.03906920234788974,0.09199041005824989
0.029881831583411844,0.3287090050108605
0.020467914730498582,0.7962554268266262
0.036395433177336844,0.13799055628154638
0.01443724200219032,0.9852409496887607
0.04070634856774269,0.07075732108830825
0.02978934507674491,0.33237839075668335
0.029151199792923688,0.3585031239453041
0.03373714437938985,0.20072702723249072
0.025706113056998936,0.5233060341038303
0.023991604542454303,0.612573159834364
0.031945684041097766,0.2543060109740365
0.03469688192099307,0.17589880065096827
0.029688560775872674,0.3364105257275038
0.02220818501127253,0.7074288812881564
0.020020720761407707,0.81764903910223
0.02839089021852259,0.3914888161801216
0.03499420301813372,0.16872260702548128
0.042977106768219864,0.048302257067819834
0.027969087606387055,0.41067006051328475
0.01920331790098484,0.8545230292381277
0.02008817626411885,0.8144720292981774
0.02356656762968601,0.6351844488582357
0.04368424446445529,0.0427072165721212
0.015165579980097266,0.9755285597470973
0.022434713545802176,0.6954550520126566
0.020887637270793985,0.775533077195117
0.024388810922130466,0.5915568557996564
0.04565405829456942,0.029989829509801648
0.01811830766328748,0.8979467033222468
0.026681437244473916,0.4731469697890386
0.028534963378612166,0.3850817308734083
0.02956385677751802,0.3414481787231039
0.018873942715249226,0.8684306634200949
0.023627426638990756,0.6319416587857527
0.024993753429163712,0.5598841492376365
0.030163835489760205,0.31770156402328464
0.048210594507700044,0.018519971333862597
0.01819710653650603,0.8950343806307428
0.02780292305656601,0.41840000089802587
0.03776348505585847,0.11253751326195209
0.03543466880930857,0.15852282491203437
0.021704733311190716,0.7337994356280786
0.023249864833565725,0.6520731323249469
0.018602430705135953,0.8794348503632171
0.024967186213880388,0.561264674556754
0.03136947968316417,0.273664803465074
0.018992864196161474,0.8634778815940964
0.017899249006731885,0.905829339750114
0.030043715235052004,0.3223569621542033
0.025064978914334235,0.5561883306375934
0.022665046427839175,0.6832317509186848
0.04055082399004284,0.07257697767638031
0.04022115699746587,0.07656578974740647
0.027065661218747317,0.453884988034035
0.02752420208207762,0.4315870120950885
0.023785835731497174,0.6235080461730025
0.02273971289634824,0.6792612602125387
0.031019004867312128,0.28596751989693414
0.020896556673135114,0.7750867363851442
0.04096383320554242,0.06783000280659912
0.03023276174522027,0.3150524494567722
0.03862261010399709,0.09863308273083478
0.018285057802443883,0.8917367121943246
0.02890670398074302,0.36888857635709627
0.016973793902018697,0.9354881385099362
0.022581316625345016,0.6876798609685735
0.01942831355313762,0.8446924630551333
0.02388841760988092,0.6180534075173385
0.014329349800542207,0.9864024460406562
0.030223449518976805,0.3154094118217737
0.021149158054136752,0.7623533081734386
0.02115795316271757,0.76190686474153
0.023638187129097377,0.6313684376799025
0.03607198367267517,0.1446471285245152
0.020198728008667066,0.8092256018595456
0.021316421263439023,0.7538298758925935
0.043443199909062646,0.04454759655799398
0.03188532195657778,0.2562840264063031
0.02887353132816106,0.37031381142386965
0.022860889003318396,0.6728110628970491
0.02574318349933974,0.5214279830844162
0.023643867422391468,0.6310658610623239
0.04621700687931862,0.027030633286034583
0.01990158776956663,0.8232135964566565
0.025122600899774694,0.5532041737680058
0.03754158147005726,0.11638100203724333
0.033898652238596116,0.1963668227974954
0.026477252041532284,0.4835973725177604
0.022502146081664454,0.6918809538871895
0.021325860628933768,0.7533468444486299
0.02492876077699613,0.5632632571651246
0.02580354292601239,0.5183759324372135
0.020562984741537726,0.7916123104405582
0.019775584593155093,0.8290324116366721
0.020956745535494203,0.7720687607579175
0.024012945954350717,0.6114406328747385
0.030414788073652332,0.30813397358650746
0.030379658110955554,0.3094604582913432
0.03662746975159731,0.13337035109163267
0.023248863444252282,0.6521265489438721
0.031237506865726905,0.27825012341835625
0.047398378637068195,0.021646114639309447
0.022419458695743577,0.6962630309791958
0.028689217732145444,0.37830321722366655
0.028050985332774975,0.40689635324311324
0.0304147914257491,0.3081338472125345
0.028874181947088573,0.3702858209424834
0.020874797786322286,0.7761751746803677
0.028269801793646465,0.39693061033272725
0.024699105481491457,0.5752518193559223
0.013564586374053444,0.9928426346069652
0.016666203410393376,0.9439849926366546
0.03772652710644564,0.11317026946512294
0.021389303340287658,0.7500950074427433
0.0327153215193593,0.23008977478714757
0.05404531078080144,0.005587625000781992
0.03578985604239754,0.15066339314870747
0.020547825436309508,0.7923547577477799
0.017361026264587243,0.9238137284884615
0.02012240178048119,0.8128530023845155
0.023868493368569332,0.6191123713211074
0.023052941697615514,0.6625760128513802
0.02845260622991208,0.38873524573532237
0.02087683441914956,0.7760733559034428
0.03737581946339641,0.1193221345609015
0.01645257292361646,0.949477053013426
0.01887088864821851,0.8685568109247037
0.023737792131772295,0.6260646468806321
0.031247455847296934,0.27790246559355386
0.02469007326389111,0.5757247812972532
0.021534732714368454,0.7426072086754953
0.02389211577169903,0.6178568787912118
0.03717547836697577,0.12295811496121982
0.019122614858614106,0.8579851129141274
0.02177903714239593,0.7299327164568727
0.03057302748840951,0.3022105776583397
0.02370258129048508,0.6279390690396945
0.02926827845120661,0.353604045150964
0.027824641428216973,0.4173840799232024
0.027732156893756188,0.4217218938907354
0.04537969615562987,0.0315328208626444
0.02106885541179737,0.7664201721556807
0.027338663559707266,0.4405189845483341
0.028014920736500193,0.4085552080420391
0.023344579536052845,0.6470209232013047
0.0280306615317501,0.4078306134317752
0.020293256131335924,0.804701748033546
0.018029241835061383,0.9011898567255693
0.029574845370967245,0.34100211234475486
0.03215982153907654,0.24738212443108293
0.037217279612461796,0.122192051921191
0.029819588381464923,0.331175255938666
0.017613031403793333,0.9156427231059918
0.022583018335240568,0.6875895082045843
0.0219167710517566,0.7227401771269584
0.03093046281763917,0.2891396587492504
0.0264005620238148,0.4875607795792664
0.02971469842402863,0.33536145776008564
0.025717447401374938,0.5227315288618353
0.030899098543552883,0.2902695605475588
0.029176290464042243,0.35744919040843115
0.019505968659013107,0.8412405286452602
0.04073938557959822,0.0703758195174568
0.023360446816957814,0.6461745963354226
0.025646100109777747,0.5263521090949865
0.058606128722879736,0.001991152584000972
0.014029172213937874,0.9892898504089477
0.01840103790398584,0.8873133281429746
0.013896764435010645,0.9904105973238692
0.019675936083621726,0.8335838746719252
0.03163329908280943,0.2646684731348267
0.04134145239151488,0.06372387963706112
0.02847602311788383,0.38769398803131316
0.030597519622424407,0.30130129253237115
0.02609357443249105,0.5038154724484146
0.022208041486760588,0.7074364497610024
0.03715977120368252,0.1232469862260919
0.04225761501257355,0.05463539517401984
0.01827445977357367,0.8921366878804515
0.026418627080671775,0.48662527836310937
0.027569604302282613,0.4294200236651206
0.023215018308766544,0.6539319213268653
0.021962381207791593,0.7203517038001863
0.021139022147007025,0.7628675638986393
0.02098087048152475,0.7708561878888263
0.03207708681476629,0.25004006539333423
0.026815732123997293,0.4663546097972836
0.015606366486324963,0.967940901089289
0.025896423784949607,0.5136938822869597
0.029379964864985064,0.3489751584179687
0.027534755457762294,0.4310826571658921
0.020216619760165644,0.8083719887179284
0.026012056173793097,0.507889986347766
0.02085382940411462,0.7772227468498939
0.02612887040046738,0.5020557502296664
0.029879569615558155,0.3287983974315655
0.03401360664270486,0.19330892984551712
0.019587412081832567,0.8375887684865108
0.03217321104053383,0.24695400023552125
0.027786076514338953,0.4191891896648387
0.02685209235662689,0.46452664766314217
0.032411444503813835,0.2394305134376504
0.03845599399131289,0.10121169219642936
0.026852890654399275,0.4644865672163705
0.01949840114674628,0.8415782176132599
0.024620922873921702,0.5793492122659327
0.04528834201793691,0.032061861825772364
0.027832458467147048,0.4170188333436666
0.03367125203374882,0.20252752226054455
0.022921627563008307,0.6695754625574151
0.0352200867518605,0.16342830161212393
0.044956656943929585,0.03404882468206471
0.02393734896209332,0.6154537862096978
0.020437926756980307,0.7977134614574798
0.017344039923934185,0.9243483870252275
0.028898456100327208,0.36924257834585444
0.023812344372533212,0.6220979207781896
0.03595529074465936,0.1471115539119029
0.022155959777688028,0.7101812185380688
0.027944785582103115,0.41179444789239716
0.016429696387629755,0.9500452231677317
0.015475690106594553,0.9703315066177417
0.02289255287956521,0.6711244796282818
0.028175433026818464,0.4012076694008034
0.01611659262496512,0.9574340945816745
0.019057603691105568,0.8607486926837122
0.021772628732509847,0.7302665910248479
0.0186854014040847,0.8761178708579094
0.03167233915332207,0.26335631708713386
0.02192572723592434,0.7222714196239063
0.03328496586659674,0.21333770156060458
0.01904367169057125,0.8613379533584922
0.026716225941078864,0.47138125794166397
0.020194508396553235,0.8094267374568346
0.02381321689585414,0.6220515134072304
0.03388022431261478,0.19686053247029542
0.04041402795864435,0.0742102035269764
0.03207750592353442,0.25002654664210155
0.02260367280554426,0.6864926829255372
0.03129501870647999,0.2762449058669552
0.018498082527631576,0.8835478482126915
0.01715102609669994,0.93027892325
0.03655787101113783,0.13474273900557493
0.03365790485587214,0.2028937638197122
0.018265116082095467,0.8924887330130014
0.021739757279517935,0.7319780413578649
0.03206853247203556,0.2503161151381297
0.030660424105357742,0.29897515222678545
0.020444154584373098,0.7974109228413025
0.032061310422032974,0.2505493517135175
0.03618060916577859,0.14238321396874143
0.032030948311099317,0.251531703037148
0.024814064041757122,0.5692415826888957
0.03396510206972414,0.19459460165626682
0.020841611082184852,0.7778325655300182
0.035734002121889985,0.15187806350577443
0.021997035738346105,0.718534850059935
0.022412802858785552,0.6966154917440321
0.023995920959298034,0.6123440736448101
0.022639752774600008,0.6845759770724928
0.03163675767687091,0.2645520298056853
0.03958673938367413,0.08476529456389557
0.033569459098004795,0.20533377244666856
0.0214581609185045,0.7465553830020644
0.03221764264055493,0.24553735533688242
0.029351216784505807,0.35016248189536686
0.024914397384964704,0.5640108838501968
0.03399388729540076,0.1938308072214634
0.03002197519302996,0.32320478830646376
0.017302903658913404,0.9256346796604816
0.03458230899774595,0.17872803174914892
0.020329066476738378,0.8029791120251839
0.019734176322768082,0.8309292283604562
0.028825578172668398,0.37238091738829393
0.016828793967907152,0.93957997311118
0.02760691838799345,0.4276445773913766
0.0267684448719116,0.46873896716816554
0.03533934068045619,0.16068729866528364
0.034016972832404346,0.19321995324493946
0.03918485001040539,0.09033265587449425
0.023830300376091407,0.6211429700065416
0.03327232583817108,0.2136988593834234
0.018893179133244176,0.8676348941972627
0.022730485354099605,0.6797521274310339
0.019201403152096064,0.8546055690043977
0.020254566619324954,0.806557455639147
0.04055072731732473,0.07257812100077536
0.032545877505251786,0.23526308910752858
0.018201728759663416,0.8948623049196183
0.029032555125121706,0.36351662633995063
0.022842154199193332,0.6738087764833145
0.028652116705619846,0.37992590254802194
0.01895891283422635,0.8648999246407624
0.028572006000854633,0.3834462718417466
0.025100946329647322,0.5543250147632026
0.03311513157134527,0.21823004545839023
0.024346864023335968,0.5937693480928551
0.03283000961294058,0.22663814106576907
0.021700911806325662,0.7339980349528481
0.029512534810852697,0.3435370609858242
0.02666729713890692,0.47386588847056027
0.02069494715415182,0.785116914029812
0.01810555086624932,0.8984143967883826
0.018925222275017417,0.8663047059694117
0.020787809554619452,0.7805124480869482
0.028537719569711517,0.3849598759951797
0.023179540031603274,0.6558243536040343
0.025700163915335916,0.5236076801370858
0.036347575838186014,0.13895947083232668
0.02254493156607612,0.6896112086944586
0.01630254583364288,0.9531328576994469
0.042184358739666916,0.05531862886174088
0.03502423489373102,0.16801092685087546
0.021882228437595574,0.7245469221227099
0.03482788248771848,0.17270761920380462
0.015854668156881968,0.9630631236404911
0.04169684916934013,0.060055362291592654
0.024874418697309553,0.5660933841741417
0.016568215239878392,0.946545853767688
0.026862931080153807,0.46398265776880443
0.025909015904229893,0.5130604906425641
0.02798943753673755,0.409730142477904
0.03071647735022537,0.2969135349547411
0.039812139083305886,0.08177124212055586
0.029701648867522246,0.33588492369344564
0.023645737469163985,0.6309662505505214
0.02009775241823053,0.814019508325301
0.026822113754527588,0.466033440639868
0.016313508281667333,0.9528713470409652
0.023620522624783202,0.6323094646661791
0.03727849467537414,0.12107727961134702
0.06791262757410854,0.00018710112255948782
0.02228423588916212,0.7034151215224179
0.051699946411475795,0.009194924323352421
0.024888775747518743,0.5653452566044002
0.04943879638420179,0.014555392714981517
0.029925568466944164,0.32698398727395794
0.01240942976003219,0.9978813960012343
0.02191310591796336,0.7229319704488228
0.019519541044565547,0.8406341853906218
0.04903804710174797,0.015756074759061354
0.02559210325647343,0.5290987774791751
0.018068714369266936,0.8997589504491152
0.021727892027302742,0.732595332990567
0.027858874122629718,0.41578618799673683
0.022480158762007152,0.6930467759242975
0.025163282207423032,0.5511005455176481
0.017617873909795134,0.9154813630603577
0.02596374977389304,0.5103111882685897
0.015328454812595108,0.9728816295922655
0.022144330803183898,0.710793619207825
0.024175566334601495,0.6028223986098069
0.04536673391169238,0.03160741610546733
0.030763388297000316,0.29519624461884486
0.02240090227933994,0.6972455838334171
0.038812999079235966,0.09575384256475525
0.027228753800634498,0.44586808973064396
0.02468771570928885,0.5758482493546391
0.02903730422817602,0.3633149989435042
0.028038277734165423,0.407480333846889
0.030355047082073955,0.3103922413138449
0.0272923733514418,0.44276658640613686
0.04985207088753929,0.013403888686494109
0.02665669799902215,0.47440524273135304
0.03129941989402918,0.27609189925814714
0.01379619932472198,0.9912026566836658
0.022476139961905672,0.6932598177400329
0.027743758600089485,0.42117606529676294
0.03943351553755081,0.08685286612614207
0.030244310753344106,0.3146101547022583
0.018952528970435187,0.8651665962527257
0.019976131860504287,0.8197387496836377
0.04116497017149212,0.06561567452685162
0.03611433958196614,0.14376092729207696
0.0225845929556151,0.6875059013715556
0.01798383981455784,0.9028230180502299
0.04016841981157182,0.07722079802451336
0.02441205627498977,0.5903315718738824
0.023960659852851562,0.6142158785637327
0.03115505104932026,0.28114396598862224
0.0381440235057664,0.10619074751291122
0.02339577272382931,0.6442904898998582
0.02015190319636656,0.811453680946735
0.025672831201957624,0.5249944528839985
0.016032528208405228,0.9592952752375641
0.021301303054429954,0.7546030687437947
0.03558831486304004,0.15508352704795736
0.02553753486973509,0.5318801480543326
0.0219590571985655,0.7205258796531288
0.03595158335612758,0.14719040266990224
0.024342390561566396,0.5940054079770312
0.025407907089773474,0.5385094437173021
0.024805583059881592,0.5696843723643673
0.03149608540154414,0.2693193376499978
0.0231679778477345,0.6564410673621657
0.025022177741655438,0.5584083056806526
0.030462073189994943,0.3063551007895303
0.022487745197387277,0.6926445710528638
0.02683238916428632,0.46551661399451866
0.018032726269663985,0.9010639556926237
0.020454838891661442,0.796891574102945
0.043810754381793604,0.0417680430980376
0.025233688648303554,0.5474662314169387
0.028640476184836672,0.3804360242978612
0.024239262659942917,0.5994528369108066
0.03275696182941146,0.22883193229687523
0.04337908944926927,0.04504852799737282
0.022322251353451783,0.7014063459151072
0.04914407406980226,0.015430059788440018
0.03546040669760875,0.1579424623589007
0.02193659552481264,0.7217024177978566
0.03919292085134951,0.0902179051859866
0.036456110019426724,0.13677000199332606
0.03609495321603012,0.1441659957354149
0.051551754189646304,0.009481877713674668
0.030861534604309293,0.2916271066298811
0.02320401725509469,0.6545187322122812
0.020463473016989697,0.7964715864845555
0.02245453033656175,0.6944051289288312
0.03157344983045984,0.2666895805300992
0.05046055374892133,0.011857394571127586
0.029739353078076403,0.3343740718511972
0.03461065331871799,0.1780247682684378
0.035267092044317994,0.16234346955876566
0.02730665806311877,0.44207218202727966
0.0221918094213287,0.7082922549872118
0.025887647746001663,0.5141355171077522
0.0318424529130974,0.2576958622133268
0.028383275442419142,0.39182949794099425
0.022359529104411746,0.6994350701271861
0.023174565500332478,0.6560896908893208
0.03145283117256492,0.27079808414558626
0.033996188470200084,0.19376984907719466
0.028023102218766582,0.4081784806084942
0.04014286230318942,0.07753993021872677
0.022451507005537163,0.6945653325026859
0.039596260366717484,0.0846369831870469
0.021918695381717535,0.7226394701905698
0.016014320673972793,0.959691578506918
0.02573395979656312,0.5218950171613597
0.02246503703946462,0.693848324728063
0.03727711692258173,0.12110227730301718
0.03870897057814693,0.097318235219346
0.033918798708857056,0.19582818282926687
0.03780568476250368,0.11181858970177883
0.025532923874951652,0.5321154283909717
0.017159467913805515,0.9300251313069833
0.027678875474894893,0.4242348017357859
0.026231403121138808,0.4963769645727935
0.040312324458530835,0.07544456209832587
0.02486839965940804,0.566407116252843
0.021563099255795415,0.7411414876085569
0.014928731656463579,0.9790593225879837
0.02339462562187672,0.6443516680123722
0.022001329557565286,0.7183096124555557
0.03581857333205274,0.1500419268619928
0.025373316879370056,0.5402835573614262
0.03556598834897179,0.15557953715944384
0.04014927574309146,0.0774597420177295
0.03611269846381221,0.14379518188485246
0.018326778241472885,0.8901552572063075
0.02144707642817767,0.747125883924214
0.019103611554323052,0.8587952872903756
0.014741024405883985,0.9815977569647295
0.0399036185705991,0.08058179608459812
0.03687137475128355,0.12865057683566974
0.026203291619619096,0.49785191822540725
0.019072429604260366,0.8601204641697048
0.02109815135233281,0.7649384717589484
0.02488719047906318,0.565427848398478
0.024372075380233227,0.5924393544593298
0.021421648192937237,0.7484336224168666
0.02494533653974851,0.5624008510622304
0.04439726326143517,0.037645134483458687
0.016771760846822248,0.9411472598564512
0.036921191267826226,0.12770357755115067
0.01778330949130874,0.9098717600947835
0.014350681476151594,0.9861781391579971
0.05061501163246018,0.01149136727806013
0.01819056641273417,0.8952776212640853
0.029851955285418286,0.32989112615308364
0.04877068043959154,0.016605770500284132
0.029899154257061022,0.3280249996254994
0.023012093623646535,0.6647538580074506
0.02070624219029571,0.7845583173028664
0.03481548307120108,0.17300768210931064
0.016099148895429405,0.9578245525891543
0.018870783639704625,0.8685611473357215
0.01686110925448958,0.9386813594290929
0.022845351565797478,0.6736385131104003
0.027198125775249826,0.4473663832788187
0.0339472161608545,0.19507038008658273
0.021401759579319724,0.749455472259323
0.033258973309466866,0.2140808904557603
0.029228065986910745,0.35528131258661355
0.02380202952234589,0.6226465737487794
0.021572691066975125,0.7406455022226051
0.027880968972641362,0.4147570752175969
0.041790948693713914,0.059114899527820015
0.02840185113043603,0.39099879039297025
0.030989633950386786,0.28701689515016954
0.042856905601866446,0.049313879586960443
0.02361558483829429,0.6325725320219759
0.01905058497967016,0.8610456846318996
0.02840278709001487,0.3909569664848992
0.018503068672304168,0.8833528163486423
0.04427920338632141,0.03844522444623393
0.02669854032459873,0.47227835820865577
0.022798307444054117,0.6761431867732857
0.03327748524790583,0.21355138461545248
0.024980276297677517,0.5605843354190497
0.03548494263473595,0.15739079203162565
0.028514806660179942,0.3859737027039489
0.017237207600658,0.9276638901451466
0.02999734446572888,0.324167299862171
0.016616225246290417,0.9452999785637918
0.02728683941538579,0.44303579633098167
0.02191022498950873,0.7230827122259114
0.023234245522294167,0.6529063040111406
0.03051499728990059,0.3043730336109967
0.03699051551240268,0.12639523886422602
0.023705536568905505,0.627781725304968
0.03800634340983866,0.10845187477253865
0.02512697113640816,0.5529780611253983
0.031202271412894222,0.27948400384589756
0.023913140113403064,0.6167397604144258
0.040166249645692154,0.07724785326195113
0.022621941727812067,0.6855222818809965
0.013900631727008617,0.9903791327706425
0.03881744957597899,0.09568738676030417
0.03760674099504646,0.11524134547520838
0.037684502573637535,0.11389333706854693
0.01678074720863343,0.9409018955902765
0.02317859338073902,0.6558748473194265
0.038580243964097205,0.099283507160312
0.0383023313019486,0.10363932597499267
0.03761020307146479,0.11518105126573396
0.03137160422354396,0.2735914528355543
0.021382883481937398,0.7504244831805328
0.014933351509216819,0.978993988770773
0.02198651620107006,0.7190865516125827
0.022359723559573927,0.6994247834547564
0.019077222502689062,0.8599171163951983
0.026211750392913957,0.49740780860186307
0.028532639848436014,0.38518447809984324
0.02894668343355722,0.3671760304590607
0.028937954531088605,0.36754945967571434
0.023215118829364334,0.6539265593970838
0.0219733966363988,0.7197743843788533
0.02873193767729465,0.37644079069007563
0.02130694257253063,0.7543147090932064
0.01980674795260562,0.827599812774235
0.037785725456835756,0.11215814638995042
0.02289881903943891,0.670790663454752
0.0366802994723901,0.1323362494447521
0.023610750781578038,0.6328300815462373
0.02746598571226022,0.4343763662387293
0.03477286868370755,0.1740421032254389
0.030170762177695487,0.3174346126446423
0.013404597158455211,0.9938343188107275
0.02440486359024374,0.5907106434952223
0.026855575214545957,0.4643517991383391
0.017850590738850425,0.9075369385645367
0.016527827226594738,0.9475807789052719
0.01812765178534892,0.897603454915726
0.01938585888560762,0.8465670660809856
0.02005016341946253,0.8162646481131802
0.031472788104654814,0.27011505525175433
0.017939150283308947,0.9044172088443755
0.01437869721701901,0.9858795725718723
0.03924067051888014,0.08954150150146195
0.03000991902311534,0.3236756560288306
0.034325692410065,0.18519571904684595
0.020469778969322505,0.7961646814001803
0.020465795716261392,0.7963585590780019
0.023664251544741638,0.6299801483973486
0.018802980469235564,0.8713480147664492
0.023298804588660932,0.6494625735246842
0.012103914970503837,0.9985578258443175
0.047106276229423205,0.02288024251932349
0.024252014630873564,0.5987786978072916
0.03187087464601812,0.2567591745100536
0.019608410204585536,0.8366421244821887
0.03091921131170411,0.28954462001830444
0.031430320317713645,0.27157007465815025
0.01696900041860372,0.9356258612216865
0.028125247786342872,0.4034950868663546
0.03301255147062576,0.22122683082086034
0.017170763847902615,0.9296847309034504
0.0358571244789766,0.14921090118667465
0.023645516354520835,0.630978028443181
0.018311652678183632,0.8907298761520475
0.025565945456539896,0.5304313497492672
0.03305601848310169,0.21995312096354058
0.036669972311534904,0.13253787986247503
0.019812317870562146,0.8273433044995597
0.014693084328243566,0.9822102737730976
0.025907894908688944,0.5131168640769324
0.02376828655197183,0.6244417768973888
0.017965599578056712,0.9034752976253182
0.02241803554249322,0.6963383977625474
0.020985878706888395,0.7706042580427013
0.017513399082870695,0.9189264340180702
0.03822567113989905,0.10486841306325148
0.0241200711493314,0.6057610139079806
0.026386336418464162,0.48829827093093475
0.02231100435637917,0.7020008105071656
0.024274586551850552,0.5975857977508935
0.02326474760016095,0.6512792478318878
0.04134915130776917,0.06364242369522698
0.026093858009556214,0.5038013235445064
0.026555856355851393,0.4795567494922557
0.026606078646390086,0.47698661039057627
0.03016548737850233,0.31763788615098765
0.026552600703022955,0.4797236683915676
0.023818920589331993,0.6217481582878197
0.020429646057304462,0.798115511469786
0.024164377478903654,0.6034146659922094
0.03672188124593412,0.1315269256747241
0.025564066764460436,0.5305271068467906
0.03690780874138444,0.1279574140197727
0.040951751698212635,0.06796501226263311
0.04098144432184814,0.06763360998585974
0.06993123520899497,0.00010699016196886203
0.03705881437290559,0.12511700491580396
0.037011811737063055,0.12599553130032964
0.041801081534910134,0.05901438598869091
0.03826891642565872,0.10417358492267391
0.036907540194809296,0.12796251196605152
0.03188274803262403,0.2563686297686712
0.025725014292789616,0.5223481260455998
0.032599912336559345,0.2336037538949722
0.02093849131519393,0.7729851604568068
0.025711520097007834,0.5230319352570814
0.03707159872223931,0.12487892285667462
0.014933812665487267,0.9789874594892662
0.013636104521242753,0.992362801212661
0.038521759308871084,0.1001872596927166
0.022490558004095995,0.6924954338313594
0.03137270614418175,0.27355341436878305
0.025939528103836262,0.5115270774198286
0.03010208153965499,0.32008875975126727
0.014865850418955329,0.9799348318412905
0.025375232578340123,0.5401852466388604
0.017468721483150706,0.9203763987363147
0.023164735994224195,0.6566139819607222
0.029297194934101656,0.3524014208874233
0.022249032743839353,0.7052738730166048
0.029748388878660936,0.3340127249809772
0.02521221630378534,0.5485737434355789
0.02769007194174769,0.4237059034903411
0.04228612543295507,0.054371459948456366
0.028888942446709698,0.3696512046770452
0.040986830774509486,0.06757363906423276
0.02187439729719043,0.7249562642296472
0.02737539428021496,0.4387409830219535
0.025263407603384302,0.5459346480207314
0.03604526785048956,0.1452083671271054
0.019473367364591265,0.8426933253706111
0.028693235635951164,0.3781277778066459
0.01948043460003218,0.8423788315377732
0.037504922590251205,0.11702624695473497
0.028868170557023287,0.3705444954934272
0.017692839182266717,0.9129627252193329
0.03622671529481869,0.1414310175290237
0.020947504462131783,0.7725328006093543
0.024112798939341706,0.6061462880812452
0.03240963975114919,0.23948684215406346
0.021018700287809722,0.7689514965234392
0.015770801728929473,0.964760181755675
0.026022322440849843,0.5073760627158741
0.023544511220806363,0.6363599922055607
0.024972747216834124,0.5609756176820699
0.01830806538081975,0.8908659457382879
0.020717174653827608,0.7840172642680414
0.019700699482808448,0.8324570352869674
0.017484640702929988,0.9198613637475248
0.03712869047705192,0.1238202344217864
0.01574200157578587,0.9653312647358078
0.01693007199563462,0.9367381207881524
0.02065882343478792,0.7869006610871527
0.05274787825966498,0.007380384197846846
0.019846068874433076,0.825786054223809
0.032990456216517416,0.22187646728473662
0.028240852820759166,0.39823929841920425
0.038027593357962464,0.10810030501059059
0.037343312290012365,0.11990602343652348
0.016224764760593757,0.9549629233672365
0.03503333554647961,0.16779573775756199
0.02335918042478735,0.6462421420608948
0.028549459752075013,0.3844411277175869
0.023028900111104145,0.6638578563398216
0.02162180564398697,0.7381029563565558
0.02848638213597826,0.387233981935511
0.018338399004254047,0.8897128074751661
0.025161983821105294,0.5511676435775037
0.024615675400314507,0.5796244968602553
0.023357884136534057,0.6463112825318247
0.01702893152673257,0.9338919440802202
0.012707045137328121,0.997002029962663
0.03590440321322469,0.14819681627470627
0.023630215894106854,0.6317930684423088
0.02093655989916776,0.7730820658331231
0.025403763194609602,0.5387218696034741
0.0329630411630607,0.22268456179303434
0.023974032617307683,0.6135058948319956
0.040365098757856654,0.07480189481533195
0.04609359537262264,0.02765631622567129
0.02975295011070167,0.3338304255758025
0.031236130230742676,0.27829825418975646
0.033792211879566464,0.19923194552343773
0.02422532527576471,0.6001898160309445
0.023012728455654274,0.6647200146161
0.019157266888515045,0.8565028080230421
0.03173673511855091,0.2612026530580218
0.03438940640801669,0.18357289019640366
0.019825170948795212,0.8267508642594268
0.026231625121325042,0.4963653278306858
0.023309941487012042,0.6488685157755597
0.029903707080303987,0.3278453972007878
0.026135660337660016,0.5017175427009343
0.028302181587465447,0.39547034872776626
0.022030233231248864,0.716792742539962
0.033771189349488306,0.19980167457164977
0.03175882644811712,0.2604668969652083
0.034789865007257725,0.17362894668921472
0.020522285096941123,0.7936038556869436
0.038050458963859946,0.1077230601531486
0.020152180904292827,0.8114404921624612
0.032558431682824074,0.23487676448750522
0.016967831736711347,0.935659413523051
0.01871457638443974,0.8749418476948778
0.02488335279355286,0.5656278050875216
0.02022347534177593,0.8080445808299459
0.022808307040538378,0.675610887104558
0.028346921257251356,0.39345880020656865
0.015817852014936074,0.9638143617138257
0.01916948958703546,0.8559784350230472
0.023298605045574627,0.6494732174849448
0.030825760722577034,0.2929243240558691
0.026624619108611136,0.47604006769991886
0.04228230033536767,0.0544068068951749
0.015526099906123525,0.9694235838645768
0.018341771304868637,0.889584251458188
0.030617066033650275,0.300577065654675
0.03603360604229289,0.14545390702685107
0.03329021897918816,0.21318774622189493
0.030275244542273982,0.3134277088827029
0.018638817200396174,0.8779852377785371
0.028034849902940806,0.4076379589697762
0.027932721097104096,0.41235341904637995
0.051629159244618084,0.009330996496322942
0.01833517923552383,0.8898354821648873
0.048123763196132374,0.018833758484451842
0.02876460828074423,0.37502081774351437
0.02866823223429138,0.37922046208410704
0.01836741368880701,0.8886044024477686
0.01937698673545929,0.8469576814474203
0.030019520739486993,0.323300609530206
0.022798907843964433,0.6761112276111432
0.027045832507170964,0.4548661528723486
0.03498268794345183,0.16899612235140918
0.026904583983841046,0.46189602046780864
0.04223020610890327,0.05489017233267079
0.0301350585824679,0.3188123629175705
0.01987962954508271,0.8242326286871018
0.026737246895574884,0.47031642338679597
0.024727438607180352,0.5737688766032047
0.01748379083997592,0.9198889043745511
0.023222365390737743,0.6535400150858522
0.024095590512306808,0.6070581447296353
0.028700581956163596,0.3778071522460928
0.02288553667533577,0.671498234482351
0.022003646361415496,0.718188070510924
0.02312417080252649,0.6587775575174672
0.017639801995084192,0.9147486517090202
0.032863843315428826,0.22562754298849297
0.019476065648806107,0.8425732798492133
0.06250763500226408,0.0007708326831578743
0.02548060849534367,0.534787633029677
0.02782927154175885,0.4171677142861436
0.02317512314087511,0.6560599469198543
0.021407904217043083,0.7491398630001018
0.01873871715448447,0.8739649786806705
0.030225550526186584,0.31532884888470547
0.029918506456690475,0.32726207421641285
0.030976080160974417,0.28750211284875965
0.029784485018357842,0.3325720265390319
0.024983205288540394,0.5604321403615175
0.025407275461223122,0.5385418205109014
0.02388979227579241,0.6179803536558852
0.02608950875553606,0.5040183461452372
0.02697993187358741,0.458137133114159
0.04081842371682817,0.06947020363370991
0.022000659894106933,0.7183447422467195
0.018397428524218384,0.8874522552912691
0.01817151412453133,0.8959846462233069
0.02516641948986842,0.5509384282531404
0.013966567404661179,0.9898309999260612
0.04572574784081579,0.029597775691609148
0.02824635598046854,0.3979902896937422
0.025590752950918116,0.5291675351488443
0.035619612223641406,0.15439036085428592
0.031451180372479404,0.2708546409558954
0.0215873107190791,0.7398891762002744
0.03044847021288649,0.30686607337559263
0.020193024647365387,0.8094974465867517
0.032770785550448434,0.22841552610753807
0.01564980314955544,0.9671194737756114
0.039757595550303115,0.08248745674834906
0.04042989543446329,0.07401917553790513
0.03226762689518431,0.24395107690718543
0.024957337623732867,0.5617767104137406
0.03099328595686235,0.2868862594807221
0.04043175595272602,0.07399680416585747
0.02159950332610222,0.7392580847449067
0.030145977271211377,0.3183905654193404
0.03627043017326634,0.14053298226039965
0.026163466574408545,0.5003335696349756
0.021956980970562756,0.7206346641672476
0.025313441439271278,0.5433595182583189
0.0280227152293947,0.40819629469340063
0.04825488441655862,0.018361723441014735
0.017021520818708558,0.9341077643747258
0.026870458945430664,0.46360508475267503
0.03553502027683164,0.1562696405542969
0.02486789131208711,0.5664336153535856
0.03063548270386862,0.2998958706258189
0.016064755119514718,0.9585878874793698
0.02590824288744098,0.5130993643901176
0.032300726619444164,0.24290494517049266
0.017151938039417614,0.9302515316609671
0.021129609685001438,0.7633448766502702
0.028919020288328434,0.36836040094888994
0.02647594785481988,0.4836645991575611
0.026650593089211194,0.4747160825654662
0.03446677020245226,0.1816175286049423
0.035909472195221115,0.14808842251953597
0.02760128936626738,0.42791209444986705
0.027585347292792106,0.42867034866051423
0.023696295637000042,0.6282737401242262
0.05869045256187966,0.0019519903750238841
0.017167878477944182,0.9297717682677529
0.03860289664094496,0.09893528961405403
0.016473139775051493,0.9489629523483201
0.026867277611864693,0.4637646253373133
0.05138134832491836,0.009821861073900179
0.03510175037444463,0.16618507223961734
0.027180584841129507,0.4482259772580941
0.049353458597596433,0.014803957815286114
0.022216009069771975,0.7070162583558881
0.027663024734104646,0.4249843227984808
0.031710183282226134,0.26208904011376566
0.025310490409082176,0.543511281902275
0.023537774423525323,0.6367190728844692
0.023944215890276288,0.6150890851125052
0.022643598730692216,0.684371612063733
0.016877591147446358,0.9382200925180205
0.018325736424218808,0.8901948819565293
0.028287606310926583,0.39612720324487677
0.020908660814248914,0.7744806544907881
0.017646951467789523,0.9145090382598856
0.022399669642082037,0.697310839719125
0.04710006740089523,0.0229071395035264
0.018152798259519043,0.8966769072063387
0.031191650746767885,0.2798567191201969
0.03219160283415923,0.24636684888700552
0.01866106254949773,0.8770951169400949
0.027955786178794906,0.4112852203437128
0.015343885327150308,0.9726214325296342
0.0237050367643048,0.6278083354250845
0.017898722913693765,0.9058478873493404
0.015426497081413415,0.9712003280304204
0.029289036151009418,0.3527404459880521
0.020170008628416725,0.8105931873430039
0.018243226772815313,0.8933112893638614
0.038699780574023235,0.09745745501038991
0.02022608609269494,0.8079198491949832
0.041716213094127985,0.05986079134244033
0.032113100201565326,0.24888044358025121
0.0360588559894518,0.1449226914501514
0.034283743021657376,0.1862703627643411
0.03439596939760947,0.18340636797733825
0.02185943968123716,0.7257378392647984
0.033464440587510025,0.2082606451345605
0.018507156651508816,0.8831928028568152
0.025231308701893607,0.5475889475884983
0.031831156326975585,0.2580688773508226
0.014703599838635673,0.9820771488017755
0.025506255148042833,0.5334770013917489
0.026156990409720415,0.5006557492037381
0.02908167029038755,0.3614352157740354
0.023823267899086953,0.6215169555252271
0.030746764006194305,0.2958039765405648
0.03070696569182174,0.2972626294452356
0.06508009191348973,0.0003987269713857727
0.026677460503958084,0.4733490853019947
0.020646674318304803,0.7874996193130753
0.032290925305170304,0.24321436295475557
0.02028419967531747,0.8051366410887566
0.02608262232638603,0.5043620548666458
0.0212146928857323,0.7590220058188486
0.0501021831436681,0.012747481242835522
0.016482550301692045,0.9487266812610391
0.024480461489814642,0.5867292685668044
0.026159780939113697,0.500516913150303
0.022127031853537815,0.7117042907113498
0.021528251837231283,0.7429418494258129
0.02590746804895344,0.5131383309949605
0.01848676583532527,0.8839899344533053
0.019078677803391897,0.8598553478912687
0.017871080471514755,0.9068198187214241
0.04342077739860151,0.04472224357319725
0.021203871658169948,0.7595728227862574
0.02100853032106964,0.7694639343357476
0.033040816477941326,0.22039793751005265
0.02706979965403472,0.4536803869059038
0.03094524041633695,0.28860842532657344
0.01709044738391069,0.9320850518822913
0.03510408027638512,0.16613043842989297
0.044422610439608046,0.037475267086189264
0.02182772084163237,0.7273940183511836
0.029769563678890498,0.33316703490167865
0.04425986603474119,0.038577679107062536
0.04694056491930887,0.02360780681657423
0.029480225463048015,0.3448567851743144
0.042483522386955186,0.052574001293826604
0.033805780993024004,0.19886488668006527
0.020145249908019802,0.8117695645737755
0.035089636656236434,0.16646935784719363
0.03173167815949951,0.2613712963482166
0.021203898257750542,0.7595714691855042
0.044512309394744654,0.03687950719545599
0.03577471142844002,0.1509919704446614
0.016434579597623622,0.9499242659404157
0.022907831770781262,0.6703105031021749
0.020553007483596425,0.7921010479191535
0.02559025198612558,0.5291930451983067
0.02513341667935942,0.5526446297194374
0.03217872210091971,0.24677795002721542
0.0265472545857256,0.47999784828382536
0.022716905803274956,0.6804744142333291
0.020841922728000548,0.7778170167850144
0.02364457015777305,0.6310284287744337
0.024705246325861907,0.5749303213600381
0.022480404037079516,0.6930337731201834
0.019418715296230515,0.8451170631679188
0.021512959935663212,0.7437311038313001
0.028664835573312675,0.3793690711587126
0.03582253521894191,0.1499563508759385
0.027082632281289265,0.45304634019598317
0.018467795101792348,0.8847292669530116
0.02004814078070044,0.8163598666473887
0.016868701871331715,0.9384691171927645
0.018922750812854217,0.8664075076465216
0.04474524287711196,0.03537094487320571
0.025915503901052184,0.512734268931917
0.02197240108539167,0.7198265687264298
0.021582485904061643,0.7401388280109996
0.02972846221583575,0.3348099778237109
0.019784859290020385,0.8286065015443812
0.019083212282185347,0.8596628138625996
0.03198855326740313,0.2529082590866077
0.022675152819952582,0.6826945313615734
0.027512279672505136,0.4321572724485007
0.023456861945355734,0.641032741754833
0.01594088629185486,0.9612653942099493
0.04859633788229506,0.0171817097287328
0.037759748602075593,0.11260135191399227
0.016117171694382426,0.9574210945204817
0.01901983989863759,0.8623434732765098
0.03443800418285492,0.18234265284465576
0.021619347220137253,0.7382303358286548
0.027642708730944432,0.42594629929217664
0.025890486566549686,0.5139926422702299
0.03237202126095173,0.24066327193750633
0.033727106683489216,0.20100049391612831
0.02710308025955671,0.4520372416621238
0.023791659749216265,0.6231982058243111
0.01959026163108879,0.8374604265611685
0.036550270952041775,0.13489329543768538
0.02601782601044389,0.5076011238023294
0.01661159312849364,0.9454209237434832
0.014948684280712332,0.9787761569725485
0.03637863243501427,0.13833007490692048
0.018080412293300208,0.8993329300515178
0.03142260650457929,0.2718349923551548
0.03408526495967701,0.19142176729091143
0.014680307230921508,0.9823711047438759
0.031198859653912947,0.2796036936852221
0.02143866039134379,0.7475588655741455
0.027824844735228726,0.41737457776435566
0.037392679593722056,0.11902021767373343
0.023543934725832216,0.6363907196784099
0.023666470066394996,0.6298619940946953
0.018153740255034467,0.8966421188402259
0.020183621376083427,0.8099453660869375
0.01744768015919762,0.9210544144994222
0.015434104345916522,0.9710670785362641
0.029761595452737266,0.33348509271422977
0.025989716147059583,0.5090090923385082
0.04641219827422416,0.026066555209763892
0.02258499167317518,0.6874847305713558
0.03661951642718997,0.13352660035572733
0.02567486996946916,0.5248909620924707
0.019445250951601906,0.8439420866870267
0.034589602135894904,0.17854686836141298
0.03567939866860059,0.15307315623715778
0.021335966074095936,0.7528294976798263
0.0315056962267628,0.2689915935735026
0.016214682847254358,0.9551968757074794
0.02128581783932526,0.755394469987308
0.031917719204536066,0.255220953255367
0.020535738279314986,0.7929461813240379
0.013268084699784355,0.9945955486303906
0.024197356490774702,0.6016692803405237
0.022421701021033025,0.6961442789534527
0.025544351325644588,0.531532404770397
0.03275558348835894,0.22887348348286976
0.03333295761508642,0.21197076927444228
0.014886265570543622,0.9796533889534033
0.016265404490032442,0.9540122901704484
0.026422642510036565,0.48641749649215404
0.025580990337373932,0.5296647512070594
0.02733512374123248,0.4406905888315999
0.03700364204649609,0.12614874517187286
0.03503304014363462,0.16780271923714168
0.03715868266229383,0.12326702626093412
0.02606101708911379,0.5054410617259696
0.026314063695308088,0.49205618097357107
0.022358273041457988,0.6995015149000698
0.04510483377179009,0.03314819776216314
0.030740247542534793,0.29604244982940675
0.025262008976307815,0.5460066936138126
0.03243535552137794,0.2386851744671622
0.022993634194849455,0.6657378974010024
0.02458482678431273,0.5812435110308096
0.026280069189726474,0.4938301843570687
0.029612538247214215,0.33947519948726523
0.019144888073296396,0.8570330698559823
0.016527061517532637,0.9476002837043911
0.019555582362392077,0.8390197344948919
0.018678797026659533,0.8763833935469196
0.024446013335086114,0.5885427079040293
0.030052257402472415,0.32202427373909426
0.02173204715694954,0.7323791904816637
0.030527020648279946,0.30392406069815603
0.021955808847204952,0.7206960750085085
0.03503291096410488,0.16780577230783902
0.0271621152250745,0.44913226863796224
0.031124401352670916,0.28222533503466246
0.015082701813741328,0.9768064367095872
0.033608248599190316,0.20426085811951397
0.02521301317909086,0.5485326280417547
0.027034934204400174,0.4554060206812862
0.017417172771464595,0.9220319142123645
0.017912108726216666,0.9053753891043541
0.021889000796131097,0.7241928443423804
0.016872530645934525,0.9383619285518233
0.04274474562879088,0.05027429986878017
0.03061349444431638,0.3007093031940466
0.04786638852670422,0.019791912692184808
0.03907493943139018,0.09190757520896434
0.02726771576380066,0.4439669482426149
0.02696233934293324,0.4590129603388306
0.024017124117564514,0.6112189485474622
0.03394214182781741,0.1952055272632241
0.031199986264297097,0.2795641662052171
0.016628080907359184,0.9449897058454089
0.02195384787564003,0.7207988111871027
0.03175072611229368,0.26073649846607394
0.023960100294387998,0.6142455891943737
0.01556505197591751,0.968709757388373
0.018264337155900257,0.892518055811466
0.03711684196677156,0.12403934144317118
0.03476377093691052,0.17426357751550606
0.03561727747961976,0.1544419839928447
0.01904393006232173,0.8613270350287253
0.023535429028472055,0.6368440887506742
0.017509543529188487,0.9190521138839896
0.038159567603626654,0.10593794058248523
0.02152419728988819,0.7431511622995053
0.018572926175022375,0.8806044717167054
0.019537060469095452,0.8398501929022828
0.03258857499117501,0.2339511619762512
0.036826531682788405,0.12950793533340554
0.017688099060202245,0.9131231281807886
0.021075976430359078,0.7660602232479816
0.02877555420663286,0.3745459124025003
0.0404818762585788,0.07339629878077472
0.02498055554281492,0.5605698248377331
0.04138801884250354,0.06323255565972441
0.03800921147709391,0.10840436881969794
0.022187792109135795,0.7085040110319316
0.01803182937283823,0.9010963703799141
0.0332423972927397,0.21455588635860157
0.02439256710710913,0.5913588250252693
0.020876715483630237,0.7760793022647775
0.04326760332737506,0.04593128170547133
0.031253989418684375,0.2776743325317393
0.020422103128522773,0.7984815274302974
0.03469039510498084,0.17605802868063758
0.025349665114585695,0.541497862310979
0.02311390935250257,0.6593248259480051
0.017714609275979232,0.9122240560672032
0.03380272708778981,0.19894745181732218
0.027909459087148036,0.41343265614654007
0.027746313406960932,0.4210559330753685
0.037668330960835106,0.11417259740221772
0.03348509004019967,0.2076825915433972
0.01768957297462377,0.9130732683252905
0.0215630514095686,0.7411439612364814
0.021975469769097478,0.7196657111046556
0.030925440926719228,0.2893203534304601
0.04729919199682531,0.02205837325065178
0.030192517383699102,0.3165972391987961
0.016432590252224655,0.9499735633006409
0.043869342697757885,0.04133922642569943
0.03467824327674873,0.17635662042973532
0.03440530554214272,0.18316968851170354
0.024203592348297276,0.6013393611635378
0.031099575858220874,0.28310348462020823
0.01790001955524645,0.9058021704366335
0.019452716664855263,0.8436108838905586
0.026984208995045833,0.45792436765693917
0.02942910912104546,0.34695211067646264
0.030155829895612718,0.3180102995296548
0.021742448655229674,0.7318379870123735
0.02535423684502769,0.5412630684983142
0.0356970427383988,0.15268615928719664
0.025900975252983516,0.5134649025445799
0.02015919012086853,0.811107512362543
0.041485678921457436,0.06221265366245124
0.029200130735855534,0.3564498182514717
0.02386420659378896,0.619340242712422
0.02522280260505988,0.5480276213552706
0.019977202517271836,0.8196886696620418
0.027528444349829595,0.431384222689935
0.014750821016802473,0.9814708168006274
0.03774506611971007,0.11285249717944121
0.028836898205530703,0.3718922179305409
0.036190868599761394,0.14217088502753422
0.01909483167619308,0.859168947140553
0.032968207809213224,0.22253209462946602
0.026428994736002354,0.48608891215997824
0.028736867897849905,0.37622626596878905
0.03664372538296401,0.13305146016080255
0.016733392758597865,0.9421881946536103
0.01892128051920261,0.8664686489824082
0.02729554748207419,0.4426122235071393
0.03549312858460829,0.15720708236410502
0.023062142018113407,0.6620854383737196
0.020870621019923652,0.7763839482785932
0.029436882872160508,0.34663286935466114
0.024386850010901684,0.5916602433993534
0.02605978908435233,0.5055024209598604
0.0400211252309397,0.07907539570989937
0.03151928077184385,0.26852885024035983
0.02706845766581445,0.4537467270957531
0.02239568496335731,0.697521778821514
0.028783527575552498,0.3742002415220726
0.02526040397698126,0.546089373868558
0.024758359720664425,0.5721516889528712
0.016781453879466057,0.94088257546408
0.03769933364798739,0.11363772172585403
0.03047004239130957,0.3060560413519763
0.053954176462990555,0.0056991745671144305
0.02189180695560433,0.7240461090414416
0.02032095349299845,0.8033698021935805
0.02333085636183818,0.6477529064028261
0.02203265401579868,0.7166656452240912
0.03507158656244652,0.16689367919153003
0.02823908417627463,0.39831934943119174
0.024881132291307284,0.5657435105860673
0.03175767122745354,0.26050533302766443
0.027311606954640355,0.44183177782376293
0.030245776288361836,0.31455406120753077
0.03251424713116502,0.2362385963248981
0.02511814367263432,0.5534348187533311
0.02562242410112414,0.5275557529860846
0.025966668352777722,0.5101647636556866
0.04599854862922137,0.02814687580485846
0.03133172548491692,0.27497073852809784
0.034486743584512425,0.18111539002525137
0.031271698152653016,0.2770566988419188
0.030935418753008204,0.2889614192723514
0.02696340554358434,0.4589598491212406
0.029295112348471375,0.35248793732681655
0.022263703537725887,0.7044994138418703
0.025576977005443313,0.5298692051244727
0.02253970515631376,0.6898885460857008
0.03814902489585384,0.10610935108800061
0.03025229767715204,0.3143045428894627
0.02853868378253538,0.3849172532033672
0.020556553881985296,0.7919273657831385
0.0238636690326689,0.6193688185359403
0.020946630039313158,0.7725766970890379
0.013974447489258357,0.9897640036124048
0.019114220437297214,0.8583432341679725
0.01852269986979399,0.8825834739233198
0.024235060558331245,0.5996750161922759
0.04002772366740226,0.07899151611912011
0.03432888451540905,0.18511414575735385
0.02685469916747152,0.464395774906239
0.05281530076169577,0.007275637768252841
0.03499217688819267,0.1687707076808288
0.036934089785227386,0.1274593116665341
0.03623970661665543,0.14116365186079433
0.019260084379188802,0.8520672677916594
0.01536504048792578,0.9722620283523044
0.024884591555057123,0.5655632590173583
0.04571679733109346,0.02964647599043945
0.021235048581709548,0.7579850821765224
0.02043404130455062,0.7979021409888607
0.020526879681653898,0.7933793140417957
0.03031898283266915,0.3117613520981608
0.0184143605977366,0.8867998295438971
0.020316572408622557,0.8035806764530147
0.039198778692270064,0.09013469535676374
0.018275237060938393,0.8921073768142496
0.0179485243931235,0.904083911217709
0.017707616900410228,0.9124616651270935
0.02571138537248807,0.5230387641419576
0.02026124691175285,0.8062374475720047
0.022297283017307767,0.7027258741368221
0.027128785239327435,0.4507708301613891
0.022087141830463952,0.7138027399607076
0.030914801481352283,0.2897034520905588
0.015622369001522474,0.9676398410802901
0.024584102774710737,0.5812815228214157
0.03408932542100862,0.191315268180938
0.031075445651985834,0.2839589868236213
0.03680241474164986,0.1299709565086881
0.036478315155213825,0.13632553205661116
0.02717076822190212,0.448707520387273
0.027146919314149254,0.44987883479712654
0.019328125959446663,0.8491017695680778
0.02106622173934647,0.7665532629502739
0.025519545260001164,0.5327983090376062
0.0323417162916676,0.2416141942763165
0.022550410272971055,0.689320460092627
0.03470398106927264,0.17572467315409432
0.017205310079347752,0.9286379893889739
0.021628916803950626,0.7377344364743534
0.024460996930563528,0.587753770684057
0.03358940919963738,0.2047814064327146
0.034808907806597345,0.17316697013560925
0.017135485555474617,0.9307447850876482
0.02028294038036882,0.8051970881971622
0.015574474722584442,0.9685354667559601
0.015914164003222875,0.9618283509820275
0.026855749164706122,0.4643430675225557
0.021267409947190452,0.7563344941151513
0.025666685706234954,0.5253064561184373
0.026750872058460384,0.4696270705076607
0.02024329643379763,0.8070969481321469
0.053059313865582214,0.006907762741725296
0.024291530052075516,0.5966906734498547
0.03604868019819474,0.14513658345581407
0.01910910887563627,0.8585611174613705
0.02760270760214667,0.4278446826919056
0.03384926194602844,0.19769224824284193
0.02396363746662966,0.614057781115473
0.03948061725017826,0.08620658541256535
0.01891292001512468,0.8668160852259515
0.028377819667976145,0.3920737132278044
0.022049442994150292,0.7157839544695817
0.01785542029606696,0.9073681637541352
0.030806039206521474,0.2936412796511443
0.03003826805681231,0.3225692414868874
0.020048267347685056,0.8163539088233052
0.0139287594089601,0.9901480104251041
0.023568522739059405,0.635080254317754
0.022512049020687833,0.6913557421445551
0.024524943561498036,0.5843896015752872
0.016198112972718504,0.955579758641699
0.020009949282665418,0.8181546168329935
0.028901196666581225,0.36912492574074146
0.028624675682917877,0.3811292138351129
0.022767954144931768,0.6777586471999866
0.026738003534356514,0.4702781245697874
0.02000135275828052,0.8185577630180887
0.01893127997449634,0.8660525882581589
0.033174246001418384,0.216517399311498
0.024198013372866756,0.6016345251816047
0.029168466504043367,0.3577775997027314
0.024778174925448537,0.57111601859466
0.024191052399779256,0.60200284480604
0.024900854353763324,0.5647160854020935
0.018235726333383717,0.893592438458895
0.018328724511015693,0.8900812139883005
0.02094658476515676,0.7725789698157894
0.017151900145486954,0.9302526699823072
0.044569984274786756,0.03650083401828571
0.043577960403885285,0.04351038475322813
0.021609938216010205,0.738717740222
0.02669597698294035,0.4724084758399612
0.01898637628027877,0.8637501193859226
0.023569695038420546,0.6350177790063416
0.03081612064673278,0.29327461727130116
0.024429177693694126,0.5894294560004915
0.028567543147856117,0.38364305315592606
0.040050550690527764,0.07870191787897261
0.022060808008588145,0.7151868857897111
0.022474921841429407,0.6933243891145974
0.019821778898158393,0.8269072859249156
0.03103700435358514,0.28532583731922223
0.03363219989521615,0.20360055602214683
0.020520161283083538,0.7937076238839582
0.04023426725890633,0.07640368915180934
0.025984028741259935,0.50929416786423
0.03084290335529183,0.2923021735822855
0.02153379447541212,0.7426556600960779
0.03688176448163494,0.12845259825738747
0.016837419185850022,0.9393408738469772
0.014935383329021779,0.9789652108609885
0.018409065837933003,0.8870040381370108
0.02086604744955256,0.7766124967045764
0.020885655074527776,0.7756322377031464
0.02928298780647376,0.35299192498955545
0.04076340672112999,0.07009953014262812
0.024179839660333324,0.6025962245244718
0.05174983398169819,0.009100110646930917
0.027236296590330333,0.44549961769319485
0.028999301410007006,0.36493065756144527
0.03553827645832902,0.1561969631176526
0.016509036144853106,0.9480581927187473
0.028057880492706078,0.40657972492771155
0.02186243506557317,0.7255813516240666
0.027631500949924004,0.4264776253704485
0.02226640804275737,0.704356618652626
0.020842610161948216,0.7777827180536436
0.020926784080590233,0.7735723858712924
0.016795386031521753,0.9405009272303311
0.04588819636361424,0.028726051652357882
0.048503891431428636,0.017494301154960406
0.01899441887165887,0.8634126117258007
0.05462889765057577,0.004919387209878846
0.027592470406196445,0.4283314393532444
0.02625544491784282,0.4951177647365309
0.03886658523863884,0.09495623967297727
0.0171364065087376,0.9307172260596899
0.014386287438241996,0.9857979019273935
0.038805006311431633,0.09587328913955072
0.02941868725862612,0.3473804303370125
0.0503280837343541,0.012179660645204893
0.028526691962538875,0.3854475824324089
0.02591991737136079,0.5125124061991295
0.028719015005556403,0.3770034910824751
0.021759509363376117,0.7309498789089943
0.01867763572163439,0.876430056110802
0.021695888336441954,0.7342590582015665
0.01659453363292751,0.9458649862412026
0.02601498255393453,0.5077434704333974
0.02428564846946718,0.5970013657540567
0.02336605992502716,0.6458752113315906
0.025371567569663522,0.5403733349065398
0.03718954482715109,0.12269988973308185
0.026535234987731915,0.4806146545239486
0.021011151801894112,0.7693318721658332
0.028677295828802407,0.3788241152807319
0.025590707091805387,0.5291698703594606
0.01893368331961054,0.865952505598832
0.04368470103958799,0.04270379432872034
0.028547620482878955,0.3845223649449329
0.026580727843143137,0.47828282177858233
0.0297263470990885,0.3348946826506915
0.03158075065932722,0.26644241225087484
0.025670866057439345,0.5250942141299245
0.03767273331648924,0.11409651917971715
0.024078827982340956,0.6079466027676088
0.01337901420224813,0.9939827759400691
0.04613168659976896,0.027461846993719456
0.029176600496812033,0.357436181246192
0.022736341379802738,0.6794406166200424
0.026460326322462535,0.48447030938517077
0.02459463315740515,0.5807287216070459
0.018497778271361426,0.8835597442114551
0.02090814121477505,0.7745066807848848
0.015055564931268361,0.9772148704333957
0.025594150866084853,0.5289945196427006
0.023110258527093253,0.6595195296791581
0.013287336724067567,0.9944927465862142
0.05859974519957023,0.0019941467358568048
0.017361016944444252,0.9238140224092347
0.02459051859858885,0.5809447027812116
0.041024335587804495,0.06715732834390464
0.01867709990714772,0.8764515830663848
0.020832509958405798,0.7782865134079656
0.044488340911486235,0.037037883811504434
0.037588513143829716,0.11555922422347786
0.012598335909864922,0.9973512146888063
0.03253992488525348,0.23544643674319143
0.02559614604063354,0.5288929393053708
0.03292225696549844,0.22389093146391312
0.030332661079420342,0.3112415647869613
0.0291675996013413,0.3578140009519741
0.05099861755578694,0.010626047630240994
0.01977474849743044,0.8290707876518422
0.022188800357541227,0.7084508672226082
0.025836238825981073,0.5167257456981678
0.027741985388994972,0.4212594589717792
0.04335057818246635,0.04527286887214956
0.03154801067787971,0.2675521651599498
0.019573157851740963,0.8382301913830836
0.018093688646801498,0.8988483418926208
0.026165534855085826,0.5002306952786579
0.029371340127603562,0.3493310664146969
0.018450337668196926,0.885407670685273
0.01973624931472162,0.8308344538066988
0.022290936062780875,0.7030611912399244
0.02347710702749449,0.639953274406599
0.023326870726018467,0.6479654998427002
0.03533110447382698,0.16087541236345065
0.020131950101862195,0.8124004828317631
0.017528843860188825,0.9184219358065974
0.03591321154722804,0.14800850226946077
0.02819888062518011,0.40014200621314916
0.02904102653741991,0.36315702025021473
0.028116448896246315,0.4038970577603488
0.022707323407479718,0.6809840297687879
0.03622005270178652,0.14156829513409275
0.015562398567489422,0.9687587235247
0.023727758489577977,0.6265987215996591
0.03662177078590423,0.13348229657470592
0.02077173652012354,0.7813113378384905
0.015255342655208719,0.9740922079505017
0.03303149341634687,0.2206710777506357
0.023994221028034446,0.6124342929020515
0.025097724682446754,0.554491831071519
0.021770802872856154,0.7303617041876382
0.022013418680664643,0.7176753190146442
0.03132323777829232,0.2752649728353126
0.02360264788007449,0.6332618076142625
0.01846751876389277,0.8847400201584291
0.024008802908201454,0.6116604665680687
0.032808421442865554,0.22728479011632374
0.02992645570950342,0.3269490616458035
0.026503256554078536,0.48225818683698674
0.03337131181406894,0.21088324088372434
0.03261910173895133,0.23301663857704855
0.02775321286722654,0.42073162266309494
0.049647205037916586,0.013964042151470953
0.039382308984736714,0.08756008402594707
0.017936821241158085,0.9044999273789603
0.03786269558017291,0.1108533726576224
0.04062411264745891,0.07171459983644482
0.021536258828235455,0.7425283950505148
0.021912496644967028,0.7229638511489885
0.015748894369166322,0.9651951293104628
0.019922185004914814,0.8222558346877967
0.015055519239777049,0.9772155540002531
0.018243908322446822,0.8932857241307282
0.04997929812618107,0.013066279012888872
0.023979149289013568,0.613234274487173
0.04718938689104768,0.02252289339891887
0.01941496337079765,0.845282913495547
0.018591591675287678,0.879865139543994
0.027519189128930144,0.43182672467967437
0.021145823248792328,0.7625225322519497
0.03182700237569258,0.2582061440615293
0.029934964483334547,0.32661425733920213
0.03051991977838453,0.30418916057006323
0.025112111631051315,0.5537470051324553
0.0168274928989115,0.93961599267643
0.016135696443148162,0.9570039177713933
0.020471286797352994,0.7960912760123977
0.026327193082980704,0.49137212259019825
0.02359335247416927,0.6337570989270278
0.02302627340199412,0.6639978983354264
0.03690885715621406,0.12793751305692566
0.017150937880188066,0.9302815726492891
0.029926113616203565,0.32696252756838645
0.05978296809167527,0.0015051666341114023
0.016109111120336528,0.9576018326911798
0.025202767275673776,0.5490613536816656
0.019456209318218898,0.843455844410919
0.030447778086854282,0.30689208860081446
0.02152425528680335,0.7431481684933561
0.023632024524755213,0.6316967198845291
0.022965903576517288,0.6672159849946477
0.021649372251413113,0.7366738356672602
0.019703335852981826,0.8323369032067058
0.01972711296229071,0.8312520095640445
0.03775365466851199,0.11270553313031491
0.021134580108416845,0.7630928515467761
0.025631361061737024,0.5271012878763628
0.026260405583563018,0.4948582029765115
0.019896729254691936,0.8234392489250398
0.02566278149660839,0.5255047087213585
0.02169325236691666,0.7343960065346894
0.012087712900283987,0.9985881486626721
0.025979158355925375,0.5095383455621763
0.02561336891724414,0.5280163863193175
0.013641512060851513,0.9923255741056499
0.028900566102437186,0.36915199354383355
0.025942495463479598,0.51137805444663
0.02704493985064571,0.4549103563413133
0.025862352742125116,0.5154093224709255
0.037981498925323265,0.10886411470644297
0.014510418641707101,0.9844143799721132
0.04061087474694669,0.07186972108533488
0.031100779015606705,0.2830608786342803
0.041719045343637795,0.05983237792709107
0.021884732050964584,0.7244160347873678
0.016730528000750255,0.9422654823169972
0.020319182056929175,0.8034550751550718
0.03781892385415153,0.11159382933474965
0.03540332183178008,0.15923197696123897
0.014608280362515824,0.9832588714731089
0.033225615887333415,0.21503760033065641
0.04448494314970264,0.03706038327750507
0.03158880129353703,0.2661700591436548
0.021780077031862355,0.7298785320628784
0.023544945964201147,0.6363368202273114
0.03405249790270093,0.19228290011441448
0.026402561248221268,0.4874571923921538
0.029673243482959133,0.33702640087628116
0.019988253686637758,0.8191714692100842
0.025869486047951917,0.5150499701035036
0.018102122277689925,0.8985399160633892
0.01817206375836522,0.8959642822307942
0.037677642030369995,0.11401173978740069
0.03813592986088632,0.10632257936839566
0.031033002827118517,0.2854683993666323
0.02102654880821689,0.7685558353997829
0.022238547857426405,0.7058272108438213
0.030273467093671402,0.3134955639778047
0.014691794492672189,0.9822265555370367
0.030875133265081733,0.2911351146717762
0.016276559501412713,0.9537492291327472
0.05047652341551956,0.011819068653620394
0.03243676598186318,0.23864126396700266
0.026658873562651342,0.47429450302909465
0.02762061943992472,0.42699391262815917
0.02096272398046295,0.7717684242767808
0.02979572200367131,0.3321244428408549
0.03723902407669877,0.12179510775385655
0.016637565192341053,0.944740748754067
0.02435553932890011,0.5933116194701868
0.0331602813159374,0.21692103755400793
0.034097332424192606,0.19110539448927297
0.03440958227147614,0.18306135034622056
0.026052112118136184,0.505886086695489
0.039674826577199784,0.08358439846780664
0.023248446613169493,0.6521487837572364
0.02407239533766581,0.6082876089251077
0.0319327146628956,0.25473002851090354
0.025451507401448747,0.5362762584588965
0.024227047957018993,0.6000987146363483
0.028520411798301004,0.3857255208392608
0.0202474185045613,0.8068996851368425
0.016598732649184433,0.9457558838377076
0.01992582673224652,0.8220863066827032
0.022449976491812296,0.694646429903935
0.01134729938031237,0.999517953549076
0.028740099858785673,0.3760856827356403
0.02143510540042881,0.7477417135119382
0.037791498381404776,0.1120598473356144
0.02278913380096953,0.6766314753981035
0.0279811981846112,0.41011052229431677
0.027269260337842494,0.4438916927398906
0.025584316676362406,0.5294953183625035
0.0186868828022021,0.8760582773574505
0.02092172845310558,0.7738258500783335
0.03480111392391824,0.1733559306732156
0.03171135125668312,0.26205000169329695
0.03357776180770339,0.2051037511261235
0.03737901356956774,0.11926488890781066
0.027559475854323556,0.4299028038172999
0.03190742914064476,0.2555582458513374
0.02239475496308707,0.6975710085439758
0.032185331786037996,0.2465669303396481
0.022793295257162283,0.6764099774047125
0.024608603237919358,0.5799955590982927
0.01770766487585418,0.9124600360082873
0.019878923391301817,0.8242653650397549
0.022497594365751494,0.6921223308744494
0.02679897073489379,0.4671988542024722
0.0371432864409133,0.12355075693392137
0.017668454588880445,0.9137862377867276
0.0319786547000841,0.25323048383373614
0.01857585817811469,0.8804884750912435
0.021251268360501063,0.7571581130899074
0.02282435560215651,0.6747564868998304
0.02089193809979667,0.775317886099079
0.03750660892021784,0.11699650078813217
0.03490131268593433,0.17093910489368802
0.019203120129291706,0.8545315555452673
0.02228599356471106,0.7033222787578954
0.03765366254652297,0.11442638814615323
0.04702759450317573,0.023223178829960486
0.021874864487956724,0.7249318464375073
0.04620720556113833,0.02707986365276228
0.044896972337112206,0.03441761104143439
0.03846880818757159,0.10101140324111811
0.01755676066682077,0.9175058130110283
0.022319133809155622,0.7015711384320178
0.034859441176942896,0.17194577458523688
0.024234324607253,0.5997139300892826
0.016422732799019624,0.950217407235393
0.029512674405062778,0.34353136690539193
0.043032032474148496,0.04784600924229447
0.032283119630243565,0.24346099529455656
0.015638698031511244,0.9673307601054417
0.04358041235190335,0.04349170892108352
0.026616127359783498,0.47647344335100866
0.018096339166308928,0.8987514598793154
0.046095243312615275,0.02764787780633836
0.03731635005513878,0.1203920953606275
0.01981817200889524,0.8270735588809688
0.017106137890037953,0.9316197907162443
0.022398887872658757,0.697352225878829
0.01728474526859458,0.9261986383094201
0.02328574560671215,0.6501591645631397
0.023382798721656606,0.6449824397744603
0.02352814010099935,0.6372326180369015
0.023801884741587787,0.6226542751327011
0.028691418373827826,0.37820712044111426
0.024209671277500955,0.6010177781625858
0.027918224687060234,0.41302575138932973
0.02177625142957569,0.7300778593189639
0.03095694887141409,0.2881880373752127
0.029200177442946007,0.35644786226267666
0.019696659665502603,0.8326410566776564
0.022427793741954583,0.6958215888641943
0.018818101263856413,0.8707287932666616
0.03982141195585753,0.08165000259368567
0.02862431700938961,0.38114495956173094
0.03894890404044943,0.09374178778737238
0.01821207410154302,0.8944766725979569
0.019289586961587335,0.8507843583069731
0.027064097979981994,0.4539622892920258
0.021762333372092657,0.7308028233469033
0.019020417146604407,0.862319154568681
0.018725214564717763,0.8745117878844749
0.03507004801124802,0.16692988734027026
0.028941704966837123,0.367388980346327
0.04319876698730024,0.046483791462807914
0.022422849405038248,0.6960834594929399
0.023045159694864203,0.6629909462509016
0.031935832316503265,0.25462805189636323
0.024180682460628322,0.602551619567288
0.033943171587938026,0.19517809521922133
0.03968194931023161,0.08348951972946463
0.032793718997111254,0.227725997659216
0.01775377252245297,0.9108870548695286
0.031835602465048796,0.2579220164757419
0.03769607436617617,0.11369385519996009
0.019866549531981192,0.8248386488326205
0.02827555179336594,0.39667102567537066
0.027816442603329383,0.417767399147944
0.024186363444920034,0.6022509714464526
0.020892087595098738,0.7753104051570671
0.034563108228922834,0.17920568059967124
0.022254216371897173,0.7050002614898568
0.02834105482569904,0.3937221576727575
0.035948761769752924,0.14725043506983695
0.025976500915630862,0.5096715980201857
0.016149372595873457,0.9566943158723475
0.01984332526921717,0.8259128298473453
0.014949628615255173,0.978762690753008
0.025657231035301042,0.5257866076062134
0.04306799298768871,0.047549323796564597
0.028665276491841196,0.3793497780046242
0.022669192707664876,0.6830113575213037
0.025056820088904086,0.5566112864938242
0.01875151399170294,0.8734457690022763
0.02292355404721466,0.6694728138486663
0.027532833070786467,0.4311745000945726
0.029001243360812223,0.3648479743416746
0.04269345721218376,0.050718838268777766
0.025786348892029187,0.5192445969003958
0.018347027995683773,0.8893837179868943
0.017558872776855083,0.9174362803355531
0.021365350730132945,0.7513238120315706
0.04765608161038684,0.020606855856224706
0.021629171844856132,0.7377212177345245
0.03988578106788576,0.08081257196789918
0.021609688796927706,0.7387306582541344
0.019147358965177663,0.856927291287684
0.028170008008206016,0.40145450765783636
0.029265392651629363,0.3537242243448329
0.02533756701052642,0.5421193702490807
0.03451587239757081,0.18038505132959923
0.03149973886985813,0.2691947134122141
0.02249062529303203,0.6924918660362513
0.019098947828269153,0.8589938209205061
0.01344754307301077,0.9935789343522772
0.030661371219512068,0.2989402303469928
0.023124438984145373,0.6587632545269466
0.024729877041411497,0.5736412993299674
0.03211446276063312,0.2488366498984443
0.019701964760668877,0.8323993840609483
0.025775380212753607,0.5197990595746879
0.028485503429171666,0.38727298735346233
0.03517424466145003,0.16449186786538397
0.02622449104609903,0.49673936722886636
0.028112173871677082,0.404092458462186
0.04101887101625523,0.06721784973285098
0.024856572850059988,0.567023718595087
0.0328883534286073,0.2248976083646955
0.016786949092500725,0.9407322132785109
0.028200062250805347,0.40008835452045277
0.019819719537051556,0.8270022268739763
0.02833889877740925,0.39381897824440565
0.02496504690729867,0.5613758864679461
0.016043805156178925,0.9590486075629587
0.018635122967059048,0.8781327734884259
0.020319214899047422,0.8034534943155685
0.020248626127470665,0.806841881632438
0.025068739518895877,0.555993414820287
0.02758280872280061,0.4287911745678239
0.023502815293481305,0.6385826436059705
0.031466633180697035,0.2703255704634968
0.027600719184484812,0.42793919842102723
0.024092632231570654,0.6072149250620336
0.021776818389354136,0.7300483203379382
0.02569874836632538,0.5236794645548575
0.01794097212558582,0.9043524788673546
0.02241020174961561,0.6967532224637769
0.026464685270607413,0.4842454010176112
0.02456570697313265,0.5822475469457413
0.015326166977832678,0.9729200683113729
0.03924191654951359,0.08952390781337052
0.03585274944297767,0.14930502411307403
0.034514212996530735,0.18042659428528182
0.026974717418705274,0.45839661455658826
0.037610631827035,0.11517358603209403
0.02609564417862542,0.5037122077569105
0.029438362399548335,0.3465721340175459
0.03404070201243525,0.1925936460041501
0.030422927781938114,0.30782721864056245
0.03065178381612743,0.2992938747270759
0.019732837617866927,0.8309904218719202
0.02366394654651327,0.6299963921880651
0.020568090173226306,0.7913620895696647
0.019754950597000387,0.8299785746013395
0.0232488722953188,0.6521260768058106
0.0401567146740508,0.07736681984340492
0.025617360154541968,0.5278133344222881
0.025799813782996228,0.51856428281035
0.01875235787899493,0.8734114962313277
0.018807599278200526,0.8711590062566346
0.024202946515489043,0.6013735284843817
0.03537087365945191,0.1599687194058199
0.03563327232456548,0.1540886028223669
0.024359650994683513,0.5930947056679003
0.019983796798604098,0.8193801155807621
0.020166091502831524,0.8107794655867184
0.025819803448050876,0.5175549801870638
0.03755810667500237,0.11609109662162213
0.0226892531110503,0.681944901732024
0.02701217078282747,0.45653501694135207
0.02273621207152432,0.6794474953747556
0.028889539957130728,0.369625531306454
0.02400313070183341,0.611961459089764
0.03163354631835444,0.2646601479725727
0.02622294301294395,0.4968205544160566
0.029546941990135134,0.3421356279275909
0.0277948162390117,0.4187796445386532
0.025220598597475608,0.5481413054648687
0.018632314649876913,0.8782448742444212
0.042754703603901045,0.05018838128030178
0.023568039982313937,0.6351059819828972
0.02607857381138534,0.504564168452419
0.017893929154515542,0.9060168075609667
0.025184585363431655,0.5500000336008765
0.018225963009828927,0.8939578721158488
0.019450985821115152,0.843687694084748
0.037689962693074675,0.11379917611493853
0.02215733013947399,0.7101090418092177
0.022313735114939615,0.7018564875218232
0.024568846982972264,0.5820826259343025
0.03296066306733936,0.22275476623678048
0.02691282273822382,0.46148402643128017
0.022084325636005542,0.7139508083705506
0.02880286075941385,0.3733630159951727
0.029493720776713472,0.344305108239181
0.02331044993001785,0.6488413948638119
0.021107313571630593,0.764474606553075
0.044584562110197345,0.03640566131497528
0.022524242365936864,0.6907089450363755
0.022959661885997296,0.6675486451385847
0.029112296279900418,0.3601416188066832
0.02728004693979824,0.44336638001526807
0.021865290340764232,0.7254321700855744
0.02996281180956073,0.3255202527675569
0.03406889111308342,0.19185169923797166
0.052424590415347416,0.00790197187742179
0.029442503447116963,0.3464021823789338
0.02212982340343761,0.7115573607382972
0.021645722229181014,0.7368631455668782
0.02475913712254263,0.5721110469459825
0.028559496683053798,0.38399802510129905
0.021208461714250948,0.7593392176122488
0.021307335774895853,0.7542946010791409
0.023173995113227708,0.6561201147192057
0.030159507681429498,0.31786843871721404
0.02981573485486816,0.33132838140187615
0.03476002458808247,0.1743548432131289
0.016834916583071124,0.9394103045041322
0.025557019608140052,0.5308863602367586
0.027453890659098756,0.4349574009819205
0.01754842594572814,0.9177798963560622
0.021465960353140467,0.7461537995456653
0.035433814853074286,0.15854211003253968
0.033848697492958935,0.19770743618945305
0.04488253884828075,0.03450731852861403
0.03337274268914592,0.2108427527087428
0.018471336412623662,0.8845914215497905
0.03833951794558488,0.10304744022542874
0.022093796531262255,0.7134528102296755
0.021618785245692718,0.7382594520249737
0.013758528008257276,0.9914866025372375
0.02019179884560185,0.8095558565610016
0.02326377186769396,0.6513312958612483
0.023139806668828505,0.6579436301334143
0.018809025996821327,0.871100598022797
0.028524861739348928,0.3855285673987776
0.02979763822621978,0.332048160598412
0.02970981748156054,0.335557181611274
0.02820036474541332,0.4000746205546219
0.021475540352216438,0.7456603582073724
0.0368840039479873,0.1284099573906482
0.04649540141115249,0.025664935653625733
0.03412801609171123,0.1903028136763325
0.025774480308970116,0.5198445601032384
0.02523733332755479,0.5472783207699846
0.03368855127840131,0.20205360647859477
0.0299059291089937,0.3277577671524133
0.022785028142718988,0.6768499948533893
0.017391705182316947,0.9228428968230512
0.04393720805649104,0.04084730729090285
0.02137998567170063,0.7505731722048445
0.03204063796070872,0.2512178821651337
0.03356950971752515,0.20533236945534974
0.039636280828799886,0.0840994261884953
0.027698315143555696,0.4233167971615057
0.01871766780903683,0.8748169418263523
0.015377930539631907,0.9720415199144464
0.01977051716492495,0.8292649537529255
0.026183741783261882,0.49887931128565455
0.028373757668460675,0.3922556078516029
0.021251745282240053,0.7571337873956933
0.014433861653237623,0.9852783683262628
0.020485024548630396,0.7954221152907046
0.03939042326874492,0.08744769549027864
0.01604963374076107,0.9589207508592235
0.042397946365153705,0.05334684919567866
0.028788207880327765,0.37399743971055643
0.02050731491672153,0.7943349571673795
0.023836733856456016,0.620800863439749
0.02870928512883275,0.377427553981005
0.033066118124438715,0.21965798560277747
0.04417746815547041,0.03914655458442765
0.03715375135801313,0.12335784500738609
0.03089391634956673,0.29045656416236354
0.01701875986771051,0.9341880688940124
0.0407477119751298,0.07027994524872737
0.025950513010777,0.5109754997754227
0.03226979982394618,0.2438822953625718
0.04060129483522046,0.07198215584511564
0.018042310102759918,0.90071725656323
0.018753787310006542,0.8733534333441444
0.021075925884046387,0.766062778711005
0.01832892981502976,0.8900734020828881
0.013862017250765968,0.9906899378913436
0.024588031413416034,0.5810752699284005
0.021590703372771913,0.7397136014198302
0.03267944896240671,0.2311776441627252
0.02566031859118456,0.5256297882953369
0.01815907736344577,0.8964449084162333
0.023964999980412405,0.6139854399972651
0.04127447151996799,0.06443631711103033
0.027321303711662748,0.4413609882467302
0.027693383210121714,0.42354957157966994
0.028308447311911622,0.3951882069594909
0.015690448213203312,0.9663386528316378
0.024638106561113204,0.5784479882335958
0.028535880985885664,0.38504115925190385
0.031636055236622385,0.26457567631797146
0.02589496720126927,0.5137671706091307
0.03719830054720774,0.1225393813415679
0.021823227110040977,0.7276285204483037
0.016518172248550123,0.9478264023884146
0.029418044871014182,0.3474068436548355
0.027709973868162707,0.42276688055191136
0.029038128821353815,0.36327999816047657
0.03414357534346879,0.1898968515460889
0.01823794149502156,0.8935094419238685
0.014453325263707018,0.9850619964488857
0.04103419178135986,0.06704828618394464
0.02733252339185671,0.4408166777774595
0.0227940827393443,0.6763680618318552
0.01898157610114848,0.8639513887270505
0.020230628336842638,0.8077027755557241
0.029978058385281614,0.32492240455820753
0.040501315373123736,0.07316450882762993
0.02684790780188656,0.4647367804221262
0.017518043482648515,0.9187749018446555
0.01310214242592131,0.9954224297925939
0.020070466345282645,0.8153079311011823
0.038669219997378435,0.09792161418777152
0.025386841948089822,0.5395896106082656
0.02025412668252005,0.8065785240865938
0.0224045190623563,0.697054102720361
0.032130038921883264,0.24833643629401983
0.03699500743935635,0.12631084386800306
0.03449706022273935,0.1808564565330083
0.01840135903776302,0.8873009635938242
0.03429273380290898,0.18603962690447504
0.039942001071538835,0.08008710160756027
0.02574152143838171,0.5215121275969749
0.023897233104012205,0.6175849461506161
0.027713572287297816,0.4225972488449502
0.018524501854211506,0.8825127370248143
0.025893309451969104,0.5138505859724724
0.031223001599060773,0.27875757782373883
0.030360653560406292,0.310179797591918
0.02348143288295601,0.639722631509003
0.0293622460403391,0.3497066229269969
0.020861239171242385,0.776852706955375
0.021763054413024396,0.7307652740898403
0.03243296461741685,0.23875962227616038
0.025785687352790687,0.5192780306093722
0.030259962524879502,0.3140114587420363
0.022248197388427093,0.7053179633668214
0.03562749519729025,0.15421616430027063
0.05332169520275731,0.006531180748132617
0.029902097070681866,0.3279089016674677
0.016711380930560293,0.9427804980196555
0.031232068597158436,0.2784402957674341
0.026716541106886704,0.4713652813143648
0.03671895305394471,0.13158378580048752
0.044116902670619906,0.039569354421821586
0.027950332112306464,0.41153764016601185
0.03316511855824278,0.21678115492846545
0.020285473152194755,0.8050755071435663
0.010619750416982265,0.9998675079475441
0.03462730459878993,0.17761265050330108
0.041695907513016384,0.0600648379696633
0.0313585289525008,0.27404311540988724
0.02893533277834437,0.3676616725377755
0.027062937049218305,0.45401970229559996
0.024264414702076437,0.5981233084690646
0.02821965862996134,0.39919930406450077
0.016009150638338382,0.9598036675890949
0.03652272586894356,0.13544010932940853
0.020887235705247642,0.7755531666745629
0.01938303941120978,0.8466912422835303
0.014335557317519676,0.9863374417128387
0.0257117163813827,0.5230219861047096
0.03088337864131363,0.29083710098483967
0.02260797897879041,0.6862639708206952
0.021627499931153926,0.7378078705334783
0.021962005214071323,0.7203714064520323
0.03480709188734554,0.17321098195089007
0.026734984323800504,0.4704309602546463
0.03423182832836613,0.1876071009012821
0.029829629702296412,0.33077648948741917
0.02147739908865784,0.7455645966916173
0.04260643237864503,0.051480888806663315
0.01744575678185145,0.9211162360852527
0.04309627030759716,0.047317147467827204
0.01899318960515506,0.8634642210675516
0.022073620702330543,0.7145135489973551
0.026280249585394377,0.4938207595777771
0.03350776509905706,0.20704927460669909
0.04294744843609166,0.048550180130965286
0.03967907499967127,0.08352779620937581
0.018003567774554474,0.9021150547505319
0.024379502036259826,0.5920476958543235
0.0410906452190849,0.06642662829757595
0.02238921685041345,0.6978641521079864
0.0194997748283936,0.8415169397847478
0.0257827701950136,0.5194254721303354
0.02853694563105255,0.38499409014194247
0.02115534915625561,0.7620390659211309
0.0263979308711028,0.4876971309598462
0.03505960386735796,0.16717584488093798
0.020677764083067096,0.7859659193745148
0.029917849827308496,0.32728793957822094
0.03287411289207637,0.22532148323179962
0.016266704612194927,0.9539816774366139
0.02255404308074979,0.689127658230591
0.030453115514608303,0.3066915103512942
0.02178194034076042,0.7297814379515998
0.029352681001114045,0.35010193881569907
0.03186678576248536,0.2568937719975132
0.04034757215670287,0.07501481114712019
0.03846583791478514,0.10105779991862571
0.01740086633159832,0.922551700145232
0.028175443911201303,0.4012071742666363
0.03195517314807228,0.2539961153396901
0.02375542498040617,0.6251261956803238
0.020574413528822333,0.7910520552288949
0.04472520172762934,0.035498579403767015
0.04093690923135607,0.0681311884737799
0.03385888911109339,0.19743334735082477
0.019510078551487675,0.8410570143317146
0.024616060437862075,0.5796042964779257
0.020364946488459768,0.8012483460899985
0.02692721917516197,0.4607646875697298
0.01917867550866649,0.8555838236529679
0.030487063196410813,0.3054180204530905
0.017446945062814634,0.921078045194272
0.024431150797946666,0.5893255148612146
0.028571593303196696,0.3834644660346228
0.03806542382525485,0.10747675571272368
0.02682279613888977,0.4659991067892229
0.02827370897638093,0.39675420717082327
0.01933659615189126,0.8487309503784173
0.03933582088487053,0.08820631820921526
0.01849399538616403,0.8837076025666507
0.02145102374136887,0.7469227525733048
0.020981419966495607,0.7708285504626895
0.02135856394817459,0.751671746717908
0.027151189861198022,0.4496689420448697
0.026318267553016583,0.49183708780832436
0.026021697220651174,0.507407354448514
0.01882783031703278,0.8703296789593447
0.02698839300814415,0.4577162970524845
0.022523528488369138,0.6907468160940027
0.02098300900204053,0.77074862203085
0.027027957147722548,0.4557518648282321
0.04531042591269013,0.031933261834530324
0.025903306934269343,0.5133476146761944
0.02240015523140959,0.6972851327672338
0.026216714384514395,0.4971473031319786
0.025245746968431848,0.5468446194799923
0.034085854913413705,0.19140629089560263
0.020584601653230894,0.7905522476680246
0.030123967561770493,0.31924123381011715
0.023172375013253477,0.6562065289394494
0.028748492556362137,0.3757207906402417
0.0301751491326121,0.3172656259187209
0.02953400912088633,0.34266191312387945
0.037749057223381954,0.11278418322550164
0.017597393559206198,0.9161626905748441
0.017645766645925542,0.9145487717921306
0.029522320519916934,0.34313806328772906
0.022651938722852427,0.6839284103964656
0.023831504410293247,0.6210789425335925
0.026636609704887237,0.4754285661507347
0.023884640505943078,0.6182541401351469
0.023116351437857507,0.6591945849187533
0.056538643868679794,0.0032117425228825737
0.03338816445535964,0.2104067605350048
0.020174848066731976,0.8103629652385258
0.03359032098509146,0.2047561892220198
0.022356175592690875,0.6996124647810121
0.026835253420313343,0.4653726164162576
0.02498559395812394,0.5603080308261406
0.02397673222727631,0.6133625827938528
0.023007391447397052,0.6650045314062298
0.03129867087282251,0.276117934392193
0.041176464083142905,0.0654910228405198
0.03017830572157504,0.3171440737691813
0.03810367429241013,0.10684931753421113
0.016446483984046453,0.9496286571019569
0.019822463694350922,0.8268757112010154
0.031155923435735366,0.28111323207934824
0.03966581983871925,0.08370450322125204
0.02336480378370845,0.6459422095411591
0.03681893321407448,0.12965367267945851
0.02933009045142787,0.351036853752462
0.046070777098727755,0.02777339315224932
0.025253800897332507,0.5464295721068682
0.03297772815879685,0.22225136127244083
0.036679359305077264,0.1323545951793937
0.028247800194962647,0.39792495921966076
0.022174038196318857,0.7092288422539184
0.027236868640892364,0.4454716807975053
0.03779838696755397,0.11194264441040361
0.025610745933619006,0.5281498456991981
0.035633170114104495,0.15409085893560096
0.014989259408937076,0.978192296090106
0.017946782998743638,0.9041458709887666
0.023019298303068036,0.6643697647876917
0.016375103069218244,0.9513855290759835
0.04878571342070148,0.01655692810516759
0.03825771126200156,0.10435325181172087
0.03773315092332763,0.11305664765476853
0.021389818355879386,0.7500685721278699
0.02318122802083672,0.6557343172212042
0.017107726746906415,0.9315725780193955
0.02318451140206146,0.6555591828909814
0.01934921290825209,0.8481779222060345
0.05425734542958627,0.00533577960886199
0.028295499372140043,0.39577139824978247
0.03363778276357193,0.20344688436386632
0.018996313987659108,0.8633330311217329
0.018784283762923848,0.8721118565051751
0.03796241729844929,0.10918161288086431
0.04042671246762347,0.07405746168936476
0.028238814073600293,0.3983315755856989
0.031223731264613197,0.2787320346131048
0.028677635153975214,0.3788092823755017
0.03521794078597251,0.16347796634600165
0.04287953719114257,0.049122022029078886
0.0271285376006834,0.45078301936204684
0.028983532125284706,0.36560256256912504
0.021629092093908175,0.7377253512301878
0.03829893666142653,0.10369349760963874
0.022584115865952548,0.6875312333583963
0.016319731489289308,0.9527224976427536
0.03936056132323773,0.0878619029550703
0.01239306580302646,0.9979230377615884
0.023740091513907102,0.6259422611883476
0.019138301045065087,0.8573149007116495
0.021302524885925656,0.7545406004828124
0.02547638113467454,0.5350037816655882
0.02624551919346141,0.4956373803473678
0.04165765465719745,0.06045085292184601
0.01901823247902988,0.8624111821448197
0.0231835852263228,0.6556085848447306
0.01801936963037859,0.9015461289680424
0.01953018446916921,0.8401580696424527
0.030484499175415125,0.30551406969624445
0.03061856455919887,0.30052159572734183
0.023658652423983018,0.6302783559637236
0.017440109454246344,0.9212976029803113
0.037860846120433445,0.11088457630042749
0.015083405864747074,0.9767957748566404
0.04433569292100592,0.038060561415407014
0.028857179365746055,0.3710177831114216
0.020156087667063005,0.8112549215008624
0.027566919170172344,0.42954797686860524
0.024291489203727257,0.596692831132108
0.04036689339983268,0.07478012211991002
0.016125651766559557,0.9572304359333017
0.029068509532641174,0.36199211572784384
0.015782507629098108,0.9645263573732827
0.035225355779981316,0.16330641012460495
0.028907744698055682,0.3688439253795237
0.029619665410651086,0.33918703557481633
0.026201919184346223,0.4979239989070502
0.038966499286168466,0.09348389687030652
0.02209148729977639,0.7135742452160972
0.025834152446881864,0.5168309818773182
0.017198797602411248,0.9288359720635089
0.019123370488773994,0.8579528578320164
0.03227299080877172,0.24378131522527266
0.03262255292446875,0.23291116698116207
0.015284932469865842,0.9736066854045259
0.028719061436907056,0.37700146823793745
0.04145225946193831,0.06256007021167444
0.030577829668060386,0.302032135030908
0.02868357909755509,0.37854952092171124
0.021740229296227764,0.7319534793939275
0.032829144721045034,0.22666402064040753
0.02433841984602636,0.5942149554834849
0.030523649250803753,0.30404990538584437
0.017151719079834926,0.9302581089926323
0.032908968128141924,0.22428509371114844
0.03454127341439206,0.17975008424462305
0.018427347173934905,0.8862982271500085
0.03998137935681645,0.07958224059452812
0.03385978220350172,0.19740934312303812
0.02046804677190467,0.7962489998586514
0.06707249653815495,0.00023496399843749154
0.01525299894231713,0.9741304085400238
0.03364508267515809,0.2032460867944531
0.026345554322848908,0.49041650490627653
0.03137977221386007,0.27330958665353955
0.015447848327537206,0.9708253128636547
0.03717099404101509,0.1230405297138579
0.015761146720622565,0.9649522972937612
0.021814578059854095,0.728079769239055
0.032652132144762536,0.23200869904543578
0.04229500364678118,0.05428949439434797
0.02869270196505863,0.37815107695479094
0.03302227446234704,0.2209414251481245
0.01665957424504161,0.9441604718301835
0.03731216752112554,0.12046764248200421
0.035016726717666036,0.16818862684103392
0.017857445119932855,0.9072973570141019
0.027748053360462155,0.4209741302374584
0.015117240909808732,0.9762794873874273
0.020710842654409367,0.784330684383039
0.03803777896605515,0.10793212427315568
0.02494163111641423,0.5625936021937994
0.026648010489382312,0.4748476191413576
0.023580263358138287,0.6344545816642362
0.022388610297974565,0.6978962563490446
0.019103090826112057,0.8588174603638323
0.020003972724466523,0.8184349286272803
0.03900721268706872,0.09288944158277661
0.021852764789937917,0.7260865023550174
0.02872945251814063,0.37654895789555703
0.041883636062630014,0.058200929617725536
0.027681116225473756,0.4241289174714421
0.028706825427802674,0.37753480942078277
0.022101218150087365,0.7130624832087916
0.02899679214190587,0.36503751526514605
0.027641183702394156,0.42601856982367714
0.02092872271542867,0.7734751727432235
0.02930386666133089,0.3521243604380661
0.04325310671119004,0.046047161913090294
0.03549869699292696,0.15708221421063648
0.03116431437544631,0.2808177496259935
0.027515418459909458,0.43200709202608967
0.04010051764018541,0.07807113634606301
0.029769285423597802,0.3331781379875294
0.06053904104396984,0.001253827035941777
0.0341225532872208,0.19044550765508955
0.026790307895257992,0.4676355803555252
0.056857874152845045,0.00298653369265547
0.03173334930850452,0.2613155565272178
0.021970341491430512,0.7199345229153502
0.02035284543035898,0.8018326027585769
0.02488704921534418,0.5654352083518478
0.03725653945413637,0.12147613590731583
0.02494746842722373,0.5622899623472859
0.01935763510307309,0.847808304953617
0.030119793329259903,0.31940275291467524
0.022925378678720576,0.6693755909225105
0.032147271678706235,0.24778391373517375
0.035157611082319906,0.1648791435148272
0.018328709876470062,0.8900817708288903
0.04580189736961093,0.029186284338689177
0.04812376316685529,0.018833758591047304
0.025689933696316225,0.5241265569194538
0.02735482763790853,0.43973594649248876
0.04306759034307295,0.04755263689942691
0.034081115714324706,0.1915306432346669
0.024991138616676012,0.5600199768552386
0.02114366077776364,0.7626322511075851
0.022224079721683276,0.7065905546440492
0.037561080176925055,0.11603899503961114
0.01957946947908462,0.8379462950095615
0.02277250716559026,0.6775163572745637
0.019426995147957912,0.8447508127023635
0.022445423522199984,0.6948876658043328
0.014434902631293434,0.9852668524093705
0.016634075515445934,0.9448324278153817
0.022881487246014603,0.6717139395859667
0.03614225145018157,0.14317934224819118
0.03126670512289287,0.27723073852322966
0.01968057333460714,0.8333730752143251
0.03128270981969772,0.2766731588238758
0.03354316159057308,0.20606365665362103
0.01584804492187314,0.963198994837557
0.01983958094603655,0.8260857929653039
0.027594661691593497,0.4282272169944735
0.0270792214423492,0.45321480882396803
0.02120224098534851,0.7596558011631911
0.026036605991365647,0.5066614114011608
0.04573570410686156,0.02954368584008982
0.02428775871403044,0.5968898890509278
0.0336509780765627,0.20308403590194346
0.02412410581880095,0.6055472800980743
0.02494672744997184,0.5623285030256626
0.01726768235274076,0.9267264278993997
0.022698548035999466,0.6814506773109861
0.025637713634195203,0.5267783382891416
0.024828966822445286,0.5684637541082029
0.01775571084512262,0.9108206098727505
0.019143077596653346,0.8571105554846847
0.024773700986351677,0.5713498091246305
0.040008625908481865,0.07923449394618398
0.03993620082274629,0.08016169346373696
0.03791918393643498,0.10990380720367092
0.02702506715533759,0.45589516910235983
0.03436807157738797,0.18411504303465623
0.03155499072807644,0.2673152789140815
0.01675376903189768,0.9416367280489677
0.025257414065413375,0.5462434084030781
0.023082803275355945,0.6609836874318524
0.022807426757374183,0.6756577484104106
0.0346718325711704,0.1765143046418044
0.023547843511251387,0.6361823813447922
0.027883236323419824,0.414651567088213
0.032912198116366365,0.22418923933130208
0.027506755472150535,0.4324216722492379
0.026228279171177205,0.4965407334315189
0.014783787975583662,0.9810392031777356
0.021374230888540624,0.7508683984753894
0.02345986188010829,0.6408727798264098
0.026093352633470734,0.5038265390966061
0.015788621309331508,0.9644038446759668
0.028353331056035186,0.393171189202985
0.029565454131908364,0.34138331041017045
0.023093201066488878,0.6604292001009112
0.014626740480939593,0.9830343815603924
0.02410459062733905,0.6065812080072857
0.041746445590597814,0.05955809239350956
0.024528652675896073,0.5841946126089992
0.016999705324476033,0.9347407752878721
0.024257841071110953,0.5984707309455031
0.0326057466143434,0.23342512951877514
0.03087271117084278,0.2912226996806663
0.02775496533719579,0.42064927450958206
0.02605032961237297,0.5059751877703875
0.01986474652878928,0.8249221267266137
0.02432644861942329,0.5948468121436403
0.03154489552491041,0.2676579369019748
0.0420526172176231,0.0565658408651075
0.0432620441624626,0.045975689534035094
0.02325245735774384,0.6519348405447739
0.0359494603516376,0.14723557011760036
0.028473543702511095,0.387804146111411
0.027718720742289926,0.4223546277659524
0.02117913003716998,0.7608311057093712
0.04767141620014881,0.020546439440376714
0.058667350826476394,0.0019626477536165018
0.04066471407134373,0.07124060679397003
0.02733039597415582,0.44091985258333694
0.04042815880371814,0.07404006242916304
0.022568883859290234,0.6883399161346734
0.017233850262123762,0.9277667615697762
0.03473411905020718,0.17498697434275223
0.03380510714808399,0.1988831023899574
0.024338810455610926,0.5941943410438485
0.022284526310749272,0.7033997813017541
0.02563273949338113,0.5270312051080996
0.023647472660122237,0.6308738245305495
0.02785952578939649,0.4157558104001595
0.02009332703398925,0.8142286758782554
0.017222251403548217,0.9281215375196741
0.03482471358861605,0.17278426638192027
0.03191173116405227,0.2554171910718981
0.03646089285760318,0.13667416665665336
0.027290830396159316,0.44284163570891005
0.01654084448092763,0.9472485307991001
0.016481200159501386,0.9487606195523254
0.04577456060303464,0.02933342086982133
0.0191268844052791,0.8578028214524214
0.030550112606442026,0.30306313177749583
0.03901291748825936,0.09280639918622165
0.02419816694906951,0.6016263996307687
0.025481078733156304,0.5347635913846946
0.025251361343619938,0.5465552793608758
0.024923858267274168,0.5635184030177265
0.02662751647106243,0.47589225984097994
0.028976138819628572,0.36591788036058776
0.03062657782014855,0.30022510202470726
0.026148397853816507,0.5010833590228885
0.022528576696545566,0.6904790007996411
0.022910268038200954,0.6701807037626553
0.027018906890727168,0.45620073385671694
0.01813898954858173,0.8971862106688012
0.0343196197125209,0.1853509833702556
0.02473330769706783,0.5734618229880287
0.04055093544831423,0.07257565950587265
0.017145852305480977,0.9304342124363427
0.027662103078512468,0.4250279319393782
0.04197128245050796,0.057347853552774206
0.03704211455065365,0.12542856469250246
0.029751008681744184,0.33390801017594346
0.04178004187363327,0.05922325469226016
0.025054389702394375,0.5567372984846459
0.019891723847931253,0.8236716171363012
0.032494950029836545,0.23683525456695678
0.0317358360602682,0.261232629532962
0.026926543503408062,0.4607984319484976
0.016302465329610605,0.953134774859495
0.03221237652832909,0.24570493466225313
0.031370295597939246,0.273636631931523
0.029045137539915,0.36298260143602
0.02796621791938425,0.41080272353647856
0.023586832927874224,0.634104500371307
0.03651523947192242,0.13558903775066297
0.03464380848227733,0.1772049279991102
0.025204345612803214,0.5489798944364032
0.0184871624645242,0.8839744533870246
0.035922453096223494,0.14781113437126
0.02825947174723009,0.39739725659946895
0.04877660953380347,0.016586491391057806
0.026289085189169226,0.493359284515729
0.02548608243572978,0.5345077943771618
0.02403056910123702,0.6105056740936328
0.026844546487935106,0.46490561833446364
0.02040660773561978,0.7992327911908288
0.02059587423449577,0.7899988328819926
0.02865161344756384,0.37994794690098677
0.04545689197823083,0.031091771753409665
0.030335334757011445,0.3111400363813697
0.01779378181439456,0.9095103618417594
0.04577128986772616,0.029351068888310645
0.016187118881589413,0.955832687261237
0.044584440363175104,0.036406455251290194
0.04364055660567445,0.043035782901993024
0.054200358641512736,0.005402424583080065
0.021176965037078277,0.7609411374292322
0.020611193006090822,0.789246094599566
0.030818267255990836,0.2931965887407615
0.026458781523136854,0.4845500325195013
0.020138690489168498,0.8120808193271336
0.0162483502501356,0.9544126980692155
0.0286542984735203,0.3798303442968584
0.0341373021719128,0.1900604450363498
0.02496853013139244,0.5611948144657228
0.029493361952754482,0.3443197684792576
0.03098278334757032,0.28726206667986603
0.02387237061352554,0.6189062787333586
0.020018226358262392,0.8177661610375857
0.029272665174918222,0.35342141556821527
0.020569851696755403,0.791275735579792
0.0199404754859952,0.8214038122121943
0.03871028373892216,0.09729835564399351
0.029560419778320052,0.34158778468977335
0.017368871962007704,0.9235660872511652
0.025971840876574892,0.5099053031811696
0.03194664599904279,0.2542745822751022
0.017908135075846876,0.9055157779799936
0.016517021889048522,0.9478556218077893
0.027090500029956832,0.4526578936608267
0.02310279181599839,0.659917733532044
0.03245439672578433,0.23809290415338433
0.01284887403187912,0.9964936357283789
0.024190010795123063,0.602057961987907
0.024037254724591728,0.6101510429061636
0.03470501899368483,0.17569922647969458
0.035564791094178205,0.1556061715945167
0.025931491122880457,0.5119307931469724
0.04557284537866546,0.030439484001142894
0.015064159204584038,0.9770860492687052
0.02624519897740929,0.49565414960724447
0.015729130240108913,0.9655845650744342
0.025111453714961818,0.55378105888202
0.03340124718012849,0.2100374459671079
0.020401492825638856,0.7994805877108078
0.018157757639438832,0.8964936904090575
0.05160144303059955,0.009384770115199814
0.01678564516114378,0.9407679120125345
0.011793046325758727,0.9990560062152715
0.026475343571945364,0.48369575005224125
0.024400370742486438,0.590947455279827
0.05454219000889632,0.005013803355463128
0.029476965390869803,0.3449901489310482
0.02848039391992241,0.3874998504009377
0.02805834540520641,0.4065583820562838
0.017504595314479232,0.9192132587463134
0.033940765960355,0.19524218407254484
0.03197463033682113,0.25336157651263036
0.04126545798108838,0.06453270650834819
0.02772372820951885,0.42211874139470484
0.02647107694269557,0.4839157325562731
0.032365838062635155,0.24085705853974426
0.026718446476404922,0.471268700399855
0.02571541451754894,0.5228345512459731
0.024650052362928054,0.5778216903462523
0.026185786323801585,0.49877180207096816
0.02432435903521757,0.5949571178243995
0.021561091852506986,0.7412452654621431
0.013530751799051444,0.9930616429389343
0.016390862458747102,0.9510008808285911
0.019102263765870015,0.8588526743302246
0.014772883232791412,0.9811827311118975
0.025022619941380553,0.5583853555861588
0.027658275951113587,0.42520904905966755
0.024018801545321322,0.6111299514541062
0.03233376939389854,0.24186402945564225
0.022486745471069713,0.6926975756951665
0.021988187098725298,0.7189989315214501
0.029453747301471878,0.34594102676345445
0.03323284831485185,0.21482988912890463
0.0336325245992124,0.2035916158759248
0.035576139235034554,0.15535386522331185
0.01781619667185108,0.9087343263056493
0.027020133789500855,0.4561398657620904
0.02256501717578485,0.6885451743393017
0.03195321956161912,0.2540598922475063
0.021413957948238138,0.7488288408184953
0.027063838452579425,0.45397512361720627
0.06570020479922711,0.0003387938026416289
0.03370058018703098,0.20172458374662897
0.02498753867108272,0.5602069945625099
0.027623566631766183,0.42685403761012713
0.040515755334189774,0.07299273066043203
0.014187598801331858,0.9878276111126726
0.029099509084280828,0.3606813319907877
0.03376383004399308,0.20000141931928456
0.02558776168665544,0.5293198629057833
0.0153625438349414,0.9723046051271336
0.026001832335188046,0.5084020096116895
0.02159927975326681,0.739269659558424
0.024854879434555666,0.5671120227056776
0.017420061841245796,0.9219396259207683
0.0454591282410331,0.03107907642448097
0.029129088932905778,0.35943371512169886
0.01701768636213452,0.934219277728299
0.017213221838008108,0.9283970579328099
0.025536659361387326,0.5319248186364788
0.02572707281533676,0.522243843442739
0.03476021491053427,0.17435020580657548
0.02645888793187913,0.4845445407647557
0.04120352664364302,0.06519832689138239
0.016601541369254957,0.945682832778122
0.03139426170309684,0.2728101091479631
0.032817875129793506,0.22700144107224063
0.03673024004912137,0.13136472334033197
0.037892763150305764,0.11034709768417113
0.023413535652621442,0.6433431687045108
0.023590790759163482,0.6338936011240247
0.020110726952308755,0.8134058063141358
0.02880653994713822,0.37320383742303515
0.027316605025492158,0.4415890733646542
0.026204898101147345,0.49776755385724664
0.023373916259561867,0.6454561858542834
0.02509979935238149,0.5543844031505236
0.025515237415473402,0.5330182638820207
0.042841076379611764,0.049448455431289735
0.02838452252332535,0.3917736900189833
0.02113005215207142,0.7633224439814978
0.031475965443266696,0.27000642972878464
0.024862520303514102,0.5667136174419327
0.031296412194929735,0.27619645460159825
0.024980599808987064,0.5605675246190456
0.024411281367302973,0.5903724086949524
0.025382590154402473,0.5398077275099797
0.03405938339599096,0.19210169393964152
0.016094745523931586,0.9579227645355703
0.025158330212560198,0.5513564696361454
0.03157083410942685,0.26677817723034974
0.025054957576585463,0.5567078542142505
0.023660844650630786,0.630161597089913
0.03743970402305796,0.11818146347105672
0.023630879725923426,0.631757704949921
0.029697450602999775,0.33605345653972013
0.02496361189443086,0.5614504894805308
0.03198636579237668,0.2529794404617818
0.027078809144134408,0.45323517592792456
0.04293752595220823,0.04863337068189206
0.01479347796788233,0.9809110318730101
0.026496328103353034,0.48261475443695145
0.028964973113526304,0.36639445119255826
0.02592364231783706,0.5123251867962857
0.0259260694162029,0.512203214076951
0.028383671130586596,0.3918117899651214
0.022718047761457916,0.6804136784324559
0.030537386855871207,0.3035373592826544
0.02760619066878267,0.42767915560068315
0.02528711994709215,0.5447136923835363
0.028417122499844294,0.39031676788443626
0.022266338447478273,0.7043602933175961
0.04132980839861011,0.063847244511151
0.024345538878549067,0.5938392724719377
0.03298400484212727,0.22206642587406972
0.031358682510223945,0.2740378077886279
0.034331759350351265,0.18504070450549204
0.016205716407578508,0.9554043153660675
0.04827398658134219,0.018293844992528334
0.02008613671120807,0.8145683603688038
0.025158165217132766,0.5513649974542648
0.03073895806045257,0.2960896558933365
0.026132647447905222,0.5018676025810495
0.028553036549221977,0.38428318122770694
0.04030928315888127,0.07548174013879116
0.023090841208029955,0.6605550469452997
0.04214524035247286,0.055686473324516164
0.014142387090755285,0.9882587110474405
0.01443367526952366,0.9852804295422156
0.028497118543447608,0.386757617999119
0.02611233827910797,0.502879639715458
0.046777921317227134,0.024341787797561826
0.018519872809185767,0.8826944104104355
0.027822020788729862,0.41750657650000184
0.025340742450406795,0.5419562157136901
0.024467268515250162,0.5874236243714144
0.021453453088315366,0.7467977199714303
0.013253927491979622,0.9946702126608155
0.038543399994713345,0.09985205482535199
0.03343614924991928,0.20905465647294028
0.020617587957622585,0.7889316267621733
0.03962143154556008,0.08429854614903799
0.037837632357672346,0.11127685147073631
0.020713340330608954,0.7842070700917938
0.019063896354306498,0.860482195165603
0.031064968801920445,0.2843310267036539
0.02355640097788292,0.6357262839915764
0.03232163085116663,0.2422460223807414
0.02665358682117902,0.4745636360129403
0.021297942481050547,0.7547748656538339
0.03754767068737941,0.11627410818242177
0.03587992144476104,0.14872123032955079
0.022213589872052353,0.7071438490803414
0.018044234299678663,0.9006475751325883
0.01608016200386317,0.9582470183731989
0.036403981170753386,0.1378180738961982
0.022493610754205418,0.6923335669772976
0.024318637846518665,0.595259152191257
0.018444909305678492,0.8856182370124177
0.02760008808870129,0.4279691993320847
0.03576315258389562,0.15124313953069274
0.02434506270485748,0.5938643993322845
0.01993940888715645,0.8214535366045373
0.02245023034965099,0.6946329788730121
0.029240671329823165,0.354754934828581
0.05180181204278689,0.009002268076174144
0.0221020696710144,0.7130176942750193
0.027935920180703677,0.41220514877556186
0.023292145378206786,0.6498177877612117
0.018188130860646634,0.8953681341741959
0.04010238533443378,0.07804764174955806
0.023739750964686862,0.625960386920477
0.027559532477045456,0.42990010383493543
0.027822158663193042,0.41750013122283963
0.017896387917950007,0.9059301860704615
0.028641362260446113,0.3803971770503039
0.026867974257170302,0.46372968620879623
0.01983682608896456,0.8262130098893065
0.01901498946202651,0.8625477436340421
0.024744894170976472,0.572855786569285
0.027419134491961206,0.4366299599733703
0.01600882824489802,0.9598106507838192
0.024442393965727283,0.5887333171185862
0.05148274341079839,0.009618257441087602
0.03480712192962454,0.17321025375404642
0.01982069687720034,0.826957171742963
0.027185012997083757,0.4480088716918171
0.041535133085320294,0.06170157611619049
0.025212248213593913,0.5485720970041899
0.017488289307114324,0.9197430695993007
0.024883278305778578,0.5656316863673476
0.017842222271579278,0.9078290124065693
0.03676620194285429,0.1306687450908455
0.02003997061924212,0.8167443171852611
0.02807859411888186,0.40562956422603136
0.02173024640178095,0.7324728664028441
0.015278619892713508,0.973710768217439
0.021623261489032042,0.7380275184377616
0.01935884803350052,0.847755044642596
0.030878466929008752,0.2910145984155075
0.02634258022310121,0.49057121175545493
0.027531984389993158,0.43121505040872227
0.023041602336886513,0.6631806186950486
0.05251634398644317,0.007750631125720594
0.01680458294384246,0.9402482128742086
0.02252600985791331,0.6906151781671791
0.039874454784942476,0.08095939713935442
0.020534806161345065,0.792991769020533
0.020036542021548365,0.8169055694858038
0.048997386278058386,0.015882729325068557
0.042234860835175136,0.05484683276066792
0.02188627304524493,0.7243354675839798
0.0229575405090634,0.6676617042514628
0.030472279298237703,0.30597213566517184
0.017661513048380484,0.91401991761264
0.0296081182351383,0.33965399672258606
0.02209958271086765,0.7131485025627223
0.03718354747665664,0.1228099316962435
0.020822303360647387,0.7787953035031099
0.017362574782045503,0.9237648857562506
0.04232721401393036,0.05399301420610947
0.025789700310079433,0.519075232222689
0.032913745122997995,0.22414334095731792
0.02294341273228373,0.6684146089517715
0.021269829714180566,0.7562109719494154
0.028937287556352498,0.36757800437452115
0.020543868868926007,0.7925484072141002
0.03510643277509773,0.16607528930819013
0.02227471195046815,0.7039181293008452
0.025918401890701465,0.5125885840030224
0.02416216875289423,0.6035315948258773
0.01583278964072271,0.963510739143262
0.015253993604655056,0.9741142009481301
0.031150074167382025,0.28131934791036567
0.04564392335619283,0.030045622623476622
0.03002522088913312,0.32307810882111226
0.027556882044425968,0.43002649860263614
0.0214795482029283,0.7454538658159426
0.03851504910736647,0.10029138796676564
0.027421881828906924,0.4364975938819239
0.036331577324779735,0.13928460494329123
0.03416536281938359,0.18932953298520827
0.0336975833101415,0.20180651711360123
0.03290574079549047,0.22438090085246268
0.0223635495292292,0.699222382012813
0.018676838778595606,0.8764620735884209
0.030366957327492672,0.3099410588882396
0.021512322162477115,0.7437640103852152
0.015113566094227954,0.9763359320452472
0.01956672281584748,0.8385194433596105
0.03995274893762313,0.07994903776000778
0.013387552407672254,0.993933531547462
0.02711349047275613,0.4515240757418957
0.022601496604351512,0.6866082615712228
0.017475711396796156,0.9201504731487583
0.018751148460488087,0.8734606130260283
0.04595598281696922,0.028369047048105892
0.03318045968602899,0.21633798486297176
0.01764937572324063,0.9144277095509393
0.024501003400445517,0.5856485241880218
0.02889197720640646,0.3695208224423051
0.02132442288050368,0.7534204304130202
0.031270238630353386,0.27710756427909305
0.016856532255251744,0.9388090999938125
0.03440169932244019,0.18326108070868663
0.031176457157390036,0.28039055793629164
0.031102121515448666,0.283013343911564
0.028908374487181976,0.36881690672965123
0.02923767726534704,0.3548799116678157
0.0131754235847521,0.9950701331679009
0.021148986136654585,0.7623620327949796
0.025545943628992485,0.5314511855250313
0.03337826790028431,0.21068646755037407
0.03203004679508625,0.2515609157566131
0.02954417714143287,0.342248090903862
0.03123152235952209,0.27845940266477004
0.03273410485066797,0.2295217241414967
0.018822842094359193,0.870534378231659
0.028239808008968276,0.3982865865363704
0.04430579136621082,0.038263753842818236
0.029590067615423266,0.3403848776272863
0.030106976560752285,0.3198990604897567
0.018433485560365448,0.8860607707944601
0.031985362386493965,0.2530120967995748
0.02416893665488573,0.6031733188717308
0.02665646321670373,0.47441719453879694
0.04838914045098819,0.01788938052116925
0.03708495135152967,0.12463065430779265
0.033365270981812856,0.21105423947953433
0.02210471357140545,0.7128786223029046
0.017665663410497412,0.9138802398671201
0.02739280593148663,0.43789983056438225
0.03430796976016942,0.1856491324561548
0.03176084792888323,0.26039964932165166
0.022088802663809526,0.7137154125260401
0.023773946930660983,0.6241405905711713
0.02408127409907468,0.6078169382449004
0.030999387367736553,0.28666810481888005
0.02874642252341114,0.3758107670903297
0.0181908319109374,0.8952677521951609
0.047117757697196394,0.022830578045771585
0.034447628071857805,0.1820998025442228
0.016852621049312302,0.9389181372772872
0.044390761420067204,0.0376888157142462
0.03615255499214787,0.14296513503448344
0.020988201448767396,0.7704873928039692
0.012463106963176429,0.9977401450689675
0.04990483875909901,0.013262922621620273
0.024840446803305327,0.567864784600782
0.02200343362579693,0.7181992311678663
0.03288306649017325,0.22505490424068772
0.019742928521105374,0.830528956361619
0.022128371171574984,0.7116337985263854
0.01995834900309018,0.8205698369067365
0.019675004586504174,0.8336262065436904
0.028996254133955512,0.3650604293207406
0.023729042389260324,0.6265303790238197
0.019170194667624485,0.855948161796932
0.037914644304681944,0.10997986856474526
0.012253141180660676,0.9982532465055675
0.01449552981467463,0.9845851327092132
0.028269326656195193,0.3969520657357981
0.030804229177793435,0.29370714633479933
0.02054949957909702,0.7922728027542159
0.03168422194058573,0.2629579049981929
0.01920259251122021,0.8545543011407697
0.04378744750276914,0.041939703317167704
0.04372143897010211,0.04242920707961521
0.022099590966009997,0.7131480683751295
0.015890866382162083,0.962314926903572
0.0478790455095256,0.01974379606931304
0.04622866574303747,0.02697217578503009
0.019249426435436257,0.8525296182336474
0.025789539902156378,0.5190833379583438
0.03988972413642844,0.08076150984437791
0.020436071385527887,0.7978035659471543
0.044016756961737014,0.04027720048046184
0.017737750183269174,0.9114353123256509
0.03737295022331988,0.11937357714066033
0.015923109908771826,0.961640466224073
0.039387068776513545,0.087494142862282
0.02119954816800207,0.7597928132230031
0.014587466272547076,0.9835094910376546
0.030880385327827775,0.29094526256765324
0.01887436232765141,0.8684133272996564
0.02453144424153808,0.584047869958497
0.02087530553835798,0.7761497914317963
0.025568612396381085,0.5302954270233325
0.04658737120259887,0.025227380976081498
0.019276417803362422,0.8513575693439732
0.02295039684913197,0.6680424160306927
0.038420795648222206,0.10176355218148536
0.03445125328700627,0.18200838983600956
0.0337721021662456,0.19977690997751435
0.028352558438026643,0.3932058492562511
0.019179876043913358,0.8555322177604958
0.03251959464990045,0.23607345715274186
0.02541509684887444,0.5381409525213805
0.022773015464900404,0.677489307342337
0.020218438903676417,0.8082851280455563
0.03984094667736282,0.08139508914203672
0.02723115412834154,0.44575080953505974
0.017763103631206756,0.9105669525643966
0.018792972099756944,0.8717571508083592
0.023098119074603796,0.6601669288198184
0.023324844465181682,0.6480735808463092
0.039425063065988974,0.08696927201549519
0.026552642722929398,0.4797215137701871
0.01650603019874214,0.9481343214312201
0.022368416982490924,0.6989648627392967
0.02933380244049899,0.35088311024583935
0.03286117513629505,0.22570711399131857
0.026586135143556344,0.4780061491727428
0.028336374655182683,0.39393234866471877
0.050715152008049214,0.011259542663941384
0.04250475909154383,0.052383712110319544
0.026785988793496862,0.4678534224147884
0.03715809338580478,0.12327787594978774
0.021045816663104067,0.7675837850920056
0.03435796253125073,0.1843723717995476
0.03817299669586671,0.10571993402410629
0.03555111643582065,0.1559106416669786
0.028263275414367794,0.3972253868976601
0.016291870230263683,0.9533866748716116
0.02998666874105632,0.32458512736499073
0.02749784604779451,0.43284832542039514
0.0259300376491039,0.5120038188583966
0.013335788156471684,0.9942274772557942
0.01913664985439789,0.8573855118422373
0.028951227870640306,0.3669817218082113
0.05077558478673283,0.011121693316551984
0.0256028233309884,0.5285530335016808
0.031043192265896247,0.28510548525552426
0.015565907652758892,0.9686939560582707
0.03453775917478996,0.17983782646430263
0.037362213157920876,0.11956624375748609
0.023616374410676433,0.6325304658757158
0.03327149623372744,0.213722579883641
0.03107390962090384,0.28401350964432515
0.03058367282068092,0.3018151157340358
0.02254842276712893,0.6894259374441145
0.0231484395821705,0.6574831868297836
0.023616450816203782,0.6325263952208504
0.022591685487206137,0.6871292899703362
0.03664460754372706,0.13303417238395157
0.01836869148602782,0.8885554675357005
0.016592645536520345,0.9459140020221092
0.02124123675959011,0.7576696525411283
0.017555515290301527,0.9175467974162254
0.03513329132782139,0.16544668623824263
0.017361823192397652,0.9237885942288994
0.01708159947046828,0.9323466282450628
0.02885237815795283,0.3712246594615184
0.01860488047410025,0.8793375015952847
0.03805696619758858,0.10761590113892545
0.019583935364900662,0.8377453054943891
0.025142364029894226,0.5521818893429746
0.019771938282833634,0.8291997508918576
0.03140967633220321,0.2722794912363659
0.044656159609742896,0.035941376163126086
0.04217883629201302,0.0553704313694546
0.03225438012570231,0.24437070790676554
0.03025368974896353,0.31425129880032376
0.02279890853519806,0.6761111908168178
0.03711372317760914,0.12409706807031137
0.019763743239349846,0.8295756260862468
0.020175672357445995,0.8103237428404936
0.017999095685297117,0.902275767171052
0.02104898218971199,0.767423989650337
0.019302860049600024,0.8502057215704572
0.026489174625494688,0.48298308213615343
0.017270056397074685,0.9266531186646907
0.028175997032198252,0.40118201316395596
0.027078445762891923,0.45325312708733373
0.029331662466563102,0.3509717380260916
0.01900211124672585,0.863089466933223
0.024835043391033124,0.5681466853752871
0.022085491295791404,0.7138895222110876
0.036405324362761005,0.13779098675520265
0.024248786688040758,0.598949330199911
0.03256352661022466,0.23472011911587692
0.015422522039134523,0.9712697945579893
0.016138147354176402,0.9569485347809675
0.01731447307331585,0.9252741330333284
0.03211178743579157,0.24892264240737252
0.03753217976894929,0.11654620428943714
0.033599063444733845,0.2045145224028956
0.02779651206410816,0.41870020939099456
0.02278901793192889,0.6766376425270637
0.039518332288677405,0.08569201831156767
0.023382775838688974,0.6449836602246819
0.02947702854838724,0.34498756491890475
0.024734400834870218,0.5734046382483733
0.03356818850744764,0.205368991103971
0.04059568260755009,0.07204809320732905
0.03410600682082787,0.1908782320650153
0.022210114714135698,0.7073271199491183
0.036832690211690555,0.12938991403047748
0.03406248794290673,0.19202003522534464
0.028205271072551052,0.3998519071468174
0.03197470861515872,0.2533590261239841
0.03904583870884076,0.09232839186271455
0.014203365462423179,0.9876746366697062
0.01517230788378221,0.975422796407748
0.02796621780901909,0.4108027286391233
0.02169221220147466,0.7344500434311381
0.03908033802057942,0.09182968476690807
0.03498381637966552,0.16896930320744372
0.025046554498371787,0.5571436048781886
0.01526301032166355,0.9739669689107081
0.022377218726325365,0.6984991343949344
0.03033552299297404,0.31113288935005806
0.01942387342160623,0.8448889389192555
0.02789255195792767,0.4142182686561454
0.02690216445475513,0.46201705946949334
0.031013790838160693,0.2861536003722168
0.020473645783089744,0.7959764177933355
0.026995932977299075,0.4573414928029294
0.029061316573523177,0.3622967435357129
0.03034216516121757,0.31088077322957514
0.026697793510125828,0.47231626479537325
0.021519723852916894,0.7433820605230629
0.030020109385878124,0.3232776270507683
0.02316532910089908,0.6565823467997021
0.031026036294487858,0.28571672170512025
0.0407176227686904,0.07062693280860648
0.01961771620268493,0.8362219230704291
0.024219610742155395,0.6004920399527653
0.017362211802132488,0.9237763362540448
0.020258938829330386,0.8063480315899925
0.0231977995960978,0.6548503875326411
0.02559891965301414,0.5287517389441552
0.029627172078366848,0.33888371759170316
0.02008976577977739,0.8143969424571162
0.019847357314363823,0.8257265070063565
0.029949656952596992,0.3260367206354372
0.023023051326706734,0.6641696797321353
0.027110301973786777,0.45168120999873596
0.03142943650103591,0.2716004180099411
0.02511736280275942,0.5534752291477536
0.04038502315135023,0.07456047207722062
0.020968853559702183,0.7714603902403208
0.01709631354483665,0.9319113145773309
0.03878706133033649,0.09614191831651735
0.019415597565263232,0.8452548844426888
0.02078937874024589,0.780434411061159
0.015582875845092659,0.9683795425301999
0.03575767827871612,0.1513622114839911
0.025242637582073013,0.5470048863839956
0.020076545928026795,0.815021120733673
0.04059112199250553,0.0721017130819549
0.020102950057065,0.8137737388474626
0.024860062189762472,0.5668417777989888
0.03129423169029599,0.27627227304079555
0.043683409339317136,0.04271347684147962
0.018125041883157375,0.8976993845499699
0.027323744341903544,0.4412425455017809
0.02884559710958831,0.37151698208473166
0.031067668358966405,0.28423512900190134
0.031000779643095444,0.2866183415698846
0.027716372111158072,0.4224652953485658
0.030213719778053427,0.31578269356467076
0.018779382064686878,0.8723117784689508
0.028877309951179375,0.3701512708716702
0.021998932365477397,0.7184353634435527
0.0158116521277043,0.963939907413582
0.03494398910843477,0.16991792006325762
0.044546538837009764,0.036654356273688404
0.02602985753981346,0.5069990033251259
0.0328421036530393,0.22627649766648372
0.0365648190919019,0.1346052179841172
0.030463678875807587,0.30629482714236467
0.025850630839700572,0.5160000601372963
0.01698200641415415,0.9352517939670172
0.022125958185974737,0.7117607992654569
0.02074559506862106,0.7826089541822767
0.027470690602776182,0.4341504888712483
0.026761423944435814,0.46909366211397113
0.041432570837654836,0.06276552193972787
0.018612203635988478,0.8790462801104497
0.031059116102744477,0.28453901764605954
0.030683423240160768,0.29812798030578114
0.02966656892657832,0.3372950237851128
0.03178337839023726,0.2596510256554868
0.03068933195150303,0.29791061921121026
0.020126642752828328,0.812652056774964
0.020209393138037046,0.8087169196251652
0.019504102300359427,0.8413238379604199
0.02100094506090422,0.7698459492232461
0.025308965936579053,0.5435896873648247
0.024354658188002642,0.5933581069319991
0.019941915416631595,0.8213366755636806
0.01871186801447164,0.8750512306200354
0.0255876256691423,0.5293267898934525
0.018755634427224943,0.8732783866316617
0.02446461796408539,0.5875631483039323
0.035400981458112324,0.15928502438075745
0.03268028597421124,0.2311522160463518
0.022918914462847384,0.6697200221916427
0.021441419087898983,0.7474169553309794
0.03384707347876392,0.19775113923835264
0.023578997771266152,0.634522024279474
0.019188339010169253,0.855168215035336
0.017746998304427164,0.911119071166508
0.025580864022102412,0.5296711857076435
0.026320623122076836,0.4917143496589566
0.020432633443740578,0.7979704941279862
0.026252169782552848,0.49528918071318107
0.022721128132193014,0.6802498430501076
0.02867210578240942,0.37905103815141794
0.021030552400576608,0.7683539403830436
0.021563072853919674,0.7411428525739636
0.03535535493808556,0.1603220401788749
0.02510029410521941,0.5543587854964022
0.033094043207053225,0.21884354305878329
0.03647394216352612,0.13641297115001846
0.03267359020530436,0.23135569124609784
0.029057107760839584,0.36247507430776726
0.01750821165750943,0.9190955048406563
0.01996975140897128,0.8200370955127365
0.01904449853305945,0.8613030111860915
0.016256158011836608,0.954229649242966
0.024608621600684777,0.5799945955609893
0.02696208670180933,0.45902554587947714
0.027201763319826933,0.44718826282842056
0.020438371242579065,0.7976918735821212
0.02855708209384067,0.3841045899823867
0.032696126625818,0.23067138774478146
0.025576761683198557,0.5298801752946736
0.01454209711576826,0.9840466612396949
0.015814860739125525,0.9638749687309008
0.04091681322219931,0.06835673480605103
0.023773386982983258,0.6241703844191433
0.026848545036165627,0.4647047768572757
0.012289836308358393,0.998171009119016
0.031680351058375855,0.2630876399918938
0.023129083241588688,0.6585155597185204
0.02172881453152231,0.7325473486348801
0.026859511074735276,0.4641542608042869
0.020178352096003146,0.8101962138299772
0.03035782108444962,0.3102871140104293
0.04181634851369287,0.05886322084737527
0.04703217072240384,0.023203108999450973
0.019227360097345325,0.8534849977677484
0.02348441978719018,0.6395633803534515
0.02257600910911206,0.6879616511035436
0.021773427768367992,0.7302249656076418
0.031713438125070215,0.2619802610418565
0.015790454746360205,0.964367051722565
0.020505617489949612,0.7944178057733355
0.01916693658538346,0.8560880282599661
0.031112698046882326,0.28263906184272547
0.026361174351509267,0.4896044976196816
0.04612567130736267,0.027492476664597136
0.028162962485352327,0.40177523486854977
0.025040333350680732,0.5574662797244778
0.017159598248433938,0.9300212089445478
0.02591658552200793,0.512679892683485
0.016004701319167203,0.9598999749304498
0.02117613316636427,0.7609834124008622
0.036108595670734656,0.14388084723982383
0.045961474040251526,0.02834029907658253
0.03055907742545938,0.3027293831256759
0.02181527500897129,0.7280434118343888
0.02184736777996754,0.7263683618241197
0.027907615281952403,0.4135182815882827
0.02052875335544091,0.7932877250099907
0.03268804460257546,0.23091661396358384
0.03663758348462143,0.13317187422431476
0.024825287849409183,0.5686557439567916
0.019498011359053158,0.8415956037724828
0.019548875033786217,0.8393206582598427
0.028486285275493933,0.3872382813968709
0.05334100274354597,0.006504223607556072
0.03225758348631613,0.2442691815008034
0.016644359868360437,0.944561985120275
0.02899516589495027,0.3651067811244618
0.020442373056311025,0.7974974809240524
0.025847783278790226,0.5161436085027002
0.03376500955572559,0.19996939474234304
0.02004551533371912,0.8164834381482661
0.020596820413242733,0.7899523619465474
0.026542933191553986,0.48021954880304446
0.0297183027085145,0.33521698014276535
0.0261758404079534,0.4992949330503536
0.02135488694732479,0.751860209683399
0.024017596883948056,0.6111938653895805
0.02326269866003572,0.6513885434701181
0.021307679203857344,0.7542770381333477
0.01626247721656915,0.9540811703344281
0.03620372061232052,0.14190526243839027
0.030119386724549724,0.3194184893850639
0.04102801818623686,0.06711656892481171
0.02951589076287031,0.34340018963471325
0.022847371989816248,0.6735309209053856
0.033426516377344506,0.20932554526290054
0.025232047939325375,0.5475508295848258
0.029758075113122576,0.3336256794249374
0.03178986830671382,0.2594356857410943
0.0260715128557151,0.5049167568368436
0.020575712516967826,0.790988349090281
0.04984189560088503,0.013431225891328172
0.017354046509662657,0.9240336698764401
0.03033062715940682,0.3113188156945144
0.030956916751644137,0.2881891900026071
0.03591607984020467,0.14794722256516812
0.02200789175565937,0.7179653325228224
0.02704432022100589,0.45494104146122866
0.018261189328634964,0.8926365169740821
0.02381241893151423,0.6220939551529336
0.03525913978020928,0.16252659303914116
0.02066181039002457,0.7867533288695236
0.018896781573125382,0.8674856365802994
0.03102890831250965,0.2856143290716456
0.04011170325063468,0.07793051664867749
0.02252428188143729,0.6907068487351096
0.020889751364569942,0.7754273057264478
0.023972149789454833,0.6136058500145194
0.0227212908843597,0.6802411866113272
0.03767405168144328,0.11407374432297179
0.020417144609048643,0.7987220254399703
0.021797924351516285,0.7289482898422387
0.018792183412330465,0.8717893673384148
0.028345389286805633,0.39352756207855666
0.025179458214094383,0.5502648320093511
0.02010187010989517,0.8138248129388131
0.013359471162376124,0.9940943574733404
0.018118032554928887,0.8979568005959803
0.01752311112662941,0.9186093883043416
0.026025911064272655,0.5071964713863913
0.022679324801171907,0.6824727447142744
0.03415689103011654,0.18954996891487735
0.025616680513358192,0.5278479086209598
0.023199018994355447,0.6547853439553026
0.037478425583353125,0.11749446174662498
0.023036129854526688,0.6634723967197818
0.018893830182150295,0.8676079251194904
0.016322446565334936,0.952657467867588
0.019723593873994805,0.831412740005343
0.03331464736925846,0.21249148850019922
0.0404653724712799,0.07359357699752801
0.018527311624150555,0.8824024001371028
0.028287477743889733,0.39613300064456314
0.034427669997226906,0.1826037120393287
0.033596931390118545,0.20457343800930902
0.025806351474425587,0.5182340977288771
0.025520997951830493,0.532724143608232
0.02179246941190227,0.7292326717119468
0.035249547051653285,0.1627477129111708
0.030561989727325267,0.3026210200388769
0.03507693734836237,0.16676780302577954
0.026276206810777025,0.4940320022292301
0.05573490700117112,0.0038498761311194954
0.015929058201454405,0.9615152163057653
0.029557989098945914,0.3416865400924263
0.03276913737986842,0.22846514263094433
0.023262748083535678,0.6513859070955734
0.037566075336267324,0.11595151343992463
0.020863361040882045,0.7767467118122318
0.02976990937261237,0.3331532412244586
0.024183089151919246,0.6024242495756242
0.020165919468303692,0.8107876452730225
0.03359026943453375,0.20475761488891445
0.01965909196195692,0.8343487349708107
0.02338584096218771,0.6448201841910577
0.04365201392981588,0.04294940305030711
0.024085043619425095,0.6076171316069401
0.02443946539698527,0.5888875567644722
0.019937191113726493,0.8215569127605881
0.02374172795227833,0.6258551625336078
0.017371605568194726,0.9234797012337002
0.03971331064496125,0.083072847922417
0.01955124090752386,0.839214538125827
0.03399874312888429,0.19370219378452772
0.04087637180441883,0.06881255471616576
0.039265193617905314,0.08919577327936266
0.0236062514296127,0.633069806098063
0.05420794613444391,0.005393507399315021
0.021610710193916388,0.7386777568022777
0.032439719828899594,0.23854932472217738
0.04285427673575648,0.049336207551330245
0.0224163433783926,0.6964280082368886
0.016423153107844923,0.9502070246766373
0.03646834197895832,0.13652501491117378
0.03105752007905771,0.284595756137538
0.019983077942566818,0.8194137605616292
0.03598919653566346,0.14639202813215482
0.032713220753547434,0.23015337384978848
0.04212775059374918,0.055851615380886455
0.023643801689656574,0.6310693624279996
0.0281192890306029,0.4037672782169686
0.032145096468669476,0.24785360447208485
0.02252354649402355,0.690745860902857
0.03780388569034904,0.11184916144684988
0.016264247595800335,0.9540395199909166
0.03747024401952065,0.11763934519385388
0.018587060796840332,0.8800447980646483
0.024437391917602636,0.5889967668855722
0.03386317952270812,0.1973180520603106
0.020794109815020168,0.7801990846527611
0.024970772898529336,0.56107823600736
0.01629729862783491,0.9532577172258118
0.03947866587383708,0.08623327965548869
0.03453817438043838,0.17982745799759747
0.03485455692154138,0.17206350798870346
0.015317266802302387,0.9730692600296212
0.03854727219324228,0.09979217479210302
0.03723652723341797,0.1218406336283416
0.026028677715434545,0.5070580341814549
0.017299512631745118,0.9257401759938549
0.021307891183465766,0.7542661973641722
0.026905294000860613,0.4618605052264144
0.03639431121249892,0.13801320843687007
0.023117154568640386,0.6591517522407345
0.02652037824198339,0.4813777645875595
0.03496361592884811,0.1694499139158589
0.04429944280783804,0.03830701644681773
0.021510657894615537,0.743849875974341
0.04554958400471942,0.030569364805193826
0.04054928051511186,0.07259523380086078
0.03344303670626872,0.2088611396902708
0.02289141370069714,0.6711851652803715
0.0362388881130673,0.14118048482190937
0.01475396899568615,0.9814298985260759
0.03945364374938076,0.08657619118247643
0.034484481961243874,0.18117219287433597
0.030819361875506934,0.29315680559667356
0.036871763335021235,0.12864316779945484
0.029382215879413254,0.34888231075153736
0.018872735562202703,0.8684805309059788
0.022620235735464345,0.685612910075849
0.03808246750853367,0.10719680496066776
0.020363479092225023,0.8013192227583552
0.05302611131373891,0.006956801947804642
0.019673227218736766,0.8337069678625143
0.025797118638603123,0.5187004257998861
0.030706332986518592,0.2972858615696433
0.03514729878822487,0.16511960803137726
0.044726967693470066,0.03548731644936647
0.033284368437387246,0.2133547609586205
0.029219527431938563,0.35563818327712743
0.027068876784551332,0.4537260075822303
0.02391277568923622,0.6167591215307284
0.021977744236558516,0.7195464765524386
0.022420849808766907,0.6961893591322662
0.027584840924990472,0.42869444793271055
0.03682885838096667,0.12946333643572971
0.029760244313941697,0.3335390461400846
0.035753969747345404,0.15144291891044284
0.0160025772530189,0.9599459002577567
0.023155846815584247,0.6570881092966129
0.03063332681467401,0.2999755537703158
0.03370522442673962,0.2015976635528007
0.02610874301608168,0.5030588912538597
0.026591441775639324,0.47773472865559313
0.01745746035043505,0.9207396544702755
0.023274075073607625,0.6507816973857595
0.030356943052442742,0.3103203862677384
0.04097414997294849,0.06771489506825362
0.0201963313026865,0.8093398537943804
0.018115806992314853,0.8980384670969691
0.02108465889992585,0.7656211635097361
0.028326359623440878,0.3943823943099832
0.032624474145981464,0.23285246845182844
0.014929456187359191,0.9790490854742399
0.01856008571536688,0.8811118589314649
0.04348945546845423,0.04418918625488055
0.03263652802707828,0.23248444868081908
0.021037602746165396,0.767998295617672
0.03547657288754669,0.15757880472338792
0.02601544297468894,0.5077204200804302
0.02127011983256244,0.7561961612894976
0.040488929517877525,0.07331212453354705
0.03299031708686839,0.22188056258666192
0.029686701456638875,0.3364852417234628
0.015785840084916014,0.9644596113305767
0.027828362143273055,0.41721020453460483
0.027906769507305584,0.41355756301289137
0.038472873283285636,0.10094793379393326
0.04499606649464216,0.033807220208583504
0.025318707990342776,0.5430887109396302
0.033483096022304815,0.20773835680362804
0.03127163224622054,0.2770589955797367
0.029115775949199896,0.3599948503565789
0.023862236367698964,0.6194449773788848
0.029562589689314023,0.34149964126296245
0.026015815019615807,0.5077017944765928
0.025602310865886824,0.5285791173998053
0.018935402327523776,0.8658809010179348
0.025289122284699816,0.5446106353645157
0.01882901849238361,0.8702808993783355
0.022206546572262176,0.7075152795685948
0.03544790235245543,0.15822420888745659
0.03022352668554562,0.31540645261100636
0.03492664582210114,0.17033233170644493
0.01807376832830271,0.8995750028987353
0.03675658645631191,0.13085454010848063
0.018953191007721304,0.8651389516729731
0.021687772672783157,0.7346806557184161
0.03242020955283753,0.23915708867080507
0.0164494564097271,0.9495546829905323
0.043590805515663966,0.04341262431550074
0.03767550885293425,0.11404857593769317
0.022085941380904556,0.7138658578800894
0.023181107459572692,0.6557407478978781
0.012670283983378772,0.9971239075833185
0.021004468094164452,0.7696685392800349
0.020668253895921973,0.7864354028449233
0.021092717486602353,0.7652134728747643
0.026965585116250246,0.45885128953788895
0.03429633329775411,0.18594731415282365
0.02561158918876527,0.5281069388079452
0.046466797820042594,0.025802382467946187
0.02792652865194034,0.41264052835463716
0.012099012114293206,0.9985670563714786
0.04056867640897088,0.07236610352347167
0.02382147956475611,0.62161206315017
0.019282087141954896,0.8511109107611017
0.015516921071893508,0.9695902339625188
0.023904203564429544,0.6172145655623238
0.016532387271801507,0.9474645319847188
0.027537685737663853,0.43094268705579425
0.024017797650225825,0.6111832135562012
0.05058714078006149,0.011556650383843452
0.024472350934619747,0.587156109844211
0.03009848657057318,0.3202281295041994
0.020219734804383438,0.808223243417787
0.013742224771330996,0.9916073702615892
0.04118638189215801,0.06538362652932943
0.0323478409420872,0.24142178148964175
0.02513614136579534,0.5525037003222264
0.023380381973260103,0.6451113360628891
0.031056436570751744,0.2846342795484897
0.03106686803474079,0.28426355680724646
0.026570443106911368,0.4788093430494718
0.023226004849049964,0.6533458792342677
0.043894588549897806,0.04115563352556795
0.040729719969723854,0.07048725364985564
0.02434908262677965,0.5936522822722842
0.03132771035278137,0.27510989751911424
0.027336927545813378,0.44060313791251854
0.04236585977266527,0.053639140954116656
0.023200165973455755,0.6547241631845455
0.035427456698201354,0.15868575714196637
0.026627828680912402,0.47587633435751514
0.02680986101390795,0.4666502142165712
0.045393317016871104,0.03145460225259796
0.017944838209412506,0.9042150437877863
0.02172894883952109,0.7325403624329303
0.019364095584880003,0.8475245367925563
0.030676715890569306,0.29837486219391096
0.028137845290394536,0.4029200579655326
0.03537563551712142,0.15986042961634628
0.03372144255965931,0.20115493570746265
0.02629612243846391,0.4929919340988855
0.014966948380920053,0.9785146774467987
0.020694367295872595,0.7851455799448696
0.04840735171430266,0.017826152821055305
0.029134497638876267,0.35920591814407776
0.026017973978883946,0.5075937168087566
0.03574828663967278,0.15156666563405433
0.022732177532574394,0.6796621141511848
0.02549779001327357,0.5339094647475162
0.030254629371213038,0.31421536376376286
0.023204195541586536,0.654509222223121
0.019980767279088596,0.8195218930083127
0.01613187619307334,0.9570901556969266
0.02253009490203517,0.690398453597275
0.03049945277312116,0.30495421419937896
0.02518040665507426,0.5502158452668431
0.02976010492392611,0.33354461259450235
0.02133475452931588,0.7528915350760789
0.032196106947117054,0.2462232187973766
0.02723305127661657,0.44565812927959286
0.02709412247619669,0.4524791205189943
0.024876702596452027,0.5659743533602
0.027732411279565494,0.42170992058807744
0.022067291657714927,0.7148461830833209
0.027707432914211683,0.42288669050495137
0.027245586423153334,0.4450460801864906
0.032905939728678946,0.22437499437556307
0.03911806324476186,0.09128692973223816
0.027191006897527042,0.4477151116375767
0.024154707694296618,0.6039266105273831
0.038251184342908195,0.10445802491328654
0.021000521340213657,0.7698672842703062
0.02777790626311505,0.41957229534026996
0.024333481044968353,0.5944756142410945
0.020560215081117772,0.7917480165484619
0.016022668538954732,0.9595101803899277
0.017839830246108357,0.9079124113197347
0.027888265878435736,0.41441758883660806
0.031936572646175665,0.25460384069126624
0.031641923494623025,0.2643781797866157
0.02834298536052493,0.3936354781031604
0.024181718485226655,0.6024967891255104
0.03005090176686767,0.3220770544942729
0.02724306262811338,0.44516926351397734
0.03620598462831587,0.14185851196398336
0.023434482592570582,0.6422261052060071
0.023026215926931465,0.6640009625775953
0.025801402159987663,0.518484054132476
0.04041358617735524,0.07421552809323707
0.026127799567290166,0.5021090977883559
0.032702275251052626,0.23048495909726227
0.02838418859914532,0.3917886328674392
0.04012580941435484,0.07775348673570509
0.021569237961553522,0.7408240810511586
0.019065730054372315,0.8604044965486151
0.02994646693514469,0.32616205205684845
0.026896955493153518,0.4622777130990018
0.026356084211651087,0.48986901333596095
0.03823215664467555,0.1047639649331217
0.025820378445006842,0.5175259598764133
0.029719621932009943,0.335164110318587
0.0316360623059988,0.2645754383309499
0.03493227780226704,0.1701976693362594
0.021993256994570942,0.7187330465102479
0.024098464972037603,0.6069058134098739
0.03786711139611787,0.11077889943303276
0.04261305214357086,0.05142257615780931
0.03358275599852456,0.20496548710349166
0.02674506980703112,0.4699205492908311
0.020701383833884535,0.7847986375902545
0.028305598674645327,0.3953164621062883
0.0254964497583563,0.5339779472710515
0.03577852877467369,0.15090909494776356
0.050105664860705224,0.012738551678685178
0.01652937218406697,0.9475414112603842
0.03649608967950757,0.13597059516188986
0.031836722188703565,0.25788504071870544
0.02397548372652908,0.6134288603240766
0.03962938399027932,0.0841918593366449
0.04018463242642242,0.0770189306018204
0.039943329250065496,0.08007002933116564
0.02541599012478024,0.538095176606318
0.01925468216055226,0.8523016941325819
0.023627691823543517,0.6319275316405939
0.024491734591917724,0.5861361124190558
0.028945474011029704,0.36722775452714307
0.015030625648785656,0.9775859154362394
0.02540562439141092,0.5386264564484862
0.030612504513681693,0.3007459627988697
0.021803453375810133,0.7286599937283393
0.02450267683031604,0.5855605034000666
0.013377433374363035,0.9939918602910152
0.03318204312601791,0.21629228291185074
0.023087793311773686,0.6607175841056615
0.033764350180441216,0.1999872967524643
0.03804936515972057,0.10774108124279999
0.031471059118321154,0.270174178883435
0.02140769995874703,0.749150355745285
0.031168497842610776,0.2806705175527776
0.022027713519676695,0.7169250249601902
0.024623815314288366,0.5791974882364808
0.030898604381190603,0.29028738894379613
0.025337223819362542,0.542137004511356
0.01832161799224924,0.8903514566029272
0.03198437550755662,0.25304421837654056
0.029335112590001655,0.350828857810121
0.04278755458910999,0.04990583825841724
0.021531248629080124,0.7427871205345842
0.03160597871323534,0.26558964661236906
0.019139092603760316,0.8572810455219683
0.02546218447391088,0.5357299084875317
0.02970997416038401,0.33555089757584194
0.04141963788719627,0.06290079173526877
0.01850337768725438,0.8833407243097159
0.04243948866728248,0.05297046092955959
0.032718464588920804,0.22999464600848094
0.024029735200589264,0.6105499097394008
0.012654288174004269,0.9971757150313175
0.02364390000727179,0.6310641253739967
0.027412165003323358,0.43696586927543785
0.018032435805753977,0.9010744539088731
0.03316752282557289,0.21671165470457518
0.03424427660695506,0.18728588589010478
0.024456633862026345,0.5879834754352973
0.02721792072041157,0.44639765078179244
0.030207975249915975,0.3160032336638377
0.025254082579915987,0.5464150579912691
0.030831240766691748,0.2927253326774838
0.019677703313754624,0.8335035519050324
0.03041530314318497,0.30811455592194675
0.019240912949278766,0.8528985166611278
0.03557584461562885,0.1553604114163566
0.017482086195871327,0.9199441297180824
0.022828683003718653,0.6745260819690871
0.021868261866816896,0.7252769006348038
0.02245776931941207,0.6942334890665527
0.02785814306379586,0.4158202682731279
0.020582044399077404,0.7906777338994164
0.02983114272442261,0.33071643358639125
0.015409360798114946,0.9714990098063894
0.031857232573455074,0.257208450933514
0.015117088736030238,0.9762818265520292
0.02524009186923204,0.5471361120109854
0.021706130469346052,0.733726820197316
0.034004993739649214,0.1935367364642754
0.019130884869608844,0.857631930147925
0.03065815179981818,0.29905894866052446
0.03270340186070786,0.23045081241981175
0.0272501241054815,0.4448246587029742
0.02835541241482084,0.3930778288714585
0.014684376495488982,0.9823199931466697
0.034212515567092816,0.18810630646303425
0.02862291151132257,0.3812066651422579
0.022062823815620414,0.7150809653773159
0.021158815140926435,0.7618630996762275
0.026017332924260783,0.5076258070129797
0.03684261236608444,0.1291999519572642
0.02478034728401346,0.5710025094408087
0.03001510554293152,0.3234730295255658
0.027464164165559413,0.43446383819742257
0.019745437416488043,0.8304141507968835
0.03247020069263734,0.2376021812908334
0.014612698096239107,0.9832053380770786
0.018392720996552037,0.8876333291027898
0.02596617647779975,0.5101894396814431
0.028240999049361504,0.39823268043074905
0.016728595367206833,0.9423175883392422
0.029316404087674774,0.35160413153761677
0.04105514250714226,0.06681700310812796
0.022440960109050945,0.6951241383573861
0.033613194817591174,0.20412436133550205
0.024607189841897026,0.5800697245399781
0.0230907955517195,0.6605574817014347
0.015677154270230087,0.9665953380826009
0.018133862803956596,0.8973749847317661
0.021122409748946636,0.7637098350165521
0.027195189675241482,0.4475101903933111
0.01720282407362872,0.9287136012126603
0.03551045065895819,0.15681890700827017
0.019849878436533963,0.8256099684344282
0.016455047365769748,0.949415365538184
0.024360153711268207,0.5930681856954035
0.02319585379450695,0.6549541777911467
0.019974251873290494,0.8198266745020082
0.03421597619961997,0.18801677743766632
0.03584616345528446,0.1494468030107545
0.0315097431904382,0.2688536754301317
0.02069659579880373,0.7850354056314489
0.03820970466220042,0.10512591937182718
0.032745184422713125,0.2291871586596641
0.01698411627135299,0.9351909959685116
0.032283671544975245,0.24344355043511037
0.020658824665467423,0.7869006003895941
0.0352640658852823,0.16241313598804483
0.05781097106745803,0.0023979725007995316
0.02269938066234556,0.681406402787257
0.03127474992463808,0.276950364855003
0.02618597481241769,0.4987618914153577
0.020588408972709304,0.7903653791898418
0.03384905106402836,0.19769792241547177
0.022692086685886514,0.681794242170601
0.04268357705245557,0.05080486271673072
0.03653605064579607,0.1351753663056071
0.042952936075135284,0.048504224425201845
0.03177764918530662,0.2598412367487428
0.02665988609050024,0.47424296947771194
0.032368350328648654,0.24077830765679928
0.03483933475312806,0.17243084512883416
0.026726830556824344,0.4708438751013168
0.030967316176889303,0.2878161822173461
0.02468505482286018,0.5759876118829832
0.016549232285208812,0.9470337814049811
0.024568098156920515,0.5821219550425141
0.024521563421336712,0.5845673102247064
0.024811823666251176,0.5693585424074354
0.02822872552297845,0.3987884176784084
0.02737099419409711,0.43895372137239774
0.027475645573517726,0.43391269080325606
0.014927874028516142,0.9790714358575188
0.02766036187119547,0.4251103273330067
0.040451825312638856,0.07375584915542034
0.02382473486812875,0.6214389401582998
0.01366985186103735,0.9921282691289512
0.024426719080289927,0.589558979186551
0.017959940660127904,0.9036772141977744
0.039423108831563525,0.08699620402651864
0.025833923881043663,0.5168425111920465
0.035405226129458456,0.1591888241937707
0.02711462526183761,0.45146816030413434
0.017398136115588214,0.9226385450378333
0.024038818101102533,0.6100681202443278
0.025002660875565352,0.5594215256364276
0.02028712757573181,0.8049960765016898
0.02147904533315359,0.7454797765398357
0.0292863044251801,0.352854010312332
0.031226621297453183,0.27863088114782125
0.02262526778900173,0.6853455841907297
0.04624529610393041,0.02688898455873689
0.037681879303688715,0.11393859879616343
0.02831739736344463,0.3947854330335468
0.04498358560088278,0.03388357242169548
0.025492853461145437,0.5341617223339246
0.028056909013027292,0.4066243254048459
0.04051323566667725,0.07302268001457984
0.03374480817161607,0.2005184311362435
0.024964944244710296,0.5613812235572873
0.036074764505020784,0.14458881060348813
0.02714884987793531,0.44978394161816154
0.025157789725010607,0.5513844049966512
0.033755934582488156,0.20021589005518234
0.051133543837820705,0.01033598662075406
0.014793575794619152,0.98090973486499
0.025742650575702353,0.5214549626036412
0.025191110641188896,0.5496630895146586
0.05631144782372066,0.003381451442493422
0.03899298609849666,0.09309680301814506
0.030776449703400988,0.29471940778834865
0.02699488916158327,0.45739336772659595
0.019051800663070828,0.8609942630282815
0.03508998192129967,0.1664612497676159
0.04900931553202459,0.01584547656979641
0.022338717369081773,0.7005357876384797
0.03243587951560234,0.23866886074131402
0.021495278783648097,0.744643065304233
0.013937028888065639,0.9900792971938323
0.032964977204828494,0.22262741996611288
0.040358139466698084,0.07488637614828966
0.03175007072303987,0.2607583208292317
0.03525721388234715,0.16257096717784428
0.04519859051348213,0.032589202558391664
0.0339890031234622,0.19396023890798422
0.020883746872547376,0.775727685697041
0.02401869188888539,0.6111357692891453
0.028016221313751588,0.40849530528349853
0.056685911084266016,0.0031059711831139857
0.028313793094567774,0.39494759967289195
0.02015390206607015,0.8113587446783863
0.03343655240715171,0.2090433251242587
0.01805918046797894,0.9001054977088395
0.04205687628375193,0.056525144844418694
0.03526517614900515,0.1623875733788887
0.017153235235944697,0.9302125580568773
0.03236477321568135,0.24089044375711618
0.022226356760623567,0.7064704335057965
0.017560849263745626,0.917371184336333
0.03024666638393847,0.31451999627472005
0.018177830832429298,0.8957504940854641
0.017677483871186422,0.9134817794482236
0.02213827301782101,0.7111125639104519
0.023128433609150956,0.6585502071107602
0.04059267937308486,0.07208339890173729
0.03467197118158072,0.17651089405619896
0.014831216277854109,0.9804061718708468
0.028546493495288816,0.3845721478771349
0.022278253175761153,0.7037311108680917
0.02460031921755651,0.5804302832139293
0.029625729217574226,0.33894200338244757
0.027505661889790922,0.4324740263051049
0.034293671238692036,0.18601558191567924
0.029234642092797636,0.3550066363550277
0.03163943540648828,0.26446190296830435
0.022039039440328312,0.7163303545915913
0.03333145427474132,0.21201348489141114
0.03610072337236958,0.1440453347130857
0.025289990820706154,0.5445659353817214
0.025468144945896665,0.535424999109675
0.024577707089485784,0.5816173351588246
0.024534267272456084,0.5838994825460034
0.041806252801822485,0.058963145719713714
0.025170320705604127,0.5507368575823881
0.028190898176261192,0.4005045790543959
0.019571040721389765,0.8383253772259514
0.03505352217452362,0.16731920079409449
0.016421580469062613,0.9502458656552013
0.02106526845433221,0.7666014319444152
0.03603902120130159,0.14533984886334678
0.025035177311890533,0.5577337554726451
0.036658771956940506,0.13275684192618323
0.024083400248319675,0.6077042385065712
0.034730054215650896,0.1750863270421988
0.024236894838714385,0.5995780295916644
0.035401015743890846,0.15928424714951767
0.014145598144133603,0.9882284611159996
0.019703562283906573,0.8323265838908214
0.03355177631605638,0.20582433345796572
0.022013787099723403,0.7176559854533079
0.02657665041989088,0.4784915180960568
0.018091189006273267,0.8989396669637512
0.05088052773853219,0.010885933460189403
0.026016016149376098,0.5076917254845209
0.03908558847194643,0.09175398468660315
0.024168615191304976,0.6031903354595228
0.023605968034435487,0.633084905574165
0.046551368793875114,0.02539787272257501
0.05868086662741118,0.001956406060638227
0.030245072320847,0.3145810047216505
0.022296194510908973,0.7027833843314141
0.019522133539721542,0.8405182648566267
0.022146788319856503,0.7106642166789522
0.02991690833114491,0.32732502874049496
0.022701359412798605,0.6813011819425345
0.014802319712602374,0.9807935607001189
0.03178721420096575,0.25952373450239663
0.019667289554525125,0.8339766617335451
0.0349343332708435,0.17014854359064774
0.034624362067295605,0.17768542279992097
0.031898239340412804,0.25585975856492593
0.017441109412287603,0.9212655051810484
0.027489008447967533,0.43327181893530536
0.020759719700041895,0.781908096271559
0.021273332330270844,0.756032148431206
0.045443281372711475,0.031169137985975034
0.02375252117305504,0.6252807309768584
0.030751252897543546,0.2956397857975248
0.0308684307088799,0.29137753256064297
0.015806615873569185,0.964041685636711
0.014547052909058888,0.9839885898278217
0.017183242977842378,0.9293076070191009
0.03923373002338121,0.08963955290566868
0.02098561636875046,0.77061745623953
0.021858905574896392,0.7257657410042315
0.02583403029781456,0.5168371433055639
0.024945017138640363,0.5624174650784686
0.02910787476370935,0.3603281744025402
0.03150907947793158,0.26887629072251923
0.023053265293504294,0.6625587585545613
0.03629111276701891,0.14010971504383896
0.02438292127506947,0.5918673952584831
0.04270914438695461,0.05058251184581105
0.025954122734889173,0.5107943024982708
0.01964567229530212,0.8349571541587315
0.03523003060361701,0.16319832563309405
0.020039583238547265,0.8167625387316776
0.024836288094022274,0.5680817444988833
0.02622229844561047,0.49685436150211104
0.03421055091300296,0.18815714841558817
0.027756105995020208,0.4205956811469778
0.02732218553529575,0.4413181912680499
0.02079028548702755,0.780389314271555
0.017081510426505853,0.9323492578265562
0.016788662359753626,0.9406852888768422
0.01865940680950956,0.8771614704639437
0.014293070607808794,0.986777963155273
0.027209446559702033,0.4468121911966428
0.03224193190667746,0.24476554351497085
0.02805442306445549,0.4067384701891997
0.02178953116312532,0.7293858299800248
0.020410374858053304,0.7990502291240781
0.03592285047611743,0.14780265246529944
0.02390424352619469,0.6172124422526037
0.042469622809262864,0.05269886947535714
0.03273707629286038,0.22943195984058656
0.014977783893683427,0.9783585183324806
0.022352268706982148,0.6998191175181094
0.02130308488896321,0.7545119681717853
0.04988373400944246,0.013319141721887546
0.02310901032912749,0.6595860973859112
0.02512854918405888,0.5528964216990171
0.026777415466252785,0.4682860314619201
0.013299128641424851,0.9944290532883796
0.023002484361429293,0.6652661222734146
0.052999317513592215,0.00699660674902566
0.016758252560554646,0.9415149757875365
0.03200769309448015,0.25228608837253313
0.01153494788407794,0.9993539755939985
0.015139013637424092,0.9759432024824528
0.020391511598001455,0.7999638650107092
0.017567894647301352,0.9171389217232319
0.026815138654456894,0.46638448479911865
0.03431099233227486,0.18557174153058556
0.031403153608521084,0.2725039285794773
0.022002520818771076,0.7182471186239404
0.02477945065196485,0.5710493590996955
0.040678728981829226,0.07107761194150287
0.04251916730992744,0.05225494735296682
0.0568598134545637,0.0029852112510891015
0.020379138263996066,0.8005624628840948
0.038061447874109394,0.10754214972917835
0.02711403054792172,0.4514974635807249
0.022291108640166868,0.7030520743540061
0.029919862637520223,0.32720865742734095
0.025782592740097976,0.519434441762974
0.022323048296756798,0.701364218067748
0.02130050863574451,0.7546436828838433
0.04126309317337673,0.0645580157849755
0.026141012407704334,0.5014510268910087
0.024958886692369397,0.5616961635516404
0.04213498259411913,0.055783278272808275
0.029857079329924874,0.3296881642138506
0.026277542549857924,0.49396220090631604
0.038705711245210966,0.09736759199947281
0.023048501871285487,0.6628127443304508
0.019183234126467053,0.855387827680268
0.01832550375640063,0.8902037303723596
0.02287304958128278,0.6721633758959371
0.023954796515498644,0.6145272122253351
0.027696086588276936,0.42342196842781843
0.029212170592769038,0.35594586805329953
0.021952294868604838,0.7208801697942773
0.015017009689384075,0.9777867554655894
0.043094832636156655,0.047328928003287314
0.03361275996823526,0.2041363586651005
0.022586802675529427,0.6873885698670967
0.023946071932875568,0.6149905164891227
0.030309231998938785,0.3121322808495504
0.015175450779274402,0.975373284963303
0.03461632125437597,0.1778844022823942
0.015987945291630723,0.9602613695513338
0.018105148381226455,0.8984291355738809
0.020842352671891606,0.7777955653918027
0.03317098687970388,0.2166115495530824
0.03730859473092263,0.12053220694315438
0.024130976020009243,0.6051833670558859
0.030354983150648496,0.310394664451735
0.01948197926320186,0.8423100611012909
0.017891481072910942,0.9061030124466595
0.03410216482740372,0.1909788187731818
0.016125721208948507,0.9572288724739201
0.015996541395222108,0.9600762243605162
0.02437033920557663,0.592530923157569
0.03607698561774425,0.1445422444548716
0.026279510473179113,0.49385937525981766
0.02164073633918051,0.7371216996532921
0.03319108822336814,0.21603136272090784
0.02171850450865248,0.7330835403775091
0.017340290157464328,0.9244661376222496
0.017438613877638898,0.9213455965551678
0.02974568124560889,0.33412097525302686
0.027739613300056476,0.4213710352483495
0.02837581928184485,0.39216328236836456
0.03479601375255814,0.1734796716721886
0.0330525282544506,0.22005518495367737
0.01805463067938956,0.9002706676670301
0.0168635752627051,0.9386124714645327
0.03156142305460419,0.26709712066285357
0.02672781222199533,0.47079415005337955
0.018155055303121448,0.8965935438586012
0.019726833751690404,0.8312647642572549
0.0261918233014099,0.4984544428257946
0.027775062806595585,0.41970568172504474
0.02100574537730937,0.7696042104217901
0.02881712793626634,0.37274601819526615
0.0395679188749255,0.08501941452659202
0.020612014323886263,0.7892057143911766
0.022857069693510423,0.6730144709597496
0.02003830329826406,0.8168227399454566
0.032544699227495366,0.23529937274935675
0.03716534021643647,0.12314450257661022
0.02147510635595873,0.7456827164956761
0.02525070684942088,0.5465890063655359
0.02813514525945024,0.4030432567924637
0.027796504830843838,0.4187005481868499
0.02087344538465974,0.7762427794529937
0.044381581213329246,0.03775056639239681
0.031384932200274995,0.27313163465507534
0.030561895528136873,0.3026245246258449
0.026968962017146825,0.458683127227382
0.02856132143533971,0.38391750560616617
0.039559066046635005,0.08513916950299664
0.02487253171205156,0.5661917345006872
0.01484441859851822,0.9802274067204128
0.02328414468750528,0.6502445610414884
0.03490101324156858,0.17094628739585033
0.02221637610678112,0.7069968998782616
0.03320766431129529,0.2155538325140993
0.021498839723777585,0.7444594513176275
0.020625795286302262,0.7885278379892171
0.03150503397709814,0.269014167708155
0.03258042226069502,0.23420122930478962
0.0377508360360449,0.11275374708269313
0.020152418088398183,0.8114292276759003
0.032151757668721026,0.247640235841077
0.0167266901113145,0.9423689293593706
0.05534248602937625,0.004202089484871031
0.034313416151190546,0.18550969968222486
0.02641217296667664,0.4869593722268434
0.036927172627788996,0.12759025787147704
0.01748799737304496,0.9197525380535052
0.04889665480926764,0.01620043802936396
0.04024324986398209,0.07629279240310566
0.049281993914092936,0.015015039685364837
0.033414747542586665,0.20965687074829797
0.030340952294226453,0.31092679874949264
0.031724270081778694,0.2616184947531485
0.025122442803526823,0.5532123541187373
0.04618807490052762,0.027176182014794974
0.01946898089631477,0.8428884013927486
0.028552485018195517,0.3843075331378723
0.031224525373588552,0.27870423743302564
0.015341567495968711,0.972660621914488
0.022425437128663184,0.6959464067836885
0.014667824606278579,0.9825272510540347
0.030043970886327043,0.3223470017847043
0.028944330866647383,0.36727664876080734
0.03941230383123506,0.087145238174165
0.023056961475251825,0.6623616746690066
0.028160967566536743,0.40186607985400447
0.020023831102612133,0.8175029603383579
0.034533499340380636,0.17994422990799905
0.03289289801574102,0.22476246652754844
0.018561066432927764,0.8810731412243289
0.04095707925665781,0.06790544921526233
0.020065909560662454,0.8155228031630933
0.0274433311567569,0.43546509625685154
0.029489371459964553,0.3444828355898184
0.023796455306372533,0.6229430934874307
0.03292206312524404,0.2238966771461228
0.01953156100970621,0.8400964525004988
0.022689299579712885,0.6819424310599149
0.01759917636841901,0.9161034968326917
0.03237195615700006,0.24066531172929745
0.024233973658589147,0.599732486906814
0.017735248808536608,0.9115207468334945
0.02849016886696909,0.3870659218230152
0.031751944756091444,0.2606959251933277
0.02732806104134944,0.44103310998786005
0.03384008754059309,0.19793922073358114
0.033124205319085775,0.21796648421172557
0.026428437008476302,0.4861177562256131
0.027614923318883267,0.4272643408416576
0.024587365557176333,0.5811102259570533
0.02142416209145498,0.7483043993613092
0.019306138915672344,0.8500626411553359
0.03803854968709636,0.10791940725952255
0.030783999017176877,0.2944440622466334
0.015951848035926725,0.9610329614767233
0.019358691694902896,0.8477619099565386
0.021534665348824977,0.7426106875471385
0.04014358050089617,0.07753094699463008
0.031977020268551815,0.2532837188525018
0.02393556612138026,0.6155484776248574
0.018514824648729333,0.8828923840107987
0.04873534375661831,0.016721088398566515
0.057473502582081504,0.00259284794938162
0.01362758157681132,0.9924212033589006
0.03131223784406417,0.27564664603421324
0.016171058362552393,0.9562005771665144
0.02712035916446992,0.45118569909506506
0.038398640191171785,0.10211220035672633
0.024507448109511665,0.585309556359155
0.020703495767627644,0.7846941793098307
0.01943123057528645,0.844563331603267
0.01690832891323263,0.937354550323133
0.04138728910620704,0.06324023007433911
0.02945084858025876,0.3460598729508522
0.04165250128180298,0.06050301849867845
0.03957168460623184,0.08496851729015849
0.03295705464513843,0.22286132413319454
0.01796486903154626,0.9035013763129414
0.023477898469857816,0.6399110765275288
0.036934481923736995,0.12745189152907987
0.025273095683681718,0.5454356901694122
0.03807139267463511,0.10737864560298896
0.046198587421432236,0.027123216554427922
0.023136569854458444,0.6581162658595419
0.04008860429428307,0.07822114066997317
0.03750986378301224,0.11693910395958158
0.03448700531325655,0.18110881736579645
0.023174473781240934,0.6560945830881595
0.023241820241425792,0.6525022507415946
0.025919690685266783,0.5125238005953725
0.02256016680407813,0.6888026342290556
0.03156863316387859,0.2668527422688007
0.04795923549157177,0.019441363132350127
0.023804182329799528,0.6225320598866826
0.02345960242981837,0.6408866141104115
0.028394774129437028,0.39131513080472996
0.03379527208643274,0.19914911739936378
0.019381676425374195,0.8467512570487948
0.02008588564807312,0.814580217282469
0.026475138097782125,0.4837063425796107
0.027275923235424604,0.44356715736109
0.027128748179708395,0.45077265428574875
0.017080912266666082,0.9323669207594286
0.027079127739215697,0.45321943760823746
0.030764429779799318,0.29515820199038617
0.02245451699925033,0.6944058356789122
0.0188762710219863,0.8683344577580172
0.03231287370530067,0.2425218904080876
0.03739224070444991,0.11902806895584284
0.02686022091460971,0.46411864027209215
0.016294372327973705,0.9533272617096158
0.021872920372538296,0.7250334535898592
0.020524010690350425,0.7935195328459936
0.02456754927620547,0.5821507832438799
0.028209982615382934,0.3996381160483957
0.0370275815091477,0.12570021698349668
0.03593151558818558,0.14761779706224723
0.028464835260189725,0.3881912263480467
0.03383430636273982,0.19809497260724904
0.0299297713056772,0.3268185696231073
0.025134875330235784,0.5525691821971153
0.03076891459367448,0.29499442489598804
0.036896701743279914,0.12816840210275593
0.0348483039334716,0.1722143279044307
0.014076679227994104,0.9888654941953023
0.0248773316540154,0.5659415698446778
0.03290151245304057,0.2245064719043708
0.019101098843922082,0.8589022672805577
0.016224640238760246,0.9549658174747492
0.016254434299424192,0.9542700993546441
0.02746450080340812,0.434447671718176
0.03751719932172126,0.11680983280771684
0.026263630616743527,0.4946895032694247
0.021640007519638238,0.7371594901752945
0.043624560796680145,0.04315663228095153
0.028039438864995714,0.4074269499731549
0.01825573461238661,0.8928416433225704
0.04609013814591589,0.02767402664490087
0.03397610387163119,0.1943023985093055
0.02143147214712804,0.7479285582176867
0.03470271768145916,0.17575565143888527
0.038303562602134716,0.10361968271320275
0.03374195612289799,0.20059603949038363
0.03207522239762883,0.2501002106650923
0.031522158089957286,0.2684309141560916
0.026638481507772704,0.47533315337027326
0.04653070629855727,0.025496181350654602
0.04291025333345211,0.04886266126332358
0.01837461167792015,0.8883286129962038
0.02552414854209334,0.5325633074989531
0.023123230625351487,0.6588277001179227
0.03249613584169753,0.23679855652991244
0.016512765044362,0.9479636618655163
0.02768260411020443,0.42405861896658353
0.033046493216427164,0.22023175265301453
0.024948902971109188,0.5622153492841696
0.033466455495235414,0.20820418539850158
0.041483070796734245,0.06223970725514784
0.028758685373254878,0.37527796789414664
0.020400025549941136,0.7995516537877462
0.022588921551772945,0.6872760585734267
0.023009153548800954,0.6649105943211875
0.03893290257735227,0.09397683528049464
0.03456517513091051,0.1791542146697136
0.020613498232348815,0.7891327521396269
0.011810864887575767,0.999031880723123
0.01700606357252743,0.9345566379398375
0.030271150427946703,0.3135840200852001
0.02861492532207849,0.38155741521277065
0.019036908848240275,0.8616236094146402
0.032992789386735,0.22180779877136445
0.032833018860639385,0.2265481151188634
0.013825230512411912,0.9909791307674758
0.042747021196017476,0.05025465480996253
0.031956705767531624,0.25394608983740585
0.02294200659492851,0.6684895419173066
0.02244969933157881,0.6946611155801286
0.01604433861204485,0.959036915922714
0.028684004713983274,0.37853092546888273
0.017567397884220792,0.9171553096635445
0.03347238511781658,0.2080381005857376
0.03364378915280297,0.2032816562291206
0.03948956878268728,0.08608422015751524
0.03749394499885278,0.11722003945216768
0.01852477923934988,0.8825018465185331
0.029272428757261437,0.3534312564780183
0.019793721263571817,0.8281991849394741
0.016475307448520105,0.9489085862340213
0.029071515024880257,0.36186488430940156
0.018226913669748823,0.8939223164227535
0.038709622078801464,0.09730837190874718
0.018059982464577184,0.9000763689292962
0.011809071132927396,0.999034331842775
0.027451804344489128,0.43505767833387815
0.030641198907452816,0.2996846712656624
0.017592817958896334,0.9163145109755881
0.021169279202345792,0.7613316581471576
0.020194111364310485,0.8094456591550295
0.03192115182811106,0.2551085120791384
0.03804643316876166,0.10778939990434627
0.041071856289051745,0.06663298145429446
0.03265733487576539,0.23185024067494295
0.028315130312387693,0.3948874289421775
0.03063624288337813,0.299867777586311
0.023587526118011126,0.6340675622698603
0.020272585032951707,0.8056939251086014
0.033499540016740326,0.2072788278882563
0.030501936079694286,0.3048613133532067
0.02288143434059009,0.6717167577096559
0.03910795993940264,0.09143202240239712
0.02285693980463044,0.6730213884460475
0.02647991258810163,0.4834602486461648
0.025904352541156084,0.5132950223883539
0.03139994022544401,0.2726145473057357
0.02085986379165289,0.7769214050444436
0.019167276118429166,0.8560734550446196
0.026144361019702134,0.5012843088710031
0.047563138321360554,0.020976438125802646
0.02083961852001348,0.7779319722698488
0.04474849464034891,0.03535027356407828
0.01876374157795635,0.8729487660568406
0.033414480171632954,0.20966440272368064
0.02470924147172765,0.5747211857055115
0.025919617957257723,0.5125274562977866
0.03339345869732224,0.21025724764005616
0.03768321480388526,0.11391555430865793
0.028541081105805027,0.38481129435947015
0.021443431896228105,0.7473134038851377
0.03155780360894056,0.26721986101352896
0.024194805726484192,0.6018042430928704
0.03774644748596623,0.11282884907885922
0.03128762893862702,0.2765019525088153
0.02868566483802193,0.3784583996988666
0.023020116052607564,0.6643261683856547
0.022843554996308107,0.6737341830220902
0.049273981284937984,0.015038873853391348
0.027907984223333626,0.413501147156204
0.046472351508855925,0.025775644874044604
0.029779218709900968,0.33278194006841305
0.041352577601174445,0.06360620151331055
0.022541194255360164,0.6898095298346583
0.02223889871689466,0.7058086963539815
0.01922953902603053,0.8533907722259393
0.03326190343351232,0.2139970109036244
0.01902878359976512,0.8619664816355577
0.02668925459085192,0.472749822023872
0.01676461473175994,0.9413419547869739
0.02636592150540451,0.4893578885963228
0.025553645673474346,0.5310583913932927
0.021806941858004303,0.7284780693645765
0.03360013555541541,0.2044849015010588
0.03343036096600516,0.2092173977344015
0.021613041041547487,0.7385570270273851
0.044106704941974106,0.039640933928996244
0.024979133585557756,0.5606437160707816
0.014110413340138683,0.9885568755748967
0.017940670487393673,0.9043631975877887
0.013093025319235396,0.9954648762621003
0.017090876183794568,0.9320723606088743
0.026598867543077387,0.47735508821357725
0.029975299722816873,0.32503051813358386
0.024398017340407196,0.5910715084083772
0.02622420314009566,0.49675446592500266
0.022015133935004982,0.7175853057933247
0.021562454131168307,0.7411748398660265
0.01649458529793546,0.9484235656458083
0.029850491373833443,0.32994912784655034
0.021022918168841942,0.768738884943118
0.03594679914503385,0.14729220376937216
0.017619130798665616,0.9154394549503826
0.0364669170389571,0.13655353585266966
0.02264261171898352,0.6844240604860656
0.032449651619547715,0.2382403938335127
0.033047712514895355,0.22019607069073985
0.02067667714826027,0.7860195922045075
0.03914006937175618,0.09097156931921777
0.037783385572987216,0.11219800928452509
0.020183484213129765,0.8099518972050532
0.021295489887715513,0.7549002285157762
0.01996857476620517,0.820092095835629
0.03791866548378997,0.10991249165606874
0.037134090179232415,0.12372048647959895
0.0364713821744137,0.13646417996260893
0.02048789078409108,0.7952824186976619
0.019331314206814554,0.8489622331038755
0.0272863793927155,0.443058180020782
0.022797502857490826,0.6761860144667218
0.037692441503384244,0.11375644970117116
0.021726164728899766,0.732685174849073
0.03255388222121275,0.2350167070186203
0.017652587835169875,0.9143198873929665
0.022842253653008848,0.6738034805246071
0.035416288910012694,0.1589383190998824
0.018356295744634044,0.8890297478379409
0.013759301686999792,0.9914808397910626
0.024311050884387342,0.5956597351202968
0.038036933287425745,0.10794607952695415
0.04038661524155235,0.07454120934626925
0.028695771924328817,0.37801706157250065
0.02388462658772228,0.6182548798294525
0.03547345562499593,0.1576488750120359
0.018106075554780887,0.8983951813915854
0.022546866656009135,0.6895085184211162
0.02396510144388242,0.6139800529608996
0.0334153004276001,0.20964129636489168
0.019051965096175127,0.8609873071339917
0.05686353159287716,0.0029826773031374917
0.023596929425786284,0.6335665030899034
0.028778609788958964,0.3744134167397794
0.03481344263510183,0.173057099890763
0.022432449689100464,0.6955749716840623
0.01642976242508476,0.9500435885913906
0.018877282837857445,0.8682926399416939
0.020624458330243067,0.7885936294828066
0.01799994178356329,0.9022453712794114
0.03746703775002724,0.11769616360952913
0.020449564526654362,0.7971480039674873
0.023312545927747563,0.6487295921800492
0.026303258410544206,0.4926196098581615
0.018087981672631037,0.8990567880590697
0.029324528577999442,0.351267305765756
0.03603367841556393,0.14545238216909212
0.024776017768333713,0.5712287397870099
0.020248559985536874,0.8068450476953524
0.04173954703967242,0.059627047410110295
0.02084567467462954,0.7776298004643121
0.020941649271162377,0.7728266925898921
0.03272660716043552,0.22974834190297963
0.03663323185633649,0.1332572431813362
0.03854495731079227,0.0998279687494566
0.02522143184317638,0.5480983251700202
0.03802790350704294,0.10809518074850621
0.023278822169676694,0.6505284760910639
0.03980038655961443,0.08192512034963642
0.02426742826057604,0.5979640528167306
0.023549731828278575,0.6360817356196135
0.03120148848176274,0.27951146691541584
0.03094118575925875,0.2887541123161628
0.029288937230618983,0.3527445578894202
0.018022387263351092,0.9014372955376472
0.01972149427945602,0.8315086097730845
0.02227486889703223,0.7039098409677287
0.030715876661494668,0.29693557233062956
0.028474152925367813,0.3877770769002777
0.038947442281125344,0.09376323932452484
0.029427650756789325,0.3470120240907574
0.033005111230792195,0.2214454216559937
0.024640584510307706,0.5783180588896663
0.03158691802978608,0.2662337512278755
0.01964053057815629,0.8351900463381865
0.015640258601421375,0.9673011217353197
0.04331463026182397,0.04555710645048202
0.03899920693029024,0.09300608288960609
0.0321426194497835,0.2479329828977894
0.025493824271465404,0.5341121104250095
0.023671233269099368,0.6296083216767882
0.0171490968919209,0.930336850095455
0.036069135958761045,0.14470686877628441
0.022311966599015354,0.7019499560481799
0.020436672162292835,0.7977743910930734
0.024829916106018146,0.5684142181262336
0.031125754217819157,0.2821775386111985
0.02461400414397774,0.5797121787844957
0.0342278970404839,0.1877086339511516
0.024101693691248816,0.6067347161415324
0.017180498504754116,0.9293906421417735
0.01539561262885314,0.9717371587105855
0.026237107493713108,0.4960780098955104
0.02998377498144794,0.32469845081700016
0.03297953828836142,0.22219801564517405
0.026619701738250623,0.476290993954492
0.01737262575730858,0.9234474481602849
0.023290443734419963,0.6499085567623917
0.05835339957073138,0.0021129345378949568
0.033725761682766836,0.20103715920593826
0.028702397050296535,0.37772796291511834
0.031300694138614804,0.2760476121660148
0.034882685333985974,0.17138636022449125
0.021627035155474206,0.7378319582050126
0.03158727602747824,0.2662216428440632
0.026147821983471375,0.5011120231176385
0.017156887761304335,0.9301027546457679
0.022101574424211456,0.7130437437533359
0.025070008621468187,0.5559276409855918
0.02688313582998486,0.46296971073034504
0.021285362872670355,0.7554177132769317
0.02905224887796487,0.36268102625281456
0.03413207324597861,0.19019689118438737
0.03305214972596687,0.2200662563800131
0.020147686283873395,0.8116539111458436
0.034232559882108604,0.18758821190290126
0.022189385046893273,0.7084200482383913
0.030918527749155267,0.2895692361611241
0.018699145719484445,0.8755644701509765
0.021487051352549857,0.7450671967924289
0.031185493444802537,0.28007296941388654
0.024592081243155872,0.58086267411244
0.03154342500539142,0.2677078777581178
0.02604752237816632,0.5061155252250958
0.025979270764139084,0.5095327093885003
0.027227711736762833,0.4459190114550229
0.02949619068723941,0.3442042088107711
0.023572224173671663,0.6348829953639472
0.030167817011156395,0.31754809804628487
0.03379330456222035,0.19920236767715602
0.026954199324394135,0.4594185771157649
0.03830579875413698,0.10358401669194482
0.03177230745260318,0.260018678397142
0.036438583150332104,0.1371216610484352
0.0621430496872476,0.000844499385523516
0.019794061195004847,0.8281835539292767
0.02994938494206012,0.32604740619692296
0.03303464682636992,0.2205786621802365
0.016717497706869866,0.9426162626127436
0.04723211167587149,0.022341127220401512
0.03383276464606083,0.19813652452169736
0.030424426199506582,0.3077707733196343
0.029559669205578343,0.34161827731888683
0.032697881739872314,0.2306181602092475
0.03118062621247729,0.280243999374339
0.01570713423330672,0.9660146818872816
0.030978484303559595,0.2874160015751845
0.03987783890331292,0.0809155044813447
0.02230202655587621,0.7024752388145931
0.050909097215042776,0.010822537768668724
0.014650370390531964,0.9827439715268037
0.03257742125235086,0.2342933303132573
0.02969488091652256,0.3361566426488999
0.027711259983281056,0.4227062469870747
0.027169914985637367,0.4487493911770387
0.018651577958223142,0.8774749904819561
0.021801027474687484,0.7287864922544598
0.03231229957925741,0.24253998492177667
0.025822560021993235,0.5174158609825674
0.01922691652425912,0.853504176595705
0.017736063304295557,0.9114929324112194
0.01944353518804076,0.8440181645759949
0.034530696680186546,0.18001426280654345
0.028986496119954297,0.36547620473464587
0.025951751213318164,0.5109133426499212
0.0296054319663962,0.3397626940215459
0.02464177365608866,0.5782557096845069
0.03202094367313213,0.2518560374977514
0.01942072818025975,0.8450280566904765
0.017075894924778373,0.9325149747506939
0.037802390351633186,0.11187457708735138
0.020334570324487045,0.8027139285572547
0.026602170196404318,0.47718630401627465
0.019488174939008285,0.8420341043851172
0.038325763038129956,0.10326604361792185
0.019494602972197378,0.841747600575184
0.028421833156945464,0.3901065556398807
0.02211784913589815,0.7121875409968776
0.030649395180872174,0.2993820307131802
0.018191087235139736,0.895258260885491
0.036088074614345156,0.14430994262389896
0.04910151601922047,0.015560184553215343
0.017944773410734194,0.9042173481311292
0.044849392786074915,0.03471410526590851
0.044141124865756165,0.03939978673981391
0.029735557876532426,0.334525928089172
0.02513273692327045,0.5526797907165967
0.022193357691623783,0.7082106390649237
0.029490693524057754,0.3444288047706156
0.02667111437990033,0.47367174008252555
0.028591335945494234,0.3825947658711307
0.025506339416318524,0.5334726969939259
0.019785512344203227,0.8285764976560266
0.03414444544863243,0.1898741694640242
0.021825953875773463,0.7274862302114524
0.03044330673223644,0.30706019420498376
0.019607226371997022,0.8366955498041359
0.021591252198760846,0.7396851967278792
0.024339531004554937,0.5941563144436806
0.028242708467692917,0.39815532150442146
0.023770473549507676,0.6243254057616585
0.026766187120673246,0.46885300884441294
0.025843497638518897,0.5163596831532562
0.03084537476766014,0.29221256032667137
0.02821350834592387,0.399478183956473
0.022217204690828496,0.7069531976338297
0.022004485663647322,0.7181440379202917
0.04573536605032291,0.02954552098537855
0.026189210302112187,0.49859179031319684
0.0312667800523756,0.2772281261383242
0.03043932912113545,0.30720979368722684
0.01909337577550521,0.859230868172908
0.02194627347796793,0.7211955825624088
0.03568855122683989,0.152872309731198
0.03179230516053755,0.25935486407689123
0.03312946431984931,0.217813841133061
0.0122022334794063,0.9983624252449046
0.02643153803364018,0.48595739413614647
0.02094012818978895,0.7729030248059572
0.045103739569635426,0.033154770987222415
0.03419764660481073,0.1884913595579921
0.02746706496186807,0.4343245454974596
0.03866330715888422,0.09801163193063048
0.014010602386381521,0.9894524947161911
0.02307830848795317,0.6612233767102289
0.020079291462337612,0.8148915481093418
0.03131429329733448,0.27557529634791045
0.017175323243516782,0.9295470742493208
0.02320041643757148,0.6547108032203022
0.026663503448131065,0.47405889051974076
0.027090150655795675,0.45267513827536815
0.03150524910976321,0.26900683431521516
0.030945069538178438,0.2886145640116453
0.027369853430234556,0.43900888708032254
0.017474684597032497,0.920183682537542
0.0184496970721853,0.885432528869588
0.017482189768368905,0.9199407748628675
0.019404873090913766,0.8457285972279318
0.026047907304303064,0.506096281240247
0.04253044283557028,0.05215436968288946
0.02903196455843801,0.3635417049003998
0.037301550640888914,0.12065958512352423
0.037851536351478865,0.11104175882413592
0.03282141396585153,0.2268954439007643
0.029175893764943117,0.3574658366320748
0.013949558880575585,0.9899745174309524
0.03700581893945343,0.12610790495281843
0.034507433803547344,0.18059638948623635
0.023065132568055202,0.6619259740817487
0.035868430811619556,0.14896788268910818
0.021968859520545836,0.7200121969164004
0.025512229856572977,0.5331718476637858
0.023553413879687568,0.6358854883875413
0.018210694131844896,0.8945281519331373
0.02692596020658891,0.46082756425125654
0.032821180269532735,0.22690244252629024
0.024755290805928087,0.57231213751169
0.025214339975302758,0.5484641733144461
0.018570936030724794,0.8806831767994067
0.040686032202702116,0.07099280043398462
0.03161533201119848,0.26527400605238216
0.026915897547775236,0.46133032699983717
0.02802073747668854,0.40828734389583127
0.02970006751991372,0.3359483973099322
0.028888200450930324,0.36968308793060806
0.04803167795627217,0.019171709279425193
0.036449102614758866,0.13691051042278454
0.019626634337214156,0.8358188531103716
0.019301889874505096,0.8502480467035579
0.023428663811348005,0.642536403001471
0.017557346064069446,0.917486544291149
0.019482368765566527,0.8422927181033973
0.02961688654693906,0.33929936908706676
0.02173793169321314,0.7320730342125359
0.018204070193782396,0.8947750858789427
0.022715755870211185,0.6805355734050379
0.019696855872967878,0.8326321207845548
0.03433274102502426,0.18501563167016113
0.0308833858667239,0.2908368399350141
0.022683907066068598,0.6822291342713671
0.021386339857215497,0.7502471089162379
0.028565764541368277,0.3837214971589018
0.026343739421573753,0.49051090878149445
0.026316614259923155,0.49192324527549225
0.03427635880584612,0.18646003722924478
0.03386673739175061,0.19722248226559302
0.032704477305178115,0.23041822014681496
0.02250225182321644,0.6918753462171325
0.031000282756214803,0.2866361007585031
0.017993657051281087,0.9024710358311013
0.025684884620535975,0.5243827216432526
0.028117101507584508,0.4038672342395213
0.03546876440811553,0.15775437203682355
0.02639626075424817,0.48778369238894415
0.04062180195669912,0.07174165591841276
0.023473200172807185,0.6401615809225665
0.023339778094467245,0.6472770264874901
0.03086333695070903,0.2915618633891975
0.025002843612047132,0.559412036162231
0.013575817440520277,0.9927688103290557
0.028547587659036422,0.3845238148238909
0.027713371119705177,0.4226067307915611
0.01495887809432786,0.9786304852467292
0.017994556191749,0.9024387666047241
0.02016747789208162,0.8107135429947823
0.027911874153337568,0.4133205199252597
0.023047021046579297,0.6628917009154203
0.03153711021634287,0.2679224162126814
0.015762037328842182,0.9649346040406577
0.0327802503961786,0.22813075690614495
0.021233913034577667,0.7580429541392918
0.022926442440078243,0.6693189093450939
0.029724065070731553,0.3349860891498824
0.01911010211326558,0.858518791113404
0.02548533735981079,0.5345458808971162
0.027588943266365407,0.4284992338682968
0.022887780813655056,0.6713786908316368
0.026248376100739712,0.49548778427812623
0.02652161377417339,0.481314272078677
0.01943584002970211,0.8443591932474164
0.030552989307458117,0.3029560064591494
0.0330992592780161,0.2186916742879774
0.03535546682981133,0.16031949045899063
0.0510358874635124,0.010545198630718266
0.01575091232685888,0.9651552092205417
0.023826134115377484,0.6213645274482165
0.027905385878132738,0.41362183021455023
0.01620197863291295,0.9554906146803049
0.022083875058825253,0.7139744975919733
0.0316556756759675,0.26391578419123746
0.031635455491058506,0.2645958670390965
0.03241791784433701,0.2392285552171678
0.026373420836686368,0.48896847042426045
0.03219716864620825,0.24618937192883833
0.01856589346288043,0.8808824905318542
0.022680701996196262,0.6823995292388323
0.022896241679239537,0.6709279686190934
0.032086758598502074,0.24972823419625986
0.034698870931169024,0.17585000051271032
0.030202479652931213,0.3162143220138134
0.02546867109542683,0.5353980869178124
0.018243216932771866,0.8933116584466223
0.02155483779428702,0.7415685327346214
0.03657720717223378,0.13436030853619466
0.021336223826657896,0.7528162989677237
0.022705754763499092,0.6810674489039832
0.02865495900999171,0.37980141707571696
0.02120058289731508,0.7597401677635339
0.02834049983458481,0.3937470788035241
0.05014365271141591,0.01264148973245877
0.031123563167989143,0.282254950936117
0.02894097596724332,0.36742017001881305
0.021696041709784952,0.7342510894962095
0.02426796077088822,0.5979359124735615
0.03914708680777912,0.09087119763130033
0.030975319436629012,0.2875293643636356
0.03449157407063119,0.18099411492441478
0.02051401199699976,0.7940079863461075
0.029714529636234333,0.3353682247114382
0.03288034929403216,0.22513577867707535
0.025403648938343126,0.5387277270850906
0.0228131011388073,0.6753556697739012
0.03814243683110008,0.10621658108250727
0.024666865638961255,0.5769405041592996
0.02925507597706911,0.3541541000622656
0.025914116121074193,0.512804040259613
0.0290482835785274,0.3628491634544932
0.027490157682116156,0.433216732423325
0.024161067128585123,0.6035899158302106
0.02280472172814052,0.6758017465250928
0.022792738639986987,0.676439604461504
0.023621384053027772,0.6322635718025854
0.03788526317192986,0.11047320223362841
0.041331204863854,0.06383243858551955
0.01956307426711712,0.8386833562545112
0.02428439717280667,0.597067469334245
0.032622005614812544,0.23292789085372176
0.04513015937096054,0.032996378071007665
0.02422756712491858,0.6000712597605341
0.027747801715045595,0.42098596052358456
0.026629926622163236,0.4757693296725108
0.025221637567849564,0.5480877137038739
0.043832221896741186,0.04161047170440691
0.018321862267933642,0.8903421727027422
0.03578052928259601,0.150865678093909
0.04167286014999355,0.06029715832551315
0.032102088225623215,0.24923459180538754
0.019808752328153822,0.8275075222666257
0.02920733729567271,0.3561481137060806
0.052305625432575054,0.008102196353088552
0.03458315981596494,0.17870688970446558
0.019670111425357628,0.8338485102614396
0.02945791714963758,0.34577011615727954
0.027050248695573237,0.4546475094324994
0.029216273990378294,0.3557742285194189
0.02137677533110849,0.7507378752259355
0.027091454046056535,0.452610806994791
0.051524384392873435,0.009535755039287245
0.035094871846397035,0.16634645040469404
0.02997658828327876,0.3249800154607972
0.036316993685743926,0.13958152294088372
0.024508365990553616,0.5852612830925288
0.022177804070176832,0.709030403822418
0.017722672861425814,0.9119496299125712
0.030302261209841058,0.31239765228854
0.02497700021252991,0.5607545813354549
0.024903578488745026,0.5645742151092936
0.03326908596689815,0.2137915071350649
0.02164793449490071,0.7367484085325056
0.024564125322199315,0.5823306235917646
0.03327215369231595,0.2137037813030413
0.034575674129466716,0.1788929701139302
0.02048925774403676,0.7952157847369247
0.021267323874001653,0.756338887644261
0.0228305543945454,0.6744264403387364
0.022891313450220274,0.6711905057390712
0.01954365098596278,0.8395548853427827
0.028434114451957038,0.3895588744723483
0.02724785475784053,0.4449353849693916
0.04000972200748773,0.07922053138544116
0.017241180577947574,0.9275420507089384
0.03548510743463712,0.15738709188063474
0.022825235135592703,0.6747096583878527
0.025702925528386378,0.5234676463077824
0.020257579486074873,0.806413150451647
0.03565832492154597,0.15353641285268613
0.01782752858431358,0.9083407029603967
0.016991043063568634,0.9349911645747117
0.024895117980388043,0.5650148652314364
0.026962343021722457,0.45901277707838034
0.021245925359175022,0.7574305983180417
0.021747592556205064,0.7315702717351439
0.016705828240491716,0.9429293495111538
0.015048883441354244,0.9773146815923828
0.045271249454874596,0.03216170830722383
0.03602136622697388,0.14571197809241057
0.019709590528108833,0.8320517675641479
0.01832398470835861,0.8902614917800765
0.028715402593146644,0.3771608940078726
0.026037681335872476,0.5066076262195235
0.041605493569839114,0.060980642229879374
0.04668454524663257,0.024772255762922968
0.024297280261712073,0.5963869533864669
0.024078717554850693,0.6079524564541705
0.01676142062139918,0.9414288566494283
0.024484524405777197,0.5865154737867398
0.044100550838433894,0.03968418520519314
0.0326166428572488,0.23309180675325777
0.034703688293957424,0.17573185162236807
0.030925121822545754,0.28933183807399876
0.03471390621174905,0.17548145937141496
0.017976271709219227,0.9030939250823188
0.03608963658177522,0.144277245488884
0.01783635088425134,0.9080336516557962
0.024636878053562794,0.578512406923392
0.024942400081254618,0.5625536000103674
0.03335734216497843,0.2112788450786651
0.02471740592656535,0.5742938622610296
0.01665154003541769,0.9443727100690597
0.025414959375408108,0.5381479974748625
0.027231218942923074,0.4457476429748745
0.017022270326510158,0.9340859547692602
0.02448144904364008,0.5866773007639072
0.03410561121553285,0.1908885874275807
0.01672888987926724,0.9423096497282563
0.019102702065195154,0.8588340132004566
0.031613740084917075,0.26532770796781757
0.01733636423163623,0.9245893128531716
0.03760986943004796,0.1151868607051163
0.04713663261717682,0.022749140335879898
0.02955623996306453,0.3417576179148527
0.03473602456848407,0.17494041508381075
0.020122411883198632,0.8128525237834414
0.04099838616824969,0.06744513814325077
0.020596671135937383,0.7899596938001551
0.02515217958675392,0.5516743957416878
0.02743337401960605,0.43594419471860957
0.036808603908901505,0.12985200187651325
0.021698164990330504,0.7341407673227975
0.02728166535680293,0.44328759816522106
0.03198051465420981,0.25316991364196634
0.017189362757531024,0.9291222555281676
0.025314020097676415,0.5433297611582824
0.02809269943196696,0.4049834084154265
0.02397959659493798,0.6132105299626927
0.03541398737508439,0.15899040887684004
0.0331768438799418,0.21644237392850646
0.04015552895567587,0.07738162472655388
0.04369654125544348,0.04261512965818689
0.024554223936782693,0.5828507642893201
0.03461406330768102,0.1779403096332111
0.02697298982815599,0.4584826042326832
0.01810405535446058,0.8984691563029918
0.016637188534907366,0.9447506484285731
0.021632281823902477,0.7375600177862722
0.017356304005734513,0.9239625710148816
0.018801814731272293,0.8713956990990824
0.028850574688290775,0.371302389025222
0.029389510883766123,0.348581534587224
0.02824785272849173,0.3979225829529238
0.030193168350867328,0.31657220782891043
0.04033416923028621,0.07517797872025436
0.036016437467879525,0.14581600334004827
0.025291047111608567,0.5445115741669859
0.053656064273348125,0.0060784450220674816
0.022421422704088312,0.6961590186860342
0.022646600251910676,0.6842121113865349
0.03375652550999303,0.2001998319899382
0.03183466022321202,0.2579531344939455
0.028026354665982023,0.40802878341289617
0.037059612369675254,0.1251021330008146
0.01590355997324988,0.9620503071330413
0.012703967244189346,0.9970123863335535
0.04251961867807841,0.05225091793720443
0.023866003325181878,0.6192447328159749
0.02377367393174004,0.6241551163517927
0.02566325181382817,0.5254808248247446
0.03350311743794021,0.20717896151575088
0.024429841815529985,0.5893944702606172
0.043470808874491895,0.04433336654725338
0.028493558820972542,0.38691551422942244
0.023885038491666122,0.6182329889351639
0.02776509845889219,0.42017333613812896
0.032676207113032096,0.23127615065295895
0.024003115581956003,0.6119622614488976
0.038821662777920984,0.09562450980039747
0.03352236419970811,0.20664231726853638
0.0337179109334812,0.20125127835790982
0.025512670445689833,0.5331493475241748
0.03522103935804577,0.16340625903037592
0.02255493150539778,0.6890805058266922
0.02696948730884874,0.45865697250240123
0.03495709749575282,0.1696052333719313
0.0222477427250799,0.7053419603210431
0.01996511936635298,0.8202535793168464
0.026687630615568114,0.4728323075643398
0.019706145335566333,0.8322088478004936
0.02181236806289555,0.7281950516391456
0.035792587753898986,0.15060418741324377
0.034150324303297286,0.1897209741598279
0.022567243975680884,0.6884269687623179
0.03640655066372167,0.1377662606473291
0.058665583595960746,0.001963465237439806
0.03444309037398785,0.182214275421832
0.02200462991795607,0.7181364697559882
0.03328277681141256,0.21340021449352625
0.021862858161836307,0.7255592466584515
0.026380885744969607,0.48858103826234306
0.03741671478971137,0.11859090257257734
0.021737441652654788,0.7320985320473361
0.01972472142693793,0.8313612464210098
0.02089834608610422,0.7749971633258981
0.025183595590562602,0.5500511483663345
0.029706318757125483,0.3356975296490519
0.01797009109474046,0.9033148837797575
0.018557971631839254,0.8811953009962622
0.016925682077326476,0.9368628556823865
0.038223855714800636,0.10489766570842213
0.042062413804046905,0.056472270637985336
0.021712362469122337,0.7334028768365926
0.05314168067898639,0.00678746692478261
0.020087592372402152,0.8144996090817039
0.036675816247047355,0.13242375045346622
0.028719494775346244,0.37698258962967457
0.023858239512278362,0.6196574521128422
0.0330867627700272,0.21905565342133496
0.025896165320818842,0.5137068866445131
0.022593231280742698,0.6870472038517883
0.01688703188461689,0.9379549864002986
0.021214301716524164,0.7590419220106532
0.025965785804965558,0.5102090390355685
0.033849824346274815,0.19767711644180155
0.028061877032065974,0.4063962797440602
0.019585627005356043,0.8376691476039538
0.0276397202060083,0.4260879321688018
0.03646347711835557,0.1366224076919625
0.014791665881150995,0.9809350459319536
0.01818135654356723,0.8956196887529756
0.036123752170632184,0.14356458864123076
0.025223559104575105,0.5479886024993356
0.03174060475844753,0.26107366082068933
0.018542100715954024,0.8818208573186683
0.023730884254662632,0.6264323370256872
0.04869227480833355,0.016862608972622213
0.028292413651423598,0.395910470678902
0.03028483676430399,0.3130617055031687
0.024523139955680145,0.5844844233157447
0.018205041391470278,0.8947388981847101
0.02983219104887208,0.3306748273981942
0.017413298550496226,0.9221555795604968
0.025729161137850842,0.5221380597748025
0.03206458489125541,0.2504435820815491
0.04058578181585881,0.0721645414618403
0.030089974478876513,0.3205583021137838
0.027040888715273992,0.4551110003080642
0.029415944442903408,0.3474932178407407
0.025065225454013185,0.5561755515671913
0.0249452869065524,0.5624034327801477
0.03218172732470337,0.24668198873236605
0.02019372451670265,0.8094640948835431
0.02639089393465277,0.48806191944395527
0.02448800012671426,0.586332592616123
0.019588025463644854,0.8375611454028482
0.03312339631529515,0.21798997298495504
0.03226868389040784,0.2439176171003759
0.03342094638948778,0.2094823051089128
0.016736228901297,0.94211161958653
0.021028115939248915,0.7684768126215146
0.029695484574184194,0.3361324006453211
0.02186291784091443,0.7255561286590433
0.02944381624102993,0.34634831678694744
0.027933612240927275,0.4123121128900814
0.02673185371902012,0.4705894691542992
0.02421864598153156,0.6005430660847819
0.03700984082515968,0.1260324797050053
0.03766476690838405,0.11423421935372281
0.023829723495918276,0.6211736473153215
0.033645924769433844,0.20322293339679107
0.03558805929470177,0.15508919759850293
0.022971905648792368,0.6668960841976337
0.017005710004015073,0.9345668851410931
0.024861805474198473,0.5667508861027306
0.013258676050309837,0.9946452568494634
0.03144805926347988,0.2709615951051395
0.02104155041624811,0.7677991016830955
0.026409514515874394,0.48709702862516985
0.026236055825866744,0.4961331170071351
0.02518233305222406,0.550116351874781
0.024698538410416138,0.5752815102873334
0.027455899967478603,0.4348608395705561
0.01798848841153644,0.9026564291843184
0.015544839361195883,0.969081506921318
0.020313530574278316,0.8037270465976574
0.018057976451240965,0.9001492200719428
0.015003646901602857,0.9779826713638644
0.02004705190995182,0.8164111197942621
0.01763151309430977,0.9150260105963711
0.04133468673435503,0.06379553507504913
0.021748117164303526,0.7315429657637742
0.026247758562401302,0.4955201179480317
0.03282750367147802,0.22671313091197517
0.027440708509410494,0.43559125345060823
0.029942895874852216,0.3263023955133802
0.018431875160293987,0.8861230897840242
0.01588871954267157,0.9623595658628096
0.030221530087822357,0.31548302535828276
0.025013366854769292,0.5588656517094321
0.015774284593715326,0.9646907149545381
0.01954678910300467,0.839414199424781
0.04362422976732072,0.043159136342577745
0.03258406672744096,0.234089417872201
0.030781821564152045,0.2945234608120408
0.020139524451703972,0.8120412559899625
0.01956859466408778,0.8384353249793621
0.022994969860187897,0.6656666985889816
0.032911783979299614,0.22420152765673163
0.03646358913423697,0.1366201645382505
0.03099733556471107,0.28674145285514896
0.032291819537611954,0.2431861204687255
0.02747782776879737,0.43380799107175105
0.03250129969434393,0.23663879840813276
0.022589130429952753,0.6872649670643834
0.02485397775114928,0.5671590431519425
0.03204209792289736,0.25117062380626914
0.040668633288027,0.07119499393447565
0.028531431711472016,0.38523790983426964
0.030008972933774525,0.32371262769047804
0.024185335341705638,0.6023053784490562
0.03718519651487284,0.12277966636481134
0.028344911255189786,0.3935490200365917
0.027721410950870162,0.42222788920605936
0.01801041251901897,0.9018688208095149
0.021837654382962528,0.7268755239810816
0.024962084352374514,0.5615299062483232
0.026475447951119113,0.48369036919357355
0.018283526198091926,0.891794559831582
0.023212634072286686,0.6540591001876455
0.019639561029273722,0.8352339478656479
0.027202302544496182,0.44716186251531154
0.04712358498573799,0.022805408049853444
0.017590059415442838,0.9164059703728645
0.025879022010527497,0.51456974347964
0.02133760045008415,0.7527458037247442
0.028495358041966345,0.38683570178410115
0.02594895978969136,0.5110534752255441
0.0235127628847544,0.6380523332105121
0.021898012132146483,0.7237215931971045
0.01981892290317333,0.8270389483654551
0.02118559233529832,0.7605026019539858
0.03427691714058184,0.18644569025452848
0.027566493853092622,0.42956824664215026
0.027673558042605184,0.42448614295290527
0.02405332350941891,0.6092988308466518
0.032618123954753164,0.23304652727689965
0.023580956769266415,0.6344176302854989
0.02088930499369568,0.7754496394622044
0.019330838179122456,0.8489830701602811
0.016022775798947397,0.959507846331003
0.03355562970468173,0.20571735378050213
0.019603609215693374,0.8368587479256133
0.03096291157946429,0.2879741230764864
0.027337960930934546,0.44055304321869326
0.017726234679700706,0.9118282695369855
0.036908661039367296,0.12794123554552178
0.024509352152461916,0.5852094198728501
0.02828282469956514,0.3963428571653332
0.02490801637681711,0.5643431172628655
0.03773746036809339,0.11298277607885474
0.0326265747528004,0.23278830220615684
0.03158573651073998,0.2662737161169309
0.06646892114807612,0.0002762553316410749
0.020107455762980564,0.8135605991569035
0.027540445605552022,0.43081088500152087
0.02565675645807003,0.5258107133840292
0.030055649380065552,0.3218922369023248
0.02612064313001128,0.5024656870178937
0.028900031769929835,0.3691749315697665
0.021880898756810152,0.7246164329130904
0.02279068040036103,0.6765491570019484
0.020179907912564965,0.8101221594339962
0.020163872514878722,0.8108849623398913
0.02303080816701375,0.6637561280128474
0.027963467696736022,0.4109298913342499
0.041316342189405275,0.06399016973877591
0.017969461514017016,0.9033373772353193
0.01682401062997768,0.9397123368488377
0.04070194303699903,0.07080832747288261
0.021775167510772353,0.730134330651238
0.03009840653031237,0.32023123300674466
0.021355391684229175,0.75183434146601
0.023960488169463057,0.6142249943386417
0.028070911698751033,0.40598178875323016
0.020081142169184413,0.8148041886423562
0.028157251545560036,0.4020353384038078
0.021953503345015668,0.7208168607003352
0.020495715713937046,0.7949008957652651
0.026542249991894362,0.48025460508702117
0.0367391225555056,0.13119253753122842
0.0326410939947131,0.23234516072655972
0.030871423732335868,0.29126926250281715
0.026314716092325663,0.49202217577247614
0.026797627436128457,0.46726655738548434
0.0280136099372415,0.40861558770027284
0.03795141074092556,0.10936509877159278
0.021995076453435985,0.7186376178509282
0.025154199397829924,0.5515699848471387
0.01885972231132027,0.8690175832824095
0.01985594736918439,0.8253293185300604
0.02296217486892113,0.6674147134686381
0.022781388185917906,0.6770437205922728
0.05413577776079781,0.0054788711038920666
0.03204921431967822,0.250940365632233
0.01603519473686954,0.9592370325191341
0.02132820191757534,0.7532270037062105
0.0155046454986692,0.9698121806111037
0.02957745524344768,0.34089622971694705
0.04888653117527447,0.016232680956392926
0.030488175442442866,0.30537636216694986
0.0341487950873029,0.18976081416880167
0.020457870312065363,0.7967441474822559
0.024091729984108134,0.6072627429680376
0.031066999007984708,0.28425890444567997
0.016519416902300008,0.947794776881219
0.029684567703929243,0.3365710004266462
0.03790885665900018,0.11007690351282226
0.020433175706925183,0.7979441675116069
0.027415806736886372,0.4367903265648905
0.025539033183528903,0.5318037037340398
0.02028948149043569,0.8048830447370721
0.020598731955844968,0.7898584686885347
0.04178207164438352,0.0592030767889693
0.03140618048689514,0.2723997609144346
0.021059301255454077,0.7669028957798869
0.03300877635761218,0.22133772106386415
0.028318855003879928,0.39471986259193803
0.023002050973646826,0.6652892253435421
0.015906047358117292,0.9619983162455297
0.03705355854072706,0.12521499174636233
0.017397215879845218,0.922667804746263
0.018796008813661058,0.8716330727675103
0.028814146094758686,0.3728749115829926
0.034174609093930386,0.18908917548118473
0.04073472520408489,0.07042952993923443
0.016018913437915144,0.9595918412705695
0.018897541398010143,0.8674541458878974
0.026663853079668565,0.47404110105121694
0.03505641884763039,0.1672509090145723
0.03062415762314552,0.3003146275273901
0.025267977260665764,0.5456992805566843
0.020541404896835327,0.7926689763806015
0.027777581067946755,0.4195875487679418
0.028057610935451227,0.40659209992188833
0.027822870229045726,0.4174668684229247
0.015510814608396206,0.9697007735642085
0.023844912389656026,0.6203659961179162
0.023928006526104828,0.6159500111405645
0.025975537217374,0.5097199245899925
0.031879654112157985,0.2564703530677288
0.04347550257147881,0.044297035238287576
0.023776200561493654,0.6240206803948964
0.01887139403173732,0.8685359398312529
0.0397597545065857,0.08245900716388266
0.01793823020439206,0.9044498907978655
0.014082870887124899,0.9888093054019768
0.030985848636119195,0.2871523459608434
0.012586974852428212,0.997385781210823
0.0333691008664877,0.21094581395079723
0.036093390720800644,0.14419868349817844
0.021325772156937206,0.753351372707948
0.02824015408173519,0.3982709228751902
0.025191296936637686,0.5496534708541994
0.03040209110214942,0.3086129215885138
0.040325052201456824,0.07528914146222808
0.033560890958556966,0.20557135829380316
0.024040316414055574,0.609988650331984
0.02747179023546409,0.4340977079308842
0.032878941322021515,0.2251776942695354
0.021932522210621003,0.7219156946991421
0.02016468576460817,0.8108463004798289
0.026020424206351256,0.5074710703030944
0.025799080880636815,0.5186013033145551
0.019454656929335734,0.8435247626306146
0.04223489489720145,0.05484651572201366
0.02311586819912148,0.659220357025205
0.03338509588265387,0.2104934569055734
0.03656128922100971,0.13467506923532577
0.018467279581970142,0.8847493271255407
0.029559316633985977,0.341632601500665
0.03720289440730712,0.12245523642353105
0.03292955107183826,0.22367480714646146
0.02721893957461141,0.4463478275674838
0.029551599252116922,0.3419462490398781
0.02218703248549586,0.7085440492485953
0.041445182572623696,0.06263385155557369
0.02944541726445482,0.34628263287657013
0.022175867741974553,0.7091324386171977
0.017582888013470077,0.9166434904560055
0.015720635022629992,0.965751094498717
0.03181493561001203,0.2586052014510013
0.030380439655515845,0.3094309022876197
0.048544612777730145,0.017355987652848282
0.02269102758238295,0.6818505546843553
0.026072149579181303,0.5048849576590585
0.020875046261330743,0.7761627531553769
0.019996393290475895,0.8187902040503294
0.03295528329036096,0.22291364722110787
0.017650390566938956,0.9143936516124479
0.02664592827754897,0.4749536873376254
0.021159104680858798,0.7618483984897839
0.033099299193837806,0.2186905124314599
0.03881024885557938,0.09579492878454524
0.027171354178788798,0.4486787672808494
0.026393423369495572,0.48793077553969577
0.019653751574757072,0.8345909571818226
0.019001039949436777,0.8631344900271257
0.02265444991439297,0.6837949522207558
0.017615624157314214,0.9155563486246436
0.027403113088333653,0.4374024043782485
0.018978251523752848,0.8640907120177952
0.025388039417829023,0.5395281862327705
0.02425964948127901,0.5983751507181969
0.022812323736568607,0.6753970561064151
0.025906826319873955,0.5131706044766102
0.010926596990125104,0.9997640060609242
0.03751865143060712,0.11678425685971733
0.016249050561090883,0.9543962979656146
0.01709603249024505,0.9319196442123034
0.03085660726526751,0.29180552680989985
0.023709569434343936,0.6275670154241019
0.024857010371081678,0.5670009044731055
0.034723893660845606,0.17523698877657287
0.021485430820867985,0.7451507197667075
0.01864032700486562,0.8779249177146446
0.018830707305517003,0.8702115526171221
0.020783808280868843,0.7807114007881707
0.023649902262001365,0.6307444122643756
0.02686082769516973,0.4640881927927338
0.026115471738551665,0.5027234356832103
0.018037164075061146,0.90090349136092
0.02194962104664988,0.7210202368569671
0.026903455099121537,0.4619524912872746
0.03755897443539469,0.11607588976671306
0.02897562219925026,0.36593992092110506
0.02299051779426542,0.665904017909243
0.025950856008603695,0.5109582811396025
0.021397351873902015,0.7496818148954244
0.018299519224085514,0.8911897822729632
0.028725900742447963,0.37670358765302997
0.01936430854483967,0.8475151792219968
0.024551877237735442,0.5829740584192304
0.01694261131366223,0.9363810548633915
0.019083110280233795,0.8596671460894023
0.044021436268904424,0.04024388216161402
0.03546234862987463,0.15789874311238297
0.022886957684306708,0.6714225385795636
0.016424206605657826,0.9501809952227244
0.022906161578852835,0.670399486220121
0.03133238948341899,0.27494773032126546
0.03035313098658443,0.3104648714422721
0.020947313928695477,0.7725423656727363
0.024631147907661077,0.5788129008721111
0.043310622618568995,0.04558889031783759
0.028191064254616705,0.40049703326239355
0.040161866573013016,0.07730252104351112
0.031445001477797996,0.27106640999392717
0.023497455927140365,0.638868364046471
0.02166603123425101,0.7358094892818212
0.028280790488712237,0.3964346260477007
0.020038054523182525,0.8168344401465909
0.026761634627751385,0.4690830159041081
0.02551754452344479,0.5329004606454995
0.032981212006771427,0.22214869893756747
0.04245715405692818,0.05281110122834266
0.03029256407504799,0.31276708723132735
0.022405424885345165,0.6970061443311673
0.02312362149762287,0.6588068536876873
0.04096562423670097,0.06781000770162773
0.01588922326859077,0.9623490949566262
0.025945065922192923,0.5112489790596348
0.028053214569493584,0.40679396736751794
0.016550893316058413,0.9469911932110597
0.01920405485299928,0.8544912560511817
0.024925509090153897,0.5634324837814928
0.03744774540725149,0.11803852107363927
0.02355950491159664,0.6355608554339022
0.02496462564733659,0.5613977864840467
0.021476351437221042,0.7456185722703167
0.019794299382416503,0.8281726010902889
0.03419502607864483,0.1885592861848936
0.02507718668272818,0.5555556708175426
0.031821586126506485,0.2583852060734424
0.054886360617564356,0.004648557021572376
0.020593623225411584,0.7901093776571652
0.035635725717269695,0.15403445654063755
0.03719597537649311,0.12258198916574822
0.031173826946918726,0.2804830494876127
0.024377607826697956,0.5921475850768674
0.04266539309006179,0.05096351603635444
0.013754992599104177,0.9915128994828301
0.01722305129584878,0.9280971020796747
0.05019982468981643,0.012499186948713534
0.028873171139478626,0.370329307854391
0.033487725325769435,0.2076089103049743
0.018139833393762184,0.8971551227523904
0.024030639457550462,0.6105019419498046
0.0238311810618535,0.6210961372997772
0.021330299688743226,0.753119616738308
0.0317867562928017,0.25953892768095127
0.03652972364724705,0.1353010215467496
0.02474209159915393,0.5730023601596825
0.02682239224030164,0.4660194285575434
0.03434914830828112,0.18459697228236577
0.03431572341981415,0.1854506563567901
0.02521391173612897,0.5484862675674875
0.037610724974954324,0.11517196424941016
0.025435717742678998,0.5370846006208128
0.020760481642247086,0.7818702713464933
0.023726913284163098,0.6266437126975066
0.024656289926677843,0.5774947369772041
0.06365694684973511,0.0005760805830129183
0.01518965491052876,0.9751486875569916
0.015905273100168094,0.9620145044669554
0.024280449960776385,0.5972760028108012
0.02972575614175199,0.3349183516854356
0.016794690288366,0.9405200197416245
0.029139846868442038,0.3589807267612833
0.015678169347552562,0.9665757830909602
0.02860325544586806,0.382070356259192
0.031855308694552886,0.25727185811837266
0.03740494221365048,0.11880102407659225
0.014219595460109313,0.9875157319621828
0.020167994486750107,0.8106889770614161
0.02009100398386951,0.8143384440683793
0.03637179010771979,0.1384685428125086
0.0464037603369008,0.026107593814301194
0.025168185329583148,0.5508471865654453
0.0224644223782407,0.6938809014877969
0.02555596999314802,0.530939876017521
0.026325657567950467,0.4914520933239986
0.03012667034183858,0.3191366832548821
0.04166573646133126,0.06036912164124015
0.039375527701282054,0.08765410261696202
0.03882065095348153,0.09563960691029814
0.023854362491162573,0.6198635654114851
0.028519432429444436,0.38576887689683165
0.02826701088942296,0.39705664843482197
0.022369364601578706,0.6989147248962486
0.027489625995461286,0.4332422172994709
0.02748160542103739,0.43362678295274576
0.033663939504949614,0.20272811126970391
0.028502751392355696,0.3865078570659513
0.019777874844065374,0.828927275195779
0.024497991068849423,0.5858069779768879
0.03128067787426947,0.27674390229818624
0.022795599303075287,0.6762873383173438
0.01849873359331669,0.8835223905472369
0.018177559716344688,0.8957605492879352
0.02287859538655873,0.6718679791668233
0.015741818728899126,0.9653348713867088
0.03442647759043671,0.1826338532867599
0.029683366045669235,0.33661930378328675
0.03175005107198589,0.2607589751676693
0.023107294117507116,0.6596776243524508
0.02775539005052885,0.4206293189775006
0.023551113658453415,0.6360080858904301
0.03486215401334608,0.17188041024419906
0.041584861760387615,0.06119129024797357
0.03332223349841579,0.21227562856049234
0.025229259128354664,0.5476946364869253
0.02066543524690967,0.7865744930722728
0.018107938685299474,0.8983269344386133
0.03901170680673027,0.09282401737301352
0.03482060000586895,0.1728838032935917
0.017859597572663977,0.9072220568814995
0.022894268206694712,0.6710331007910236
0.035445070044490073,0.1582880821482095
0.035873559242141195,0.1488577575108228
0.026321647157018402,0.4916609979334158
0.02341846132790787,0.6430804844353066
0.03282853818797893,0.22668217087644785
0.02816372665037392,0.40174043992381675
0.03339577896900048,0.2101917476851327
0.025545845150961644,0.5314562084950625
0.02808447051771297,0.40536028401754354
0.018034832064512174,0.90098782949365
0.05050868243681095,0.01174222861675487
0.026940401841517303,0.4601066452023727
0.025712094787849804,0.5230028058640712
0.05304261127537174,0.006932392455686992
0.03236489606779108,0.24088659190180733
0.03199303843244339,0.2527623573740169
0.027478282814073385,0.4337861605575681
0.03083575404506045,0.2925615215972769
0.030543258332131673,0.3033184899126022
0.03383777139156657,0.19800160904368336
0.030402044101752568,0.3086146955231682
0.024980604571370357,0.5605672771498216
0.026820193936672176,0.46613004428865884
0.016583649566716985,0.9461471804529563
0.018690885659217782,0.8758971862705148
0.047373313922806304,0.021749641222637624
0.019011758492912645,0.8626837403497627
0.016346738180649578,0.9520732334436783
0.0383821400568658,0.1023724988508646
0.03142542848677321,0.2717380537577067
0.019352356590310482,0.8480400002253554
0.02665213365517194,0.4746376300143858
0.041026845556423885,0.06712954543601984
0.027804894504367295,0.4183077130633944
0.021249843882642505,0.7572307661808735
0.02910596662769993,0.36040870489937077
0.02817811184930291,0.40108582157365397
0.021691260959275094,0.7344994589875062
0.0276668076056113,0.4248053638358172
0.016469668721674657,0.9490499355786456
0.03566978532106363,0.1532843431985181
0.03678256923386797,0.13035298393155295
0.020991281622682767,0.7703323952498375
0.03267128016050036,0.23142592223529423
0.021894972085121145,0.7238805880006887
0.01907258478650775,0.8601138822191913
0.03252777261308254,0.2358210807329073
0.023469881634285317,0.6403385221123274
0.02028915808367715,0.8048985755258811
0.02096084715284041,0.7718627205458434
0.02244681090193562,0.6948141584502212
0.022290052118157044,0.7031078875906859
0.020273567055268726,0.8056468263185191
0.02852998798025047,0.3853017678588745
0.04192043686022495,0.05784142387344637
0.021621193038938835,0.7381346986489237
0.02836666222460299,0.3925734790895606
0.032309556164160425,0.24262646231770252
0.05012692431612509,0.012684149682732621
0.02755817276726724,0.4299649430245586
0.028691815041551882,0.3781898007228519
0.035484534126227096,0.1573999643235855
0.018166555995816125,0.8961682573424751
0.02496492671985895,0.5613821346180761
0.01589291745622634,0.9622722479457988
0.03944323105857045,0.08671922753575097
0.018146893061600666,0.8968948583278269
0.013701539493763848,0.9919032341002615
0.04309840832413703,0.047299632877825105
0.01819706369504792,0.8950359748869258
0.03591761889510425,0.14791434984536073
0.022659512706201812,0.6835258756503022
0.025673189081887537,0.5249762857943711
0.02776219853332179,0.4203095041519586
0.02924069905099652,0.354753777850498
0.02637888199898064,0.4886850141492872
0.029433641358332152,0.3467659616978985
0.02749050164961575,0.43320024586440625
0.02493696893959696,0.5628361511459763
0.03135098166473993,0.2743040772353764
0.02500644856098244,0.5592248421619632
0.042805963102860445,0.049748113158917265
0.027085690380883154,0.4528953294299825
0.02374024963427626,0.6259338452506725
0.02440146619581285,0.590889713471928
0.02711417363661084,0.45149041307135335
0.026709468281276627,0.47172390761362326
0.040857914619525315,0.06902144636628527
0.023298689601663924,0.6494687071222338
0.023433303099451464,0.6422890034749589
0.021595630878655847,0.7394585551663784
0.029828488608393156,0.33082178776910953
0.01831431352649182,0.8906288952250644
0.02007389317222097,0.8151462856411004
0.025414907180335677,0.538150672267949
0.032417865101591614,0.2392302001830123
0.02525939034002811,0.546141592812823
0.033982602998847256,0.1941299464530893
0.02156320593576677,0.741135972286451
0.02422732340292788,0.6000841483482047
0.023242221672026275,0.6524808374623827
0.01670753158696897,0.9428837118455005
0.03811140175500488,0.10672293024994568
0.022350684618158034,0.6999029026641055
0.02466993571093512,0.5767796400062088
0.02534390415753629,0.5417937842603533
0.018862280289648314,0.8689120923288799
0.020930277477465342,0.7733972011540725
0.028195863952036826,0.40027900069429395
0.017590794143183097,0.9163816156699502
0.025300197170924466,0.5440407533811815
0.02509788323114731,0.554483621063382
0.02258138079643618,0.6876764538257281
0.014219659100756288,0.9875151059956637
0.024037219603205373,0.6101529057919601
0.026619357805266808,0.47630854757738805
0.022228434886627846,0.7063608003597184
0.03158735486757591,0.2662189763289821
0.03786671796243157,0.11078553305616645
0.027485668549809494,0.4334319378174888
0.0502794980046008,0.01229982321557226
0.02240372970779947,0.6970958941011585
0.03138931699295566,0.2729804848854773
0.03907171711523455,0.0919540929101551
0.022756039265007133,0.6783926474423942
0.01991846548012491,0.8224289256438913
0.026306633620949538,0.4924435689390614
0.03217360800834618,0.24694131595049945
0.04196011442433298,0.05745595308047084
0.01366266917625103,0.9921786274002017
0.026764201960339906,0.46895329664991364
0.03103560463795707,0.2853756988530859
0.02816054890122588,0.4018851469078133
0.019688793548109013,0.8329991581412137
0.030179786586803536,0.31708706113515134
0.027562169059995312,0.42977439440347015
0.05084582053900466,0.010963400257943332
0.03428417850552218,0.18625918147614187
0.01725926670341682,0.9269859739717018
0.030968070241158108,0.28778914928735805
0.026855756691312682,0.46434268971886317
0.020797777851354615,0.7800165871631884
0.030184322841577016,0.31691246385924143
0.030082168183372948,0.32086131525563827
0.02536003462914488,0.5409653600720745
0.025171918813426453,0.5506542926394304
0.023810314924023634,0.6222058637686742
0.028038676734995382,0.4074619889392648
0.020184125280860887,0.8099213716456133
0.019976887618549655,0.8197033995655397
0.014850172557400176,0.9801491464130451
0.02803374686774049,0.40768868974178174
0.029867460692534764,0.32927723798861686
0.02580301466602547,0.5184026119160743
0.027812816218558356,0.41793701971791686
0.01897157721812842,0.8643702277437771
0.02952712674334146,0.3429422182733004
0.026097080938955575,0.5036405297583608
0.021837628379282936,0.7268768814921704
0.029216920899839738,0.3557471745428264
0.019028385220279165,0.8619832833091292
0.032247939606431575,0.2445749292132422
0.022166735664297388,0.7096135908131268
0.022097145225855708,0.713276700596404
0.022378422082867222,0.6984354549886296
0.029551381299615764,0.341955109996427
0.014407876908661028,0.9855637706001946
0.040931933148672994,0.06818697809700355
0.03527127315189604,0.1622472539644533
0.021116900735887567,0.7639889905653794
0.030369024999937655,0.30986278048771126
0.024908309114226035,0.5643278743085507
0.019195178573509025,0.8548737609824402
0.027862405157640047,0.41562160609285637
0.018014981525744544,0.9017042824246653
0.024780398927949573,0.5709998110418797
0.041716939274770715,0.05985350512176505
0.02190633279729587,0.7232863467189067
0.019296230783102553,0.8504948356763421
0.02217988239853641,0.7089208811905159
0.05215264799548203,0.008366441507294214
0.030163651208986786,0.31770866835126516
0.017846190277256868,0.9076905811288952
0.025208357126388026,0.5487728755886313
0.0221830235721982,0.7087553392311616
0.023797941846734227,0.6228640155281397
0.019441026234157444,0.8441293867922545
0.02552567532297567,0.5324853727137392
0.020385912889706426,0.8002347886115715
0.016626841764602163,0.9450221837100488
0.020996193974889332,0.7700851457728242
0.033904906873398866,0.19619947340602564
0.021255552614631246,0.7569395721460853
0.02253719898329984,0.6900215274738971
0.024874504407155162,0.5660889170679293
0.021867288585271538,0.7253277585373077
0.025470678460593366,0.53529541619457
0.03409997282467436,0.191036225984978
0.027676385090269928,0.42435250319715934
0.03947680495826755,0.08625874289605208
0.033091026515490035,0.21893141293288124
0.026247537560622813,0.4955316897018817
0.01549180088312363,0.9700432806549342
0.03163391485101885,0.26464773873838926
0.03219288176341947,0.2463260590762375
0.0183122569838568,0.8907069462764157
0.034088522462975224,0.1913363247285119
0.03100804849322747,0.28635863964453134
0.017625626158592922,0.91522270750868
0.04736517440858001,0.021783355021497634
0.028431250234875638,0.3896865557402603
0.0173121629913926,0.9253462001433651
0.014220244643550067,0.9875093455682635
0.021932252265099428,0.7219298280236954
0.04869576737223999,0.016851092912044934
0.02522573103786499,0.5478765834798203
0.049355091339699675,0.01479916655065838
0.02905248353398826,0.36267107806065324
0.027141181489478194,0.45016094516490124
0.01740149118633727,0.9225318168498939
0.02661622510771544,0.47646845333248655
0.024599647062071406,0.5804655598915888
0.024449734508731447,0.5883467523208432
0.041235657386347935,0.06485226673766888
0.028314742381327695,0.3949048840059062
0.043976517311726915,0.040564714954900334
0.026708714695211633,0.47176212856597116
0.02133940151866187,0.7526535665125859
0.03772485731764724,0.11319892710567259
0.03419452439268228,0.1885722925805628
0.03415595972859947,0.18957421370492336
0.01750506569860022,0.9191979474727444
0.03921760741287206,0.08986767169959439
0.01599120804403198,0.9601911589808776
0.014142256507208961,0.9882599400327845
0.026791507496334188,0.4675750880130825
0.03710497975840188,0.12425902015760604
0.014130920727514873,0.988366274033639
0.030347484875836606,0.3106789611091592
0.026983488623160634,0.4579601979924743
0.033911007887526434,0.19603634211395748
0.018860862302427672,0.8689705746748341
0.017872226518822254,0.9067796247563912
0.04160046151663238,0.06103196146458716
0.031423436789420944,0.27180646834840483
0.021504816238937297,0.7441512222527281
0.032365379825134155,0.2408714248271612
0.05023502509294908,0.012410749815439005
0.023164015705232632,0.656652400733994
0.04170177076365353,0.06000585823091051
0.03064597516606793,0.29950828452439837
0.029999495010431254,0.32408317885633653
0.029322005582831934,0.3513718796856683
0.027214064000872784,0.4465862826441231
0.01867004002106548,0.8767350636858011
0.02557999995482163,0.5297152021097793
0.029219196014109217,0.35565204008619294
0.02293080729179578,0.669086327910098
0.019483138909278996,0.842258424472641
0.019289018050999293,0.8508091395963233
0.023330838054261588,0.647753882924536
0.03252290213370579,0.23597136149167416
0.025833513850712864,0.5168631942030634
0.02258827871939545,0.6873101930095744
0.02836921035679002,0.3924593039071394
0.026659114227363667,0.47428225384261763
0.03686827551936778,0.1287096816622214
0.022326859179094383,0.7011627587687925
0.024747749172985,0.5727064816582963
0.02611491774250385,0.5027510510144715
0.023882961627398558,0.61834336625581
0.02804275975292192,0.40727429609125976
0.04090162248178386,0.06852764893178738
0.027617660132432165,0.427134393834842
0.025240687582127053,0.5471054034082261
0.023652408123723268,0.6306109404673745
0.0262856627832328,0.4935380005845971
0.030052978974954403,0.32199618236377814
0.023322486198128045,0.6481993714621541
0.026780595843439836,0.4681255194346731
0.032660096069863975,0.23176617738648947
0.045349299217450234,0.03170799412942677
0.03704979543913092,0.1252851875533588
0.021901319820099463,0.7235485841173759
0.029794255352249333,0.3321828368013256
0.037397180628553406,0.118939723330364
0.02329920574254596,0.6494411753141089
0.02438530529888061,0.5917416900493851
0.019782241594082595,0.828726749681832
0.027214849569606625,0.44654785622954324
0.02154268530712511,0.7421964577314598
0.02419594666228364,0.6017438746515951
0.025754670971954163,0.5208465616031219
0.044026762791910756,0.04020598468406061
0.02112154679835726,0.7637535681367483
0.027310458971626372,0.4418875360462828
0.019591742354411412,0.8373937205097907
0.018876225464010354,0.8683363405087143
0.01700953870032329,0.9344558726466603
0.023773768083355185,0.6241501067097097
0.02696170706271711,0.4590444583643776
0.027827230272503223,0.4172630935748339
0.02297160549827537,0.6669120820005605
0.022933114571295765,0.6689633816538605
0.034390543738671675,0.18354402423706678
0.025233109352747862,0.5474961005149271
0.03201299891626047,0.2521138197873745
0.022291411306864406,0.7030360850556043
0.03639200556351235,0.13805976833078767
0.025095509569138974,0.5546065387848342
0.02530238540755325,0.5439281779111946
0.021413231792728638,0.7488661527619527
0.019138293960110048,0.8573152037220884
0.017966321634318272,0.9034495185339622
0.02699072949702186,0.4576001308537835
0.026897499686163284,0.4622504774454091
0.051074322062645006,0.010462406230542166
0.023633420969630503,0.6316223299437774
0.022203888742670097,0.7076554255893441
0.017768310648985625,0.9103880685182509
0.027719868731700625,0.4223005416195949
0.02306186189516879,0.6621003751998635
0.023273118795056447,0.6508327075883992
0.02898084905201581,0.3657169710434109
0.026859866609464045,0.46413641946259016
0.022485688684675376,0.692753604681483
0.028136362616181132,0.40298770721460725
0.023748767920036065,0.6254804783517126
0.030946717549836245,0.28855536431642476
0.03256737726361736,0.23460178253296726
0.015615653207804114,0.9677664089977798
0.03234195093282827,0.24160682060453453
0.027877165076575783,0.41493412554618697
0.023533065155975308,0.6369700910835978
0.02734900348017738,0.44001797925102043
0.031081645282526382,0.2837390044098568
0.045651324067399135,0.030004872509694382
0.021531788200673363,0.7427592596701604
0.026734728123502305,0.4704439308851104
0.02584584847642657,0.5162411532757207
0.04623955201166324,0.0269176929642094
0.015958988290084464,0.9608810891275243
0.043845867345108314,0.0415105834986805
0.033688474889802755,0.20205569725019962
0.02460807804062093,0.58002311760576
0.026467298893723235,0.48411057849039596
0.04673638857843554,0.024532430116025777
0.026251554231949692,0.4953214020167119
0.022329921077840154,0.701000882848422
0.0215271385636272,0.7429993247007126
0.025997539069467057,0.5086170883806059
0.030557248881085686,0.3027974355341465
0.02295612230994648,0.6677372865883151
0.029323241826847146,0.3513206366731701
0.022664226153367995,0.6832753508694587
0.017902086468170153,0.9057292720434673
0.01739633341003055,0.9226958580243743
0.03560664122728763,0.1546773361861831
0.022748057358480234,0.6788173277890321
0.04128522600828077,0.06432147121467956
0.026733762597182575,0.47049281460580783
0.030833634517859254,0.2926384421611308
0.029667234542602283,0.33726822862328387
0.01799537029698073,0.9024095445902423
0.02638777097744094,0.4882238671491604
0.018105344748731378,0.8984219448330801
0.031163701576964242,0.2808393211599394
0.03472827371577669,0.1751298601395386
0.031780176750026534,0.259757307981181
0.02114284327108229,0.7626737263887609
0.036658395215657724,0.13276421217969891
0.01992975732960095,0.8219032676669005
0.03489103620745393,0.17118573498958486
0.03329435007307402,0.21306987752703177
0.03024124700327957,0.31472744360524213
0.03803980026585069,0.10789877516274551
0.024610571799328684,0.5798922664300454
0.015521745331334214,0.9695027191677558
0.0168534214575915,0.9388958324683094
0.015873811652288516,0.9626686216814504
0.02126413852956105,0.756501468116811
0.04255421641883406,0.05194285652680818
0.018285420571650224,0.8917230084754788
0.029720102673799487,0.335144845375957
0.026981585312323197,0.4580548750432432
0.04002712005976217,0.07899918607786245
0.02481832330783218,0.569019245125634
0.01948179164828845,0.8423184145859964
0.03139721210733426,0.27270848747853005
0.01903068520343243,0.8618862694394746
0.0404577383606427,0.07368498350121576
0.03515338265897905,0.16497770900668793
0.05133490569006527,0.009916416026229969
0.024613408268539194,0.5797434420297645
0.030411457238363637,0.30825956476457805
0.026739898851559418,0.4701821981792381
0.022614774159179896,0.685903034066605
0.02681986690227134,0.4661465017000448
0.03387965099909196,0.19687590793257828
0.027808695944249284,0.41812979834814384
0.016479948627228957,0.9487920670967495
0.02277039254322466,0.6776288887026201
0.02406810486819394,0.6085150725360993
0.02140404456814743,0.749338117383245
0.026245119604809353,0.49565830629386065
0.021804178829648024,0.7286221630142515
0.025201144722473146,0.5491450992544384
0.046176410004000745,0.02723506045187894
0.02666106125201173,0.47418316311461883
0.032374115833149975,0.24059765330186061
0.01999566085877094,0.8188245230525084
0.02530893632253739,0.5435912104904801
0.025582977962972486,0.5295635055289885
0.01966729484227489,0.8339764216319934
0.02478734854970599,0.5706367259675256
0.02434440737704302,0.5938989802221666
0.027463065067062753,0.4345166234118797
0.015020459985125967,0.9777359782888697
0.02607881013281077,0.5045523696256726
0.022528964326300138,0.6904584355839525
0.02444088434421282,0.5888128235507573
0.014189263778003669,0.987811521530646
0.0326644373009945,0.23163405792056932
0.02271190736614845,0.6807402503278868
0.026777232132856543,0.4682952853052127
0.01675660145803748,0.9415598293997347
0.04800802292846296,0.019259391595338567
0.03551062092570623,0.15681509527703452
0.037031180472904934,0.12563290012936493
0.028463243563097568,0.3882620044603421
0.022346165410315644,0.7001419171371863
0.017502035128431542,0.9192965670842365
0.03158082462467182,0.2664399090486312
0.024546911075764566,0.5832349990127403
0.03019921942500539,0.316339597387054
0.030820066694370873,0.2931311915842447
0.02608714151158742,0.5041364860896124
0.03779100228516147,0.11206829186736883
0.023234914149042996,0.652870637942953
0.021009996178224855,0.7693900912882995
0.015048232024183261,0.9773243969110643
0.03311829539590422,0.2181381192070317
0.0252411258187365,0.5470828129839203
0.02758206158260801,0.4288267398697705
0.03265525257222768,0.2319136509342818
0.04171721115674648,0.059850777356952115
0.02388525081102888,0.6182217051297879
0.020866478005911238,0.7765909837766722
0.0345817801764175,0.17874117346859894
0.019935274128368596,0.8216462515141129
0.0221334659403688,0.7113656249240776
0.02367584938644207,0.6293624915050418
0.021364858077148108,0.7513490721798438
0.013489510966942536,0.9933217780316695
0.017532230795124004,0.9183110797060532
0.027103938787961912,0.4519949063232019
0.019954729296003948,0.8207388412925309
0.02577170545308588,0.5199848713388517
0.024097149257754358,0.6069755385539614
0.04142366816846832,0.06285861103695738
0.029617303671924722,0.33928250541407556
0.02685583343594522,0.4643388374756913
0.013093556992189101,0.9954624092519349
0.021859441103583843,0.7257377649607211
0.037514658349765084,0.11685459796805182
0.022889246469850244,0.671300615286319
0.018270438042865017,0.8922882838207147
0.019791114439636676,0.8283190369510384
0.029870440426825046,0.32915935934738716
0.0323182303455154,0.24235311682435295
0.01440783566127124,0.9855642205025001
0.03575821768969925,0.1513504753667935
0.03199085862512929,0.25283325819074703
0.038170167118032006,0.10576583813034449
0.026056293484416293,0.5056771020580352
0.04200700882103972,0.0570032172387989
0.01802438141885465,0.9013653417247034
0.028108496133584016,0.40426061066452945
0.03470136252096334,0.17578888481224897
0.028870668098135877,0.37043700902862037
0.02172742912230541,0.7326194105657756
0.037969862987861536,0.1090576333639602
0.021006248466600708,0.7695788716814317
0.03069648641513867,0.29764758759948245
0.032481216478331465,0.23726059233691707
0.029661214831541993,0.3375106148953486
0.06130512183725201,0.0010394958793572056
0.03014345421045861,0.31848799713452947
0.01876644980095113,0.8728385701371438
0.022195183204254065,0.7081144047832028
0.03508178030351827,0.16665393885192523
0.03825762353500012,0.10435465946693939
0.02066200160633741,0.7867438960953257
0.023386758042022282,0.6447712726744432
0.0241106346765686,0.6062609568685986
0.021767337110108587,0.7305422275852687
0.06119701629859198,0.0010675143303817331
0.019025998506150305,0.8620839248880351
0.019002236109000592,0.8630842189719772
0.02334737239862872,0.6468719561198799
0.02186139505398693,0.7256356865303228
0.021025148655356762,0.7686264325826264
0.027097925757483265,0.45229147330940583
0.01350380166664078,0.9932324771500934
0.03970953948407918,0.0831228593120299
0.021536224927345304,0.7425301458578726
0.021743240397676167,0.7317967836999133
0.022698353960118378,0.6814609971459458
0.022041402424707646,0.716206262705477
0.06037618516035975,0.001304406738490993
0.022440407261571732,0.6951534270676933
0.029512805108934836,0.34352603552518207
0.025203885778044943,0.5490036264510716
0.02681152414046739,0.4665664650059141
0.03014720259737258,0.31834325546701603
0.025098038157050473,0.5544755986903374
0.029395344452228467,0.3483411472426954
0.026071943438005063,0.5048952526443578
0.02076786139597231,0.7815038264864218
0.024406090305399752,0.5906459887746442
0.02679130225023163,0.4675854376044681
0.02691563520578555,0.4613434392808785
0.03633009001836518,0.1393148624935362
0.024864542758394517,0.5666081777597685
0.04046738753135659,0.07356946586714505
0.01792841604360773,0.90479814638792
0.02138631796356183,0.7502482325395742
0.019442290532001416,0.8440733442075387
0.024633201653590953,0.5787051958977376
0.028246661099980752,0.39797648669347385
0.04045446187521562,0.073724243806219
0.01873946598666243,0.8739346223761228
0.028819290286825783,0.3726525677809295
0.023911689632590383,0.6168168220202961
0.02285844562461481,0.6729411926107658
0.01596263115289237,0.9608034628419154
0.019684609246841678,0.8331895305303241
0.04642995363427538,0.02598038688476413
0.022025047726113578,0.7170649667333708
0.02573173613864116,0.5220076353819769
0.030486833162978677,0.3054266366918006
0.02291120337878827,0.6701308701420907
0.02386497647273822,0.6192993175731161
0.022562669831584392,0.6886697746742989
0.02425473499478703,0.5986349041568173
0.02534604866059187,0.5416836212082138
0.014847061398508554,0.9801914880200304
0.011280335947377707,0.9995673770298147
0.014519032057047077,0.9843149922894929
0.0485129767485567,0.01746335695568872
0.032049486315351206,0.25093156811838696
0.02693970208542354,0.4601415595120031
0.03611787416204215,0.1436871734524231
0.023846073765370762,0.620304246805905
0.05261592051161801,0.0075893747455407275
0.030303512662703813,0.31234999851033723
0.03073675889585603,0.296170176928524
0.03252574054925461,0.23588377203110453
0.028856691551259583,0.3710387985559817
0.01917499368535891,0.8557420420381463
0.013579182592669381,0.9927465804220249
0.02332330868840915,0.648155499560285
0.02687628577733847,0.4633129687971166
0.021787012089702462,0.7295171265969156
0.015921966899253404,0.9616645044833657
0.04520665757913411,0.03254149433187382
0.01628025448380488,0.9536618908889698
0.024592114551856947,0.5808609256547312
0.02069883980491749,0.7849244487954933
0.03865733313752592,0.09810265121160662
0.027499536917900302,0.43276733150814395
0.024961700895466232,0.5615498426832638
0.02391018577273729,0.6168967209855548
0.015702129953910737,0.9661120528467648
0.021032736276544617,0.7682437923620012
0.024353299012755958,0.593429816215085
0.04421123063143795,0.03891257887303342
0.04214792239426535,0.05566118609144632
0.022092804332893068,0.7135049875946526
0.016381491804810744,0.9512298163193453
0.02899112769554102,0.3652788180913592
0.021866044069132118,0.725392787305775
0.016688042165409978,0.9434046161770773
0.021731361016845807,0.7324148844205334
0.018556261329756296,0.8812627862126517
0.028510872812871402,0.38614795023293985
0.020261921363818436,0.8062051296329277
0.020237970652497994,0.8073517185598776
0.02722792951158548,0.445908369301759
0.023682838584415,0.6289903005296629
0.02211127009859548,0.7125337021498932
0.049718497821912566,0.01376676618690665
0.024283389451153214,0.597120706418309
0.0374218432249489,0.11849946394424649
0.032816550691594504,0.2270411211810303
0.028817935897349822,0.3727110985744279
0.02548556306803662,0.5345343431184345
0.020766227740281973,0.7815849609453482
0.017176763802694228,0.9295035499710574
0.039452054542520376,0.08659800886019609
0.03743546445992996,0.11825688262748138
0.02770259634362307,0.4231148059844349
0.01939519981006299,0.8461553855218122
0.02552270792948025,0.5326368477862564
0.0340988173367468,0.19106649297297493
0.032419550157203575,0.2391776501408615
0.019129278733159727,0.857700551154778
0.01783416273305427,0.9081098571297478
0.02908742609054671,0.36119184863853243
0.028343012876407836,0.3936342427560902
0.02625186269482016,0.49530525520569973
0.04024696484180257,0.07624696817487353
0.05329284545399926,0.006571650707828408
0.024110919100445993,0.6062458870652174
0.022169437541627368,0.7094712446997031
0.02221606121262143,0.7070135082173767
0.022321737273428732,0.7014335207482167
0.03149062889186571,0.2695055464327466
0.041431622510545996,0.06277543233012345
0.028403404186086778,0.390929392878733
0.03228361620438258,0.24344529959141736
0.018928208327122054,0.8661804540092096
0.025744716915847565,0.5213503562758425
0.01825975713478578,0.8926903934061882
0.037127152664963026,0.12384865427251476
0.01670271078772767,0.9430128199907668
0.026583534722483426,0.4781391906053935
0.01876340951504185,0.8729622745642475
0.0107092216768781,0.9998423853961161
0.02674124722459087,0.4701139616958675
0.017228159093487128,0.9279409587310377
0.023157528143753825,0.6569984319348338
0.01955960218088633,0.8388392824492361
0.035800128418757904,0.15044085223593648
0.030257440836737093,0.31410785961588
0.014907103814262135,0.9793633387431263
0.052479488610263636,0.007811101612262983
0.02718965007184171,0.44778159820479846
0.022602589585714705,0.6865502134572468
0.02040810424435552,0.799160273596168
0.03257178668792732,0.23446633022144925
0.03159788222965865,0.265863102192382
0.03767226403253637,0.1141046270018941
0.01683861397884112,0.939307710073585
0.041950450813065365,0.05754963201724869
0.016910760557951043,0.9372857831619849
0.03147450185465592,0.270056462212408
0.026254683630819065,0.4951576060326118
0.0263156954688447,0.49197113010111504
0.019184921882778982,0.8553152354347203
0.020134695810061887,0.812270289225988
0.02643409900869008,0.48582498523020784
0.035880815494759855,0.14870205292057603
0.023847643984920897,0.6202207608738912
0.034540727240371216,0.17976371868672447
0.030043466560213894,0.32236665093072464
0.017312132384964596,0.9253471547099915
0.016141205019874538,0.956879379224151
0.02531818687380613,0.5431155047370179
0.025571610581026416,0.5301426381648517
0.021789947228638362,0.7293641431781728
0.04295562133874081,0.048481750663732365
0.02889151938811227,0.36954048959443686
0.037932734530759515,0.10967702635112793
0.03190575443441124,0.2556131720726335
0.0215666373286042,0.7409585580715232
0.015211039518352565,0.9748079730010891
0.02188474131653917,0.7244155503702974
0.02356620751257521,0.6352036408751082
0.01916755083633681,0.8560616633351618
0.025910522913784317,0.5129847091753019
0.02254291691339988,0.6897181180160874
0.02997470315694961,0.32505390132232925
0.022068024380214046,0.7148076763640256
0.029834727470794076,0.33057417682390927
0.02230983127768707,0.7020628062984777
0.030585098632780472,0.30176217735846916
0.02315996688191252,0.6568683559069739
0.03589174258718597,0.14846782764239777
0.04109253756167891,0.06640587551590636
0.03237033108546089,0.24071623162015143
0.036134676842139446,0.14333698162437622
0.019847485969087475,0.82572056063204
0.04457103162861331,0.03649398902410361
0.024152056178770254,0.6040670029379106
0.033646678103346594,0.20320222221309137
0.021134527117097346,0.7630955388078584
0.01706399027867711,0.9328655327739857
0.04902797142984694,0.015787374828561337
0.029436818300784373,0.34663552021505
0.028533028367147217,0.3851672963527512
0.04018146435917286,0.07705834187278486
0.03690979193688382,0.12791977122764847
0.030193773049741357,0.31654895688639106
0.03083460638107216,0.2926031700485631
0.025193890017099485,0.5495195929005197
0.019549020567726894,0.8393141311790889
0.020279319631577475,0.8053708534665354
0.03703388484198744,0.12558233566566623
0.023271545355904366,0.650916638656731
0.023387117324842666,0.6447521107225005
0.02836136621800822,0.39281085299029794
0.03435504270868289,0.18444674961567914
0.04788231703245166,0.019731376064588156
0.025237190555729372,0.5472856813126405
0.02347886268647506,0.6398596669145712
0.014875985700342431,0.9797954427008534
0.033507655110033896,0.2070523429755365
0.023522091510978282,0.6375550434237047
0.01920003645501478,0.8546644719224292
0.02775554688613968,0.42062195007998376
0.03317429728262278,0.21651591814198243
0.03643257512658521,0.13724237512483228
0.02290191947069642,0.6706254890360479
0.03616476477112518,0.14271163405932433
0.021068181892577642,0.7664542097522168
0.020727503718521056,0.7835057253268117
0.024166598331888944,0.6032970994127937
0.022276271744786913,0.7038357554940422
0.020525633641092056,0.7934402163867759
0.034469377392399025,0.18155192038109896
0.02591865991007064,0.5125756139519284
0.032554497506091074,0.23499777697251245
0.03493791099967908,0.17006306274339697
0.03000965835970143,0.323685842033401
0.02519263708436792,0.5495842790843579
0.01999637137982435,0.8187912307338112
0.014783186906415113,0.9810471340309939
0.03601763370535738,0.14579075030995967
0.03629115533711358,0.1401088449194698
0.01266902467908837,0.9971280129718412
0.027722078813451123,0.4221964294942653
0.0316684253722429,0.2634876398045178
0.0346510796169599,0.17702553308298088
0.02777171723954719,0.4198626589841656
0.028071983708271908,0.4059326265335729
0.018869910695050618,0.8685971938663255
0.01773838723134502,0.9114135470993093
0.025661083997108203,0.5255909156077081
0.024198073787773028,0.6016313286917232
0.03155649567976526,0.2672642251035699
0.03335455029650869,0.21135797667048667
0.02774009002363631,0.4213486099246705
0.018770427083050656,0.8726766599232723
0.04232718464984753,0.05399328385126085
0.02454092266093566,0.5835496912656424
0.035052138502205954,0.16735183001940895
0.01898324140332941,0.8638815777983776
0.04780166897937688,0.020039587339746128
0.02502318948591714,0.5583557967582953
0.053035192900086736,0.006943357276189186
0.0456478635181935,0.03002392107107708
0.03877362679970442,0.09634343904070469
0.03080309785083135,0.29374832070534407
0.04266255577915229,0.05098830984961163
0.0172141017979065,0.9283702333298302
0.03142743982035173,0.27166897776091936
0.0379622306061258,0.10918472302734664
0.014862427222817998,0.9799817612807177
0.04014749998741346,0.07748193753059944
0.02501308104771016,0.5588804890621262
0.0285255972183604,0.38549602199743666
0.03208427413276349,0.24980830847696878
0.04300118658645952,0.04810177326355069
0.024455883123180255,0.5880230021048662
0.027307119227293897,0.4420497761836573
0.01458153781977356,0.983580392115331
0.029593959110312734,0.3402272132224899
0.0208992138724913,0.7749537209735724
0.02162182632316234,0.7381018848469052
0.029167761065498565,0.35780722087205447
0.021271585757275918,0.7561213221408735
0.01860964149761446,0.8791482056042352
0.03377636880091345,0.19966118862239074
0.04152609411933206,0.06179471878187559
0.031206019373264393,0.27935256358421406
0.03363316698261387,0.20357392989635328
0.0293009377039819,0.35224597374148076
0.018757474671579177,0.873203599445883
0.03696158511515307,0.12693989436250092
0.025620404300009558,0.5276584857884246
0.02404599852247169,0.6096872890383856
0.02296862389915766,0.6670709975518185
0.02829646694135257,0.3957277971750292
0.024320443882170473,0.5951638039986771
0.020080795474655272,0.814820554826936
0.030513747084849552,0.304419746358672
0.020819194455267254,0.7789502171803702
0.04050392483508203,0.07313344122372858
0.01599742218554917,0.9600572232140016
0.036157771186450305,0.14285679113959407
0.02650675817375603,0.4820780435559241
0.02933202843720273,0.3509565800915865
0.030459923567039082,0.3064358061666029
0.05388276706320061,0.005787999602573364
0.02168370805996589,0.7348917608543308
0.02540642404029414,0.53858546482162
0.024805848911112427,0.5696704908397638
0.027422226494323132,0.43648098987981465
0.01831511689945342,0.8905983979243097
0.019465264327587495,0.8430536116775753
0.018485261788582452,0.8840486310352118
0.03862127105217267,0.09865358597023079
0.023697839761087414,0.6281915237204787
0.036747550079834435,0.13102934183029705
0.035496202070497,0.1571381514662608
0.019940536412057508,0.82140097171835
0.03288822072909714,0.22490155537515066
0.03134384340890184,0.27455106704322013
0.01708498421298721,0.9322466299278066
0.012625082268915677,0.9972684219818808
0.032115997779779026,0.24878732023397943
0.031452627098694286,0.2708050752860799
0.02199056258347515,0.7188743565750596
0.03427490087305851,0.18649750439156276
0.02075019949392537,0.7823805531324131
0.027461088088810537,0.43461158046028076
0.012833042465510203,0.9965534848256625
0.033877957203982595,0.19692133863580613
0.028943662817416005,0.3673052244892214
0.01600584122828297,0.9598753148979445
0.028292826025988066,0.39589188313634244
0.020786055042743334,0.7805996925910423
0.04585161840159674,0.028920334636359096
0.027732248649442903,0.4217175751538652
0.027189904649791874,0.44776912298866695
0.04455062200429358,0.03662757887485791
0.021985743804303348,0.719127053887392
0.03928249286576979,0.0889525616989133
0.022869700378251978,0.672341764677215
0.016488357632949313,0.9485805501097906
0.024277220710322678,0.5974466171260979
0.019724570902870248,0.8313681209554434
0.02152483051069687,0.7431184750054459
0.030345144965994164,0.3107677176300201
0.038772803316497684,0.09635580292185472
0.01638988467315014,0.9510247994706336
0.0195001948019371,0.8414982035790148
0.035316963411716085,0.16119880367885575
0.026803443772098423,0.4669734564402063
0.02878192676088298,0.3742696239631021
0.03467991447666563,0.17631553228548846
0.025226444824817423,0.5478397711259954
0.022026566639824857,0.7169852320600687
0.021357968408476397,0.7517022729326286
0.027430575295487758,0.43607892208178345
0.0468710304353227,0.023919165911161396
0.018267780377175247,0.8923884060605576
0.027485355987369287,0.43344692448777694
0.022663881000755226,0.683293696594031
0.03473469367748028,0.17497293291582472
0.03309412727125993,0.21884109483633912
0.03292733125067748,0.22374056338399112
0.0192958606791529,0.8505109699253917
0.041622204345441505,0.06081048302787575
0.019403022098635203,0.8458102997541109
0.017608719248535465,0.9157862741872423
0.01615389443687265,0.9565916480928492
0.023657096748673778,0.6303612130299019
0.018502128572939203,0.8833895997184793
0.02208437951224801,0.7139479757936922
0.02356726707447021,0.6351471728889213
0.019496076560461595,0.8416818929331424
0.04984466861071962,0.01342377087769741
0.02159568113098098,0.739455953873376
0.031100278458239317,0.2830786036991933
0.028406886350803906,0.3907738251421632
0.03721722595285082,0.12219303278697878
0.05913672981697393,0.0017563620990085076
0.02231401902407948,0.7018414822182029
0.02095273421041055,0.7722702190220199
0.03760087668248818,0.1153435354993375
0.03475539344240475,0.17446771616784293
0.031842911354303616,0.2576807330180205
0.02440008178888814,0.5909626863586788
0.018221165795338612,0.8941372048594781
0.024769406992050186,0.5715742219333204
0.0241640883560319,0.6034299717706813
0.018644739007488975,0.8777485706985246
0.023518271548699815,0.6377586749369888
0.0387028059766531,0.09741160471164635
0.02830983779622348,0.39512561317151534
0.026099108688650507,0.5035393757637638
0.0321891518858512,0.24644503310955795
0.04015719531529993,0.07736081923801678
0.013939272840066685,0.9900605915038415
0.02542798257612089,0.5374807623110978
0.039254085791092574,0.08935223311871064
0.02144406724554382,0.7472807157106649
0.039286571412177174,0.08889530221576564
0.024657778360287708,0.5774167252612239
0.018048276035666,0.9005011314965553
0.039136200523639975,0.0910269458913378
0.02352291163070308,0.6375113256426701
0.021041109241362543,0.7678213648615408
0.025552033478082298,0.5311406020272502
0.03366464718925932,0.20270869209275624
0.03725523454281909,0.12149987591805106
0.040886574496526384,0.06869731557717991
0.03667614807176489,0.132417272473095
0.02087232927838073,0.7762985680603005
0.028395494186708836,0.3912829362937436
0.06825309558842285,0.00017046501987381292
0.024122152301662925,0.6056507646282745
0.02685609139514189,0.464325889212054
0.033589656942126234,0.2047745543896584
0.02033760768707016,0.8025675358558612
0.030026133703368374,0.32304248818245035
0.047525526873910706,0.02112766649249982
0.04470944057096293,0.03559923944345438
0.019621667453119496,0.836043385796192
0.02249128980119719,0.692456632265479
0.025651680808363858,0.5260685543215506
0.02501075980225076,0.559000998533278
0.025636138828172395,0.5268583904140045
0.04110560179712064,0.06626275460158751
0.016394599742080518,0.9509093942455172
0.033273436553122704,0.21366710441884168
0.015355702050788594,0.97242106052848
0.023945248866422575,0.6150342266919893
0.03100585773250053,0.2864368928758953
0.027569847494718802,0.42940843621290153
0.024797397973396113,0.5701118073920168
0.02403224437599616,0.6104168079298615
0.019182042488191664,0.8554390722912404
0.02394811300326838,0.6148821242860759
0.02509867075242822,0.5544428420317611
0.022189661951832085,0.7084054524297578
0.03543644095270915,0.15848281013452678
0.030062406779692297,0.3216293141093969
0.01917273518287743,0.8558390608179748
0.02069182351545512,0.7852713217192536
0.02358933699516541,0.6339710666096554
0.013715918384491765,0.9917995659271153
0.019635898376445304,0.8353997544814794
0.03153645087522794,0.2679448240916355
0.02217690969093644,0.7090775337020043
0.032375104028007806,0.24056669993549748
0.053237768611641034,0.006649547572730891
0.01563711631679221,0.967360782351718
0.04585028070972996,0.028927461665013775
0.03067462541242927,0.29845183860834856
0.026994597581580626,0.4574078591885313
0.02477778752168691,0.5711362617241029
0.017183047891227377,0.9293135112312998
0.04718748472952333,0.02253101632034712
0.034529363188111006,0.18004759169855558
0.01911641183124102,0.8582497817698309
0.03418460252580047,0.18882966597226514
0.03164597655948942,0.2642418384814056
0.023336535420405757,0.6474499880501144
0.024896568168733674,0.564939327473579
0.024007967142376824,0.6117048145573282
0.020265805844675022,0.8060189619806724
0.021597285052458726,0.739372924851228
0.03468311763063897,0.17623680074252293
0.03880964869170134,0.09580389672699227
0.024509408898091,0.5852064355987239
0.016543358041020806,0.9471842316135493
0.019721944081562692,0.8314880730117037
0.02477325719182899,0.5713730015663397
0.02439711346423451,0.591119155320627
0.0213872803548667,0.7501988397939583
0.03158251916584029,0.2663825656925447
0.02067203559777786,0.786248748968799
0.02505838724412368,0.5565300366618264
0.03299591900174703,0.2217157155371149
0.05146039131648927,0.00966280946121344
0.04398475446636274,0.040505714858965224
0.026152502716190185,0.5008790596191871
0.023636683667261793,0.6314485258274847
0.030736914807168447,0.2961644678011825
0.019515486948193272,0.8408153946544471
0.04294533187122185,0.04856791516634507
0.03304207327966824,0.22036113665374377
0.025099638762903775,0.5543927183469055
0.021382764433442114,0.7504305920305894
0.03038729824586761,0.3091716166721145
0.020803282940666246,0.7797426126814125
0.03465500226271165,0.17692881263680746
0.027096835206786185,0.4523452738820485
0.02098655291820506,0.7705703376770521
0.032729959417090004,0.2296469986601547
0.027406072234173573,0.4372596652650111
0.022044477058860257,0.7160447868852979
0.03304053655052308,0.22040613481086477
0.02825924728559215,0.39740740056181034
0.021635025710556866,0.7374177780663057
0.03357268244543393,0.2052444477559251
0.03235016131116614,0.24134891504302694
0.049909198966242796,0.013251334504468472
0.02519282077431828,0.5495747954109049
0.035786334124910724,0.15073975310900087
0.02613155239530096,0.5019221476722275
0.023337595460581673,0.6473934462843678
0.015776568184062145,0.9646451206352157
0.01976130658737163,0.8296873276814524
0.027440228921168652,0.43561432573694053
0.023037143208490096,0.6634183679412292
0.022298010470058194,0.7026874391491766
0.020455948058952456,0.7968376359050588
0.01806636694363639,0.8998443321669656
0.02235224776483269,0.6998202252006245
0.04078395935716961,0.06986386822082073
0.029633662333948596,0.3386216263056642
0.04289460904581921,0.048994609983361685
0.040287548891698,0.07574788044416499
0.0171445917950096,0.9304720168875823
0.024271074417100857,0.5977713782107854
0.031893701346629055,0.2560087470970436
0.03220173850130453,0.24604372579896186
0.028353155749060943,0.39317905338118053
0.02083255776688353,0.7782841294570504
0.020852983918861145,0.7772649595426155
0.032410390877450124,0.2394633972789759
0.019736205418323688,0.8308364608963645
0.016845505792290494,0.9391162104796492
0.02655276442503407,0.4797152733834646
0.024923807281600013,0.563521056697349
0.024867448357472344,0.566456705966871
0.029026191369594,0.3637869291836915
0.01541340055869872,0.9714287820187392
0.022608494494482767,0.6862365895441629
0.03959037372720875,0.08471629632058356
0.03835059097158777,0.10287173892098074
0.02103151148680077,0.7683055686163919
0.031243798299435077,0.2780302374603066
0.038342408564780106,0.10300154926597382
0.027309457935714987,0.4419361608002257
0.02935896838754226,0.34984204999125607
0.04428455787112129,0.03840861822545979
0.034021018263526104,0.19311306522409305
0.028383485180892176,0.39182011158208274
0.029439933911807215,0.34650763098433585
0.04221647360894931,0.05501820572974296
0.04165450529086101,0.06048272812734774
0.039199812963849556,0.09012001035672552
0.02215267016351624,0.710354472315453
0.026635114286993278,0.47550480215328517
0.038003225783063976,0.10850353392546816
0.027071350837372,0.45360371332147464
0.023940521352143418,0.6152852973451297
0.022446869769480793,0.6948110394404001
0.03646383728814234,0.13661519528394717
0.0332091864344678,0.21551002367594488
0.04167300871507307,0.06029565830794967
0.02865404409331196,0.37984148491377984
0.0494359555463888,0.014563606581935859
0.040390783353292214,0.07449079926123081
0.02452400015674444,0.5844391991256173
0.03593721450196563,0.14749632230909046
0.0256623451964475,0.5255268655299248
0.015778802769277095,0.9646004683967073
0.026441420578834307,0.48544657015606096
0.0220005428166401,0.7183508839319065
0.012917395851624505,0.9962252632301914
0.03911599157504342,0.09131666506382327
0.039883387826958105,0.08084357735139319
0.02216264835295534,0.709828910047369
0.015571422242978916,0.968591996699914
0.03716086681722697,0.12322681869202687
0.020175427626887524,0.8103353881847801
0.02142573432846262,0.7482235738742848
0.04077448378185855,0.06997243378213883
0.032203638616328245,0.24598318642671918
0.03013054429590989,0.3189868720829977
0.024956368400812057,0.5618271088760898
0.02511113150558053,0.5537977366976727
0.03088101754528816,0.29092241528910867
0.044461243003821815,0.03721765477063747
0.019325586668450287,0.8492128668761643
0.044654866324613296,0.035949716485854426
0.016691958430048004,0.9433001683356675
0.023140875851336312,0.6578866049207295
0.0320253258153359,0.2517139363901431
0.024984954698912487,0.5603412443570882
0.02695177774876767,0.45953928976359687
0.021285872936729566,0.7553916551431995
0.028498242230038384,0.3867077846921122
0.015201638486245894,0.9749581390044458
0.02240613720708079,0.6969684302278569
0.018231805725622996,0.8937392569633194
0.029818486808162903,0.33121902333529063
0.021744423884090924,0.7317351914349618
0.02877668499528485,0.3744968754967369
0.01834026538135322,0.8896416678332972
0.022245711592904782,0.7054491597902297
0.02443520077317285,0.589112179526905
0.026430137280166244,0.48602982651210613
0.046761356731558346,0.024417664057964524
0.0279036396580693,0.41370294887139303
0.04395884097622427,0.040691577753235474
0.018073070405535407,0.899600414951324
0.02384998439762928,0.6200963277256767
0.030611080001512025,0.300798721815446
0.03410698492552067,0.19085263109844314
0.026451280118077625,0.48493728151255716
0.029608721124827986,0.3396296047973596
0.020757903332873417,0.7819982584857299
0.020006602999704914,0.8183115821158782
0.02718126951914812,0.4481924039893069
0.024657678035913122,0.5774219833697245
0.01905138328542111,0.8610119183908541
0.02508537471607364,0.5551314623308601
0.027755931028720204,0.4206039015691524
0.028094941873184953,0.40488074870632895
0.026287561839389628,0.4934388278284114
0.028131214106548064,0.40322267639253245
0.030084525512869498,0.3207697900267984
0.02002523012859908,0.8174372412997414
0.053569261656711276,0.006193135454587877
0.024683852417506702,0.5760505902219522
0.024056108448508473,0.6091511509313412
0.023021258109350407,0.6642652820217636
0.027033974978658337,0.45545355802284826
0.022100577960854018,0.7130961557265905
0.05605464902138124,0.0035831990519992188
0.03390038223690078,0.19632052365911257
0.016509599962589605,0.9480439060271475
0.018277519363867012,0.8920212903130652
0.012114741247109595,0.9985372743076314
0.026674859392403966,0.47348131576514313
0.018965402757558647,0.8646285902560779
0.02444183825788193,0.5887625839971699
0.032487890932231145,0.2370538068353494
0.0195887005930252,0.8375307395120009
0.031337464473019716,0.2747719244513406
0.03058026911095646,0.30194151824882903
0.06827901140886905,0.0001692577916328956
0.027205030067556923,0.4470283395333293
0.027940034398724167,0.4120145176539078
0.03562086646820356,0.15436263419373772
0.02163430563889568,0.7374551071017512
0.016144324492682438,0.9568087550704915
0.020203885379062786,0.8089796720382427
0.017364624657521865,0.9237002032076442
0.029829755781692557,0.33077148475776397
0.018769226480717438,0.8727255446109934
0.027046047279999486,0.45485551795864654
0.024773904330570806,0.5713391825639718
0.030825812351130966,0.29292244885296165
0.02631937961474473,0.49177914079822765
0.022389526776240065,0.6978477478916532
0.04144751423580728,0.06260953417595205
0.026039050868327224,0.5065391303239279
0.03167573607009222,0.2632423771645798
0.028472717292882477,0.3878408675431068
0.022123224625900523,0.7119046634239143
0.02850254304858091,0.38651709304542853
0.022324810080620927,0.7012710846481407
0.0321757083018247,0.2468742136671251
0.01961308533014483,0.8364310756418052
0.024495567063264168,0.5859344923329479
0.02139647014828827,0.7497270876786806
0.01976356738555385,0.8295836885140908
0.018821094777655256,0.8706060483126048
0.03491042920469423,0.17072055021470112
0.03780284622132102,0.11186682835714727
0.029426895087212745,0.34704307187845507
0.02748122312387946,0.4336451188381573
0.02839797247588627,0.3911721434406446
0.03582319384905741,0.14994212841173768
0.028666794496713055,0.3792833603174819
0.031144062193997735,0.2815313144189764
0.018085097993112087,0.8991620330354398
0.034617757042979536,0.1778488590284327
0.024876329352327642,0.5659938053523378
0.020993629618198006,0.7702142238753362
0.04390986831153815,0.04104486139657614
0.035360893463859844,0.16019587067463342
0.02273939326882901,0.6792782638884123
0.03549860235498892,0.15708433574282685
0.0237882141557596,0.623381510784227
0.02111322363053636,0.7641752745049186
0.022272630060055865,0.7040280711391398
0.03938832603049458,0.08747673209411694
0.023954620353835887,0.614536566484638
0.025212378814958303,0.5485653584610126
0.03503866503921674,0.1676698216256199
0.049631015875476026,0.014009192176940594
0.03301170746093435,0.22125161905108912
0.03077047847740877,0.2949373305457201
0.031961558561592884,0.2537877413293571
0.016005332861577348,0.9598863137354527
0.02655693742888654,0.4795013307000051
0.017856200625725793,0.9073408794190653
0.03905515042932234,0.09219356275058589
0.03769432118271221,0.1137240591334273
0.04047771005680306,0.07344605713341826
0.01600669299750973,0.9598568820998852
0.03175042438612696,0.26074654480994863
0.01986632386989795,0.8248490976188585
0.0362492906452796,0.1409666723407941
0.030836257830333835,0.2925432407353888
0.031162305924293365,0.28088845508217947
0.033144572519476445,0.2173757844271273
0.030013582756469592,0.3235325120699677
0.032021754789754664,0.25182973057497837
0.017882502012736223,0.9064188499261355
0.036552811091589366,0.13484296028434303
0.024478698901416712,0.5868220235555934
0.02109750883566014,0.7649709927971536
0.017168129085057993,0.9297642110660881
0.023696933783854596,0.6282397620677955
0.016372138902047195,0.9514576725759606
0.02745267255114492,0.43501594665944915
0.025665433568752033,0.525370035418723
0.01594121551916272,0.9612584260140756
0.031244018747771163,0.27802253513137415
0.03241459912653444,0.23933207781194446
0.016273075414800164,0.9538314903553937
0.01865451364073767,0.8773574685261536
0.0336853931729475,0.20214005857685605
0.022950316267548176,0.6680467104231939
0.018505338297231444,0.8832639902686318
0.02513724143703011,0.5524468045491941
0.028791030502633708,0.3738751702341866
0.022657692521195982,0.683622616541016
0.025845868857841126,0.5162401256887568
0.029209472452779273,0.3560587596163895
0.03323926672511007,0.2146456864178533
0.015059269894967864,0.9771593962301598
0.022923737575614195,0.6694630348496327
0.019627579147255825,0.8357761289789876
0.022219801455031662,0.706816230498813
0.026232712817487402,0.49630831581266494
0.01683866879345071,0.9393061883380102
0.022372990653748648,0.6987228648173128
0.035301470631881715,0.16155370511647896
0.030711578180611432,0.2970933052554512
0.019769252865171505,0.8293229539528483
0.056753213186045315,0.0030587109816648107
0.02640012970864558,0.4875831812907397
0.024593739591914132,0.5807756248429204
0.018384233559904373,0.8879594476824885
0.028547624487772205,0.38452218804297844
0.03694918906015088,0.1271738547364574
0.025852255214619424,0.5159181812276843
0.0397621667370332,0.0824272298512579
0.035179462814447615,0.16437052486345782
0.014118695580347618,0.9884801712036072
0.021073222654309776,0.7661994355616688
0.02223448387852056,0.7060416523938988
0.018649775129361834,0.8775471364293159
0.042655646250957524,0.05104873226784905
0.019514118510573192,0.8408765428788796
0.021100072143319104,0.7648412442413371
0.03755545043480807,0.11613765545950808
0.037316445838006196,0.12039036573646182
0.02411394393005073,0.6060856247737574
0.023865527643596507,0.619270018711322
0.031033826346793414,0.28543905557595134
0.02603277159658457,0.5068532153749085
0.01846163322445915,0.8849689342461473
0.03279248346635194,0.22776310486439105
0.026684599067303694,0.47298631221188736
0.028150656856763545,0.40233583623986086
0.023296300898800304,0.6495961246287729
0.019814308832508454,0.8272515824627256
0.020354925627400933,0.8017322061329635
0.03376720840885872,0.19990970504150263
0.04424142641284934,0.038704355589381324
0.029586496704114063,0.3405295996638484
0.034087994355805784,0.19135017465764373
0.035853332517171044,0.14929247730070266
0.01798906758762933,0.902635663583327
0.03682355216370503,0.12956506604392584
0.01689767459340652,0.9376553463368079
0.041873056068876924,0.05830463956801194
0.019019903065314092,0.8623408122354668
0.02093064162399494,0.7733789381363586
0.019448940325497488,0.8437784486568767
0.02268676083991661,0.6820774102398481
0.012183217861099216,0.9984017793485336
0.020810445290147195,0.779386022062518
0.021391079485917786,0.7500038368695701
0.023373310243280265,0.6454885080830145
0.03271677491692759,0.23004578220428407
0.030267397870110235,0.31372734081040377
0.03445802092591621,0.18183783555389438
0.021002066522624374,0.7697894793378803
0.02638611302121341,0.4883098581469282
0.013264765610717544,0.9946131239473955
0.029355921458578793,0.3499679774737506
0.035757081715974026,0.15137519192247806
0.01602093137292615,0.9595479707399704
0.015311335252568226,0.9731683862475666
0.03101788633175928,0.28600743109195587
0.04620563363176239,0.027087766556431723
0.02703088372614637,0.45560677676626676
0.024506868451988018,0.5853400422485164
0.018531795496628145,0.8822262235938179
0.031176785039639388,0.280379029525824
0.028858623473386913,0.3709555746861679
0.033602536215677214,0.204418586798082
0.032405033049964393,0.23963066930728993
0.015981906483112485,0.9603911127416547
0.026006932860408782,0.5081465407561124
0.032878395879892164,0.22519393380127173
0.041867853215911244,0.058355698479362644
0.0328879691605477,0.22490903816953234
0.016552755071049585,0.9469434343526045
0.03794995130512313,0.10938944759457178
0.02595982497957916,0.5105081228632596
0.03214800661099082,0.24776037088391828
0.026936571435502654,0.46029778459414733
0.037073101115911,0.12485096827946307
0.034734280176559884,0.17498303701516804
0.01752080221039734,0.9186848217478147
0.03015829604140724,0.3179151694210669
0.023800816595464847,0.6227110938282523
0.037892681753967095,0.11034846564181715
0.030186892834074164,0.3168135777262544
0.03228670419517393,0.24334771176999304
0.019743085055766663,0.8305217942622711
0.0235326004684675,0.6369948606705764
0.032360138443542796,0.24103579488611007
0.029557003198542958,0.3417266018022469
0.022607030385370153,0.6863143542380331
0.027821991621539977,0.4175079399999219
0.031410781488766915,0.2722414781439796
0.025901212372647087,0.5134529744726819
0.025755906594496836,0.5207840380564631
0.03453815777763358,0.1798278725917989
0.021877176024747813,0.7248110284580156
0.022098026829098116,0.7132303341257651
0.02652428748407215,0.4811768919546935
0.021085996731144918,0.7655534934686286
0.02203420018854757,0.7165844629066329
0.015587285846352716,0.9682974929799968
0.016608906308803628,0.9454910045139631
0.03234921266608362,0.24137870327308478
0.030910640081675655,0.2898533954584631
0.016350390396061676,0.9519850184288479
0.02546987649771837,0.5353364333135577
0.02015190335530137,0.8114536733987594
0.02611641727317149,0.5026763046743785
0.03624164982123068,0.1411236953473492
0.02548954767282663,0.5343306730509013
0.02336265972235496,0.6460565667196212
0.026191092392320592,0.4984928592741737
0.04497736211534098,0.033921701255567246
0.018798424156929727,0.8715343455659454
0.019419911745776064,0.8450641605297371
0.03487659840892343,0.17153271326386016
0.0526091529870199,0.007600236745596909
0.020697070092746794,0.7850119550975497
0.02131431952724705,0.7539373975407166
0.03108416459220048,0.2836496475996102
0.030338958920326675,0.3110024535395107
0.02019128559822847,0.8095803112723607
0.017089863056455407,0.9321023441933178
0.02795372202461266,0.41138073907548267
0.027039611226700844,0.45517428370190677
0.017433340074476722,0.9215147088554817
0.026000568045489558,0.50846534237387
0.033015462559612074,0.22114134975668706
0.03432170348139085,0.18529769481411903
0.017974306048038236,0.9031642255141867
0.023047499019631545,0.6628662157646903
0.029618672265088353,0.3392271796834096
0.030788770919104813,0.29427011510204465
0.02554334772394523,0.5315835983174124
0.0344227439769178,0.1827282557322696
0.02352983982372525,0.6371420146285495
0.03245196931011818,0.23816834552975186
0.037160658421715065,0.12323065452915873
0.024637817238946806,0.5784631591180663
0.032046118095596376,0.25104052738029753
0.028850526508082508,0.3713044657496526
0.03370691612847951,0.20155144736741729
0.018284993349575562,0.8917391468341251
0.01801802299259636,0.9015946771954806
0.023254483470015852,0.6518267625789478
0.025263793779032928,0.5459147560590236
0.021164820422798214,0.761558141776966
0.03013017375401393,0.31900119923849696
0.03158497464678017,0.2662994885619921
0.025599268802802944,0.5287339653009566
0.021709373432063694,0.7335582577638458
0.030572191051179975,0.3022416664814999
0.015650204806625934,0.96711181535958
0.032778997662299414,0.22816843226715897
0.02647646586356911,0.4836378967443537
0.037999890015516236,0.10855883024458374
0.027313674862928752,0.44173135015096476
0.02052498695006094,0.7934718224020034
0.03459721778233882,0.1783578492178574
0.050276616192275136,0.01230698400106934
0.026599998748942366,0.4772972728443109
0.015287635999846949,0.9735620255493662
0.015945932281041686,0.9611585077229132
0.03142418970295352,0.2717806043320518
0.022672260176182013,0.6828483006446893
0.017632374237343984,0.9149972175962839
0.026766055982527515,0.4688596333452666
0.030434015636274514,0.30740971923021976
0.0355645482526214,0.15561157435683345
0.022230410678629742,0.7062565612378577
0.023415325931098296,0.6432476934222588
0.017542875581412765,0.9179621485744789
0.027033812291317738,0.45546162081330643
0.027462065175514194,0.43456464786697585
0.023882150881759823,0.6183864549759285
0.0245916282916456,0.5808864508131976
0.024759675902478295,0.5720828803975382
0.029888767775324343,0.3284349979390332
0.03298281384312707,0.22210150817744748
0.029502430900358756,0.3439493813309749
0.02137827502780454,0.7506609378294148
0.022137254142781226,0.711166203457597
0.020608554003194335,0.7893758263937198
0.03321018305324974,0.21548134333095234
0.02801557927907994,0.40852487574522134
0.03407601444172259,0.19166456707446902
0.0354790882884462,0.15752228140534558
0.02448704792054468,0.5863826932584391
0.02737156949830971,0.4389259022461738
0.028147807358004928,0.4024657261370158
0.02656768853292807,0.47895042586400155
0.02345327391565022,0.6412240643720246
0.020426872440492516,0.7982501231878844
0.01930808288550523,0.8499777858401585
0.032663947727315235,0.23164895453577816
0.020288356754800674,0.8049370556118058
0.025110866107300733,0.5538114740495408
0.026885640834358404,0.462844226061008
0.03893914184361458,0.09388512735816988
0.022485903455306655,0.6927422179918733
0.016456693390482724,0.9493743053769206
0.02156096861740653,0.7412516361509034
0.041306613596060304,0.06409359537030591
0.036406625375279944,0.13776475434247734
0.028601626576039152,0.38214199031529517
0.019370616398018348,0.8472379052678429
0.02043945034695613,0.7976394604725685
0.020096179800631497,0.8140938477905918
0.01508815487727333,0.9767237714250984
0.01764685909870864,0.9145121362469338
0.017131243729008427,0.930871640418632
0.032876261520767724,0.22525748908003262
0.04040502644967969,0.0743187581273409
0.034063000847843194,0.1920065469450948
0.017286537196915863,0.9261430897355095
0.024387381069976566,0.5916322433015083
0.02818029146979506,0.40098669904955586
0.030055709218629545,0.3218899079666472
0.021382364999547376,0.7504510883326045
0.03755469363281838,0.11615092357536856
0.026594015302210616,0.477603135536301
0.027531463529295364,0.43123993861784765
0.029183771966862948,0.3571353557789275
0.016820197633774847,0.9398177293541963
0.02576846055613785,0.5201489698870994
0.03777722585397181,0.11230300389918785
0.029775503067602682,0.33293010196335837
0.04518547546594637,0.032666895438213245
0.024649219521950677,0.5778653489518784
0.01920249577757452,0.854558471166018
0.0321641854069914,0.2472425294530362
0.027532768006796382,0.4311776087875662
0.014802418193638367,0.9807922494874615
0.0473579915924906,0.021813144773965835
0.022405094020165772,0.6970236619296275
0.032189809331503505,0.24642405901615239
0.019674453368163036,0.8336512547631495
0.03579823955284289,0.1504817527493462
0.01693395430003386,0.9366276920295603
0.01901818282992107,0.8624132732740342
0.017583957887715218,0.9166080784274616
0.017275751256651373,0.9264771001438639
0.022087439682366983,0.7137870790338674
0.0369348695297157,0.1274445575045937
0.02469358186636339,0.5755410447244811
0.054544895775187396,0.00501083211435607
0.031077700278385523,0.2838789709075225
0.03371942056519872,0.2012100912371819
0.0253864031491966,0.5396121194953962
0.029765858550347857,0.3333149007180683
0.015298035533681142,0.9733897669376265
0.02365070240004641,0.6307017935768255
0.02761835766709697,0.42710127837162887
0.02061660181163616,0.7889801287302569
0.020206078053051676,0.8088750827541257
0.0388637148057257,0.09499882341838178
0.023412988075080077,0.6433723710352984
0.021563010174374397,0.7411460930733509
0.024174866602773182,0.6028594348013261
0.02066855594158601,0.7864204964458705
0.023003925942803316,0.6651892739727849
0.018083463073032213,0.8992216781994069
0.026060346642250987,0.5054745612786699
0.023407817437278045,0.6436481236788301
0.01637357738250056,0.9514226701523593
0.031691436486843055,0.2627162336935093
0.028798554163757484,0.373549399649914
0.04297591249296895,0.048312219164668324
0.02326969278665783,0.6510154592486088
0.02325973337898843,0.6515467190837465
0.01806255201215079,0.89998301371719
0.023093515500311024,0.6604124318590472
0.050685624693167675,0.011327455205965205
0.03204167486504961,0.2511843173157015
0.029080865364277564,0.3614692589603198
0.02485051027898122,0.5673398735137025
0.041916730166061456,0.05787754787295815
0.022694143508513065,0.6816848789665968
0.022306093620746148,0.702260327116879
0.03412802918347124,0.1903024718074492
0.0253621414757198,0.5408571909650745
0.02956326626942246,0.3414721614021575
0.031760271520407474,0.2604188230941303
0.018704985671701535,0.8753289942603495
0.02586133690537573,0.5154605054775552
0.030888008277345502,0.29066987051733684
0.035002059852434875,0.16853618790219968
0.03406533944725981,0.191945056329384
0.023264059473000198,0.6513159542685487
0.023382679914877358,0.6449887762680118
0.029909313565745554,0.327624327039511
0.03642956034159239,0.1373029811726843
0.028775078209733504,0.37456655546252327
0.02819797549035219,0.40018310719892425
0.023540515046420407,0.6365729922930243
0.03068963172423217,0.29789959472220806
0.027541166492761504,0.43077646231768896
0.01784053419957038,0.9078878717165384
0.03062797703680198,0.30017335256793615
0.01794564233600171,0.9041864454485777
0.02174901586530542,0.7314961870350292
0.022317838046179983,0.701639629072743
0.021693852220788234,0.7343648430428242
0.034729580800242354,0.17509790117658866
0.021597611811374207,0.7393560091401561
0.03051345284960527,0.30443074094977296
0.02838230636817951,0.39187286863459775
0.028605594073455753,0.38196752502697745
0.030266000613844435,0.31378071816624026
0.030212279939536124,0.3158379603467652
0.029246389283933,0.35451634558407114
0.022681030888326736,0.6823820442510706
0.03341676393564885,0.20960007471429506
0.033022152098048485,0.22094501522266066
0.030435255309346876,0.3073630666811516
0.025506415964487217,0.5334687869481964
0.02408742711149897,0.6074907984050042
0.022441470674775976,0.6950970893987073
0.030910629888598773,0.28985376280554254
0.029270458159617985,0.35351329039571006
0.03304226347807504,0.22035556780076992
0.04044084847136126,0.07388755575803277
0.03628406225237424,0.14025388671450847
0.0285157078124903,0.3859337943792205
0.03055512602048538,0.3028764555280093
0.024767167494234243,0.5716912724948402
0.032485430653216574,0.2371300142465651
0.018002003594641436,0.9021712813526906
0.02590763978504451,0.5131296942842887
0.025338163085184384,0.5420887425103438
0.0357092700227194,0.1524184342217847
0.03648534263183939,0.1361851113894916
0.03249061041529522,0.23696959236344511
0.03448326056239265,0.18120287534843088
0.02579186158046176,0.5189660239294924
0.018921899935359032,0.8664428923872713
0.04255575259096345,0.05192921472536342
0.029267130917056572,0.3536518307600278
0.02170121119279189,0.7339824771420016
0.02796461545024176,0.4108768169815478
0.02402640911111187,0.6107263528396147
0.038879365243470576,0.09476683800396513
0.028206402505168926,0.39980056003815173
0.024504887194902514,0.5854442452821419
0.012642721932085321,0.997212719027445
0.02220705599774364,0.7074884168523947
0.01915935144742842,0.8564134332283558
0.03794741877127128,0.10943171033793135
0.01664419264476158,0.9445663887476053
0.03975684488108627,0.08249735060893734
0.023949710206907393,0.6147973058334204
0.046076140460433845,0.027745835328111302
0.01255987928929228,0.9974667923576442
0.022843913760551726,0.6737150784248359
0.025787360708734663,0.5191934621285199
0.01974165993632096,0.8305869951949375
0.022825180217349694,0.6747125823800769
0.023890640796865092,0.6179352612903181
0.025133850929582868,0.5526221681240546
0.021498312809736575,0.7444866224520721
0.03296513749476049,0.22262268955317954
0.037019278071792394,0.12585564143736194
0.03426165453117519,0.18683819208817418
0.01873391270270064,0.8741596646888385
0.01404869393443664,0.9891169166919949
0.022827926223129902,0.6745663760581573
0.02652523054725131,0.4811284417075547
0.03068476562687561,0.29807858827231754
0.02909156569289595,0.36101688939991194
0.03515116388955675,0.16502944785779652
0.028621136474716813,0.38128460453922264
0.01723851179859126,0.9276239067326787
0.021493368889812597,0.7447415348046502
0.017729171380745257,0.9117281431931958
0.03824182115186725,0.10460847969413678
0.022575703830089222,0.6879778585338461
0.04215809951938276,0.05556532241327352
0.01821554293933536,0.8943472148028708
0.022701565368283383,0.6812902300404106
0.03207951797889186,0.2499616536145914
0.024990975994251152,0.560028424692133
0.034006031952664606,0.19350926511653962
0.01894946113347251,0.8652946675293502
0.036589614583044106,0.1341153809257944
0.02054620863395118,0.7924338966620823
0.02276430996469314,0.6779525650460794
0.021122077281782614,0.763726684214503
0.04096992592887905,0.06776200404721269
0.017838263530646215,0.9079670145294603
0.03752499552263394,0.11667257266658394
0.019123871540933757,0.8579314680656764
0.018543809061916605,0.881753595606468
0.026379995381376364,0.48862723813719805
0.035730868212456746,0.15194645063732115
0.02268661847522807,0.6820849793363054
0.02016364456037939,0.8108957988194533
0.03796260018771547,0.10917856616142939
0.052784755888976964,0.007322922842987801
0.04166895130206649,0.060336636296409625
0.05078284249797205,0.011105241190368972
0.018179028634675465,0.895706064110649
0.02594331670864969,0.5113368141761677
0.024023698037165087,0.610870176547907
0.03688258752134688,0.12843692571117626
0.02631079192589264,0.49222673977438336
0.034882328331997337,0.17139494117651927
0.024972579032114472,0.5609843591221141
0.020174184771867387,0.8103945249977169
0.021314203056560732,0.7539433557013757
0.026369553097752296,0.48916928574677715
0.027432626553676176,0.435980174133172
0.020583857503444325,0.7905887658793848
0.03143542223965978,0.27139496422429144
0.020662514541390842,0.7867185922251789
0.018357390949999254,0.8889878822899139
0.014783006520285857,0.9810495137032806
0.020429921449975963,0.7981021443584825
0.02367370647985023,0.6294766103546104
0.03174909746962162,0.2607907295933721
0.04459632865459637,0.03632900081430649
0.02094395118912326,0.7727111631716685
0.037703403405244806,0.11356766183673792
0.03150807579314607,0.2689104929185157
0.02406142566789693,0.6088692056960511
0.02703853511561438,0.4552275959099317
0.029969929662543304,0.32524104865597936
0.03270418794451024,0.23042698912329213
0.02511758955205512,0.5534634946613701
0.03486064111080156,0.17191686038101212
0.02545464810891407,0.5361155257092948
0.026875682641119725,0.4633432001419599
0.025554453583795017,0.5310171954808425
0.02546488112103118,0.5355919528288128
0.025659453142422683,0.5256737432304731
0.02528333636901592,0.5449084456451163
0.027245054194016682,0.4450720557428956
0.018740448957268785,0.8738947695611156
0.03342830660098284,0.2092751812095991
0.021645400734740416,0.7368798187891238
0.030186636997451166,0.31682342059738317
0.02649530003951689,0.4826676775381974
0.017848455631106264,0.9076115023847378
0.01624684216513006,0.9544480026273501
0.03032675645865368,0.3114658686234623
0.017697995687569468,0.9127880567360729
0.028356178059920106,0.39304348936159045
0.03350132682731963,0.20722894305438758
0.019895989671195546,0.8234735897533476
0.023889480172788136,0.6179969396411386
0.025021022179490537,0.5584682805860539
0.015729459222669384,0.9655781057033509
0.015422755160469648,0.9712657236490362
0.013810322049698953,0.9910944332333234
0.025349119264318765,0.5415258984031277
0.031132302916621474,0.2819462597362995
0.029194044901244304,0.3567047446179258
0.03265169982369048,0.23202186988853526
0.017674179271988832,0.9135932723642642
0.014276805513367241,0.9869438954042566
0.018122106935432925,0.8978072087162908
0.02364976962884502,0.6307514768835134
0.022713643112064807,0.6806479383715536
0.01702657930415785,0.9339604905126834
0.01830102219672164,0.8911328640858689
0.01848490488202792,0.8840625575558532
0.014780730100218076,0.9810795267650811
0.0517980269812941,0.009009360655066174
0.031145301567905626,0.2814876075949784
0.025870350772879247,0.5150064152348753
0.016703871543865656,0.9429817488422187
0.0340896775401649,0.19130603488146278
0.022895348373198954,0.6709755576142509
0.03648425770835412,0.13620678227865415
0.027582092552351778,0.428825265611178
0.026988621344970154,0.4577049436801204
0.032958732732775164,0.22281176475863854
0.049793269469523505,0.01356256023269355
0.01819683098792757,0.8950446343947475
0.02841328867611348,0.39048790959581564
0.030625445623898684,0.30026698064799134
0.024210303337557804,0.6009843433024191
0.05147173547606487,0.009640175056393268
0.031019201632282833,0.2859604994258476
0.02028969929106056,0.8048725851925577
0.017756916941517042,0.9107792523880613
0.03507192340959331,0.16688575269287337
0.03179419530849481,0.25929218777021834
0.022662935056377287,0.6833439755054196
0.041342059756279914,0.0637174503706269
0.02963028420293287,0.3387580247462586
0.021983113303770896,0.7192649832105191
0.032352170139812286,0.2412858454469598
0.019125288507671423,0.857870970905187
0.02496523871092149,0.5613659152724153
0.031414732100264686,0.27210562496274854
0.03146486000535986,0.2703862407286515
0.03483518788520751,0.17253102428948727
0.03965727654972878,0.08381856218478692
0.023087119092497166,0.6607535384144758
0.018828288535023607,0.8703108681462284
0.032127999746261515,0.24840187896272778
0.027780549444237967,0.4194483297054715
0.036963988165978456,0.12689458050917682
0.02278002519629463,0.6771162598490175
0.02494013964164421,0.5626711924264065
0.028393627865677118,0.3913663852409587
0.019391802293323268,0.8463051740927336
0.016893268753313234,0.9377794909481293
0.01857543806110573,0.8805050990398542
0.02044700837373059,0.7972722439079295
0.01744976338280302,0.9209874256992963
0.03543434671712836,0.15853009858415135
0.021399167196413216,0.749588600481047
0.03558044008055006,0.1552583293381597
0.03651665870449661,0.13556079443186603
0.037094152240294664,0.12445981559288212
0.02861661039337937,0.3814833888451231
0.018023739289770968,0.9013885141109991
0.02687516479646146,0.46336915740421053
0.026812605827374436,0.4665120003482204
0.026261232439850568,0.49481494706052503
0.028525137440230552,0.38551636724006816
0.03110809831076844,0.28280179190977345
0.023339992818545485,0.6472655733132476
0.023762597495219306,0.6247445055244907
0.04320478884430179,0.04643522856023261
0.019313230152827238,0.8497530115528613
0.02073351849977012,0.7832076925993304
0.03443651455195518,0.1823802652455505
0.03293526608129782,0.22350558396077874
0.020741510656136497,0.7828115045707823
0.01978683738864717,0.828515614020667
0.0228935077127721,0.6710736139346862
0.034471595404889754,0.18149612032054083
0.023153097144363533,0.6572347684476585
0.02251287883464287,0.6913117284704111
0.029595005021029852,0.34018484695449375
0.040610188374017864,0.07187777174563145
0.056260487818870164,0.003420634570389229
0.015647311446957413,0.9671669574907854
0.013556741282704121,0.9928938678941918
0.028169848548264875,0.4014617646639624
0.02577919318442906,0.5196062878572875
0.024323882646745676,0.5949822661921567
0.029239765302859988,0.3547927504811961
0.027029316244973844,0.45568448241602616
0.02935027253782918,0.350201528985439
0.024349812526273107,0.5936137698248627
0.01998197276765562,0.8194654823868295
0.03631036584252312,0.13971663337363574
0.02148576532439228,0.7451334797521431
0.024409299709050924,0.5904768429283026
0.024971697945631255,0.561030154490179
0.0342790237369045,0.1863915669788404
0.0167043060494223,0.9429701154382986
0.042602452299573934,0.051515976275555535
0.04150229965128771,0.06204048621721023
0.022272864102004686,0.7040157119390356
0.03500888801694568,0.16837430950905088
0.03895538202096199,0.09364677185387063
0.022600914979723774,0.6866391512356245
0.03788205527452082,0.11052717616995886
0.02960172185639498,0.3399128611325144
0.012036728628915111,0.9986802416892258
0.019261658392978775,0.8519989358780149
0.01625722582779829,0.9542045799898398
0.020954408552447235,0.772186135154532
0.02051978823076317,0.7937258493781039
0.03869751961881729,0.09749173178235604
0.026056789164507488,0.5056523304729081
0.03386540154880657,0.19725836079092393
0.020676510352268973,0.7860278282513103
0.034037355496865485,0.1926818770364691
0.021507623808674936,0.7440064005326485
0.025925847809733393,0.5122143502983979
0.020700601065519908,0.7848373504500056
0.021478144196116433,0.7455262069204743
0.02193831546518843,0.7216123548421385
0.054105300156085556,0.00551529116061166
0.021531957176961103,0.7427505344294852
0.024266494854472603,0.5980133790255646
0.022571115633403915,0.6882214399233627
0.02149753594175663,0.7445266817803381
0.019391381420905573,0.8463237253531302
0.03253487684879852,0.23560200791591465
0.028113151287941007,0.40404777747710224
0.03307975338213898,0.21926001722510122
0.017816053874756932,0.9087392809337494
0.02247964758803539,0.6930738746990455
0.020265322965240307,0.8060421075892593
0.0321638375580553,0.24725365453125264
0.030518264364617576,0.3042509872545282
0.02278762709002935,0.6767116695447914
0.017125293806123376,0.9310493589005885
0.026392833942356364,0.48796133360492366
0.04235480648211243,0.05374014960138801
0.028905104117895375,0.3689572243588944
0.02679684764919532,0.46730586213622133
0.03165185336864962,0.2640442421522783
0.0322493783905784,0.24452929578075108
0.027267375494677837,0.4439835281485469
0.0390376531856364,0.09244705050737244
0.024817293034192778,0.5690730240417732
0.019193198251855503,0.8549590423115057
0.03435061201673861,0.18455965969297003
0.03477297326666995,0.17403955857392883
0.023378066607987358,0.6452348258169471
0.024829749352404118,0.5684229196542461
0.02392367545653573,0.6161800759935063
0.03488317160288301,0.1713746727444989
0.03084088053610612,0.29237553600768085
0.02907781445153179,0.3615983135015688
0.026871209282722686,0.46356746137674354
0.029546861662929386,0.3421388949431375
0.016702807495716843,0.9430102316873183
0.022096553135256713,0.7133078400451498
0.026443023527463694,0.4853637472583044
0.026344988879319853,0.49044591575249297
0.021271549807583667,0.756123157525155
0.023425346703127792,0.6427132969019895
0.02382541802492527,0.6214026093808991
0.031015008842957048,0.2861101236545199
0.02679878644945144,0.4672081419348229
0.018747205468549355,0.8736206863762802
0.022236415921525143,0.705939707822473
0.03725519036794972,0.12150067964997342
0.019643706835604346,0.8350461934967008
0.030071347133066972,0.3212816947782785
0.04403179020462017,0.04017024388176017
0.02502350211032156,0.5583395720560965
0.033603461642367605,0.20439302773267637
0.02968578659684884,0.33652200937758153
0.02725935393944756,0.4443745050724766
0.015276552399078436,0.9737447979944148
0.017298027014305883,0.925786368358632
0.020201048815069456,0.8091149467491104
0.03538961058460893,0.15954296088178188
0.04548532762979651,0.030930681085027247
0.023556067519722723,0.6357440562919864
0.019730763559586806,0.831085213021655
0.023517991907356706,0.6377735819880204
0.039983900371142245,0.07955001095445462
0.03295732267349072,0.22285340781499216
0.028167054630208077,0.40158893025229464
0.0245789281432027,0.5815532186081568
0.02010752544810457,0.8135573021022208
0.021934245696451693,0.7218254568682094
0.030045014481336535,0.32230634484112924
0.01875661496504699,0.8732385402065622
0.025267130287558226,0.5457429025765994
0.015538171104246157,0.969203515823531
0.05427752370215483,0.005312362514183473
0.02571308582660703,0.5229525745455612
0.024287724602675476,0.596891690998003
0.02189329005187657,0.7239685522270274
0.033063760719275304,0.21972684712764234
0.03659638475972832,0.13398188822136853
0.0172018408643555,0.9287434932534392
0.020500183737076738,0.7946829510738516
0.023547251003387393,0.636213961737098
0.01450455567782677,0.9844817773323592
0.018084051081359742,0.8992002284873668
0.04322610624273637,0.04626366897467264
0.020182555814153708,0.8099961016879249
0.023074238376963874,0.661440416366307
0.02589135170807877,0.5139491039275466
0.029101347094520558,0.3606037192968735
0.015698697198792577,0.9661787420871946
0.03567011499564332,0.15327709699235187
0.022873118867633657,0.6721596854440653
0.031148570964375538,0.28137233578005993
0.02114438077537284,0.7625957214093948
0.023160380030982752,0.6568463195361881
0.027823913844038928,0.4174180869437925
0.018673811423191744,0.8765836645236146
0.025093517234661245,0.5547097167290458
0.03200817306568099,0.2522705010719559
0.026606837358017374,0.47694785200107537
0.025119150846360516,0.5533826984650243
0.03624398997992512,0.14107558877198909
0.02610164802766579,0.5034127138481788
0.03168670298187759,0.262874776726929
0.028505590475658094,0.3863820144420378
0.03950729336910941,0.08584236028779242
0.018023454892250435,0.9013987762401735
0.019819043064535524,0.8270334096088616
0.02810566302604184,0.4043901777561333
0.019760120551678417,0.829741688541701
0.0374909319930079,0.11727327564013196
0.03701281343009111,0.1259767561042013
0.0230628946253979,0.6620453074707968
0.02573483876132887,0.5218505042735625
0.02889634894211407,0.36933305666960375
0.020802411171866347,0.7797860045986907
0.03556925674877215,0.1555068461667423
0.024516462888320212,0.584835492477719
0.02988539974857496,0.32856802771058263
0.02439963857730648,0.5909860487268372
0.02890804924424928,0.3688308598370766
0.016325747057992807,0.9525783434212353
0.018109396652427057,0.898273512960598
0.016530718909813835,0.9475070804763196
0.032167508530636435,0.24713626684837892
0.023750136700146696,0.6254076313488021
0.03140169903829049,0.2725539970951909
0.011789517788235532,0.9990607251550582
0.018347138774892385,0.8893794900911443
0.031370360966337274,0.2736343750151832
0.027001442292371447,0.4570677586175241
0.033079523989383075,0.2192667078296006
0.01666100098914869,0.9441227321131357
0.029244878061867985,0.3545793922435454
0.024127781860953906,0.6053525560704637
0.03607835858594188,0.14451346592723158
0.01737604764103265,0.9233392120989914
0.02011840832785894,0.8130421541796614
0.025127211468139732,0.5529656274374771
0.019879737166255906,0.8242276393221005
0.025458153689615237,0.5359361409278789
0.02619354334886914,0.4983640449212376
0.02329045838539226,0.6499077752505009
0.03662808676699009,0.1333582355753804
0.023026783163823783,0.6639707207097758
0.03511648199028272,0.1658398723817653
0.02774578861270638,0.42108060807105635
0.023749673659515413,0.62543227444643
0.020139212512019555,0.8120560547905358
0.03203480729803043,0.2514066855350614
0.02141520489361093,0.7487647664768977
0.029320746220493077,0.3514240864398965
0.02574513582769633,0.5213291503331148
0.01918533198449479,0.855297594241393
0.016902378004652552,0.9375226604370966
0.02708579902535202,0.4528899651159959
0.02707206593181788,0.45356836974474146
0.03545322176379395,0.15810430322576463
0.022527569146125193,0.6905324545682224
0.021658289840579048,0.7362112145904542
0.040804903726431974,0.0696244083439192
0.02179884653172079,0.7289002088649816
0.01821815907404445,0.8942495290882492
0.018787190175495683,0.8719932492478727
0.02325222193702703,0.6519473984814778
0.023683020960340917,0.6289805888660769
0.03089797644636208,0.2903100447550937
0.026367501852046393,0.48927580922944464
0.020017915261959923,0.8177807664091538
0.018848959061483428,0.8694610516382304
0.025775365940021278,0.5197997812134512
0.07479467631185377,2.601745881533623e-05
0.022401064568615903,0.697236992121233
0.024608680601960753,0.5799914996286735
0.04675555454075747,0.024444291287942534
0.029405135937273896,0.3479379296811202
0.04449673875039167,0.03698232582813841
0.029894683313743176,0.3282014412471607
0.016222414424057974,0.9550175301049203
0.04109702804423043,0.06635665180578885
0.024458384736668504,0.5878912936845548
0.04195763975090949,0.05747993005092735
0.01360313021022902,0.9925869121267702
0.02127948846287192,0.7557177800261224
0.03744003419843711,0.11817559152115438
0.038415351784151563,0.101849127353249
0.027376959651574162,0.4386653160529959
0.027992026765683437,0.40961065742403996
0.0345248340112112,0.18016082905521846
0.019809033889585437,0.8274945564768444
0.015710543890953582,0.965948235565279
0.03158388998791517,0.26633618379589064
0.018220917247899204,0.8941464922172395
0.026310936599558854,0.4922191970680807
0.039274697572040385,0.08906208741408499
0.02759941680118161,0.42800111242967065
0.0342719244650701,0.18657401302914742
0.02160907033318417,0.7387626894979711
0.0246787175550765,0.576319559625788
0.016456823795299336,0.9493710515686277
0.014700610179635643,0.9821150675472324
0.029569290621034916,0.34122754728349025
0.018819063473264674,0.8706893447841347
0.020578273158423477,0.7908627511701304
0.021429510944924568,0.7480294035197432
0.034492124715295724,0.18098029441813063
0.030564131843257902,0.30254133280215606
0.034889837183404215,0.17121452939101875
0.026585772268524155,0.4780247129564458
0.021128200828523513,0.7634163009679947
0.029482412895077692,0.3447673218971851
0.01741673532631338,0.9220458827971509
0.018883465987891396,0.8680369676896611
0.023272568987388054,0.6508620356612865
0.03658615603055981,0.1341836176370272
0.014801486043016121,0.980804658013543
0.022780909089371748,0.6770692185537412
0.017261848400563218,0.9269064060219313
0.018232583428310023,0.8937101414417687
0.02114422309709857,0.7626037214668168
0.03185974673530284,0.2571256070181381
0.03241442062024391,0.2393376470273515
0.018994233368041624,0.8634204004163173
0.02240080601788419,0.6972506799728703
0.021574118444158213,0.7405716778067126
0.02074659320742843,0.782559447459108
0.01544614323295257,0.9708553783446133
0.014882900374013186,0.9796999664076431
0.0191213441856537,0.8580393463900347
0.028841713046171447,0.3716844921159146
0.038476696114366826,0.10088827718187135
0.032641018842934855,0.23234745276418858
0.026980694770174285,0.4580991780301112
0.03945448343222091,0.08656466532956834
0.024003386831580875,0.6119478672029096
0.02098909196731391,0.770442583709861
0.016977494194664655,0.9353817100785023
0.022723222006435506,0.6801384731858697
0.03325888772380725,0.21408334086752398
0.04705267095730892,0.023113390384424726
0.030890748036925708,0.2905709392062541
0.023068444380338726,0.6617493770770029
0.022722110705836532,0.6801975818289817
0.02710620298551014,0.45188326792602757
0.034954406031408425,0.16966939795112754
0.016692693307083117,0.9432805563943956
0.02086675083303957,0.7765773515709812
0.015117094118620167,0.9762817438152993
0.024566159983809288,0.5822237529871053
0.037441798365364154,0.11814422105287124
0.03201276606664194,0.25212137803995
0.015653756380826694,0.9670440472393874
0.022490050627087643,0.6925223358591799
0.02544594222346705,0.5365611128963907
0.02303361804367421,0.6636063173626839
0.018260436575316966,0.8926648357609344
0.023834294609762607,0.6209305699856816
0.0234058506444369,0.6437530147940879
0.01339920351824038,0.9938658447067574
0.04028175282843205,0.07581898847036501
0.04614837362266622,0.027377034946488982
0.033557072615040484,0.20567730615339477
0.01712304500027151,0.9311164620029655
0.03365420865693125,0.2029952775726191
0.028291379933895966,0.39595706754354615
0.029872968087420876,0.3290593887068525
0.03685371273614868,0.1289877028727554
0.01945924529067522,0.8433210283211479
0.026460560491734064,0.4844582252501706
0.03794054531811186,0.10954648215669772
0.041243622317464146,0.06476672446952259
0.028359557543087832,0.3928919429205497
0.03140065875197495,0.27258980955526285
0.023940532743213394,0.6152846923658652
0.02791483982369325,0.41318284648969505
0.03062380517308505,0.30032766664606136
0.025246623490901357,0.54679944387964
0.019728170985893745,0.831203674488187
0.02608756339388063,0.5041154306922053
0.02258019390857091,0.6877394707458758
0.02306854795927804,0.661743853862846
0.03585614154435468,0.14923204351047217
0.019710670829350685,0.832002501080269
0.04268786456398799,0.05076751680086947
0.03416605633856207,0.18931149656439553
0.03714413780231429,0.123535053562658
0.019549640340665753,0.8392863337218323
0.04070017645483226,0.07082878939912984
0.0228714684894257,0.6722475902585894
0.03464634017730295,0.17714244914051144
0.019891392214904574,0.8236870088568774
0.02468447477223354,0.5760179929401019
0.023432464066121317,0.642333746359149
0.024950882076810066,0.5621124176415186
0.030366853225960222,0.3099450003696056
0.025488738819524293,0.534372014616501
0.03443585421833539,0.1823969402871676
0.023314297407837414,0.648636166614691
0.02407516142071292,0.608140969859047
0.044116087334640675,0.03957507324693971
0.019669289840892307,0.8338858252219701
0.039668802367538336,0.08366471514590616
0.034846184468502406,0.1722654725390722
0.03804744372582969,0.10777274408572905
0.025226618804337075,0.5478307985558671
0.02133081025224781,0.753093478938631
0.021972289310819237,0.7198324275838601
0.03518618604446,0.16421428832824977
0.04056830897428321,0.07237043844059594
0.020708480509343596,0.7844475727442869
0.0248478631658256,0.5674779331712609
0.023276487638814652,0.6506530054150474
0.01171699688199157,0.9991535386838329
0.020169224216241788,0.8106304947725524
0.018270002908847838,0.8923046796954999
0.02817983445549499,0.401007481274755
0.026926122394760554,0.4608194637681988
0.03825601526050182,0.10438046840980388
0.02154111348889942,0.7422776523322259
0.043042159639231914,0.04776229526304762
0.03437348038239091,0.18397747689704935
0.02474859072661889,0.572662473925269
0.02726588170719446,0.44405631912041577
0.02725236814959514,0.4447151851298682
0.019556550266991435,0.8389762917461743
0.019459690251087125,0.8433012654995478
0.02010945922338986,0.8134658004190907
0.02701590047184399,0.45634990904653255
0.03693404764318592,0.12746010910922537
0.023463514891205905,0.6406779972052364
0.017766728067899917,0.9104424567092073
0.024710549009367644,0.5746527439822704
0.019030423372270233,0.8618973150045207
0.018653678133025764,0.877390920976648
0.01867562766337527,0.8765107234069595
0.029042042442025906,0.36311391263202314
0.02198734305359673,0.7190431928609026
0.03716649237829711,0.12312330867168175
0.024033285131267568,0.6103616013694829
0.033389580479848746,0.21036676296809115
0.033322709958345326,0.212262076792698
0.02442775621617388,0.5895043406208152
0.016061894065544924,0.9586509955069549
0.023995940995568843,0.6123430102862163
0.031934335849112316,0.25467699660517584
0.025600993570770253,0.5286461685396575
0.03254505161989185,0.2352885208013252
0.03186868034840562,0.2568313995623038
0.022571593526429956,0.688196069948457
0.03963268267638276,0.08414763885665695
0.03201029704605962,0.2522015325321633
0.026038953429087186,0.5065440035240124
0.015708346813125718,0.9659910610638376
0.02179502279202783,0.7290995629350441
0.01871502792503732,0.8749236071468114
0.019423705969419114,0.8448963467665439
0.024367329485864203,0.5926896681195017
0.018698107327979385,0.8756063187202848
0.018452978677024445,0.8853051602460524
0.014944151307843101,0.9788407162118943
0.01907477384221623,0.8600210209913206
0.022996057533957948,0.66560871881575
0.019379330700363573,0.8468545217902672
0.044842012354855854,0.03476029677805069
0.020572049133575243,0.7911679974096547
0.03610618563874546,0.14393118740811275
0.023235888427677237,0.6528186676907278
0.028158596155228588,0.40197408801540563
0.01755526860052023,0.9175549145081756
0.023916115880904587,0.6165816671161721
0.01896004970457177,0.8648524106389074
0.03923023518201585,0.08968896013609491
0.02565547543868707,0.5258757839376731
0.012942204644150856,0.9961242838759992
0.04101726298648106,0.06723566788460514
0.023231885294149546,0.6530322038477552
0.02052896255463532,0.7932774981739692
0.02282571998749866,0.6746838435313067
0.027059696798257038,0.45417997205211963
0.04582685450138768,0.02905252440651423
0.025464706147935445,0.5356009037381875
0.03691530549171468,0.1278151667110455
0.015070953514619068,0.9769838604827169
0.012516640498646536,0.9975919696627917
0.017764084335403996,0.9105332751703593
0.023100649471331447,0.6600319843009009
0.04919366071810505,0.015279676427050465
0.02287727188087274,0.6719384767047527
0.020789630879205934,0.7804218712562119
0.024781414564288673,0.5709467447155614
0.05013274037223092,0.012669303168812282
0.026541625033457195,0.48028667435754707
0.0297029946197353,0.3358309134237689
0.026330291800313765,0.4912107646574862
0.025119679321754185,0.5533553510121187
0.03864886207388574,0.0982318358896807
0.029827064274452475,0.33087833618316775
0.021300952370022386,0.7546209974410719
0.023145764667522883,0.6576258564778368
0.02548194946132909,0.5347190751131714
0.032638472945535124,0.23242510978455538
0.02206254009420694,0.7150958738334723
0.024542638629000885,0.5834595125260218
0.016549425951838864,0.9470288169143455
0.023367355817589197,0.6458060931139845
0.023963812124152217,0.6140485078018552
0.03692699006014344,0.1275937154838088
0.023701133631919946,0.6280161461070928
0.026077878517060393,0.5045988831349723
0.02989180147388487,0.3283152067499187
0.027646833172688234,0.425750885096788
0.03450613004389069,0.1806290586335124
0.0211232303601655,0.7636682457912752
0.037420115893924744,0.11853025531245612
0.04615751510326094,0.027330671392824434
0.03756510767498289,0.11596845611145867
0.03291445156948036,0.22412238370063642
0.03431480037205642,0.18547427549657944
0.02665227456511532,0.47463045466811915
0.029880612330500933,0.32875718740690846
0.03203776899923,0.251310768892181
0.030574804408883882,0.3021445406174669
0.023202191281559148,0.6546161314593373
0.026021035885696153,0.5074404546038094
0.019662757304039657,0.8341824105583738
0.02675555623899961,0.469390231493689
0.02159653353687868,0.7394118286375582
0.03562067483062059,0.154366870325267
0.03194968305153559,0.25417537623661546
0.029747353757529238,0.3340541057969269
0.019252021353316454,0.8524171028030318
0.028926292083100158,0.36804880579165794
0.025153528056492847,0.5516046880263163
0.024106322064565644,0.6064894627055902
0.037550602257516275,0.11622267446268977
0.04425723681715238,0.03859571914275966
0.027810679155709228,0.41803700066738464
0.022314584139920823,0.7018116141859694
0.023384940398756604,0.6448682149302293
0.027908782372553897,0.4134640810463639
0.03043684546063244,0.30730323220141725
0.04779473754367447,0.02006627626607554
0.039524728400462394,0.08560500934805196
0.029699208184562342,0.3359828937392225
0.020850243240773017,0.7774017791974359
0.032832732187930924,0.22655669015555055
0.03107049530170003,0.2841347318966597
0.04011473733294013,0.07789241069203881
0.02666088067728678,0.47419235261020587
0.014661694113660584,0.9826035847926642
0.03744577098049551,0.11807360498887876
0.02135293288596224,0.7519603515545128
0.017045603165461824,0.9334049623212243
0.02880688787815444,0.37318878679405104
0.02543338893022218,0.5372038609419334
0.013756852872034764,0.9914990699457557
0.04199211532513325,0.05714667121772081
0.016019025435431433,0.9595894071895108
0.025254196368701076,0.5464091948922812
0.026995409730823622,0.45736749630446377
0.014010394902598478,0.9894543017801651
0.03295325176689634,0.22297366696467896
0.0213798891525806,0.7505781243533182
0.02569960013177014,0.5236362698979241
0.04069419195123969,0.07089814392989238
0.023699656871036034,0.6280947736131374
0.028495626336977053,0.38682380134735034
0.043300342762727484,0.045670505907285545
0.03416537538769382,0.1893292061078972
0.024772119742493104,0.5714324452192865
0.03271585311169456,0.23007368338148948
0.03133129458424444,0.27498567043427186
0.027208502444856286,0.44685839143876255
0.02493170920772908,0.5631098262302088
0.048819256301542324,0.016448410252650005
0.01659419747295454,0.9458737150182631
0.023805683812711143,0.6224521932839777
0.032583631168167815,0.2341027785803191
0.02431927622571084,0.5952254491066743
0.02103632479593287,0.7680627700988254
0.022417685287195538,0.6963569461513088
0.02166830609206155,0.7356914182531068
0.03454034303564896,0.17977331029118482
0.02338703727483099,0.6447563800998679
0.03270111168709933,0.2305202299124849
0.021849699912242726,0.7262465718268164
0.03496838644286829,0.16933631528346005
0.03896784791645219,0.09346415470977895
0.01594265732213007,0.9612279005269269
0.03797299076963123,0.10900558688446371
0.021510142189179904,0.7438764819062825
0.02821996871034138,0.3991852472642706
0.02825299041219881,0.3976902356973197
0.018937690185439893,0.8657855755909802
0.01548597083084935,0.9701477922213415
0.021928044848732592,0.7221500978786601
0.022719213499165614,0.6803516771089975
0.01638049433113034,0.9512541475851379
0.031672323269613334,0.2633568499482578
0.03396889096678307,0.19449393124259295
0.022617047581820038,0.6857822703067291
0.021996508519695063,0.7185625041162748
0.025224614290187297,0.5479341795591544
0.03496462394055566,0.16942590541356992
0.01990600518732355,0.8230083422847145
0.02919216455568624,0.35678353560011405
0.02281265869005472,0.6753792243226994
0.021069648450043887,0.7663800928720335
0.044042168005699434,0.04009655378369515
0.022318694124794813,0.7015943791964512
0.01734812236400962,0.9242200761240273
0.04298274801633073,0.04825522439273883
0.022535961028015916,0.6900872134314933
0.03945251093831892,0.08659174268529685
0.023085434321884868,0.6608433823613404
0.02327655718247168,0.6506492957924792
0.03519648723020996,0.16397513656782503
0.027813657146035703,0.4178976819917865
0.01455389057183809,0.9839082238613189
0.024211921226249045,0.6008987614944564
0.018171122065097856,0.8959991708768154
0.03220581296207148,0.24591392373037688
0.022322077528936446,0.7014155345006059
0.019827086251364867,0.8266625191783065
0.03600657879207658,0.1460242585174147
0.040202334477553225,0.07679902804553738
0.011161137603099086,0.99964493718398
0.03169253437925912,0.2626794714084945
0.021916342575084236,0.7227626000281698
0.024983633726593513,0.5604098791165264
0.03731525750895409,0.12041182574411342
0.017914023797045542,0.9053076920084843
0.0160682269083115,0.9585112276512878
0.03432638815849043,0.18517793698671614
0.022948997115015524,0.6681170110299588
0.03215243659040845,0.24761849676658476
0.030718095274131385,0.2968541844285362
0.02679932487458153,0.4671810063902324
0.017498087238211613,0.9194249411945179
0.02626496421085417,0.4946197544875577
0.025537146603299185,0.5318999581830147
0.04345861815743912,0.04442784906669405
0.02344724225340511,0.6415456933024335
0.02440220021431619,0.5908510237602049
0.027761454863796553,0.42034442849856585
0.037657146502813155,0.11436606713862756
0.010246385914366704,0.9999390180959106
0.034116484173535744,0.1906041377983269
0.016942560369395343,0.9363825078577511
0.03512111466686241,0.1657314352825371
0.04023300452288814,0.0764192894764754
0.02005203394792468,0.8161765754341505
0.030765891422577962,0.29510481812909684
0.02215223384305387,0.7103774509352885
0.027573276468513985,0.42924507748393326
0.03501719915148038,0.16817744107973567
0.020694952133042177,0.7851166678883702
0.03040387367443409,0.30854564752485963
0.017232598881263106,0.927805084165628
0.016221896803827796,0.955029550818241
0.03198557643920874,0.25300513008062514
0.02278170556854664,0.6770268291297061
0.023154377169592455,0.6571664958732419
0.02237385510200346,0.6986771235792688
0.02766303404853665,0.42498388209142074
0.05795608415572706,0.002318418438967581
0.03165114359768184,0.26406810091848626
0.035470560571723375,0.15771397285458913
0.03222040144545513,0.24544959881647507
0.028246411232374147,0.39798779018285585
0.03166225310483595,0.2636948438164358
0.011683831239504894,0.9991934142521717
0.033181312463484214,0.2163133706898772
0.03733104221451483,0.12012702645643733
0.03192520160242701,0.25497590335088227
0.020884677911560415,0.7756811165942763
0.023599670453123167,0.6334204519652878
0.026484573459912397,0.4832200892475329
0.02447229759862457,0.5871589170487155
0.028082673656516288,0.40544261038805796
0.02958543476822023,0.34057264635899187
0.01866464375422277,0.8769515451992653
0.022481758180944833,0.6929619847514725
0.020459838121332008,0.7966484299138035
0.020312266153896974,0.8037878791184543
0.017843060004852473,0.9077997953701934
0.03458396801195529,0.17868680861899533
0.037377250369110215,0.11929648667971897
0.027574503816203078,0.4291866159696381
0.024403097666351792,0.5908037203357535
0.029567096854196284,0.34131660893082433
0.025054519765359218,0.556730554677094
0.020316377436744415,0.8035900593488311
0.015791951368564316,0.964336999919084
0.030319991111113387,0.3117230148443579
0.03437511799561088,0.18393584229297122
0.03549844052580353,0.15708796357834812
0.032123550495386566,0.2485447129774694
0.02565214216151955,0.526045115707522
0.021674157829024376,0.7353876532213017
0.02364278982513124,0.6311232613203883
0.02307673384539266,0.6613073452836254
0.021900360544426845,0.7235987609464395
0.025134031542200952,0.5526128260247027
0.038303895690345535,0.10361436939939066
0.023445020287930718,0.6416641779183907
0.01913068275218066,0.8576405662260245
0.017910705595117593,0.9054249737289964
0.022613097148608735,0.6859921141898354
0.027013037777150972,0.4564919827864535
0.021726048781306462,0.7326912054307901
0.017644713358671016,0.9145840861097294
0.03152261489685654,0.2684153681587581
0.01194278765974588,0.9988372384382447
0.02137594309330959,0.7507805684652693
0.019673328710935634,0.8337023565801017
0.042464336318331686,0.05274642825813975
0.02355214615355633,0.6359530556312336
0.015749419716682783,0.9651847394827929
0.012173802653170987,0.9984209827722983
0.025767833884219937,0.5201806639096912
0.028883527560977784,0.36988392455877706
0.03682157015483756,0.12960308142581894
0.02235125911128033,0.6998725170438662
0.037397934170206426,0.11892625173116493
0.01776397061890861,0.9105371805322207
0.02312693202605154,0.6586302920826981
0.038875395362688636,0.09482563841804624
0.026807822961335215,0.466752856836018
0.017287105681331294,0.926125462309202
0.03337508562512198,0.21077646982555517
0.012287502423838928,0.9981763296565463
0.023115861689316897,0.6592207042061102
0.026254431602438233,0.49517079617257465
0.02886091750991998,0.3708567685989583
0.015895058407380702,0.9622276662525353
0.020033816958623496,0.8170336988692596
0.02444372053186794,0.5886634536290583
0.02437892549743559,0.5920780986484293
0.030165282769886392,0.3176457730067911
0.028507435972350115,0.3863002279232821
0.03237811323149853,0.24047246096414618
0.01896938692923733,0.8644619018361059
0.027005202245540427,0.45688100490449024
0.023488745374550257,0.6393327590200171
0.02094128958948821,0.7728447430433497
0.019437494863895233,0.8442858801584
0.03568858626262095,0.15287154130340358
0.01757570069184755,0.9168811789714496
0.021392638451485146,0.7499238084280435
0.030957865083677594,0.2881551602684942
0.016549202543024055,0.9470345437978327
0.01729521122005029,0.9258738767563187
0.02691074794048931,0.4615877576836557
0.01990145376613961,0.8232198215768675
0.028503675751642032,0.386466881627046
0.02099324190889007,0.7702337378103266
0.03168900400754171,0.2627976976490004
0.03033094037693551,0.3113069183754815
0.017794190264453114,0.9094962511940544
0.020310415677818966,0.8038768965840815
0.013690969713712864,0.9919788192576678
0.03265177747842307,0.23201950406218802
0.03183573251832705,0.257917721622579
0.028410679672953854,0.3906044051387158
0.037437421255248404,0.11822206755099962
0.033048104209279616,0.22018460896267353
0.020716682092643157,0.7840416495361812
0.02247313949801777,0.6934188670612844
0.027856263287045324,0.41590790786957693
0.02091547467268262,0.7741392815871437
0.041897780787614136,0.05806252396054482
0.0288187301933559,0.3726767717898869
0.025787723257236883,0.5191751403046372
0.03609646208139844,0.1441344356165665
0.030761012666285004,0.29528303371298825
0.020970482181847105,0.7713785281002832
0.01868119216029973,0.8762871292105576
0.03129992489219646,0.27607434712572787
0.03860439113922909,0.09891235198760992
0.02615431276764757,0.5007889849869669
0.03302806449088769,0.22077160169186777
0.015608980659427896,0.9678918442853969
0.0361343754012472,0.14334325798625713
0.017877105114660785,0.9066084246864508
0.0677380134972172,0.00019621790402406104
0.027039178427664706,0.45519572473878256
0.04502422054827426,0.03363554104799052
0.02984147702499773,0.3303064480314874
0.03511169595660879,0.16595195864082726
0.03132939147879593,0.2750516255819402
0.019361822284178043,0.8476244125481694
0.0449963572209493,0.03380544348270284
0.015903302319698498,0.9620556899950591
0.023776993685084347,0.6239784808518987
0.028324752057128033,0.3944546666639366
0.025583150272076013,0.5295547288000491
0.021607805393631774,0.7388282004426456
0.021177043588763267,0.760937145407748
0.04056991444880653,0.07235149901312168
0.031058246802864953,0.2845699201318725
0.024892234215257214,0.5651650844954231
0.03385524750404445,0.19753124888773957
0.025276960259152048,0.5452367004179829
0.02355341360902935,0.6358855028130266
0.0384457836627764,0.10137151858091373
0.019551674646626438,0.8391950800562802
0.03804532544593486,0.10780765964184967
0.046832005158582324,0.024095502847153387
0.023099415232078757,0.6600978056634537
0.02963892924901179,0.3384090433396678
0.019891888666348917,0.8236639674225649
0.03459346909658789,0.1784508711674081
0.028426826379588155,0.389883819745062
0.026986184928719584,0.4578260968624865
0.01755525611176445,0.9175553254274862
0.01823814356346637,0.8935018693684643
0.029172735703097835,0.3575983743308078
0.019505504322850253,0.8412612569636096
0.02576916158611947,0.5201135161267235
0.02894471714475899,0.3672601264743375
0.038887182456201264,0.09465114141651532
0.02475897181211989,0.5721196891871612
0.04041641780626215,0.07418140551934542
0.0350818096099732,0.16665325000809972
0.03495715076253314,0.1696039636857554
0.026849675555528196,0.46464800279562357
0.05928322307642575,0.0016962242988303345
0.01678479958224055,0.9407910554100795
0.03653300236305235,0.13523589383974446
0.02053090443828237,0.7931825607796852
0.031308344497862683,0.275781831218763
0.03310113011446192,0.21863722373539868
0.017904654653955188,0.9056386542707454
0.04814516865472679,0.018755966749227596
0.04585934052103968,0.028879222562591827
0.029301340667801323,0.3522292404980269
0.044298436867463375,0.03831387540307457
0.03021247269707794,0.31583056112979924
0.026533980636634924,0.4806790533349771
0.034566088006922235,0.17913148775585494
0.03861990222371864,0.0986745488147264
0.031982754672976954,0.25309698106095996
0.040200520366306725,0.07682153925416353
0.024862742005324512,0.5667020588445627
0.01454566265426746,0.9840048956022476
0.019401087511314308,0.8458956738801501
0.020612693359454037,0.7891723278181529
0.0252573853877629,0.5462448858941371
0.019523489944035022,0.8404576018091003
0.02162283664554865,0.7380495330931744
0.021282976734930292,0.75553960792892
0.03424229258179695,0.18733705253874164
0.03505235029152043,0.16734683535650596
0.034908850610301245,0.17075837867134244
0.019391556484057326,0.8463160090081019
0.035974488526707815,0.14670380132790287
0.04131202713073612,0.06403602593745907
0.038446149383609796,0.10136579018081987
0.01735162981573546,0.9241097424874345
0.028850777457152366,0.37129364911411766
0.021177383926140658,0.7609198491736447
0.044477002393712106,0.03711301237769678
0.026668846183814543,0.47378709636124045
0.026420886317127523,0.4865083651607869
0.01861163128524934,0.8790690524379445
0.02451206496642061,0.5850667561061444
0.023401345945965102,0.6439932572739089
0.024266006472575652,0.5980391880872984
0.022260004863055904,0.704694686857439
0.01888016700420747,0.8681734070546099
0.043348558720680774,0.04528879571132929
0.027286450916296945,0.4430546997912571
0.02398784720374203,0.6127725847421179
0.0235874345817062,0.6340724399661569
0.026529507372805572,0.480908757822331
0.019508644098170214,0.8411210746356961
0.021274324675231826,0.7559814796094262
0.026411530512213233,0.4869926366550563
0.02960780508766464,0.33966666665051104
0.02889645641289862,0.36932844165205764
0.01538909468562677,0.9718496046105047
0.052459600007931595,0.007843911845210763
0.030924850767239498,0.2893415936915257
0.043600318872822896,0.04334034402812111
0.01941141170866012,0.8454398468579132
0.029543304240757073,0.3422836025102805
0.023710521793890438,0.6275163128404613
0.02549919112212179,0.5338378763340089
0.03193651677857934,0.2546056676838339
0.03162127898488365,0.2650734636436289
0.028366660763854745,0.3925735445484926
0.026437551209789745,0.4856465345925205
0.025005199600249384,0.5592896946446524
0.01839107797555789,0.8876964950220545
0.033058498209806775,0.21988062910704542
0.030877217427950743,0.2910597651637805
0.019976214656710845,0.8197348770591955
0.030565546416350398,0.3024887187941034
0.044555194197461234,0.03659761475785161
0.02175529578181956,0.7311692680338403
0.02353086898227641,0.6370871559084659
0.022266719656051537,0.7043401652506946
0.022381210170895838,0.6982879090257919
0.02592253924636606,0.5123806252145213
0.0254250605050389,0.5376304461796924
0.028879971545739735,0.37003681033980196
0.022815364732259702,0.6752351618644905
0.03990717854858761,0.08053580488795199
0.01897594134736258,0.8641874886915168
0.042261977705641884,0.05459493619755908
0.01693427288841408,0.9366186251786996
0.021388362388958693,0.7501433041369351
0.015437714163064636,0.9710037073009896
0.024763071334510944,0.5719053816503854
0.034637227764279965,0.17736741315064725
0.016902193953971745,0.9375278556499644
0.015982116494370452,0.960386605134035
0.0296373578944763,0.3384724562363017
0.028966717641581652,0.36631996300603964
0.016275933238883766,0.953764022127947
0.03287232843694321,0.22537464159256668
0.03378463262621956,0.19943720313446142
0.054468749160846486,0.005095068991134726
0.023536681217233762,0.6367773435270992
0.027119386970917425,0.45123358263985774
0.02901725716787884,0.3641666522312691
0.023544254285979616,0.6363736869494676
0.015179561203663483,0.9753084308148241
0.05782423707360651,0.0023905962141412417
0.023442389032182986,0.6418044888505161
0.02344323199413667,0.6417595380109211
0.02260370275195206,0.6864910924397034
0.04503469249207301,0.03357188017285265
0.04126169154019099,0.0645730207196786
0.02012383008876062,0.8127853343683722
0.02519019448109322,0.5497103928063389
0.01963326834817858,0.8355187759598912
0.020071168212966464,0.8152748274831504
0.01907260160568036,0.8601131688374725
0.020604746661648465,0.7895629522109222
0.016500681068272405,0.9482696289411096
0.025764510122288864,0.5203487767907213
0.03092466585553358,0.28934824903365375
0.024157360876031153,0.6037861359163501
0.012906756227652916,0.9962679422236033
0.02162873938252985,0.7377436321313728
0.025019902543100492,0.5585263928573132
0.015418820390528998,0.9713343842479062
0.025079689332124233,0.5554260014891228
0.015922469768593128,0.9616539299727067
0.016219392448698217,0.9550876817190911
0.04760987014160578,0.020789881301362136
0.0195075907335171,0.8411681097992316
0.02009815119541225,0.8140006560756425
0.028936788882948372,0.3675993472561319
0.026304140505831186,0.49257359849062815
0.01661015258831311,0.9454585042084624
0.017269390408451935,0.9266736881086176
0.018992037541867457,0.8635125815493545
0.023036646176944786,0.6634448680969374
0.027214252501307823,0.446577061867648
0.02772750638883581,0.4219408221640492
0.027001567201119014,0.45706155369471696
0.023531948240316902,0.637029626978843
0.02273986264828154,0.6792532936279156
0.024177505082826012,0.6027197846035521
0.017959865646062556,0.9036798893545486
0.029588834603152092,0.34043484420910586
0.023386906897195137,0.6447633336463126
0.032929743415178236,0.2236691101938942
0.018422717485802986,0.8864771671363852
0.03126205130134707,0.2773930280868498
0.037551891885029165,0.11620005418552266
0.021993982227569667,0.71869500939995
0.04275020712721245,0.05022716168906606
0.029858214637597413,0.32964320721268814
0.02363976283679947,0.6312845019834524
0.018776870704334925,0.8724141536705183
0.017916016109081778,0.9052372384223104
0.02422989215190907,0.5999483096509586
0.044315084200326926,0.03820050426369225
0.022207567773604442,0.7074614298848496
0.019240227401164045,0.8529282057945856
0.021777920934130862,0.7299908754219256
0.030377723434728388,0.30953363165487136
0.03088672198896414,0.2907163263343535
0.030094811382890385,0.3203706547639072
0.02604021965863812,0.5064806775474724
0.019731538696085738,0.8310497890733062
0.02337924355546217,0.6451720533679111
0.02917939223822008,0.35731905322152485
0.01951612729241925,0.840786777951936
0.01844014390900328,0.8858029371508955
0.025037073589348258,0.5576353790144657
0.0203640229314645,0.8012929557137941
0.017279084751262386,0.9263739598823679
0.022228656979133066,0.7063490833986659
0.023020070412946958,0.6643286015617573
0.023247939126710193,0.652175854353082
0.027489524766325046,0.4332470695423521
0.01857628680085549,0.8804715134776808
0.038638079805569214,0.09839647186961457
0.03693479633969199,0.12744594233146594
0.02247830093005837,0.6931452637537507
0.01853038026045567,0.8822818430444392
0.03395477426406554,0.194869217646056
0.024703231763392508,0.5750357864338025
0.04304662024897854,0.04772546287047061
0.014924846451903784,0.9791141595780589
0.04235282198082646,0.05375830197707702
0.034041613244032154,0.19256962684529613
0.031710927926346,0.2620641505953073
0.02180917326173648,0.7283616907921657
0.027121528124909366,0.45112812863930934
0.0225478287013563,0.6894574640369753
0.028280433435661778,0.3964507352135326
0.03476547746029102,0.17422201708378898
0.027253180644245645,0.4446755527789069
0.03893993003702789,0.0938735474156767
0.039099453830963804,0.09155432762536912
0.02628482532819998,0.493581738338413
0.025762883506581624,0.5204310576017215
0.03968990609303247,0.08338363828894906
0.051820590615651585,0.008967154995271067
0.03027844564013693,0.31330553222537466
0.018892816870515833,0.8676498995482085
0.023583263701209445,0.634294696679107
0.02157214359737697,0.7406738164451866
0.03695421073812416,0.12707903422032948
0.024936815922733113,0.5628441123652344
0.02325458993279028,0.6518210835841849
0.02925049401083002,0.35434514073859097
0.030664154059974746,0.2988376391746245
0.023641051016640602,0.6312158831930452
0.028210034733184286,0.3996357515903222
0.020966156575854794,0.7715959367462486
0.017884538766813396,0.9063472547893695
0.044481036690118936,0.03708626603293747
0.03006573103554,0.32150002831650254
0.02207913858597277,0.7142235023867491
0.020612907409576997,0.7891618031625969
0.02336861083046038,0.6457391554522866
0.027757787837125014,0.4205166689123811
0.030817241742989054,0.2932338638810697
0.01929898936334007,0.8503745564570372
0.019310766096648058,0.8498606304941982
0.03730077862762282,0.12067355215226745
0.023910992352312033,0.6168538678277437
0.03707498204875126,0.12481597757032634
0.0277957415931932,0.41873629820509517
0.02226187332015246,0.7045960428444822
0.020550821593029456,0.7922080789202572
0.02640530317569556,0.4873151461315299
0.018157040527741475,0.8965201928508318
0.02644104200930164,0.485466131833586
0.020875485419198425,0.7761407987493466
0.017152411608376328,0.9302373049305251
0.024026752615612157,0.6107081301588069
0.02573733125857719,0.521724286559724
0.02866332868980026,0.37943501263541546
0.03833028074998113,0.10319420225673889
0.026396175123194587,0.4877881308764138
0.02048780800471582,0.7952864536594682
0.026278777706724155,0.4938976613157971
0.033773668043593164,0.199734433534939
0.02307395437187021,0.661455560887648
0.0150695338158916,0.9770052386317635
0.02246646630894611,0.693772572817469
0.030932481737811324,0.28906703875050077
0.03793332832789065,0.10966709750933488
0.027032111988298135,0.45554589354578456
0.031369976958612156,0.2736476335066804
0.0202919077882443,0.8047665153663612
0.02485165830408298,0.5672800015661372
0.030996151941682204,0.28678377145260087
0.05779239193796987,0.0024083384513546844
0.021238264474412905,0.7578211703949249
0.02404534355206389,0.609722025375421
0.02954959191828721,0.34202786431794785
0.02319112303535084,0.6552065183702469
0.023792830737385695,0.6231359108883325
0.030663919992198196,0.29884626723178104
0.03527730986671773,0.16210841772474338
0.020024927866165776,0.8174514407191869
0.02029763388914474,0.8044914163197081
0.049501342008855476,0.014375602407843071
0.018616799419837515,0.8788633550154561
0.013739144579872964,0.991630044380783
0.015934142810617113,0.9614079485441454
0.01377068818044358,0.9913956946842181
0.023260090772271536,0.6515276548177582
0.01849546932757562,0.8836500022908863
0.017510976408569356,0.9190054183290797
0.0364183615430565,0.13752830056926613
0.0224986077088834,0.6920685949133536
0.01465791237737224,0.9826505571902989
0.0144316461432491,0.9853028564446008
0.02089427919161746,0.77520072726455
0.02841726898493191,0.3903102298293878
0.03721821443431794,0.12217496497061031
0.036972105533558786,0.12674161080803978
0.022369413329212995,0.6989121467279836
0.036682656942984115,0.1322902566161314
0.016465234459458217,0.9491609271828138
0.02285676336815015,0.6730307849041339
0.02597723917651279,0.5096345777861329
0.02714752175299978,0.44984922163671076
0.02598075739177541,0.5094581720540089
0.023940735433929272,0.6152739274846128
0.01774472917327874,0.9111967186178783
0.0512560118916332,0.010078931221561581
0.03376612300940496,0.19993916737106143
0.0313115094143826,0.275671934880013
0.035755618063755545,0.15140704291513918
0.04049004269072953,0.0732988473135808
0.02465506822488034,0.577558770851925
0.025848236990675844,0.516120735325422
0.016523124144991908,0.9477005115720062
0.03631370054939542,0.13964864117654158
0.028615050822818677,0.3815519015314064
0.03130132450625922,0.2760257053445559
0.02938281132752707,0.34885775323164053
0.02742862031022636,0.43617304941217533
0.030917604453599146,0.28960248792193033
0.024557425520337794,0.5826825655853516
0.029970611838379457,0.32521429881685476
0.017823399771296433,0.9084842213421038
0.018731544579127457,0.8742555762468254
0.018742303654048498,0.8738195588060307
0.03589295513407509,0.1484418547364122
0.021875605159973555,0.724893134387111
0.03671545718942282,0.13165169535662993
0.01995200659661267,0.8208659277340865
0.035267896454665104,0.1623249549295366
0.03630452171632359,0.139835855596005
0.027994724065887544,0.4094862105778492
0.030876367250676218,0.2910905001921086
0.02094363763885415,0.7727269006273185
0.027509941655787684,0.4322691615340928
0.02482269583206087,0.5687910215590082
0.020183504059059193,0.8099509522306272
0.04495518804520848,0.034057859123990106
0.03533990219028693,0.1606744802891602
0.01927602934178571,0.8513744642593882
0.025997860615180057,0.5086009786185585
0.03194410607857323,0.2543575718956679
0.03824263657071031,0.10459536978285898
0.02768463197236193,0.4239628207092368
0.017373447932769626,0.9234214498773206
0.023781681831944124,0.6237290463384022
0.026592479596088237,0.47768165854706157
0.03479393742240311,0.17353006797194015
0.030096118909835323,0.3203199430591586
0.03471262549675935,0.1755128280214311
0.023791966981113133,0.6231818614460878
0.02382780427824782,0.6212757087392535
0.025024115167804145,0.5583077557971794
0.018681900413426544,0.8762586568775539
0.023215391018202913,0.6539120404059744
0.022155084019367277,0.7102273433458705
0.01624774226643244,0.9544269330973623
0.041548672035010004,0.06156228789983288
0.0211791363616001,0.7608307842656787
0.02782003646375869,0.41759934609958776
0.03179996083765271,0.25910107652303094
0.028080982737909488,0.40552009329477323
0.03342787878187953,0.20928721611303033
0.026071059887544656,0.5049393794609313
0.015711679110174293,0.9659260942865379
0.037448663676980964,0.11802220711085046
0.019700612370264714,0.83246100421993
0.025231814238913186,0.5475628800027714
0.020588052031260573,0.7903829004328562
0.018683474580370063,0.8761953635352188
0.02712883772894925,0.45076824655990294
0.02804727570808102,0.40706677054129187
0.024651031397494916,0.5777703692007305
0.02483430600025005,0.5681851588722215
0.018990789104823436,0.8635649792658685
0.01875830944056811,0.8731696681058885
0.023075332259220427,0.6613820851425489
0.0357002036769859,0.15261691201664068
0.02570261440823174,0.523483421609164
0.022038847606815293,0.7163404283650733
0.027084296297842314,0.452964165934021
0.017762836914331004,0.9105761104911192
0.02828400528799624,0.396289604284945
0.024550688425012845,0.583036520399999
0.02132625030480345,0.7533268994636549
0.020339292063656922,0.8024863387075896
0.037171491474348395,0.12303138544879243
0.02074488390431216,0.7826442253425867
0.018230849785046632,0.8937750400351153
0.015686296734193098,0.9664189471340583
0.02575326468716921,0.5209177245094538
0.020230139184773288,0.8077261559328321
0.016349119198412882,0.9520157338836085
0.03415566801915515,0.18958180834738778
0.026311668863309046,0.49218102090543153
0.021459666356250295,0.7464778800406426
0.01996806637102244,0.8201158581650523
0.02906669236643139,0.36206905712118365
0.024067271892409647,0.60855923526274
0.018464457256055944,0.8848591219977632
0.0333010842703052,0.21287784537717
0.03345466304014666,0.20853479115832246
0.019125718353369014,0.8578526165894431
0.019101427385626146,0.8588882813728457
0.03648912829673645,0.13610951630404303
0.01571261616760644,0.9659078109895167
0.01396009243099089,0.9898858107208166
0.02127912280194577,0.7557364553703467
0.026664823929529846,0.473991705894978
0.02578429311919339,0.5193484970387322
0.03368077565640687,0.20226651361493556
0.020883945895901534,0.775717731077029
0.031816902991711415,0.2585401068286422
0.025148461333681205,0.5518666221738258
0.0339256719294328,0.1956446845199127
0.018097690337379235,0.8987020541249762
0.028119433998509802,0.4037606546976225
0.053137392702258146,0.006793682022969602
0.02257607388929095,0.68795821187938
0.03362270376102655,0.2038621507899251
0.03325786994609459,0.21411248263378962
0.016764274016692032,0.9413512281590267
0.01905901937885135,0.8606887563450173
0.02584573703602394,0.5162467718754966
0.01634669692501106,0.9520742293640969
0.023391537509450444,0.6445163664871106
0.019892439983379306,0.823638378303064
0.020324749442929085,0.803187034301184
0.03585713751095476,0.14921062089301962
0.020276765582381284,0.805493396347507
0.026373497071187052,0.48896451281765324
0.019001271066661052,0.8631247774669005
0.03543019960490018,0.15862377500336428
0.028120905846001937,0.40369341086718896
0.020974870248025634,0.77115792621418
0.017903550060966333,0.9056776349646637
0.01993137370483533,0.821827977573454
0.01732971393212035,0.9247977146543951
0.019195820994106494,0.8548460911019642
0.023662688869823048,0.6300633747374886
0.0213234196756672,0.7534717729693539
0.032442926758465274,0.2384495388878614
0.022856162378878678,0.6730627916220713
0.016350528568821576,0.9519816790964877
0.028580777834565696,0.38305969902613934
0.032127566877059865,0.24841577259438466
0.022508997761278404,0.6915175772896416
0.024248579902211465,0.5989602614452566
0.04963601527784689,0.013995235334653544
0.04497655266778877,0.03392666318538863
0.026256611206168123,0.4950567320385446
0.015622950204994823,0.9676288724559897
0.019716203471174754,0.8317501046489306
0.021962849785644778,0.72032714929957
0.033062203166073556,0.21977235355254865
0.015502707647429559,0.969847120706315
0.021330882013708363,0.753089805132108
0.04046149156366974,0.07364003275129069
0.02531761553715184,0.543144881199049
0.02226683649033412,0.7043339962899795
0.029573010557266244,0.3410765649263679
0.03598694824017912,0.14643965168415918
0.022276071873745806,0.7038463109718188
0.01622871406538995,0.9548710753758882
0.03679285731893489,0.13015482324110386
0.01643211753831686,0.9499852731879921
0.05115832491850758,0.01028349836045758
0.028413782219746164,0.3904658749121309
0.022944812087685174,0.6683400367353961
0.028058198161018427,0.4065651415542675
0.04096931215671962,0.06776885151203982
0.02894540404697954,0.367230746877008
0.021429900507179966,0.7480093728442325
0.04528296373459817,0.03209324974014062
0.04046660816122549,0.07357879059807089
0.01701164092502233,0.9343948736269703
0.021267451693159967,0.7563323632229482
0.04265084360449983,0.05109076684947109
0.04563952805769628,0.030069847268495785
0.023433388503200425,0.6422844491813975
0.021945776384346805,0.7212216188813807
0.027252370609730625,0.4447150651243478
0.032390552957180685,0.24008318632139028
0.017054563183431126,0.9331424052238079
0.02783175578045166,0.4170516570639611
0.021645677121593376,0.7368654849313201
0.03876796707233365,0.09642844164477003
0.031002468195855393,0.28655799726518866
0.014110768476717217,0.9885535941255201
0.027612451871567023,0.4273817109172656
0.022301912846450056,0.7024812471877222
0.045367449550561156,0.03160329369704762
0.04423704971814624,0.03873447587548448
0.026268063581643575,0.4944576775765639
0.033879104388672254,0.19689056813209543
0.023194367623272538,0.6550334509182287
0.029023020240509956,0.363921677047235
0.027135917961758238,0.4504198392471085
0.01637540639816354,0.9513781428390129
0.02979755594127209,0.3320514359917742
0.02532230297831961,0.5429038833764965
0.02838509733655592,0.39174796849735716
0.020213081549611545,0.8085408948851072
0.022106034363158777,0.7128091437870798
0.035045019901319696,0.16751977840926227
0.023328951315549018,0.6478545212464581
0.03397466498892293,0.1943405950189705
0.03473699406628131,0.17491673024208423
0.04665855969569199,0.024893243805178503
0.02043702825929039,0.7977570977431334
0.03653465792343269,0.13520301784359598
0.029888783314631295,0.32843438426029
0.02390278952508862,0.6172896991166729
0.027594953367492348,0.42821334553826434
0.014777463299496696,0.9811225400221738
0.04360007554655554,0.04334219146028076
0.017292620945881576,0.9259543265429148
0.0321185169288436,0.2487063804914944
0.018628371436693936,0.878402197847729
0.011807886057832895,0.9990359484475476
0.021152976432342596,0.762159510102322
0.018709450792585403,0.8751488186382227
0.031092303599318916,0.2833611100952394
0.04247430888627146,0.052656743109155746
0.023794065495612582,0.6230702242609614
0.021051906213696153,0.7672763610779336
0.026400605931081428,0.4875585044292857
0.02918348146194316,0.3571475382507326
0.02446743371390847,0.5874149286409547
0.02248701548337051,0.6926832599562824
0.04065265470543111,0.07138111263577707
0.03258959343946022,0.23391993767521482
0.046543918482168434,0.025433281280691857
0.02329512012990359,0.6496591089519832
0.019845016631242163,0.8258346798441045
0.014993986231069956,0.9781235768093453
0.019420963240619815,0.8450176613889947
0.03433350908295507,0.18499601666545473
0.019561418788082208,0.838757708524009
0.03489873374187957,0.17100097158133362
0.03635494449776122,0.1388099267746664
0.020551597366947005,0.792170095413292
0.017576787987659992,0.9168452445977402
0.024275099626849928,0.5975586879645117
0.028872115390667696,0.3703747320595193
0.033404159831392444,0.2099552928923377
0.016777538440905848,0.9409895760451833
0.02843862443249734,0.389357887119015
0.032715012004276955,0.23009914426866085
0.021843335663311425,0.7265789082533212
0.024681850968173324,0.5761554241800451
0.02059721366037648,0.7899330469970651
0.029413847115279446,0.34757947982916715
0.014541305831110796,0.9840559197295631
0.01945666401815639,0.8434356557870868
0.036797519310120874,0.13006510882468303
0.029892238169128227,0.32829796563359204
0.0206020743989217,0.789694261578565
0.023113677386406073,0.6593371970917469
0.028138751924132954,0.4028786952810696
0.03694079244009685,0.12733253105176215
0.039649598077723724,0.08392118689483792
0.03333872606130661,0.21180692783727764
0.025733413989711018,0.521922658902997
0.038244071172793215,0.10457230825342156
0.02737957647052469,0.43853884371240676
0.05754806786190714,0.0025485697434285554
0.02713497980969981,0.45046599397372084
0.013029420348053045,0.995752681704407
0.022272923856926696,0.7040125564135671
0.03942008366909705,0.08703790870586757
0.017663050692537374,0.9139681830457188
0.030163830274616055,0.3177017650741092
0.042676217967610675,0.05086901856381424
0.02549288561078411,0.5341600793436478
0.02737140138601768,0.438934031278909
0.03207660071346213,0.2500557457476524
0.03235110515289552,0.24131928042731862
0.024852656768158288,0.567227931056249
0.022708608739908986,0.6809156757939385
0.029511590631431717,0.343575576059235
0.034853854672285356,0.17208044075593487
0.02768032299033557,0.42416639889950614
0.017859553583972176,0.9072235960683223
0.0325052983753602,0.23651514480451988
0.02012538365043448,0.8127117230338594
0.02254521765739781,0.6895960267458812
0.019812182459315042,0.8273495421498508
0.02170474862392341,0.7337986397886197
0.023547482765964634,0.6362016088877356
0.03767858801129398,0.11399540753559093
0.04688304663413512,0.02386510127406853
0.0146551914559514,0.9826842987338463
0.03286364527661778,0.22563344820095474
0.031071518853754587,0.28409838758805955
0.023068159015634415,0.6617645937729164
0.043948703609365536,0.040764489378459626
0.019455741650995895,0.8434766077197162
0.016658964592509318,0.944176593568535
0.034902205691377475,0.1709176866042073
0.024533618433385862,0.5839335867501297
0.022469410541320733,0.6936165215296342
0.022976677038174187,0.666641768961008
0.023503378323441515,0.6385526275664508
0.03810739936992835,0.10678837617319155
0.030033818333357498,0.32274272477385546
0.03236439073943381,0.24090243606367462
0.01663196768726724,0.9448877601902166
0.025536696509732337,0.5319229232077648
0.037986164454855365,0.10878660163517426
0.020014449600151307,0.8179434453771905
0.055582116537124304,0.00398365145538778
0.025809302890134667,0.5180850652717932
0.021265740690633583,0.7564196966340238
0.03400704706671283,0.19348240793519628
0.020749362890739143,0.7824220574988053
0.043430206312099096,0.04464873026901366
0.02039536886383636,0.7997771442845913
0.024142983584391514,0.6045474238403237
0.035599844365821864,0.1548278838347131
0.016291134801760657,0.953404129104126
0.0232248331922994,0.6534083777556592
0.016759589157211208,0.9414786513339387
0.033128316901323895,0.21784713802094816
0.026523466510453342,0.48121907237952477
0.02728503784758418,0.4431234609662137
0.03189923548021334,0.2558270627185124
0.02509402224759727,0.5546835627967553
0.028600677048467055,0.38218375274000804
0.028018246139352554,0.40840205664120394
0.024192588133447046,0.6019215822247714
0.028608960027510677,0.38181955537485174
0.028571915599394343,0.38345025722991055
0.03319455148789724,0.2159315239775326
0.02958835350547434,0.3404543416356603
0.03371009586259799,0.20146460153201948
0.04891494600402213,0.016142327579610476
0.030668528993927247,0.29867640692280634
0.035572120057618895,0.15544318706174132
0.031052078053539545,0.2847892828644072
0.021431028573606792,0.7479513675715042
0.021518716276139216,0.7434340612678625
0.039985390001893495,0.07953097211132665
0.039609341284964295,0.08446096229510877
0.023436238266990872,0.6421324816582055
0.02552583397500885,0.5324772745429742
0.023316371996285112,0.648525506384984
0.028947060960045345,0.3671598856185693
0.022752347731854805,0.6785890612159171
0.025696279400786004,0.5238046785717491
0.014192766500725984,0.9877776229810191
0.034938976104555264,0.17003762134907457
0.023698202667216006,0.6281722010492783
0.028992467150026124,0.36522174778203753
0.0324667419708001,0.23770951052367656
0.02422744679562583,0.6000776230475451
0.016841560301689706,0.9392258845456102
0.0224755188995458,0.693292739809679
0.031115247248521327,0.28254890587469095
0.02347191978482205,0.6402298496575788
0.017865272918418218,0.9070233643156881
0.02803636788482511,0.4075681510539687
0.045923339953544695,0.02854047255862701
0.011986604680205626,0.998766004107018
0.02910829557021999,0.3603104165043338
0.03726988389163205,0.12123358164606068
0.02659635343202285,0.47748359950090974
0.027235339568452532,0.44554635781819485
0.020164812566769497,0.8108402720749004
0.019896992072518466,0.8234270450256201
0.02863869314702211,0.38051420448124934
0.013714842872172256,0.9918073538530051
0.02109060945454777,0.7653201366484816
0.023253601239202726,0.651873823009544
0.048762085570890124,0.016633753300105115
0.03611208052995962,0.14380808155552682
0.01528552414794282,0.9735969157082613
0.020354220245992816,0.8017662517662575
0.027397966275299335,0.4376507435669855
0.02859859281307109,0.3822754334125546
0.02631815762356471,0.49184281622089804
0.019194555423840715,0.8549005987640017
0.028259571913980763,0.39739272988030744
0.02567642842416218,0.5248118581389144
0.03248682565710126,0.23708680154749504
0.03179101889343791,0.2593975225543175
0.03248961309591844,0.23700047378105915
0.022098417299667883,0.7132097976385463
0.01755195850996394,0.9176637888255093
0.02633275284424985,0.49108263627299736
0.027087090947375714,0.4528261797751036
0.016495612537881676,0.9483976439167415
0.03250682999077181,0.23646779485105637
0.015874695993592203,0.9626503333417677
0.027363304523490672,0.4393256727277611
0.03214005725369429,0.24801511124443265
0.03535732395167268,0.16027717625474833
0.03858255530333721,0.09924793046730988
0.033719773470324566,0.20120046391514543
0.024947884351287364,0.5622683291168433
0.02508533982831848,0.5551332695838422
0.018001181781358566,0.9022008160820056
0.025651827992796417,0.5260610767098486
0.040259785144396654,0.07608900878083535
0.02606956391510784,0.5050140960828289
0.02064318234807405,0.7876716861752041
0.038526429013074515,0.10011484880788415
0.020217406638574492,0.8083344183301502
0.032221786255000606,0.24540555756301471
0.04451219643223403,0.036880252226780215
0.042479553562367545,0.05260962955385764
0.02270614142180777,0.6810468868860475
0.03685623151081857,0.12893958132612554
0.0242779338290372,0.5974089393280484
0.016015518101439974,0.9596655898155084
0.031152418497948753,0.2812367251510831
0.02008676330869652,0.8145387670465056
0.02355078514567166,0.6360255951378627
0.01637833049590709,0.9513069045633221
0.028540201394923748,0.38485017417678835
0.01239586734770981,0.9979159549800741
0.01869048356382183,0.8759133724709981
0.026346327430845695,0.490376294488037
0.026188281408542124,0.4986406217242616
0.03575872061763988,0.1513395336822958
0.035690803419287376,0.152822919492201
0.02053791164985852,0.7928398753247801
0.021430310807668773,0.7479882754811187
0.022208104410713747,0.7074331315975086
0.020705060093318017,0.7846167970735022
0.019593748467389815,0.8373033292780379
0.03496139005176613,0.16950293875610176
0.023501525613730104,0.638651398821269
0.02948884383670458,0.344504400471268
0.019247938297071276,0.8525941280200195
0.021457664294044027,0.7465809491546826
0.024652753966011298,0.5776800748238919
0.03468889206784509,0.17609493917060684
0.023107243097951535,0.6596803452598682
0.03888485164799871,0.09468562556544229
0.027211285722939182,0.4467222009166065
0.02437482723235196,0.5922942236852999
0.038417375320912606,0.10181731124888481
0.03186938294241087,0.25680827208989615
0.03092026871469833,0.28950654435895073
0.016129286722892155,0.957148549246901
0.03194430990182606,0.2543509113969406
0.03466659102431735,0.1766433141918823
0.029245640383984473,0.3545475879380776
0.02148078816925092,0.7453899733652204
0.01987967590553208,0.8242304794024113
0.028871238218232453,0.37041247589298576
0.0206342245970349,0.7881128966210091
0.019598272495484848,0.8370994161755343
0.016333466513999917,0.9523929674272317
0.02626094712378793,0.49482987272664447
0.03852270633177479,0.10017257113353328
0.014662175411412348,0.9825976003252797
0.027553763932475883,0.43017522831662075
0.030857762063903338,0.29176370401588914
0.022690209708990286,0.6818940405214464
0.022509811976685,0.6914743930360481
0.02380842351084289,0.6223064669142137
0.021802967840733323,0.7286853127411548
0.020749836366515173,0.7823985683614245
0.021445608200131805,0.747201431275248
0.022002865064113086,0.718229059052034
0.02133146626515836,0.7530598941074026
0.025536182792859963,0.5319491349327501
0.03609030266637181,0.14426330396372627
0.029002218950441028,0.36480644126140765
0.026350237276453692,0.49017297053060627
0.01478550398807077,0.9810165485276016
0.027319993798774367,0.4414245665306009
0.024771606523432632,0.5714592668689159
0.022106218309384862,0.712799467354484
0.02557668108051403,0.5298842818375287
0.0323461497035874,0.24147490195671042
0.025278766835734212,0.5451436872306117
0.025669760448169487,0.5251503440749008
0.031875851439289615,0.256595420863045
0.038172336623585684,0.10573064086655332
0.031587203968297506,0.2662240800338015
0.026458317267301412,0.48457399323248385
0.02666501989464709,0.47398173593727844
0.021413586157745024,0.748847944621726
0.04691505810265606,0.023721600281630558
0.025002620368566264,0.5594236291648217
0.022879531654219687,0.6718181077249575
0.03158258517923729,0.2663803319837444
0.037706818816177434,0.11350889388381256
0.027258348751649453,0.444423514915858
0.024914024706701454,0.5640302860781601
0.03334394639503013,0.21165873931414358
0.031027692101151527,0.28565768587642193
0.026521293546791364,0.4813307276559067
0.018952108337786377,0.865184159271198
0.015025993336267307,0.9776543811241146
0.04220146202605024,0.05515845849377549
0.03034689394449286,0.31070137432975015
0.03594868562289921,0.14725205545332926
0.029337678574042736,0.35072261940437
0.032215263711482756,0.24561304733513023
0.023732649738885156,0.6263383622775327
0.024586214418475305,0.5811706595443427
0.03143339810661605,0.2714644272887151
0.03996669209867082,0.07977022769432407
0.021513520167137534,0.7437021974206539
0.023306023515083263,0.6490775051883254
0.02771668189042842,0.4224506974124121
0.039193812081087465,0.09020524123670338
0.03890273641559805,0.09442129033684826
0.027615923616852722,0.4272168424630946
0.02026154963290394,0.8062229421984867
0.02430116584826858,0.5961817390476174
0.024107359385332594,0.6064344983772463
0.021127279986635772,0.7634629817823573
0.024961038483634235,0.5615842828722324
0.025923905357462973,0.512311967265711
0.02973668085450587,0.33448098954180017
0.026373641703836492,0.48895700447437157
0.03414065126138477,0.1899730927592533
0.03958400937089934,0.08480211630008012
0.015992735580304396,0.9601582615210748
0.049914958126062225,0.01323604236215578
0.027181422314231013,0.44818491189251886
0.014714363904133942,0.9819401632758887
0.036663528484446206,0.13266381786947284
0.02616072884216128,0.5004697564368926
0.03631669501616208,0.13958760912001184
0.021673776664450084,0.7354074415191731
0.02302878047961998,0.6638642344834385
0.040898203452105264,0.0685661672682153
0.021955442766459166,0.720715254583895
0.02438413208116158,0.5918035509257584
0.02859559017726121,0.38240753935937055
0.04844668222778348,0.017690282300382824
0.023967900812188248,0.613831427893567
0.023895547891443533,0.6176744957512956
0.034897645552929346,0.17102708166413938
0.02497641763636349,0.5607848573325558
0.03637015340358862,0.13850168141646105
0.03753964106030894,0.11641508218885756
0.014912794524336137,0.9792836403909848
0.030475448143034434,0.30585330216078377
0.030032146893549938,0.3228079074094552
0.03874393444151314,0.0967900819160346
0.017510638282419944,0.9190164386884729
0.0206490828241066,0.7873809169229761
0.019606886611765212,0.8367108816636484
0.03177538788575679,0.2599163414252073
0.03355759409995429,0.20566283396222454
0.013870057498590938,0.9906258371868851
0.020906307503576027,0.7745985235389348
0.04003477589992277,0.07890195099619222
0.04079157888897078,0.06977667209547725
0.016058274056861666,0.9587307584325613
0.025889043481590712,0.5140652691269931
0.028872951859418516,0.37033874218377166
0.04699978813886213,0.023345460228504943
0.025828812408264512,0.5171003718454561
0.024907968754266985,0.5643455969999247
0.04307581797323162,0.04748497672255406
0.026177908151965412,0.4991861458618147
0.040110259905486334,0.07794864959002756
0.018103367829558847,0.8984943257589524
0.024189820909172988,0.6020680100290065
0.02131967475811347,0.7536634115622709
0.02247889710696227,0.6931136594080897
0.03352169646534742,0.2066609170847512
0.02995722518815719,0.3257395145510454
0.027542883008952357,0.4306945053730985
0.04836749914339267,0.017964777580809107
0.016046767960137154,0.9589836460960297
0.02640223671591113,0.48747400664142404
0.03705883191157927,0.12511667803968304
0.021620865819470758,0.7381516533133898
0.023761950514532337,0.6247789339801026
0.02420801173212994,0.6011055668968189
0.020837178517427946,0.7780536850834632
0.028858958508083954,0.37094114330532557
0.03851392685414584,0.10030881178040878
0.027590919111400547,0.42840523270592606
0.015357744626018022,0.9723863273752558
0.02623656049851919,0.4961066718063817
0.019616050645959157,0.8362971592741437
0.02119811254391224,0.7598658511547476
0.034331941259893306,0.18503605817309898
0.02323166624932127,0.6530438881803892
0.03296996279535075,0.222480323523885
0.02218038653845167,0.7088943134951109
0.024340850148323434,0.5940866986714437
0.018065378406055488,0.8998802769400245
0.021073502269209676,0.7661853010478343
0.031881796772240845,0.25639990248266487
0.017878001540571675,0.9065769498348081
0.019196409562065475,0.854820738817591
0.042639969123973276,0.05118605488905792
0.03166353676077749,0.2636517411765447
0.031449957959353125,0.27089652683204674
0.035150243852720975,0.16505090573842013
0.027824505391453203,0.41739043808884685
0.018181441000647003,0.8956165543786757
0.02464919319349479,0.5778667291379788
0.025102858065387312,0.5542260332213592
0.037045952928257686,0.1253568979055573
0.03084268138966556,0.29231022303675985
0.013971031917815568,0.9897930820326712
0.020873219730256576,0.7762540590923961
0.03803013954145651,0.10805824309465442
0.02902648407830588,0.3637744931594964
0.03725350608083594,0.1215313273742699
0.022322882327488025,0.7013729915551435
0.01856977316470143,0.880729154112692
0.030463064421652586,0.3063178912705528
0.015015643825602776,0.9778068348442962
0.025638285982214626,0.5267492453028764
0.03084994838314814,0.2920467749389623
0.014224317216932902,0.9874692279083699
0.018206755092247923,0.8946750294014392
0.02367384699445213,0.6294691272983757
0.020728302495112372,0.7834661524775334
0.03859627475813321,0.09903697591819495
0.02780833474267075,0.4181467010644999
0.01935541951124331,0.847905573386467
0.03881302732770897,0.09575342063074477
0.019777861597577023,0.828927883357748
0.02004111035393441,0.8166907029562194
0.036958407660954484,0.12699983132029785
0.04737407804054572,0.021746478637084347
0.021640657334464963,0.7371257962302065
0.030862233367084546,0.29160181079361525
0.030605198951273116,0.3010166077338677
0.026649435082860884,0.47477505902712935
0.025116663309922682,0.5535114290687755
0.018202326162998883,0.8948400548308977
0.024855059951073066,0.5671026093765177
0.05045384885664883,0.011873519172569324
0.02749521447271526,0.4329744000846993
0.028221121262797022,0.39913300186965084
0.03139260351901385,0.27286723493205234
0.02660637100881552,0.47697167496506065
0.02137211095597935,0.7509771342442808
0.031587611381955816,0.26621030068642215
0.01929558314946833,0.8505230680463948
0.022561451117991238,0.6887344640372652
0.02270361190347453,0.6811814019528127
0.0414099730275852,0.06300204226364
0.023182533608715417,0.6556646777518311
0.041629390284903145,0.06073743661758063
0.019366514831869908,0.8474182203786562
0.015121959895232656,0.9762068716488251
0.0219070072803087,0.7232510603397202
0.03147393638013379,0.27007579470815085
0.01952505182948555,0.840387737936117
0.028971972389341127,0.3660956593379603
0.03417976561190855,0.18895523592041288
0.045884904085531364,0.028743491244682957
0.02185937778134328,0.7257410729419298
0.01540508370342486,0.9715732395754425
0.03768538926612333,0.1138780414907338
0.0363009382334466,0.13990900074472276
0.029118931832672057,0.35986177545850495
0.030404483806195648,0.3085226236927466
0.020257476295082233,0.8064180934920504
0.026134994545398804,0.5017507014100979
0.03308438440908401,0.21912497973845313
0.01704409249782457,0.9334491723258015
0.02120011531379254,0.759763958036971
0.037551647438944014,0.11620434153106554
0.0464777258461927,0.025749794093709245
0.03677085999073773,0.13057881755073816
0.030238143958306984,0.3148462693361689
0.024191548124175788,0.6019766135679683
0.015183393075667295,0.9752478687221661
0.01863805970176602,0.8780154964358431
0.01827842098070198,0.8919872729982534
0.01563121658848099,0.9674726068442394
0.029176143654579434,0.3574553507393374
0.025467400938323892,0.5354630554554697
0.03418226988432316,0.18889021490037544
0.021083516446581907,0.765678947192598
0.039475018653932215,0.08628319116406484
0.04376621687266069,0.04209660566533626
0.018661885896487984,0.8770621153937379
0.03537640856343166,0.15984285525557468
0.021380885239364544,0.7505270166815646
0.03191033270971855,0.2554630371385516
0.020423102577559304,0.7984330414936067
0.037746522379248915,0.11282756707107143
0.021954505958433013,0.7207643345828332
0.03856698508614831,0.09948779641544173
0.04579146514397492,0.029242357469315028
0.032223671407144466,0.24534561353003437
0.03364110926089903,0.20335536369442175
0.019196099497521213,0.8548340949272671
0.017029697021706314,0.9338696280229023
0.015856692832565106,0.9630215254081367
0.020176641134450307,0.8102776419074352
0.021450289755718388,0.7469605265203075
0.027992222156790314,0.409601641685717
0.025424203895001052,0.5376743291693307
0.014998268859236163,0.9780611884364225
0.05173041782693982,0.009136906045250791
0.020514414621308485,0.793988324118812
0.020016015724203973,0.8178699373286062
0.021831902399767067,0.7271757764337579
0.017181123684134325,0.9293717318581505
0.021108532753933873,0.7644128650552583
0.0189606991675233,0.8648252639624535
0.02210714157572012,0.7127508985481443
0.020601020819599636,0.789746025708542
0.038382649156883164,0.10236445928190215
0.024777836022179756,0.5711337274015877
0.022091903492188425,0.7135523595355828
0.02456333746929612,0.5823720068943978
0.027883411702904537,0.4146434068018069
0.022857519075497712,0.6729905381870025
0.02719460007401997,0.44753907215682664
0.0221679906950345,0.7095474717138364
0.025167095328602174,0.5509035067775896
0.01801250886215411,0.9017933447242084
0.026113624965905247,0.502815495337649
0.04960475494429445,0.014082710581542531
0.01952567767160407,0.8403597404182378
0.018165517656563712,0.8962066893873218
0.022857062798010808,0.6730148381932488
0.02314369625771573,0.6577361769170252
0.03609822299575283,0.14409761060026977
0.022556072688376227,0.689019937582207
0.028740954000422536,0.3760485355917832
0.0181263114691253,0.8976527251394558
0.018816784237410067,0.8707827798643233
0.01990915382482006,0.822861990364387
0.03353224347818562,0.20636728130937315
0.016289152570208132,0.9534511543987073
0.021059225380070934,0.7669067283981237
0.042690882261675445,0.050741245684000055
0.037842053805388076,0.11120204780463096
0.039951181050194406,0.07996916583802387
0.015364920987029962,0.9722640672498272
0.032163995599721246,0.24724859991664547
0.03413072708647358,0.19023203100861077
0.04700410463793164,0.023326440583021035
0.014251201057777663,0.9872020859951466
0.019434305500300786,0.8444271644438444
0.032952480802880935,0.22299644774789104
0.028219056413727683,0.39922660516517156
0.027276565549159804,0.4435358800200056
0.028333282828164996,0.3940712482032973
0.022120179679912103,0.7120649040324999
0.02667622812203746,0.47341173183234747
0.01763842874758137,0.9147946354385602
0.020054309020617334,0.816069435692235
0.03979816038949807,0.08195429554970024
0.02716853262663732,0.4488172330780778
0.03351497437515538,0.2068482343773814
0.04516643571057033,0.03277997549794345
0.03356205980250271,0.2055389348065742
0.03197547261882977,0.25333413512120395
0.024434609897997783,0.5891433031848756
0.023978907237905744,0.6132471234442172
0.029943156501040458,0.3262921513678333
0.027933914147574262,0.41229811960246915
0.017707342875214638,0.9124709699930947
0.03946044910663227,0.08648281501044595
0.020768264716660934,0.781483794549358
0.035400141173030863,0.15930407392405888
0.03368237016185016,0.20222283959454335
0.021174353979140137,0.7610738233035075
0.03854927860556412,0.09976115921571405
0.020146690783151344,0.8117011698680943
0.03730186648343481,0.12065387137936856
0.017612967695349813,0.9156448448900011
0.016800213938369835,0.940368342513713
0.03870861284279592,0.09732365146259923
0.02107115178541069,0.7663041113167103
0.018954846506782808,0.8650698125930615
0.03873390186908948,0.0969413855145709
0.02261539422562145,0.6858700966227258
0.024221539913322987,0.6003900087495564
0.017376772972560017,0.9233162588000167
0.03181634378742082,0.25855860792309976
0.02818297978596307,0.4008644658284627
0.02070266162879275,0.7847354383230658
0.023213074166827163,0.6540356248839688
0.028419555360427784,0.3902081920971526
0.017118470245341744,0.9312528573817561
0.019268692371974594,0.8516934164451331
0.033151749781735296,0.21716792156509518
0.027107354625837687,0.45182649223471205
0.02695550353675158,0.4593535723608703
0.0185321874357387,0.8822108180521699
0.02928607783139381,0.35286343152215677
0.0404483511263829,0.07379751292812999
0.03605759510543072,0.1449491809895073
0.023741857717779924,0.6258482558815663
0.023412077684644816,0.6434209222971226
0.02158764870065666,0.7398716861853492
0.042083665065128284,0.05626975056939732
0.025098166169053082,0.5544689700015923
0.024464832144317827,0.5875518736528436
0.023645399838624237,0.6309842347866311
0.03126065485477536,0.2774417392561985
0.027805082230100142,0.41829892592854373
0.040290573637973726,0.07571079429240869
0.02101718115796991,0.769028059608393
0.027129220159700984,0.45074942316130073
0.026654573852959024,0.47451338146882593
0.03761237331622702,0.11514326837324715
0.022903786690602668,0.6705260117560361
0.020762790875955395,0.78175562354414
0.03980177040133498,0.08190698874780936
0.02812377995880333,0.4035621243797217
0.020488280456282953,0.7952634243645622
0.020941169217862765,0.7728507837533487
0.03517285526263192,0.1645241890379178
0.027566466075944485,0.42956957046872246
0.033080182571390115,0.21924749966231627
0.023344818538206302,0.647008175158815
0.02442344292530796,0.5897315817839031
0.03194864243377965,0.25420936495963137
0.027033053604679225,0.45549922259806336
0.02242051591371741,0.6962070420198261
0.037163382609200324,0.12318051943392842
0.026934351793914346,0.460408569905851
0.02875814600823523,0.3753013912142812
0.018301877279221224,0.8911004753927558
0.03111110207247947,0.2826955165365555
0.040073131949506124,0.07841632108915822
0.0439733051358685,0.04058774303139807
0.021674487899024708,0.735370517296992
0.022485060848211752,0.6927868910300097
0.029679833936321093,0.33676131373008644
0.022735611464905214,0.6794794454520254
0.04138809903433327,0.06323171235521519
0.020169520221237747,0.810616416762866
0.0322136769708212,0.24566354361433826
0.020199355802801244,0.8091956709600002
0.02622109612515594,0.4969174262715304
0.03380786947974579,0.19880843797454892
0.020107897136295128,0.8135397158624655
0.03411766276698269,0.19057332443282646
0.02611978151675559,0.5025086268437281
0.0181198746865375,0.8978891796461437
0.019488215048583335,0.8420323172859479
0.031888524966171894,0.2561787748668192
0.01870044918728886,0.8755119296825762
0.022515220872296515,0.691187502756246
0.03272919613917791,0.22967007055918487
0.01690200129348246,0.937533293627438
0.03498285579892291,0.16899213277494238
0.01762218781719943,0.9153374799191627
0.021282559624445446,0.7555609144100776
0.023000199966523582,0.6653878984005536
0.028762104757676543,0.375129496130088
0.01909670751775444,0.85908914872055
0.033124494688370754,0.21795808308352552
0.01260727575830356,0.9973237636240804
0.02310683104564215,0.6597023202731582
0.021420655181169646,0.7484846628046562
0.04633829296677433,0.026427946483601097
0.02058357488190965,0.790602634687101
0.031891433137348324,0.2560832401045253
0.029613225390448306,0.3394474094090578
0.02821805671656613,0.3992719286604898
0.027439335376331336,0.43565731505717575
0.040520608668728086,0.07293507217935513
0.021759690041860735,0.7309404707975476
0.03912590918801229,0.0911743879584089
0.0286260652801803,0.38106821496371485
0.020314348720961772,0.8036876815637475
0.030034413085909373,0.3227195329800775
0.027901382643829686,0.4138078119740218
0.03944127490543359,0.08674612083931724
0.01729645799012325,0.9258351369945846
0.021160832697140586,0.7617606552126123
0.0287680345646866,0.3748721179245496
0.041317072711439584,0.06398240924745346
0.02686919853450015,0.4636682887370144
0.013167695306780858,0.9951082309302743
0.01979604509179378,0.828092318455387
0.043772953798115743,0.04204676200521082
0.025953784716506334,0.5108112688398463
0.038689267372585046,0.09761692372150316
0.03451865104868096,0.18031550501312624
0.025909339072232362,0.5130442394217074
0.02742487149202094,0.4363535831806843
0.027105390823593256,0.45192331023082655
0.026546721463511502,0.4800251954617858
0.028006057896892367,0.4089635781877746
0.018347070639383234,0.8893820904964209
0.04437924280975539,0.03776630979048432
0.02804050007112724,0.407378164407329
0.02359227250828555,0.6338146451503393
0.01778377128575248,0.9098558393522587
0.03079127935017223,0.29417870729439505
0.032352251492018286,0.2412832915615374
0.02507786063850287,0.5555207502980437
0.02138104608936109,0.7505187635065882
0.020578008000149417,0.7908757580486521
0.032981801663557464,0.22213132650474626
0.023931532212457418,0.6157627370144632
0.05036640540303561,0.012085631157496685
0.03331630088366078,0.2124444239544537
0.019496068818380285,0.8416822381819556
0.025828838997368264,0.5170990303558479
0.045376232624531276,0.031552737652426284
0.015971917564442717,0.9606051400348543
0.05186724333851889,0.00888045872115248
0.030441042906434568,0.30714533101487
0.03169414799825809,0.26262544735615817
0.030270697636335747,0.31360131093277416
0.025709575865501266,0.5231304874732208
0.039283877380108245,0.08893312077152926
0.03163251490427324,0.26469488008183345
0.017147991467899748,0.9303700297739249
0.03991976911367512,0.08037332567013959
0.026229231998790598,0.4964907790600716
0.030024274156717268,0.32311505605537827
0.03627309360671582,0.1404784172174567
0.013946363033019327,0.9900013183609354
0.035820396922401576,0.15000253277252956
0.02483311837605867,0.5682471249771228
0.03433682865825011,0.18491125876565054
0.031044255014899935,0.2850676534053615
0.020216704143571906,0.8083679598528075
0.025845889090198915,0.5162391056177538
0.023372735869368833,0.6455191426880795
0.02154442597112978,0.7421065352524836
0.029651731101154488,0.33789273539759884
0.02513828515667338,0.5523928250886871
0.025586739777239464,0.5293719067243752
0.024881653847901586,0.5657163327815
0.01964656868073461,0.8349165400858318
0.026960140177116343,0.4591225213643769
0.02554975844404106,0.5312566210722174
0.03313673838862319,0.2176028469235117
0.02090998213572748,0.7744144670910509
0.024902297404628126,0.5646409313820053
0.03656959371994575,0.1345107816729777
0.01835395102433668,0.8891193523561272
0.032828806749462536,0.22667413415372586
0.031577406944064745,0.26655559176046073
0.021490126013263944,0.744908712016777
0.014083659148480976,0.9888021373229486
0.029082501570284358,0.3614000603737817
0.04008434211858114,0.07827486609462923
0.03157759173279069,0.2665493360090194
0.024717545655771223,0.5742865496647807
0.0350634737907769,0.16708467522299586
0.043611053921485565,0.04325890726860454
0.020333787646395818,0.8027516459932119
0.028750248306856463,0.3756444866854929
0.021026897177239323,0.7685382694306178
0.03419981524511445,0.1884351608442647
0.026050746539401343,0.5059543464690575
0.02103570835857832,0.7680938686817448
0.02861079075774181,0.381739092015052
0.02770462894363701,0.4230189288209647
0.02836503550090802,0.39264638038440147
0.035754288505545934,0.15143598052865706
0.03214131807458254,0.24797469444827727
0.02430140788883764,0.5961689563457633
0.031141297319287053,0.281628836617629
0.02969790945717432,0.3360350335863819
0.02167143233998714,0.7355291419898362
0.027946988339621615,0.41169244576909836
0.029465305585948398,0.34546743274368386
0.030427477157874527,0.307655867298885
0.016412354923947214,0.9504733505395165
0.024676171081587484,0.5764529590882591
0.028930229503812743,0.3678801654994528
0.029773960668538435,0.3329916193660243
0.03162700988780759,0.2648803154723484
0.02035307862818636,0.8018213487161151
0.02820815769963536,0.39972091412456295
0.036174481371391454,0.14251015718990806
0.02585017262312289,0.5160231581678079
0.020002879672347817,0.818486178720592
0.025282080317510003,0.5449731041759607
0.041523129976542505,0.061825289196873044
0.02557740306458367,0.5298474986554893
0.02553470801701374,0.5320243861604461
0.01772929187221875,0.911724033795314
0.01988694037635841,0.8238935810834082
0.023537418415203404,0.6367380489854577
0.023651256300100898,0.6306722906989601
0.02838317792804651,0.39183386202364945
0.014984910240969151,0.9782553952947304
0.03941068699745759,0.08716755772088365
0.03352739406086419,0.20650225185322452
0.022810461339230925,0.6754962028142053
0.022266055779000704,0.7043752182963161
0.0231765663859278,0.6559829655978651
0.03329810608092221,0.212962754744936
0.03498046668158061,0.1690489242139322
0.02302651575987824,0.6639849771879294
0.03601176952303414,0.14591457928265839
0.01988154297628908,0.8241439136731269
0.029073971881530714,0.36176090176700587
0.028629441905955455,0.380920020310515
0.019290231158800464,0.850756295584201
0.030705664464007576,0.2973104103107853
0.04057947816200014,0.0722387652012587
0.032027906909160575,0.25163026691321194
0.016905709693338572,0.9374285738146984
0.028723093290547175,0.37682584406718
0.026655046614941114,0.4744893121077997
0.021322856149549207,0.7535006123792406
0.03485379838492858,0.17208179802477244
0.04463839089787247,0.03605611394676419
0.02518751776359207,0.5498486053377936
0.029947310338616973,0.3261289124961789
0.021872667321997108,0.7250466785618622
0.0369007309176671,0.12809183120724596
0.030473579442188092,0.30592337542200726
0.015870967553912152,0.9627273997254719
0.019198473386099923,0.8547318261822769
0.017741202638655237,0.911317323367611
0.024263455612044682,0.5981739947135865
0.02253453104784442,0.6901630867103525
0.03512934501487963,0.1655389272054456
0.031110619594219346,0.2827125849801283
0.03615759380777017,0.14286047432198132
0.02825391674226485,0.3976483531964357
0.01733384043832295,0.9246684385318337
0.021676588249249118,0.7352614706719465
0.027359738418689883,0.4394982377866279
0.029040865691778883,0.36316384570347915
0.033437067985144564,0.20902883471539374
0.015168524564349584,0.9754823082016586
0.02559007201634189,0.5292022097074035
0.03214109137182203,0.2479819612486136
0.029581186485702737,0.3407448940326143
0.03783450451123449,0.11132979463935794
0.0505590982770886,0.01162267330402155
0.023942623550096576,0.6151736511617583
0.018368653930722123,0.8885569059106342
0.02585786883949391,0.5156352601907982
0.02578130282312574,0.5194996437832408
0.019578210107467298,0.8380029565532936
0.01569532919755412,0.9662440913274328
0.017371672701901097,0.9234775790419836
0.019811240184270718,0.8273929453187671
0.03413152960427557,0.19021108166151202
0.03676132618157546,0.13076292993720434
0.030308985726039683,0.3121416534215304
0.02472425900230968,0.5739352432179319
0.029349460860759846,0.3502350964535002
0.028048195062232217,0.4070245315591171
0.02170283452933991,0.7338981165437857
0.025434510885097072,0.5371464035265612
0.032218684139245446,0.2455042228582132
0.032624651319896114,0.23284705587980592
0.02856241665209147,0.3838691834370723
0.024486548661310392,0.5864089623584393
0.015871414665382222,0.9627181633037809
0.026467452270574565,0.4841026673721282
0.021488056080395668,0.7450154098444743
0.021359357895926745,0.7516310492252716
0.02559359424937746,0.5290228600244327
0.032872755990983715,0.2253619040107789
0.05163504244474071,0.009319618209871686
0.03170493079378123,0.2622646536654645
0.02684540795126089,0.4648623434179388
0.02876385499038281,0.3750535158914567
0.026741560221819782,0.47009812291847464
0.045740625044168315,0.029516983824427558
0.0268418202350037,0.4650425869009197
0.022401407240848936,0.6972188507211431
0.01883015474504851,0.8702342438853016
0.03302332316057782,0.22091065899641993
0.0250644693397557,0.5562147440882317
0.034693705930496144,0.1759767455129874
0.03484528029893608,0.17228729465878176
0.023314346729351842,0.648633535762152
0.023322605072456204,0.6481930306636019
0.02277165517920665,0.6775616967390622
0.018903801087677197,0.8671945912846735
0.02624710464074481,0.4955543580863968
0.0265245302154985,0.48116442122825237
0.03163872203506812,0.26448591131531146
0.04204742611611878,0.05661547667898051
0.03555847554746039,0.15574672953710778
0.024470944880437995,0.5872301149967507
0.01627346473326674,0.953822302765213
0.024303497768738525,0.5960585875214024
0.03217511371066867,0.24689320885401
0.0279333258511707,0.41232538727410345
0.021168666381455314,0.7613627893797409
0.020222249703200745,0.8081031280444151
0.03840353399731733,0.1020351038652684
0.01949104767594001,0.8419060885342964
0.023714916578126077,0.6272823446423845
0.05376170588997187,0.005941482121431146
0.02812420991678899,0.40354248686970007
0.03587942447306369,0.14873189125626682
0.02185005020689701,0.7262282777577012
0.029348203655173544,0.35028709358986815
0.024089933584507284,0.6073579516792265
0.023749512218601776,0.625440866382738
0.02826662533751345,0.39707406225143976
0.03950130399205837,0.08592402399482293
0.03453829273430459,0.17982450256549012
0.02131851122558892,0.753722946297783
0.015043238322522634,0.9773987801383329
0.03426098577276371,0.18685540515115362
0.03656744924095434,0.13455319016954903
0.017906836187255082,0.9055616447278783
0.02939708620184467,0.3482693968678751
0.030138310639170718,0.3186866909300127
0.018202397464105013,0.8948373990918654
0.022218925894355923,0.7068624131093545
0.030100974734644015,0.3201316636664944
0.019071702142835434,0.8601513172159696
0.02259440914060734,0.686984654901251
0.024584831861063194,0.581243244494628
0.021433289076108086,0.7478351239339056
0.02365034974179775,0.6307205775940633
0.025792016105171622,0.5189582162064996
0.028741321290583932,0.37603256270775165
0.016075742658450298,0.9583449717656576
0.017846473891698328,0.9076806826408254
0.016418996043961576,0.950309656083677
0.02901927769161905,0.3640807510807733
0.028555336368939477,0.3841816482059207
0.0182511814783497,0.8930127203787741
0.01945707634649807,0.8434173475779206
0.03325227565904937,0.21427271737821152
0.032738205733036985,0.2293978476619046
0.025798964677453462,0.5186071730916372
0.024364165610810673,0.5928565539769179
0.02875581699831753,0.37540254625728825
0.020688104170980548,0.7854551355047793
0.017711487491129496,0.9123301793843273
0.016092434953216883,0.9579742422304587
0.037995733405191356,0.10862776616171738
0.017050845069352172,0.9332514285079058
0.04435919897652185,0.03790149124746457
0.027974617605984298,0.4104144963088108
0.016718985097332495,0.9425762846136599
0.019788615119090358,0.8284339178722966
0.026636589507385344,0.4754295957608776
0.03399230387985619,0.1938727606646209
0.02348274615604956,0.6396526121861466
0.018880222409598746,0.8681711161068995
0.01709266534748788,0.9320193920253504
0.01924676183319529,0.8526451187877674
0.018347871867818055,0.8893515096123613
0.04181902627949563,0.05883674137332788
0.02734174955003954,0.4403694175684421
0.01994284048267847,0.8212935397788362
0.031407424801676354,0.2723569474409182
0.026238438269585607,0.496008283224262
0.019506722364702855,0.8412068804244762
0.01576491401596558,0.96487741539553
0.028856503952818413,0.37104688067210045
0.032624483994172615,0.23285216759211688
0.025042471040582548,0.5573553965208945
0.0236129558467697,0.6327125987483977
0.016343670343446748,0.9521472575091613
0.03078972752293002,0.2942352537622134
0.024353983607123153,0.59339369718418
0.031065749963121475,0.28430327465436633
0.014465545527925158,0.984925006180158
0.038148782678703363,0.10611329192111629
0.026914481570617488,0.4614011027648858
0.02009788331304041,0.8140133203248072
0.016144513655806103,0.9568044701640142
0.01898986814669512,0.8636036269618744
0.030726678821887177,0.2965394593438767
0.020448734661802193,0.7971883414824164
0.02125523798667983,0.7569556229212239
0.030721204046696537,0.2967401694611749
0.026192149372712192,0.49843730518882573
0.032816735163849864,0.22703559408043672
0.038614259936090495,0.0987609965083771
0.022009729898294833,0.7178688848255153
0.015066448056370696,0.9770516584458261
0.021405355010036153,0.7492708090639779
0.01874840388509047,0.8735720439168982
0.02251091464732763,0.6914159088518065
0.026990015994306504,0.45763560291208466
0.02319008151683155,0.6552620731779157
0.017890307113880066,0.906144337083483
0.04102352227470768,0.06716633303026584
0.025759173178500516,0.5206187608178727
0.027738250453879232,0.4214351487057286
0.02178722188256177,0.7295061924019606
0.02763598415716595,0.42626503667831883
0.02785502830004083,0.41596549270828703
0.028108103106264937,0.4042785833597079
0.023946990267010748,0.6149417474867238
0.015195404649209321,0.9750573835617714
0.04177141218661584,0.05930910807568759
0.02774197894472258,0.4212597620647419
0.01897970976683251,0.86402960885997
0.04128719428854832,0.06430047112791486
0.027657361982881046,0.4252523099310859
0.030504671094435054,0.30475902011032896
0.029956742431077488,0.3257584666541108
0.018023199568087622,0.9014079888394049
0.02708477700235662,0.4529404291049767
0.018734741916893838,0.8741260728833304
0.03301635364691599,0.2211151890188721
0.028779649303520005,0.37436834897453397
0.03504056589325488,0.16762492975018548
0.025535460493838702,0.5319859901199571
0.041333897850812096,0.06380389466442972
0.03442937510903743,0.18256061764723713
0.03901876915603214,0.09272128348122599
0.021590264805420867,0.7397362992059057
0.015419559323723575,0.9713214983106397
0.046445342384825894,0.02590590788723981
0.025953864642608127,0.5108072570436014
0.03039479715299631,0.3088883062495654
0.04553099653240322,0.030673499080027436
0.02021138194218175,0.8086220130412411
0.046367977252848636,0.02628226358908993
0.029930691155680256,0.32678237373869157
0.02241305995655829,0.696601877872251
0.02475035654498503,0.5725701362857427
0.014224533249003857,0.9874670972696324
0.03505033303392763,0.16739441351195047
0.027087526504834952,0.45280467658420825
0.03301686778918245,0.22110009580479537
0.025961311146784793,0.5104335475592909
0.038397479374722376,0.10213049484109568
0.017670430171023488,0.9137196711345563
0.01793235046008479,0.9046586107698538
0.03544686625041196,0.1582475723133307
0.024718440781297424,0.5742397047219914
0.024666994132593434,0.5769337711710409
0.04720427503038033,0.02245940544931782
0.01935951615986166,0.8477257037461204
0.017760087646062073,0.9106704804408036
0.025505095479745277,0.5335362382283495
0.019470410538246108,0.8428248323849847
0.02437621214021979,0.5922211875861516
0.02282400683478991,0.6747750560272936
0.021403696600843736,0.7493559894088196
0.03279478298009264,0.22769404634844886
0.04302694307164018,0.047888127614155625
0.028307753227002574,0.39521945432449834
0.0216394607296444,0.7371878414894686
0.022084155457003485,0.7139597556114121
0.01995499331147399,0.8207265162677607
0.022798598740541354,0.6761276811443766
0.028951371757883648,0.3669755707372758
0.018043459982654594,0.9006756185973424
0.026888251986445066,0.46271344790318836
0.037676527357440426,0.11403098696562192
0.01893762038451985,0.8657884843347653
0.02546426380922806,0.5356235322299152
0.02234994657075684,0.6999419383688461
0.02870475939571626,0.3776249153820767
0.01814136008449617,0.89709886654524
0.024198025057687755,0.6016339069496193
0.018275613142253344,0.892093193624825
0.027176355361839377,0.44843340738598686
0.029043281146167832,0.3630613559121061
0.03015123679799525,0.31818753077202616
0.031114354782070475,0.28258046672372744
0.024736161381387456,0.5733125430373212
0.025715112734394086,0.5228498456925212
0.03260036168462632,0.23358999276543707
0.03202706684907597,0.2516574962252792
0.021187656724282244,0.7603976387779537
0.049838646536770614,0.013439965478518227
0.02184068674533257,0.7267172130900887
0.027176098443513097,0.44844600971842535
0.032459700767212385,0.2379281240577758
0.020281656303690165,0.8052587186744762
0.03323668095206617,0.21471988107859127
0.045229466725119294,0.03240693398161304
0.030491378686025805,0.30525641053451436
0.01603983517587626,0.9591355514310262
0.02978278482480834,0.3326397853214295
0.02028031429021171,0.805323123219039
0.02377036150323053,0.6243313677360958
0.0272921694130136,0.44277650547823105
0.02254306779787446,0.6897101113096137
0.026786054989047736,0.4678500832150999
0.020105697302513714,0.8136437917953637
0.02858749731020338,0.38276375706709015
0.025450563074595922,0.5363245900066749
0.022031757491069004,0.7167127160079703
0.018022057099568167,0.901449206092872
0.03648458010101019,0.136200342328268
0.033717880650309784,0.20125210463789492
0.02000662169852288,0.8183107051333482
0.02397394953429499,0.6135103054740918
0.03778533041631993,0.11216487558589704
0.02557261291671903,0.5300915624659991
0.01680825751778181,0.9401470688715282
0.023802275004751072,0.622633515725461
0.025851407329124387,0.5159609194179293
0.03166841797608805,0.26348788802122547
0.014059803483259192,0.9890176045345798
0.019855025160351203,0.825371975269512
0.017168822285759666,0.9297433048443449
0.018027972525668873,0.901235700070045
0.020421925567245452,0.7984901410265274
0.016225755517711993,0.954939892357087
0.0390315280873369,0.09253592439249364
0.021891228657853756,0.7240763495089348
0.02488617730114806,0.5654806364174157
0.019803376235877024,0.8277550215756938
0.015596696595429144,0.9681219415347181
0.02436532024012472,0.592795649202196
0.0280261491441523,0.40803824165070207
0.023906774083790328,0.6170779868505595
0.025530844714472978,0.5322215324829398
0.04142038810467469,0.06289293816782106
0.018942723076122492,0.8655757732435522
0.03042647341082083,0.3076936672222113
0.02756348412863141,0.42971170262001773
0.026463432612465754,0.4843100274177492
0.028370040144499398,0.39242212824208705
0.027384490645425807,0.43830140491646374
0.016078583715217976,0.9582820170567514
0.040062869706774945,0.07854600414623643
0.01926972242970651,0.8516486546275316
0.014541949963433609,0.9840483832927147
0.0269865078615546,0.45781003749323945
0.03295637255287909,0.2228814709638237
0.022022138669551827,0.7172176671466234
0.037739472346882075,0.11294830082303889
0.01986609152428176,0.8248598556393615
0.03382869020429813,0.19824637060487071
0.028157587626411518,0.4020200284646764
0.026907525452372738,0.4617488991347175
0.01736656342527637,0.9236389991544198
0.025797784860490447,0.5186667707875805
0.037584529969316716,0.11562878367451584
0.026657707961286192,0.4743538319236046
0.020211993189078736,0.80859284099406
0.021003700297243466,0.7697072062877915
0.022305256954539332,0.7023045396584602
0.015992128681233564,0.9601713339116222
0.024262822161818548,0.5982074719377988
0.03328117659483251,0.2134459209371796
0.01640051498642947,0.950764381907633
0.03768914429874254,0.11381328540908077
0.02595953286319702,0.5105227816993199
0.020173157697946198,0.8104433900546707
0.03444436968987774,0.18218199625340983
0.047909881160804746,0.019627007934404573
0.030508646762655245,0.30461036968878386
0.06022849538802616,0.0013519136013690823
0.024227209628223556,0.6000901650387699
0.01898031802452449,0.8640041182261856
0.04934658323855967,0.014824148769457252
0.02808804142149879,0.40519671082205044
0.015693442727919227,0.9662806589677914
0.021556526177591295,0.7414812693621591
0.027235318677042653,0.44554737817314777
0.021282889523667192,0.7555440628145399
0.03004298244060316,0.32238551362521917
0.020541623366237105,0.7926582868891787
0.032076394589223234,0.2500623950009257
0.020095800495849803,0.8141117764735065
0.020597744458638878,0.7899069751891241
0.021897392475749067,0.723754002485675
0.014485800783516245,0.9846959967707529
0.02009898565639534,0.8139612047325635
0.017466219623868517,0.9204571794894403
0.0337070085454938,0.2015489228336982
0.023609626339562595,0.632889990915095
0.050434670643899726,0.011919750163867811
0.02280596458057893,0.6757355856118116
0.018079983328205318,0.8993485681116499
0.036610742183893374,0.13369915028132226
0.026737462124562406,0.47030552892436717
0.05417072174714693,0.005437384719653954
0.031430973003238716,0.2715476681731873
0.03255664472689923,0.23493172406288057
0.03519289675069692,0.16405846129215987
0.020677665038475346,0.7859708103534072
0.025132641856997373,0.5526847081646358
0.024483495779724196,0.5865695993762381
0.028290580322328007,0.3959931142182715
0.03677513671153186,0.13049629636034216
0.03047843729304278,0.30574123834855177
0.039078154764046025,0.0918611779683865
0.03313163523015539,0.21775085436355768
0.015901399192754295,0.9620954349285064
0.030571373117703415,0.30227206982833327
0.04042644353036895,0.07406069735656028
0.029386830398782524,0.34869203062258836
0.0368442053982484,0.1291694742137335
0.024152445761418867,0.6040463749443518
0.023432261915134242,0.6423445264244017
0.04141932263979964,0.06290409211752587
0.032088527100274655,0.2496712472981097
0.014975206551192638,0.9783957321845028
0.038909462616857515,0.0943220374779958
0.03069446988505342,0.2977217073586227
0.016392115711948443,0.9509702133757393
0.0243426898298284,0.5939896152702258
0.03047591586490883,0.305835765188964
0.034859826124449655,0.17193649827655658
0.025671552881829596,0.525059346395609
0.03268372865344987,0.23104765128452528
0.041612949840460156,0.06090466765686298
0.029411811098834728,0.34766323474764577
0.026198421743429345,0.49810771568289747
0.02347351963424893,0.6401445476819778
0.03039767100590207,0.3087797818269373
0.018946521710188846,0.8654173287774083
0.019993165375128963,0.8189414352107975
0.037257814986364046,0.12145293406723243
0.034580150752503425,0.17878167103942247
0.02452731005133113,0.5842651928303921
0.019916953479885424,0.8224992707845691
0.035071218225347145,0.16690234703822993
0.02262560515931067,0.6853276608921623
0.027634532979867288,0.4263338420418444
0.02713511738703389,0.4504592253175757
0.013724125753289573,0.9917399550666934
0.021950320874875917,0.7209835776909164
0.02762123541849304,0.4269646754539232
0.025315543803453494,0.5432514084336268
0.02436228160670184,0.5929559350135928
0.04807413103313679,0.019015240888696123
0.020896890316451033,0.7750700358341851
0.01368047674355255,0.9920533375197735
0.022287794787414106,0.7032271322505566
0.025407331063732885,0.5385389703403873
0.019344852281472147,0.8483691520764313
0.02517286389660095,0.5506054676500106
0.05034301863475654,0.012142936855363422
0.037937668540340086,0.1095945476977208
0.029418062537992062,0.347406117215199
0.03400696412037113,0.19348460236191195
0.017925730402820354,0.904893334332197
0.024619279204158184,0.5794354361874754
0.021283656255212557,0.7555048963628653
0.03739455012463891,0.11898676055757658
0.030852756639518142,0.29194501515739
0.022096535009181628,0.7133087933310536
0.03392508935400329,0.19566023263443533
0.027401022990878987,0.4375032423945079
0.03515840826541844,0.16486056627463583
0.01707216338434081,0.932624968503714
0.026700627202510915,0.47217244361981237
0.019156872161173316,0.8565197292324084
0.03056118018314863,0.3026511392970435
0.029233183011706743,0.35506756743080936
0.022338319411903618,0.7005568309678641
0.03810100617778439,0.1068929849613239
0.03415457545970557,0.18961025521384
0.02244930502417289,0.6946820083240015
0.01847446075265813,0.8844697428286222
0.03065949166298515,0.2990095360664596
0.033082367403284074,0.21918378629622312
0.027070847117958152,0.45362861077311895
0.03465545516515878,0.17691764814902056
0.02432796280891336,0.5947668833264989
0.020690115083668914,0.7853557596701473
0.03185865365444662,0.2571616225454264
0.025387070052457328,0.5395779097669615
0.04042297949154483,0.07410238499739695
0.05470303665327603,0.004839952567272201
0.021338600005918584,0.7526946149074254
0.03320391658912469,0.21566172664199298
0.024321841424446156,0.5950900241141303
0.0201104426619102,0.8134192606579422
0.01453784922952861,0.9840963197963886
0.027500968479770793,0.4326987666257456
0.025501356439416922,0.5337272484920734
0.020043383234931045,0.8165837684534674
0.04030206593098218,0.07557002849448324
0.03359675649077837,0.20457827163505257
0.023142224357308394,0.6578146816960402
0.028398163355898398,0.39116361098000957
0.01616505779961952,0.9563375427422249
0.021950362323890082,0.7209814064401002
0.03781796117462033,0.11161016016801788
0.02842995066955567,0.38974449743242484
0.021354280315032503,0.7518912993561202
0.015037252893915554,0.9774877177732394
0.03029762440460715,0.31257426239624814
0.028292976575514994,0.39588509735467153
0.030890910365387436,0.2905650783915605
0.02166867704523845,0.7356721638963519
0.025528217618755344,0.53235561042774
0.029947104059397822,0.3261370175288683
0.03921649767694618,0.08988339124507394
0.0311713697871141,0.2805694762416652
0.04417591469575935,0.03915734962459736
0.03351751177756296,0.20677751175694573
0.017994836682359516,0.9024286989903862
0.027785080384052807,0.4192358857962448
0.0219012940210096,0.7235499336092991
0.023682050585829728,0.6290322622456882
0.04595492794901518,0.028374572499413327
0.03431827110946928,0.1853854778625089
0.02407866215636839,0.6079553930938697
0.025764141019558817,0.5203674470376712
0.02996275465293141,0.3255224954896889
0.021070657511865543,0.7663290935526554
0.03756883517194254,0.11590320299778437
0.016158412999188188,0.9564889048204177
0.04742593904199782,0.021532786020489077
0.03520945530120195,0.16367446677222378
0.019813730300407173,0.8272782367889457
0.017109632930533247,0.9315159119131923
0.028354468476198297,0.39312016778167275
0.03422265006617836,0.18784421462680911
0.018205419989676452,0.8947247896375701
0.024735241036507705,0.5733606863002594
0.027191926031981173,0.44767007635533124
0.0338287798228214,0.19824395399544323
0.04968636080393163,0.013855380898013948
0.01960141881758476,0.8369575438400221
0.024932836578316353,0.5630511633043992
0.038925981452263114,0.09407865314749418
0.02545243038005307,0.53622902109939
0.019831534347202695,0.8264572842288881
0.01762328353328224,0.9153009136202936
0.03132849472883992,0.27508270797880524
0.018288966545293828,0.8915890143358812
0.03841455769372848,0.10186161511052717
0.02367891939394212,0.6291990039590667
0.028565548228236204,0.38373103823737265
0.020078758021356502,0.8149167256985278
0.013569636887790226,0.9928095062968124
0.021711619205164068,0.733441515901079
0.019330364629119356,0.8490037976178947
0.015783752804961054,0.9645014270040312
0.01272721919146759,0.9969334539763652
0.017959680887409124,0.903686478070825
0.02271387849185158,0.6806354200599747
0.017098373258332078,0.9318502532626411
0.017130742431193502,0.9308866235630469
0.029415815526773914,0.3474985196526955
0.047274928017890405,0.022160280363014734
0.030964392877326885,0.28792099925300635
0.023924009173391103,0.6161623486397183
0.048160399791649655,0.018700788543937967
0.03980520786248265,0.08186196451468152
0.02033378113971901,0.8027519595419315
0.036094201051574515,0.14418173044133537
0.03491304727399036,0.17065782714445688
0.041443059739082855,0.0626559980355693
0.03292798735152813,0.22372112660659532
0.016351607366630078,0.9519556020827531
0.03642768272155761,0.1373407378562144
0.022292127117679528,0.7029982697512556
0.02220803643927327,0.7074367159295186
0.016784891119676446,0.9407885502941873
0.024917709142267763,0.5638384773473637
0.012662454517946564,0.9971493577613503
0.024918973711526682,0.5637726494606377
0.025673639178489915,0.5249534378561487
0.02465776803722819,0.5774172663033008
0.03266665714924169,0.23156652220929805
0.02275053587720488,0.6786854610254317
0.021490815784322215,0.7448731547072625
0.024218654978846427,0.6005425902134172
0.015040993963364668,0.9774321569414302
0.028121856999832495,0.4036499598982751
0.04561162388989404,0.030224042460500554
0.025014274493863287,0.5588185334716997
0.029562601493403617,0.34149916181650924
0.027787889218545248,0.41910422363423505
0.025610252067135963,0.5281749754691067
0.035863904475613384,0.14906513344604713
0.044677903220064374,0.03580140627954474
0.026722236331751636,0.4710766356118311
0.028341712277182185,0.39369263710950575
0.02512373962399972,0.553145254112371
0.020796020474314503,0.7801040278893834
0.02074270108792381,0.782752475186316
0.02348079962412075,0.6397563948900209
0.022835837143256155,0.6741451532975289
0.015674484847117198,0.966646728124171
0.02176827349715932,0.7304934554673459
0.040969580307997355,0.06776585984660131
0.01696501758635549,0.9357401656168403
0.012988599022729419,0.99592986903021
0.028845162653096668,0.37153571648082373
0.037372861206553476,0.11937517341315303
0.020233811609318364,0.807550599720088
0.016390113856994737,0.9510191937960264
0.046865105150473374,0.02394586558727248
0.020445512044466874,0.7973449611327414
0.02325750324843745,0.6516656799196372
0.032814645282797095,0.2270982165117497
0.02571241087304288,0.5229867847102525
0.029784424390319475,0.33257444261164104
0.039822124841748296,0.08164068814277128
0.019141233548417347,0.8571894599665603
0.028776556967252898,0.37450242723524785
0.01164378433662272,0.9992395031070987
0.036011882574476406,0.14591219126713104
0.034597247245154894,0.17835711826366013
0.031022653827629476,0.28583734772982966
0.021790028000239214,0.7293599330429162
0.024726832902159823,0.5738005679077298
0.028508193129501924,0.3862666766215609
0.014997323071132163,0.9780749768472299
0.0313356176585724,0.27483589136508135
0.018884927077868374,0.8679765202618975
0.031122733742430797,0.28228425962562553
0.03840623996580583,0.10199249512305272
0.018818896254112594,0.8706962007850091
0.02102510313775513,0.7686287275377436
0.024637494651663316,0.5784800744142284
0.027923222187756724,0.4127938866514632
0.010157943704049044,0.9999499144026069
0.03695361921155371,0.12709020055823386
0.02672193038143611,0.47109213886375173
0.019598463799091914,0.8370907913477521
0.02349977394762265,0.6387447840456851
0.0491825942096088,0.01531312379722646
0.033083644503905774,0.21914655053253373
0.02645650733656446,0.48466741290892984
0.02870471335635627,0.37762692347042925
0.023495610849041726,0.6389667311363909
0.02976772095320096,0.3332405692560073
0.023884233430294666,0.6182757745256351
0.038721846613894106,0.09712345474222253
0.03407055932888814,0.19180786178387735
0.03237664833699794,0.24051833341861292
0.01221345636720017,0.9983388378071075
0.035890370395778026,0.14849722458039238
0.032158246733072327,0.2474325153319638
0.018403815592697548,0.8872063581629461
0.03848930101203174,0.100691781239009
0.02045469985477974,0.796898335083267
0.029870516150344834,0.329156364113415
0.02539836620871705,0.538998577862208
0.01670162278844531,0.9430419345859092
0.037622003944701055,0.11497572717130648
0.01636440952745266,0.9516454895990076
0.028986479139601617,0.36547692853500746
0.03761936015585643,0.11502170035140458
0.02470286089050877,0.5750552027072426
0.025484178844518035,0.5346051034855523
0.018024941278756423,0.9013451359527095
0.016570034075756745,0.9464989639477297
0.02910736568339567,0.3603496582549571
0.03516946220510053,0.16460314207388485
0.027757314896925095,0.4205388864250712
0.03590258494073084,0.14823571334002117
0.027299814397816813,0.44240477345070117
0.017569430695978494,0.9170882374504488
0.02033777668100123,0.8025593897994576
0.024901712660231723,0.5646713844789404
0.026293448404186237,0.49313150025295205
0.026314623725264275,0.49202699017302637
0.05198054483410275,0.008673065117938285
0.0216767766113391,0.7352516908281028
0.025587264568903256,0.5293451798788131
0.032350967344560444,0.24132360714170015
0.017703305663323066,0.9126079988191216
0.016537627100379204,0.9473307663913694
0.032272250381387035,0.24380474353980394
0.01687551267282994,0.9382783707933239
0.02852980531379745,0.38530984794810014
0.021264593964714446,0.7564782241393301
0.03212552770667476,0.2484812309858655
0.027639203078802077,0.4261124432159708
0.03026879051548681,0.3136741461929075
0.03494828387202556,0.16981542245811926
0.016470308852235216,0.9490339008411671
0.0239939470310776,0.612448834743254
0.015030763438605987,0.9775838767261149
0.017407329046082998,0.9223459188167716
0.022584000712484675,0.6875373476263398
0.03546904131520623,0.15774814332080103
0.01665676816345052,0.94423465356768
0.028560335244671164,0.38396102105144664
0.026270664202983407,0.4943217083268774
0.015599984632972352,0.9680604571482333
0.023368312925863832,0.645755044545673
0.044791022721968526,0.035080897128786495
0.025212386497233674,0.5485649620851463
0.04645464976193597,0.025860953465679664
0.021335333551759872,0.7528618865398313
0.022175119405050625,0.709171870984076
0.032223834646720184,0.24534042336566006
0.018801714269672698,0.8713998080994325
0.01857659850569915,0.8804591778868656
0.028046853653909964,0.4070861624851817
0.0431606587703558,0.04679213499911463
0.033682989584640666,0.20220587539180065
0.02996056664756691,0.3256083572549912
0.022075549159050745,0.7144121847015716
0.03881002861389249,0.09579821966219093
0.030620675872169933,0.3004434554408271
0.030027837839222138,0.32297599552275563
0.029232593043268917,0.3550922065616283
0.03306755787178256,0.2196159377434603
0.024833397036480853,0.5682325852671835
0.030218856407155936,0.31558558655663843
0.021204042562849246,0.7595641257497663
0.037005227440964794,0.12611900085685704
0.03417277807673558,0.18913675379211684
0.026268605136429368,0.49442936128752235
0.0210200960806039,0.76888114393517
0.023971788022635,0.6136250557000871
0.024331781155957022,0.594565336229954
0.02772480804249111,0.42206788550378965
0.03248161464317867,0.23724825266789087
0.03676111913078334,0.13076693075403023
0.034134697185878,0.1901284111774054
0.017459007569757545,0.9206897979559554
0.026440574271230526,0.48549030178661884
0.029284336335763106,0.3529358445827243
0.027271670851988783,0.44377426349320553
0.030953624389714496,0.2883073555188529
0.02439908503736027,0.5910152269666931
0.044973921436137876,0.033942797087318816
0.032352853014035565,0.2412644086536495
0.030776010858532987,0.2947354195915228
0.017164920065323663,0.9298609467138662
0.041464640532376196,0.06243116803513901
0.018573671500637545,0.8805749898681948
0.02549801477567787,0.5338979804680579
0.02807258929108758,0.4059048563890552
0.014549205945148802,0.9839633146897813
0.019422075108031456,0.8449684864833786
0.022227067737941975,0.7064329259162265
0.033564889092049244,0.20546046742022764
0.024899467097933906,0.564788336460417
0.029103507691351782,0.3605125000279917
0.020212843140312797,0.8085522742605334
0.019165126378848152,0.8561657144488426
0.02670591649816123,0.471904067369837
0.049707518007474305,0.013796984468610421
0.02469423115021796,0.5755070451284048
0.023247267316725273,0.6522116903724093
0.02360501115020197,0.6331358891856973
0.023451621038022452,0.6413122007644794
0.035440670927868456,0.15838733059113413
0.02019970399114024,0.8091790699671659
0.03951379981130865,0.08575372050449473
0.025436762131978152,0.5370311198022009
0.019812017286088723,0.827357150660486
0.024017146014416846,0.6112177867814435
0.02152196560613298,0.7432663567290929
0.02724873143526324,0.44489260784599627
0.01951630330058851,0.8407789118764231
0.037219483396458614,0.12215177364372973
0.015947863262195217,0.9611175557604653
0.016217321295955517,0.9551357223138991
0.02161339641072968,0.7385386192108688
0.018926215358209264,0.8662633885464925
0.040996512119935935,0.06746596420125298
0.03094712258247878,0.28854081615659083
0.031324192032213705,0.275231880987332
0.02292297650531172,0.6695035871091503
0.020296236689207686,0.8045585533714286
0.013488012923176196,0.993331087797454
0.021742316570757314,0.7318448607522339
0.029347264881510182,0.350325924195035
0.04381246663321692,0.041755456148895344
0.021188577994019464,0.7603507936511233
0.027120709518621777,0.45116844389464794
0.032357280520661835,0.24112545560175094
0.021836517304289926,0.7269348836423668
0.017693636161533743,0.9129357407402637
0.01654820684526981,0.9470600631374859
0.02390249304198644,0.6173054526075106
0.03092660853681728,0.28927833371462214
0.02535955766443887,0.5409898493395967
0.01847602550567362,0.8844087803729396
0.032861672100967326,0.22569229176703032
0.023339358795554932,0.6472993914964165
0.02656441490839012,0.47911812836548756
0.025887674457995613,0.5141341726436242
0.02136512275490099,0.7513355012373137
0.034985173433465744,0.16893705508580148
0.03207543513369138,0.2500933473386678
0.022576971154174674,0.6879105751457399
0.02339868546714019,0.6441351461053684
0.023461166147891066,0.6408032344960473
0.012839308825559947,0.9965298911399012
0.02936580349641149,0.3495596771781576
0.022857228514472916,0.6730060126289095
0.0436054579448209,0.0433013420874987
0.01621503706146421,0.9551886687819009
0.0415229653899446,0.06182698702497417
0.046899006898364126,0.023793458651097683
0.034357553149899966,0.18438279870698815
0.01733811012944464,0.9245345491519705
0.023434461762581904,0.6422272159947306
0.02906401491047067,0.3621824454781028
0.026939934654377162,0.4601299552970597
0.03888455042422523,0.09469008291693026
0.017339781116346042,0.9244821148825572
0.02036518254973918,0.8012369433630555
0.03814623604548156,0.10615473257325296
0.020562835035854543,0.7916196462917104
0.022238465264034196,0.7058315691906538
0.03555245652913486,0.15588078296578695
0.019154615955613435,0.8566164325789948
0.024438995118988283,0.5889123258857295
0.026716906296841203,0.4713467692674337
0.0418383033578823,0.05864641866191014
0.021585337865257737,0.7399912637501874
0.03289363212948887,0.2247406421517098
0.03752730237388813,0.11663198366221438
0.023508328533362044,0.6382887272881101
0.0417383124955521,0.05963939461344995
0.025502431450146412,0.5336723285246858
0.02331752380599661,0.6484640680338296
0.022327446427781172,0.7011317129710832
0.022303608149751075,0.702391666405407
0.01734544500865065,0.9243042386474787
0.019515472796927447,0.8408160270458964
0.024545391284566898,0.5833148603071416
0.01674372846192848,0.941908848766906
0.04246593434311774,0.052732048069273285
0.036043944670710426,0.1452362098571161
0.016936225097034296,0.9365630502190818
0.020786559710169572,0.7805745985703063
0.02196347146162958,0.7202945716144962
0.03693512029388005,0.1274398128945654
0.032699464350354535,0.23057017230044255
0.031355488457413594,0.27414822395503696
0.03209652755753223,0.24941356986434435
0.016793508764359144,0.9405524348656326
0.030322182091751193,0.31163972019032343
0.027520233158100482,0.4317767932348799
0.02046474068220973,0.7964099016001478
0.029986812665965423,0.3245794918237781
0.020578315846649542,0.7908606571512335
0.02831203947997163,0.3950265166006216
0.02012337028136557,0.8128071192504889
0.017708646194247724,0.912426709573984
0.035005364108534665,0.16845783690794225
0.017581873943607218,0.9166770480537897
0.021436332966096372,0.7476785778393196
0.02397559990978637,0.6134226926091798
0.022600003005169955,0.6866875850527631
0.027642824863909593,0.42594079613437047
0.017318901957761534,0.9251358597823762
0.02237640184125697,0.6985423616283732
0.018387375508397863,0.8878387747325698
0.024560782823819016,0.5825061990485401
0.021606154746194983,0.7389136823974014
0.025442426324943646,0.5367411036055381
0.0197145106488103,0.8318273452369777
0.026106707432096976,0.5031603933038137
0.03264939155946528,0.23209220184247586
0.029379029117184485,0.34901376042538373
0.04294768545298555,0.04854819447749012
0.027505795766650187,0.4324676168680664
0.04296785418961624,0.048379484332352306
0.03431496864536075,0.18546996950692296
0.022148341855716402,0.7105824100314195
0.015251003386405282,0.9741629048742636
0.02652727238775071,0.48102355218467935
0.029934135605250156,0.32664686122333225
0.03253936423357673,0.2354637111077819
0.03272549177077766,0.22978206925964934
0.020100444626594105,0.8138922213155892
0.04107249764001686,0.06662592868808057
0.02193221805287482,0.7219316192381164
0.016221115660006946,0.9550476876188595
0.02084909128906498,0.7774592800333349
0.013937478834583683,0.9900755484772003
0.043942813168217465,0.04080690784357219
0.025056055851223058,0.556650910110407
0.02042199636341807,0.7984867066784039
0.027568799481453854,0.42945837267370784
0.042729430707598826,0.05040668686079166
0.020218425252217676,0.8082857799246789
0.03076643209016594,0.29508507302927567
0.02713778628575425,0.45032793175582775
0.021182487000997507,0.7606604713683854
0.03177457613714607,0.2599433060764809
0.021178080469188454,0.7608844493490463
0.03132538665702389,0.2751904576927122
0.022836161943786237,0.6741278584405661
0.027483237613057654,0.4335485049898323
0.02804832435055349,0.40701859175294225
0.018745518708251474,0.873689136030246
0.03184394579507527,0.25764659750514524
0.025617903228165262,0.5277857082225819
0.027280108645486356,0.4433633761134448
0.0331005625899794,0.2186537403835118
0.022752142256300373,0.6785999936431437
0.01478036749950578,0.9810843043819532
0.04667413124356545,0.024820680389688866
0.03783752432857446,0.11127867966695913
0.03187437297943252,0.25664405903716075
0.011776086520720375,0.9990785123691207
0.022321702599372384,0.7014353536467695
0.023420880390515653,0.6429514782648249
0.02235519211785239,0.6996644866447563
0.02265887878060402,0.6835595683666039
0.01898960109490455,0.8636148328236124
0.028069843823362917,0.4060307654444698
0.024736059875590938,0.5733178527529039
0.034514141878532856,0.18042837488727453
0.04284638664478191,0.04940327361217056
0.019814579000462018,0.8272391346854115
0.02127470571317225,0.7559620233023898
0.03419623782524961,0.1885278741184036
0.038980717135621734,0.09327594178158728
0.014633295348659203,0.9829541666572017
0.043709632939342935,0.042517279923247345
0.024208484963963273,0.6010805330263134
0.01898808007356939,0.8636786494653294
0.017570151536135614,0.9170644465636348
0.04121512199483024,0.06507325921858888
0.03224875412544592,0.24454909459103347
0.024344325528677963,0.593903299296275
0.035175771052812,0.1644563657294376
0.023652983260104066,0.6305803068503941
0.023832069065246986,0.6210489159033505
0.01769827867490445,0.9127784656991274
0.018510041222362772,0.8830798323984732
0.033351289732729605,0.2114504219358567
0.046331721129519776,0.02646029576179215
0.024599750530747366,0.5804601295181588
0.03331538523345756,0.21247048541858135
0.020104060875696383,0.8137211998419592
0.03256549236477052,0.23465970269845163
0.020360020412767965,0.8014862490973453
0.017557698485761053,0.9174749429565789
0.014254898569581509,0.9871650283280826
0.02432505817679903,0.5949202108148426
0.02413633828378889,0.6048993565018067
0.025823572934569272,0.5173647450326158
0.01835975836154108,0.8888973594725008
0.019080427625196572,0.8597810636138626
0.023620551334727957,0.6323079351303751
0.023299508892711415,0.6494250047883618
0.023667183424148308,0.6298240024264733
0.02265480919130622,0.683775857978223
0.017196803284611484,0.9288965394006867
0.01954532743645815,0.8394797337407303
0.01872370830871639,0.8745727201311707
0.028284723561606384,0.39625720748879983
0.03182590843607669,0.25824230231123513
0.03056445587332135,0.30252928014777675
0.03829385132499119,0.10377469336953012
0.016968070515752,0.9356525590990608
0.023758466524141875,0.6249643347770727
0.021726730067745226,0.7326557705094406
0.021940622591407707,0.721491537370124
0.026671646344393896,0.47364468800157294
0.028357325988642823,0.39299200816039026
0.03125309300710222,0.27770562430453927
0.035771105704950124,0.151070285260252
0.020962512160752345,0.7717790671007655
0.027525049580405025,0.4315464947424287
0.02217272532204817,0.7092980185474189
0.0232325196061276,0.6529983682453235
0.016152720659415087,0.9566183129724332
0.028242067212390698,0.3981843399974439
0.02841069450276129,0.3906037428995021
0.017012387199744183,0.9343732116857137
0.03285882508643545,0.2257772155861293
0.03145548715180346,0.27070710823848293
0.03047441588114158,0.3058920088574869
0.04435897521261556,0.037903002759721686
0.024872658770626277,0.5661851120041124
0.02146289521692185,0.7463116353245636
0.036884145857640105,0.12840725573043346
0.04692929249534028,0.02365803658258441
0.026889522826352485,0.462649807366075
0.030231490083756474,0.31510117824096767
0.024960138633197793,0.5616310690426878
0.025276057795944967,0.5452831666157845
0.023278424292555777,0.6505496997770096
0.029565682099354285,0.34137405340828403
0.031235868657069066,0.27830740019419875
0.02534085167816108,0.5419506038898274
0.03584135259419613,0.14955043678709445
0.034600925279713424,0.17826588716362443
0.04101628564752352,0.06724649948572199
0.03503605093080403,0.1677315738779874
0.024079950521465776,0.6078870982744777
0.016941502114063367,0.936412686346059
0.03923305156654988,0.08964914259142907
0.016668407601255153,0.9439265743301096
0.01710100634123718,0.9317721494135307
0.0334903459587339,0.20753565894433432
0.031552797850112446,0.2673896829750696
0.03864693007519682,0.09826131894649237
0.022333187384385722,0.7008281895211221
0.024161558095025848,0.6035639234860162
0.031898029124524,0.2558666587900464
0.02464080830099369,0.5783063249772867
0.0399491787652444,0.0799948768059874
0.04055657622715503,0.07250897490758208
0.027168832780320118,0.4488025018844949
0.025855960665360944,0.5157314229937587
0.01877951746644385,0.8723062578019254
0.015853638495631928,0.9630842672921469
0.025208087199747875,0.5487868046307253
0.03337561755108598,0.2107614236192904
0.020784808953819345,0.7806616496061349
0.013349595434443084,0.9941501463370928
0.019414713556683227,0.8452939538074309
0.02078427565400426,0.7806881644431543
0.025447321785703303,0.5364904945682571
0.017821028415385354,0.9085665980012005
0.013718399934761344,0.9917815758296477
0.022114999463314522,0.7123374856944362
0.022562401019622147,0.6886840433215503
0.014677854419619774,0.9824018634144215
0.01930999087566121,0.84989448225819
0.028755784985183885,0.3754039368052492
0.018920742063134696,0.8664910373423675
0.037254690770764654,0.12150976978740465
0.02703825511822716,0.4552414680913729
0.01488244680734263,0.9797062386049512
0.03204893877377907,0.25094927821440427
0.03397836403183685,0.19424241231241043
0.024205856910123114,0.6012195591067877
0.025455906171744813,0.5360511465499322
0.023670331811301848,0.6296563296189229
0.014578160869777035,0.9836206831625134
0.06313998832260104,0.0006571397301134743
0.028900155687965667,0.36916961188057235
0.028940352546389936,0.36744684406841704
0.03597744591855445,0.1466410688991539
0.021296558760608375,0.754845595464999
0.027927999352997168,0.41257232774960856
0.020775042509864394,0.7811470829837379
0.02606083516342317,0.5054501517303486
0.029706222716448627,0.33570138282607315
0.02055781561186143,0.7918655632246081
0.020034167965935934,0.8170171966210041
0.03494273631894418,0.16994782806855566
0.02886488355771033,0.37068599123049284
0.028932286147752895,0.36779210079302066
0.02425055318605085,0.5988559500799178
0.025063712197626153,0.5562539907832469
0.019809185329941692,0.8274875825642659
0.01915294383082021,0.8566880841529461
0.0261872214895727,0.4986963448046919
0.039954660365962846,0.0799245051923982
0.0215334370165422,0.7426741190854579
0.04127777771383068,0.06440099202710266
0.023384574376611678,0.6448877364219718
0.029347058056005793,0.3503344795550891
0.03086068858320079,0.291657735522888
0.03306046286974973,0.21982320773383832
0.022909575962399814,0.670217576370153
0.0218169139079068,0.7279579129590286
0.015934376762860913,0.961403008431949
0.023298524622931582,0.6494775073630273
0.014367751793990524,0.9859967580753896
0.015773336224960577,0.9647096391125596
0.021414276815734712,0.7488124561265268
0.029452064435175784,0.3460100199260219
0.05414212081003544,0.0054713190244705025
0.03599383657255151,0.14629378213985836
0.03172363825968039,0.26163958603229115
0.018688370952473082,0.8759983992159279
0.02095420925632485,0.7721961440346714
0.030049718569848227,0.32212312660284137
0.031160417106676164,0.280954961065411
0.05756851889283643,0.002536548336799774
0.023352121021670835,0.6466186733955397
0.02287659803987918,0.671974369082631
0.02846473328496174,0.388195760619241
0.01893563520921504,0.8658711991540546
0.014323040404157328,0.9864682915206688
0.027191447260308754,0.4476935345897201
0.01604011532291552,0.9591294198977306
0.03757279529877655,0.11583391065362315
0.02684068060826328,0.4650998502831669
0.03936471122003704,0.08780424239307513
0.026975676562690565,0.4583488783982105
0.029618864550843282,0.33921940700134345
0.041715766884429906,0.059865268818204254
0.028652950549416967,0.37988937942296025
0.02254602916583326,0.689552962245209
0.023908557822870602,0.6169832143885674
0.017456259662195217,0.9207783329965952
0.018374425706097375,0.8883357425384772
0.028783677915471706,0.3741937259592456
0.023671434768949173,0.6295975906678783
0.03326165114717494,0.21400423200542812
0.02148545635390897,0.7451494038248221
0.031619431865027026,0.2651357395561649
0.026722938069604685,0.47104107809631723
0.029251915758070124,0.354285854516556
0.03478590907012735,0.1737250402036019
0.037049007624861685,0.12529988729341912
0.028183547152700106,0.40083867189584726
0.03067849685317002,0.2983092944275987
0.031250279504794864,0.27780385463147655
0.026288485311076193,0.49339060679839764
0.018478874390819633,0.884297749853948
0.04182363910755882,0.05879115072454067
0.03711046388203465,0.12415741891175591
0.02766064813172331,0.4250967805015621
0.03570265324784072,0.1525632662116698
0.017647470736962823,0.9144916212792684
0.02986359116797499,0.32943036236711765
0.026220586872368556,0.49694413942327503
0.022960411393654595,0.6675086996682433
0.024713075832705655,0.5745204863244522
0.02663405393181617,0.4755588636030237
0.016991515928257428,0.9349775101450705
0.028676797412818922,0.37884590325150685
0.020078378691439358,0.8149346287800433
0.040389715212361454,0.07450371484365952
0.02320606463100927,0.6544095229200022
0.030920574456520244,0.2894955356988874
0.017681396994156134,0.9133496585077032
0.018836329299515175,0.8699805824031883
0.027150499120200233,0.44970288680107223
0.028716472594146225,0.3771142662726651
0.028054662158391586,0.40672749099977584
0.022804606790440496,0.6758078649792096
0.0279377805128168,0.41211894335332366
0.02255618140470264,0.689014167414383
0.015463599368789716,0.9705466169082081
0.02400639542680838,0.6117882153996006
0.031472478629373524,0.2701256372148124
0.02219489112803641,0.7081298022336848
0.028006148986044144,0.40895937968162205
0.02267370216680714,0.682771646917129
0.02458983451741653,0.5809806135234987
0.023058821061325424,0.6622625186889068
0.024518573252780007,0.5847245274222217
0.02155269677415514,0.7416791821253828
0.02201984116216965,0.717338257965976
0.03424663117627835,0.1872251774644905
0.025574389355849658,0.5300010456894011
0.022024471355015396,0.7170952222089932
0.02296489121017581,0.6672699413912693
0.02452225703851363,0.584530842675292
0.034270578035802746,0.18660863115988507
0.025586518739190905,0.5293831640142359
0.020326791774823938,0.8030886776459893
0.02505850510354357,0.5565239263445453
0.035949268707215154,0.14723964795144442
0.017734939020852436,0.9115313246606819
0.030455354595211898,0.3066073952849669
0.019865653183210097,0.8248801509794111
0.013634963343603257,0.9923706402605249
0.015552327424065204,0.9689441236349761
0.027633118960588843,0.4264008928397623
0.019028131595652975,0.8619939794869402
0.039446104072516475,0.08667974188280135
0.02322218621074601,0.6535495728862288
0.0314111239045099,0.2722297011794113
0.030193867307124228,0.3165453327598975
0.04493206158681062,0.03420037547809037
0.024780123324775416,0.5710142113671031
0.038654626834991324,0.09814390722020584
0.014990556440500513,0.978173454261381
0.04751194052632024,0.021182532662197915
0.034666796914345044,0.17663824523398317
0.02011605029450933,0.8131538135327239
0.023535118946670597,0.636860617061265
0.028859428078920946,0.37092091754044343
0.01973793024643522,0.8307575894244659
0.033585082600532834,0.20490110003642528
0.02945974429382278,0.3456952455681181
0.01756960049392209,0.9170826336993402
0.025618508637614057,0.5277549116604423
0.029048128499469916,0.36285574025863604
0.026282793733382548,0.49368785276467775
0.018691752709437903,0.8758622802481472
0.025432750110061852,0.5372365771364421
0.02131044082659106,0.7541357987206593
0.03633673738159038,0.13917967085915461
0.042512409197129175,0.052315309868804206
0.025699283859995148,0.5236523084790761
0.02171858502772478,0.7330793535805029
0.0410339742245171,0.06705069145334745
0.030174147588904188,0.31730419988903663
0.022423459040945115,0.6960511721204283
0.03255205703827191,0.23507286803986416
0.026944197889200328,0.4599172719671161
0.026876726704685217,0.46329086876241526
0.018953363226106523,0.8651317599786679
0.02759452409184915,0.4282337610372526
0.041766297477501046,0.05936004268463532
0.022924844206047124,0.6694040696711765
0.02996268568818583,0.3255252015557182
0.03172621898704106,0.26155344510959927
0.03111709427922249,0.2824835965076908
0.028948274209632863,0.3671080046443283
0.024138962347758197,0.6047603825998717
0.026284131066602323,0.49361799941843837
0.022939570422386146,0.6686193638046873
0.031468293264670294,0.27026877894224527
0.03262619749294354,0.23279982518534487
0.02765421747034358,0.4254011719452662
0.043664546056085496,0.042855092673563716
0.034273367628112617,0.18653691339674153
0.021259894203315755,0.7567180610265496
0.025448538466630533,0.5364282168250548
0.026652686010208204,0.47460950367001076
0.021252065925759678,0.7571174324591146
0.03363843288697488,0.20342899523436764
0.02086989271208739,0.776420347101523
0.02503418347430042,0.5577853167156003
0.03218203259455413,0.24667224259782045
0.026671357259056505,0.4736593887823402
0.025908357905676332,0.513093580232846
0.016918788191733203,0.9370584542737417
0.04337522976890562,0.045078841304510786
0.03101345764071592,0.28616549471967795
0.021344786899335166,0.7523777229189363
0.0302543215235066,0.31422713680155084
0.021012064166798683,0.7692859055589343
0.02289189062426286,0.6711597589569198
0.03093028148160254,0.2891461820180602
0.04498725133578518,0.03386113151257775
0.03948240554365395,0.0861821281958978
0.027203124037066095,0.4471216444276189
0.018898375699742898,0.8674195647776248
0.027533878079584406,0.4311245726791035
0.01906451115782415,0.8604561463840965
0.059682912226238116,0.0015417370661617517
0.020928461145450217,0.7734882898398121
0.04874302940811037,0.016695946169158763
0.013661565499069966,0.9921863441410094
0.035299816804997,0.16159162716645767
0.020153496461919995,0.8113780101178492
0.06717141783776043,0.00022877968666473172
0.03675046817476035,0.13097287270977095
0.027537839727993008,0.4309353322770726
0.021625553005835685,0.7379087699602956
0.0451388422610568,0.0329444673607069
0.01701870645510062,0.934189621897394
0.046833442265566017,0.02408898884764559
0.025036745463499765,0.5576524013683877
0.02097430874957329,0.7711861575340592
0.03498976423089817,0.16882799882418095
0.022405670322328874,0.6969931496458677
0.025247400544724075,0.5467593959341857
0.03076389034978022,0.29517790549872325
0.02649781930786599,0.48253799627037797
0.019686098268299118,0.833121794039895
0.02031773043322968,0.8035249443419376
0.03021353144159744,0.31578992227309166
0.023119376814607295,0.6590332346263079
0.028399692084950204,0.3910952804533354
0.03494931558663328,0.16979080719406178
0.01801069822581519,0.9018585360188274
0.021831665825449043,0.7271881243888921
0.01563429923469728,0.9674142087485073
0.020638567076752712,0.7878990424098975
0.03482062128695973,0.17288328823482088
0.052233405116639764,0.00822598577078026
0.02357425129452373,0.6347749667332132
0.03307161957745497,0.21949734907840668
0.02861848347432361,0.3814011148480884
0.02750135053455524,0.4326804692877623
0.031233806200735126,0.2783795224757302
0.04879393389048803,0.01653027411376162
0.017328031229839058,0.9248503959502294
0.043465005451378935,0.044378323413268736
0.014066957462060742,0.9889533065364028
0.0331931707752392,0.21597132277547063
0.01527266174194053,0.9738087565809189
0.020026671830553622,0.8173695090858564
0.021929108803479536,0.7220943994928799
0.0197053755130443,0.83224393968685
0.04559799497989392,0.03029960700083593
0.02820299152237621,0.3999553723699782
0.02612671392595023,0.5021631856388344
0.02690978489393503,0.4616359112232298
0.03477273888383453,0.17404526148121713
0.027705753305904607,0.42296589930121836
0.03263039848468591,0.23267153530214196
0.01839975910491176,0.8873625591307394
0.02285632248223418,0.6730542650576259
0.021732416917051495,0.7323599547086551
0.04365059800278187,0.042960069933545696
0.014661274264884477,0.9826088040331015
0.021812653853378383,0.728180144114444
0.0264092941474382,0.4871084405812073
0.02670402584758036,0.4719999865949038
0.034466646149577396,0.1816206507817004
0.019591658748653595,0.8373974871956968
0.025471892948847497,0.5352333023284703
0.03781947828108467,0.11158442496850167
0.026913933602680545,0.4614284941451188
0.02749375768258755,0.4330442032590052
0.01727899089369478,0.9263768649764914
0.03719770008109413,0.12255038347873301
0.02872593260375278,0.37670220034474905
0.031157033688634095,0.2810741218258194
0.01803601932194321,0.9009448963054738
0.03032364153998146,0.311584245279295
0.02090234702208149,0.7747968537239128
0.022368584733137742,0.698955987238826
0.03482552790523025,0.17276456766161657
0.013149400013495072,0.9951975263135922
0.028528401016567062,0.3853719697355872
0.03316879868277278,0.21667478047690694
0.020472107087116942,0.7960513385989505
0.028190291487925956,0.4005321448514028
0.023104174753524692,0.6598439813794703
0.03125018679085312,0.2778070920778207
0.027181444623520318,0.44818381799416795
0.03888739911558492,0.09464793648903032
0.02049057928808018,0.7951513584219847
0.047814138323724,0.019991654785255258
0.025561081969076915,0.5306792557988079
0.024440691532754077,0.5888229784289823
0.03877299322476624,0.09635295149753331
0.02437551911455549,0.5922577355373351
0.03999274255068358,0.0794370561948524
0.05475411187420698,0.004785915116346885
0.027428967217673766,0.4361563457474509
0.021319681242658428,0.753663079757176
0.03135593279352766,0.2741328615740605
0.027552711407346442,0.4302254401701539
0.03368023113614982,0.2022814298897131
0.03127082624416677,0.27708708466216814
0.018558751347671182,0.8811645290529188
0.018826391908223217,0.8703887208616036
0.040317457074948604,0.07538185416780271
0.04030168409704715,0.07557470190514032
0.029825829046071672,0.33092738244332853
0.04451295663983601,0.036875238618240457
0.01672031781196953,0.9425404501689802
0.024797293187281688,0.5701172800450953
0.02894232403028374,0.3673624956702972
0.03012802236956738,0.31908439265628374
0.017960224659619106,0.9036670858493461
0.01666503948236886,0.9440158261312522
0.023261612057681735,0.651446505592211
0.03141729980719707,0.27201735418401024
0.030948399086379808,0.2884949696259151
0.021778521956259872,0.7299595600071936
0.03335625465059533,0.2113096664080919
0.03297339957552958,0.22237896737788992
0.031176008508173772,0.28040633311177976
0.017114180904891807,0.9313806058424141
0.03403163007681265,0.19283290167630704
0.023345029675592266,0.6469969133885571
0.025959751924684388,0.5105117888500591
0.03138972976972548,0.27296625913476547
0.01848728821207901,0.883969545059704
0.03465637571088387,0.17689495752077908
0.02750763826972158,0.4323794123971202
0.030276837047216232,0.3133669232227964
0.02479419832706886,0.570278921761971
0.01906192976313753,0.8605655044282097
0.017798297556641862,0.9093542943631534
0.03673585085413156,0.1312559374372029
0.035580826460132164,0.1552497488938339
0.01600942657878124,0.9597976899856442
0.042948415738988555,0.04854207681140536
0.023600240865544853,0.633390058804543
0.012421072877816075,0.9978513672366843
0.03196873835593328,0.25355359915323666
0.028612207475450124,0.3816768332544835
0.022719667625185624,0.6803275235911399
0.030057537657039335,0.3218187504690621
0.03815359234203969,0.10603506221876513
0.025740675687956405,0.5215549471820884
0.028002139780072155,0.4091442010453466
0.028530094062522937,0.38529707545738956
0.018884794855707154,0.8679819909827096
0.030059657206294388,0.3217362780813456
0.030877385569268112,0.2910536869182867
0.021482934932247955,0.7452793481497304
0.03789189199105947,0.1103617392302537
0.015725332809761627,0.9656590690639025
0.04422215336478119,0.03883714556067187
0.02737333621849268,0.43884047898361966
0.03365401364521914,0.20300063454708447
0.05321972396922747,0.006675251266186855
0.0219242482236022,0.7223488381997664
0.037064103192227305,0.12501846652704093
0.035933165894195984,0.14758261178092674
0.03690727454610754,0.12796755506408683
0.01714016464600876,0.9306047023890581
0.022100890886534774,0.7130796966056216
0.03323741468599101,0.21469882572457805
0.05034257331538888,0.012144030415949953
0.01630693155495888,0.9530283419723853
0.025670761317944824,0.5250995314779332
0.03536755199799552,0.16004429239861848
0.028521108153220343,0.38569469569795767
0.021839183527300077,0.7267956936737002
0.022246553406927827,0.7054047309486381
0.022023763337650215,0.7171323875511906
0.028026274682065477,0.40803246430282486
0.018662700371932517,0.8770294654897717
0.021318660941496703,0.7537152859276021
0.021339177868469617,0.752665020605552
0.024430810257060842,0.5893434539090316
0.042782065736684305,0.049952950605567904
0.02747424140462551,0.4339800705276151
0.02640442128774778,0.4873608296481534
0.02538964747722855,0.539445704610337
0.016625138457160515,0.9450668088498893
0.03288518883472019,0.2249917505067587
0.040740626342607,0.07036152570496279
0.02216128959676461,0.7099004845905478
0.015969761311657282,0.9606512454908094
0.02152183108402217,0.7432733001239866
0.029303325188620083,0.35214684068589924
0.029951352187619573,0.3259701313642837
0.024442548254654084,0.5887251914065745
0.01916004261932297,0.8563837943618159
0.041704262511809254,0.05998080822002274
0.0284486104483066,0.38891311639682924
0.02769985526914842,0.42324412501400505
0.03225465690779822,0.24436193438433185
0.027527642625240517,0.4314225419058806
0.024456581998801963,0.5879862060325889
0.02280249902394582,0.6759200661118807
0.01811787636864648,0.897962532866021
0.02921304890511145,0.3559091244984776
0.040872887818894255,0.0688519439218338
0.022435962251338204,0.6953889043061179
0.03249616451284448,0.23679766928048201
0.015383951461027112,0.9719381258338123
0.04612867112558361,0.027477197919449275
0.03081328739620398,0.2933776284882566
0.0438926145108382,0.04116996349314011
0.01913484016608502,0.8574628842119512
0.020075669946257424,0.8150624553260419
0.028620611011950292,0.3813076790149667
0.024185388644775818,0.6023025576390367
0.023975289324945526,0.6134391803651645
0.04923924433551252,0.015142594724046146
0.01553046866981185,0.9693440563475102
0.017388273757471415,0.922951815287526
0.024091044352358593,0.6072990809676038
0.0171727040437632,0.9296261710662069
0.024533570304395624,0.583936116520164
0.02609943474849935,0.5035231111524004
0.025311855362176283,0.5434410841203392
0.026206058306559865,0.49770663137002136
0.020816397699504274,0.7790895517232654
0.024655723557253262,0.5775244222425544
0.03283142026464536,0.22659593597307703
0.02869477876601345,0.3780604130681493
0.03970081582025531,0.08323864573182264
0.03160067184949811,0.26576885996868044
0.02602699076794579,0.5071424434125672
0.016963247094454,0.9357909403449505
0.029100866810368886,0.36062399886247193
0.03424450529274481,0.18727998894888476
0.02787714812592479,0.41493491462059306
0.03730247027259803,0.12064294916068745
0.022422815396441642,0.696085260636838
0.04643507189487778,0.02595559435426709
0.024372562913450857,0.5924136417211416
0.025270358459251213,0.5455766471941377
0.04485751355475598,0.034663342418054265
0.0180621934100596,0.8999960448252688
0.01979748689923594,0.8280260015850077
0.03830004568336759,0.10367579726322097
0.045005131702329226,0.03375185821867977
0.03916705862372194,0.09058604489121921
0.018119973154527624,0.8978855644629976
0.017212483927583705,0.9284195480291667
0.024727021103981173,0.5737907208824964
0.028575120662667097,0.3833089782411264
0.022621366735849024,0.685552827664261
0.02350620435863371,0.6384019682527216
0.03730793740752997,0.12054408863572486
0.025875061843517122,0.5147691528835128
0.018192313934616178,0.8952126542537393
0.0203538120803185,0.801785951277423
0.020445355469519533,0.7973525697575184
0.023749088175035682,0.6254634341756518
0.027565850006372905,0.4295989323355552
0.03631817907608215,0.1395573696163524
0.02360928556227998,0.6329081473440423
0.01604441685779534,0.9590352008520442
0.027703412814118145,0.4230762915336641
0.03736641466087115,0.11949082127623355
0.01948371917735009,0.8422325838767353
0.03460217964056772,0.17823478207521354
0.022382753374295905,0.6982062392198369
0.02415799909238503,0.6037523459940448
0.028578866071670705,0.3831439268354916
0.03973851352289648,0.08273926957377642
0.034862858086675386,0.17186344920778382
0.030194891243551458,0.31650596511135815
0.020903451627655945,0.7747415426638609
0.047591624725796144,0.020862541821284514
0.042565691857503585,0.05184102489157025
0.026729993144358588,0.4706836903945319
0.017213843226614678,0.9283781161660785
0.033420621945168594,0.20949143897465541
0.020325116000650012,0.8031693823917687
0.018412326659056122,0.886878295166866
0.02000472666798836,0.8183995754645819
0.020226686967338384,0.8078911379910079
0.026616505689130543,0.4764541298787925
0.02433791447856848,0.5942416265043845
0.015017691733657301,0.977776724215588
0.03056937776440871,0.3023462483966665
0.03085728051589376,0.29178114347227546
0.02192299641085141,0.7224143614142038
0.05285441591387874,0.007215491566218297
0.016334301622191016,0.9523728867115355
0.027478716697516226,0.4337653459574407
0.026645326422305438,0.4749843488157433
0.029406542750953724,0.34788002387806766
0.02060587300898567,0.7895075987481688
0.040040896414124894,0.07882428851394681
0.018888165755922337,0.8678424883948522
0.017125106390860123,0.9310549526617365
0.01942359703941743,0.844901165600638
0.016264893771316236,0.9540243121719231
0.037736636642058397,0.1129968931312086
0.04258895345416519,0.05163513278984203
0.03670903364965919,0.13177655156261445
0.02685562426130228,0.46434933717261273
0.032496544091816515,0.23678592317384548
0.022514429743810543,0.6912294660816246
0.018205731957947446,0.894713163378835
0.03180393324896985,0.258969464049227
0.025335044260172856,0.5422490020430974
0.016419194951973304,0.9503047482588429
0.019010631535246236,0.8627311623254426
0.026843027421474375,0.4649819338648768
0.03628752986091832,0.14018296466305807
0.0317004769587505,0.262413634232488
0.027592439425791482,0.42833291297232956
0.024904823442814084,0.5645093826950297
0.02469283089783303,0.5755803696948072
0.02853843062306194,0.38492844373772567
0.015957607921110173,0.9609104783576927
0.016593216795374288,0.945899174672251
0.01750855174604493,0.9190844263008876
0.035790576262278995,0.15064778164495407
0.011416109149443132,0.9994623821533021
0.039663085410767934,0.08374099553906533
0.02564233991912146,0.5265431979761646
0.0399981374882753,0.07936820494001344
0.018616849856264883,0.8788613468041508
0.02514660356998638,0.5519626733254517
0.02882243176266308,0.37251683177686734
0.038309379246209696,0.10352693005290735
0.0267858190978868,0.46786198269181023
0.029328805282417186,0.35109009418511045
0.013111432604890005,0.9953788658118311
0.06484701203419818,0.00042373156307769975
0.028932807194865434,0.36776979211348315
0.021032757295223026,0.7682427321807687
0.040305488291120684,0.07552815185866434
0.026653914101330334,0.47454697221868
0.04717170755160949,0.022598490984778966
0.013595817194874682,0.9926359454602987
0.02304089994264935,0.6632180688525497
0.026990534988483805,0.4576098007394248
0.016470006215372368,0.9490414820191903
0.01825883642374071,0.892725021930142
0.03650395335326273,0.1358138067539784
0.014975536917068346,0.9783909645158217
0.03252663201888489,0.2358562676875039
0.023708399955928217,0.6276292777389463
0.037970112292493946,0.10905348416517556
0.021202338666713116,0.7596508307390808
0.03077342453007137,0.2948297980699116
0.03085649539573987,0.29180957857118983
0.01485670226403668,0.9800600778674544
0.03863804463738585,0.09839700923379152
0.037096739252281824,0.12441181549903968
0.0278445965665107,0.4164521191987306
0.02516115756566306,0.5512103442690127
0.01881127415396866,0.8710085372980565
0.017895739504336816,0.9059530334216763
0.024732035685401887,0.573528367052623
0.01884710967340142,0.8695371838786189
0.02210566085596244,0.7128287918765434
0.03290653008980238,0.2243574668130605
0.015782342654496073,0.9645296595848106
0.03482058140680022,0.172884253441324
0.039147467334869956,0.09086575753575801
0.0275706782010271,0.4293688569283501
0.024672836176309887,0.5766276738629117
0.02039015735998062,0.8000294075346278
0.027485449678205764,0.433442432185017
0.024757013930573946,0.5722220478014663
0.02301219874868965,0.6647482537163691
0.028897880319740332,0.36926729998158847
0.028443760457439016,0.38912908778146904
0.021113815675498082,0.7641452836158198
0.027560350684729173,0.4298610899207888
0.03563952010731597,0.15395074465598804
0.021031741305187424,0.7682939772914507
0.025277946077282176,0.5451859440128349
0.021036215101448263,0.7680683041401839
0.03256870413214075,0.2345610163901194
0.023709180411095154,0.62758772671531
0.0268144885610192,0.4664172116653634
0.04628218111089244,0.026705280894717232
0.019983730109250364,0.8193832369674405
0.016558021150891666,0.946808207354994
0.022027774509343873,0.7169218231679941
0.019617855933805828,0.8362156105703987
0.015298830649198292,0.97337656601448
0.028943717607416763,0.36730288079430445
0.017254172924016778,0.9271428244420723
0.01581626496763161,0.9638465253395126
0.02022392062216466,0.8080233089079815
0.02676665941722034,0.4688291510856586
0.022162364133965717,0.7098438819048447
0.02318251165123264,0.6556658489551873
0.03267517990473634,0.23130737002005491
0.02547553337272468,0.5350471324133437
0.050258864754395005,0.012351176079329796
0.030205109174100297,0.31611330810619376
0.0261086892115846,0.5030615740366902
0.02598725423409498,0.5091324848398833
0.03156765263738204,0.26688596621470173
0.025361230398181944,0.5409039662861563
0.03275492649111289,0.22889329122904756
0.03447187594368667,0.18148906358084232
0.035585462982362426,0.15514681403213712
0.021647085748214057,0.7367924290678757
0.029914082033424022,0.32743638576779643
0.03601559309547686,0.1458338304940909
0.031260495335784566,0.2774473040406582
0.015922363083710284,0.9616561735329883
0.021380444939516074,0.7505496080624292
0.032177758619485575,0.24680872144402963
0.025257641084671212,0.5462317122735261
0.0517565046340811,0.009087500203729278
0.039014440144581775,0.09278424502597653
0.014998087275633676,0.9780638361553755
0.019557647691710034,0.83892703028566
0.03350506737827985,0.2071245432730106
0.027478554374590902,0.43377313296270187
0.023344567210603406,0.6470215806237762
0.036564707384747486,0.13460742806157167
0.026028582427898073,0.5070628018897678
0.03154313394246244,0.2677177634834969
0.03798229349447374,0.10885091051054936
0.03801438007860802,0.10831880091019372
0.03178723568012595,0.25952302185040244
0.02008549318454217,0.8145987515751273
0.023130093116482398,0.6584616990995857
0.029828419328369216,0.33082453813924184
0.027084557169274104,0.45295128419565145
0.027277199991609546,0.4435049874156476
0.027995999386419612,0.40942737941522045
0.019262287417692647,0.8519716247396857
0.022221744602380133,0.7067137333799238
0.030775585158679897,0.2947509523964314
0.021330321868167995,0.7531184812969505
0.028187783855823267,0.400646096753962
0.018047636975516257,0.9005242936135538
0.043033745256469746,0.04783184198410312
0.041256483259271115,0.06462880314875133
0.028118313249419324,0.40381186316952633
0.03739015604683649,0.11906536717567343
0.02935457156712723,0.3500237778904572
0.02051415650861091,0.7940009291612076
0.03317796235838655,0.21641007905662024
0.014079031473425263,0.9888441718361372
0.030807588432004485,0.2935849122330346
0.022560711008373313,0.6887737485249523
0.01690831401797699,0.9373549714294007
0.017674919723298738,0.9135682970285444
0.030279676135111844,0.3132585770404286
0.03513498297829287,0.16540715824572017
0.03859778200354891,0.09901382285075856
0.026436329548939153,0.48570967964762973
0.015633051920384167,0.9674378462025673
0.030993114739711336,0.2868923830911688
0.03649582177144933,0.13597593939103528
0.033158866994184355,0.21696194990152096
0.04036582614845674,0.07479306942492721
0.022177133590648962,0.7090657352576177
0.038329145856051405,0.10321224560955723
0.02327696141008373,0.6506277333408614
0.037842462668231436,0.11119513261439705
0.025178130545510713,0.5503334082427375
0.01810495807470902,0.8984361041289626
0.022146927902105484,0.7106568666322215
0.04420579445624262,0.03895016919792087
0.044068464115103456,0.03991035937290899
0.018240946152597526,0.8933968149099085
0.025807194439686765,0.5181915301929596
0.02750121289906038,0.43268706085613584
0.019802683133709448,0.8277869205895227
0.024195749660222643,0.6017542982116686
0.04670997827170115,0.024654345042572773
0.032680525960117834,0.23114492575748147
0.022775880652650182,0.6773368294123194
0.029087942975901337,0.36116999933276217
0.03084793117881479,0.2921198864100605
0.025520418219971863,0.5327537406490221
0.024090141803066345,0.6073469160175533
0.025469157270076814,0.5353732198633718
0.026883341437565933,0.4629594102644822
0.03591882598006463,0.14788857181037685
0.01607379169306944,0.9583881688008679
0.044001373518548936,0.04038690556962435
0.02184653349637039,0.7264119281010732
0.029061370589687274,0.36229445523079895
0.0277081597226477,0.42285241799983014
0.02255025536372174,0.6893286812702782
0.02518457941353819,0.5500003408659639
0.03203015528330555,0.25155740016877565
0.03055477145157781,0.30288965524931477
0.028431935693833732,0.38965599665945605
0.032657870974044156,0.23183391757749236
0.044288843934616406,0.038379338262850275
0.014861340103519027,0.9799966491075492
0.037308929279855296,0.12052616004954975
0.01651871080342382,0.9478127196063292
0.016602859477257037,0.9456485305098119
0.034382698063179395,0.18374322399447246
0.019020676957043348,0.8623082084954876
0.026609293039449478,0.4768224188488498
0.028495860947506113,0.38681339522102554
0.0331434450548862,0.21740845127036434
0.028012177630094393,0.40868157139377315
0.023639611540271166,0.6312925612918946
0.03804405539534966,0.10782859834919685
0.02059193011505117,0.790192513422895
0.021310524292157296,0.7541315297085819
0.027456759311383694,0.4348195464462799
0.027899160746458374,0.41391106123032523
0.018532462490153202,0.8822000062186768
0.022493509523039745,0.6923389347139688
0.01522082796672558,0.9746509805508408
0.02219923678712349,0.7079007004538402
0.0217540014259772,0.7312366551398027
0.02486810813685225,0.5664223126793553
0.03159214544455713,0.26605698800802047
0.038761811393113965,0.09652096395500827
0.03732993513991534,0.12014698303914663
0.024944339682841266,0.5624527042208409
0.022011944954016482,0.717752653953884
0.02379075382700266,0.6232464001187437
0.03418284105323255,0.18887538751935354
0.0191949744886335,0.8548825507256401
0.04196221565629471,0.057435601108055935
0.03155713061642018,0.2672426877822347
0.03137596260548248,0.27344102396880504
0.026461497223964736,0.484409887815476
0.014494616338192656,0.9845955658973927
0.02632581302951842,0.4914439963919633
0.019344591754219986,0.8483805741262084
0.037956651101217154,0.10927770702456298
0.017075657365543062,0.9325219802354303
0.03789579561693068,0.11029614364483939
0.029197858606495486,0.3565449791641329
0.02142373390656524,0.7483264105264745
0.02651146567280649,0.48183593173381395
0.02012902210256698,0.8125392870040329
0.020267627718982384,0.8059316270423504
0.01894996739401933,0.8652735365664619
0.029503556383605245,0.34390343509017185
0.03211257123973754,0.24889744639268438
0.03769531224308703,0.11370698428141991
0.031746511393288546,0.2608768591726172
0.01874816275649216,0.8735818317431625
0.018708471486743372,0.8751883453955597
0.01790299339849699,0.9056972762878036
0.014073513554044514,0.9888941435082018
0.03597344145537734,0.14672601708735214
0.023689452001724787,0.6286381398726018
0.01847507765381151,0.8844457102791846
0.0234316976590499,0.6423746164344294
0.05109032902655475,0.01042809923989022
0.035214694554741965,0.16355311780294168
0.03129649032861059,0.2761937380999391
0.030810759146458366,0.293469573082539
0.023915280538718275,0.6166260456814314
0.025879730572255566,0.5145340681262981
0.013316884543551788,0.994332096718647
0.03262729444928669,0.2327663210980926
0.05128599430027425,0.010016887812740332
0.031034743349412974,0.2854063834226506
0.02160971825785729,0.7387291324059548
0.017297482093347805,0.9258033076613942
0.02743714744949599,0.4357625903998475
0.02561682845553842,0.5278403825415299
0.017890867249992948,0.9061246208356617
0.05534213640829233,0.004202416073225506
0.03478142303342119,0.17383406151199032
0.04115010803321162,0.06577715485340747
0.04191784492573519,0.057866681822327945
0.045925753717364515,0.028527765349887112
0.04269438965339856,0.05071072620258236
0.030110607258786892,0.31975841099385394
0.03442003437254748,0.18279679081107894
0.03435805983174989,0.18436989363281123
0.016669078405661786,0.9439087887107924
0.024217388829339215,0.6006095580612123
0.018539116835604996,0.8819382974992763
0.027701593135746605,0.4231621324436253
0.027704847696933932,0.42300861116827715
0.025691293921815572,0.524057554447205
0.01646697750920656,0.9491173151507146
0.03174286563901302,0.26099831789796957
0.018292251448296604,0.8914648144255253
0.03235124638849529,0.24131484616989685
0.042991470112360264,0.048182583846863705
0.015768561910365297,0.9648048094782196
0.033022013183133025,0.22094909093423007
0.02108743186561668,0.7654808963467482
0.02269111421677772,0.6818459483612982
0.037632035156661026,0.11480143097509463
0.02215626230337453,0.7101652847634241
0.016389951847376516,0.9510231564767275
0.03594916200437581,0.14724191842728157
0.017133186315691884,0.9308135618756676
0.021743513307198148,0.7317825808723579
0.031269252541050285,0.2771419341721336
0.03524545446896843,0.16284212339379336
0.027300045939414375,0.4423935181584306
0.03559593055568844,0.15491462656159236
0.023176604271356704,0.6559809448226293
0.02121294421124048,0.7591110357855457
0.03076325059239582,0.29520127487703535
0.01885161281050418,0.86935177288979
0.028524378005520157,0.3855499739627008
0.03428095470453285,0.1863419668976323
0.031054347546777883,0.2847085643361414
0.03283408199357363,0.22651631656276863
0.01758881472338955,0.9164472207761183
0.03304482906483586,0.22028046016220496
0.02575884112209592,0.5206355606882089
0.02608648838445382,0.5041690832699623
0.023614785329094223,0.632615127802305
0.031364424731745055,0.27383938691108767
0.02718946356541596,0.44779073782335654
0.018425688097555293,0.8863623666062792
0.020380955356691488,0.8004745903671344
0.032006756613336185,0.2523165031604946
0.04005319809884067,0.0786683893119999
0.025935033120865647,0.5117528539085591
0.019159118838600026,0.8564234074009804
0.018234417208348952,0.8936414733522823
0.03478128095533273,0.17383751523434002
0.028712992458260755,0.3772659359201154
0.029302341029799783,0.3521877024881854
0.0293476230017522,0.3503111108634752
0.01943167836524251,0.8445435049957241
0.03655398283587796,0.13481974627199844
0.02474845919084734,0.572669352320685
0.03875228864027558,0.09666424072956739
0.02357652822137557,0.6346536270956689
0.032341563374449545,0.24161899984011542
0.018358644451503148,0.8889399564674527
0.0382997946104604,0.10367980424761178
0.027065980679782276,0.45386919194310127
0.016140689866195768,0.9568910353161543
0.02330573838119332,0.6490927146094909
0.0354927289144934,0.15721604778799578
0.028897796568879364,0.3692708959940381
0.03583838974954612,0.1496142901350427
0.024886809039016355,0.5654477217975175
0.03776577782747759,0.11249835524117276
0.022927296217074566,0.6692734163066257
0.04146909756950862,0.062384820455558605
0.0354113715367157,0.15904962879619572
0.041979071283271274,0.0572725659673619
0.025046184024441337,0.5571628187248048
0.026767409435594858,0.4687912660204754
0.026540640570947932,0.4803371941285804
0.020510289372312585,0.7941897548096764
0.02108389043503589,0.765660031765727
0.01873414170922534,0.8741503879420507
0.033145175303209096,0.21735832109977443
0.02099894643303457,0.7699465791108684
0.021612431730684833,0.7385885882293564
0.027779038220398178,0.41951920330691833
0.018002855954935337,0.902140644092863
0.04549816161920184,0.030858216160718776
0.027348866963827323,0.44002459145904654
0.020004410157373753,0.8184144172511776
0.02722277976333587,0.4461600709612549
0.027444118500475123,0.4354272274570091
0.02252669719990963,0.690578713436582
0.017429107849582848,0.9216502795012818
0.018391861707822976,0.8876663665411605
0.025180796921151716,0.5501956885489709
0.026384041353574084,0.4884173202945171
0.03173360693845681,0.2613069642865108
0.03378217341019235,0.19950383797776688
0.017055698825358845,0.9331090857167981
0.028128996296379438,0.4033239224824542
0.02541875970891494,0.5379532583936835
0.03555748418566984,0.1557688024155073
0.02525644482271122,0.5462933451837793
0.0332082504810251,0.21553696091026003
0.017189174448595468,0.9291279629108083
0.027054181744934958,0.4544528445937023
0.053241187413147095,0.006644687845848131
0.02422905110804069,0.5999927844472966
0.026027603711157976,0.507111773071412
0.020056498758385555,0.815966294577233
0.0724451120353452,5.2131035606537697e-05
0.03226737256887441,0.2439591282785504
0.031205514770311416,0.27937025722816805
0.014855584887892181,0.9800753388563157
0.029606160938931425,0.3397331943759671
0.022503757102837807,0.6917955174369388
0.041353758380126004,0.06359372260608602
0.018328996383848772,0.890070869053986
0.0326495530682937,0.2320872801959744
0.03527822540026304,0.1620873700083446
0.0354513683651595,0.15814607268364567
0.022231144819750304,0.7062178281520204
0.02915280144251553,0.3584357809004143
0.024507229417803256,0.58532105795221
0.013970199025246988,0.9898001637280842
0.023240856678357513,0.6525536495154175
0.021762548151418662,0.7307916384961488
0.033928425194161504,0.1955712168957651
0.03059999463020152,0.3012095184775517
0.017975302079929034,0.9031286063676272
0.028982016140253974,0.365667202327082
0.035429706937413874,0.15863490650021617
0.031574019693017596,0.2666702817340375
0.024493246031645127,0.5860565960369848
0.043134075664589044,0.04700827401751143
0.030282124860366078,0.3131651499732585
0.026186527423716188,0.49873283606179
0.026891796217489716,0.46253597590326095
0.03873365974431148,0.09694503949388474
0.02152436855372164,0.7431423216244263
0.033222060152952704,0.21513977609815826
0.05005273550167233,0.012874909875444387
0.018151309242059932,0.8967318856600908
0.05047537207100539,0.011821828044278544
0.04837556902389328,0.017936629442993835
0.013006848171317524,0.9958513741916618
0.02368179073940682,0.629046099386493
0.021557161190769725,0.7414484474799437
0.029733675128845505,0.33460128032619907
0.03610937810262527,0.14386450705716505
0.018974688121588312,0.8642399757831868
0.024315399420689388,0.5954301303891882
0.018982307302634116,0.8639207380088442
0.022818297307362623,0.6750790354394315
0.042607485340423024,0.051471609587331234
0.030645527724443622,0.299524805251048
0.028340654788604924,0.39374012069145087
0.03132105443852573,0.27534069840926106
0.027163282624279472,0.449074949102827
0.02642612002072131,0.48623759602105127
0.03195588829555279,0.25397277162224136
0.029389436234766753,0.3485846114601522
0.04174999620177755,0.05952262863904048
0.01572413592639521,0.9656825299659307
0.02591498457879876,0.5127603776463973
0.04391455346372514,0.04101094799908782
0.023831594875259265,0.6210741318701595
0.022265937636623878,0.7043814562219399
0.028421993513754323,0.39009940112846225
0.025764006387240745,0.5203742571841614
0.031256458838243795,0.2775881440968334
0.017815216206580997,0.9087683427089955
0.03381146285062764,0.19871134385124425
0.026440887066434104,0.4854741382836633
0.03631114266608537,0.13970079211702677
0.030565066393089813,0.30250657215295945
0.020743556470606883,0.7827100569800578
0.04155593306763139,0.06148769763375225
0.022715611895907872,0.6805432306209578
0.02302328265848652,0.6641573466188435
0.022432933488155504,0.6955493445650978
0.04204782155182485,0.056611694320043246
0.021950985227882747,0.7209487761390283
0.030465502824721935,0.30622637096539057
0.02356188509706425,0.635434002060759
0.037203174494328306,0.12245010765375876
0.02796198781844439,0.41099833070221
0.022908600927417033,0.6702695242518117
0.023674625488409873,0.6294276690226697
0.0243122469460596,0.5955965806432073
0.01956518210357938,0.8385886683868733
0.03111998537253463,0.28238139257433603
0.02574090250854777,0.5215434633195949
0.022485181968681545,0.6927804695463399
0.03609355701626682,0.14419520427310334
0.028734584300917243,0.3763256196352448
0.03602535411588792,0.14562785457690247
0.021985178473000466,0.7191566976855114
0.022359595022640566,0.6994315830590769
0.014683916053877089,0.9823257816348832
0.02843699083750939,0.3894306799875371
0.03526445422674007,0.16240419448390955
0.023391396496380612,0.6445238871767486
0.032432129713132,0.23878562365245298
0.022093226472588157,0.7134827884276369
0.045004627837250843,0.0337549332764037
0.01827497581741866,0.8921172285870904
0.0298852320089327,0.3285746540819169
0.034983591212766396,0.16897465439832512
0.03307389202399602,0.21943102260423894
0.031054945550755053,0.2846872981016416
0.02321074178086724,0.6541600377488473
0.027408594795435393,0.43713801018493337
0.03463175086513737,0.1775027339186619
0.02344418773712631,0.6417085733002492
0.026447511588210015,0.4851319018597575
0.03961602806185982,0.08437110204821673
0.031758153986095494,0.26048927034528285
0.019468242098419464,0.8429212481039757
0.01917614450651073,0.8556925956903172
0.035064940943874245,0.16705012165078237
0.020815000350383417,0.7791591588511961
0.015270207682381604,0.9738490455792501
0.041104457435223896,0.06627528075591532
0.032934733917605874,0.22352133731849885
0.029610082322052422,0.33957453762103923
0.03336205322818675,0.21114536883079374
0.026387888371267043,0.4882177788110724
0.020078644907590593,0.8149220643446545
0.02180999972983355,0.728318584309553
0.042038949678705806,0.05669660640327833
0.01644724422564514,0.9496097433361382
0.05584417991817964,0.0037567506438299352
0.029049111565974284,0.36281405045981413
0.026142038311600335,0.5013999473848147
0.04249995978282778,0.05242666375794406
0.016208130066859783,0.9553485332103039
0.03124359871544824,0.2780372109391208
0.018047915699432024,0.9005141918646746
0.054549036185484734,0.005006288593371539
0.03601421465779908,0.14586293710556753
0.02337670093416483,0.6453076641939998
0.022453222252592664,0.6944744441219958
0.023694637982633937,0.6283620025750466
0.02452273693773621,0.5845056118670962
0.03230946381143096,0.24262937385159217
0.02055041713124059,0.792227881399271
0.015599986649158626,0.9680604194231762
0.02842513966844451,0.38995905008022347
0.027642709528422738,0.4259462615021486
0.032105770127324185,0.24911613823607834
0.03653900598016768,0.1351167054414746
0.03757742267853248,0.11575298631485892
0.025567189761185577,0.5303679310967012
0.018832612363873125,0.8701333067229597
0.021764846621529554,0.7306719382637598
0.025002844765360688,0.559411976271017
0.022426499364277708,0.6958901461603697
0.037380049463554,0.11924632818133682
0.017757133224754057,0.9107718349076739
0.03747096296427066,0.11762660784868316
0.014820515230380749,0.9805502512648178
0.02703446438066659,0.4554293038112864
0.018126737119735892,0.8976370794236936
0.018803963962240655,0.871307779055411
0.02442643071158712,0.5895741712818654
0.03961661362231872,0.08436323682861066
0.027924261009892093,0.412745700477533
0.027483566919683927,0.4335327129934224
0.03294579348484217,0.2231941229421773
0.023954137569249745,0.6145622026596623
0.015528588930525944,0.9693782909934008
0.03245025770848825,0.23822155119297314
0.030320515978812357,0.31170305943288085
0.023520519445874466,0.6376388453491622
0.03590727040635866,0.14813549711403518
0.01680304704884064,0.9402904596099682
0.02127884665372204,0.7557505588334728
0.02063940973762607,0.7878575366935869
0.03337051672976066,0.21090574127651
0.032198804315537344,0.2461372338733228
0.03118739289043193,0.2800062457960489
0.02294351041627618,0.6684094033535952
0.020500176156983185,0.794683320880319
0.022812740285013233,0.6753748804765898
0.03162519632902794,0.2649414262436605
0.02187570646218273,0.724887839645203
0.02080730999992797,0.7795421374387561
0.027891558419592677,0.41426446641700765
0.04117677742002013,0.06548762752848689
0.016536944872556247,0.9473481941885399
0.027822657093433456,0.4174768314538049
0.027470312332452784,0.43416864635295976
0.024703502487529727,0.57502161335132
0.01566510918754893,0.9668268189225855
0.02776925742053976,0.41997810153173454
0.02487524840715638,0.5660501410181011
0.03052587575756016,0.3039667919249567
0.027442049459351803,0.4355267466741666
0.035490191726842424,0.1572729717122728
0.030446983658335175,0.306921951104516
0.04512968693779995,0.03299920457445458
0.02349263457830103,0.6391254075071237
0.01950597714833746,0.8412401496656455
0.01675556138266554,0.9415880736594668
0.016850475730331105,0.9389778972983897
0.017128406803141538,0.9309564085517867
0.027823372725093276,0.41744337987002805
0.03748056098403332,0.11745667113403603
0.022884287354194677,0.6715647840567125
0.027302335854076598,0.442282215167814
0.027223013168893556,0.4461486608665
0.05481165730821447,0.004725695358269293
0.020558661517247168,0.7918241257211277
0.020146024486149605,0.8117327983299251
0.02286128286893399,0.6727900861220568
0.028234043086263816,0.3985475762480828
0.025801985499416258,0.518454591027627
0.015283543669921046,0.9736296076176592
0.031219687952887876,0.27887359974159925
0.014656141443066262,0.9826725233463219
0.0229931365290465,0.6657644257847104
0.0210097881382329,0.7694005717350122
0.023428875659312398,0.6425251056924712
0.06102983470604206,0.0011122353410686588
0.031068876483642427,0.28419221998152094
0.02953003657319142,0.3428236868253073
0.028318831789983512,0.3947209067859323
0.0280859376119188,0.40529307501603545
0.020639964152096457,0.7878302274386944
0.03133601821834606,0.2748220164903204
0.01169282585693543,0.9991827548658107
0.022081476032933922,0.7141006224365636
0.016948560172893812,0.9362112557985307
0.03459568026405713,0.1783959973896694
0.02984103810630423,0.33032385348188753
0.023727562511851708,0.6266091536529143
0.018707383798737487,0.8752322400817991
0.013383580299604625,0.9939564784110589
0.020769456299138178,0.7814246086598364
0.03583621644500501,0.14966114180234566
0.02510606472821958,0.5540600189061669
0.02750661506133978,0.43242839402397143
0.03910416278979001,0.09148660285809654
0.02426829607897918,0.5979181933595072
0.03472326072279608,0.17525247366091923
0.03300193944531768,0.22153865797809003
0.027204805912664276,0.44703931179525075
0.02902691749218589,0.36375607968624163
0.01998545189237,0.8193026431483224
0.019797011664621778,0.8280478613334995
0.02932319171526515,0.3513227137230131
0.0173441722643648,0.9243442294295461
0.02974869173174477,0.3340006185864246
0.020123364431209767,0.8128073964153382
0.024496659002679416,0.5858770502369421
0.02485188591618992,0.5672681313322276
0.01832709784687281,0.890143099882088
0.021956628646059517,0.7206531236574435
0.017332242466732706,0.9247185145241649
0.02784977329108157,0.4162105834324974
0.025357273839055616,0.5411071155710605
0.036900468788560625,0.1280968116009225
0.03023973843908484,0.31478520737075527
0.023395856344011923,0.6442860302120677
0.022103761759716622,0.7129286896763762
0.02752603451086405,0.4314994102298703
0.019504914405515245,0.8412875898115304
0.039881971845056374,0.08086192668439728
0.02104419039167582,0.7676658685121629
0.02454241937594326,0.5834710346712371
0.021980834667703397,0.7193844543983485
0.018977859120149265,0.8641071524640631
0.027691548795044096,0.4236361733249281
0.02491095578912475,0.5641900665370465
0.02675740530498555,0.4692967615518281
0.03375360452806453,0.20027921757091777
0.039467979320985,0.08637959177168648
0.04464227378836921,0.036031013644064386
0.04188006825294144,0.05823588521268865
0.034060000112062006,0.19208547031990753
0.018356485722826887,0.8890224862302784
0.02947587083855019,0.34503493339205427
0.03594703202204008,0.14728724716604807
0.026215062725195304,0.4972339709082394
0.030430281085548017,0.30755029273762746
0.0221470443579683,0.7106507343433122
0.025241506152257398,0.5470632076366608
0.024089908006948213,0.607359307301834
0.03662124119855559,0.13349270321228837
0.016446577943311724,0.9496263197554546
0.021110613017340463,0.7643075078930659
0.02317530424187475,0.6560502871741523
0.03008328888778944,0.3208178006322008
0.038486402952939924,0.10073693043740904
0.037699727841951636,0.11363093421175183
0.022000315181805452,0.7183628252119225
0.019831566033400333,0.8264558219160552
0.046836866651388365,0.02407347336808366
0.018847464693909133,0.8695225705526732
0.028799216877894884,0.37352071402488535
0.027031091113908223,0.4555964964698864
0.055323283582731975,0.004220061462957651
0.0197792297557738,0.8288650654403167
0.030880147518552725,0.2909538569398209
0.022377337595767544,0.698492844107259
0.03128029719573151,0.27675715736676165
0.05883235154570349,0.0018876978880070943
0.041339153769335946,0.06374821674817727
0.018535006726909775,0.8820999756515762
0.022275843466513345,0.7038583734326228
0.022053225734805726,0.7155852455158299
0.03285099179421869,0.22601100256021928
0.013658481232588393,0.992207878940507
0.017348809117412656,0.9241984798577932
0.025930411640497586,0.5119850282880472
0.04213483533401918,0.0557846690552814
0.01505592360948993,0.977209503951738
0.0263077374716279,0.49238600415658235
0.03470293421080406,0.17575034182871033
0.02101543022415092,0.7691162975592144
0.026652461084301804,0.4746209569393969
0.018469005310560838,0.8846821682758336
0.02653139554981132,0.4808117902363863
0.029331938225019227,0.3509603164965524
0.028828586754207963,0.3722509893079868
0.02478442273236925,0.5707895781569885
0.03172415664094386,0.2616222815036575
0.01651275545487063,0.9479639050989825
0.015768205448083716,0.9648119085526567
0.05167170743511573,0.00924899007500518
0.019185517001073737,0.8552896351614299
0.03305229502983564,0.22006200639505943
0.022456594793171747,0.6942957305307677
0.023088386978312392,0.6606859253910911
0.02448414947167632,0.5865352024205998
0.031199735809705587,0.2795729531231651
0.019005693400889978,0.8629388748967461
0.029551484806445316,0.3419509018593937
0.04859662478345683,0.01718074745198496
0.018474615768962623,0.884463704095259
0.043335891575580376,0.04538880831941814
0.03174211280826045,0.2610234038541683
0.024946610938208935,0.5623345632618668
0.03599115101926609,0.14635063830009765
0.028527245720874617,0.3854230816890657
0.030439457282288473,0.30720497266426167
0.018296485028924225,0.891304644978204
0.027502702287374614,0.43261573542899895
0.023294355272737932,0.6496999078292757
0.03237204668536653,0.24066247536098728
0.028625593131814897,0.38108894000084187
0.030842871101786073,0.2923033432267487
0.02224183387011519,0.7056538057914383
0.01644853877684406,0.9495775268733311
0.0324781580590533,0.2373553932783309
0.016086207412504883,0.9581127921832239
0.020951430552395678,0.7723356819660177
0.03636571051991633,0.13859166966632186
0.018011475595066773,0.9018305497767887
0.03362294025277479,0.2038556328479871
0.01843720515064673,0.8859167694945469
0.027143784280631467,0.4500329597365687
0.03423571458718433,0.18750677338479757
0.01963750371228601,0.8353270893823691
0.03668992109074931,0.1321486194614737
0.030360265825397525,0.3101944864327057
0.024954024949057407,0.5619489714062826
0.02094208527485608,0.7728048114559564
0.013931286951746946,0.9901270453706058
0.03041887875470045,0.3079797832479211
0.04315292933035508,0.04685489170182028
0.02819296024581286,0.4004108955938427
0.025004143275486723,0.5593445463265898
0.02546327762540787,0.5356739832082507
0.032569847876708136,0.2345258808274637
0.03707036745882197,0.12490183642107525
0.020392384651782947,0.7999216073537336
0.03580098857281777,0.15042222988188764
0.059106734302778186,0.0017689174644554195
0.027011194595040755,0.4565834742372971
0.03193920784995041,0.25451767504314066
0.04200374686012709,0.05703460991578228
0.01719253912873442,0.9290259456956034
0.016371078050738536,0.9514834764080677
0.04415874867328934,0.039276809925590656
0.0239581034687833,0.6143516155124253
0.02606160612236416,0.505411630887545
0.023672614828537553,0.6295347461454378
0.02380018374991344,0.6227447575441066
0.02213550611654258,0.7112582266907552
0.01977721695106724,0.8289574788918995
0.032759024081131516,0.2287697749162015
0.033316560569541465,0.21243703316227788
0.029413844014543944,0.3475796073721165
0.03560401993470563,0.15473538276746215
0.03757851767272502,0.1157338437063366
0.024828868137049986,0.5684689038301416
0.02027728048162669,0.8054686935505473
0.029725757547214682,0.33491829539238765
0.04583381702478373,0.029015304708464845
0.013629824079744945,0.9924058692147216
0.021345125065580395,0.7523603995294783
0.021619240119505,0.7382358848170391
0.02375847820846755,0.6249637129847389
0.02055603501981984,0.7919527793286351
0.017345874941818856,0.924290727154911
0.048219312444685136,0.018488726198506257
0.02979855882608029,0.33201151725109657
0.028062730912838424,0.4063570931197844
0.02352949438886698,0.6371604279058534
0.025517082364724275,0.5329240581401518
0.028024501751850894,0.40811406106081416
0.027797011153760653,0.41867683318884785
0.02140033545777742,0.7495286079021308
0.024964413946299557,0.5614087922730336
0.028094431459403768,0.4049041140487142
0.027824025059123625,0.4174128886689558
0.04109033741652013,0.06643000440358274
0.022456840124982613,0.6942827298067646
0.0301859072713746,0.3168514967686686
0.017956311658294588,0.9038065890248722
0.017841042851690525,0.9078701381758929
0.019904759416957102,0.8230662351936409
0.017986577543048665,0.9027249251149653
0.026956412092489057,0.45930829157209535
0.025426838582038314,0.5375393618814744
0.023806825374605767,0.6223914723507191
0.03537177704586281,0.1599481709025662
0.03871429407588245,0.09723766524462205
0.02625562403639714,0.49510839102130255
0.016002022205378608,0.9599578957496516
0.027167666452017403,0.44885974572424325
0.021008763599774882,0.7694521832404378
0.027084976052361376,0.4529306004062743
0.022179820180511345,0.708924159999768
0.023288192935530527,0.650028618919829
0.017523626864721642,0.9185925337880096
0.01895092583906166,0.8652335278253138
0.033182878282907446,0.21626818125557415
0.034579979678992956,0.17878592330860033
0.016001007535889844,0.9599798186132786
0.03358454484081991,0.20491598075390424
0.03291480939862895,0.22411176901138083
0.025655716251666044,0.5258635513789243
0.022327104917176266,0.7011497674942474
0.019707123053144815,0.8321642752323662
0.03223720079960679,0.24491573329800215
0.024478349391135745,0.5868404167067693
0.031168123858870356,0.2806836771168595
0.017967625934859788,0.9034029431856606
0.02784691067081413,0.41634413585366253
0.03223680032474607,0.2449284496611789
0.037811251477527286,0.11172403790885412
0.016376730793301597,0.951345885097412
0.01913592669763342,0.8574164321660181
0.021570393417776612,0.7407643288037549
0.015381893986155859,0.9719734860608681
0.04585701738502301,0.028891585367756725
0.019332927219832707,0.8488916184699937
0.027473472955409695,0.4340169479147528
0.026825581623242,0.4658589736718341
0.02744740779410515,0.43526904652887016
0.01857663257921749,0.8804578294059578
0.016388136421246202,0.951067547729997
0.03258826943835824,0.23396053045182336
0.032356934582331964,0.24113631034365854
0.016963503236532174,0.9357835960342777
0.03132039454367613,0.27536358884935247
0.029598868579504195,0.3400283802281045
0.02262484736533099,0.6853679197115421
0.024887031915647062,0.565436109681952
0.0405106588211987,0.07305331978660705
0.028331427372181528,0.39415462036014526
0.016404644541740634,0.9506629928423704
0.03366182139125945,0.20278624195221392
0.02420128904020391,0.6014612177359846
0.03920769682857672,0.09000813802191014
0.025395238452090324,0.5391589644914103
0.03660151373833931,0.13388082836416995
0.025776942779651257,0.5197200576337587
0.023026854161216914,0.6639669355241431
0.025095529271638495,0.5546055184737919
0.036866945091503456,0.1287350607933111
0.016849480638741747,0.9390056051380075
0.017669263771096233,0.9137589758845652
0.03802957660600864,0.1080675413916184
0.04437642509211476,0.037785287812052544
0.022371740597312062,0.6987890087335566
0.03801050504094294,0.10838294819066688
0.015621458531375698,0.9676570188801699
0.01929896877058357,0.8503754544840363
0.05102794937985489,0.010562371804112364
0.05215543394908917,0.008361560013321515
0.0321544558859681,0.2475538474941816
0.03482033721750921,0.17289016356864706
0.047898980503770505,0.0196682229238854
0.023837532191627542,0.6207584128336284
0.02964615864196024,0.33811740708268717
0.033062608949517236,0.21976049723373078
0.012561281576794148,0.9974626487689667
0.02929264409663196,0.3525904949971684
0.022686415229075108,0.6820957852926468
0.030667087488796874,0.29872952455505475
0.0332410723526938,0.21459388858992207
0.021635136053585524,0.7374120577157506
0.03688821373527018,0.1283298316885158
0.028430984445620422,0.3896984055848498
0.03931511506672547,0.08849543763820551
0.037660949233281504,0.1143002568449493
0.025796608380471264,0.5187262027185365
0.02724930900017772,0.44486442729693854
0.025047438523979393,0.5570977576199412
0.025627864542102863,0.5272790757077591
0.024644887794350534,0.5780924378193337
0.024303097013254504,0.5960797515209509
0.02993334092567146,0.3266781221228903
0.05687531801693202,0.0029746578545377248
0.02995561862268875,0.32580258827717684
0.01900619262667902,0.8629178820761453
0.0313940410889062,0.2728177089688876
0.01812994146235858,0.8975192590684699
0.038926302674265945,0.09407392555453009
0.018770687460828994,0.872666057071014
0.029432467103640114,0.3468141840767208
0.0202804370889538,0.8053172302700343
0.04184038003460888,0.05862594717843611
0.01634467116149485,0.9521231163215591
0.023626967795218834,0.6319661027772501
0.014145773202195455,0.9882268103598876
0.03686330483349365,0.12880452296459644
0.02770577811653696,0.4229647291812261
0.020445789258640268,0.7973314899350343
0.036343298244227995,0.13904634294716822
0.028614045402153843,0.381596074698849
0.04656882438349963,0.025315083663191483
0.032475194562484044,0.2374472795765538
0.03355303108270541,0.2057894932436001
0.024517360666679755,0.5847882857718782
0.017992945573577446,0.9024965662416794
0.029641198671353397,0.3383174745893152
0.041742125059266444,0.059601270602283915
0.02096654198943615,0.7715765676761053
0.014908562116564328,0.979342935233108
0.019005314497033243,0.8629548071737445
0.04349828336594924,0.04412106885287519
0.022852157639234705,0.6732760669154412
0.021154279908999096,0.7620933448271777
0.027298582840696473,0.4424646429525969
0.030945740831218205,0.2885904488091664
0.03122229220777084,0.2787824129729102
0.023690936464909385,0.62855909564923
0.023432087134745705,0.6423538469091181
0.033572824590949124,0.2052405093489424
0.017894332508002098,0.9060026003200565
0.016807406427246763,0.9401705042622199
0.02794025332960315,0.4120043752423898
0.019205160978284175,0.8544435608559968
0.027248520612486504,0.44490289460827276
0.022607462131618128,0.6862914226268078
0.016635459156159937,0.9447960882215658
0.016954885715525947,0.9360304219614464
0.027432352108544,0.4359933851022984
0.017220712704918983,0.9281685294104705
0.0384966605109871,0.10057720245987693
0.02307736393608195,0.6612737454506974
0.04185472962138159,0.058484659206827265
0.021288092000170677,0.7552782804771199
0.03021409250705928,0.31576838787796596
0.020449373247929503,0.7971573017322815
0.02086123341125312,0.7768529946696816
0.01543824520465431,0.9709943770535295
0.02094067678255848,0.7728754956144365
0.021134431048819957,0.7631004105408237
0.02287374559869282,0.6721263032982179
0.021819696293707835,0.7278127497271512
0.02131940610241989,0.7536771582116606
0.02993853614532982,0.32647379311427555
0.028092911048265223,0.40497371978667596
0.01688808043129758,0.9379255018671155
0.03358400968114317,0.2049307903612309
0.03129407041832247,0.27627788125452846
0.026931870840215866,0.4605324184663417
0.024683733790883067,0.5760568036248631
0.01934835327481449,0.848215627982434
0.028181894605134095,0.40091380408898625
0.021867880180287513,0.7252968454849544
0.048197357074713953,0.018567504532892486
0.0258109775364761,0.5180005114405962
0.048199463393710285,0.018559933846128633
0.022609214636045427,0.686198339380879
0.03752929997967536,0.11659684522563327
0.014289379534274171,0.986815749686479
0.016463167855432587,0.9492126056836329
0.02017212436204574,0.8104925488498578
0.018901777572575995,0.8672785193772137
0.02080243613284105,0.7797847622091775
0.02999139655515426,0.3244000416026838
0.019836083642093966,0.8262472897325078
0.02589278505450293,0.513876974021725
0.03308491124832319,0.21910962155448271
0.02700640475311822,0.45682128801382116
0.03610176990460073,0.14402345920844173
0.042575626794150306,0.05175300266635165
0.029422821690605006,0.34721046750385254
0.026040365154004208,0.5064734013338611
0.025738584125265085,0.5216608472271838
0.019817394766380114,0.8271093812206982
0.01841291747111698,0.8868555053641581
0.023829675479837054,0.621176200720867
0.017520649209752326,0.9186898190373356
0.025658763048360456,0.5257087931865393
0.022520438639079376,0.6909107271658022
0.033455532641482544,0.20851039761677786
0.04970895284210469,0.013793032178745203
0.03378265324518215,0.199490835014814
0.023507840465721908,0.6383147463504784
0.030430609928276203,0.30753791276451714
0.039073531436156606,0.09192789875403257
0.02257409615336714,0.6880632098103165
0.019392593801936475,0.8462702834882478
0.023460421430982703,0.6408429437702821
0.020670249228249005,0.7863369247781324
0.023698055195234047,0.6281800530800326
0.028957932210775916,0.3666951935341396
0.031215966057062505,0.2790039588088922
0.026872876500081577,0.46348387103510336
0.021467257633164705,0.7460869914732895
0.028656313919117826,0.37974208564584944
0.03726742759237617,0.12127819850259293
0.03236223559773499,0.24097001772246682
0.022512107633326228,0.6913526333247797
0.01957909987076778,0.8379629251781378
0.021195744353748547,0.7599863224427946
0.02644875283584358,0.4850677938176524
0.031640455604177165,0.2644275713060355
0.01825843763971169,0.8927400187756886
0.029648615753762153,0.3380183274594364
0.021956902114929178,0.720638795700858
0.02582434103983089,0.5173259845094851
0.013948062594411337,0.9899870720525699
0.02754714210011755,0.4304911958096682
0.021843900897753565,0.7265493948295538
0.023492437227518884,0.6391359291070347
0.01837079691267346,0.8884748152271912
0.019639843928198064,0.8352211385527464
0.047057743266830876,0.023091239167597363
0.018508100432620633,0.8831558464812161
0.023753418350427102,0.6252329844004461
0.03173679230644827,0.26120074638222485
0.024411409628347647,0.5903656494281964
0.023938134680888234,0.6154120552620373
0.036666499627391325,0.1326057378006332
0.0254408273575506,0.5368229675448959
0.023429433424635215,0.642495361535009
0.040454104949104175,0.07372852172525347
0.04339468966303295,0.044926186650509015
0.024050117249085012,0.6094688599751668
0.03240051455572901,0.2397718066416845
0.0322018858382655,0.24603903110538453
0.029193286647668293,0.3567365157725559
0.035971642644522794,0.14676418888760293
0.03884841682015283,0.09522604296639368
0.015240206840950288,0.974338248093675
0.04113657767269352,0.0659244599305322
0.023112373818985496,0.6594067183918245
0.03026276727001423,0.31390426233050106
0.020878714384420793,0.775979358650943
0.04436883058596164,0.037836480186056565
0.02037322345665632,0.8008484127757933
0.012399833269807314,0.9979058957637035
0.04068450068082566,0.07101057869857406
0.02199254674607254,0.7187702969659464
0.020985420340163596,0.7706273182858502
0.016234495799127058,0.954736404121584
0.04414115826811016,0.03939955334479146
0.03435544215420239,0.184436572979617
0.03967680228563447,0.08355807184207466
0.023562309293416628,0.6354113944514922
0.036219756432267936,0.1415744020483389
0.017072320550681225,0.932620337782659
0.03333261914988417,0.21198038577476686
0.03100720767529097,0.2863886714990532
0.03280720521291447,0.227321263125737
0.04667059291596415,0.024837152524185387
0.015696930755217497,0.966213026473217
0.021338573418583973,0.7526959765164073
0.021417565489114776,0.7486434577414416
0.0245387335536284,0.5836647397689327
0.027042050929154238,0.45505343237739754
0.04431453457931828,0.038204242592522426
0.04007347183749843,0.07841202905345443
0.028969967510611982,0.36618122796976793
0.017711434077038735,0.9123319945847519
0.032574206070648426,0.23439203511522685
0.028676359683144248,0.3788650390776359
0.02471160219012758,0.5745976179344234
0.04334653311390757,0.04530477589850136
0.02990785389484152,0.3276818731535287
0.018808754651312654,0.8711117074993731
0.021514012972581376,0.7436767694676273
0.02874023878340437,0.37607964064366406
0.02359209319716793,0.6338241998214551
0.022194081742789806,0.7081724702456482
0.021103456509533824,0.7646699090496267
0.019249005123358226,0.8525478829928835
0.04051223396131998,0.0730345894146599
0.027681991008649598,0.42408758539047875
0.01818439772758179,0.8955067952700128
0.03399205482534429,0.19387936014655394
0.01815427734976717,0.8966222810940032
0.061138985213076036,0.0010828438846297481
0.03291015257058763,0.2242499400690839
0.02640886693749034,0.48713056448250813
0.02845896978648732,0.38845209115875934
0.029525324704646028,0.3430156387452908
0.021620877507090963,0.7381510477305133
0.03622909678861863,0.14138197488265056
0.01870747768448372,0.8752284515066976
0.01486053413808952,0.9800076817001113
0.02453213403515797,0.5840116113694243
0.039433008317863394,0.08685984776773259
0.01633760283258323,0.9522934566625286
0.030037637090323588,0.32259383713038514
0.038130863931687076,0.1064051638850132
0.023660937480420974,0.630156652980719
0.021420357562060954,0.7484999598776834
0.02800095819013726,0.4091986823584115
0.02681371999813914,0.4664559044396502
0.029864827736699018,0.329381423419208
0.020298570610294164,0.8044464016893897
0.01842254388568687,0.8864838742965115
0.0408486085167179,0.06912697397732712
0.02132540145912487,0.7533703459231562
0.03801074714744446,0.10837893944407713
0.017281105172498368,0.9263114082273759
0.01838252455367051,0.8880250597345221
0.04104174693557222,0.066964803378559
0.024397087661094885,0.5911205155195771
0.048382326832583145,0.017913088209019646
0.023262750156051448,0.6513857965423386
0.02921331353045442,0.3558980546187643
0.022763347222181096,0.6780037942971768
0.0281697064380243,0.40146823216304445
0.037125239717446745,0.12388401435618558
0.03736645266771249,0.11949013918225886
0.015433181389854014,0.9710832666490482
0.016186230602498644,0.955853084112157
0.019506746381687284,0.8412058081717944
0.024550364027593308,0.5830535650111934
0.01535169745826881,0.9724890731824491
0.025751577553246585,0.5210031045634692
0.02034537524276711,0.8021930052519565
0.023422733305218046,0.6428526648538183
0.011820010653675467,0.9990193044971584
0.028794149394178792,0.37374009968129057
0.026656538923612194,0.47441334058831247
0.024066453526139564,0.6086026239484418
0.032920872673275925,0.22393196621587197
0.030818104024823434,0.2932025215999325
0.04014623424479602,0.0774977615761685
0.03336504489611103,0.211060641408107
0.026128577474545223,0.5020703431797983
0.028358857692623862,0.3929233230492517
0.03290379028886109,0.22443881922253894
0.020961834480665353,0.7718131160994525
0.029876614329462314,0.328915216098599
0.03159990785954944,0.2657946674785236
0.029742371486212615,0.334253332663947
0.030031945908258584,0.3228157460563343
0.04276185149124606,0.05012678671808385
0.0431975235338381,0.046493824700896476
0.025095478299143936,0.5546081581299369
0.01821214254997766,0.8944741188329259
0.0349562571955333,0.16962526407350192
0.0395034834789636,0.08589429965974249
0.03876933521590045,0.09640788796319283
0.019889765862154185,0.8237624840977106
0.024339216192618363,0.5941729284171904
0.02252697303191073,0.6905640799444351
0.03452828618567225,0.18007451353541248
0.015615601368083043,0.967767384737559
0.03231901086516209,0.24232853219341427
0.029592009498891847,0.3403061954228321
0.03420171520364068,0.18838593567468878
0.016786069888298977,0.9407562852996836
0.01906923285963877,0.8602560228944396
0.030316436903614408,0.31185816998685983
0.023418888862708376,0.6430576843646512
0.018946601855378026,0.8654139849817765
0.02754515905965854,0.4305858490532675
0.02065796513841235,0.7869429913745831
0.018789752914583402,0.8718886264466879
0.02692582706481525,0.4608342140830509
0.042427166622406476,0.05308186354319182
0.03150669244879872,0.26895763798565464
0.03289308759409815,0.22475683041975503
0.03679714957651514,0.13007222205873403
0.03675263165683906,0.13093101920514086
0.014997584188734203,0.978071170666455
0.02381979076925611,0.621701878710808
0.027208841725917976,0.44684178836009053
0.024925722739182532,0.5634213644300077
0.019030308193351213,0.8619021738040537
0.021502076241622814,0.7442925424783511
0.01874113385908971,0.8738669980922519
0.044085454668695956,0.03979045604142627
0.03951781023207668,0.08569912334648401
0.02094579087242665,0.7726188216504357
0.03566314042882812,0.15343045591880997
0.029440449742349162,0.34648646048741233
0.01972847309589254,0.8311898718669777
0.01842465347199629,0.8864023563389064
0.022960584707081066,0.6674994627974313
0.021074010627788242,0.7661596030202107
0.01766453848861116,0.9139181101161461
0.021737321386073316,0.7321047897033044
0.022874837332666487,0.6720681528916763
0.02448119727159792,0.586690549597918
0.023995152862111846,0.6123848380710503
0.031125590582076534,0.28218331950501935
0.030667148096668373,0.2987272910918336
0.03058363896770147,0.30181637273002243
0.028840493421535718,0.3717371024524265
0.01109038293114313,0.9996852165822268
0.02207981528117009,0.7141879291755793
0.02357083204732885,0.6349571848422804
0.028524384327444863,0.38554969419465795
0.030089287513050206,0.3205849593810161
0.01608235652382195,0.9581983243959225
0.021156397423310047,0.7619858491972865
0.02051682120442669,0.7938707865396151
0.036541353998798654,0.135070114054798
0.020735164639636205,0.783126106407633
0.03094774951249446,0.28851829885134367
0.03402617978469258,0.19297675545136989
0.030776135473077004,0.2947308728088979
0.017259890029006297,0.9269667674337645
0.02913938085871015,0.35900034081729226
0.022843160043768296,0.6737552146199892
0.027269199274393086,0.44389466774185093
0.020316689201973326,0.8035750557804124
0.01680821323272086,0.9401482884235518
0.02763535949779139,0.4262946530313339
0.0211821500587982,0.7606775994156698
0.015723022525077957,0.9657043452534321
0.025223666262813416,0.5479830755514301
0.02282422761459313,0.6747633012406137
0.027502529323789382,0.4326240180886358
0.022323234416434468,0.7013543793524686
0.05426904649110126,0.005322188920887412
0.02302209273415401,0.664220785540485
0.020538963173766717,0.7927884363668651
0.05139643442327363,0.009791322691118308
0.0323773851731749,0.24049525891894383
0.018154198937790023,0.8966251773789002
0.03874381354945389,0.09679190394376228
0.026547046978926014,0.4800084976167708
0.04423357344831241,0.03875841404417238
0.014935714801810274,0.9789605134586413
0.018656764408298332,0.8772673306471532
0.027360790719914263,0.4394473118404597
0.0217618410903595,0.7308284591102941
0.02979961532603309,0.33196946816250633
0.020862453367558875,0.7767920550490288
0.027923035347488412,0.4128025537185476
0.02560347928950482,0.528519646680759
0.04344226758257186,0.0445548465506484
0.027146595176807287,0.44989476845427323
0.019322148687942575,0.8493632306977157
0.023099133138960726,0.6601128495128038
0.03938426792258609,0.08753294025572037
0.0262037970492372,0.4978253746049002
0.027459790216558866,0.43467392667662064
0.04930456145409412,0.014948092966220178
0.04624817985098961,0.026874582081400613
0.026120985704502164,0.502448614741341
0.022983752020718784,0.6662646595814551
0.022124922875846165,0.7118152876013717
0.026118293803555126,0.5025827731524748
0.024099194870599416,0.606867133667015
0.02342671461102619,0.6426403492272502
0.033111818091078105,0.2183263521670381
0.03635442616561452,0.13882044184560302
0.03108663027763514,0.28356221304553897
0.016673274221957413,0.9437974662584803
0.018695346885473807,0.8757175374310119
0.03835696807387723,0.10277066328090623
0.019967605988415793,0.8201373754514669
0.025964839778331972,0.510256500826139
0.020925155255967387,0.7736540551487313
0.02354786737324599,0.6361811095137915
0.0263658353782269,0.4893623620878376
0.030923960598826628,0.28937363367476043
0.021048219136124147,0.7674625110017771
0.025610416549951553,0.5281666059177677
0.021338112323755765,0.7527195901631207
0.03697978311021527,0.12659706779103375
0.03458160465957272,0.1787455354005979
0.04548070943537019,0.03095679354015797
0.01363630185807052,0.9923614450483178
0.0204238107090553,0.7983986859804152
0.014865806860082403,0.9799354294738998
0.021558223378717545,0.7413935444179456
0.025990142768805957,0.5089877111176676
0.05468520088150308,0.004858954159886967
0.036640302030512745,0.13311856522679477
0.018417085598349786,0.8866946638336269
0.019131095703054823,0.8576229214189149
0.022310702442145613,0.7020167664502488
0.024822900939817427,0.5687803166275602
0.04452694835591137,0.03678306891974504
0.020977696629756237,0.7710158064061656
0.03409063970498194,0.19128080669899736
0.014401917323342062,0.9856286714737607
0.032253146706833546,0.2444098081085847
0.027545191739028585,0.4305842891083584
0.02071803180542031,0.7839748273566081
0.03184969463962706,0.2574569536511776
0.01910105177361321,0.8589042709998794
0.017296655957355522,0.9258289847168855
0.027206159753208947,0.44697304475608934
0.024258977318555752,0.5984106762945153
0.033393439199542296,0.21025779811860032
0.023024594818986888,0.6640873904614322
0.02680740248478697,0.466774035176587
0.02976847962703444,0.3332102928012208
0.023210949557621263,0.6541489546447102
0.019025055913479583,0.8621236629941825
0.021958437522019557,0.7205583484494709
0.027092828932975488,0.4525429534349761
0.021462116282177646,0.7463517424816071
0.019492765588186176,0.8418295151466268
0.02193688189049836,0.7216874228602597
0.0227762952203181,0.6773147668296137
0.028517064080372412,0.38587373627362115
0.02542884782485544,0.5374364426646963
0.02247679980644575,0.693224839486764
0.021178799660889203,0.7608478971795548
0.025429282120569968,0.5374141977403452
0.02771966448467736,0.4223101641298993
0.015904875095162807,0.9620228242801657
0.03630892457572038,0.13974602805152087
0.036053041866941915,0.14504487125715856
0.03331853771144122,0.21238076924820354
0.01384900046729931,0.99079303250929
0.020225527058165826,0.8079465599284827
0.02416047888318351,0.6036210585110386
0.01939495296191751,0.8461662704246955
0.01602279050643926,0.9595075262782549
0.042238033309900835,0.05481731112931618
0.024224016150439787,0.600259048963969
0.023139171330734898,0.6579775160396846
0.02387690931218743,0.6186650385079699
0.028185093811511686,0.4007683626646149
0.03192807028995215,0.25488200056089044
0.028072848745735346,0.40589295900482025
0.029295148689196304,0.35248642750173215
0.023879025738806847,0.6185525507945636
0.03435148084081974,0.18453751460589687
0.034097730444882485,0.19109496659160655
0.03925213556244217,0.08937972690850955
0.023421062818801852,0.6429417495877863
0.01759189011843293,0.916345279389664
0.026821532852701835,0.4660626697528282
0.02247433173572827,0.6933556695750516
0.03241707583855713,0.23925481712690344
0.028758843378370647,0.3752711063076678
0.01984483458925579,0.825843091764139
0.022183986483501394,0.708704590735723
0.019881550417461313,0.8241435686369154
0.021316676014411548,0.7538168425124361
0.0343062659608836,0.185692768319466
0.019690261518507612,0.8329323510520625
0.02382505332572693,0.6214220043181315
0.02229339673741726,0.702931196104402
0.013657879700104902,0.9922120737962046
0.015963601485075224,0.9607827695919884
0.0517927595715163,0.009019239346447711
0.02205140287880658,0.7156810033885013
0.021215958328026474,0.758957573827886
0.021727596597066468,0.7326106995656224
0.029908003986036158,0.327675955616042
0.01961838938473595,0.8361915105206743
0.031095430213678082,0.2832503259630703
0.04658029856875534,0.02526079368344939
0.02642083756924629,0.48651088762275435
0.022059594226749357,0.7152506611554728
0.022385375894435733,0.6980674441722747
0.018082684411242056,0.8992500792028789
0.030106314391754485,0.31992471708262143
0.01852583474707928,0.8824604016191562
0.01758887762499095,0.9164451364092185
0.013907360416290926,0.9903242079919441
0.04203756321281138,0.05670988605776886
0.024157345416886522,0.6037869543943792
0.017884091995024498,0.9063629619120289
0.018368228357602025,0.8885732048217153
0.030377387352666374,0.30954634424826394
0.01909378445087473,0.859213487920988
0.032624742080107905,0.23284428323938253
0.03262697305282736,0.23277613705354405
0.020116999853463158,0.8131088519921634
0.02049354345151011,0.7950068309570235
0.04223394716412454,0.05485533751285914
0.018656211901505126,0.8772894600087041
0.025234272737395647,0.5474361157287215
0.02518111362834541,0.5501793312322516
0.024766944916609246,0.5717029062030516
0.019514999428862034,0.8408371803489034
0.0176875125402699,0.9131429649331317
0.03146963802030872,0.2702227813733264
0.049422627868915214,0.01460219722542572
0.020285250218883166,0.8050862096199048
0.029742054971021115,0.33426599209753804
0.027933607294367613,0.412312342164423
0.030940420306065586,0.2887816217639424
0.033272088892138174,0.21370563406441262
0.023304104711439177,0.6491798568059834
0.023634863763429187,0.6315454717257687
0.027632645287988256,0.42642335532040704
0.04435026511237228,0.03796187992516908
0.036197949103652205,0.14202449689894356
0.013880357146041189,0.9905432522149943
0.017752231709800226,0.9109398550752507
0.018742661673814387,0.8738050382561502
0.028580219189426104,0.3830843102912881
0.01829009628812034,0.8915463072459797
0.035660392375064576,0.1534909148889394
0.029808142689638606,0.3316302165839134
0.020760131358389278,0.7818876606334907
0.020266858598479653,0.8059684978057696
0.023630006189102548,0.6318042398323017
0.033131149319865966,0.21776495133442034
0.02298322306596587,0.6662928543383904
0.039793269894647154,0.08201841897868117
0.07619235308154276,1.7026811556091768e-05
0.03502368653031018,0.16802390018568478
0.02183142561054885,0.7272006622680088
0.03219827827338245,0.24615400090244005
0.05224849836000023,0.00819997397293329
0.03750280951223561,0.11706352957463546
0.025273332220141415,0.5454235100073088
0.03579972484717475,0.150449590210355
0.02238054729566097,0.6983229891594249
0.028278209203333793,0.3965510961079492
0.029195178310103514,0.3566572580387201
0.020884190825410043,0.7757054801931064
0.030981056373281524,0.2873238967025412
0.04511609803554173,0.03308059618120182
0.01710144535505112,0.9317591222843855
0.032541114245659974,0.2354097943074644
0.018175833109469464,0.8958245748830355
0.04281988713271684,0.049629097770460685
0.0424641778857231,0.05274785413416869
0.048137127344131725,0.01878515678373245
0.03818062792595933,0.10559621535114143
0.022457043956944922,0.6942719282188436
0.026356622371215943,0.48984104282366736
0.02121313115791723,0.7591015181644531
0.038606302741161835,0.09888301909698705
0.023818242185932273,0.6217842387290748
0.021212541490303383,0.7591315383700165
0.02007077695586157,0.8152932813882332
0.017861354829927456,0.9071605588895222
0.02238534501597278,0.6980690784325989
0.027942913734356645,0.41188114029684386
0.018924348015875836,0.8663410751196389
0.02281771825269474,0.6751098638702394
0.040361353465588445,0.07484735021714704
0.023195486599042026,0.654973764196809
0.02096586840355741,0.7716104186533606
0.018923094443077604,0.8663932162289295
0.030788627198208185,0.2942753529603446
0.03446019033788783,0.1817831900124569
0.0199595104643695,0.8205155964386784
0.02348089011389587,0.6397515702525578
0.025917895298234295,0.5126140496662916
0.020009890194095048,0.818157388925848
0.018026170804335745,0.9013007541852458
0.03523591124869596,0.1630624432019821
0.027363744887345387,0.43930436651602917
0.016253580939530277,0.9542901169361482
0.03320854122093697,0.21552859298255087
0.027067402019833597,0.4537989166876474
0.021322414709832316,0.7535232032903058
0.02069534277888002,0.7850973552794503
0.02583663984467599,0.5167055194830977
0.03844383263506146,0.10140208269196171
0.02411440779611851,0.6060610487668942
0.0368704402520833,0.12866839614409664
0.03404364062913168,0.19251619543884355
0.026861854442518207,0.46403667490402617
0.04135647569638268,0.0635650129559398
0.027847780313590698,0.41630356053302287
0.025371183580467638,0.5403930426074981
0.028711919503743855,0.377312705531318
0.031082168019221812,0.2837204618620104
0.024625070696949497,0.5791316399022706
0.04328127444708518,0.04582223201342826
0.027738737811356495,0.42141222079953916
0.024341927960975562,0.5940298200846161
0.040422789325848474,0.07410467410424583
0.03290516247472686,0.22439807231460202
0.02301366113770459,0.6646702924152922
0.02367046679923035,0.6296491406945259
0.023784520981885438,0.6235779939018915
0.021130005550397013,0.763324806667036
0.01613986844785842,0.9569096170579942
0.021940093714150066,0.7215192338495559
0.03249326520281043,0.236887403415152
0.01744308265598131,0.9212021450640675
0.02281524774892127,0.675241389817641
0.02627978469596859,0.49384504798027035
0.01927330402414501,0.8514929714965837
0.038279120961788204,0.10401018601001398
0.026119353974690784,0.5025299346655462
0.026739552538567857,0.4701997249250468
0.03474012097550805,0.1748403571778282
0.04542936061009334,0.031248442364854547
0.023041812726915967,0.663169401126902
0.029522960993976777,0.34311196048958525
0.030113276889240204,0.31965502095423515
0.01792501773147065,0.9049185856611448
0.02075190333887711,0.7822960176358779
0.029053527687088576,0.36262681375139744
0.021425424851352903,0.7482394838895903
0.028667472227339036,0.37925371000708746
0.018857217988325736,0.8691208254584603
0.022949329519144968,0.6680992965200319
0.01248096162566742,0.9976915481586708
0.02737903637562028,0.4385649448027153
0.024235004319823394,0.5996779898226762
0.027629717299277767,0.4265622240316626
0.02723257727333861,0.4456812842753539
0.034652834731771165,0.1769822521340881
0.03184728614787624,0.2575363925358346
0.022056487529375945,0.7154138861380182
0.034644515751211025,0.17718747178461983
0.02038020271501262,0.8005109887145242
0.027540347340059557,0.4308155773659607
0.023093866309803146,0.660393723741918
0.021118316078289623,0.7639172791870993
0.03939864428989992,0.08733395218513694
0.029479161659805797,0.3449002994191105
0.020673003732424533,0.7862009571975417
0.017967667320668013,0.903401465152312
0.019727394207671223,0.8312391615607251
0.040242354401588964,0.07630384141346308
0.027442614443559443,0.43549956987074395
0.026357508467768465,0.4897949907429739
0.01924278647829225,0.8528173669905682
0.03265138154914127,0.2320315666232468
0.023974320210201405,0.613490627375997
0.026610057654089803,0.47678336766978086
0.037124521850591674,0.12389728597937004
0.025071052722506204,0.5558735302067408
0.03450426266383688,0.18067585893251192
0.018497542796014343,0.8835689505833441
0.033493819246003864,0.20743860540983675
0.022675401514938576,0.6826813108009095
0.01827504491644566,0.892114622830919
0.02182319402311117,0.7276302469398941
0.026034349749576746,0.5067742692351934
0.025218492981754437,0.5482499220276008
0.023051312576957694,0.6626628780445822
0.026858573852958978,0.46420129435960283
0.02542644848458997,0.5375593446414699
0.017002957692409615,0.9346466221700089
0.02797742552636462,0.41028477232674027
0.022331794767288637,0.7009018201269126
0.029958505642994515,0.325689250255544
0.03306969975970833,0.21955339537076082
0.01403264996285769,0.9892591894879877
0.04239324542272965,0.05338958626241316
0.05280090432891771,0.007297889449905998
0.02590839663991329,0.5130916323312338
0.028326554752930444,0.3943736223762873
0.027688529780225568,0.42377872550822443
0.022969662583508077,0.6670156372687139
0.02660748801091839,0.4769146153686986
0.03817638005928159,0.10566506758359925
0.01908374395996748,0.859640231533563
0.023601132354478693,0.6333425580192071
0.02008306517391567,0.8147134017371672
0.014296372436262694,0.9867440960674527
0.04795222215104861,0.019467647772556794
0.01477982496513408,0.9810914512457393
0.026158793008631998,0.5005660632796147
0.026666073544932833,0.47392813257564653
0.029125417664043834,0.35958839524535907
0.014916143223424105,0.9792366437407943
0.029555018385903353,0.34180726416574286
0.018069317511041794,0.8997370068524829
0.022506278201413266,0.6916618129587833
0.023052094164588866,0.6626212036341355
0.022754525272626336,0.6784732026696659
0.03489430735187174,0.17110719850954267
0.016149416746089162,0.9566933141732982
0.02373403710410482,0.6262645154144347
0.025993726944513296,0.5088080964096222
0.019433947474834956,0.8444430213227386
0.037391416114713305,0.11904282117866606
0.017460020470338677,0.9206571498295811
0.024084928102982905,0.6076232544868498
0.01903911108631784,0.8615306163884087
0.04610200864281094,0.027613259169117665
0.01790445941713148,0.9056455447034917
0.02242940993863385,0.6957359840960055
0.016809734616117344,0.9401063832983109
0.033583045612205265,0.20495747138920933
0.027201146880143467,0.44721844484224177
0.026443077511892787,0.4853609580910343
0.02360043392635902,0.6333797720127149
0.04233898710798789,0.05388499740103412
0.020154896125957555,0.8113115259354666
0.03499598564363293,0.1686802962482577
0.017568981525380722,0.9171030602204534
0.02382806767560064,0.6212617014982282
0.016113497522742243,0.9575035376862362
0.023037962501239573,0.6633746857074296
0.01889234383039179,0.8676694923148986
0.03396838261201787,0.19450743577471838
0.017848316669623387,0.9076163542350635
0.02935214710302947,0.35012401380666713
0.025061607755595627,0.5563630798850145
0.01447850448795246,0.9847787702459933
0.020441438249871047,0.7975428953133232
0.04106602105725321,0.0666971792038619
0.020235008240921115,0.8074933848473007
0.019338751437131818,0.8486365352968701
0.023869089909944186,0.6190806619402395
0.025788601900927605,0.5191307380886737
0.02596015246135211,0.5104916895528762
0.017355076992140672,0.9240012197670235
0.017917851460981238,0.9051723118812487
0.039357205098177084,0.08790855913591163
0.024542490829823432,0.5834672796342282
0.03342535782187872,0.20935814373189024
0.019696071807239535,0.8326678284972394
0.03715532323389403,0.12332889015697802
0.0482348083031347,0.018433305144934027
0.0390498120716703,0.09227083935216024
0.026754667131606125,0.46943518004743207
0.024910357969371355,0.5642211930844945
0.03351845426044536,0.20675124762314448
0.03054201278039803,0.30336491030163903
0.033340543292311176,0.21175533333436475
0.02433830032324713,0.5942212633347507
0.024947347258284625,0.5622962646891061
0.024237976927121124,0.5995208162032089
0.013802479030029818,0.991154654916066
0.03728450847625192,0.12096821595225556
0.027847878524894676,0.41629897841261243
0.01822586467099191,0.8939615497632142
0.020203198982900183,0.8090124088953549
0.015639618521113507,0.9673132802504907
0.02086232971859492,0.7767982318002907
0.023647244917398003,0.6308859553205933
0.022247646863885695,0.7053470198072622
0.02191280191943179,0.7229478774894027
0.053892106317902755,0.005776311140961853
0.03237687635115272,0.24051119282777153
0.040239573576345056,0.07633816234292264
0.023130289741904564,0.6584512122728283
0.028597170363547558,0.38233801247103627
0.019495497021764674,0.841707735958702
0.025386350642301436,0.5396148129429905
0.0316297555043612,0.2647878177057868
0.015202567211609203,0.9749433308546919
0.020862458447980403,0.7767918012610537
0.03150220909515439,0.26911047555797996
0.03251816755787393,0.23611751918354026
0.029318588600804385,0.35151354321474565
0.01548868522540281,0.9700991627342906
0.015428248445703563,0.9711696867781877
0.027206638560869467,0.4469496099096742
0.0277927827533464,0.4188749097570602
0.023305992495457728,0.6490791598162369
0.020903867553251243,0.7747207150453503
0.016371558475295256,0.9514717917317226
0.023182441479239313,0.6556695919010128
0.015046117878246446,0.9773559081625287
0.021310453579000188,0.7541351464744415
0.011578112459215494,0.9993104023156982
0.034119628974927374,0.19052192825516043
0.021560998834000422,0.7412500740946046
0.0328827056082483,0.2250656442151079
0.024306673572787707,0.5958908780809902
0.03904361673025103,0.09236058940122753
0.035278307762429684,0.1620854766454036
0.022821980693224414,0.674882931047107
0.028313171364153455,0.39497557780804393
0.020682404108593344,0.7857367520970645
0.03411410341218912,0.19066639282584202
0.022236341371487667,0.7059436415480148
0.02791895542680753,0.41299184233605485
0.03221839111056757,0.24551354443300683
0.023109884799150104,0.6595394610078706
0.034254606453306635,0.18701966430074254
0.04087953599569372,0.06877679766408755
0.02259341510377466,0.6870374421991453
0.02989151585988914,0.3283264833984637
0.0486265410611032,0.017080671460859426
0.02104552151464434,0.7675986827671826
0.025834708883322954,0.5168029145637318
0.03830393524956863,0.10361373837868847
0.05059859609034345,0.011529777692478645
0.021274901321410966,0.7559520351483519
0.024400507789227643,0.5909402314183727
0.03127504522013001,0.2769400773858949
0.029700274981930952,0.3359400695126497
0.022655380327426422,0.6837455040245228
0.03411670031024844,0.19059848678643154
0.031502909375726085,0.26908659869114687
0.0199958574116062,0.8188153135441462
0.03353173713793878,0.20638137071735937
0.06162551838485958,0.0009604372045836822
0.01925897664228171,0.8521153497567562
0.01906075712464439,0.8606151700546345
0.03730291155384069,0.1206349671361334
0.017901007845487982,0.9057673177889607
0.02482807208490509,0.5685104448929788
0.03277349591352441,0.22833395137091997
0.03627041065420622,0.14053338220560024
0.01791413263943198,0.9053038437305873
0.037764489212981145,0.11252036197575126
0.0448770283516422,0.03454162157613121
0.035308966482609616,0.1613819155470872
0.0181717145809015,0.8959772195189928
0.018915525923450943,0.8667078339757103
0.017776675482399584,0.9101003128897817
0.01452882678811851,0.9842014338647709
0.022193056889520224,0.7082264958528285
0.036960136142004996,0.1269672237621991
0.01567014926660895,0.9667300854540253
0.03780046927537084,0.11190723581354195
0.031548293941669164,0.26754254879372397
0.03847435203692562,0.10092485384624512
0.01917082897738001,0.8559209249265425
0.018603460114558823,0.8793939481321468
0.02261338602480667,0.6859767696898302
0.018903936883470474,0.8671889581403592
0.019913143387975785,0.8226764901087772
0.0316721392317679,0.2633630240449597
0.01904843918415161,0.8611364289490369
0.02815850351888821,0.40197830763019493
0.03295547638468993,0.2229079430519839
0.025743355212821672,0.5214192901258821
0.04061983793807705,0.07176465960345473
0.024249321452268283,0.5989210613354475
0.018406923636167777,0.8870866092877558
0.031961985844877305,0.25377380249812254
0.028685560653578995,0.3784629509144202
0.016133850642756853,0.9570455980444368
0.0176281453547264,0.9151385643670817
0.019399031143851442,0.8459864017258176
0.018598265847377005,0.8796002707256364
0.02800847006680196,0.40885240575038345
0.027847363200178887,0.4163230216479905
0.02496961040521911,0.561138661170828
0.021518512098585574,0.7434445985550653
0.039609289709375495,0.0844616557066189
0.03638851458172854,0.13813028893740217
0.029842333764078854,0.3302724756984801
0.046592737149780517,0.025202057153873643
0.02878583170607696,0.3741003918367684
0.024192574062247285,0.6019223267857845
0.019489513001901368,0.8419744821899966
0.036141528496081654,0.14319438198150736
0.02735375723253808,0.43978777140742387
0.02495702504152303,0.5617929641717381
0.01982683019254383,0.8266743310634629
0.033139740433725806,0.2175158146986111
0.03416917319839663,0.18923045279789313
0.025236543858551452,0.5473190219478354
0.024127103087308366,0.6053885106174592
0.02253345259795958,0.6902203070685364
0.024980267190880645,0.5605848086429317
0.03768413983119012,0.11389959491865367
0.03776161386723176,0.1125694794520167
0.030666456646595175,0.29875277247814025
0.020331069818617764,0.8028826010870429
0.025629593212294993,0.5271911749291489
0.017641176647214485,0.9147026078890463
0.022808958231345655,0.6755762211394942
0.03264902112100754,0.23210349048864606
0.02035599764910001,0.8016804608931124
0.02415550249014542,0.6038845288580684
0.03309199997241297,0.2189030551991564
0.044736070817416373,0.035429308295415164
0.024661249280878983,0.5772348184292346
0.042575676277131436,0.05175256457669086
0.012996632462827007,0.9958954568778128
0.02378557098851375,0.6235221310411572
0.02139357859296609,0.7498755442626241
0.026301373686767854,0.4927179290398598
0.02838404661188121,0.3917949868072482
0.024034493438178345,0.6102975080992145
0.018113623462343797,0.8981185599120287
0.0256241345481818,0.5274687609276204
0.026312033672812873,0.49216200247598324
0.021911537157517813,0.7230140559242832
0.03486823086305968,0.17173406358776097
0.023088607275114054,0.6606741775113637
0.041486222317486665,0.06220701838340349
0.022588768186193486,0.6872842023222296
0.03252640665947848,0.23586322042656652
0.026985964035709742,0.45783708203108403
0.03147010083577506,0.27020695205890244
0.04640002545452099,0.0261257769635179
0.02656327661874819,0.479176450048027
0.0431998301854814,0.04647521416598047
0.01505862327334856,0.9771690846264578
0.029338690632592812,0.3506807238561567
0.016389410830431883,0.9510363881000162
0.032549351496858225,0.2351561366804441
0.046212875034018164,0.027051377196754996
0.023932943849376387,0.6156877572881201
0.03246362029513261,0.237806412561149
0.035145763853634604,0.16515542395699173
0.048266162845967964,0.01832161903787192
0.01725231127355842,0.9272001030685111
0.029656768764156904,0.3376897181023679
0.0254062914715526,0.5385922604856973
0.02614026813317838,0.5014880855885876
0.04080301562942096,0.06964596653886235
0.047157016247834416,0.02266148299378928
0.020794989788155638,0.7801553067048881
0.04229989551424179,0.054244377122384696
0.03257484478422856,0.2343724243248877
0.03419449810103714,0.18857297422076516
0.029959033454614814,0.3256685326288698
0.039274656591443136,0.08906266350002849
0.021205507946664814,0.7594895519642875
0.016171480064407606,0.9561909416849945
0.02472202093679632,0.5740523536099015
0.03507912920345885,0.1667162619684043
0.04613242010659152,0.027458114063630575
0.03156660214577489,0.2669215642926411
0.023025974558791185,0.6640138309397906
0.02856758335766374,0.38364127986404556
0.016917996982578565,0.937080880870029
0.019215523333226292,0.8539964330823182
0.02489700349635407,0.5649166526167777
0.02136100602180757,0.7515465622414929
0.02169367856929383,0.7343738646199236
0.03606033916173279,0.14489153693762383
0.01815825832347695,0.8964751845575984
0.02445797072870054,0.5879130904717662
0.028474973108147505,0.38774063631545796
0.029794864898891077,0.33215856712081754
0.03146527842003355,0.27037192349740347
0.03071114187789059,0.2971093188552931
0.027852756055774752,0.41607145685843244
0.0454138597371645,0.03133695717909187
0.03304514764642552,0.2202711350571805
0.021220273825863223,0.7587378135380636
0.024619411846651618,0.5794284778799299
0.036324090987944535,0.1394369601105978
0.0179446926988982,0.9042202183323664
0.021369502525050987,0.7511109120905672
0.028050652205300897,0.4069116548623935
0.02890267531219326,0.3690614583941359
0.03034986759937569,0.31058859964844854
0.01610056965174822,0.9577928340000949
0.02342693859586087,0.6426284046141046
0.03813671148593789,0.10630984209254454
0.021546622070417853,0.7419930762104328
0.053713150958616174,0.006004078817156969
0.023266841222949752,0.6511675687402049
0.019111038377168543,0.8584788878211577
0.01788586205138043,0.9063007243071264
0.02198409378162447,0.7192135734090386
0.02566874098070826,0.5252021028517548
0.02438708934928613,0.5916476242426636
0.030276468936905554,0.3133809731698491
0.02310141980486058,0.6599909026706428
0.029385550919787673,0.34874478263458186
0.016418995053677804,0.9503096805170523
0.02181979755298552,0.7278074665602212
0.027718879260834106,0.4223471590749694
0.03673722817265179,0.13122924434240751
0.016338224993705797,0.9522784779199778
0.03289297986183887,0.22476003325419747
0.016700717038360416,0.9430661655969332
0.024580372692023122,0.5814773688294974
0.024649899241884266,0.5778297170846459
0.020018857345484697,0.8177365361707132
0.035984284519408105,0.1464960910156917
0.031714705312699154,0.2619379199714087
0.038748204915807605,0.09672573772063223
0.038829616817903034,0.09550589943117942
0.02188686186516381,0.7243046815389022
0.04528647452028989,0.03207275757088934
0.02820963424971845,0.39965392080020906
0.035184910312573536,0.1642439250532551
0.015429960667213999,0.971139709659434
0.030169314516741208,0.3174903913286315
0.032718198099247364,0.23000271046566712
0.03608399299250625,0.14439541276720777
0.020263572355864068,0.8061260111976523
0.029819055816509565,0.33119641513649467
0.022367232760149958,0.6990275178278849
0.014263748363631534,0.9870760215025003
0.022373141424657406,0.6987148870097715
0.017540465504142677,0.9180412190988736
0.018398031901698197,0.8874290365733868
0.02322111098966645,0.6536069271914648
0.01738703650137674,0.9229910671587352
0.040710112691932976,0.07071376553575125
0.017793504542352845,0.9095199400613725
0.026214299948689013,0.4972739994653985
0.022879353777536915,0.6718275825714808
0.01528375346528521,0.9736261457830372
0.02139503877780402,0.7498005786297584
0.021803207184027923,0.7286728318477331
0.04231565807245741,0.05409921999983364
0.03948130759668733,0.0861971433433798
0.022413231221283247,0.6965928090074969
0.02154840372598965,0.7419010217116271
0.02742276434678878,0.43645508008131106
0.019524826624469305,0.8403978121893582
0.014469988737939699,0.9848749786166027
0.025992201424276717,0.5088845418576022
0.04100673415737144,0.06735243456838748
0.02738196436027482,0.438423456980757
0.022607365824532044,0.6862965378574963
0.01698458648686138,0.9351774417442664
0.023220859287485074,0.6536203534507061
0.028633758622776395,0.3807306251992831
0.018019290754156092,0.9015489728989906
0.016797847958970547,0.9404333387630222
0.01376842324240446,0.9914126809922886
0.021975624257465076,0.7196576125941954
0.030908033992346318,0.28994732723160005
0.01511195113381325,0.9763607089914269
0.015477789654158913,0.9702940484143602
0.02205222863947931,0.7156376252810326
0.0298909012828128,0.3283507491594354
0.03235466566364498,0.24120751299419768
0.0224353080135819,0.6954235614363693
0.026358762604762442,0.4897298156876303
0.021565331619036288,0.7410260703186744
0.02449547913149086,0.5859391180931721
0.0386372740971882,0.09840878357806122
0.030865977427099844,0.2914663001421719
0.029194372248597666,0.35669102924216733
0.029833262469741495,0.3306323084582264
0.023678229608036894,0.6292357368808423
0.05058312913594604,0.011566074547572204
0.02809533479008533,0.4048627626795824
0.026599457961940992,0.4773249116304146
0.02939648242805082,0.3482942677877662
0.020723672949302774,0.7836954806026057
0.029765680605431943,0.33332200340830853
0.02366628857070846,0.6298716601389986
0.019953214460209395,0.8208095526068372
0.021312745180655818,0.754017931929045
0.022699751359436526,0.6813866910033466
0.02280236249895573,0.675927333567462
0.02952466285722144,0.3430426072250154
0.025941867805034824,0.5114095743731845
0.033408606584636624,0.2098299177731676
0.022900941651152695,0.6706775824374716
0.03386138183200227,0.19736635458209842
0.04896188647224331,0.015994053255643424
0.029108021341359702,0.3603219888029196
0.02705722740435232,0.45430213873255876
0.021593605656111403,0.739563385906072
0.031782850360442705,0.2596685519831933
0.02224351265525598,0.7055652103850115
0.017165696138823683,0.9298375588390442
0.031234494066168406,0.27835546687729007
0.020661174665605075,0.7867846885451385
0.028252872679174312,0.3976955590218143
0.033888185559192596,0.19664712034683943
0.029984609372810056,0.324665772006225
0.03848452818212522,0.10076614668625286
0.03385220487611185,0.19761307655196741
0.016653730908286923,0.9443148813026636
0.026207584593468905,0.49762649318429664
0.04029593907170442,0.07564504701571657
0.05886237576392617,0.001874348706137195
0.019975362719117873,0.8197747233312983
0.03093332644379132,0.28903665892310426
0.024916069573213906,0.563923829539996
0.04118001360491508,0.06545256908369977
0.02065884193015355,0.7868997488885059
0.025972516394830336,0.5098714224859434
0.03548047350298267,0.15749116134321
0.018445002025105794,0.885614641947746
0.0287098267026768,0.3774039414801274
0.016796150290456446,0.9404799504239009
0.022913004808652992,0.6700348915960022
0.030507375784027846,0.30465788584980036
0.021489286375505734,0.7449519935115317
0.03413846968031181,0.19002999003006327
0.02769406459239987,0.4235174069464889
0.025767187112333945,0.5202133753156473
0.03993823228019122,0.08013556201862994
0.041603771030018444,0.06099820533506919
0.016679918285731565,0.9436209224737421
0.04651323557006737,0.025579566759345376
0.026471273715406807,0.48390558575659964
0.03146783050484614,0.2702846090697156
0.01987656233009588,0.8243748049762009
0.020125448379259517,0.8127086558233041
0.018557944306592078,0.8811963793366082
0.05130735776322845,0.009972891026273816
0.019069408290680934,0.8602485851359897
0.0228701625552431,0.6723171479973651
0.03366244600594531,0.2027690983277042
0.01695035396997932,0.9361600045786833
0.03477516322308083,0.17398628062915714
0.020712443626884514,0.7842514517838328
0.03125951516467573,0.27748149892087043
0.01844129013604634,0.8857585237801036
0.01925960824789534,0.8520879353262976
0.014147157751307982,0.9882137485195419
0.022040681827602715,0.7162441056201421
0.019316807077680798,0.8495967322991409
0.017468843945421808,0.9203724435091759
0.029715669595794747,0.3353225239628625
0.017600869044618828,0.9160472753121846
0.048262442540838446,0.018334839228199697
0.01915469800396019,0.8566129163744205
0.017899654774550577,0.9058150329924909
0.022066131492973096,0.7149071516437651
0.03342936844494693,0.2092453129926748
0.03211548170080358,0.24880390421582663
0.027689304714672236,0.42374213146534334
0.032365155102821674,0.2408784703764662
0.01871486732807298,0.8749300947992178
0.029914825557047386,0.3274070880443869
0.0473630101995024,0.021792326974050157
0.03425109545422694,0.1871101165289016
0.026462945646288927,0.48433515219648654
0.02601448706427756,0.5077682769702057
0.04591697707988984,0.028573993706229702
0.034669037467641606,0.17658309087075558
0.023777470661284994,0.6239531026456726
0.03423141233724725,0.1876178426205259
0.02259264114007742,0.6870785422391821
0.03771936614669924,0.11329321122320088
0.02499397204343301,0.5598727936890229
0.019930105534516795,0.8218870493683791
0.03900661915618564,0.09289808493333068
0.01988870410258503,0.8238117517085085
0.05581357513395302,0.0037826217174563525
0.030367144290444403,0.3099339802085352
0.026040470914279634,0.5064681122980542
0.021084651861685844,0.7656215195046614
0.0332465288550115,0.2144374174772962
0.022504348034417365,0.6917641783232763
0.026096159987889334,0.5036864742242794
0.023509682357336414,0.6382165547609555
0.038379284587442,0.10241760137985632
0.040908033826743795,0.06845546924319167
0.030536337029387073,0.30357650559365174
0.03400572470135821,0.19351739473534804
0.03488073624042809,0.1714332130875077
0.03422100168031622,0.1878868244942435
0.02267853825520505,0.6825145591220955
0.03744013113562672,0.11817386760319872
0.028720189546781127,0.37695232294220016
0.02461003427596381,0.579920470422898
0.03463672955985886,0.17737971917678377
0.01666785140046767,0.9439413188529969
0.03383822585771565,0.1979893662264688
0.017033050647291437,0.9337718114518021
0.025444070228479165,0.5366569438498713
0.04238759278008175,0.05344101446711392
0.02929636380804357,0.35243594637875086
0.04902495229893711,0.015796764605990627
0.016334816488975334,0.9523605038462304
0.01902735780609216,0.8620266105400199
0.016547264307480547,0.9470842132743866
0.035800888970470734,0.15042438617966966
0.016161972402673697,0.9564078653965535
0.025105030862914435,0.5541135420617451
0.030928780640867015,0.2892001765092894
0.027701847940498903,0.42315011165705113
0.01862771347663883,0.8784284396669197
0.02349739069044468,0.638871842011883
0.03963720517720881,0.08408704433709892
0.014320858404031078,0.986491010200022
0.01569173580441685,0.9663137243052043
0.023105914453894205,0.6597512026004961
0.02290248331262279,0.6705954501535214
0.029630732410733662,0.3387399252368188
0.0188420254281359,0.8697463823384723
0.026298024574597567,0.4928926711625247
0.026839525002186337,0.4651579213177234
0.040776236568981494,0.06995234056773184
0.030163981273215068,0.31769594391241907
0.027087713158159166,0.4527954618372586
0.016789187841553033,0.9406708922247262
0.0279847430517135,0.40994683954064337
0.01647002759049704,0.949040946585685
0.03517009184142028,0.16458848878106888
0.023811172365454603,0.622160257610431
0.024440993596687777,0.5888070695250298
0.03143889607238576,0.2712757822300687
0.02523295443818535,0.547504088170669
0.034760063686605946,0.1743538905285125
0.025091769109919893,0.5548002528449474
0.03122288526403294,0.27876165049496743
0.024598905953096883,0.580504456088837
0.026271717154746632,0.4942666632883721
0.019475878630144036,0.842581601379479
0.020088469152758193,0.8144581943543525
0.020456863985161056,0.7967930916340201
0.03420989319939843,0.18817417136054249
0.05029183971499651,0.012269198759340509
0.025237365485802576,0.5472766628694874
0.021799292606854093,0.7288769507101804
0.020946873327492566,0.7725644841151565
0.02023431562708755,0.8075265016528719
0.01972843894664622,0.8311914320781705
0.023490501201177738,0.6392391473038568
0.029490026776553935,0.34445605300453735
0.018315193540770908,0.89059548828682
0.03008127571833008,0.3208959708857882
0.027820285788816457,0.4175876890800603
0.02538028618428953,0.5399259345044096
0.044509328948108884,0.03689916879927776
0.027428018815514488,0.436202012524008
0.019932127772867902,0.8217928495775593
0.056481051611771305,0.00325400283038718
0.03065747885581127,0.29908376832157085
0.018939219234777704,0.8657218502195259
0.02494610109975781,0.5623610822063239
0.04532632015429272,0.03184098652545799
0.024490667219865037,0.5861922681004587
0.03884028215428226,0.09534705122729568
0.026766444957651125,0.4688399842753867
0.02405089478532635,0.6094276262284966
0.02442636479157001,0.589577644151225
0.03019490937701308,0.3165052679598493
0.056284280978414925,0.0034022882469157256
0.033575823879289035,0.2051574222110104
0.024467613987436243,0.5874054394339743
0.026663030930644482,0.4740829331934108
0.02398134018691224,0.6131179754922702
0.028101666764534072,0.4045729881096018
0.017752567344698017,0.9109283549979151
0.015427754987849929,0.9711783223087418
0.030957566331179465,0.28816588031456797
0.02348486212663281,0.6395397965557286
0.018860845883130306,0.86897125179246
0.017262368576009546,0.9268903684335693
0.02387797069394837,0.6186086259078329
0.025636757438517677,0.5268269440203023
0.024149679446636263,0.604192851220899
0.03186746178382294,0.2568715151092821
0.02583997087953327,0.5165375244732842
0.03421360954993202,0.18807800071666458
0.02954417068645973,0.34224835349732
0.03027281577025298,0.3135204312984908
0.04399284260524894,0.04044785490798427
0.017613098158298812,0.915640499843931
0.023334833692273294,0.6475407571723806
0.023820263304355604,0.6216767476191798
0.022230652215149416,0.7062438179062052
0.02028692838050805,0.8050056406244015
0.019933264327591682,0.8217398989857418
0.025633178498299936,0.5270088858137021
0.022343245045339438,0.7002963599410741
0.02818436154870807,0.4008016493834502
0.015330214228677419,0.9728520444609137
0.023269906247697203,0.6510040727103601
0.023852277924994336,0.6199743904361854
0.025322378522205424,0.5428999997116719
0.023581181241004945,0.6344056683821444
0.04312139795546899,0.047111656867439074
0.025037933573464483,0.5575907659634298
0.04274674007170132,0.05025708140775175
0.03234663589501302,0.24145963015390018
0.031909326315755715,0.25549603399289106
0.02920905563264148,0.3560762018521432
0.04113443614822604,0.06594780049757475
0.04672612795558301,0.024579731466955534
0.024123137857243793,0.6055985559600723
0.024076225838505994,0.6080845432089664
0.02667166233312171,0.47364387493968646
0.034143009680552616,0.18991159850886724
0.029646303219508896,0.338111576615931
0.02044613047259458,0.797314908298986
0.043531313247806014,0.04386701376769957
0.024076105585196045,0.608090918002717
0.025517294105446675,0.5329132467606782
0.02361005235731181,0.6328672929782144
0.014583352471468691,0.9835587125479841
0.019151012409224788,0.8567708282496388
0.03783375649144194,0.11134245900400008
0.019183345571244015,0.8553830347820325
0.014765177522953588,0.9812837002133697
0.024971658095761906,0.5610322257552438
0.02453863357402808,0.5836699943297614
0.021260173208707323,0.7567038243971123
0.01695876005292396,0.9359195188509396
0.04255036811551538,0.051977044522762916
0.03185861325767178,0.25716295363728664
0.02372501512546954,0.6267447547281433
0.02650695455229396,0.482067942016559
0.02924733795276191,0.35447677214941836
0.02342804962609335,0.6425691559714765
0.04122723905587056,0.0649427833174515
0.028508008554133712,0.38627485537593065
0.03730894726663464,0.12052583494978832
0.027449320611671157,0.4351770775900154
0.022399428682785064,0.6973235959470905
0.0231058306878143,0.6597556698835686
0.032336992811690224,0.24176266764521473
0.024883525911703064,0.5656187845777769
0.022815411998257873,0.6752326455177715
0.021891040112080318,0.724086208869031
0.02311578393047914,0.6592248512400384
0.014823680931831618,0.9805077042493706
0.0372194274975301,0.12215279516652494
0.033884057337082885,0.19675776033674103
0.014723108066675317,0.981828350687114
0.025382672575419818,0.5398034990092888
0.02351906609828991,0.6377163193985915
0.012917419970389865,0.9962251660559148
0.025745935846620577,0.5212886531517691
0.024148066967667803,0.6042782349359344
0.029718390569777153,0.3352134587866797
0.015388252889197984,0.9718641055397159
0.03179252757095641,0.25934748847124334
0.013653144646933096,0.992245035802499
0.016477579246063634,0.9488515714567928
0.030858380524547424,0.2917413073445614
0.014151875818944101,0.9881691599421129
0.01448946311254895,0.9846543299506484
0.029703260233283846,0.335820254057685
0.025310297371960444,0.5435212098128208
0.030053989071484932,0.3219568615126157
0.033950826877367,0.1949742588558741
0.034698080084943905,0.1758694025469969
0.030532748351438932,0.30371034952753984
0.016660539918226025,0.9441349298323696
0.03210463887937015,0.24915252801637155
0.01734912682878298,0.9241884876859172
0.045220519360257894,0.032459659716717874
0.02367996454577226,0.6291433472453167
0.01941308805800357,0.8453657836881435
0.020736252672244715,0.7830721765159272
0.027018122481086926,0.45623965228738145
0.029527969660898434,0.3429078791432896
0.03099300685865214,0.2868962415253787
0.034110591768911624,0.19075824873471342
0.03207482334400813,0.2501130853855025
0.02030271938899264,0.8042469903028898
0.015581797642247985,0.9683995818770472
0.028719411255572785,0.37698622815934835
0.023617718144193556,0.6324588761355754
0.027593853789715128,0.42826564059325706
0.02190509553042702,0.7233510739425618
0.02000577074012272,0.8183506139695005
0.025245048147199745,0.5468806373603559
0.016936601308272126,0.9365523371415686
0.03433452080881283,0.1849701812676916
0.026370497284238237,0.48912025811315907
0.0369832031213983,0.12653272391287015
0.03265308396393429,0.23197970349747465
0.03002200715892489,0.3232035405022283
0.03542281565607197,0.15879067617948786
0.028240246610026054,0.3982667350077437
0.049087343579797715,0.015603735906617759
0.013927834510119363,0.9901556740053852
0.01937918517054218,0.8468609274705654
0.02810009407458125,0.40464494691601405
0.02847957835684828,0.38753607008346164
0.03146225290002869,0.2704754629568426
0.030438163075597102,0.3072536592320191
0.01500208061166508,0.9780055581665672
0.03238574581423853,0.24023355847929592
0.016042765973313222,0.9590713771412545
0.020928447835441677,0.7734889572990173
0.01854417532288949,0.8817391727255118
0.025063981172400218,0.556240048290592
0.033510589302931715,0.20697049979845852
0.020503152585571338,0.7945380959037979
0.026641158044694357,0.4751967419788438
0.019254720015925264,0.8523000519455247
0.03511204883825958,0.165943692281613
0.03065102399558492,0.29932191491232246
0.04912172485797617,0.015498272136978334
0.02284959124292521,0.6734127385114016
0.03151412686195354,0.26870434238079066
0.024453883147108835,0.5881283046078795
0.018287602098828737,0.8916405830351011
0.021112746685430728,0.7641994341760467
0.02186202436247142,0.7256028088211677
0.02044385959295192,0.7974252561999258
0.047106027801288475,0.02288131818472481
0.02500559246718559,0.5592692947112459
0.02925569293227162,0.3541283823036303
0.03917506203715726,0.09047198480532209
0.02943848830850171,0.34656696574334883
0.02431968816725827,0.5952037009615054
0.020218051005933046,0.8083036505060464
0.05269932956248918,0.007456656990588758
0.032740710223559455,0.22932221911886497
0.04713366707867339,0.02276191833747298
0.03328987512596443,0.21319755935113424
0.021529792474492382,0.7428623063107054
0.03941892915725537,0.08705382915444855
0.014717621666678213,0.9818985617714282
0.035788818967367186,0.15068587510438072
0.025582653711353875,0.5295800217477957
0.020745576838611557,0.7826098583441622
0.015209981839889641,0.974824897636281
0.028519125445738758,0.3857824675750703
0.036592630009878,0.13405591009056408
0.04554363755280752,0.030602645246170016
0.037905489769906486,0.1101333849402258
0.021776001965408853,0.7300908563905341
0.036025587974332696,0.14562292261154947
0.02265840233550931,0.6835848909269262
0.039237016600683294,0.08959311077533921
0.026861528751236374,0.4640530163234216
0.02120397340419866,0.7595676451198287
0.011386824728818135,0.999486646799957
0.026279039626958406,0.4938839761189477
0.02638792829520409,0.48821570826678545
0.017464105428061927,0.9205254089315853
0.018299308953881765,0.8911977441531658
0.0273100415792622,0.44190781020973374
0.037716706093790964,0.11333890798439702
0.02061845291254194,0.7888890827261025
0.02848332879802351,0.3873695300423062
0.016503445544930773,0.9481997272007753
0.040639402909103894,0.07153578320715524
0.03864192256556387,0.0983377698557737
0.0255464214974655,0.5314268116256542
0.024276981099785266,0.5974592771158437
0.029563390754969998,0.341467105491357
0.023279296238881697,0.6505031881476941
0.019077406196010227,0.8599093203833366
0.02069150702486733,0.7852869647343953
0.04830174578483959,0.01819560380382993
0.017051768183307503,0.933224370132377
0.017568618394687152,0.9171150426196676
0.01668862053601325,0.9433891979766007
0.022684203772184997,0.6822133598017013
0.0407803732469518,0.06990493889288434
0.027065329247203396,0.4539014031064024
0.02985698025596384,0.3296920876496426
0.02745529182652795,0.4348900635033089
0.027219679495896765,0.4463116468364101
0.023866878843667033,0.61919819306905
0.02902027649256278,0.36403829304532254
0.03403935191524221,0.1926292375537773
0.02780482581760635,0.4183109282098334
0.0295257693597204,0.34299752111507115
0.02917401589591115,0.3575446429333749
0.02401712096225267,0.6112191159566706
0.0343315920325995,0.18504497821582247
0.0324791670801686,0.23732411373790052
0.022553334811841852,0.6891652485769075
0.03382910106080439,0.1982352918381808
0.018284751763800955,0.8917482722503238
0.02105646496234892,0.7670461520789666
0.024302506838609517,0.5961109190819351
0.01926647085008959,0.8517899354349916
0.02845692831993596,0.3885429132055326
0.026726948172548948,0.47083791723956997
0.022911918740042392,0.6700927564887844
0.0151632600211693,0.9755649588695867
0.04234405317760148,0.053838574105928606
0.03568866301012963,0.15286985803743444
0.03301935322574018,0.22102714429678577
0.024729927261923412,0.5736386719083757
0.01765082731793255,0.914378992153271
0.03710955714081815,0.12417421288998587
0.029984199639036757,0.32468181886922576
0.034860662157290945,0.1719163532688586
0.024352073464485202,0.5934944770393387
0.02933329145641378,0.35090427138366176
0.031224513746276522,0.27870464442330933
0.020607167713860064,0.7894439662694852
0.030830340563595682,0.29275801398997603
0.03541578530848122,0.15894971575398273
0.015221726460804687,0.974636537364807
0.02445434645494382,0.5881039101847839
0.03838930293645976,0.10225943287223185
0.01797143213536992,0.9032669627421462
0.04265186544490629,0.051081820812865386
0.015012783915999112,0.9778488381169166
0.03062856468421782,0.30015162062640216
0.020182484405109835,0.8099995015946614
0.030544897365139212,0.30325741284762947
0.0334717309544221,0.20805641820457385
0.04807699601562998,0.01900472265024054
0.03610799702474443,0.143893350281991
0.037328295368640185,0.12017654723939224
0.02668084134794199,0.47317725229208457
0.031468715765046396,0.2702543266206797
0.021648522968009842,0.73671788636797
0.016234957552048124,0.9547256381202153
0.01966808652856883,0.8339404719661058
0.03132708504796222,0.2751315744680595
0.03185298843026518,0.25734834508933463
0.01991187397578964,0.8227355206046941
0.03654624438101173,0.1349731169229785
0.021353932384154145,0.7519091302988532
0.016041318300954954,0.9591030839888164
0.035949357144110516,0.14723776616884976
0.025059189020486497,0.5564884697034296
0.016188861974137048,0.9557926451528368
0.0284012454377226,0.3910258577842524
0.030406150671872578,0.3084597295369551
0.02397939427245538,0.6132212699129338
0.0383505521587445,0.10287235434876782
0.039821512191224984,0.08164869288054812
0.02702367719596699,0.45596410277988014
0.02385524816155482,0.6198164799140677
0.02719653781415149,0.4474441561346287
0.019346973857925734,0.848276125005301
0.018698493306291364,0.8755907640170096
0.01534716647405654,0.9725658921242668
0.023114972091480945,0.6592681481791356
0.014745216841258624,0.9815435070831343
0.021638693213058446,0.7372276366117854
0.014687833375735426,0.9822764925814274
0.02248070322645257,0.693017912078645
0.020542107238905927,0.7926346108980377
0.02309423388011167,0.6603741217740304
0.020676857365807155,0.7860106933276148
0.020637953455488203,0.7879292651900707
0.033159310172243384,0.21694912936458408
0.024009625567273873,0.6116168145546041
0.028250644796614488,0.39779630249187015
0.03261718672264635,0.23307517914993453
0.027049313497752026,0.4546938048324991
0.018418646711889086,0.886634395188521
0.018268279220365446,0.8923696165609206
0.02435367377240727,0.5934100439283471
0.025948501439708727,0.5110764864705702
0.031860709853487906,0.2570938767447269
0.036668199982067884,0.1325725085032283
0.023645683177365817,0.6309691424556974
0.021610680763391954,0.738679281132842
0.020194327899377362,0.8094353396382473
0.015514081209241803,0.9696416740080053
0.0201644116852982,0.8108593304909865
0.01938047900517037,0.8468039739627753
0.03640743641343369,0.13774840337395325
0.029808604095150737,0.33161186722102437
0.021828399532516196,0.7273585984227224
0.02527695812068015,0.545236810522391
0.03139850878617778,0.27266383454364296
0.021573930441161737,0.7405814016169683
0.027295247923579596,0.44262678996447147
0.027424494478477723,0.43637174199217577
0.032237341778589834,0.24491125688214213
0.01560084084461233,0.9680444338923956
0.025834390125684614,0.516818992999553
0.02552053553254499,0.5327477514418125
0.03171452582878043,0.2619439168290622
0.03698438747915156,0.12651044772201128
0.021328191418717446,0.7532275411272554
0.01908326485191225,0.8596605810992358
0.01757043798661906,0.9170549914367183
0.02458183940545733,0.5814003578159257
0.03760501742955791,0.11527137214069812
0.024006216853089235,0.6117976912724056
0.015369591838972685,0.9721843005569593
0.027486885708220554,0.43337358111509067
0.03596574688070786,0.1468893566655091
0.05633011886742198,0.0033671991169773184
0.03347760031990343,0.2078921115294716
0.019255033905193675,0.852286434968873
0.022038623369107113,0.7163522037179129
0.019608154127658595,0.8366536815684023
0.020400367919505613,0.7995350721457695
0.033920957341756375,0.1957705380288605
0.03444730756044767,0.18210788624397184
0.027175023443621993,0.4484987430632306
0.020994424741910267,0.7701742029095116
0.03315935705625733,0.21694777310832158
0.022585507659476978,0.6874573329498134
0.04558570591445554,0.030367885434905026
0.02437114332747936,0.5924885120607211
0.023883894147303075,0.6182938060940277
0.03558936111648536,0.15506031451415114
0.024076088961724085,0.6080917992367793
0.022122115182629853,0.7119630493922151
0.018448895029601897,0.8854636483883975
0.03221100962795831,0.2457484466838298
0.03301058332271628,0.22128463787808214
0.02030440861509536,0.8041657790038567
0.024046918578607523,0.609638494438332
0.03708235628838619,0.12467887322225212
0.031226936353302426,0.27861985559661645
0.022181685117950378,0.7088258781489676
0.039727529883773705,0.08288450694110944
0.024604463164759602,0.5802128089968193
0.018208761203666102,0.8946002386849102
0.01752230872786731,0.9186356073003725
0.015822650553983353,0.9637170022665962
0.03298316368922738,0.22209120259716286
0.052863192913031876,0.007202057809332437
0.02788199292994753,0.4147094244697308
0.02611456773312526,0.5027684984613766
0.02262934544021228,0.6851289476196538
0.018099083202584604,0.8986511113563511
0.014027348799262596,0.9893059008234405
0.02849746170254408,0.3867423990892722
0.027731350256153253,0.42175986182715564
0.041041620115158994,0.06696620398475009
0.031285766884448396,0.2765667506217089
0.02196701369463916,0.720108936930635
0.03038813565310522,0.309139969803865
0.01445281099354262,0.9850677421390789
0.018279565306737577,0.8919440910272911
0.017354272802802884,0.9240265445042672
0.023148361473767892,0.6574873528429757
0.020338093813644376,0.802544102690484
0.016784990143530965,0.9407858402273575
0.03634155120046534,0.1390818357153043
0.027155389395816604,0.44946260297427454
0.030089278115692786,0.3205853240505985
0.020658093424976043,0.7869366645666679
0.03282054900339626,0.2269213482135113
0.03559932751853112,0.15483933660743862
0.02880783778967516,0.37314769815782833
0.01818134061531773,0.8956202798776176
0.02553753218076804,0.5318802852498311
0.023330044543674933,0.6477962086117308
0.030565375075959966,0.3024950913161339
0.023606737844944492,0.6330438896442162
0.027245196732737842,0.44506509901108204
0.01733759375532002,0.9245507485539038
0.01448016379841549,0.9847599738110575
0.03567945039701431,0.15307202049639576
0.026462100299420976,0.4843787694529212
0.02882094482287767,0.3725810747240011
0.02419173969324051,0.6019664767564263
0.022673495965278512,0.6827826083154047
0.038815131688310245,0.09572199316380028
0.03998027651666414,0.07959634320521602
0.015994292471342292,0.9601247143531337
0.030646622817240066,0.29948437272118084
0.01947306859982384,0.8427066150968998
0.027965643957870767,0.41082926077293286
0.03007155496721925,0.32127361700609786
0.02923998140566597,0.35478373054615303
0.0435952078140589,0.04337916365488231
0.01951022586506934,0.8410504349869137
0.01936974266162228,0.8472763240066185
0.022602562357584233,0.6865516595506018
0.022456642049767606,0.6942932262940308
0.029220372737129297,0.35560284221790206
0.018433296303261848,0.8860680954646345
0.015967324204638644,0.9607033154461242
0.018457303319988627,0.8851372070406517
0.031570869134327106,0.26677699076102107
0.034929261708786186,0.17026977449951017
0.04195104543661993,0.05754386395780581
0.024900154075530728,0.5647525569451428
0.033932459571519136,0.19546360339919044
0.021037102859932516,0.7680235161490219
0.022008331116985635,0.7179422795931129
0.025436493147316774,0.5370448937111967
0.029827985222369152,0.3308417722298797
0.03679568913613962,0.13010032229824975
0.03641665631419544,0.13756263606792637
0.04077239243264841,0.06999641455384374
0.025488802802951405,0.5343687442948224
0.024258213505256754,0.5984510463641506
0.01930929671075253,0.8499247919189645
0.026202781294316413,0.49787871987170645
0.025011156269625023,0.5589804150035131
0.03447254122313456,0.18147232985130932
0.021941784156332855,0.7214307065202261
0.025585714432851292,0.5294241274709517
0.025078325160228898,0.5554966818643114
0.032799592821114054,0.22754965032315505
0.010642186708520351,0.9998615529365195
0.023621559387606447,0.6322542308304191
0.019010333644955635,0.8627436962756336
0.023250205805587787,0.6520549440197518
0.0373236019920008,0.12026119936786603
0.03502928839691277,0.16789140728436056
0.028697761712592806,0.3779302175096158
0.01922598439415324,0.8535444758797581
0.038706702012849536,0.09735258638277428
0.02137072405716728,0.7510482656521762
0.025371667550166954,0.5403682035916948
0.03830770668177241,0.10355359382623275
0.026242041067543798,0.49581954435293385
0.034204967405854325,0.18830169935616597
0.017761920040306634,0.9106075883586688
0.03627503470861648,0.14043866121895265
0.029038777495519863,0.36325246613203055
0.017508528178616006,0.919085194046806
0.024194726471388484,0.6018084366291976
0.018301081864449786,0.891130604150084
0.027133120045693626,0.4505574989837243
0.028147431263505107,0.4024828719652899
0.03757628965153226,0.1157727965577557
0.024822141626407945,0.5688199468108646
0.04044392521465512,0.07385061907394176
0.01854817019203686,0.881581807241495
0.020566414355617013,0.791444232318091
0.02633769100706851,0.49082560750811827
0.022819432317067623,0.6750186079219767
0.03242862355160925,0.2388948394766529
0.03356812146239979,0.20537084961209448
0.018592193594363815,0.8798412629593982
0.032618061159167155,0.23304844689956022
0.02112076389657619,0.763793242812149
0.035798632640177463,0.1504732403031053
0.025827146317975558,0.5171844333153042
0.03733860252394661,0.11999081403881022
0.01592565524264311,0.9615869020182617
0.01689640891208577,0.9376910243225359
0.024085646262982707,0.6075851890177624
0.023212948017802826,0.654042353863289
0.023281438646253094,0.6503889072686707
0.021261739671646462,0.7566238899915675
0.02294521256670795,0.6683186949251132
0.02822645089072484,0.3988914702674588
0.016188141736679706,0.955809193066099
0.019867756834246353,0.8247827435863118
0.019197714898441576,0.854764505572205
0.02056597858123338,0.7914655909058352
0.02886022955276535,0.37088639755076525
0.03286742306775736,0.2255208208197245
0.03503350095373828,0.1677918286635534
0.027705585070135763,0.42297383370088365
0.03736286338616779,0.11955456874885707
0.028886878460197662,0.36973989812398206
0.022083779849095264,0.7139795032351448
0.03318530139357756,0.21619826488139526
0.023618096166576008,0.632438736453575
0.022750570787017366,0.6786836036643742
0.02655007086205824,0.47985340062100557
0.018903306613617055,0.8672151024104102
0.020826233574281705,0.7785994229901001
0.01424153325958366,0.9872986182888276
0.01977690699239043,0.8289717083414996
0.016227525561530398,0.9548987281792355
0.02171287097256558,0.7333764413711593
0.027625498873238508,0.4267623493972998
0.018256136007516133,0.8928265551834471
0.04588603652979106,0.028737491498161877
0.020217021850658656,0.8083527907581836
0.02687381918184717,0.4634366115861026
0.021597109573033513,0.739382009012946
0.019327594363376166,0.849125030309233
0.018391671713768876,0.8876736707029874
0.016737068554224716,0.9420889378509664
0.03208130141425186,0.24990414475776132
0.03259790818901365,0.23366513779339884
0.018953618399003197,0.8651211038703351
0.0273427161851042,0.4403225751962393
0.03638346176230145,0.13823241175753676
0.02562627568728504,0.5273598721097675
0.03754838817016515,0.11626151837965831
0.03577778301911594,0.15092528259518137
0.02988136593408186,0.328727405923039
0.0228121267889968,0.6754075408996316
0.030109734541930333,0.31979221503870237
0.03497550360925311,0.16916694949533226
0.03676790786257278,0.13063580500575478
0.028576314924464052,0.3832563445375711
0.015811621525805397,0.9639405264036972
0.027353941359217093,0.43977885640985387
0.022207601229533025,0.7074596656757316
0.03328126127135944,0.21344350215981633
0.020659150580515317,0.7868845259679963
0.02380541771718253,0.6224663472994276
0.027408160177238405,0.4371589688140354
0.03396192877283555,0.19467894714896364
0.015749203758552544,0.9651890107391414
0.028751314073564266,0.375598174345639
0.02682482047110346,0.4658972632308547
0.0392254101132708,0.08975721057746358
0.03182838575452418,0.2581604243853735
0.03511128627969179,0.16596155585898809
0.020029477371875215,0.8172376780483077
0.03311423089629062,0.21825622043351764
0.023997440677960502,0.6122634204353862
0.029961538785731268,0.3255702065579814
0.02426660382178769,0.5980076205626454
0.025114077052387773,0.5536452789989946
0.052597138474803906,0.0076195551172374126
0.0213031670053192,0.7545077695945701
0.03338744113210146,0.21042719408150135
0.024710625366393,0.5746487472207253
0.03310282369983941,0.2185879411108153
0.019053963353785508,0.8609027645263574
0.03385141088122978,0.19763443441981632
0.04522574600790469,0.03242885057068671
0.02567167644923274,0.5250530733970368
0.04360848440574755,0.043278387657492916
0.03491180251887932,0.17068764639623643
0.016351558746105277,0.9519567775367804
0.020281321152310267,0.8052748035565345
0.014551819651578923,0.9839325940422077
0.021332018654260154,0.7530316135593916
0.03496661057264172,0.16937859638206276
0.015324186044572974,0.9729533215104347
0.031278498595688375,0.2768197902871853
0.026029401752380332,0.5070218076557399
0.02877731670140693,0.3744694833783306
0.03405544212772382,0.19220540022543262
0.018456428049544615,0.8851712086095407
0.022366952571149484,0.6990423419220545
0.029396207493554982,0.3483055934324286
0.032948689715558976,0.22310849459986412
0.02940712894518893,0.3478558975909246
0.03509624864357763,0.16631413914594925
0.030358418850430585,0.3102644636829317
0.023187252560254168,0.6554129699012752
0.025021119057676122,0.5584632524265861
0.03505416159325331,0.167304123984832
0.033580838929957946,0.20501855248544862
0.024200689993401192,0.6014929111012899
0.031194741988471164,0.27974819872634504
0.03154877261845668,0.2675262990495209
0.03482938197432728,0.17267136007160205
0.016636693977312267,0.9447636452826399
0.024592420635942802,0.5808448585923998
0.014798882953144576,0.980839280374797
0.014205282107165706,0.9876559470998938
0.024474697544175777,0.5870326051737851
0.013880566889793833,0.9905415649301327
0.016297098195208748,0.95326248258546
0.02136572384969937,0.7513046804368575
0.023377307091078214,0.6452753347139457
0.02241597479331739,0.6964475267210684
0.024394582618559202,0.5912525708779743
0.015962637178202732,0.960803334367645
0.03172629299168844,0.26155097525764553
0.022631404364047425,0.6850195571862919
0.019681070366646902,0.8333504753145513
0.013339760106831022,0.9942053109412697
0.03113996125115215,0.2816759712051242
0.023549748001870374,0.6360808735851882
0.021585660146366675,0.739974587479089
0.020242917202190583,0.8071150931078663
0.021191545330677464,0.7601998946712527
0.027754677463766864,0.4206628008631787
0.03658862802795654,0.13413484262377487
0.0217082144643283,0.7336185006967253
0.015357767117798682,0.9723859447509967
0.02324659152504055,0.652247738780654
0.02956849626658009,0.34125979423537456
0.014270387838044796,0.9870089561552253
0.02096464499756745,0.7716718974925811
0.027183365708055462,0.4480896275208855
0.032665952198471626,0.23158796769054713
0.025967125355289444,0.5101418375440684
0.02499921269889127,0.5596005983678858
0.02652528850929281,0.481125463987812
0.022648585347517458,0.6841066201863386
0.01786570229671769,0.9070083230534999
0.029162128729303127,0.35804378349875193
0.03350979168672452,0.20699274513927876
0.0294853031953754,0.34464913763933597
0.03310794130061551,0.21843907331658374
0.03471021863778567,0.17557179145298718
0.02515434568778052,0.5515624228799214
0.030792887700279103,0.29412010968558894
0.018700064253446724,0.8755274467197158
0.03627128314469624,0.14051550579284935
0.045784919546444536,0.029277588469209782
0.025950573245347552,0.5109724759566283
0.01848719139130217,0.8839733242913737
0.03016996271879771,0.31746541508342113
0.02334603342677244,0.6469433747721489
0.03233873697568562,0.24170783514918093
0.0158957983780586,0.9622122498768718
0.017760472026377372,0.9106572895016083
0.0433735629945699,0.04509193735424556
0.03831046811505978,0.10350957453401974
0.020450049638400247,0.797124422849328
0.02832527591351408,0.39443111432168393
0.022465156182492008,0.6938420101642188
0.0188218509451622,0.8705750345678351
0.025816300235902645,0.5177318031163334
0.021544785984031867,0.7420879362590528
0.03234568371946295,0.24148953971813045
0.029522749456373454,0.34312058163908116
0.01942651756764935,0.8447719472061481
0.015998835187002847,0.96002672893882
0.025847670705591158,0.5161492837702448
0.027250919050899658,0.44478587598494546
0.022223804571937622,0.7066050692670186
0.018854477032643424,0.8692337820690375
0.03718883705897036,0.12271287195478367
0.028304798002273812,0.3953525162267752
0.023273229620146996,0.6508267959101943
0.032248789177199644,0.24454798287873492
0.021910989249359858,0.7230427243402775
0.025044797828165377,0.5572347127487265
0.018370362765394777,0.8884914483171387
0.033089542494294966,0.21897464936346958
0.03287132794419434,0.22540445018800567
0.026536983717305285,0.4805248835018717
0.02085483707290492,0.7771724340060373
0.03919702199993397,0.09015964217283123
0.020512790432078487,0.7940676382495511
0.02534066666369328,0.5419601094404011
0.045319466532191655,0.03188074700101768
0.019310888261781733,0.8498552955992621
0.026144839748582116,0.5012604763166069
0.018627014477044512,0.8784563154645384
0.023995830088819725,0.612348896297549
0.03267989335696275,0.2311641433490509
0.027356767697617357,0.439642026681476
0.023942866625481174,0.6151607417974692
0.026995034173684263,0.4573861607700896
0.03371050699837064,0.20145337460739365
0.022753388523010898,0.6785336850574094
0.014518842708031499,0.9843171819049978
0.0228214474557612,0.6749113211416238
0.052851291221280516,0.007220279614428672
0.03256036289612768,0.23481737921506116
0.028897763186443215,0.36927232934326
0.022014630192234708,0.7176117416751912
0.03175648662434161,0.2605447511358809
0.019704258679755227,0.8322948450181579
0.04425997908810109,0.03857690357121862
0.019368046066597033,0.8473509133791104
0.019612932850597842,0.8364379606385222
0.03830001559251095,0.10367627748982233
0.03100770679520748,0.28637084393703377
0.02153500388055618,0.7425932050963379
0.018750520104613755,0.8734861284003542
0.02952853545148565,0.34288483110983137
0.018167485751186485,0.8961338384069437
0.02065223931819754,0.7872253214871647
0.02817387638690652,0.4012784857972558
0.022382424286492175,0.6982236554853807
0.0194381077522493,0.844258724310976
0.03289669939077711,0.22464947360097837
0.015608784420506394,0.9678955285331454
0.01846635784377762,0.8847851902090001
0.024921947314006432,0.5636178660611988
0.019141029351270156,0.8571981961881745
0.025295122864998465,0.5443018365252155
0.01816437043727681,0.8962491433153574
0.038759985922767415,0.09654841574570516
0.016823556173229615,0.9397249037798086
0.023890063206558038,0.6179659557220278
0.02472158655351875,0.5740750841799871
0.029831127791466017,0.33071702627696953
0.01631232971563193,0.9528995043636481
0.01663241747248756,0.9448759556718774
0.02088746212804038,0.7755418392768216
0.03663822503753211,0.1331592922011599
0.023521503166729518,0.637586406157232
0.03420159930330002,0.18838893819409516
0.017465574079443602,0.9204780158687595
0.05226760141706033,0.008167158828885161
0.04419432298810588,0.0390295966866497
0.017303998621525818,0.9256005973786005
0.02278175861734688,0.6770240058074598
0.041280885805370704,0.06436779865918368
0.03114380203953293,0.2815404894716408
0.029561261002587325,0.34155361158766656
0.020174730139467467,0.8103685763779026
0.02414509479773974,0.6044356225662197
0.012139382013802325,0.9984896222098684
0.03343983226452807,0.20895115749810367
0.0233141349208138,0.648644833815069
0.03710853203918785,0.1241932012937777
0.024743484722726028,0.5729294989450606
0.033986385992468615,0.19402962141658867
0.01960462649505934,0.8368128567621939
0.02149171066752864,0.7448270224823783
0.0239753986385014,0.6134333773207761
0.033918162390326134,0.19584517781748392
0.024387088844790544,0.5916476508422153
0.02783218137874799,0.41703177641567235
0.012672749709246478,0.9971158559253389
0.022874564016261756,0.6720827109349975
0.0196379328491684,0.8353076625748633
0.02106072180729318,0.7668311379807058
0.023263937797953105,0.6513224447224952
0.021204873196950857,0.7595218552109464
0.020016421746343882,0.8178508784938213
0.022509321948535943,0.6915003831530099
0.02353551110809704,0.6368397136595791
0.02567195239798631,0.5250390647440413
0.027010248474057752,0.4566304422835086
0.03026179027960274,0.31394159954225526
0.027924202364208617,0.4127484206783366
0.026201546193222902,0.49794358965908553
0.04919794274782524,0.015266752036944962
0.04775393562714597,0.020224023715294685
0.029559713796265208,0.34161646573138493
0.022485941496032003,0.6927402011480566
0.037986673692304906,0.10877814393533286
0.03580528861007204,0.15032916186183953
0.028756220245345965,0.37538503080747976
0.033124169602426756,0.21796752117479293
0.029616944638666487,0.33929702049857613
0.031990289578108566,0.2528517696010291
0.02611444318789513,0.5027747069204747
0.032492745104213405,0.23690350330758006
0.025724740267165536,0.5223620085298762
0.02583962590099176,0.5165549218206326
0.020248690001181985,0.8068388241282433
0.0247839521236497,0.5708141650504663
0.026192923045346317,0.4983966440553588
0.01671475168993619,0.94269002717539
0.03253888067046262,0.2354786110592574
0.03378171123088636,0.19951636311986706
0.048275355475772,0.018288989322927485
0.03851890975904426,0.10023146773370875
0.022786245271533057,0.6767852153176879
0.021046682053893373,0.7675401029612059
0.017707685614045066,0.9124593317894512
0.017894799741552836,0.9059861416800015
0.018766230743471182,0.8728474850313614
0.02649582770563985,0.4826405136504308
0.02991694303686554,0.32732366149442255
0.0370203589711357,0.12583540016350395
0.018444396957002507,0.8856381016522078
0.02932757852719181,0.3511409200883305
0.02590769341214616,0.5131269973578567
0.015496096481270136,0.9699661234441139
0.028974734668568147,0.36597778780386453
0.02195717087581217,0.7206247143016384
0.04537717417943549,0.031547322213236154
0.024721132326632256,0.5740988533991997
0.0222897124297472,0.7031258321628522
0.035711447583881006,0.15237079467123124
0.019148939296176115,0.8568596204724096
0.028824425682164145,0.37243069708032417
0.019122024118125358,0.8580103273305106
0.03162914483777968,0.2648083885035341
0.026423465682306524,0.4863749078120956
0.024867448139053727,0.5664567173528011
0.028143064975084425,0.40268196412271356
0.026098970705591973,0.503546258744229
0.026316762678254724,0.4919155104077734
0.026472061124752533,0.48386498351267593
0.020297427319396877,0.8045013426942955
0.06131693275208183,0.001036476725953164
0.015898019747818,0.962165946507436
0.026366105218645686,0.4893483465207433
0.023177950403293734,0.6559091432582314
0.03246253259439624,0.23784018371099516
0.027746028345312757,0.421069336101331
0.023849369114166574,0.6201290403046248
0.018701543784486796,0.8754678007059875
0.029356533094595516,0.349942696384735
0.021439057991323646,0.7475384136391333
0.03755130865761258,0.11621028364021292
0.033392963640955564,0.21027122485577687
0.025112794356407342,0.553711667984795
0.03562922932692125,0.1541778650426387
0.022637714692368083,0.6846842718711172
0.030978932721150598,0.2873999423290446
0.032625900135250574,0.2328089079510082
0.022791362090240797,0.676512873389181
0.020121563839681,0.8128926971491071
0.0336538303223205,0.20300567053039573
0.024118899893143753,0.6058230629098248
0.024869525428669714,0.5663484335253051
0.024778147807493878,0.5711174355909627
0.031471803784029584,0.2701487134430298
0.014837109970200602,0.9803265065151725
0.0192801820723012,0.8511938140000466
0.025384901791211112,0.5396891366259333
0.025293375128037865,0.5443917713102662
0.023198577335046378,0.6548089023901307
0.049367245624242606,0.01476354366974431
0.032418057538795786,0.23922419840167958
0.01709628969861407,0.9319120213317158
0.02772032675481595,0.42227896372027063
0.022615234320553013,0.6858785906808069
0.02414710534878528,0.6043291554694077
0.01718400360753547,0.9292845842747566
0.02925192315207531,0.35428554620829156
0.03877860043808179,0.09626879236270343
0.03466092380432939,0.1767828849826326
0.025078647350893046,0.5554799882810677
0.02931245241904662,0.35176804325960626
0.031998004289445936,0.25260089327256524
0.037948761288840005,0.10940930481794717
0.024531008899898343,0.5840707537174499
0.034784112850936744,0.17376868605229007
0.0385640075098157,0.0995337222451912
0.02508912982587419,0.5549369516302911
0.018110897849553442,0.8982184930292046
0.025673487901133885,0.5249611169984588
0.024567441562299952,0.5821564406140426
0.04702568726436229,0.02323154791618426
0.04189854545784619,0.058055049746195235
0.01802875321875086,0.9012075052205202
0.05497500626360541,0.004558521270591125
0.02632795941408017,0.49133221464539273
0.029237575384274295,0.35488416489031965
0.03546110071852904,0.15792683656224257
0.02075997467676155,0.7818954387209648
0.02987538302338122,0.328963896900928
0.03075962617987338,0.2953336950315689
0.030980605070960454,0.2873400560882487
0.049687187281534095,0.013853095555066693
0.01709113940958107,0.9320645692050472
0.020519415470264812,0.7937440601359129
0.014463854175973567,0.9849440189836896
0.012825066325570955,0.9965833359604267
0.02686748213455442,0.4637543676501376
0.023993352840398163,0.6124803704108792
0.02630552363606453,0.492501457978597
0.014221415536229354,0.9874978209022899
0.01748790563661118,0.9197555132669231
0.017382953143028707,0.9231205344913168
0.03547378436234294,0.1576414844253535
0.021624177745948936,0.7379800383953443
0.02952942887622223,0.34284843883819255
0.016755582182179207,0.9415875089062603
0.01771877665312538,0.9120822843076699
0.02539946545344751,0.5389422143951726
0.03181612437547643,0.258565867370043
0.020247352797030382,0.8069028301021007
0.019547859904276543,0.8393661831809699
0.023842664151011383,0.6204855351781775
0.022366213640453936,0.6990814365064939
0.03914069051720326,0.0909626812143911
0.028601616334258118,0.38214244075558923
0.023811242332554022,0.6221565361721043
0.01814410389213178,0.8969977234939086
0.035266842106087104,0.1623492225810336
0.04327180818609433,0.045897717088552635
0.028227978933279774,0.39882224002299727
0.029371742211205337,0.34931446830047613
0.03767592290942795,0.1140414251561948
0.03693175793693715,0.1275034427510845
0.018139613605233196,0.8971632203781582
0.022145867609678738,0.7107126983182275
0.031067197595063323,0.2842518504496195
0.022918609789874367,0.6697362556362292
0.022661397560638896,0.6834256953556155
0.03943498092165748,0.08683269844926973
0.016691148499606623,0.943321778653915
0.033437306689618584,0.20902212614958432
0.018630207331010035,0.8783289621233611
0.028768379115387654,0.3748571668032201
0.02747439372246685,0.433972761141957
0.02861845909238636,0.3814021857310008
0.021645146297810558,0.7368930141602775
0.0287101913306117,0.37738804436459367
0.06143057498496651,0.0010078425431966328
0.026473129698704412,0.48380988672930436
0.042957636465903115,0.048464891390670076
0.016203827253776337,0.9554479457802093
0.017962855628255836,0.9035732314302545
0.017842771800453017,0.9078098474077305
0.020743619720617335,0.7827069203372647
0.026766080162076877,0.46885841190013194
0.02806746895562942,0.40613970014487255
0.023514179915379185,0.6379767927615524
0.028119412476286132,0.40376163803375203
0.029705202624958155,0.3357423111273773
0.02106289671768835,0.7667212639460808
0.0370075504527253,0.1260754281378944
0.038387371820347904,0.10228990528932236
0.022663452644849535,0.6833164646737531
0.02879660347929275,0.3736338441286944
0.02712328993562585,0.4510413699535785
0.03213039789979333,0.24832491707741505
0.031928174170620216,0.2548786006523781
0.02452958928712745,0.5841453772832881
0.021337505950087543,0.7527506430974149
0.028121233536826967,0.40367844080800563
0.026311155669039132,0.49220777580311276
0.03565174389695425,0.15368131220497297
0.04994411846393265,0.01315885728309125
0.028272681206764627,0.3968006041046988
0.05323915551313385,0.00664757574188446
0.02061242619369269,0.789185463909427
0.018429761819683477,0.8862048471683293
0.03974038724850848,0.08271451460956511
0.037825101679937134,0.11148907610009628
0.024262268570837242,0.5982367289906516
0.030740819277922937,0.2960215212059024
0.02766094178513251,0.4250828841172419
0.03678360808427794,0.13033296326570948
0.036007328715964515,0.1460084086376444
0.029869476501843295,0.32919748899600654
0.02796858960662907,0.41069308048801684
0.03266758715113527,0.23153823272538201
0.022506463097460738,0.6916520069332486
0.02184138215370149,0.7266809056760717
0.03435697121036513,0.18439762145824592
0.04798400902248112,0.01934876994223041
0.024497193243795817,0.5858489466733912
0.030146822502785414,0.3183579304055193
0.03158213694281664,0.2663954993279002
0.026354961694808554,0.4899273587705689
0.0228726635413401,0.672183937800063
0.03386262249273886,0.1973330180222667
0.03000597401795918,0.3238298407763139
0.025039230946612256,0.5575234648181446
0.024998050224779522,0.5596609727216795
0.034467629189630644,0.18159591068404257
0.03152427649815115,0.26835882644563974
0.020433632335711938,0.7979219975898579
0.02937392414704476,0.34922440723836845
0.026681228684214797,0.4731575683419127
0.03314689715703034,0.21730844303001154
0.03461009095846307,0.17803869986559748
0.017654390137894882,0.9142593576308902
0.024456553802430253,0.5879876905720096
0.0390261811724687,0.09261356546077154
0.02040114344743227,0.7994975102117193
0.018441751762392156,0.8857406346487059
0.02675722009169451,0.4693061234998562
0.027280124819710927,0.4433625887363746
0.023920565257457227,0.6163452961783857
0.03228084249432728,0.24353298083165417
0.023891425964749247,0.6178935360570399
0.028890073354180368,0.36960261377021125
0.010367157034832153,0.9999208737466638
0.04065025743333006,0.07140907172669034
0.023209170233825238,0.6542438662081285
0.03933547221951689,0.08821118011940844
0.02398827325057118,0.6127499713317368
0.028229041406322652,0.3987741079837637
0.018756558572280868,0.8732408320085754
0.04150356057046062,0.06202744152116522
0.02194453421593412,0.7212866784067999
0.038942569216215084,0.09383478194482567
0.028495593874586667,0.386825241228732
0.020946291661042116,0.7725936832683811
0.013569785733868578,0.9928085282267783
0.0204731336190469,0.7960013565497588
0.05412696583545912,0.005489378476004884
0.027678613419919507,0.4242471860318927
0.03652165767931381,0.1354613508944899
0.01612769315953061,0.9571844602666839
0.03787720511663184,0.11060882310200669
0.014708052942955518,0.9820205654341307
0.015255127668756474,0.9740957136163607
0.023535256041673613,0.6368533094739904
0.018569395287861057,0.8807440928260212
0.021465415528582055,0.7461818561560838
0.01896032143694093,0.864841052877321
0.028842795275758726,0.37163781290228365
0.04119459737965658,0.0652947779168253
0.02089159498436441,0.7753350558000611
0.03319671264763946,0.21586924034516056
0.026814393694967076,0.4664219875181135
0.020347002112431456,0.802114533739846
0.038074516402987035,0.10732733040811235
0.01896655228152544,0.8645805059093693
0.01998033116857989,0.8195422992173897
0.029928004601424585,0.32688809716513234
0.018450563909764572,0.8853988908281427
0.022218522211184144,0.7068837056092921
0.0364065440990019,0.1377663930032493
0.026511881431262874,0.48181455261250866
0.021097324423040797,0.7649803266564004
0.03293218370483375,0.22359684179762226
0.024650629464227136,0.5777914384594336
0.021466173855753737,0.7461428047138299
0.026035993306612937,0.5066920569799225
0.02986007452939088,0.3295695670071976
0.029774790519788596,0.3329585203675722
0.02790086489632071,0.41383186959053936
0.02560031815003483,0.5286805491575073
0.021331776653512824,0.7530440033079102
0.021499281581278007,0.744436665804331
0.03642102362311117,0.1374747124006321
0.02538421354309006,0.539724443929698
0.01924849948074281,0.8525698024401905
0.035143468691256244,0.1652089905049143
0.016886988151305515,0.9379562159814027
0.02836379519311988,0.3927019708288226
0.028692236438409013,0.3781714018633794
0.043683651803741785,0.04271165919618386
0.020916625433804348,0.7740816154025688
0.022509908193068917,0.6914692898872459
0.02759316189075489,0.4282985489750686
0.030080750581922167,0.3209163639168921
0.024639798712820626,0.5783592607388208
0.024188857680926712,0.6021189808902591
0.04767791170928409,0.020520895525916665
0.03477350894934028,0.17402652512009387
0.020834497227666893,0.7781874132056383
0.030712053596216704,0.2970758568219349
0.028523902285379904,0.38557102670562543
0.019649728061935323,0.8347733627165909
0.02027006649253893,0.805814700140105
0.03693192821616181,0.12750021973119652
0.03469338290798707,0.17598467463768797
0.02158005594563983,0.7402645444946363
0.02480167693027069,0.5698883436469679
0.024892436996891476,0.5651545209312764
0.03065803164181996,0.2990633802415604
0.023485062224809478,0.6395291281235667
0.030689428720651002,0.2979070603809389
0.02023455349215464,0.8075151285230565
0.028455703666113275,0.38859740345271143
0.032789994027423885,0.22783788534638758
0.01690370517062406,0.9374851910936285
0.02352549677483884,0.6373735216286076
0.03699305805525932,0.12634746351952095
0.020124874733354448,0.812735837762314
0.029011443258646352,0.3644139063586465
0.0341623579470236,0.18940769663240906
0.01847986969426607,0.8842589478485119
0.0323047530877737,0.24277792058757797
0.017796941102052988,0.909401189012275
0.02684918792396962,0.4646724908255863
0.02647330103471679,0.4838010528443905
0.02087444357200241,0.776192881908612
0.036578433546076594,0.13433608317285825
0.015935791856422077,0.9613731189710959
0.02088154079340132,0.775838020116159
0.022597423210811263,0.6868245914031121
0.03383581898408872,0.19805421149839006
0.020555604986688514,0.791973841390171
0.03357097042180368,0.20529188720016478
0.019866084454453786,0.8248601829814391
0.021823778224290158,0.7275997627766936
0.023949723484262497,0.6147966007553803
0.027205031067354335,0.4470282905941834
0.023063128450126313,0.6620328393275873
0.019691785721067,0.8328629743509854
0.01801981445398751,0.9015300898097501
0.044233046436298884,0.038762044263241785
0.043518803583694754,0.043963084087707216
0.019275046933146744,0.8514171875623766
0.027160722099903778,0.4492006777311439
0.02391763557194787,0.6165009328412304
0.02777949535679136,0.4194977635973926
0.022670773813455114,0.6829273117193178
0.025045697340191242,0.5571880598970618
0.030166149628665817,0.3176123599946182
0.03484235500782085,0.1723579115929364
0.02362721812265539,0.6319527670700729
0.026056262478348968,0.5056786516021499
0.024653003389101084,0.5776670007617634
0.025786621025494394,0.5192308437299089
0.02707644089299266,0.45335217683074064
0.018978433656654303,0.8640830809464578
0.03885080656641757,0.09519051838776672
0.01921922089293529,0.8538367499886524
0.017339508739283027,0.924490663217553
0.026957779408536053,0.4592401525449246
0.028186195730033003,0.4007182759691264
0.029804135819244126,0.33178959424994636
0.031614810816322,0.2652915870987544
0.022721959422974836,0.680205628313129
0.036623884117483185,0.13344077521127917
0.020484763051094257,0.7954348589112763
0.018092421799317582,0.8988946316188022
0.015253418726356188,0.9741235691654598
0.01937965753469345,0.846840135373665
0.040247732678093395,0.07623749982599662
0.04705171780933132,0.02311755496934161
0.019761846337672417,0.8296625866220317
0.015100374811479522,0.9765378033300386
0.016917103394260946,0.9371062038782993
0.03361885481351179,0.20396825439463237
0.027840047816750813,0.41666443369392475
0.01971945036339312,0.8316019178921048
0.02526846940698879,0.5456739338929681
0.02924596856920325,0.35453389657755047
0.020385874181750474,0.8002366613077003
0.037759923846646504,0.11259835712922997
0.025321890722710932,0.5429250773587878
0.03439857110330935,0.18334038816556442
0.019804581120253628,0.8276995634488744
0.017204671777337754,0.9286574075707754
0.015477313081953215,0.9703025536921414
0.03426802915113647,0.18667417957833857
0.033544351458500765,0.2060305883661502
0.02724585633497356,0.4450329074691051
0.030039006745154695,0.3225404484777576
0.016794808521583104,0.9405167754484051
0.02990976584981203,0.3276064976612682
0.052896159987528335,0.0071518028633829524
0.03699204436968451,0.12636650928329712
0.027610481895727346,0.42747528150644926
0.03628141826936848,0.14030798294471405
0.035221467326603695,0.16339635693835206
0.025705736277956137,0.5233251362922644
0.02562864560479816,0.5272393589074243
0.02396804997501889,0.613823508638692
0.02159827281189508,0.7393217897085649
0.024823497085608104,0.5687492030713728
0.04658044633954839,0.025260095180499313
0.02106202387902323,0.7667653603085467
0.03458605424605887,0.17863498064332853
0.020806100049725273,0.7796023764309319
0.02787413417148743,0.41507523430780746
0.0350206054493612,0.16809680812272154
0.031218157379199696,0.27892720244561836
0.03145420223442852,0.27075111796583784
0.033570570568039027,0.20530296820961436
0.016568575784992934,0.946536560806498
0.02766927608222433,0.42468861339268893
0.025963328384688816,0.5103323307788158
0.03534864135724314,0.16047508463759277
0.038261246888473655,0.10429653276700693
0.0253248277344989,0.542774092573736
0.03347064778335829,0.20808675148485717
0.039505949259432405,0.08586068121508122
0.016589222432957795,0.9460028002542293
0.0259123015729516,0.5128952736186518
0.018017392013390143,0.9016174207872496
0.022892681507033885,0.6711176274310059
0.01869527316848907,0.8757205068869711
0.019469527681334475,0.8428640897877752
0.03213808373611349,0.2480783842565872
0.01654875899185626,0.9470459127415694
0.030108595817931127,0.31983632658138766
0.02233441028266725,0.7007635306404576
0.01654341566548201,0.9471827569805215
0.018774765758034384,0.8724999333652366
0.02350273111529122,0.6385871312884916
0.03313284976573039,0.21771562199404884
0.023282906360723388,0.6503106161078006
0.03626094933763324,0.14072735318268165
0.03604685400864993,0.1451749964225669
0.01781697534099594,0.9087073064068637
0.022004406653207326,0.7181481831146623
0.018307685377511873,0.8908803548674668
0.029947368304497346,0.32612663495246036
0.02945502194693017,0.34588877614461155
0.024686128551752118,0.575931374798945
0.02659770494830127,0.47741451260373663
0.028488602706006505,0.38713542395909145
0.02804097165652375,0.40735648605885355
0.03347943316860677,0.2078408235852086
0.027766705202468156,0.4200979032850205
0.02616527512607003,0.5002436134386926
0.014905648949919137,0.9793836804219624
0.017911238234445626,0.9054061525766397
0.03339072661184095,0.21033439321828734
0.02243022389658647,0.6956928704301724
0.026121108084401323,0.5024425159739419
0.029934032467892058,0.3266509182917342
0.028189218413490646,0.4005809048027843
0.02080617920850336,0.7795984355415247
0.02213355281863527,0.7113610516182041
0.03780275154000773,0.11186843768396672
0.019399587643039423,0.8459618508188269
0.029107288588076763,0.36035291185692664
0.026118096392325874,0.5025926123174694
0.02947980655268495,0.34487391998707745
0.023656863672132322,0.6303736270396674
0.016746606985664325,0.9418309103916674
0.022379794012604926,0.6983628532553345
0.01817847598779221,0.895726564542086
0.026871342267312637,0.46356079347945867
0.02073307434914068,0.7832297041869033
0.026056837887613038,0.505649895567019
0.02802316221179657,0.4081757190275547
0.022792983439268555,0.6764265745518535
0.028349632272229364,0.39333713778473667
0.049725577727817605,0.013747312684358
0.03212003730539059,0.24865754078976615
0.021534893191811455,0.7425989213088375
0.02023105149282106,0.8076825489006483
0.022156861518567716,0.7101337242607785
0.041901249217709546,0.05802862866315798
0.03214569294142022,0.2478344928228217
0.028894839790698734,0.36939786703651545
0.02095058645822767,0.772378065416138
0.019267717082991243,0.8517357931987106
0.025042959173175894,0.5573300777941608
0.0317012611651043,0.2623873979423446
0.03140788112318704,0.27234124792714515
0.025332451178803006,0.5423822593604988
0.02527246193124641,0.5454683249625687
0.03209739550676255,0.24938562724770208
0.020345938390791463,0.8021658431017846
0.027659690452568886,0.4251421023152439
0.03612784965850424,0.14347918638826312
0.030949580516027364,0.2884525425675156
0.023509269521979348,0.6382385630163112
0.02574571325182018,0.5212999208348494
0.014685656673136926,0.9823038923464087
0.028739167922671838,0.37612621614184316
0.013459923245283445,0.9935038613193266
0.014812999786332437,0.9806510028964478
0.013163884302109075,0.995126935100269
0.02450941150437519,0.5852062985333403
0.025590812258028617,0.5291645151531641
0.026568842199194864,0.4788913344970347
0.027189321048049664,0.4477977218721529
0.02930812980186115,0.35194740391067725
0.019209178755371814,0.8542702636491888
0.024559687633027738,0.5825637303559974
0.017676495631706646,0.9135151292547666
0.02193190043297799,0.7219482484518478
0.021137865757726915,0.762926217620998
0.02698278902527783,0.4579949968296714
0.030983881565722682,0.28722275284497006
0.01797138559394429,0.9032686260635795
0.02581062382136573,0.5180183702412007
0.02616948814648906,0.5000340885796768
0.027424710328132595,0.43636134555769385
0.01504820777105692,0.9773247585709282
0.02005743181996067,0.815922339504827
0.02664804014679023,0.4748461084999455
0.02102173185859446,0.7687986884710011
0.045480021422565575,0.03096068540057537
0.03198018745399783,0.25318056825907065
0.038906807472202876,0.09436120677431738
0.030489218725840428,0.30533729061101705
0.021284088615061925,0.7554828097838903
0.029416096268765457,0.34748697391592254
0.01994302688065261,0.821284847609585
0.0181185306635554,0.897938518205305
0.04334189373229069,0.04534139482112889
0.024501421159771386,0.5856265501526008
0.0212145215360883,0.7590307300502709
0.03259108919389975,0.2338740855810247
0.018076029992092013,0.8994926316011984
0.035338913184360554,0.16069705827060676
0.020749551448951742,0.782412703208245
0.02996399470004185,0.3254738408104184
0.02630317805468846,0.49262380147329965
0.05021485375308837,0.012461358830636064
0.01990631091392092,0.8229941336674409
0.04693853693318373,0.023616836508914076
0.02687123786239054,0.463566028376141
0.04274105427101349,0.050306181614496195
0.01714522833624843,0.9304529275683848
0.02220557098574133,0.7075667227395752
0.01868666659768492,0.8760669756118444
0.02633162643361253,0.49114127748652964
0.03463864437948644,0.17733242538482483
0.018698060106832615,0.8756082216451381
0.038706178649029366,0.09736051272023359
0.025838476112071324,0.5166129076956967
0.04263053911896428,0.05126880984672777
0.03835502158422355,0.10280150594663635
0.036814445766845894,0.12973980407873428
0.01618864618397925,0.9557976034687787
0.022248168445798244,0.7053194909545485
0.0396599998569408,0.08378218989900035
0.030693821876759397,0.2977455284981893
0.024004921084767317,0.6118664508831562
0.032872345536584885,0.22537413215371574
0.030336388906602868,0.3111000134813425
0.04807838813663495,0.018999613617427077
0.032806856200160994,0.22733173035473017
0.02206199214759441,0.7151246659821318
0.025759590896153872,0.5205976273644879
0.031233766597489776,0.278380907502815
0.03253792593826699,0.23550803118785318
0.01642316274693778,0.950206786554417
0.03359122965833308,0.20473106049685946
0.026214477174974653,0.49726469889981806
0.017868153097699957,0.9069224469364421
0.01683551746412343,0.9393936382185312
0.03213358041007086,0.248222811493533
0.02917077983793792,0.35768047565699557
0.02951820324194121,0.3433058986965628
0.030548892719097,0.3031085675023916
0.01569176893314128,0.9663130827569739
0.02845237475243595,0.38874554832288044
0.020224086106410688,0.8080154032041076
0.030548384147933705,0.3031275111392616
0.04638969028679141,0.026176151782416696
0.023747889172051173,0.6255272461389833
0.025136459400582428,0.5524872513369363
0.03236176909098598,0.24098464850391585
0.03036733228253452,0.30992686268347613
0.022204593137696904,0.7076182840176932
0.03507455725851916,0.16682378479741392
0.027771777858832114,0.41985981431351405
0.028933330366224697,0.3677473934433953
0.029423441532406613,0.34718499147788573
0.031203704935190757,0.27943372504419994
0.05538163295879711,0.004165668650197376
0.016565820191409897,0.946607561227295
0.028792710415841888,0.37380241359134697
0.035265257511858716,0.16238570021478002
0.0427366798049732,0.05034398588847811
0.02824341941084041,0.3981231511585605
0.044155527717819776,0.03929926032073535
0.02060593842935643,0.7895043835852362
0.02206110550669038,0.7151712541286397
0.02182335027188831,0.7276220937889053
0.020747859556589532,0.7824966332706513
0.03681712889173083,0.1296882989581142
0.017397483230546518,0.9226593047121575
0.03494091144996969,0.16999140090827414
0.03143287783347759,0.2714822838834261
0.02085064345712817,0.7773818010647497
0.0288818281019666,0.36995698481900213
0.026693396796607982,0.47253947217404285
0.021603389510117338,0.7390568734855227
0.03887478848538628,0.09483462994810088
0.028263197748482183,0.3972288957377722
0.03321701011454725,0.21528495613327062
0.027767093515162378,0.42007967429279935
0.02919662984981597,0.3565964492432634
0.02534669342179241,0.5416505014190929
0.023426240224370343,0.6426656472414014
0.031773017784944624,0.25999507731038185
0.02265992583340981,0.6835039180768814
0.02911279580687376,0.36012054672865657
0.030279994935057286,0.3132464126029894
0.03188158481068648,0.256406871118309
0.029049198362968265,0.36281036974313113
0.024546858890227785,0.5832377411893421
0.021314741075686372,0.753915832591919
0.026957862737813254,0.4592360001172821
0.020370596383023076,0.8009753770201434
0.030807500664894294,0.2935881053603695
0.03724831945501028,0.1216257444432135
0.022299916681062848,0.7025867217121229
0.03371681548023786,0.20128116961977935
0.03540262818869805,0.15924769774845238
0.03193392324504041,0.2546904928304272
0.026161998801186415,0.5004065810481716
0.0360167208005287,0.14581002175984567
0.03311213927820786,0.21831701538414247
0.02206554017328133,0.7149382257537542
0.038928873476334336,0.09403609686706145
0.015779485876489474,0.9645868111385658
0.020390701791319715,0.8000030589015885
0.02444733020919654,0.5884733600734913
0.025273426786499242,0.5454186404524637
0.030671514021261226,0.2985664345881117
0.022702491452890383,0.6812409841869831
0.03686759831118369,0.1287225995179129
0.03489031672801429,0.1712030127288181
0.042727922115539274,0.050419743886161175
0.02072208961055949,0.7837738969557098
0.028256304430963497,0.3975404117913134
0.043045421221448055,0.047735361128610314
0.02329189174581131,0.6498313170018003
0.024643816927400697,0.5781485811734961
0.016367620663759408,0.9515675152815253
0.022753827279897054,0.6785103404542845
0.01980823924927222,0.8275311484359561
0.03483220078131988,0.17260321480870114
0.034569663556106134,0.17904249307174402
0.03606405179758376,0.1448135755893585
0.024889790207155094,0.5652924055970697
0.03850410722397957,0.1004613763750834
0.03247988175727101,0.23730196073704984
0.03698703674369297,0.1264606302106302
0.014136748704552449,0.9883116923682407
0.02037269928817878,0.800873747409022
0.01674070915630549,0.9419905335179375
0.025206541915312464,0.5488665483719588
0.023260862822902073,0.6514864716762838
0.02401867752354503,0.6111365314446147
0.026168354915147796,0.5000904433655626
0.040355250557597255,0.0749214693996008
0.029835195928526903,0.33055558985289907
0.020002821759483647,0.8184888939504543
0.03545316707490148,0.15810553560518428
0.042153665632362114,0.05560707004530252
0.022058184513680107,0.715324728724934
0.020537209164347647,0.7928742377438114
0.019725555907299908,0.8313231332749151
0.022215670316214964,0.7070341249496962
0.035498289966154506,0.15709133883740245
0.01701646425063752,0.9342547966244787
0.020774177285150575,0.7811900740912954
0.022096439760831865,0.7133138026217187
0.03034143517825949,0.31090847381127423
0.027397454678408872,0.43767543382651686
0.012733545028534299,0.9969117012479042
0.030625321902922997,0.30027155720370335
0.02970622718433147,0.3357012035727415
0.016760710927108957,0.9414481550646435
0.019181625804683133,0.8554569893694914
0.013461034544458128,0.9934970903888158
0.01389417475094612,0.990431625086565
0.054138358694125754,0.005475797076072645
0.02359000727835464,0.6339353497113605
0.032385580307511375,0.24023873697336615
0.02504770655299604,0.5570838573620722
0.03154369928691614,0.2676985622510099
0.01650098964750238,0.9482618290920863
0.020950529092125025,0.7723809457952163
0.024838452947186535,0.5679688010659204
0.019391482915250224,0.8463192517554462
0.014565678556758166,0.9837690117815537
0.023284732950358267,0.6502131818255262
0.053881427784776226,0.005789677536371754
0.0424980582415756,0.05244369009436116
0.014661862046704721,0.9826014968719051
0.03663870957486315,0.13314979018242826
0.03294153872461392,0.22331996281029715
0.018159844113349588,0.896416561269676
0.022389138140474718,0.6978683181700942
0.02057674284729541,0.7909378146643203
0.02505488146940682,0.5567118003414893
0.03269514651578753,0.23070111575577565
0.030282010246556523,0.31316952241993085
0.019015830524789556,0.8625123325348273
0.02467761710492644,0.5763772067455779
0.024505386226319037,0.5854179985983482
0.0259793838194734,0.5095270407950341
0.029866587491494956,0.3293117877044701
0.022388801359610126,0.6978861436779304
0.013063835242096422,0.995598753688084
0.03725297809359074,0.12154093607390266
0.016636198847051586,0.9447766553820278
0.02733803312112998,0.44054954384712386
0.04631688919654986,0.026533433331159838
0.040699036890971096,0.07084199137965075
0.02440287994048107,0.5908151962789656
0.02071313787260498,0.7842170908253389
0.024642914839781205,0.5781958768914839
0.01942108623101102,0.8450122221567069
0.019223960877055746,0.8536319440667701
0.02960797834331319,0.3396596566954798
0.0182684442384069,0.8923634006196125
0.026629390668191366,0.4757966643070693
0.026385701953653973,0.4883311799498752
0.021855600487809324,0.7259383885301609
0.03365344173471968,0.2030163455734456
0.025216253993112503,0.5483654266350908
0.024096076640017117,0.6070323820381278
0.03046821050847648,0.30612476727901533
0.01857464487162175,0.8805364824974843
0.03578768924884845,0.15071036848605598
0.041959673010770526,0.05746022928178625
0.02980121737311886,0.3319057134265732
0.032129874702392924,0.24834170605696615
0.014902866496059541,0.979422546062427
0.023035453311710585,0.6635084676753245
0.01585568528930248,0.9630422297266853
0.020782431769451992,0.7807798327640966
0.03128841813719807,0.27647449240309707
0.02642921491624367,0.4860775253749152
0.01588273245797661,0.9624838779131731
0.03989495829892137,0.08069377032483772
0.018978548677860363,0.8640782616509877
0.03635115313766707,0.13888685460405334
0.027336844221959034,0.44060717731131344
0.018656302866969843,0.8772858167251345
0.024263734177817825,0.5981592729057279
0.028224528794211112,0.39897856548336563
0.02504529548335821,0.5572089018950976
0.023254258610520162,0.6518387571553851
0.018688595981498746,0.8759893436725744
0.02549436749145806,0.534084350681358
0.017274801723048377,0.9265064647333185
0.03263321039622924,0.23258569546482957
0.018054016549626017,0.9002929518790356
0.02054961643600417,0.7922670818538659
0.028493188059202645,0.3869319624389123
0.013960398505767913,0.9898832246448431
0.029751495575875975,0.3338885513872056
0.022554416468611005,0.6891078410533467
0.028254562231647906,0.3976191702484673
0.018603084471389586,0.8794088745552531
0.024373440073843233,0.5923673804792138
0.014305230315549144,0.9866529348259012
0.029812984234668605,0.33143771253110377
0.02246850049728455,0.6936647568336003
0.026187384535774738,0.49868777272348946
0.04759262873202669,0.020858537597848146
0.033163188193987114,0.21683696852103526
0.02068477736668739,0.785619511896422
0.02723197646450548,0.44571063485806117
0.020840536949527755,0.7778861543096879
0.02570233303777475,0.5234976886203456
0.038545837576554276,0.09981435634683526
0.03284453797802778,0.22620375876563517
0.02934390687067684,0.35046484710841724
0.026542549396304266,0.480239241868351
0.03458157683976393,0.1787462267842325
0.023646619663767188,0.6309192597622242
0.029567065624814315,0.34131787688879667
0.031603228684949525,0.2656825040112486
0.022588028795978432,0.6873234638749136
0.021706045036885002,0.7337312605381348
0.03549090839571045,0.15725689097017947
0.028351530329400965,0.3932519740347871
0.01849303306655914,0.8837452019695037
0.024460523028460135,0.587778719432772
0.01548221660364446,0.9702149654684832
0.024002541222953755,0.6119927407991914
0.03591576090812765,0.14795403538313748
0.03075672794529727,0.29543961538308855
0.02026446117296088,0.8060834132253066
0.02625274780243475,0.49525892519837733
0.016489115268378485,0.948561467222994
0.02562811527736933,0.5272663257679802
0.02955608849339797,0.3417637735293717
0.024665243457724473,0.5770255072779977
0.03253231607878504,0.23568095622374455
0.020831525333336764,0.7783356098179862
0.028907800434030406,0.3688415341883737
0.04775098428800206,0.02023547685333638
0.029001469682257974,0.36483833902309015
0.02713485322420195,0.4504722219030961
0.01918978379823605,0.8551060351474961
0.0316475736382717,0.26418812878762604
0.019198074139349097,0.8547490280789231
0.03265702177103241,0.2318597744826323
0.023037248524899245,0.6634127527947424
0.027159266916752522,0.449272141566363
0.025837274185751935,0.516673525836759
0.012917526719040812,0.9962247359434275
0.02144494286702764,0.7472356642999305
0.01970738940570027,0.8321521318899663
0.02251233323891704,0.6913406671567623
0.031964990760082634,0.2536757925653956
0.031300796674108566,0.27604404871767807
0.019349699012887328,0.8481565987266585
0.019471000398747884,0.8427986013274453
0.026511939053469907,0.4818115896133129
0.01903816804429692,0.8615704410904177
0.03199630684675081,0.25265607657001077
0.017790463071195667,0.9096249718284067
0.023896167684653136,0.6176415606880914
0.030145474084779744,0.3184099949742966
0.026820943744284342,0.4660923130243601
0.04147674702805232,0.062305344331746566
0.024329298476189698,0.5946963799868223
0.01983223492280839,0.826424951746495
0.016505027310947384,0.9481597057845118
0.025510883757511316,0.5332405928897378
0.01971193109192393,0.8319450208218135
0.014007399823849631,0.9894803621606144
0.04569121256133535,0.02978607394457269
0.03877176494846524,0.09637139499946729
0.033815283813992514,0.19860814085095715
0.02043296274562012,0.7979545068055574
0.03447036600576042,0.18152704748014306
0.038386844222563,0.10229823193311756
0.026149524792921208,0.501027267453383
0.0328780632800178,0.2252038367911934
0.025966479381518748,0.5101742437678101
0.019838039481783837,0.8261569805697364
0.038543641735608175,0.09984831564621396
0.02393610478218311,0.615519867694171
0.02737601690365904,0.43871088558302446
0.024336920532907813,0.5942940832380301
0.029282701996629246,0.3530038115912041
0.01849722234027995,0.8835814788866715
0.02458225002837533,0.5813787981820554
0.05485493270866881,0.00468086750301317
0.023520194139660666,0.6376561864992499
0.04986019238053535,0.01338210520435499
0.027364170949237904,0.43928375293789795
0.043178242244211074,0.0466496429398244
0.01819436212208775,0.8951364845143545
0.03555411503179251,0.15584383613174904
0.03212231337881355,0.24858443914092357
0.03852565966356286,0.10012677574533253
0.020766897906267068,0.781551678584727
0.02059355273392835,0.7901128391488472
0.04281994957798563,0.04962856457562663
0.022167474564617484,0.7095746633795359
0.024224673371419897,0.6002242917164687
0.021139596882858158,0.7628384111836695
0.03159994567682367,0.2657933899701587
0.03294509148173841,0.22321488179317706
0.053239167133724785,0.006647559222532276
0.02966564952207351,0.3373320380199817
0.018400200301038727,0.8873455751857946
0.01868393648346578,0.8761767887870149
0.026581655987673217,0.47823532447392436
0.027473394832590814,0.43402069709696434
0.012313760913268523,0.9981157528410673
0.036202778779604594,0.1419247143574529
0.0281281787736698,0.40336124792934314
0.038366110728400016,0.1026258983109996
0.025667733908450382,0.5252532343046035
0.029286283654080925,0.35285487391586745
0.03527395223588803,0.16218562692509228
0.02452560665845771,0.5843547412457188
0.0675521565214875,0.0002063824270271392
0.023863444741642842,0.6193807415115653
0.029163037148534465,0.3580056216638437
0.026957572358431547,0.4592504702813336
0.024267119078410504,0.5979803915767709
0.042093601458690455,0.056175273266174566
0.018397297512838917,0.887457296473504
0.038263513046266184,0.10426019219415089
0.016110413206875118,0.9575726689200955
0.021634634000085473,0.7374380847441031
0.02090975452723043,0.7744258687769339
0.026129329284123815,0.5020328899945717
0.03390676967423656,0.19614965382178826
0.019154334153579478,0.8566285090105419
0.02558622014967149,0.5293983710852732
0.0238052091083637,0.6224774435384112
0.03291060197448181,0.22423660310507756
0.019575111893755576,0.8381423190243802
0.018587736946638428,0.8800179951781647
0.034534233721054464,0.1799258827663497
0.014943985698796902,0.9788430723016703
0.03276042236410537,0.22872763730111098
0.015047873432934344,0.9773297437853886
0.026007652128165526,0.5081105194146445
0.04169276189241197,0.06009650094178883
0.014899483137222114,0.9794697376875208
0.022266928021588583,0.7043291633423927
0.024224104109508482,0.6002543972101817
0.024463292197144437,0.5876329390736993
0.026066136542318596,0.5051852951112868
0.022103111521119878,0.712962892957028
0.02288394354718365,0.6715830980610628
0.04152788298355914,0.06177627575637851
0.03571761865706874,0.15223585230789513
0.0252143249711389,0.5484649474229454
0.031426410843857666,0.2717043146493016
0.016468843921918164,0.949070591670268
0.025333920834860246,0.542306732940841
0.025362313701268513,0.5408483489560607
0.019117649412137505,0.8581969935222261
0.01912505910183282,0.857880766078748
0.02822863077271265,0.3987927099882389
0.02965282978985362,0.3378484508800061
0.028369254633910268,0.39245732016779783
0.03157793150654831,0.2665378337545556
0.022851512117128547,0.673310444004718
0.04464495610750652,0.03601368316999038
0.02877348448450734,0.37463567803536846
0.028801740822440025,0.3734114790761069
0.030250046964534927,0.3143906422741808
0.023106081382110122,0.6597423002396037
0.034067413015198666,0.19189054734842478
0.03294780106317663,0.22313476530371656
0.021999065046466426,0.718428403533359
0.0244798399483811,0.5867619763530482
0.022607448275604236,0.6862921585721034
0.0472598616500598,0.022223768494297417
0.03680778444411037,0.12986774672526538
0.019047775167757686,0.8611645046927384
0.03319564568863431,0.2158999878733705
0.047718912690398185,0.02036030887025311
0.04830931318178755,0.01816890430398575
0.017134309527761515,0.9307799681814796
0.025266038587705375,0.545799130660557
0.03492194552796424,0.17044478216189243
0.01877649588430408,0.8724294300205464
0.016505691171888492,0.9481429034577502
0.019962372461331146,0.8203819162639299
0.028899968172730883,0.3691776617609466
0.021126623803847888,0.7634962447189925
0.03830488895810824,0.10359852646213624
0.01998029393506362,0.8195440413876705
0.01816432876946343,0.8962506851120431
0.016909766048728736,0.9373139132038626
0.03724468909305434,0.12169186719818222
0.023520417949619565,0.6376442558231348
0.025010648904180144,0.5590067561085489
0.021094730110438886,0.7651116256346913
0.02452360509152618,0.5844599691682
0.022866126968064227,0.6725320902419869
0.03408018710252858,0.19155501662157087
0.04136721705938473,0.06345163413670035
0.018548811893683653,0.8815565203923624
0.023428396489333037,0.6425506586106471
0.05658947372480427,0.003174865415648464
0.05254537403451964,0.007703300257576554
0.031218822100987087,0.2789039220700569
0.03299649479989397,0.2216987769400206
0.01696393940421099,0.9357710887854419
0.029143309864616884,0.35883499522674955
0.01957433109211626,0.8381774334906813
0.019059501080136862,0.860668359948116
0.02010433181113569,0.8137083845035915
0.01957473798840248,0.8381591347801017
0.04175525604469299,0.059470126242144844
0.02682749428034037,0.46576276707811926
0.030969142650921377,0.28775070703176947
0.023269179248484706,0.6510428526435226
0.018005465262734277,0.902046825216017
0.03356377336134131,0.20549140825324605
0.028906458563371817,0.36889910630839723
0.016113441995936117,0.957504782869321
0.029331608488548655,0.350973973750943
0.03859142859397269,0.09911144929654758
0.023944540834519745,0.615071828172369
0.017038071448231162,0.9336252150626003
0.02068433159405758,0.785641534682275
0.023770537469537445,0.6243220045842812
0.03925232906995735,0.08937699857537529
0.032295132121541115,0.24308152113272727
0.02991994277917709,0.32720550103247836
0.04248801317914758,0.05253371241010099
0.04058716076613189,0.0721483133499882
0.020376663565511932,0.8006821171015774
0.02549929196170947,0.5338327241644334
0.04052398575800742,0.07289497456956753
0.03423956806382725,0.18740733395355236
0.025370837845336225,0.540410787195535
0.019308533944462136,0.8499580941136733
0.027009118216441474,0.4566865555667298
0.031152950307612004,0.28121798475475474
0.024760750768070883,0.5720266893184374
0.028330010759761937,0.3942182819501082
0.023954832118122382,0.6145253217134132
0.03171268263538296,0.2620055069897882
0.021308506831869467,0.7542347121201306
0.03400934974001624,0.19342149626444588
0.038484658094733226,0.10076412191316106
0.04206809858687732,0.056418034551714846
0.023597767046934254,0.6335218715535784
0.02456569440041778,0.5822482073192323
0.020731174607141134,0.7833238461704961
0.030889779354220492,0.29060591499077837
0.02201672778384109,0.7175016599126671
0.022160516252942575,0.7099412206168348
0.05307216832970929,0.006888861841776713
0.014448578071561857,0.9851149753009081
0.017930656751519836,0.9047186914733569
0.022187706741056634,0.7085085106448268
0.050044582331259746,0.012896030778451683
0.02196648095296927,0.7201368570544673
0.035536960810254314,0.1562263248952938
0.02462705030055451,0.5790278081272208
0.021726710380803427,0.7326567944741091
0.028449201815725134,0.38888678834346674
0.014237769983236781,0.987336053141492
0.02159954602354963,0.7392558742013231
0.026777712658329816,0.46827103080037724
0.03952781460460697,0.08556305301865594
0.021268686684205618,0.7562693221128864
0.017722831827453378,0.9119442153804682
0.03306094512114921,0.2198091146820025
0.01575497757562977,0.9650746998578026
0.032337590206307554,0.2417438858664784
0.022696180393401932,0.6815765732993169
0.02535547798756166,0.5411993325307225
0.016240441633280533,0.9545976540666701
0.020961305594567325,0.771839688267932
0.016056071030773778,0.9587792527726218
0.02047806946608899,0.7957609774723604
0.015390914770107789,0.9718182346913804
0.03492599668118812,0.17034785831972077
0.02375404129157105,0.6251998325414401
0.030285990407688423,0.3130177078123021
0.027461365667868387,0.43459824710556955
0.026210367230601606,0.4974804111927765
0.04681872665352882,0.024155764480147356
0.021058653717282605,0.7669356037359178
0.022169057349344823,0.7094912753562912
0.018887993263296488,0.8678496284527166
0.028279339536538828,0.39650009148576165
0.023399355752950934,0.6440993982809574
0.019750117207809947,0.8301999301881177
0.024941455560411607,0.5626027348838563
0.02456326779058693,0.5823756669217743
0.024014551375398208,0.6113554511837619
0.035933280002250156,0.14758017919535035
0.0322327623381449,0.24505669680893818
0.02816202423011785,0.40181795954972627
0.01755033656477134,0.9177171093677503
0.02531285368324776,0.5433897437894537
0.014391735832473385,0.9857390713303817
0.027054219656065914,0.4544509684648507
0.03622540635679983,0.14145797866453652
0.04056186211093005,0.0724465330617773
0.021425921129042624,0.7482139704768693
0.025449790544080753,0.5363641300579378
0.02637037997270436,0.4891263494353959
0.03070133992843327,0.2974692472204406
0.05175271191212438,0.009094668157251053
0.03144811937319003,0.2709595349668768
0.03339195867049838,0.2102996009968409
0.02049391761331182,0.7949885852994787
0.020291348580087354,0.8047933747850134
0.037217083378265126,0.12219563899704866
0.021938290453070608,0.7216136646091428
0.025676248540998148,0.5248209883964309
0.04034833854931852,0.07500549014272877
0.026080713200472116,0.5044573595264089
0.028231494308220473,0.3986630021900115
0.03831509840533004,0.10343579917321127
0.011866157290586044,0.9989538076248269
0.031903725297191876,0.255679734723153
0.036975530859345795,0.1266771067299514
0.019982636897830364,0.8194344019264187
0.03958390621514957,0.08480350790319441
0.02445956508127267,0.5878291516731102
0.019467452115783546,0.842956367511112
0.021616627757300944,0.7383712269412183
0.03090280657346134,0.29013580807338724
0.04169057771107176,0.060118494739705375
0.04191034476960398,0.0579398228951755
0.036514204626146074,0.13560963463187076
0.01718584723694272,0.9292287640180119
0.027566079169022623,0.42958801028882515
0.022047354584342704,0.7158936509834684
0.02357267079642489,0.6348591939844521
0.02065982389134291,0.7868513165814431
0.029296315261115285,0.35243796312265174
0.023125366728804497,0.6587137748349297
0.02600142018257312,0.5084226554264328
0.036874048932014014,0.1285995959108881
0.019471335106558296,0.8427837161351198
0.023018650998479773,0.6644042741960268
0.027426480651953355,0.4362760838923054
0.02960505505148847,0.33977794752053725
0.032970246973779704,0.22247194129476827
0.0353018130035857,0.16154585546562072
0.02348732982058821,0.6394082296631514
0.029586886880301755,0.34051378443982455
0.02680307588199282,0.4669919918460742
0.03181847499181206,0.25848810306719444
0.017629941819239492,0.9150785342019678
0.03367536740945731,0.20241470216236987
0.038280167594769154,0.10399343896965708
0.020455630474348396,0.7968530803152
0.04599383802640988,0.028171386886967797
0.039642717430577346,0.0840132383515821
0.01857891000578027,0.8803676829802713
0.01504980433221216,0.9773009425059646
0.016924726636695586,0.9368899848823735
0.023417175080642005,0.6431490790998093
0.02422734280930175,0.6000831220918652
0.034112143106786785,0.1907176652763726
0.031144617632700378,0.28151172611227093
0.02363740364208322,0.6314101732665998
0.027241601999303033,0.4452405653965824
0.020641517453518554,0.7877537098088696
0.023355959350173428,0.6464139456935741
0.019509768048269982,0.8410708817359017
0.023478209420844998,0.6398944973775004
0.046000010573778616,0.02813927257190865
0.023572327889644223,0.6348774681360285
0.034955285376843226,0.16964843220534945
0.01600084083296993,0.9599834196639341
0.020130890862415762,0.812450700885764
0.022394531298922993,0.6975828481196733
0.02992660811019876,0.3269430627801352
0.023676131408950085,0.6293474727553001
0.018342686010031417,0.889549369529085
0.021289456240107807,0.7552085739538319
0.020761060800146947,0.7818415191327296
0.022918853554826257,0.6697232674673846
0.0171839471301094,0.929286293876899
0.03891254022588364,0.09427665290376892
0.026229987526015297,0.4964511709451022
0.022415988172114543,0.6964468182468715
0.027175829424841313,0.4484592058483968
0.021789819242299474,0.7293708143092781
0.023645654665512578,0.6309706611676154
0.04691939459060657,0.0237022196614738
0.03608143615701637,0.14444897439190246
0.03283595827397545,0.22646020496278615
0.017574964508236923,0.9169055046590006
0.015121806975893493,0.9762092271128346
0.042331066734304534,0.05395764541912233
0.035304336916495815,0.16148799844370307
0.04220061560489513,0.05516637573629527
0.018948100146364805,0.8653514671006437
0.01623663931765601,0.9546864136500695
0.03585575596576973,0.14924033773080686
0.033570042310928416,0.20531760833217988
0.022436351442377045,0.6953682873874716
0.03283235024057829,0.22656811546329905
0.03906629776608314,0.09203237168140381
0.030100438272819552,0.32015246044385437
0.04397826329911109,0.04055220275560819
0.015127528286733138,0.9761209930972743
0.02902519012046567,0.36382947053136133
0.031626679330380436,0.2648914533443813
0.04088609637423318,0.06870271228349943
0.021873310001051638,0.7250130905534906
0.021752566907968562,0.7313113359436266
0.026482626790721775,0.48332038530957394
0.026588688247615844,0.47787555197920645
0.018508109977439458,0.883155472699544
0.02060421895591036,0.7895888844454522
0.03506206400578127,0.16711788306958522
0.016747454704423514,0.9418079461136851
0.02521647257838011,0.548354149923568
0.04094971141426973,0.06798783478338226
0.014463132946326285,0.9849521213179446
0.028114268044419632,0.4039967309379488
0.01896322135699538,0.8647198176034591
0.013486198565348606,0.9933423503214948
0.03075352573923326,0.2955566774452027
0.01804129325487929,0.9007540701038493
0.023146726747548696,0.6575745429294111
0.021713771118367087,0.7333296445183742
0.032146473442061785,0.24780948640810838
0.018453973448956218,0.8852665371602008
0.027396041109914893,0.4377436591394334
0.03873730007267551,0.09689011430851292
0.03809620395425517,0.10697161734799998
0.023315852542049154,0.6485532144708053
0.02909340918087233,0.3609389941576293
0.021800231199860076,0.7288280117858276
0.04311939913029683,0.047127974642297496
0.02325871614087749,0.6516009811511976
0.03818231960814944,0.10556880581510483
0.02565616891805278,0.5258405576228005
0.02231667608228132,0.7017010459296369
0.037375488652024724,0.11932806474496992
0.03334625630282184,0.21159319416570946
0.028483665401488056,0.3873545854464934
0.04291250626280452,0.04884368471305218
0.026094521667982873,0.5037682113980986
0.03242678076256411,0.2389522570825837
0.01674892839109099,0.9417680121131121
0.027925458341865328,0.4126901665283326
0.024336492438861046,0.5943166767478527
0.03520516634523091,0.16377385903718988
0.02546632705407048,0.5355179869341324
0.01855592940869688,0.8812758811291862
0.03266942748068136,0.23148226004552996
0.01567135580709622,0.9667069015880134
0.02051111421826396,0.7941494833340182
0.018200966349755265,0.8948906972956648
0.039066066282409995,0.09203571654620463
0.017336627204003197,0.9245810655670599
0.02836149929708029,0.39280488699585886
0.0510965695108519,0.01041475189331891
0.020607429487916162,0.7894310998550318
0.02332140207033362,0.648257199264358
0.013995084657842632,0.9895870260919749
0.03712236191857887,0.123937224934074
0.02282592530611094,0.6746729117673607
0.013957959761305844,0.9899038166388583
0.02307398754959658,0.6614537916920715
0.021908065138782157,0.7231957157778812
0.03435155411899213,0.1845356469457579
0.024527254072922222,0.5842681355962425
0.01850829366007478,0.8831482794530031
0.02251149063139135,0.6913853590218451
0.02968616908595134,0.3365066370235123
0.03286616292855099,0.22555838456407182
0.04829773191858183,0.01820977986130969
0.03258629832519344,0.23402097315463188
0.02029880754330654,0.8044350152255587
0.04053227851555763,0.0727965905376833
0.036765037119903754,0.13069124088217088
0.03955730281790526,0.0851630381915865
0.031061680261749824,0.28444787964438395
0.020063965680177653,0.8156144397246343
0.01977600730092227,0.8290130085502975
0.03993438904398894,0.08018500516444252
0.026489307197015366,0.48297625446279857
0.03335478508126821,0.21135132113898097
0.023922101807865248,0.6162636706692818
0.019700419089236476,0.8324698101688749
0.032145059659905106,0.24785478390247873
0.0385487699816599,0.09976902087936253
0.018570562178782613,0.8806979590192464
0.018334217589650148,0.8898721086918213
0.01930436967143334,0.8501398527936147
0.021808174496169702,0.7284137823267915
0.0298041317841026,0.3317897547799779
0.027883397602566973,0.4146440628767347
0.03386848996765135,0.1971754187439529
0.02518208516879228,0.5501291540663744
0.020433766700311384,0.7979154738720086
0.026481977391491135,0.4833538465801187
0.040048856137066546,0.0787233851881193
0.018999489585122875,0.8631996355308047
0.026472556957617632,0.48383941734970426
0.02056979866719333,0.7912783353656301
0.04277900251177491,0.049979259826277045
0.02801513653374782,0.4085452683080234
0.025994100592028002,0.5087893732875631
0.03153611819949831,0.26795613069694835
0.049804781185835645,0.013531364270618585
0.02310924608820253,0.6595735241258025
0.032257702143667716,0.2442654214256957
0.023571804391612106,0.6349053664094719
0.027950051484430083,0.4115506307776034
0.02340137313866178,0.6439918070365912
0.022342584469901117,0.7003312930980137
0.03206360134736275,0.2504753482712776
0.04009946994217872,0.07808431844603965
0.033015974853445484,0.22112630942895578
0.0422503429037378,0.0547028930236372
0.02613918435787277,0.501542050787915
0.030276695062282533,0.3133723424155954
0.03503423674354564,0.1677744405158371
0.03855325542401222,0.09969970838715456
0.015042925966382126,0.9774034273167205
0.028086021703103536,0.4052892229495615
0.02497992188405479,0.560602752193974
0.0344861360774551,0.18113064676563953
0.019700832763396958,0.8324509628251969
0.013970806851323014,0.9897949960202463
0.018646047199956772,0.8776962602327638
0.02351191623023774,0.6380974677431261
0.020988140494425656,0.770490459822203
0.024203772240457444,0.6013298441646834
0.01915247555339572,0.8567081474635732
0.017638832254398523,0.9147811252075881
0.04753208572628065,0.021101224968248657
0.02436219261021133,0.5929606296605332
0.02116485947171065,0.761556158508409
0.04270478875610029,0.050620331851004584
0.01339474616057934,0.9938918063774028
0.028438536527717717,0.389361803908803
0.020655901072447858,0.7870447791484834
0.03359234206601153,0.20470030091479366
0.029391186843228723,0.3485124602062607
0.01842614294156364,0.8863447841504373
0.01441619065423455,0.9854728864890486
0.031902372251584044,0.2557241265421523
0.030791935857092945,0.2941547874952357
0.024361159400521637,0.5930151330220076
0.030880230258198804,0.2909508667268346
0.02735982993337341,0.4394938087914937
0.04092939086868291,0.06821549602486734
0.028686171025218976,0.37843628785364
0.020683327806821583,0.7856911230732622
0.029869452581526068,0.3291984352443484
0.03257832716421205,0.23426552493388744
0.02157791076525939,0.7403755178848199
0.029320745156332984,0.3514241305568952
0.02698191911344483,0.45803826972340156
0.02582261650144768,0.5174130107300824
0.01572850535979098,0.965596832077711
0.02890843717518865,0.36881421742111054
0.023859181621279757,0.6196073682986718
0.022537304192365465,0.6900159450201198
0.029966724235165443,0.3253667629119334
0.022518044696355877,0.6910377162456589
0.024933921060683484,0.562994733837777
0.030175261517855878,0.3172612976686658
0.029933740397311615,0.32666240754022136
0.03198244521471988,0.2531070557379507
0.017456308718658886,0.9207767529086978
0.0247890193242416,0.5705494456645271
0.02512896944634846,0.5528746803352503
0.023793579721603786,0.6230960663541772
0.04124394417983973,0.06476326973846745
0.025438755509511912,0.5369290489082028
0.02328720124667094,0.6500815176578429
0.017123375370637225,0.9311066062256862
0.022404963364546227,0.6970305794395057
0.023271692782183995,0.6509087745790885
0.027680523826485448,0.4241569089089445
0.014717087576461951,0.9819053866287102
0.02269223687126698,0.6817862567604336
0.03225471073195474,0.2443602282778462
0.018678627384530855,0.8763902104579805
0.04150792199423259,0.061982339008402096
0.017520148313064587,0.91870617812154
0.0234501794956814,0.6413890685684822
0.023041382011590422,0.6631923659805066
0.020502199041031566,0.7945846243020792
0.02444552781233611,0.588568276470369
0.02868770900803097,0.37836910948244934
0.025207521880901855,0.5488159772079819
0.04034931921500062,0.07499356454256662
0.04499075262849961,0.03383970946116557
0.024258170410927704,0.5984533240589867
0.03675512823352689,0.13088273541138284
0.036770093742803156,0.1305936071388798
0.02294981415804087,0.6680734690362831
0.01740623405766184,0.9223808054727292
0.023612140697633732,0.6327560285552123
0.03568133017381797,0.15303075302179822
0.02385203299968537,0.6199874119473415
0.026690685582601154,0.47267714636348024
0.019534549695367748,0.8399626405852734
0.04433706116746927,0.03805128625719267
0.027292555671456165,0.4427577189271399
0.02213047796697709,0.7115229070920958
0.023452160947123823,0.6412834111320298
0.03491984642422419,0.17049502049937373
0.01993386307491024,0.8217120019172084
0.029456639426216957,0.34582248010933786
0.01878912459494486,0.8719142808520705
0.016623930772091455,0.9450984361782535
0.01881490759766985,0.8708596885349934
0.015795883618386797,0.964257964350674
0.02152447474369895,0.7431368400449755
0.025644055104304786,0.5264560307060426
0.024918427335583804,0.5638010910910581
0.03386289068093484,0.19732581238444902
0.033064984937237085,0.2196910847440391
0.019347196382343723,0.8482663664139588
0.014957378805273452,0.9786519529802061
0.02104315166147619,0.7677182929748545
0.03336002580153841,0.21120280287967833
0.01437620817360398,0.9859062819893639
0.03968018070598689,0.08351307004380441
0.026812722328417804,0.46650613458416756
0.03274658950132134,0.22914475686388916
0.01629964695469277,0.9532018628458931
0.021135116997631265,0.763065624761591
0.015213507581308572,0.9747684502778922
0.030278016752933165,0.3133218995932761
0.02318757847584274,0.6553955855726985
0.02062224644233035,0.7887024633365002
0.01659555057327733,0.9458385751557795
0.023338104883544153,0.6473662740700756
0.023163916225450887,0.6566577067824632
0.03746397909405996,0.11775038721679694
0.034456683388305764,0.18187153340367218
0.03254356678375292,0.23533424902850453
0.030154567063646165,0.3180590205435825
0.026890576300493185,0.4625970563402254
0.015443483834113397,0.9709022302379957
0.03331960500637232,0.21235040183913995
0.03583788132638882,0.14962524955967185
0.03685993002626728,0.1288689472618957
0.017529706149208013,0.9183937202585546
0.02022497111412902,0.8079731218013964
0.019088752510589946,0.8594274248228437
0.02109383350201314,0.7651569991228566
0.025170226822812225,0.5507417080904422
0.020669227503512286,0.7863873528148888
0.02647849002523117,0.4835335640298336
0.014227932542692168,0.9874335372191116
0.037405362953828764,0.11879350926824706
0.02435224810530595,0.593485262767859
0.01770637612496187,0.9125037930839133
0.030458289343659684,0.30649717182894104
0.03365157799138191,0.2030675512969027
0.03819244316895576,0.10540490185026581
0.017816463419909417,0.9087250705832722
0.020209088696796385,0.8087314463360631
0.024541553907638458,0.5835165171500745
0.015689479790611527,0.9663573942480667
0.030483685924170167,0.3055445390394974
0.018650138603609756,0.8775325923999493
0.02271685562292855,0.6804770830905678
0.021897597873763885,0.7237432598195809
0.03372040466180726,0.2011832457843824
0.029311310226026066,0.3518154305524616
0.03150833398267405,0.26890169437727923
0.02184177314353497,0.7266604916646144
0.017716614979070677,0.9121558380667941
0.034220946523632834,0.18788825039590698
0.0349935477516754,0.16873816196162864
0.02121141352758482,0.7591889609748885
0.021815534043472584,0.7280298986986362
0.028217466254888413,0.3992987002211181
0.022752005844443035,0.6786072514897974
0.01734655090378212,0.9242694810685348
0.027280622012751776,0.4433383853485474
0.024205483836908015,0.6012392954724206
0.04292366863204122,0.04874975747717697
0.019126624736920395,0.8578139109722768
0.03486280117860352,0.17186482006645545
0.03199824170907953,0.2525931755677639
0.02519224807150411,0.5496043634967651
0.0270342246887193,0.45544118256703353
0.04060987356175827,0.0718814645230475
0.028056964620649993,0.40662177237720365
0.041557133659906764,0.06147537179158671
0.024733766921407718,0.5734377996353079
0.0456030866140954,0.030271357348217922
0.02362018382554265,0.6323275143777285
0.025702751889887687,0.5234764505986939
0.05364273788540064,0.0060959258718912765
0.015478341826440145,0.9702841919260538
0.03827070199820548,0.10414497827554735
0.02287602969506758,0.6720046420242998
0.031228928602859085,0.27855014327509997
0.036747585441551434,0.1310286574138454
0.0312733768604353,0.276998203251195
0.018258613771651278,0.8927333952061468
0.02709090553327531,0.45263787913684916
0.03100288891404579,0.2865429634040744
0.025411321657094255,0.5383344279819147
0.036198115103593054,0.1420210663471322
0.01873318116835815,0.8741892961123926
0.028442899790598553,0.38916742220425593
0.028728206235741127,0.37660321085992426
0.04111175468234929,0.0661954399038751
0.039019781458004,0.09270656562749731
0.0359906068176678,0.14636216183225467
0.024020171134315524,0.6110572884959808
0.017603732561625285,0.9159521195339202
0.047583860675100176,0.020893529877065845
0.02063713313688531,0.7879696665341738
0.027607466786419232,0.42761852101288683
0.041310692032863944,0.06405021973145139
0.0339124579026151,0.19599758670128967
0.02253552729452224,0.6901102270581865
0.03545722741503873,0.15801405938795815
0.0378914391950389,0.11036934999347203
0.035272751164351634,0.16221325288664298
0.022045111407817508,0.7160114700501451
0.026669409814907064,0.47375842940924956
0.022933214065876117,0.668958079919713
0.03498906849978445,0.16884452258914148
0.013816028448566109,0.9910504284225156
0.03940465054574127,0.08725093023448942
0.01867032137862032,0.8767237717696226
0.03521526106276207,0.1635400009414572
0.022918321271417352,0.6697516283122127
0.020566097865376498,0.7914597445020526
0.02186411749087508,0.7254934503908106
0.013590038181120118,0.9926745224105298
0.027385415026352722,0.43825675112228013
0.03426496316978772,0.18675304998597306
0.022561605317931777,0.6887262791618715
0.0210104791132788,0.7693657619702303
0.019128419198555513,0.8577372684766864
0.015211242518243046,0.9748047237918983
0.019676329926284986,0.8335659752919129
0.026754278523306085,0.46945482690700624
0.03428220630188228,0.18630982312417332
0.026057026408751516,0.5056404743925232
0.022366622571099892,0.6990598012925153
0.05043749011213383,0.011912943387707146
0.020598551973829538,0.7898673097639959
0.028681224140212458,0.37865242205642313
0.024287057040547066,0.5969269554830061
0.03086197859103934,0.2916110337257672
0.018754251478669326,0.8733345764536724
0.029113855513589026,0.36007584688335936
0.021686275159946033,0.7347584361073543
0.025341481766450902,0.5419182320801226
0.026439280295812773,0.48555717088124717
0.04571598954973155,0.0296508746524069
0.03322342856538574,0.2151004496410254
0.016989528424805778,0.9350348902958089
0.018836248487046903,0.8699839037278231
0.029600983912065837,0.33994273518920304
0.02387813517853321,0.6185998835887605
0.030796915399340513,0.29397340489809004
0.01946190137554804,0.8432030444499139
0.021453411583226,0.746799856245164
0.017010719157378118,0.9344216239721729
0.0409891457541568,0.06754787880001195
0.03950271972129374,0.08590471497510202
0.029547129454065013,0.3421280036042815
0.022663313137331942,0.6833238797862279
0.022902820421549508,0.6705774904955497
0.02789807399306371,0.4139615679303488
0.03383397495591861,0.19810390401452804
0.02228141861326316,0.7035639266869265
0.02013188973282609,0.8124033450203008
0.012810420475396378,0.9966376263511048
0.02264203312370683,0.6844548059240023
0.031182061931147365,0.2801935414788869
0.04511292504614939,0.033099626368035553
0.028808867574392272,0.37310315817641687
0.02457478999606999,0.5817705166587404
0.025939178723400125,0.5115446247759337
0.04111062427765666,0.06620780254679841
0.015469446408086451,0.9704427182761088
0.030832668392876017,0.29267350913166895
0.03327333880737954,0.2136698987895593
0.03314425641188534,0.21738494285638305
0.018459892915597687,0.8850365816106324
0.02240234275948305,0.6971693228841676
0.02695180877047898,0.4595377432360733
0.027270101518164225,0.4438507119175071
0.01576928697832436,0.9647903666668055
0.04437003707145731,0.03782834356857452
0.022533913835082853,0.6901958348788357
0.020652260528051997,0.7872242758638464
0.03932222991908757,0.08839600196277288
0.029827251134857513,0.3308709171182562
0.03598450873705783,0.14649133957930818
0.039155784059074994,0.09074692804962582
0.019692006239097365,0.8328529362084109
0.023115614698456077,0.6592338767182795
0.04493283632076711,0.0341955927417126
0.05092547142147319,0.010786354038403835
0.023765318174903682,0.6245997294682912
0.055353912817004025,0.00419142831062611
0.028244911954802776,0.39805561902653946
0.017546868395813098,0.9178310618972843
0.0202911793995475,0.8048015004910773
0.01792036570533656,0.9050833325998896
0.0445595614206058,0.03656901395019468
0.030990580422036507,0.2869830347404926
0.027143004296386664,0.4500713108780478
0.019982132096475924,0.8194580261664863
0.03114953785672747,0.28133825199500234
0.02079001657330426,0.7804026888814195
0.01968058162421127,0.8333726982978287
0.025361046835558676,0.5409133906889212
0.021929149330007336,0.7220922778810683
0.02025470395827672,0.806550878364694
0.018819080492339824,0.8706886469914724
0.02145246457897443,0.7468485976952338
0.017916475205567384,0.9052209997548388
0.022279505188735393,0.703664986496383
0.029142124723886498,0.35888486419027177
0.02749760627981579,0.43285981130758816
0.023804529885282033,0.6225135726709727
0.02600439325112469,0.5082737346650285
0.027542981504447672,0.4306898029167993
0.027805515295216132,0.4182786553369838
0.03392807623971561,0.19558052713554738
0.02767416463239769,0.4244574659333571
0.030213106404838763,0.3158062364288837
0.025977748449262095,0.5096090408783368
0.029329369470521782,0.3510667209720003
0.023576813129693064,0.6346384441728514
0.027797970145858775,0.4186319187138575
0.032382025837807304,0.2403499723719997
0.019912484228483462,0.8227071433584977
0.02499604332419958,0.5597652081015768
0.02427705752180731,0.5974552392990579
0.031935243835184646,0.25464729840663153
0.02745851432408397,0.43473522290522904
0.016500096067200154,0.9482844138807002
0.019659169455885875,0.8343452191281397
0.029974522476450882,0.3250609835741197
0.02759919766621749,0.42801153048292534
0.02804349857068178,0.4072403396045602
0.02963956410775781,0.338383425678587
0.03113220420848134,0.28194974474068796
0.028414053876277823,0.39045374693866125
0.03103135168082155,0.28552724003935814
0.03408095180764775,0.19153494513585756
0.03517552504195143,0.16446208724944292
0.014113765399522249,0.9885258756310167
0.0217827722526628,0.729738086380666
0.02635908652146296,0.48971298327628127
0.017224435744447097,0.9280547985242594
0.027877550555810315,0.4149161812727963
0.02950168363492217,0.3439798897987838
0.019059893404829137,0.8606517470401457
0.025816198974259796,0.5177369146189732
0.03005163798293753,0.322048389640414
0.01870293382786492,0.8754117505952624
0.020712896266414385,0.7842290490423123
0.04083007720279219,0.06933752100654518
0.03644191802652219,0.13705469351323585
0.023897898394366457,0.6175495941352247
0.025873384534752963,0.5148536214798689
0.02088168347632019,0.7758308844332891
0.02397973713061985,0.6132030698782107
0.03826357808056913,0.10425914944594071
0.019363091161525986,0.8475686685905364
0.029051221552350848,0.3627245817747588
0.032225039034559144,0.24530213271842558
0.02801838971759435,0.40839544503235775
0.03387459528920056,0.19701153573055344
0.03037689459370696,0.3095649839710403
0.03441713207186725,0.18287022238005643
0.03786304234455351,0.11084752294033226
0.03651706930803267,0.13555262414392874
0.03186978432519405,0.25679506037373273
0.016766500434389875,0.941290615486982
0.019416253985529375,0.8452258709848308
0.02525378529837813,0.5464303758701964
0.023956644896343693,0.614429063686371
0.038767556910865975,0.09643460423150318
0.034362374926755146,0.18426001803837455
0.019565450109837013,0.8385766275360306
0.021125040456122846,0.7635765024806122
0.03218973323558044,0.24642648658911726
0.022266995947498203,0.7043255767760398
0.019214594892146275,0.8540365175664205
0.01980304294541607,0.8277703610485363
0.023509674785710505,0.6382169584039852
0.016436519783003534,0.9498761586872223
0.030361632725002252,0.31014270546903056
0.02720976985946577,0.4467963712603072
0.02806207926447679,0.40638699858231236
0.01776138381509218,0.9106259952394189
0.021974169618681483,0.719733865522108
0.018261774637657435,0.8926144949974631
0.023051632202873207,0.6626458355423018
0.03281187356057902,0.22718129055095443
0.03739332339115464,0.11900870156413368
0.037417479425259526,0.11857726564354445
0.01674610079345601,0.9418446203687634
0.03292299796926801,0.22386896817807733
0.023755764167181503,0.6251081450542955
0.04349794284600783,0.04412369466419316
0.029640050566238862,0.33836379717062004
0.0176680836809725,0.9137987324196515
0.028939250585770182,0.3674939965386812
0.026248923684421777,0.4954591144940329
0.02229282839751945,0.7029612215557779
0.03334297678685527,0.2116862572837927
0.018691689963280855,0.8758648064542174
0.027272062398726038,0.44375519108190814
0.019717093803851338,0.8317094750398653
0.025285665188321427,0.5447885707256416
0.020097533984961946,0.8140298345177885
0.023487231592804636,0.6394134667215008
0.014691573655163603,0.9822293421606347
0.04293003683419805,0.048696241438832714
0.019259520338123587,0.8520917511164864
0.05783011242913927,0.0023873360596756723
0.036566003363965094,0.1345817894941935
0.02805810852427204,0.40656925652120457
0.02608709691637512,0.5041387117802107
0.025008366763710765,0.5591252438075941
0.023531002695076242,0.6370800284441167
0.02622249132507437,0.49684424496048857
0.02997233342988148,0.32514679794978696
0.04817971470167348,0.01863102440824278
0.04005238680769829,0.07867866276763599
0.013883608260517849,0.9905170738488179
0.03402238507400118,0.19307696198454471
0.0235244150794095,0.6374311823990886
0.027080410051048442,0.45315609618419894
0.03293457963073487,0.22352590475060125
0.04400603551678217,0.04035363164075959
0.029823691948366537,0.3310122509276985
0.03719869381893659,0.12253217599629354
0.0504681626449901,0.011839119866781534
0.01618028589022165,0.9559894386177161
0.030889286271679084,0.2906237196946483
0.028643519272362306,0.38030262111104196
0.021229777258451543,0.7582537027737686
0.01936069359382786,0.8476739910247966
0.02109135695454356,0.7652823154377334
0.021307780956015265,0.7542718344778679
0.01683863242921535,0.9393071978660483
0.023394583407700842,0.6443539194144083
0.0202648087100194,0.8060667561415406
0.02996530143294507,0.3254225753383495
0.024021068902214116,0.6110096585546925
0.016545882158708558,0.9471196154825736
0.024759589372657764,0.5720874040110935
0.020366796479439064,0.80115897847582
0.01390335972046608,0.9903568923008331
0.02957585624886705,0.3409610981908424
0.02410537423305592,0.6065396860482759
0.026214296035372203,0.4972742048315627
0.03424847646115914,0.1871776108912489
0.026967111911229275,0.4587752534322925
0.024334107154087348,0.594442568254824
0.0389837846588994,0.09323112594572777
0.030531762052959488,0.3037471422735064
0.02970188570713697,0.33587541794548836
0.03202186306733479,0.251826218968944
0.03083163231597752,0.2927111185667803
0.025415967341254286,0.5380963441300994
0.022758747446651517,0.6782485496819092
0.017125610088838117,0.9310399182726512
0.029508793602261774,0.34368969093363233
0.03285239884780311,0.22596899488290514
0.05563414554424506,0.003937625032059447
0.015706332064745518,0.9660303021875463
0.0158375393133956,0.9634138592188934
0.03361365631615598,0.2041116293664394
0.014205217588431518,0.987656576564682
0.014873199366376363,0.9798338286864663
0.020244035020877016,0.807061607604576
0.02298367488373855,0.6662687712017648
0.023999383794936796,0.6121602994059305
0.02496899204286196,0.5611708038111107
0.019787037331690294,0.8285064262816972
0.028529521920141798,0.3853223838496665
0.045554034054157144,0.030544480108791197
0.031217420601889923,0.27895300809661633
0.01615090484923698,0.9566595430821094
0.02570537780363824,0.5233433107151053
0.055308735052087,0.004233724729174279
0.026063866244747907,0.505298711626257
0.05082596950977403,0.011007931592379692
0.020742487939184207,0.7827630448200248
0.024665328671509834,0.5770210419491422
0.02972447209915441,0.334969784336435
0.03580824430651497,0.15026521707373078
0.0166171268039228,0.9452764204054976
0.02356662772242102,0.6351812462907129
0.025936834987562607,0.5116623436690992
0.02563261219067592,0.5270376773294633
0.028638204635295983,0.3805356260282291
0.017099355850776377,0.9318211129690803
0.018722763887858318,0.8746109178161064
0.027623458768904013,0.42685915628268145
0.027577328429324144,0.42905209328863914
0.02312714133004712,0.6586191291462036
0.024365277115545148,0.5927979239272335
0.028613428219045195,0.38162319241330533
0.015942090122002983,0.9612399109491336
0.05118070265366881,0.010236307958840367
0.02233896759425444,0.7005225560536763
0.023227593222536827,0.6532611521343586
0.02920557354247584,0.3562219369390479
0.04155181793646212,0.06152996155406063
0.02007720792632367,0.8149898812203293
0.029153112028749262,0.3584227230132331
0.043731063608071385,0.04235752489173907
0.033190569883505494,0.2160463084636641
0.02937179101369164,0.34931245375960596
0.01492702838160187,0.9790833752220772
0.03035286013299665,0.31047513922498077
0.019633602372711056,0.835503661531155
0.024609497442037553,0.579948638595273
0.022612714628951758,0.6860124327434878
0.041421534220357936,0.06288094180380638
0.033778398484268,0.19960615716918753
0.03121355544815324,0.27908841442210564
0.01606856596674089,0.9585037362462682
0.030531831541754095,0.30374454996564376
0.019235853591700325,0.8531175654062464
0.021507524786111787,0.7440115086538001
0.024283683480920026,0.59710517297266
0.02183544562550721,0.7269908272227474
0.021749822872439095,0.7314541798868665
0.031421159357368666,0.2718847137113568
0.019172047580426566,0.8558685928851062
0.016923756630925046,0.9369175208351794
0.028846901783985995,0.3714607266168339
0.03565219202702852,0.15367144189770998
0.022023851327270028,0.7171277688271449
0.02466870369844887,0.5768441929601698
0.0269719516356694,0.4585342847005831
0.023289350279192322,0.6499668838511818
0.020388979849322975,0.8000863913822829
0.02746578345057854,0.4343860784030116
0.02709026557709121,0.4526694658746376
0.025842599753542,0.5164049577365819
0.02672633879580094,0.47086878594571957
0.03237326246558758,0.2406243859013959
0.04475622020529768,0.03530120493318551
0.031062887333304867,0.28440498416777854
0.018273001212752327,0.8921916790355762
0.031099073565497903,0.2831212731287023
0.03008392461428122,0.3207931185998987
0.03106310669723844,0.2843971891890732
0.031671842505680614,0.2633729788333716
0.0211906062562337,0.7602476521431197
0.03291969317362864,0.22396693485317332
0.021003201452120313,0.7697323277417683
0.02734115948349325,0.4403980133671569
0.019226903626095804,0.85350473425992
0.02898132680380122,0.365696597461891
0.01607035025437603,0.9584642990249855
0.03580784613378596,0.15027383003208555
0.01764065676157589,0.914720022936399
0.021365267224119133,0.7513280937340501
0.020294747156002657,0.8046301190548171
0.024801347994825473,0.5699055210409636
0.019301798940953685,0.8502520135492126
0.023930026885247424,0.6158426945863482
0.024239306804707095,0.5994505029151559
0.019926881122785567,0.8220372125873315
0.05658451340115778,0.003178446864457275
0.03237410355185044,0.24059803800986693
0.031303581013842785,0.2759472968226519
0.03422424196544782,0.1878030721388945
0.03201455289632277,0.25206338230211045
0.017790821940539825,0.909612582187711
0.01607668459956335,0.9583241059298062
0.01312358014526055,0.9953214258633668
0.02448451018492187,0.5865162220701323
0.022427616237446213,0.6958309905624664
0.028837797836792745,0.3718533991033354
0.029003014240521763,0.36477258641466825
0.029970402346600644,0.32522251334950303
0.02677509228521413,0.46840330403058933
0.02202577523583471,0.71702677685606
0.024422408792756367,0.5897860669545855
0.013883995641419233,0.990513951080732
0.0373983102694051,0.11891952840836269
0.031148488621528192,0.28137523857820484
0.023533221579873698,0.6369617531167228
0.01927157557576087,0.8515681111806219
0.01911064992594136,0.8584954440697643
0.029190054420183853,0.35687197003992416
0.034641930904756535,0.17725127540190658
0.03242063302601417,0.23914388451725588
0.029137576494720485,0.359076292524643
0.017679770882106982,0.913404574628607
0.027153719131180254,0.4495446618721518
0.019916082168250956,0.8225398037173641
0.02415199909376098,0.6040700255402953
0.032732788988385386,0.229561483652485
0.025002806819970913,0.5594139467643671
0.021413662531610256,0.748844020309466
0.03797987705857936,0.10889107109812306
0.013472886962151653,0.993424546387354
0.033050898694180486,0.22010285036640992
0.029320927571685584,0.351416568201752
0.018102893098208006,0.8985117033025269
0.01816348523795347,0.8962818951404731
0.019765308581446706,0.8295038531888002
0.035439279081616704,0.15841874242573842
0.02503916376875348,0.5575269496012467
0.025686456593756346,0.5243029622776305
0.028300581240448763,0.395542433704313
0.039681279242176126,0.08349844153829233
0.026199381242203446,0.49805730993471936
0.01755575490927974,0.9175389125760043
0.025614864815347804,0.5279402797924198
0.02327480134184412,0.6507429564981102
0.024106292728868994,0.6064910171235903
0.0238813983887749,0.6184264481009647
0.022458744123966645,0.6941818304833602
0.020235147095847283,0.8074867453821277
0.04234809013978236,0.05380160578330251
0.02661497194546203,0.47653242967263276
0.033607914438019804,0.20427008226376864
0.027553616619382215,0.430182255809722
0.019455975096721256,0.8434662434210327
0.02479414536487423,0.5702816880431272
0.024601396723585578,0.580373733710969
0.03014609289189818,0.3183861010757008
0.03301764068385182,0.22107740812622406
0.02352355657424071,0.637476946033106
0.022022160380035738,0.7172165275778808
0.023156991986403752,0.6570270291071096
0.039717618213015504,0.08301575397333748
0.03801829189360845,0.10825407672045179
0.018005102587080546,0.9020598680804601
0.01907999560196727,0.8597994056121621
0.024903918306127953,0.5645565185055298
0.02570295572230552,0.5234661153397093
0.04878662343367013,0.01655397559241155
0.020350735433002254,0.8019344213597419
0.02621188318660561,0.49740083857955975
0.021912232123731556,0.7229776922547682
0.01888907106114293,0.8678050119690967
0.01838798543319084,0.8878153421992645
0.03572345607405736,0.15210829461259415
0.02423428674986433,0.5997159318371292
0.029784460195287688,0.33257301575538645
0.026878405279434525,0.46320674206422907
0.018543872657514338,0.8817510913527793
0.023177235148199915,0.6559472943924908
0.037871964638209965,0.11069709670251579
0.028222985282528923,0.39904851552533016
0.02441626176667791,0.5901099581153741
0.022858199570797932,0.6729542968279171
0.0376127171140751,0.11513728395997046
0.025510008191572953,0.5332853098090274
0.06975614807987096,0.00011237759709645451
0.023095781889702183,0.6602915685116038
0.03152635605683424,0.2682880748930583
0.023521644880119805,0.6375788518651593
0.03192078934705034,0.25512038396543735
0.024780558722883705,0.5709914617694191
0.01974421377047253,0.8304701476740726
0.028205955330636884,0.3998208533409442
0.03886339923332993,0.095003506004487
0.031070577468145955,0.28413181420108335
0.024928624893127138,0.5632703286203707
0.04783112389399935,0.019926526122482167
0.020764917955642836,0.7816500045729874
0.017850883010597007,0.9075267292405308
0.026352072331130905,0.4900775607927086
0.04088876139970976,0.06867263596191184
0.025681447538543845,0.5245571304225042
0.03282338311146049,0.22683647947200344
0.03192899340237765,0.25485178923412977
0.021821914607197845,0.7276970060544233
0.027879011592302327,0.41484817401318586
0.02767609688890804,0.42436612570228416
0.031084519949778233,0.28363704518885763
0.019598590393207882,0.8370850838199959
0.020405339361248775,0.7992942475603836
0.019220997845752402,0.8537599849188451
0.03125615016952443,0.27759891625419597
0.03640505790748716,0.13779635981376967
0.019701968567406858,0.8323992105993404
0.029765808703543062,0.3333168903475825
0.03908719383626108,0.09173084926415358
0.01683874775828209,0.9393039961174593
0.032704578966009645,0.23041513941081843
0.02615557282220804,0.5007262844352084
0.02192349745146538,0.7223881359053477
0.02666977802679682,0.47373970232318624
0.04069618759726035,0.07087500993532626
0.026535955756355256,0.48057765255219104
0.025255315662600253,0.5463515231437313
0.031180481894315548,0.28024907176680697
0.02302130741406455,0.664262653436772
0.018598354944571405,0.879596733039583
0.020542727351148482,0.7926042675062976
0.019248155912855003,0.8525846952417256
0.051373409671068515,0.009837965697921823
0.021587509192376175,0.7398789055468992
0.024334416395640268,0.594426246657596
0.016963657522558906,0.9357791719911452
0.03868642429617214,0.0976600860897689
0.018257269641426044,0.8927839372054761
0.020513237615431223,0.794045801827739
0.02690115946013516,0.4620673413207652
0.026122446121631282,0.5023758374100792
0.04180209421799613,0.05900434866043184
0.03955891673217782,0.08514119054287843
0.030930265352276054,0.28914676224961505
0.03740308956143046,0.11883411881008554
0.020974118066744818,0.7711957445854847
0.02804633637753895,0.40710993042707844
0.02307252140680921,0.6615319732561451
0.01646483380400081,0.9491709486284274
0.02820614489936779,0.39981225040373075
0.032361945019581895,0.24097913087741518
0.01848936561308434,0.883888443486977
0.03039187738478588,0.30899859315425193
0.03550150195572127,0.15701934481600532
0.03381940279100004,0.19849693562939824
0.0231216197820773,0.6589136111555642
0.0311377320602248,0.2817546269755228
0.023455537924763292,0.6411033415042355
0.03307823392676279,0.21930433749928788
0.01772238145214916,0.9119595551365824
0.01935460721136617,0.8479412285861768
0.025367062906775595,0.5406045467184046
0.0334884756869106,0.20758793431630299
0.01947943529421678,0.8424233157360328
0.03377127415210707,0.1997993737869196
0.024493097451283696,0.5860644126892642
0.02451410257691239,0.5849596060901665
0.021696141866391835,0.734245885710035
0.021004666038797748,0.7696585703284888
0.027080848354514853,0.45313444697310123
0.034210544795117204,0.18815730675312708
0.04246685982230336,0.05272372148066107
0.02436147166532976,0.5929986604688173
0.04634913454651807,0.026374656212441686
0.02975663391151509,0.33368324692896384
0.0392362209170557,0.08960435260905558
0.03725592692421281,0.12148727907666262
0.02666265330615092,0.47410214808599715
0.03410924696289741,0.19079343475800806
0.03348583292235108,0.20766181887616678
0.03004653164073079,0.3222472451578128
0.022572427421329033,0.6881518004366903
0.022597608667142888,0.6868147424481498
0.02152072227342916,0.7433305302507789
0.03140770957188366,0.2723471499845761
0.020533249741518544,0.7930678832135662
0.024261185136369212,0.5982939888914276
0.02585339704888201,0.515860628696736
0.022069188272758722,0.7147465088820362
0.030737192788468815,0.29615428894244816
0.027616078064709948,0.4272095089436593
0.030532476407273634,0.30372049376925014
0.015556264127111447,0.968871738097094
0.022966863428468764,0.6671648271782271
0.01713319770856503,0.9308132211765595
0.02018531945934715,0.8098645044581422
0.01539490314515124,0.9717494128671013
0.0175545957065516,0.9175770532847823
0.01848167969040293,0.8841883694135764
0.02579038392010667,0.5190406886114056
0.03749280002713967,0.11724026737959296
0.03161864220518029,0.26516236641064617
0.020180714841667502,0.8100837471496516
0.01390349027832083,0.9903558269629126
0.03837305516468337,0.10251605331059994
0.03510473368750572,0.1661151191861597
0.02171702797408359,0.7331603145162977
0.023016441430542378,0.6645220709225574
0.02889924687826001,0.36920862751251277
0.016008032500042402,0.9598278837468198
0.02471021033024945,0.5746704715807529
0.041651038619778924,0.06051783147278319
0.017305145599892935,0.9255648868624593
0.01617193142025597,0.9561806271911542
0.027988519779824084,0.4097724998988451
0.026000889047377962,0.5084492619266768
0.019784887124547346,0.8286052227552003
0.025739446248470466,0.5216171951346661
0.04924186926722918,0.015134734589745246
0.03179059662296513,0.25941152812213647
0.015522350468562318,0.9694917300594469
0.01896579028331935,0.8646123809547004
0.020317106964672704,0.8035549505601887
0.03709669684513872,0.12441260220984592
0.03520745024652405,0.1637209259002878
0.035300861145166784,0.1615676797433078
0.028219710810026277,0.39919693857412275
0.023007865198138244,0.6649792759807014
0.031015628680566842,0.2860880004161664
0.02820134924817619,0.4000299240658187
0.02880281520278316,0.37336498728306855
0.015694194824834806,0.9662660832498697
0.022804900147823354,0.6757922487352477
0.017111220978274277,0.9314686831411325
0.03420759317567834,0.18823371012570303
0.037957356779076634,0.1092659430872411
0.03342765564696121,0.20929349329564334
0.030128515840517178,0.31906530888185025
0.032469248896659586,0.23763171322337168
0.026166887222008994,0.5001634349232733
0.03748023314399973,0.11746247233417755
0.02922681760625101,0.355333473031332
0.025592735042233916,0.5290666080864621
0.02276490173363585,0.6779210757151972
0.021464317644328545,0.7462383915203458
0.01803756534213541,0.9008889757621085
0.020791300052331207,0.7803388521658222
0.02579660697742614,0.5187262735974653
0.035282745308036656,0.1619834913738261
0.032883883365372346,0.22503059520369736
0.0336092305194044,0.20423375519515974
0.018374963555186197,0.8883151225994993
0.02638387363380948,0.48842602097060817
0.025581630473925976,0.5296321431124895
0.02922486356151932,0.3554151287963259
0.028679475870717952,0.37872882628931526
0.02951396186481242,0.3434788543071891
0.03365423044645699,0.20299467902090138
0.02014552133357317,0.8117566813182369
0.03066672216138594,0.2987429875114601
0.026693488578608204,0.4725348119851247
0.020175964655018475,0.810309833742345
0.02566133434073714,0.5255782016470794
0.028074818285847014,0.40580265285375117
0.023709011523219248,0.6275967181939668
0.032835232891651245,0.22648189680612996
0.018944630846950555,0.8654962084599735
0.02021913546828813,0.8082518650071508
0.031205871497031246,0.2793577487019693
0.03410568396112057,0.1908866832062029
0.024929212617274654,0.5632397433966472
0.024517320252544036,0.5847904107955095
0.02358646400101594,0.6341241594838016
0.0268440582054712,0.46493014798638604
0.024269096129651113,0.5978759156919713
0.025072511128649333,0.5557979508293543
0.03084480578499299,0.29223318980064333
0.02432675306280707,0.5948307414476699
0.04450598432970987,0.036921243710993264
0.026943036415548294,0.4599752088833474
0.0228269332256274,0.6746192468963257
0.023481744243360636,0.6397060307793552
0.036381590601233915,0.1382702454656056
0.027763284650855757,0.4202585012400226
0.042497953294918844,0.052444629922054294
0.0336039365296531,0.20437991294035335
0.037002763642502545,0.12616522778634168
0.023355274015492755,0.646450499776771
0.03068098691486887,0.2982176383350274
0.026885597760261448,0.4628463836081074
0.031090331471899962,0.283431004310027
0.041868574100929146,0.05834862168561402
0.02329804632346466,0.6495030206609971
0.011145324547629065,0.9996542935434006
0.02673160260666252,0.4706021849984188
0.025028828563068317,0.5580631608090769
0.03173727747718702,0.2611845709465519
0.04503159731093653,0.03359068533319159
0.0389106176497902,0.0943050024139159
0.040806573428088244,0.06960534850731699
0.01624070725642901,0.9545914495018202
0.030412208305521493,0.3082312420453245
0.021330699155762023,0.7530991664663509
0.02123630701835416,0.7579209435751224
0.017274408476339986,0.9265186241095059
0.02729259276783791,0.44275591468892733
0.014116952678325356,0.9884963434595008
0.027301753550360186,0.44231051669427546
0.026023576074465288,0.5073133219529877
0.014528412614044584,0.9842062473772122
0.034879985933082336,0.17145125190666913
0.027690556293411217,0.42368303379335187
0.017252655408538986,0.9271895167101664
0.027669031313790005,0.4247001891261923
0.03744826514243549,0.11802928724013621
0.019553333475472723,0.8391206546399671
0.04900450598029338,0.01586048643612421
0.03034478555111464,0.3107813524536615
0.020622689357238433,0.7886806714214971
0.03118386352263658,0.28013023467595244
0.0238722249234804,0.6189140226350196
0.023478313575867715,0.6398889440899846
0.025553045878353775,0.5310889761588767
0.02978043998952573,0.33273325170991763
0.03010935987964758,0.3198067281035367
0.03518506798618323,0.16424026188153862
0.027901563089198722,0.4137994276374828
0.016705119558966308,0.9429483308904318
0.03334661597651678,0.21158298960839042
0.02153858714366985,0.7424081438345287
0.028818564668453284,0.37268392503271214
0.029718127794532645,0.3352239905289288
0.021431007642815858,0.7479524438600127
0.025034009982471628,0.5577943177934215
0.03423760146622856,0.18745807704491066
0.03208747161839118,0.24970525718020825
0.02220717827623475,0.7074819688907974
0.02639839234086319,0.4876732149317867
0.017458727948511388,0.9206988095230272
0.020435557345972966,0.7978285276568746
0.016869508400188082,0.9384465468918031
0.023686461691541982,0.6287973698429816
0.041750154196344647,0.05952105099910637
0.02704378982033362,0.4549673088987158
0.04274279272935677,0.050291164614938974
0.029292906261131013,0.3525796008623507
0.029057259990143414,0.3624686231482794
0.03178244529120727,0.2596819976180271
0.02025721668186664,0.8064305292680507
0.02094682149431837,0.7725670861349074
0.03401083504531799,0.19338221408893627
0.021312218711339814,0.7540448617268609
0.035085052546045103,0.16657703932880086
0.040192707131348704,0.07691855710420173
0.018595268765140116,0.8797192449097335
0.026618535583795677,0.47635051375600934
0.026387003332310033,0.4882636803574779
0.01716730182210513,0.9297891559384327
0.02499470507249854,0.5598347182614356
0.020626753952974586,0.7884806584524124
0.017509671979550112,0.9190479284513958
0.02629203494880561,0.49320528313780204
0.03648719858556182,0.13614804600170538
0.04196498951542371,0.05740874373182792
0.03447385288331306,0.18143934132773798
0.015966007748295152,0.9607314241630521
0.03463210168773151,0.17749406349667088
0.03193218456447894,0.25474737079381377
0.019330565582032944,0.8489950019743433
0.025280499629580178,0.5450544780440025
0.016506883705121322,0.9481127122677673
0.025740781933716206,0.5215495679765427
0.029359817983268477,0.3498069425443922
0.022872104152931616,0.6722137327699276
0.022489357478036154,0.6925590874942291
0.021609144054349327,0.7387588713981674
0.033330545793597816,0.212039301538171
0.022429873488480773,0.6957114308965315
0.028651535322680055,0.37995136910720223
0.026194393030770813,0.49831939336070963
0.022419136917622928,0.6962800717432555
0.02100842992931906,0.7694689913863254
0.026838919407192657,0.46518835532706687
0.02914562238371543,0.35873770199731175
0.02676260838342298,0.46903381232106695
0.02930165759681974,0.352216080283742
0.022461630706843927,0.6940288545649944
0.04830418207208584,0.018187004203912706
0.018423019355899545,0.8864655037330265
0.022101688071000658,0.7130377660765331
0.022572334072010314,0.6881567561578716
0.028584589121282367,0.3828918211626193
0.0204684835504082,0.7962277397154305
0.03080259523721207,0.2937666145749594
0.04023009983674408,0.07645518531974584
0.034796017614733776,0.17347957794102659
0.02857471579469406,0.3833268227932067
0.02044423870491785,0.7974068354456413
0.023777042986165897,0.6239758577113681
0.02960555208946325,0.33975783282313077
0.01597013978944406,0.9606431552497675
0.02713976109122218,0.4502307997247947
0.02401773026395959,0.6111867887911686
0.019363972240746263,0.8475299564928953
0.034936344471029446,0.1701004867990267
0.022072745093572974,0.7145595714159405
0.023947317827770875,0.6149243521999223
0.0252898658137794,0.5445723688954576
0.027316109715425196,0.441613121455795
0.035526015186963134,0.1564707742036439
0.022383806494556388,0.698150504375965
0.03231382915844955,0.24249178003494667
0.022783265350896253,0.6769438149921178
0.03351229353905477,0.20692297527137443
0.021724991126773174,0.7327462142667147
0.018580823250092027,0.8802919277132557
0.03314089414449417,0.21748237466656725
0.023612579969059855,0.6327326248657601
0.021893055735683786,0.7239808057556321
0.01998919572586544,0.8191273575810084
0.02611341937320788,0.5028257443765493
0.026969826507919237,0.45864008401263573
0.01837107154414841,0.8884642929134222
0.018114371659652184,0.8980911192070824
0.016032707709518257,0.9592913561783897
0.03924645014791078,0.08945991883492192
0.02229851254361362,0.7026609117430931
0.024148435749948738,0.6042587070435903
0.03289698442146971,0.22464100305025905
0.02987399309588612,0.3290188552019429
0.026204493012069452,0.4977888262446477
0.022302201901898133,0.702465973554234
0.022976156587081076,0.6666695093582491
0.03025224016486716,0.3143067427661418
0.026427572530919485,0.4861624667079818
0.01941343097839221,0.8453506313215475
0.042350722584769226,0.0537775110536459
0.020322829214223,0.8032794964305181
0.0214244451739406,0.7482898470720738
0.01844428642559648,0.8856423869327895
0.019779342018611423,0.8288599106072227
0.021645785733523604,0.7368598521054905
0.02079701830310382,0.7800543806975702
0.021846349254095232,0.7264215490751618
0.032360460726179374,0.24102568561170915
0.02156213076084129,0.7411915574518853
0.022757226097381178,0.6783294985927628
0.028345001503626177,0.39354496888862106
0.023260936800409138,0.6514825255282707
0.026221123089693266,0.49691601185666096
0.02999073241546446,0.32442603690526783
0.03663210882256018,0.1332792817669496
0.03376871248891411,0.19986888356789387
0.019657886549836856,0.8344034200416914
0.030830576059999615,0.2927494641791275
0.034427634288202336,0.18260461462257893
0.029708610194208895,0.33560560603420403
0.02683197917892377,0.4655372279886421
0.03234496586378344,0.24151209073913932
0.018866604093092626,0.8687336942818678
0.0451644906530827,0.032791546826394444
0.027683375302118063,0.424022185353412
0.019620483760319107,0.8360968786583349
0.01865094801196071,0.8775002019827566
0.041091762618666205,0.06641437342621127
0.017277892711033915,0.9264108514210767
0.01505058871766557,0.9772892355530586
0.02384652548152566,0.6202802296713572
0.018005295412637262,0.9020529336244925
0.027083442258144963,0.45300633980965105
0.023727715438499053,0.6266010132419522
0.019737044317551855,0.8307981021130056
0.01870006490754661,0.8755274203530863
0.037374904045220037,0.11933854510424655
0.03987852336925318,0.08090662927031568
0.02595752203883911,0.510623692744611
0.04132691998359972,0.06387787804464914
0.024712740110487408,0.574538058039197
0.022223769226132783,0.7066069338126493
0.021470210442170568,0.7459349125531933
0.026973308375971894,0.45846674792502135
0.036958276799784084,0.12700230027741174
0.018085821162373006,0.8991356447992602
0.020987706349576585,0.7705123042356816
0.03673961413597859,0.13118301371363333
0.03176714351587917,0.2601903009453959
0.0220399299248229,0.716283591808552
0.02392598301475668,0.6160574978098923
0.02452365689612168,0.5844572455983044
0.04812214460583353,0.01883965246268095
0.012576058668658074,0.9974186597468564
0.022151523672932716,0.710414851209016
0.01868584904122611,0.8760998647295104
0.027563106250480973,0.4297297161469856
0.02658030987971738,0.4783042118373254
0.02532342321326564,0.5428462938000753
0.036702990583482586,0.13189410058534815
0.03258434709245567,0.23408081803140174
0.017778293530332112,0.910044596020286
0.023530198428821647,0.6371228993514702
0.025654967746716717,0.5259015734966641
0.048660649053397176,0.01696720999087539
0.03247472257433426,0.2374619165732863
0.026838986492071504,0.46518498393055363
0.02977730987115612,0.33285804941218217
0.025524457224035624,0.5325475504278727
0.023314350790938465,0.6486333191135905
0.031201277378274467,0.2795188721893063
0.025267845701446467,0.5457060562277429
0.025779460766513718,0.5195927608546353
0.019389181394690563,0.8464206839153036
0.01603190222447786,0.9593089405418906
0.034516057293277336,0.1803804229513477
0.03327013985466626,0.21376136661189615
0.025664585291954256,0.5254131097730785
0.021317598348222222,0.7537696534799294
0.023864881086588602,0.6193043880802311
0.015835919807617053,0.9634469108968868
0.02290334202392766,0.6705497017650868
0.03623367703757696,0.14128769154507367
0.023526331654705634,0.6373290178065129
0.029970599049917612,0.3252148002701114
0.022731386059879954,0.6797042157383246
0.021914371551851275,0.7228657432805599
0.04121420277799753,0.0650831664267352
0.03037401576313814,0.30967389867066514
0.024952321091466056,0.5620375793320354
0.04844568553808276,0.017693713980903518
0.019466271733569962,0.8430088367884915
0.01953881153441317,0.8397717516200726
0.029285369930933336,0.35289286542757503
0.021929193829270166,0.7220899482889441
0.022104757890068216,0.7128762910152477
0.02454822124467121,0.5831661550424239
0.026112534152288203,0.5028698747409536
0.041171075910026445,0.0655494324878005
0.038257685588940604,0.10435366375644077
0.019231281533617084,0.8533154014387756
0.01660304124501305,0.9456437992054622
0.03007197418104346,0.3212573241089381
0.019376781239287016,0.8469667241724216
0.025254663559615143,0.5463851225685155
0.018837982504359196,0.8699126288836523
0.03306628562489822,0.21965309342736633
0.03661794313144098,0.13355752664864914
0.02004483247897966,0.8165155733214724
0.03873327547869532,0.09695083880018765
0.03126063653255973,0.2774423784183728
0.0334143452057995,0.20966820485963578
0.05386858702926289,0.005805787845644235
0.020155848622283645,0.811266277828787
0.02767025800658285,0.4246421777931862
0.020107221918637563,0.8135716630337547
0.042017054512715146,0.05690663209763942
0.04465150700338616,0.03597138847530563
0.02222691570080071,0.7064409466813739
0.024751326401207363,0.5725194226304882
0.028925492274670395,0.3680830683547183
0.03353083177268512,0.20640656525225337
0.01995366568661061,0.8207884907393093
0.029292874222969223,0.352580932181756
0.025030343477748462,0.5579845537034288
0.023733238113646582,0.6263070440750491
0.016851761208843297,0.9389420930454414
0.03619419818781022,0.14210203117136674
0.04942577878192622,0.014593065392061684
0.019231433443170076,0.8533088299606028
0.04318842067541162,0.046567331484564094
0.0198330736219009,0.8263862418390322
0.030532391819031557,0.30372364918673544
0.02553928961717472,0.5317906208498955
0.03167951455785406,0.26311568215539505
0.021440582566706,0.7474599886129741
0.05304582969770466,0.006927640338388598
0.02866626336501521,0.37930659814492795
0.019684103291470967,0.8332125444208454
0.0167877032573866,0.940711560230975
0.01719852984929815,0.9288441053741985
0.02947549545671324,0.34505029339001614
0.024820692414008083,0.5688955865150424
0.032342809734556166,0.24157983395671484
0.01752010427553935,0.9187076162854251
0.03537924674161397,0.1597783456710389
0.028453762287631607,0.38868379481682996
0.022513593926476783,0.6912737992476623
0.0145899397553787,0.9834798463503973
0.026706525243106294,0.4718731863508224
0.024384572746860678,0.5917803155410228
0.02547157439905845,0.5352495939987207
0.024962206758022132,0.561523542261971
0.03470465489849797,0.17570815262656372
0.01907778205648525,0.8598933681577637
0.032921302995435275,0.22391920949944452
0.030444233167732843,0.3070253582782672
0.035087000323435924,0.16653127893134037
0.018661652659122008,0.8770714644644128
0.03775433544499418,0.11269389070165656
0.02192192480878158,0.7224704499896578
0.02046231474723037,0.7965279432047953
0.02562817233189263,0.527263424550632
0.030316361634474653,0.31186103269446785
0.031218564534343685,0.27891294258653776
0.02667958968869688,0.4732408637219997
0.03596758248645843,0.1468503772862205
0.03233639168046187,0.2417815680251991
0.018858180049896422,0.8690811681275317
0.013301835544990537,0.9944143538089836
0.04393992246138989,0.04082773857493826
0.03078694836517637,0.29433654255131714
0.02791339280206384,0.4132500167457331
0.026639177200831976,0.4752976944800144
0.028103866668556077,0.40447234572246465
0.019205433922957343,0.8544317907223307
0.024639986041477324,0.5783494384342661
0.019595775797805026,0.8372119626778206
0.03775559586978544,0.11267233792927524
0.022951076271004678,0.6680062078687801
0.03615207340232318,0.14297514133847472
0.04927202821030602,0.01504468856586891
0.024312836726810616,0.5955654395469305
0.03363884443773196,0.2034176714274121
0.040745870892606895,0.0703011348194612
0.01604423405878086,0.9590392075585951
0.034851124837496306,0.1721462756501324
0.02684787232962957,0.46473856197380425
0.02539303576451729,0.5392719254326094
0.02960786979918123,0.3396640483986376
0.02874364886205849,0.37593135125691246
0.025502313077149896,0.5336783758398715
0.025421770287559098,0.5377990068321621
0.03671599217218824,0.13164130109782252
0.02757215165457294,0.42929865978961146
0.02006467424220587,0.8155810391564717
0.016576308267785445,0.9463370273561942
0.031808029160073414,0.25883381270214134
0.05316545480745127,0.0067531020894146905
0.0151419909312107,0.9758969699166969
0.02078276585985528,0.7807632243090988
0.02295231792935415,0.6679400362689161
0.04713204370282181,0.02276891588764487
0.01880157356982959,0.8714055627947448
0.018535626350744683,0.8820756082453729
0.027935789276206213,0.4122112151873057
0.02010378601830176,0.8137342003878424
0.031507612984039146,0.268926264993747
0.02858909283669664,0.3826935096549537
0.04680291684897281,0.024227688102367216
0.026176885439095132,0.4992399504618849
0.020473798542746946,0.7959689793030338
0.025323827509438124,0.5428255100827761
0.019774437992746363,0.8290850387290123
0.026517498275891116,0.48152578366546017
0.04094891897539965,0.06799670072781576
0.05405636897607008,0.005574226379722337
0.017442753730882776,0.9212127086322108
0.021191752489026605,0.7601893591488573
0.013521557754864244,0.9931202809424684
0.01597902579628807,0.9604529103321405
0.027818315426367562,0.4176798180459349
0.026257161951620644,0.4950279128154562
0.03563857994394623,0.1539714831399224
0.028184958278549277,0.400774523488886
0.019956976779301194,0.8206339126659732
0.030919520849229998,0.2895334736042265
0.02706868915288682,0.4537352832456044
0.02829462503271407,0.3958108010144664
0.03543099091516824,0.15860589718191462
0.038364841960296714,0.10264597787203388
0.022723096566056478,0.6801451452336784
0.02669527946011674,0.47244388680748906
0.019638290895295674,0.8352914533508476
0.03025744787567397,0.3141075904963792
0.03442684662958606,0.18262452442202523
0.018055141813401954,0.9002521188547967
0.019706908714544946,0.8321740469582857
0.03174706542422756,0.2608584053005338
0.029210081845385982,0.35603326009418096
0.02754678842997077,0.43050807594322565
0.03638250375064386,0.1382517811036995
0.01900168415143666,0.8631074170983585
0.04156438913653926,0.061400928689788296
0.01517686588726097,0.9753509703299126
0.02595751255702833,0.5106241685992022
0.014755578540633307,0.9814089531238088
0.018078036989624346,0.8994195073941236
0.023453869995021748,0.6411922797660843
0.030362500973901918,0.3101098177022089
0.027798210881988306,0.4186206443317272
0.02160349953166374,0.7390511765718089
0.033286840657664185,0.21328417438391
0.018182589881881414,0.8955739124932766
0.03775989283952236,0.11259888701054299
0.020371466012482742,0.8009333513582837
0.023336359684243288,0.6474593616970699
0.02125447535171926,0.7569945278179607
0.034419984597486075,0.1827980499812208
0.039444142805391436,0.08670669518360412
0.021204759597750922,0.7595276363171796
0.03255824158813919,0.2348826105668677
0.026098884478275575,0.5035505600247426
0.02601127813996218,0.5079289434673925
0.031533467202946475,0.26804624256640686
0.0396411651101487,0.08403401753245884
0.02099181268463557,0.7703056689811997
0.03103335441878169,0.2854558711195569
0.017380863188901086,0.9231867530600648
0.019829960202092253,0.8265299251949217
0.03499629617320743,0.16867292666638642
0.018765416759109366,0.8728806089883148
0.032325087617413595,0.24213719309624684
0.03223517564457312,0.24498004363421275
0.02490373096101131,0.5645662748200364
0.03767619070961781,0.11403680042724626
0.030009409407072585,0.3236955706299693
0.01386243973442336,0.9906865776624927
0.026159714134808026,0.5005202366362834
0.02994370077656261,0.32627075888234797
0.02849487589435895,0.38685708846135863
0.032453333823913466,0.2381259357103156
0.01812201775803579,0.897810484041176
0.018832283574742564,0.8701468124627338
0.04207021488347584,0.056397855310744635
0.02659206976630535,0.4777026151927124
0.027464297337310706,0.4344574427946484
0.022286281398050445,0.7033070746935275
0.03250654177919898,0.2364767043692632
0.05060963450652933,0.01150393636916701
0.044962251852679325,0.034014432518362475
0.02415512969056338,0.6039042672289157
0.021739133423239604,0.7320105038674241
0.029652452494248027,0.3378636579511341
0.024821912265217794,0.5688319178172492
0.03093580257412243,0.2889476186026493
0.0302327127207401,0.31505432792353
0.03553011643679643,0.15637914474318065
0.026410203253127595,0.48706136292785635
0.027032477016416423,0.4555278006554285
0.013269866235649741,0.9945860970995316
0.022764605929633253,0.6779368161222006
0.01815936973805654,0.8964340996214328
0.012755876263848526,0.9968339478612999
0.020440112397568377,0.7976073020021721
0.018103750079936143,0.8984803324146439
0.020649914584331186,0.7873399194984896
0.027573155222285095,0.42925085302431937
0.03959115287318005,0.08470579497330215
0.01626604878557436,0.9539971211144247
0.028292194723188946,0.395920338986276
0.024260790193725845,0.5983148620284331
0.031577988585412275,0.2665359015182804
0.026701992888863213,0.4721031398186347
0.015581949122274397,0.9683967669853003
0.03424313394810685,0.18731535293225277
0.013165911767969496,0.9951169912223867
0.015168744372276333,0.9754788532582371
0.03643095250389161,0.13727499191071432
0.02020908061114357,0.8087318321459711
0.041247608023308846,0.06472395472428794
0.013552568278451766,0.9929210085210147
0.018770893686167134,0.8726576590834293
0.029661012810350607,0.3375187515372175
0.01663886340964804,0.9447066197473325
0.04139796042534932,0.06312808235814378
0.025147571906579014,0.5519126071407678
0.027172855498940995,0.44860510257753466
0.03110940348893193,0.28275561006149225
0.022333407141964245,0.7008165702892939
0.03912755636265797,0.09115077574840806
0.029661198072669592,0.33751128987334683
0.014911521071348965,0.9793014933239714
0.03354283326866331,0.20607278196067888
0.027405421337453162,0.43729105962354003
0.03105907722882631,0.28454039951025595
0.025231974875982943,0.547554596978759
0.015970466067294353,0.9606361799829626
0.014152859737137015,0.9881598460533321
0.02181571776667479,0.7280203142828106
0.02954196018223776,0.34233828706377967
0.015446210135342475,0.9708541990557329
0.023394320873305285,0.6443679211258759
0.021157325312406106,0.7619387412738705
0.030783229294939263,0.29447212756210056
0.02328410179802759,0.6502468488595918
0.01797794941846409,0.903033902763199
0.031656517313327304,0.26388750523723575
0.03692966693866295,0.12754302629166298
0.044964042137214055,0.034003433992963246
0.03218320613098635,0.2466347786586562
0.01801624053855766,0.90165891882942
0.028348787415944154,0.3933750496692727
0.02472566944620358,0.5738614428514752
0.02239958942866825,0.6973150861711189
0.028582971875349472,0.3829630506249701
0.024945105914103483,0.5624128473054437
0.034471187464266806,0.18150638214360212
0.019332296045419084,0.8489192516574463
0.043412532792527325,0.04478660942651027
0.05013891403768478,0.012653560927131952
0.014533894081747989,0.9841424586256985
0.037653924781671955,0.11442184690934554
0.016757651466965617,0.941531307326455
0.03890290486947462,0.09441880353992962
0.01763848347524749,0.9147928031106936
0.027044735261170072,0.45492048781063216
0.030344093096250746,0.3108076227717892
0.04430732109022012,0.038253335836192885
0.03964359566949005,0.08400148426409916
0.05443433356464211,0.00513356511930354
0.024628470131905056,0.5789533398482805
0.028841770548485024,0.37168201179660715
0.048777710833983856,0.016582912599133928
0.03637919735816847,0.13831864761007015
0.02051916708197732,0.7937561945755567
0.032823960820736464,0.22681918268700382
0.014264715323603572,0.9870662696553629
0.016369070276567532,0.9515322902005392
0.026873340094819786,0.46346062925174064
0.02414964088642571,0.6041948930288599
0.0363169817896008,0.13958176535200198
0.02582825114088022,0.5171286895842592
0.02899223934469919,0.3652314534687027
0.03858010417724633,0.09928565913411252
0.020377222945280382,0.8006550724682737
0.020578267195584976,0.7908630436694165
0.018803881063204186,0.8713111707550449
0.02246120563689949,0.6940513818269116
0.02838527743439767,0.39173990978915174
0.02144434040933904,0.7472666613987149
0.03200402968690752,0.2524050833953576
0.019546969826270688,0.8394060959236946
0.035463025140551,0.15788351492676028
0.03282364996256615,0.22682848974547268
0.04264137430959125,0.05117373327117556
0.0180238042390769,0.9013861704216724
0.02736956920265954,0.43902263264205965
0.01867149134617796,0.8766768116398205
0.02153104266654937,0.7427977552841256
0.024324794914036607,0.5949341081446992
0.035783158589424546,0.15080862979043777
0.02274083085661771,0.679201786049989
0.030550234180819702,0.30305860391234274
0.06673271828435079,0.0002574303500417476
0.017261674513452507,0.9269117667234906
0.029231185610980814,0.35515099072800743
0.032472815305674696,0.2375210706095504
0.030873614411429773,0.2911900354442918
0.024320655873733443,0.5951526122884944
0.028744260909057795,0.37590474035056937
0.030052114390658774,0.32202984151098263
0.015288569987688572,0.9735465852621445
0.033481539307402386,0.20778190043428735
0.037011663389098115,0.12599831204972678
0.016803549121448214,0.9402766513706171
0.029177521283622165,0.35739754645590854
0.03646162291994459,0.13665954295889376
0.032213732808740486,0.24566176649969282
0.026100647453853654,0.5034626206679004
0.023320480757320405,0.648306342523345
0.01937920202016119,0.8468601858185851
0.029900624638982076,0.32796698736403307
0.020923685980581808,0.7737277180627448
0.014824681541019902,0.9804942427658971
0.03958117840031461,0.08484031394742199
0.028809174262668713,0.37308989409599735
0.02448675580785964,0.5863980630697598
0.02278811636455147,0.6766856282115623
0.02939116163073563,0.3485134992624498
0.028809056247724674,0.3730949981309763
0.022197335214009795,0.708000953598017
0.030270008366099055,0.31362763357498014
0.02770850121410212,0.4228363156895788
0.02513052946433486,0.552793978649041
0.031398586783648624,0.2726611487671285
0.028868256473174814,0.3705407975630576
0.03163807682930353,0.2645076269760848
0.041669420529053314,0.06033189610142799
0.026277817480478638,0.49394783472413883
0.02286295122716342,0.6727012307784183
0.032369427613528734,0.2407445445121069
0.04228867415616133,0.0543479186968583
0.027105764325300985,0.451904895052229
0.03234770954928201,0.2414259081143798
0.030068641420129577,0.3213868696520197
0.03279118119236751,0.22780222163409825
0.020992442777402753,0.7702739578581254
0.034738076237235516,0.17489029580350376
0.024805021612619438,0.5697136888697327
0.031242705553962025,0.2780684196649536
0.030082756944178612,0.32083845436246106
0.013527315893703484,0.9930836000482267
0.02821165158615424,0.39956240368797713
0.02904866776930981,0.3628328705308722
0.031549248615572456,0.2675101410080056
0.0402826011007148,0.07580857805397241
0.03181272648953515,0.2586783092228375
0.02479910766603108,0.5700225175875002
0.025016274362033353,0.5587147188248205
0.021605571609172147,0.7389438799927235
0.03135529302037743,0.27415498115694453
0.022500485934879078,0.6919689933088331
0.02290361148675224,0.6705353459045806
0.029153949363374565,0.3583875208761698
0.03567924033314174,0.15307663266729363
0.04370361128961675,0.042562262575334305
0.0454759073239655,0.0309839664780118
0.029940266727515874,0.32640574952604784
0.04162974129838881,0.06073387042680128
0.022780016808285952,0.6771167062616974
0.037558070370104044,0.1160917328737226
0.022495664268256388,0.6922246784459403
0.022927495866031065,0.6692627780843107
0.021376931536665755,0.7507298618108228
0.0224784577502469,0.6931369504803229
0.03078533900201838,0.29439520895102034
0.022437395580805097,0.6953129747459741
0.018310410904966823,0.890776986973501
0.04213222967154018,0.05580928289289072
0.014891260461588174,0.979584120222721
0.01361045491866332,0.9925375574397144
0.03424025491455762,0.1873896140552815
0.03488715129976169,0.1712790445239824
0.015113903851116106,0.9763307479229457
0.04413848613856303,0.03941822834816197
0.035543274820262205,0.15608545336072038
0.017150694781253084,0.9302888733293773
0.021765380587728145,0.7306441289267065
0.04069570609383988,0.0708805910479204
0.03472112009911554,0.17530485226081954
0.02023397608477251,0.8075427359370497
0.030447681196926757,0.30689573057129166
0.022767826164678262,0.6777654575363011
0.01893889498073832,0.8657353650731494
0.025864296242119056,0.5153114049951973
0.05425838594594351,0.005334569771794497
0.03147608692713555,0.27000227713960434
0.024030567171298256,0.6105057764698429
0.04157648139674819,0.06127703044723981
0.019309570177896918,0.849912851683893
0.03376494609340891,0.1999711176869113
0.022064701520395108,0.7149822965093052
0.030328079177364742,0.3114156111187589
0.01985652497816981,0.8253025993501912
0.020986853367453207,0.7705552213115359
0.027557276166159633,0.430007701999628
0.015540860954928903,0.9691543374889042
0.019816641724019257,0.8271440856477715
0.0415885314838417,0.06115377736063961
0.022885139676011912,0.6715193821440406
0.014689663193239721,0.9822534365416546
0.022471122732352244,0.6935257678443698
0.023688216184433064,0.6287039450043648
0.031157594600645266,0.2810543644358005
0.030227942640904337,0.315237141724222
0.03792667202960226,0.10977843960319723
0.017450210022772028,0.9209730594225717
0.02195805939382589,0.7205781607067736
0.016318116639177926,0.9527611497471105
0.03483772021976286,0.17246984318090258
0.035890055845841595,0.14850396395625498
0.022463859972160993,0.6939107084562173
0.020644019885719178,0.7876304201400628
0.023297562356496937,0.6495288362827778
0.011882990666419069,0.998929050436794
0.01308221023895284,0.995514836869857
0.04367702536504625,0.04276135880119883
0.03712119428340044,0.12395881988398459
0.019943801630302835,0.8212487176550625
0.02638584993376769,0.4883235042498651
0.03579530974166811,0.15054521109051475
0.023300659201312857,0.6493636454824222
0.01962089334412742,0.8360783696931908
0.025162478802060073,0.5511420636080424
0.0339694070153701,0.19448022307587218
0.04150748864927367,0.06198681907460746
0.01889145469329012,0.8677063159115778
0.027057864370834905,0.45427062443056465
0.040092838037656287,0.0781678045126229
0.0279187015695449,0.41300362204558366
0.017653139952549468,0.9143013470891279
0.02444373582345974,0.5886626483099742
0.019910714985343914,0.8227894101958106
0.03025619119210554,0.3141556399149741
0.02096547033207441,0.7716304230847065
0.028330056274702142,0.39421623642931003
0.025972889179621816,0.509852725835182
0.034326738598338014,0.1851689808943354
0.04019515145451988,0.07688819451784983
0.029783929666648667,0.33259415819246074
0.03422340650183531,0.1878246637318875
0.017511170964528366,0.918999076910907
0.04092618483529098,0.06825147406540634
0.02598196347627435,0.5093977041813309
0.031588117665238946,0.2661931781657462
0.02420365321929374,0.6013361408464979
0.02138469700619161,0.7503314201063519
0.024855958689380286,0.5670557438827961
0.02479790853862679,0.5700851423723399
0.024674395687422968,0.5765459697318278
0.01824756266485361,0.893148597591954
0.022689694365730206,0.6819214407996761
0.014752020003706734,0.9814552394013728
0.015679280445388882,0.9665543698648601
0.026409266966059053,0.4871098482026682
0.031649079502856226,0.26413749415196447
0.018770980101606882,0.8726541399674036
0.023557384463146258,0.6356738674300941
0.0340083034292335,0.1934491720255113
0.028376596349194316,0.3921284867744962
0.03728866007026249,0.12089297156624448
0.03802459478915898,0.10814985754047646
0.024054230622498673,0.6092507277462736
0.024820581718422552,0.568901364243102
0.02840655911943224,0.39078844256599876
0.03313925855184785,0.21752978310908835
0.02944553158481772,0.34627794308685433
0.01338341262674353,0.9939574456173002
0.0258868119655275,0.5141775842324114
0.02041186739052081,0.7989778839618809
0.02838012075088553,0.39197069764544096
0.016484380141782884,0.9486806634302036
0.024909375334908446,0.564272356822338
0.047844196894937796,0.019876528493638083
0.0409437333708883,0.06805474249289963
0.029494469322651595,0.3442745268164085
0.016065796234354945,0.9585649081044447
0.02043867012324785,0.7976773570836075
0.020440963794220557,0.797565943936807
0.027497739060711734,0.4328534505229739
0.031917148151557884,0.2552396626649102
0.02411766124369008,0.6058886833987656
0.04500232410562055,0.03376899594071629
0.020427505145457547,0.7982194185921487
0.01911912668442306,0.8581339706335392
0.023823593919681835,0.6214996172120003
0.018823833618663133,0.8704937008773543
0.020086059749041763,0.8145719950744047
0.027253451342893587,0.44466234900148566
0.023941884747086195,0.6152128881090643
0.01965828759311694,0.8343852269469746
0.019249352647607854,0.852532817156822
0.02519128446787744,0.5496541146296601
0.03210803816104685,0.2490431927004816
0.02921340948020701,0.3558940408828807
0.023864586009071487,0.619320073752984
0.04227398329954313,0.054483731220503186
0.015343807339859128,0.9726227517253574
0.025425930514566986,0.5375858781033909
0.025327822135441547,0.5426201729637437
0.020540808679378103,0.7926981478799866
0.0326970154605884,0.2306444307760706
0.024778475866312488,0.5711002935785247
0.02690802808738979,0.46172376228614953
0.023053464176440497,0.6625481540043259
0.01982834914854545,0.8266042580312886
0.01842880618490428,0.8862418081036356
0.018631491360794006,0.8782777289145025
0.026359163012193876,0.48970900847097887
0.033893306692382275,0.19650993728012
0.03419500953803156,0.18855971499518992
0.026045862788100782,0.5061984983692475
0.017762730707066687,0.9105797570632848
0.027183395584666037,0.4480881627794117
0.04493737414615473,0.03416759074434956
0.01745194240371084,0.920917323699
0.037349739487727185,0.11979039315066774
0.02256090089974272,0.6887636692675423
0.024673254991840532,0.5766057314509971
0.01571936463148771,0.9657759531271592
0.019295395943350252,0.8505312285439471
0.02349216263462206,0.6391505688243299
0.03303601239477927,0.22053865136526224
0.024878933727067384,0.5658580799039801
0.01979443900678568,0.8281661804686299
0.02659173527697678,0.4777197197476495
0.015964967065963245,0.9607536356718377
0.020500404780594783,0.7946721670396192
0.030837677010830844,0.2924917474597114
0.03338780251406481,0.21041698501575828
0.021302482877272044,0.7545427483070044
0.033151374494564734,0.21717878655395673
0.03380975053623381,0.19875760654439573
0.027161320286355484,0.4491713030732425
0.02737670795796976,0.4386774818360148
0.03390744145536828,0.19613168983980536
0.02742279771634437,0.436453472614173
0.02493216994563341,0.5630858514270258
0.025474862629675576,0.5350814321398212
0.012012403688699047,0.9987224419333103
0.023692410660625884,0.6284805990893066
0.021399602531245454,0.7495662455156482
0.028271008868916037,0.39687610699920656
0.022351576872513546,0.699855710132004
0.021810517641935312,0.7282915707353844
0.030814163708394404,0.293345764705284
0.020928039810336224,0.7735094183541127
0.03660947004521442,0.13372418260846997
0.024399367108207448,0.5910003583860423
0.03541062687632146,0.15906649038572068
0.02719439610723451,0.4475490638098525
0.031062409524974077,0.284421963378136
0.03899486142368769,0.09306944683317904
0.021504580053893774,0.7441634045359293
0.01876355718047451,0.872956267529794
0.037911075571604114,0.11003969313015531
0.023562735205892027,0.635388695437022
0.01879400109837759,0.8717151125862567
0.021300744890086265,0.7546316046901123
0.02299156895877319,0.6658479856313337
0.017342421398065078,0.9243992244229242
0.03726212036621912,0.1213746463913368
0.06506475158006247,0.000400329015059689
0.02970252019289399,0.3358499533045493
0.02253839710527447,0.6899579539072467
0.027597126418884343,0.4281100096068955
0.018860001308854013,0.8690060792388798
0.03600325033058774,0.14609462340470777
0.03186025510671975,0.25710885817085305
0.03379051495682661,0.19927788637263727
0.02489925631894846,0.5647993144951697
0.031284009951061925,0.2766279010105211
0.029507099162458694,0.3437588349027153
0.016659110667012977,0.9441727310027865
0.0282277854402464,0.3988310060548432
0.02089669885072437,0.7750796197108816
0.025114179193092445,0.553639992576421
0.019913636038607463,0.822653578891646
0.017919027064399184,0.9051307124557397
0.02830705921667162,0.3952507000401708
0.023861860335198437,0.619464967041775
0.025170846039007322,0.5507097161979878
0.03789259916505561,0.11034985365633866
0.026286230420911272,0.49350835599452614
0.0390927187639899,0.09165126509163722
0.03196275398990539,0.25374874553700194
0.013902617241789539,0.9903629492115961
0.04446753810249199,0.037175824395667474
0.028140650946731793,0.40279206703458686
0.028955050646863267,0.3668183256982968
0.03553941832324914,0.15617148331476918
0.02467606835872696,0.5764583404983918
0.02921281718065516,0.3559188182601188
0.026169666170375527,0.5000252358372822
0.03664971567862241,0.1329341038494059
0.024382827562817455,0.5918723366556486
0.012631287399125973,0.9972489275969859
0.021674882057445055,0.7353500538889942
0.015148550274608374,0.9757949034261467
0.02760143542382343,0.42790515169316246
0.029650216480561903,0.3379537915970925
0.03293646988577653,0.2234699515404938
0.03815639744338273,0.1059894590311575
0.02744687705804838,0.43529456681894463
0.02398620266396001,0.6128598736600237
0.026954399033104648,0.45940862280959427
0.027453262580713733,0.4349875875256279
0.025548327801365678,0.5313295839840777
0.024440131966977918,0.5888524495340705
0.02322817077397188,0.6532303443363408
0.03241605234339007,0.23928674260385713
0.018319763788002208,0.8904219149235816
0.021789760267812763,0.7293738882726448
0.018085840963645183,0.8991349222085371
0.03684884089083801,0.12908082182617714
0.02777727755292514,0.4196017856184878
0.027818800858364412,0.41765711923834614
0.028750461351884304,0.375635228604203
0.02339725281796523,0.6442115526718782
0.023243143705064084,0.6524316539802928
0.023919941537472122,0.6163784302244949
0.023936133799535186,0.615518326498874
0.032720103840805814,0.22994504407628
0.02332964517242786,0.6478175110076488
0.016450580123471115,0.9495267003981408
0.03613545780090577,0.1433207221592633
0.04362856235912299,0.04312637257391195
0.02121082371177807,0.7592189862018759
0.027137741548483363,0.4503301323475094
0.019044511343669024,0.8613024697833505
0.02961737455243385,0.3392796398921909
0.029603545251141783,0.3398390530777213
0.023647466814897322,0.630874135878096
0.03337059939545217,0.2109034018017637
0.038103658208826885,0.1068495807202241
0.029276499222208763,0.3532618501590301
0.028392959722753908,0.39139626296304814
0.024301782410840744,0.5961491771173539
0.023715478779408994,0.6272524149737235
0.03018568430975077,0.31686007556655527
0.05522942304875422,0.004308927952247644
0.01932600750529112,0.8491944569825133
0.019031664851918983,0.8618449388265448
0.01627830626610602,0.9537079534101518
0.018636700358239736,0.878069787527596
0.01743854680641177,0.9213477485247291
0.028305208453950237,0.39533403338396
0.02103758639597575,0.7679991205370963
0.02344875996228951,0.6414647631827048
0.028747856251447823,0.3757484467847223
0.022795587835887976,0.6762879486960647
0.022262244310743973,0.7045764561611698
0.032449323982208456,0.23825058019375844
0.02413554082096625,0.6049415923351165
0.020557130558032183,0.7918991194766973
0.043355742150884724,0.045232164435491856
0.02748420748780489,0.4335019954688515
0.034515000877597235,0.1804068688090391
0.026956489522346305,0.4593044327430842
0.0323264332260933,0.24209483942102106
0.013831222326465442,0.9909324825942214
0.022436605563135537,0.6953548255764377
0.02936078242157905,0.34976709255574995
0.025334642885549985,0.5422696277433233
0.03287684237976185,0.2252401913453584
0.034097949375985426,0.19108923092202867
0.02900986512819237,0.3644810415959819
0.015958586232319938,0.9608896507117416
0.03786737566257037,0.11077444386262496
0.019804039128286932,0.8277245109228987
0.029153290394010267,0.35841522420662636
0.024892431422235184,0.5651548113327169
0.030413907352002,0.3081671780883818
0.01973479256338939,0.8309010566619666
0.02831494143707225,0.3948959273717938
0.020480341337229313,0.7956503070939793
0.02377405787862169,0.6241346872410196
0.02506953619123853,0.555952125353145
0.027954717754207326,0.4113346597966701
0.03142640158075777,0.2717046327763188
0.024961556745073277,0.5615573373107062
0.016760395186058485,0.9414567396881584
0.020155990765676868,0.8112595250334556
0.03142395475098436,0.27178867518250543
0.02774507171193087,0.4211143171980489
0.021283315887585474,0.7555222833159263
0.021749787740167448,0.7314560086513231
0.018270830160500906,0.8922735077757904
0.032771090215037324,0.22840635539340773
0.0402990059783242,0.07560748729985546
0.04141646838607005,0.06293398056009036
0.022936015188186887,0.6688088160508529
0.027686418669189472,0.4238784274974127
0.02591371510060908,0.5128242025097605
0.024159427655337795,0.6036767129869134
0.016445104137871258,0.9496629748888945
0.04153326837299531,0.061720781330498124
0.018130050916107143,0.897515233390431
0.019321402993787484,0.8493958364946126
0.03183711115430399,0.2578721971499702
0.036267581262731,0.14059136615964649
0.024874881458868514,0.5660692656572883
0.018893284125809706,0.8676305451425029
0.021562408513506104,0.7411771982188489
0.02502562741362413,0.5582292762191041
0.029577893082172735,0.3408784688929643
0.024538911437397948,0.5836553908799131
0.028731358374891602,0.37646600303382777
0.019158891713969783,0.856433146136211
0.02947525978347608,0.3450599369952864
0.025570604538059816,0.5301939046820419
0.014356308453501387,0.9861185349830558
0.022063675433246777,0.7150362155204643
0.026504811145690588,0.4821782043945268
0.02827616469307015,0.3966433631378268
0.03043384045598846,0.30741631219881355
0.015832461488356042,0.963517426501687
0.030974582475037427,0.28755576645054476
0.01992908590941267,0.8219345388616849
0.01772659534573806,0.9118159758672881
0.02611409165045875,0.502792230904208
0.015797147913287818,0.9642325291857318
0.048823198477132096,0.016435698460870028
0.052358462957793395,0.008012705400233022
0.04545453986585257,0.03110512968646363
0.02835171052723251,0.39324388941878136
0.018633116155791413,0.8782128849895275
0.03721428584849548,0.12224678602746336
0.021355359763878257,0.75183597742985
0.01786738487930284,0.9069493696750149
0.03839459175335025,0.10217601562246875
0.023965669698935987,0.6139498825227065
0.022199273670422653,0.7078987558803188
0.04102271004624036,0.0671753267352499
0.034790453990194314,0.1736146433435774
0.027670076644301544,0.42465075422982884
0.02205485898514603,0.715499444050643
0.027548853252824745,0.4304095314195077
0.018971814073758475,0.8643603126053475
0.03269349548475925,0.2307512003283722
0.020650661349431054,0.7873031095546164
0.02525137249366438,0.5465547047897006
0.04110764720178506,0.06624037068857778
0.01911938562569493,0.8581229225637931
0.01973342894608407,0.8309633926842717
0.022991911793998954,0.6658297107468139
0.03957313896218129,0.08494886722993103
0.022244757938559512,0.7054994903012239
0.03861346270347327,0.09877321630995364
0.02957160148840482,0.3411337496609243
0.03907897873272459,0.0918492912610165
0.018690114116499734,0.8759282435964445
0.03132025285398554,0.275368503968504
0.05240872815063574,0.007928406351769984
0.02721556995327279,0.4465126203057823
0.023944892934865514,0.6150531291223589
0.022579337355076,0.687784948155544
0.021279470205949336,0.7557187124667286
0.03134229966397706,0.2746045038217265
0.02401594923674355,0.6112812838959196
0.027117481961681844,0.451327420031499
0.019441584185747374,0.8441046554214092
0.028940807819229586,0.36742736436376705
0.02378414231291137,0.623598140137032
0.026506754991473258,0.4820782072508826
0.027560238460248188,0.42986644088571535
0.03207457290251048,0.25012116567011083
0.021228075757033782,0.7583403947171825
0.028057534425685815,0.4065956124246096
0.015577045511485754,0.9684878062080171
0.01878886880969466,0.8719247239580872
0.0273786025741124,0.43858590982112755
0.017764454082281167,0.9105205763562799
0.02187346874870888,0.725004793902696
0.019179135705414296,0.8555640426566004
0.026935934453532484,0.46032957542642744
0.016685906370079495,0.9434615308755658
0.025872979902012094,0.5148739994904322
0.026068854689504484,0.5050495201800966
0.02770163884385668,0.4231599760796936
0.017691065589934385,0.9130227606316765
0.045181154545539726,0.03269252795663546
0.018236256200506784,0.8935725885210049
0.04416462361177664,0.039235889814082166
0.02130189485102374,0.7545728125548742
0.013049617666967661,0.9956628544299423
0.022385628517613054,0.6980540739109664
0.018102506496080917,0.8985258537904552
0.03925408201312952,0.08935228637253978
0.027052392896413924,0.4545413761504589
0.031627901782597556,0.26485026553842544
0.03389980140641946,0.19633606719963503
0.021277914891755345,0.7557981445010534
0.03981320664339172,0.08175727642054657
0.023854051384450403,0.6198801050985011
0.01878628436717439,0.8720302194448324
0.019683042485891034,0.8332607924008517
0.02159608860537321,0.7394348609280643
0.01795649671171705,0.9037999939433956
0.02757255825843391,0.4292792900453876
0.022029235516357437,0.7168451226830053
0.018298903412811707,0.8912130991745761
0.03534495259055637,0.16055922452106203
0.02641000011069694,0.48707188231768106
0.03842124691137799,0.10175646120686536
0.04444063619251065,0.03735487319312878
0.03107982279996635,0.283803658671539
0.018775955879187456,0.8724514373064742
0.023576897656533258,0.6346339396955271
0.033181297988342906,0.21631378847553553
0.019529947453777896,0.8401686780786336
0.043304184384826194,0.04563999102224779
0.024529148040912538,0.584168572373233
0.0175082728309931,0.9190935121461816
0.018739570320167487,0.8739303926247515
0.017420796462779164,0.9219161498079075
0.022835341625969785,0.6741715383236686
0.01727231718400546,0.9265832692976104
0.04011207035198039,0.07792590527367979
0.01882157328775197,0.8705864228962846
0.018577129559915223,0.880438160288315
0.024437080110153886,0.5890131901846462
0.017713421934297258,0.9122644269531606
0.025576296086343375,0.5299038966770935
0.03248304367926336,0.23720396894471987
0.03637616718290576,0.13837995114256715
0.017282549664094482,0.9262666693081104
0.01845441712863588,0.8852493088572803
0.024063549415830665,0.6087566002000617
0.030019274281673725,0.3233102323172094
0.016795751301014072,0.9404909021215634
0.014528511158994173,0.9842051021855752
0.01510534082799514,0.9764619431587018
0.02993781573960208,0.3265021212859661
0.02751789556904194,0.43188859550552
0.021417725041622038,0.7486352580462476
0.029314676566746578,0.3516757808853665
0.0174190171309008,0.921973004897905
0.028388749313523087,0.39158457857772805
0.020705736630761362,0.7845833284912828
0.037364457720924726,0.11952594604229033
0.03327424390700723,0.2136440247435419
0.04235816722125263,0.05370942072376361
0.04400889120381546,0.04033326164287578
0.023817849772086563,0.6218051091191681
0.037827197068068474,0.11145356447963989
0.032573141059846544,0.23442473755180337
0.024844034800049375,0.5676776182805139
0.03964488312242487,0.08398425588136671
0.03152192163292222,0.2684389614989566
0.024525826147020147,0.5843432024069277
0.02599721483750933,0.508633332948873
0.0204833528975904,0.7955035761287605
0.03560443659724463,0.15472615491318287
0.024102137951804825,0.6067111744111613
0.03570793980263359,0.15244754198844743
0.029599743469950313,0.3399929560118309
0.021478218431578155,0.745522382061828
0.023621758464047515,0.6322436250211387
0.02280690911671923,0.675685304499908
0.025640938932265045,0.526614401615561
0.01679018213078476,0.9406436460880833
0.03768264699790802,0.11392535151418264
0.017047996242491092,0.9333348945317144
0.02139714571503598,0.7496924004144138
0.03906439427955283,0.09205987947442147
0.014853555917545336,0.9801030298004115
0.04205990632447765,0.056496207671867915
0.022561619679490885,0.6887255168547319
0.023607495121144295,0.6330035417526463
0.04044706904923312,0.07381289313101831
0.025157351535284422,0.5514070533933317
0.029394747199036786,0.34836575317388513
0.028748524351929594,0.37571940872573056
0.03681532175533775,0.12972298681370095
0.02622532654723231,0.49669555258739934
0.03134882981921305,0.27437851543696706
0.03606207862159494,0.14485500592844158
0.02032990825848957,0.8029385610290926
0.02330180809096527,0.6493023619245806
0.03617057184794442,0.14259119469398654
0.023388511260637457,0.6446777668616093
0.02419236511487788,0.60193338301119
0.029773123063968454,0.33302503001463457
0.022884365509287186,0.6715606208635898
0.03441074862191573,0.18303181313614383
0.025782145735645412,0.5194570363217587
0.05453274596193519,0.005024186655998151
0.04763198983743061,0.02070209407060268
0.038687628049504985,0.0976418092792428
0.02638336438706873,0.48845243940567823
0.02106129064937487,0.7668024019480104
0.022011678497850296,0.717766636112585
0.025981803654513858,0.5094057167776662
0.047732246894367725,0.020308325176906526
0.0371522555810071,0.12338540325117482
0.03313684613337764,0.21759972283114207
0.02996561233492956,0.3254103789582459
0.014152535055373505,0.9881629201131046
0.02124637154537401,0.7574078461439898
0.027158464830033258,0.449311535161807
0.021581071114986528,0.7402120250615967
0.02817784112480015,0.4010981344802892
0.019723269377397934,0.8314275581852946
0.029600420307885122,0.3399655527367179
0.03566261465914322,0.15344202171037816
0.026644026392045772,0.47505058318166116
0.022711577084339907,0.6807578154603661
0.03478369903513634,0.17377874248721598
0.02337841307182459,0.6452163471633654
0.022806106878133336,0.6757280106206887
0.03805681795344218,0.10761834139172277
0.027000648295737895,0.4571072022158256
0.01878883899820294,0.8719259410661315
0.041672314316215986,0.060302669721957254
0.02372199553967469,0.6269054955759463
0.019364615312219946,0.8475016993030571
0.024330949104732325,0.5946092538573838
0.03149287764851655,0.26942879369100975
0.01474671271216943,0.9815241238592382
0.028582776979672153,0.38297163517166943
0.027877643079460834,0.4149118743240096
0.0499226028432479,0.013215768089402202
0.027862869632246268,0.415599960188925
0.03348724728939556,0.20762227444546394
0.04062050132215411,0.07175688897720765
0.030267880851039153,0.313708891731556
0.021312941943951308,0.7540078669854942
0.03626213310496429,0.14070307231851764
0.022312184794605172,0.7019384242882729
0.013753723664794215,0.9915223234050694
0.017140024236367957,0.9306089082746284
0.037100179287297114,0.12434801170248046
0.02222107517095856,0.7067490450452459
0.03978761694024513,0.08209259237521022
0.02926416691765532,0.3537752788550692
0.03447891935270514,0.18131196315261847
0.028222819326821358,0.39905603693643676
0.01902660449561816,0.8620583748305177
0.014237390230788793,0.9873398263051165
0.019072477445930214,0.8601184350114146
0.019904763237561685,0.8230660576543529
0.02297172673363501,0.6669056202479158
0.023812067674430393,0.6221126377573479
0.01945372875159279,0.8435659633656921
0.021401594296635573,0.7494639605702508
0.028539003516236783,0.3849031201790089
0.0182871993093022,0.8916558040479248
0.015293025736112298,0.9734728423008971
0.024894415168069617,0.565051474579673
0.01736981479081745,0.9235362984481116
0.029488338434136785,0.344525058060136
0.026203849625377695,0.49782261351854634
0.023087690251351184,0.6607230800473451
0.026246474352556642,0.4955873621838401
0.02595434720024481,0.5107830359187266
0.024396899595385046,0.5911304293259854
0.04023233496644496,0.07642756252745295
0.037366841383624894,0.11948316323306057
0.037786637541702306,0.11214261103552112
0.02239658961089358,0.697473890347873
0.03160886901535975,0.26549207904326655
0.02122509918417942,0.758492034693763
0.017288853594723513,0.9260712489805413
0.024320735538394173,0.5951484065487573
0.03777330892222297,0.11236981161569293
0.029964148072577634,0.32546782342812114
0.030568179488047242,0.3023908015382193
0.04421312745689576,0.03889947006804561
0.027836699873441395,0.41682074721668655
0.030535919901297948,0.3035920606467761
0.027819925340848983,0.41760454164523636
0.023962898963693996,0.6140969916210657
0.020571561989512932,0.7911918830114446
0.020176313294897108,0.8102932431337071
0.016854332262040167,0.9388704455679605
0.039406314958681465,0.08722793549114599
0.0189965188461495,0.8633244274208549
0.03502178301146974,0.16806894036914394
0.01797989561671956,0.9029642514956244
0.032267122189285125,0.24396705490388793
0.01721289290796968,0.9284070835732972
0.023773433405634425,0.6241679143440262
0.04008784054849868,0.07823076551728016
0.02013128888108215,0.8124318315295458
0.029415908586839346,0.34749469245343834
0.021100206048829673,0.764834465784376
0.027580659380353673,0.4288934927546918
0.0275091662687883,0.4323062730794123
0.037747389968007916,0.11281271674231506
0.03162119576811759,0.26507626907212994
0.020552220979841218,0.7921395605416769
0.018078946389909478,0.8993863650604345
0.021146813497085637,0.7624722852794162
0.02917157632291789,0.35764704000370634
0.03170057241969526,0.26241044039975453
0.02879328743042936,0.37377742551885973
0.016500741579474787,0.9482680994760065
0.027880140875937487,0.41479561415220045
0.02899600067186517,0.3650712247629053
0.030203874999436997,0.3161607163966899
0.028968775784076195,0.3662320977849943
0.04645659010206327,0.025851590366319746
0.015973095238210167,0.9605799444575124
0.022839051363954588,0.6739740015658435
0.031089949224900826,0.28344455301879273
0.028937523445174695,0.3675679087980341
0.022248317849189125,0.705311605455071
0.030015159715554462,0.3234709135999258
0.022321335304729573,0.7014547690595117
0.022312635671863257,0.7019145950100172
0.01580351589858786,0.9641042423543206
0.03863265182992043,0.098479439425242
0.0211267692845577,0.7634888701700324
0.021349744002739368,0.7521237567987882
0.018466659635839558,0.8847734486271712
0.018390640849810347,0.8877132974863179
0.033673020400657394,0.20247903771944184
0.03420184424521289,0.1883825927623258
0.028429271670402323,0.3897747732870379
0.023432769150833588,0.6423174771815925
0.02340338434595135,0.643884545898663
0.036065659680486195,0.14477982232071915
0.03047928366950725,0.30570951300388793
0.02277134571669437,0.6775781650582485
0.01939607634831253,0.8461167316303325
0.032890997573282565,0.2248189721351121
0.013879046472612955,0.9905537909483275
0.02125857671021758,0.7567852853518942
0.017604621923819175,0.91592255410303
0.03330285365134755,0.21282741206948155
0.015387722258765002,0.9718732437403963
0.03308115785758517,0.2192190569092062
0.019017033829222374,0.8624616632919104
0.04004642009625159,0.07875425463989878
0.04202868167414153,0.056795017404800495
0.019749844877322564,0.8302123990145647
0.01603237954287348,0.9592985208832694
0.023495708917285807,0.6389615027798158
0.021507379179402708,0.7440190198007112
0.02383689022863089,0.620792548490446
0.02082400529660433,0.7787104853267158
0.027033552644059766,0.4554744891364782
0.019045352475336952,0.861266919867832
0.03133689475845325,0.2747916560973031
0.025709954196669882,0.5231113094538608
0.022738400355887034,0.6793310849099802
0.01730260592538868,0.9256439455648334
0.02462109287602887,0.5793402944558635
0.03645855409961529,0.13672102230940728
0.02813165901797654,0.4032023676776073
0.03504769986359102,0.16745653456208656
0.017876579770434275,0.9066268677959007
0.033562449997022625,0.20552811178019684
0.020696378987538844,0.7850461251994233
0.022313923749147757,0.7018465177446996
0.02915586312990892,0.3583070739880127
0.02531216149262583,0.5434253406668851
0.02064695328045313,0.7874858717296163
0.020091440015133827,0.8143178424918776
0.02295509636360968,0.6677919635707806
0.04442881073558996,0.03743381713324306
0.019833139810275013,0.8263831868023152
0.020082585189836744,0.8147360636540338
0.01780833791916192,0.9090067958625319
0.03429797610376473,0.18590519471951303
0.017730118199963243,0.9116958489621977
0.032275383083116393,0.2437056315430181
0.030792477598447165,0.29413505025654574
0.02367972929740836,0.6291558747159047
0.016059433907682608,0.9587052128287114
0.028425944834381572,0.3899231369820713
0.03109390200268436,0.28330447045255047
0.01984227490639319,0.8259613559229533
0.024966470775405675,0.5613018658845567
0.031113217924747638,0.28262067392016216
0.04926648824025581,0.015061193199552627
0.02273529008139985,0.6794965417956964
0.030201625176884905,0.3162471520515084
0.018877744496477444,0.8682735579081882
0.03054942937787608,0.30308857858048843
0.02269732422766163,0.6815157519875588
0.0229817269755499,0.6663725996671295
0.03808592731026306,0.10714004991358303
0.018136026372227,0.8972953398411835
0.0317837402442358,0.25963901553878377
0.03982763912626941,0.08156866967560965
0.031191052049345913,0.27987774047679825
0.0183547654403029,0.8890882329933243
0.011319678467525296,0.999538878186271
0.02304372205234123,0.6630675993189887
0.023142500420337747,0.6577999577122255
0.01778291836296278,0.9098852434312064
0.04387044325960743,0.041331208074073825
0.025301387140384324,0.5439795334903226
0.02444923422051168,0.5883730964200954
0.01904310194614353,0.8613620284555041
0.013739167073500647,0.9916298789631169
0.02826111035297263,0.39732320947328176
0.02125724307915633,0.7568533288167093
0.017226710908762488,0.9279852481723078
0.04066631413455701,0.07122198184440039
0.020793252347282132,0.7802417406918373
0.03181997928995739,0.25843834637204827
0.027572353762402746,0.42928903172819016
0.04481637780576242,0.03492115312179651
0.02018906497132994,0.8096861056753788
0.011798607590156995,0.999048529632625
0.031218978065518294,0.27889845997545043
0.02649534274599935,0.4826654790011082
0.02599409273734732,0.5087897668750987
0.01990408755540725,0.8230974548822397
0.028306546550383116,0.3952737823858204
0.0324325651873586,0.23877206143346522
0.047734638097323145,0.020299015532152832
0.01272433876897916,0.996943319265529
0.024067554397281365,0.608544257353232
0.06688136236081998,0.0002473631755288318
0.0264475517802793,0.48512982593117654
0.026372728283922287,0.48900442427068685
0.01875556378859894,0.8732812569801265
0.017905838336846475,0.9055968734508475
0.03683482061456572,0.12934910771491656
0.03304013414722018,0.2204179190674542
0.01835269982347751,0.8891671534603087
0.02735564314500727,0.43969646551769975
0.019609033885468197,0.8366139756560158
0.024051237692809257,0.609409441550651
0.053861920071456515,0.0058141685192939045
0.018886221813123993,0.8679229450854705
0.023025474118121503,0.6640405115147332
0.015363159720756636,0.9722941061052761
0.025817499923814713,0.517671246647194
0.027951489510425837,0.4114840657371798
0.018592141065321033,0.8798433467382647
0.02489610424363417,0.5649634921850113
0.023348537955370285,0.6468097872923457
0.035944022196609055,0.147351319313829
0.026361766630522587,0.48957372505338154
0.019052986689648777,0.8609440881075576
0.03785957162093426,0.11090608357860117
0.025728346033577598,0.5221793477337806
0.02614317292923396,0.5013434577454062
0.0318219579147091,0.25837291170144
0.06377395848222467,0.0005590842227565052
0.04319347381146427,0.04652651431380125
0.024576473379896657,0.5816821180827169
0.023108296989137078,0.6596241404462502
0.03880762614715649,0.09583412374142712
0.017763996044566133,0.9105363073473514
0.027099406493112044,0.4522184303841164
0.016796792041593733,0.9404623328105395
0.03701671523418182,0.1259036446284361
0.031125011592989693,0.28220377463435664
0.03060472965544303,0.3010339995883528
0.03362420386847348,0.20382080913147013
0.020879055481824782,0.7759623028471404
0.03248882738956377,0.2370248048930547
0.029299212506723238,0.35231761968712544
0.020436574603924007,0.7977791287991844
0.021122476313603644,0.7637064615326713
0.031383410767381686,0.2731840951572719
0.030773842589435718,0.2948145410293382
0.027563033876361276,0.4297331662938724
0.02771341957547191,0.42260444683696985
0.028052489335403274,0.4068272744646395
0.02009827300955916,0.813994897165953
0.027366160890577737,0.43918748487052023
0.0316365558768113,0.26455882291471233
0.0318435773597493,0.2576587551112121
0.050790970295490845,0.011086842816295222
0.03283359691577514,0.22653082492731805
0.02541349060570175,0.538223268036002
0.03714219444441147,0.12357090121943089
0.027339072112786633,0.4404991814804761
0.024955377383692995,0.5618786420555437
0.04290591251129361,0.04889924223641454
0.034922443429329875,0.17043286750370223
0.02670468503022283,0.4719665425390842
0.020849047949973276,0.7774614432705667
0.0175941376609961,0.9162707376100451
0.036030439288085025,0.1455206411440722
0.01909644447569403,0.8591003396899595
0.017444612457885866,0.9211530048104664
0.02996986653795186,0.3252435240113763
0.05739077852799124,0.002642802628013312
0.03214233646541964,0.24794205263097652
0.034869454430251356,0.17170460884704922
0.022021482244695745,0.7172521221296384
0.02909087050072523,0.3610462673282458
0.01913154632446834,0.8576036659628666
0.035266560805998715,0.16235569767877453
0.036729194145968924,0.13138501012004336
0.02849129407681439,0.38701599330336006
0.027821561201993084,0.4175280614891193
0.02631978339456309,0.4917581018363749
0.033809284233096315,0.19877020641592005
0.04373141839932482,0.04235488449949742
0.026598929913365543,0.47735190038044123
0.024751284171801446,0.5725216307744236
0.018356019523573186,0.8890403055360013
0.015249932614058381,0.9741803304932461
0.01695005023297902,0.9361686844073027
0.04144610732103554,0.06262420620363303
0.02487293845137062,0.5661705346765737
0.021906242907249074,0.7232910493693362
0.01977736162162369,0.828950837270781
0.041846769471335976,0.058562999784844805
0.026906719819911717,0.46178919080889064
0.03321310324971993,0.2153973239844134
0.016377202157361825,0.951334401158806
0.03269767042574612,0.23062456825605473
0.02305160689259167,0.6626471850911657
0.026446889997002065,0.4851640079041243
0.017312768637074483,0.9253273096285143
0.029815132810834866,0.33135230910841124
0.028836343312379803,0.371916162828256
0.031229981426802556,0.2785133083676037
0.01829340651471345,0.8914211259370401
0.0337593636635139,0.20012272108494225
0.022649470775886082,0.6840595662357092
0.030241890502393898,0.31470280601746947
0.022097323547861702,0.7132673221276888
0.031735170937892354,0.2612548077674252
0.02558686624441464,0.5293654658946566
0.028643147598974045,0.3803189128153754
0.024293367059757265,0.5965936411216485
0.03403146622060349,0.19283722523059524
0.022127212456139578,0.7116947852091067
0.034495743027037284,0.18088950000989235
0.034703269578296614,0.17574211838813358
0.02100937493026861,0.7694213875892999
0.021492400496171238,0.7447914598928667
0.021781453861023148,0.7298067882302621
0.03256518342875203,0.23466919689266405
0.014219738021806427,0.987514329700566
0.017996653223755016,0.9023634854940475
0.03329260107411469,0.21311977392386872
0.02730990604378314,0.44191439376163805
0.02756309058464801,0.429730462951373
0.021455324686003086,0.7467013846581019
0.014745824422444764,0.9815356358527708
0.024448256633199827,0.5884245748567316
0.022746805156099448,0.6788839484935314
0.03143449227212819,0.2714268766748561
0.02936641796538042,0.3495343001299862
0.04364029605842612,0.043037748993379824
0.028240378293408364,0.3982607750175934
0.02445312562737123,0.5881681906026375
0.019501187406626985,0.8414539172735844
0.028761864896247158,0.3751399097168535
0.027463412014612998,0.43449996047152567
0.024254648323452255,0.598639485343747
0.02809789409031649,0.4047456224750484
0.022276797241716162,0.703808003031964
0.026399961191442722,0.4875919136967237
0.016918033650454967,0.9370798416306024
0.02884573026924471,0.3715112401795204
0.03007294935014093,0.32121942613071375
0.02529843165864265,0.5441315874842294
0.01985730631592597,0.8252664537120519
0.016581923825163325,0.9461918440537156
0.02678154662020016,0.4680775412161412
0.022620653582203554,0.6855907128052734
0.032989992653358224,0.22189011256214253
0.037732284411307604,0.11307150603281776
0.01768899295075932,0.9130928912645635
0.02021828035322204,0.8082926990404273
0.018019870290763296,0.9015280763916864
0.021746197829266012,0.7316428652112908
0.030757897174633952,0.29539688075944637
0.018383667665332504,0.8879811754840993
0.028034970335666265,0.40763242029240404
0.026714377780478915,0.4714749534451153
0.05010260046289283,0.012746410646305164
0.035604595169389575,0.15472264312114717
0.033321889850157216,0.2122854032339037
0.03350839613928952,0.20703167113323803
0.02299553478548083,0.6656365846003971
0.021237547082708974,0.7578577375453235
0.02414335531253939,0.6045277383555598
0.025698078967733462,0.5237134120389004
0.01796601547179455,0.9034604496725851
0.016612817182622197,0.9453889789009141
0.019756518258069816,0.8299067574915462
0.039853833203310374,0.0812272974663287
0.02362378899370693,0.6321354492632134
0.030273153358476274,0.3135075421078874
0.033446748903544155,0.20875689598063507
0.02574763068625907,0.5212028641035149
0.039283091339981424,0.08894415766927674
0.030767701843198547,0.29503870567409546
0.0269305353636633,0.460599094200921
0.01813303900473867,0.897405302301156
0.036036596900686835,0.1453909023613589
0.03278294344965127,0.22804978084284072
0.02591127238348717,0.512947023108744
0.033130328775790585,0.21778875812698553
0.021891119468966824,0.7240820591773938
0.03454514175159862,0.1796535402688866
0.02723739704977228,0.44544587624296106
0.046706991561731415,0.024668165988545897
0.01748507497287355,0.9198472888541672
0.02368463296418105,0.6288947489913773
0.03668152168041605,0.13231240327579283
0.02791252156291668,0.413290462968749
0.036118430162173365,0.14367557454059235
0.022034552427691922,0.7165659680005367
0.053543621019532195,0.0062273900449840765
0.03299945697136236,0.22161165277718928
0.0177317225311256,0.9116411142253187
0.028997083714195904,0.3650250974645672
0.022130131161758937,0.7115411616215197
0.02753734527341578,0.4309589483721511
0.025033934217063458,0.5577982486578601
0.022957446899319556,0.6676666931640803
0.01825893040099602,0.8927214876333269
0.025129075548568802,0.5528691914104228
0.027831066182096964,0.41708387111532613
0.03267168805108811,0.23141352017766675
0.023281654352744652,0.6503774010002439
0.02256276980230898,0.6886644681737837
0.023602390771358506,0.6332755068535487
0.04449410339275944,0.036999752837066704
0.020280815040862432,0.80529909250044
0.019430476298326838,0.8445967261616492
0.024885594260466104,0.565511014339618
0.04455373008226471,0.03660720758159397
0.036758121855189285,0.1308248579359725
0.02913961697681855,0.3589904026599513
0.04061456650334261,0.0718264325798961
0.03424922843582823,0.18715822970315987
0.02976924003836265,0.3331799489978337
0.02670205285014271,0.47210009714597145
0.019855853020282033,0.8253336828063356
0.05740941530109711,0.0026314713933534534
0.03543048433329732,0.15861734203890018
0.02654395979522972,0.48016687492541305
0.032430744628078545,0.2388287640518875
0.016466353147791435,0.9491329395810694
0.020549807670543208,0.7922577195876936
0.01632596402779196,0.9525731390784311
0.03157446662616592,0.2666551467633552
0.03863863201905271,0.09838803445740263
0.034539263931185005,0.1798002521163311
0.0183859798363204,0.88789238595981
0.01738758667770124,0.9229736141884335
0.023053900461221688,0.6625248910239419
0.018195212512047643,0.8951048515673188
0.023904490475702922,0.6171993209754674
0.019899457688571764,0.8233125400574887
0.021409800485565955,0.7490424472869132
0.021487685486696217,0.7450345117006878
0.03845837743481695,0.10117441340257027
0.034371343770821516,0.18403180920980222
0.035315289935353045,0.16123710878049521
0.023349839679221218,0.6467403556922267
0.02498000157563357,0.5605986110785961
0.031903742094128384,0.2556791836722701
0.016835678022073308,0.9393891844690081
0.03346618267043741,0.20821182952520495
0.021599345185832952,0.7392662719936094
0.028550455339688696,0.38439715938316077
0.021978503646046366,0.7195066642722223
0.027665101719915874,0.42488605905223376
0.02181530467873749,0.7280418640479471
0.03487172761309265,0.171649897551633
0.01701214013572805,0.9343803836031775
0.031424302391069026,0.27177673343895253
0.03266417126750476,0.23164215262422244
0.01974911741694152,0.8302457046116068
0.021097796903355615,0.7649564123603719
0.030767307463430038,0.29505310659675943
0.03501695433186924,0.16818323757152004
0.011092358611072717,0.9996841462007189
0.033796707196293296,0.19911028374007841
0.02255575312674618,0.6890368984059951
0.02536261191412803,0.5408330389190058
0.019277864160726993,0.8512946577336049
0.03169561341212257,0.2625763924746941
0.026764720847205603,0.4689270817810096
0.029772174748638358,0.33306285964765014
0.037458337231730365,0.11785045965595166
0.026919154784677102,0.46116754543436705
0.026175983922460122,0.499287382042094
0.02005129737985223,0.8162112580015203
0.02558405545677872,0.5295086232761623
0.03976712494626816,0.08236194572174103
0.025233752189081637,0.5474629552207484
0.020245832628517535,0.8069755854421321
0.02406545692782336,0.6086554629630722
0.02131092638102272,0.7541109638452904
0.027496150752187587,0.43292954156077645
0.022011715652364483,0.7177646864535192
0.021441372669578074,0.7474193432754483
0.017169095679345825,0.9297350586228238
0.022560410523709717,0.6887896979147974
0.01981688153655159,0.8271330340101286
0.01539583149658491,0.9717333777348806
0.026200745915392343,0.49798562461566825
0.02624821142142142,0.4954964065848854
0.02483098066926065,0.5683586680598325
0.03562053926278752,0.15436986709651113
0.024767050872350593,0.571697368090075
0.01982854580378235,0.8265951851156309
0.01982512425753763,0.826753017734048
0.03428461278926698,0.1862480315292021
0.024800805886630806,0.5699338308899748
0.02518616912282512,0.5499182469849029
0.014660690904343965,0.9826160541193574
0.030121518758102192,0.31933598140763786
0.025320864925542835,0.5429778146745403
0.027085351351926856,0.4529120692348197
0.03005350867570311,0.3219755618360829
0.01789595300600888,0.9059455108377645
0.02006396470691174,0.8156144856015419
0.021624657751400433,0.7379551640679367
0.026334203798417555,0.4910071058869535
0.03966037090034219,0.08377723530044194
0.029221439099848312,0.35555826260304013
0.017677564551912273,0.9134790564443092
0.03244137327553237,0.23849787259822255
0.027755514016024052,0.42062349447014613
0.03667210538471943,0.13249621261730432
0.028764770158137443,0.37501379137669033
0.022761957835024882,0.6780777251937657
0.02741568683099571,0.43679610564233234
0.029620096334300544,0.3391696181966423
0.02007894897882445,0.8149077129343462
0.02063216865018641,0.7882141242661667
0.035725735099325084,0.15205851733455814
0.0201412766780924,0.8119581210268074
0.024708024302465798,0.5747848991942335
0.020264611871266713,0.8060761904712868
0.0189140937017762,0.8667673341852158
0.02410652790083112,0.6064785560268684
0.02957598235540493,0.34095598194284615
0.022091475008719635,0.7135748915437713
0.03305181468554186,0.22007605620107837
0.02421301311468227,0.6008410049743885
0.02609854238710374,0.5035676247313574
0.02310276769392322,0.6599190199611915
0.028310945739671745,0.3950757430995514
0.02358394735235625,0.6342582660740659
0.02307724634171615,0.6612800162220933
0.03356135522447801,0.20555847917638156
0.05235269649325747,0.008022428186797841
0.025119475916798417,0.5533658767235485
0.03838968614221383,0.10225338690135043
0.029838293734329557,0.3304326973815647
0.01820532017481006,0.8947285093502388
0.01602196046712448,0.9595255864622778
0.026211262346754194,0.4974334255114305
0.0467086238750386,0.024660611637968802
0.030735809479583542,0.2962049442053675
0.025769741805078517,0.5200841729851505
0.022658201112473297,0.6835955856767632
0.020991078954960884,0.7703425945150792
0.017054965907995323,0.9331305904358536
0.022975226544576843,0.6667190810534027
0.025938479774375134,0.5115797297058899
0.038968837145476665,0.09344967592518254
0.02706989761437223,0.45367554456123466
0.02251901507605003,0.6909862420533004
0.02019618946125057,0.8093466147302891
0.028537236973648628,0.3849812102701711
0.027920054273824824,0.41294085530959806
0.047128371548875836,0.022784751730591857
0.027413700014679965,0.43689187125530266
0.01989153887543349,0.8236802021209964
0.025341659878832967,0.5419090813927784
0.01906231484126364,0.8605491932995111
0.043367669813002996,0.045138267285087665
0.025316884747419666,0.5431824570962781
0.017197342923334302,0.9288801534193136
0.02624136690299067,0.4958548581385047
0.0341489609072535,0.18975649381423199
0.026401239906999385,0.4875256543599599
0.026454407930669832,0.4847757884601836
0.022883749094705697,0.6715934561869115
0.028411078822419,0.3905865810097971
0.014122727857007744,0.9884426932025397
0.02264425512424667,0.6843367318637616
0.039809973931620224,0.08179957256813977
0.02368580411829091,0.6288323852439341
0.0421890462878762,0.05527469073272458
0.017544469613299668,0.9179098288240322
0.03391231082750362,0.19600151739100233
0.022538941250647038,0.689929080623912
0.01826471960026138,0.8925036591155205
0.02403901044499812,0.6100579183072121
0.055833755254940165,0.0037655445599619904
0.026674867740888453,0.4734808913218721
0.028674655600270382,0.37893954134110386
0.023772332600402457,0.6242264867286651
0.019106830652553697,0.8586581828253814
0.036052042478255886,0.1450658811202202
0.03894291287255086,0.0938297351487987
0.01676880905341971,0.9412277265093929
0.036930233523522205,0.12753229959173365
0.015327843667538449,0.9728919011900439
0.020293392961150417,0.804695175063964
0.017166516865233405,0.92981282057715
0.03614713528582314,0.14307777653304243
0.027978884619409894,0.41021737431364935
0.021872453113766066,0.7250578734693223
0.03360365136657589,0.20438778810827102
0.025719856163332167,0.5226094683035879
0.015224593009291021,0.9745904212162311
0.011638173837688837,0.9992457842488522
0.0398071922108002,0.08183598281267727
0.03276397374725132,0.2286206423004974
0.022631999494327593,0.6849879374247443
0.04648167833316619,0.025730797115346093
0.019610405849014967,0.836552047852197
0.03912256007788323,0.09122241317862478
0.038345678061695754,0.10294966378674038
0.04103391622576158,0.06705133268959791
0.02141173097999638,0.7489432650969874
0.03426327829621045,0.18679640347259915
0.023191816480721772,0.6551695298125039
0.02322223153628189,0.6535471551363468
0.03491989035661308,0.1704939689344373
0.051745509333020884,0.009108294598896246
0.031364838497840886,0.2738250934919333
0.04433713283803331,0.03805080046653858
0.02297048848539851,0.6669716177274172
0.031177156123148975,0.28036598257593937
0.02161100628698176,0.7386624208035867
0.03543648497799612,0.15848181615223597
0.023244039805219163,0.6523838538089297
0.017183738446002628,0.9292926106582966
0.029864524907419976,0.32939340782841886
0.02498625066539406,0.5602739114004677
0.043639245683354255,0.04304567592330781
0.017649140425961718,0.9144356050619176
0.021669407865552492,0.7356342298477161
0.025060089589691664,0.5564417821651885
0.030932784361123955,0.289056154639254
0.022203890186734243,0.707655349446866
0.04358446501822355,0.043460856121761225
0.03201722489337622,0.25197667526526635
0.01858072407536765,0.8802958550960346
0.027828728342506714,0.41719309408312577
0.0295488660200115,0.34205738172457095
0.026022228184262808,0.5073807801233589
0.0234061934607126,0.6437347320016316
0.019829305790527108,0.8265601206485543
0.02438878491244123,0.5915582271148754
0.03149599673858794,0.2693223625890721
0.030059736368675205,0.3217331981433355
0.028142345195840357,0.40271479081296147
0.02206410420103444,0.7150136847298907
0.023940738154267727,0.6152737830079278
0.032487514397443906,0.23706546882646792
0.03843348972010663,0.10156423925290964
0.0398500506472077,0.0812765187328375
0.021400828645196046,0.7495032808165689
0.03987333964496598,0.08097386511748347
0.02426201655942878,0.5982500477848618
0.019987970156658097,0.8191847449664666
0.01890980557531252,0.8669454111703171
0.018220790809635568,0.8941512166259148
0.020298641834885944,0.8044429788190375
0.017370383022856553,0.9235183420349509
0.028244309504374954,0.39808287674399984
0.03551509895718408,0.1567148731078836
0.02159538927567836,0.7394710615853616
0.024393157372205154,0.5913277068639959
0.018651378491798765,0.8774829737158601
0.03381969389616468,0.19848907814172717
0.028970294962739507,0.3661672512825963
0.016442926301269756,0.9497171107130254
0.030598431432382722,0.30126747994374636
0.03243426773222441,0.23871904377267178
0.029022970993662356,0.36392376992609826
0.02017479634258318,0.8103654263504924
0.02892316184723176,0.36818291309301526
0.02479505382594105,0.5702342385262649
0.030070866475435165,0.32130037679112233
0.02196768273311059,0.7200738731118912
0.01741984423665728,0.9219465791233199
0.01706435596309963,0.9328547796944237
0.030567723241307077,0.30240776652766516
0.017496763370208612,0.9194679651305543
0.025455098412408506,0.5360924818869511
0.02774361219607191,0.4211829502166477
0.02392384409184778,0.616171117917784
0.030298901960925884,0.31252559459770446
0.03084407598445016,0.29225965158882866
0.032510453363972514,0.23635580701503947
0.023354122288058443,0.6465119302204061
0.02816045834160541,0.4018892712988312
0.02451844556678262,0.584731241132092
0.045152891847331844,0.03286062370757719
0.019281681020658747,0.8511285855781376
0.025377846169465812,0.5400511316298787
0.01866398159710747,0.8769780970277066
0.025126001840272666,0.5530282091092702
0.020403733658904744,0.7993720401086035
0.024073955414823822,0.6082049034182788
0.01525650358597061,0.974073271831982
0.03269847714326418,0.23060010548954327
0.017092739383028355,0.9320171996878478
0.037383040482848684,0.11919274964935604
0.032423079528790144,0.23906761196859755
0.02706929257160906,0.4537054533929027
0.01733741754912327,0.9245562759627448
0.04020988618041632,0.07670537936233796
0.029608385506879276,0.3396431831923849
0.024987615675218178,0.5602029939814726
0.03238565567641272,0.24023637876614706
0.015214886947160555,0.9747463435471505
0.04187116522435086,0.058323191192509366
0.031040094518567596,0.285215780477767
0.029445745463347384,0.3462691692221947
0.029151314796469263,0.35849828820114016
0.02427116651299449,0.5977665117326032
0.026723057895604696,0.4710350066100775
0.029716005660485545,0.3353090520529268
0.01678496374839389,0.9407865626116986
0.021800510328143563,0.7288134575428562
0.034517031143828425,0.18035604671363314
0.045707834814853576,0.02969531235097233
0.03689895147469591,0.12812564333264623
0.017122618562671055,0.9311291825415123
0.025830063913714868,0.5170372316935095
0.03782676655073025,0.11146085991509443
0.015521897277981478,0.9694999601054557
0.027430858961533633,0.4360652654509911
0.022159394947567357,0.7100002842494046
0.02065018619561687,0.7873265313007836
0.01880406358254283,0.8713037031759817
0.030756149499942154,0.29546075889803264
0.02314743869452529,0.6575365704202919
0.023276433138690045,0.6506559125802084
0.02681001347392853,0.46664253645482606
0.023351376540063695,0.6466583825175614
0.018962465631871595,0.8647514162686136
0.01740998133736349,0.9222613808927672
0.025322480105918643,0.5428947773708981
0.039238468171242435,0.08957260527652791
0.03180343114319195,0.25898609684540047
0.0365408071035358,0.13508096484778923
0.014232321629952915,0.9873901101821907
0.02765709802709404,0.42526480430856034
0.024533717829335222,0.5839283622797995
0.025689074612052498,0.5241701390145594
0.017522980552448275,0.9186136552228835
0.016916924898355057,0.9371112614970588
0.030337015857294425,0.311076211828087
0.026833251348380882,0.4654732654814991
0.02097118584783403,0.7713431562525161
0.038969724001295614,0.09343669711447983
0.01725209332762645,0.9272068071321785
0.021654383011669165,0.7364139091945359
0.02302303577937928,0.6641705086145323
0.013584688555822622,0.9927100988103069
0.05188777783096271,0.008842540468267178
0.022014153211209586,0.7176367727934756
0.02421788404720554,0.600583365345051
0.039209801941621325,0.08997828609684108
0.029118733636501137,0.35987013181858957
0.03759351851293524,0.11547186278153568
0.0351086879873983,0.1660224345831323
0.02267864098818617,0.6825090976469579
0.03740712972411209,0.11876195738769234
0.04150174834103129,0.06204619047252062
0.029503880388008996,0.34389020888917526
0.02319286065497339,0.6551138332220249
0.031016626586464507,0.28605238583727666
0.03901841892174712,0.09272637599125622
0.0217347375051003,0.7322392267605213
0.03494741135617263,0.1698362416829945
0.03461468408771251,0.17792493756828556
0.030815058380690985,0.2933132359661842
0.02169885339476152,0.7341049971749257
0.0211573540702783,0.7619372812325904
0.027472695853491103,0.43405424268287846
0.027984646183452755,0.40995131179775995
0.023185344668001817,0.6555147366636231
0.04018162931854874,0.0770562893302437
0.021383081142926974,0.7504143403411487
0.020968251537827554,0.7714906487702032
0.024245486567338825,0.5991237880742917
0.01602196943867565,0.9595253912841333
0.013740856390143108,0.9916174488702693
0.02261104781502815,0.6861009688038395
0.026980552988996043,0.4581062316684926
0.02020271355579084,0.8090355596631393
0.04552406289692401,0.030712423893313984
0.03001368125480164,0.3235286643230896
0.027927929806132568,0.4125755526627339
0.017100398488047286,0.9317901843170548
0.0191497583832842,0.8568245413919306
0.04356782581055135,0.04358765120912526
0.031054112314400917,0.28471693000025705
0.01968499335174495,0.8331720583431513
0.01965251318797323,0.8346471073452053
0.019811110293385836,0.8273989280570057
0.032854312987102674,0.22591185778762785
0.017959529517567185,0.9036918759326759
0.024543567877962857,0.5834106794383391
0.02956737662305131,0.34130525006226153
0.019390374027382806,0.8463681257535534
0.03141724406538293,0.2720192702080914
0.03091062763021507,0.2898538441952095
0.02644601038141492,0.48520944361256374
0.04375726516821976,0.042162915095611604
0.019512877466841827,0.8409319907060293
0.0207055359318572,0.7845932572998999
0.01731891643535377,0.9251354075514331
0.019907756294404416,0.8229269542862183
0.039089303289356836,0.09170045668450762
0.03262666577556317,0.23278552208349976
0.06021057988645606,0.0013577847624094465
0.02098064497611546,0.7708675298811488
0.020674815515842937,0.7861115107310891
0.05521575954803648,0.00432200681994231
0.02801928853233604,0.4083540573390652
0.030163951645109432,0.3176970861022799
0.023087709860278305,0.660722034354904
0.035633185396909406,0.1540905215933089
0.03487178046017492,0.17164862578548193
0.029776989662452236,0.3328708180238041
0.016130625960014057,0.9571183550750058
0.02706424815120606,0.4539548630325906
0.03176280060124975,0.2603347031351645
0.02983748848955492,0.3304646389216177
0.020484545423226252,0.7954454644387101
0.02969398455902006,0.33619264136803645
0.01781708428360057,0.9087035257598848
0.0305748566870665,0.30214259792447157
0.031081840727256838,0.2837320714769921
0.037462197069193626,0.11778198829143113
0.028801591755686085,0.37341792998112433
0.03013122121309031,0.31896070000923943
0.04418614095403817,0.03908633474946675
0.017582723934134153,0.9166489206539958
0.028772992568850797,0.37465701506045523
0.01963490502681209,0.835444712151962
0.02910005483680944,0.3606582855508497
0.016100194686511693,0.9578012065896152
0.03399926455304003,0.19368838713503772
0.029818546781961053,0.3312166403659718
0.018637895520464742,0.8780220542891114
0.018044160576345725,0.9006502453426556
0.039450906394494334,0.08661377426745039
0.031683662374068666,0.2629766562328038
0.04410158257978136,0.03967693121655868
0.037806270143826815,0.11180864376978893
0.018395991581195537,0.8875075415380427
0.026072083333236573,0.5048882660662926
0.018266414458542657,0.8924398468584654
0.030910175935771167,0.2898701231070252
0.032798845408962884,0.22757208372342855
0.03884521022299248,0.09527372778035739
0.035621888881493646,0.15434003542067282
0.023058287004615652,0.6622909954862555
0.036602714460641006,0.1338571786675337
0.030196186393372515,0.316456175134885
0.05067117029933099,0.011360834868256252
0.02512943273828183,0.552850713254434
0.020137224238767182,0.8121503718023368
0.02503592156439216,0.5576951439398092
0.03110048988954406,0.2830711166771735
0.023558798639668588,0.6355984969421091
0.023298572554192987,0.6494749506294677
0.019436194547833296,0.8443434883912797
0.02021853582207689,0.8082805000152372
0.01948074896405072,0.8423648365829456
0.02934911024029413,0.3502495973153657
0.030513366574037137,0.3044339648356828
0.022713501489096066,0.6806554703552401
0.019824902380608966,0.8267632509171767
0.026886342531954543,0.462809079521387
0.01801025064019257,0.9018746478375061
0.03084950806273279,0.2920627327387152
0.02755547753944909,0.43009348729274355
0.018775265441282912,0.8724795728496592
0.03117787058263377,0.2803408641215882
0.02115145316027811,0.7622368267921884
0.028976333517415354,0.3659095742174241
0.02303231709468445,0.6636756786543242
0.022699135199611892,0.6814194551994843
0.01754555147158371,0.917874309670548
0.03516915860863262,0.16461020793476877
0.03693498983202359,0.12744228129395196
0.026668389812749216,0.4738103087693023
0.034772082722162645,0.17406122772882768
0.0181989754947548,0.8949648197425162
0.04248424718800181,0.052567496980172324
0.029096756814079083,0.3607975727715877
0.027519291327642192,0.4318218367811391
0.02771354897972128,0.42259834742999963
0.026095377321964097,0.5037255213640386
0.04746055682721728,0.02139118536126818
0.038259649494241654,0.10432215523076765
0.021761262950938554,0.7308585654019883
0.04173659290178389,0.05965659665929713
0.025217759699381892,0.5482877495680918
0.0495918375748674,0.01411900031583055
0.02114148241254965,0.7627427641830125
0.021017553522726384,0.769009293272691
0.022432749274587493,0.6955591024910199
0.03084335579562955,0.2922857666041307
0.0408548745792533,0.06905590415578212
0.01972283119175197,0.8314475672291235
0.03674820603698736,0.13101664643238536
0.02208274354240103,0.7140339861772116
0.020906855497041632,0.7745710779139074
0.021924115648891906,0.7223557776283682
0.021695225151858955,0.734293514292924
0.02330295986533326,0.6492409245523727
0.028350946133745336,0.39327818489486815
0.03190634033225004,0.25559395505705124
0.021469533185384804,0.7459697950529482
0.04318851031082338,0.04656660717595102
0.018211700704846234,0.8944906032487184
0.027642225666936637,0.42596919061685945
0.018372371776937013,0.8884144690064701
0.020329455832165305,0.8029603560056633
0.024553925765211815,0.5828664296789892
0.029028897742171544,0.36367195767038996
0.01778438206619959,0.9098347799674869
0.02292665026907531,0.6693078353149198
0.01800331902570873,0.9021239974520034
0.04558118379325038,0.030393044557235682
0.04425003147119688,0.03864519544973338
0.03525571020523938,0.16260561977470706
0.017429107098431484,0.921650303551657
0.024320462334739834,0.5951628298269562
0.02075955603307389,0.7819162209181321
0.03484051911171754,0.17240224214401964
0.024373503425060172,0.5923640393812586
0.03323056851911743,0.2148953467604318
0.028091117458926562,0.40505584242366505
0.02575732434892164,0.5207123022360097
0.039478338937819824,0.08623775272180206
0.04467783069564757,0.035801872345703964
0.025287443826558897,0.5446970223754473
0.028551415055883156,0.38435477856173683
0.047035007827792685,0.02319067409733274
0.04520564986031661,0.0325474505758773
0.022708470427386773,0.6809230313011234
0.03497539027285901,0.1691696454801084
0.02828588885548955,0.3962046523180773
0.018461926682070362,0.884957525451598
0.027511761311779348,0.43218207764866307
0.018312076099045227,0.8907138100415029
0.03565797391775838,0.15354413838858935
0.022315190875495605,0.7017795460500406
0.016112017601188966,0.9575367170524824
0.017123579709230285,0.9311005098979698
0.02774780927823295,0.4209856049617801
0.02234292924992043,0.7003130601805188
0.015842560194051225,0.9633112700231745
0.014146408460146032,0.9882208186285248
0.016097095830681696,0.9578703614255067
0.01755023477415485,0.9177204550653469
0.020429591828825977,0.7981181435997756
0.04817009191461297,0.018665752157015388
0.03788258731339533,0.11051822293116094
0.027048922076913007,0.45471318239161723
0.052020588066395756,0.008600825956445977
0.015424826300753813,0.9712295394713331
0.03585135934250505,0.14933494025739047
0.015882887984585703,0.9624806519459328
0.049175824396229695,0.015333617223598718
0.025077086335792725,0.5555608702807592
0.01908814279409743,0.8594533381163245
0.034990723686757375,0.16880521365503834
0.029194256191940604,0.35669589180367467
0.022792672146871862,0.6764431436794243
0.024959711274330165,0.5616532892519189
0.03444346463756898,0.18220483169004661
0.03780495342652879,0.11183101650632457
0.018329223571172504,0.8900622240752233
0.017685763197366255,0.9132021155932455
0.02076906484638663,0.7814440525996046
0.03364313086531934,0.20329975976509976
0.042300540185794655,0.05423843378105813
0.01720922918412432,0.9285186997200563
0.022453289131212695,0.694470900270197
0.022754329407479457,0.6784836240052343
0.027080572918739887,0.45314805154754995
0.029721916790539926,0.3350721547885986
0.0165586629394526,0.9467917129728411
0.03449796954950657,0.18083364773951566
0.02185936503221697,0.7257417389610052
0.0328385285308983,0.22638335684481134
0.02534736030527507,0.5416162460283045
0.030921654503043294,0.2894566496035686
0.021501577963696006,0.744318240353399
0.024062713725310325,0.6088009098179988
0.026467534993330655,0.4840984005993239
0.027540659256832023,0.43080068286483775
0.018692156100185153,0.875846038889001
0.0182486005335758,0.893109636803263
0.026245183844531006,0.49565494210359395
0.012247564236783415,0.9982654826458732
0.02856837738651119,0.383606263584894
0.023577653574151758,0.634593656572524
0.02635826687249554,0.4897555772593338
0.03075265965855034,0.2955883443734069
0.03370145725413348,0.2017006100174561
0.033497385961238524,0.20733897804056028
0.019797666576533257,0.8280177365617967
0.02334402950265635,0.6470502612372424
0.02155683293079827,0.7414654143324575
0.024992725047296438,0.55993756776525
0.02229215142158414,0.7029969857994589
0.02260561568965308,0.6863894929279128
0.021961306697554056,0.7204080092328947
0.028873763617168757,0.3703038178746403
0.015101120251496458,0.9765264266150946
0.023715716306303092,0.6272397698996527
0.02562511045332816,0.5274191296377326
0.016393135241718995,0.950945256657393
0.015902205857337454,0.9620785917433818
0.043514245224364645,0.04399813628078133
0.024847270975991376,0.5675088200653073
0.02408177752371876,0.6077902531408539
0.025135693545865312,0.5525268621637123
0.023503926879384573,0.6385233832365169
0.026160695980278592,0.5004713912316048
0.026712186908083135,0.47158603905175017
0.03930050933253226,0.08869985854995925
0.018662751287397472,0.8770274243094427
0.01930673407668282,0.850036664115176
0.028325088579267632,0.3944395366715128
0.01900527536373159,0.8629564526189697
0.017075776115291985,0.9325184784249687
0.034564104242460036,0.1791808783660025
0.026292001745116367,0.4932070164677437
0.013735286184211534,0.9916583832689297
0.02195584886661961,0.7206939783129518
0.022339163280741592,0.7005122083591396
0.02098491837971589,0.770652571036389
0.02564062839758452,0.5266301847171421
0.036598257510891186,0.13394498089119794
0.04686702971432477,0.023937190494472165
0.03815132967025192,0.10607185886203231
0.020682539541536954,0.7857300621262282
0.027205242401872887,0.4470179460477583
0.020050469250776803,0.8162502492164235
0.03271383391921778,0.23013480933649608
0.02975008909736443,0.3339447637169171
0.04054716833656946,0.0726202228343756
0.027383389781172385,0.43835458801764926
0.017890262655031797,0.9061459019016259
0.025904018743968193,0.5133118115851156
0.022168334155583058,0.7095293767538827
0.02503141964923916,0.5579287146010039
0.021011450732290216,0.7693168117610942
0.03339720439846483,0.21015151649055264
0.03267340370856031,0.23136136059392834
0.02117817383352616,0.7608797042778727
0.029369647841166968,0.349400930599273
0.01559162495906212,0.968216627708003
0.026122710452749942,0.5023626654308571
0.02057490691079078,0.7910278590190347
0.03735403585978325,0.11971314921596432
0.03779346893696234,0.11202630980455151
0.02401716975354884,0.6112165272712757
0.02277346072089509,0.6774656122455721
0.03455106193747737,0.17950586686846723
0.03184271994509069,0.25768704970574435
0.01815520903617851,0.896587864567852
0.01655024927690968,0.9470077085420716
0.03377562655977828,0.19968131620912602
0.04475529744349138,0.035307062680278785
0.021883469944708134,0.7244820181655585
0.043705185349882214,0.042550500107420265
0.017339095295232226,0.9245036378182487
0.026648451575417287,0.4748251521326416
0.027069827334587238,0.45367901860604404
0.029830806864959536,0.3307297640682625
0.017572610831090407,0.9169832518162456
0.02068335641173713,0.7856897099982475
0.036341313642023976,0.13908666249740356
0.03514445387270704,0.16518599576006063
0.022154309005287254,0.7102681613074446
0.03560242217094556,0.1547707726568552
0.031245834520254145,0.27795909921923756
0.022973377991036936,0.6668176090355582
0.028338874974848105,0.3938200472259609
0.04312554027107307,0.047077855900430295
0.02179568827973516,0.7290648689428508
0.024100526006282125,0.6067965934850548
0.046782063925068396,0.02432284473892515
0.02345435026147906,0.6411666706779365
0.02892832811708068,0.3679615953668644
0.020183492465643882,0.8099515042574164
0.041446969193224326,0.06261521781012183
0.032135838864144395,0.24815037208951995
0.03038729977446397,0.3091715589020181
0.014817082636229162,0.9805963130939993
0.026270166162658648,0.49434774569499407
0.025101051314314282,0.5543195789532682
0.036809469775365256,0.12983536718023353
0.01645209568876871,0.9494889452129782
0.019379414215800472,0.8468508457039965
0.02869399570593778,0.3780945961995737
0.02794862245260943,0.4116167867766705
0.02688731453448734,0.4627603968848096
0.05812552352280287,0.002228623355642566
0.034402789498666486,0.1832334486405099
0.022879533977016253,0.6718179839979137
0.020667669670270894,0.7864642344034801
0.020926891692389038,0.7735669899456812
0.023732088462439238,0.6263682382346666
0.03323541370148225,0.2147562500902611
0.024190694565889292,0.602021779708539
0.034937675275960256,0.17006869371635958
0.03507250759121272,0.1668720067704878
0.04106320768037908,0.06672815010891106
0.033596873847689,0.20457502827744597
0.03243440326467717,0.23871482364598637
0.04070042269206031,0.07082593698689264
0.02665412343721918,0.4745363138739304
0.023926321102229642,0.6160395387936999
0.031193391505294543,0.2797956046062985
0.03842210672217128,0.10174295161053684
0.024078835955085087,0.6079461801382078
0.01969259688256514,0.8328260485823218
0.029097686556893758,0.360758302574528
0.024003359254157808,0.6119493306355437
0.0347057364871336,0.1756816374856422
0.02775318903083046,0.42073274280522677
0.04254161151488434,0.05205490977185578
0.015180558421051482,0.9752926795248357
0.020529343698010294,0.793258865350527
0.012392679541965657,0.9979240127978456
0.03120062965934378,0.27954159435698017
0.027347302465913603,0.4401003731083468
0.027476677621525836,0.4338631719665417
0.05488675716831237,0.004648150645007404
0.028683196214010442,0.3785662498935878
0.039632649437474354,0.0841480843427155
0.023378022670691223,0.6452371692143135
0.0208316855244427,0.77832762239967
0.031244841112069377,0.27799380363519566
0.02176756515953665,0.7305303496752411
0.029665785237364878,0.33732657408485633
0.016991207246534717,0.9349864238156207
0.023723038012900544,0.6268500013838477
0.026776264693903873,0.46834411924692326
0.03927024531147005,0.08912469348401009
0.022160790304814493,0.7099267849704396
0.030298124687981876,0.3125552037194696
0.021458978928322825,0.7465132708188795
0.022956268639605037,0.6677294880394983
0.027383405597335764,0.43835382390314936
0.020204058871549246,0.8089713972280526
0.016548439285481442,0.9470541064407335
0.017289888112802854,0.9260391520637445
0.036692458959735386,0.13209916498228433
0.04649550298055294,0.025664448746178008
0.025871740825032796,0.514936403666348
0.02051243778518652,0.7940848578713038
0.016227297763776106,0.9549040271408238
0.02215404782708086,0.7102819167088259
0.027683768467932607,0.42400361173835394
0.0250028118957909,0.5594136831783451
0.026731404519329427,0.4706122159164637
0.019932930096479617,0.8217554709466159
0.0160604169345277,0.9586835540502158
0.02472551653984334,0.5738694434297336
0.027350795363033864,0.43993119506613826
0.028692761156227847,0.37814849272119483
0.036038630779999414,0.14534806978987524
0.019815573491969607,0.8271933114795462
0.023708786286245287,0.6276087096812735
0.020977319386967563,0.7710347767189136
0.01194611393876488,0.9988319502213229
0.021893510967434554,0.7239569994025796
0.019413092295730627,0.8453655964424405
0.03825311166461176,0.10442707757484136
0.03267246717327815,0.23138983211051553
0.04182628053070503,0.058765058006001264
0.019257351873067985,0.8521858623108169
0.028977336201692516,0.3658668000843302
0.03397909765972895,0.19422294445382765
0.025810146537512624,0.5180424683332632
0.04515191064307861,0.03286647314372745
0.0261322967430635,0.5018850710694572
0.01896366040667269,0.8647014584344449
0.03128593336407809,0.2765609567915215
0.018016887836743378,0.9016355919037864
0.0469966011619426,0.023359511729196036
0.02927618334977128,0.35327499420286546
0.02838231304628913,0.3918725697459603
0.02496504643950126,0.5613759107871549
0.026049261301387544,0.5060285920886095
0.019170690684310876,0.8559268633273842
0.02206646021724301,0.7148898768313879
0.04335618855258483,0.0452286472131163
0.01802024970180094,0.9015143946661667
0.02774393388230667,0.42116782242659434
0.03270480034700518,0.23040843077723674
0.02282755590912483,0.6745860929910585
0.026942544989768225,0.45999972375513476
0.03268313006874868,0.23106582953370097
0.014361897705699456,0.986059149991059
0.03183100237327774,0.2580739637440054
0.038340283770760375,0.10303528046569789
0.020088469644322315,0.8144581711344434
0.030537705710514562,0.3035254704492207
0.028837680559285886,0.3718584594322422
0.04534134718968741,0.03175396149712669
0.04549106058498659,0.03089829245120624
0.03322638143846868,0.21501560676906314
0.022926890153669888,0.669295053204441
0.035694371456528096,0.15274469928574125
0.04126993142952784,0.06448485275507877
0.02361236206675099,0.6327442343488234
0.02499601685968955,0.5597665826689614
0.024537010889105204,0.5837552783330716
0.021450583446338434,0.7469454121226482
0.041409673029194516,0.06300518732123042
0.03293430058515909,0.223534165660522
0.01804893823869791,0.9004771277582629
0.02825816321000607,0.3974563950667586
0.018887219225118157,0.8678816664620197
0.025495935652276536,0.5340042172432171
0.02015990469447143,0.8110735549156167
0.04584734710697069,0.028943096898698575
0.03920634180506766,0.09002735756390061
0.025061399083070368,0.5563738973324983
